0.9900   0.0000   0.0100
3.750 -8.750 -8.250 -0.663 -0.835 -1.034 -1.246 -1.461 -1.672 -1.868 -2.027 -2.117 -2.107 -2.002 -1.834 -1.626 -1.408 -1.155 -0.875 -0.572 -0.234  0.136  1.750  2.250  2.750  3.249  3.745  4.191  4.239  3.619  2.741  1.752  0.720 -0.307 -1.158 -1.885 -2.885 -3.884 -4.882 -5.879
3.800 -8.400 -7.900 -0.423 -0.470 -0.560 -0.691 -0.846 -1.014 -1.173 -1.297 -1.364 -1.350 -1.257 -1.114 -0.923 -0.733 -0.506 -0.273 -0.026  0.246  0.525  2.099  2.599  3.099  3.598  4.086  4.439  4.190  3.458  2.557  1.556  0.521 -0.489 -1.317 -2.085 -3.084 -4.084 -5.082 -6.077
3.850 -8.050 -7.550 -0.388 -0.384 -0.381 -0.384 -0.409 -0.460 -0.523 -0.576 -0.599 -0.572 -0.498 -0.378 -0.228 -0.065  0.132  0.339  0.555  0.790  1.039  2.449  2.949  3.448  3.946  4.409  4.569  4.074  3.289  2.369  1.359  0.322 -0.669 -1.472 -2.285 -3.284 -4.283 -5.281 -6.275
3.900 -7.700 -7.200 -0.389 -0.378 -0.358 -0.315 -0.242 -0.142 -0.041  0.048  0.121  0.189  0.266  0.361  0.479  0.603  0.762  0.935  1.120  1.320  1.533  2.798  3.297  3.797  4.288  4.685  4.568  3.931  3.115  2.179  1.161  0.123 -0.846 -1.625 -2.485 -3.484 -4.483 -5.479 -6.473
3.950 -7.350 -6.850 -0.391 -0.382 -0.362 -0.317 -0.224 -0.064  0.163  0.419  0.650  0.828  0.955  1.062  1.159  1.261  1.382  1.517  1.666  1.837  2.026  3.146  3.645  4.143  4.618  4.863  4.480  3.777  2.937  1.986  0.963 -0.077 -1.020 -1.775 -2.684 -3.684 -4.682 -5.678 -6.669
4.000 -7.000 -6.500 -0.391 -0.384 -0.368 -0.329 -0.241 -0.075  0.183  0.523  0.889  1.218  1.461  1.628  1.752  1.855  1.957  2.058  2.184  2.325  2.487  3.492  3.991  4.485  4.912  4.910  4.352  3.618  2.757  1.791  0.765 -0.276 -1.191 -1.922 -2.884 -3.883 -4.881 -5.876 -6.865
4.050 -6.650 -6.150 -0.385 -0.379 -0.366 -0.333 -0.255 -0.100  0.158  0.512  0.927  1.354  1.725  2.009  2.206  2.340  2.446  2.548  2.652  2.771  2.905  3.837  4.334  4.815  5.128  4.852  4.209  3.454  2.576  1.596  0.566 -0.472 -1.360 -2.085 -3.084 -4.083 -5.080 -6.074 -7.060
4.100 -6.300 -5.800 -0.377 -0.372 -0.361 -0.334 -0.269 -0.132  0.105  0.442  0.861  1.318  1.769  2.170  2.470  2.687  2.840  2.961  3.070  3.180  3.302  4.178  4.671  5.119  5.222  4.741  4.060  3.287  2.393  1.400  0.368 -0.657 -1.525 -2.284 -3.284 -4.282 -5.278 -6.271 -7.254
4.150 -5.950 -5.450 -0.369 -0.359 -0.348 -0.325 -0.270 -0.152  0.055  0.363  0.763  1.221  1.711  2.179  2.585  2.902  3.127  3.287  3.421  3.540  3.662  4.513  4.996  5.361  5.198  4.607  3.908  3.118  2.208  1.203  0.169 -0.841 -1.686 -2.484 -3.483 -4.481 -5.477 -6.467 -7.446
4.200 -5.600 -5.100 -0.373 -0.359 -0.341 -0.315 -0.265 -0.162  0.019  0.297  0.671  1.121  1.616  2.121  2.591  3.006  3.325  3.551  3.717  3.863  3.994  4.837  5.297  5.498  5.105  4.466  3.754  2.945  2.019  1.006 -0.031 -1.023 -1.845 -2.684 -3.683 -4.680 -5.674 -6.662 -7.637
4.250 -5.250 -4.750 -0.375 -0.362 -0.342 -0.312 -0.258 -0.159  0.006  0.256  0.606  1.038  1.531  2.040  2.551  3.033  3.440  3.748  3.972  4.154  4.307  5.140  5.546  5.515  4.981  4.321  3.598  2.769  1.828  0.808 -0.230 -1.203 -2.000 -2.884 -3.882 -4.879 -5.872 -6.856 -7.825
4.300 -4.900 -4.400 -0.370 -0.358 -0.338 -0.309 -0.258 -0.164 -0.004  0.236  0.570  0.991  1.479  1.991  2.516  3.038  3.507  3.894  4.184  4.411  4.587  5.402  5.705  5.446  4.846  4.174  3.439  2.591  1.635  0.610 -0.429 -1.379 -2.153 -3.083 -4.082 -5.077 -6.068 -7.049 -8.011
4.350 -4.550 -4.050 -0.364 -0.351 -0.330 -0.297 -0.246 -0.159 -0.011  0.225  0.560  0.989  1.468  1.979  2.509  3.042  3.559  4.008  4.359  4.637  4.840  5.591  5.753  5.335  4.706  4.025  3.277  2.410  1.439  0.412 -0.629 -1.553 -2.302 -3.283 -4.281 -5.275 -6.264 -7.240 -8.194
4.400 -4.200 -3.700 -0.362 -0.346 -0.322 -0.282 -0.226 -0.140 -0.002  0.222  0.558  0.988  1.470  1.989  2.527  3.068  3.613  4.101  4.506  4.826  5.058  5.687  5.712  5.206  4.565  3.875  3.112  2.229  1.244  0.213 -0.821 -1.724 -2.484 -3.482 -4.479 -5.473 -6.458 -7.429 -8.373
4.450 -3.850 -3.350 -0.363 -0.348 -0.321 -0.274 -0.202 -0.102  0.042  0.266  0.594  1.026  1.512  2.033  2.571  3.119  3.675  4.188  4.630  4.975  5.242  5.711  5.624  5.071  4.422  3.724  2.944  2.045  1.048  0.014 -1.009 -1.892 -2.683 -3.682 -4.678 -5.669 -6.652 -7.616 -8.548
4.500 -3.500 -3.001 -0.361 -0.350 -0.329 -0.283 -0.203 -0.082  0.081  0.308  0.636  1.063  1.554  2.082  2.624  3.184  3.740  4.263  4.725  5.093  5.369  5.711  5.518  4.934  4.277  3.570  2.773  1.858  0.851 -0.185 -1.195 -2.057 -2.883 -3.881 -4.876 -5.865 -6.844 -7.800 -8.718
4.550 -3.151 -2.652 -0.358 -0.345 -0.326 -0.287 -0.210 -0.083  0.103  0.364  0.710  1.136  1.623  2.149  2.686  3.243  3.792  4.309  4.768  5.143  5.414  5.718  5.405  4.795  4.132  3.415  2.600  1.669  0.654 -0.384 -1.379 -2.218 -3.083 -4.080 -5.074 -6.060 -7.033 -7.980 -8.884
4.600 -2.802 -2.305 -0.360 -0.347 -0.327 -0.290 -0.216 -0.087  0.108  0.390  0.761  1.201  1.687  2.201  2.730  3.273  3.806  4.302  4.744  5.109  5.368  5.703  5.282  4.655  3.985  3.258  2.423  1.477  0.456 -0.583 -1.561 -2.376 -3.282 -4.278 -5.271 -6.254 -7.221 -8.157 -9.044
4.650 -2.454 -1.962 -0.357 -0.347 -0.330 -0.295 -0.224 -0.095  0.108  0.401  0.786  1.236  1.724  2.232  2.744  3.262  3.767  4.234  4.650  5.000  5.253  5.636  5.151  4.514  3.837  3.098  2.243  1.283  0.258 -0.782 -1.740 -2.531 -3.481 -4.477 -5.467 -6.446 -7.406 -8.329 -9.199
4.700 -2.109 -1.627 -0.355 -0.344 -0.327 -0.296 -0.235 -0.114  0.090  0.385  0.771  1.222  1.709  2.213  2.712  3.207  3.682  4.119  4.512  4.852  5.102  5.533  5.015  4.373  3.688  2.936  2.063  1.087  0.059 -0.982 -1.916 -2.683 -3.680 -4.674 -5.662 -6.637 -7.587 -8.496 -9.348
4.750 -1.769 -1.308 -0.355 -0.342 -0.325 -0.297 -0.242 -0.135  0.057  0.347  0.729  1.177  1.659  2.156  2.648  3.126  3.574  3.984  4.358  4.688  4.940  5.416  4.876  4.230  3.538  2.769  1.881  0.892 -0.140 -1.173 -2.090 -2.882 -3.879 -4.872 -5.856 -6.825 -7.765 -8.658 -9.491
4.800 -1.442 -1.020 -0.354 -0.342 -0.325 -0.298 -0.247 -0.147  0.031  0.306  0.673  1.106  1.580  2.074  2.565  3.035  3.466  3.853  4.207  4.526  4.781  5.292  4.738  4.086  3.386  2.600  1.696  0.695 -0.339 -1.362 -2.261 -3.081 -4.077 -5.068 -6.049 -7.011 -7.939 -8.814 -9.628
4.850 -1.138 -0.784 -0.356 -0.344 -0.327 -0.301 -0.253 -0.160  0.007  0.265  0.611  1.028  1.494  1.985  2.475  2.943  3.365  3.732  4.066  4.373  4.629  5.166  4.598  3.942  3.232  2.429  1.509  0.498 -0.538 -1.550 -2.428 -3.280 -4.275 -5.264 -6.240 -7.194 -8.108 -8.965 -9.761
4.900 -0.877 -0.614 -0.348 -0.337 -0.322 -0.297 -0.250 -0.164 -0.010  0.233  0.563  0.963  1.419  1.906  2.395  2.861  3.274  3.623  3.936  4.231  4.484  5.038  4.458  3.796  3.076  2.254  1.318  0.301 -0.737 -1.736 -2.592 -3.479 -4.473 -5.458 -6.429 -7.373 -8.271 -9.110 -9.888
4.950 -0.678 -0.510 -0.334 -0.323 -0.307 -0.284 -0.241 -0.159 -0.014  0.214  0.527  0.913  1.356  1.838  2.326  2.787  3.189  3.522  3.816  4.099  4.347  4.908  4.318  3.649  2.918  2.077  1.125  0.103 -0.936 -1.920 -2.753 -3.678 -4.669 -5.652 -6.616 -7.548 -8.430 -9.250 -9.999
5.000 -0.548 -0.454 -0.302 -0.296 -0.284 -0.262 -0.223 -0.148 -0.012  0.205  0.507  0.882  1.312  1.785  2.269  2.724  3.113  3.427  3.702  3.974  4.220  4.777  4.177  3.500  2.757  1.896  0.931 -0.095 -1.136 -2.101 -2.910 -3.876 -4.865 -5.843 -6.800 -7.718 -8.582 -9.384 -9.999
5.050 -0.474 -0.427 -0.245 -0.237 -0.227 -0.210 -0.175 -0.108  0.016  0.222  0.516  0.877  1.289  1.752  2.223  2.666  3.042  3.336  3.594  3.856  4.098  4.645  4.035  3.351  2.593  1.716  0.751 -0.183 -1.080 -2.081 -3.079 -4.073 -5.060 -6.033 -6.980 -7.884 -8.729 -9.513 -9.999
5.100 -0.436 -0.414 -0.187 -0.174 -0.157 -0.134 -0.101 -0.041  0.069  0.249  0.518  0.868  1.273  1.716  2.180  2.617  2.975  3.249  3.490  3.743  3.981  4.512  3.893  3.200  2.426  1.533  0.563 -0.360 -1.280 -2.280 -3.278 -4.270 -5.254 -6.221 -7.157 -8.044 -8.870 -9.637 -9.999
5.150 -0.418 -0.408 -0.151 -0.122 -0.091 -0.056 -0.011  0.057  0.162  0.324  0.568  0.892  1.279  1.703  2.142  2.560  2.905  3.162  3.390  3.635  3.869  4.378  3.749  3.047  2.257  1.347  0.375 -0.534 -1.479 -2.480 -3.476 -4.467 -5.446 -6.406 -7.329 -8.199 -9.006 -9.758 -9.999
5.200 -0.410 -0.405 -0.153 -0.112 -0.067 -0.015  0.049  0.135  0.253  0.413  0.631  0.923  1.290  1.696  2.112  2.515  2.839  3.074  3.292  3.533  3.761  4.242  3.604  2.893  2.084  1.158  0.187 -0.706 -1.679 -2.679 -3.674 -4.662 -5.637 -6.587 -7.496 -8.348 -9.137 -9.875 -9.999
5.250 -0.406 -0.404 -0.197 -0.149 -0.093 -0.027  0.055  0.161  0.297  0.468  0.679  0.946  1.289  1.682  2.085  2.465  2.765  2.986  3.196  3.435  3.655  4.106  3.458  2.736  1.908  0.967  0.000 -0.876 -1.879 -2.877 -3.871 -4.856 -5.825 -6.765 -7.658 -8.491 -9.263 -9.989 -9.999
5.300 -0.404 -0.404 -0.249 -0.197 -0.137 -0.065  0.026  0.144  0.294  0.479  0.699  0.961  1.279  1.654  2.045  2.404  2.686  2.897  3.103  3.341  3.552  3.968  3.311  2.578  1.730  0.778 -0.186 -1.076 -2.078 -3.076 -4.068 -5.049 -6.011 -6.939 -7.814 -8.628 -9.385 -9.999 -9.999
5.350 -0.404 -0.403 -0.312 -0.270 -0.211 -0.137 -0.043  0.077  0.233  0.430  0.665  0.939  1.255  1.612  1.990  2.336  2.603  2.807  3.011  3.249  3.449  3.830  3.163  2.416  1.549  0.588 -0.370 -1.276 -2.277 -3.274 -4.263 -5.240 -6.194 -7.107 -7.965 -8.761 -9.503 -9.999 -9.999
5.400 -0.403 -0.403 -0.354 -0.324 -0.279 -0.215 -0.127 -0.013  0.140  0.342  0.593  0.885  1.209  1.564  1.933  2.266  2.520  2.719  2.923  3.157  3.348  3.691  3.013  2.250  1.368  0.398 -0.552 -1.475 -2.476 -3.471 -4.458 -5.429 -6.373 -7.271 -8.110 -8.888 -9.618 -9.999 -9.999
5.450 -0.403 -0.403 -0.381 -0.363 -0.331 -0.280 -0.203 -0.093  0.055  0.254  0.514  0.825  1.164  1.518  1.875  2.194  2.437  2.632  2.838  3.065  3.253  3.550  2.862  2.083  1.184  0.208 -0.733 -1.675 -2.675 -3.668 -4.651 -5.616 -6.548 -7.430 -8.250 -9.011 -9.730 -9.999 -9.999
5.500 -0.403 -0.403 -0.392 -0.383 -0.365 -0.331 -0.271 -0.175 -0.036  0.156  0.416  0.745  1.109  1.474  1.824  2.127  2.358  2.549  2.758  2.975  3.164  3.407  2.709  1.912  0.997  0.017 -0.911 -1.874 -2.873 -3.864 -4.843 -5.800 -6.718 -7.582 -8.384 -9.131 -9.840 -9.999 -9.999
5.550 -0.403 -0.403 -0.396 -0.392 -0.383 -0.363 -0.323 -0.246 -0.121  0.070  0.340  0.685  1.062  1.430  1.774  2.062  2.282  2.471  2.683  2.888  3.082  3.263  2.554  1.739  0.808 -0.172 -1.086 -2.073 -3.071 -4.059 -5.033 -5.980 -6.884 -7.729 -8.513 -9.247 -9.948 -9.999 -9.999
5.600 -0.403 -0.403 -0.399 -0.396 -0.390 -0.378 -0.354 -0.301 -0.196 -0.013  0.265  0.628  1.020  1.393  1.727  2.001  2.211  2.400  2.613  2.811  3.008  3.118  2.396  1.562  0.617 -0.361 -1.268 -2.272 -3.268 -4.253 -5.220 -6.157 -7.044 -7.870 -8.637 -9.360 -9.999 -9.999 -9.999
5.650 -0.403 -0.403 -0.399 -0.396 -0.392 -0.385 -0.370 -0.337 -0.261 -0.104  0.170  0.554  0.970  1.353  1.682  1.942  2.146  2.337  2.544  2.744  2.941  2.971  2.237  1.382  0.426 -0.549 -1.468 -2.471 -3.464 -4.445 -5.405 -6.329 -7.199 -8.006 -8.758 -9.471 -9.999 -9.999 -9.999
5.700 -0.403 -0.404 -0.400 -0.398 -0.394 -0.388 -0.376 -0.352 -0.298 -0.174  0.079  0.467  0.909  1.307  1.634  1.888  2.090  2.283  2.483  2.691  2.882  2.825  2.074  1.202  0.235 -0.736 -1.668 -2.669 -3.660 -4.636 -5.587 -6.496 -7.347 -8.137 -8.875 -9.579 -9.999 -9.999 -9.999
5.750 -0.404 -0.404 -0.400 -0.398 -0.395 -0.389 -0.379 -0.360 -0.319 -0.224 -0.006  0.374  0.831  1.248  1.581  1.834  2.037  2.233  2.425  2.637  2.816  2.675  1.908  1.020  0.044 -0.921 -1.867 -2.866 -3.854 -4.824 -5.765 -6.658 -7.491 -8.263 -8.989 -9.686 -9.999 -9.999 -9.999
5.800 -0.404 -0.404 -0.400 -0.399 -0.396 -0.390 -0.380 -0.363 -0.328 -0.250 -0.070  0.279  0.739  1.174  1.518  1.778  1.987  2.185  2.374  2.591  2.746  2.523  1.739  0.835 -0.148 -1.104 -2.066 -3.063 -4.047 -5.010 -5.938 -6.814 -7.628 -8.385 -9.101 -9.792 -9.999 -9.999 -9.999
5.850 -0.404 -0.404 -0.400 -0.399 -0.396 -0.391 -0.382 -0.365 -0.333 -0.264 -0.107  0.205  0.648  1.094  1.450  1.718  1.937  2.137  2.328  2.554  2.675  2.369  1.568  0.647 -0.339 -1.285 -2.264 -3.259 -4.238 -5.193 -6.107 -6.965 -7.760 -8.503 -9.210 -9.897 -9.999 -9.999 -9.999
5.900 -0.404 -0.404 -0.400 -0.399 -0.397 -0.393 -0.384 -0.368 -0.337 -0.273 -0.135  0.142  0.562  1.012  1.381  1.661  1.889  2.093  2.289  2.512  2.591  2.214  1.393  0.457 -0.530 -1.464 -2.462 -3.454 -4.427 -5.372 -6.271 -7.110 -7.888 -8.618 -9.317 -9.999 -9.999 -9.999 -9.999
5.950 -0.404 -0.404 -0.399 -0.397 -0.395 -0.391 -0.383 -0.368 -0.339 -0.278 -0.150  0.104  0.496  0.937  1.316  1.608  1.847  2.054  2.252  2.461  2.494  2.056  1.215  0.266 -0.721 -1.655 -2.659 -3.647 -4.614 -5.547 -6.429 -7.249 -8.011 -8.730 -9.424 -9.999 -9.999 -9.999 -9.999
6.000 -0.404 -0.404 -0.397 -0.395 -0.392 -0.387 -0.380 -0.367 -0.339 -0.282 -0.158  0.084  0.460  0.890  1.269  1.568  1.813  2.020  2.213  2.408  2.392  1.821  1.029  0.074 -0.911 -1.854 -2.855 -3.839 -4.798 -5.718 -6.582 -7.383 -8.131 -8.840 -9.528 -9.999 -9.999 -9.999 -9.999
6.100 -0.404 -0.404 -0.399 -0.394 -0.388 -0.379 -0.368 -0.353 -0.328 -0.278 -0.168  0.046  0.384  0.791  1.178  1.498  1.754  1.948  2.133  2.293  2.167  1.516  0.668 -0.310 -1.286 -2.250 -3.245 -4.217 -5.155 -6.043 -6.870 -7.637 -8.360 -9.055 -9.736 -9.999 -9.999 -9.999 -9.999
6.200 -0.404 -0.404 -0.403 -0.401 -0.396 -0.386 -0.369 -0.343 -0.307 -0.252 -0.152  0.032  0.335  0.723  1.111  1.429  1.669  1.843  2.005  2.135  1.914  1.194  0.295 -0.695 -1.654 -2.643 -3.628 -4.583 -5.494 -6.347 -7.136 -7.875 -8.579 -9.265 -9.940 -9.999 -9.999 -9.999 -9.999
6.300 -0.405 -0.405 -0.404 -0.404 -0.402 -0.399 -0.390 -0.367 -0.321 -0.243 -0.126  0.053  0.330  0.691  1.050  1.337  1.539  1.693  1.858  1.958  1.638  0.853 -0.086 -1.079 -2.032 -3.031 -4.002 -4.934 -5.812 -6.627 -7.384 -8.100 -8.792 -9.471 -9.999 -9.999 -9.999 -9.999 -9.999
6.400 -0.405 -0.405 -0.405 -0.404 -0.404 -0.403 -0.399 -0.390 -0.363 -0.293 -0.154  0.053  0.330  0.656  0.955  1.187  1.364  1.520  1.698  1.765  1.339  0.499 -0.471 -1.458 -2.424 -3.412 -4.364 -5.267 -6.108 -6.887 -7.617 -8.317 -9.000 -9.675 -9.999 -9.999 -9.999 -9.999 -9.999
6.500 -0.406 -0.406 -0.406 -0.406 -0.405 -0.404 -0.402 -0.398 -0.384 -0.342 -0.232 -0.021  0.264  0.557  0.802  0.996  1.167  1.343  1.539  1.555  1.019  0.132 -0.856 -1.830 -2.810 -3.783 -4.710 -5.578 -6.381 -7.129 -7.840 -8.528 -9.205 -9.877 -9.999 -9.999 -9.999 -9.999 -9.999
6.600 -0.407 -0.407 -0.407 -0.406 -0.406 -0.406 -0.405 -0.402 -0.393 -0.366 -0.294 -0.129  0.127  0.395  0.614  0.796  0.973  1.172  1.382  1.325  0.681 -0.247 -1.240 -2.194 -3.188 -4.140 -5.035 -5.866 -6.635 -7.359 -8.054 -8.735 -9.409 -9.999 -9.999 -9.999 -9.999 -9.999 -9.999
6.700 -0.408 -0.408 -0.408 -0.408 -0.408 -0.407 -0.407 -0.404 -0.398 -0.380 -0.330 -0.214 -0.013  0.218  0.423  0.605  0.794  1.016  1.225  1.069  0.329 -0.630 -1.620 -2.578 -3.555 -4.479 -5.338 -6.132 -6.873 -7.578 -8.264 -8.940 -9.611 -9.999 -9.999 -9.999 -9.999 -9.999 -9.999
6.800 -0.409 -0.409 -0.409 -0.409 -0.409 -0.409 -0.408 -0.407 -0.402 -0.390 -0.355 -0.273 -0.126  0.060  0.249  0.435  0.638  0.879  1.070  0.786 -0.033 -1.015 -1.990 -2.953 -3.906 -4.797 -5.619 -6.380 -7.098 -7.791 -8.470 -9.143 -9.812 -9.999 -9.999 -9.999 -9.999 -9.999 -9.999
6.900 -0.411 -0.411 -0.410 -0.410 -0.410 -0.410 -0.410 -0.409 -0.405 -0.396 -0.371 -0.313 -0.205 -0.056  0.114  0.300  0.517  0.764  0.903  0.475 -0.408 -1.397 -2.340 -3.314 -4.238 -5.092 -5.878 -6.613 -7.315 -7.999 -8.674 -9.345 -9.999 -9.999 -9.999 -9.999 -9.999 -9.999 -9.999
7.000 -0.413 -0.413 -0.412 -0.412 -0.412 -0.412 -0.412 -0.410 -0.406 -0.398 -0.379 -0.335 -0.257 -0.140  0.017  0.207  0.427  0.663  0.713  0.140 -0.790 -1.773 -2.703 -3.659 -4.548 -5.364 -6.120 -6.835 -7.526 -8.204 -8.876 -9.546 -9.999 -9.999 -9.999 -9.999 -9.999 -9.999 -9.999
7.100 -0.416 -0.416 -0.415 -0.415 -0.415 -0.415 -0.414 -0.413 -0.409 -0.399 -0.379 -0.342 -0.280 -0.178 -0.034  0.142  0.347  0.552  0.488 -0.210 -1.172 -2.133 -3.057 -3.982 -4.834 -5.617 -6.349 -7.050 -7.733 -8.408 -9.078 -9.746 -9.999 -9.999 -9.999 -9.999 -9.999 -9.999 -9.999
7.200 -0.419 -0.419 -0.418 -0.418 -0.418 -0.418 -0.417 -0.417 -0.414 -0.405 -0.383 -0.346 -0.288 -0.197 -0.071  0.080  0.260  0.429  0.220 -0.576 -1.562 -2.464 -3.393 -4.283 -5.099 -5.854 -6.568 -7.259 -7.937 -8.610 -9.279 -9.947 -9.999 -9.999 -9.999 -9.999 -9.999 -9.999 -9.999
7.300 -0.423 -0.423 -0.422 -0.422 -0.422 -0.422 -0.422 -0.421 -0.419 -0.413 -0.396 -0.362 -0.303 -0.220 -0.116  0.008  0.167  0.279 -0.076 -0.993 -1.922 -2.783 -3.707 -4.561 -5.345 -6.079 -6.781 -7.465 -8.140 -8.811 -9.480 -9.999 -9.999 -9.999 -9.999 -9.999 -9.999 -9.999 -9.999
7.400 -0.428 -0.428 -0.427 -0.427 -0.427 -0.427 -0.427 -0.427 -0.425 -0.421 -0.410 -0.383 -0.331 -0.259 -0.175 -0.067  0.075  0.110 -0.404 -1.347 -2.261 -3.109 -3.998 -4.818 -5.577 -6.296 -6.989 -7.669 -8.342 -9.012 -9.680 -9.999 -9.999 -9.999 -9.999 -9.999 -9.999 -9.999 -9.999
7.500 -0.434 -0.434 -0.433 -0.433 -0.433 -0.433 -0.433 -0.433 -0.432 -0.429 -0.422 -0.403 -0.362 -0.304 -0.233 -0.138 -0.025 -0.090 -0.801 -1.707 -2.558 -3.411 -4.266 -5.058 -5.799 -6.506 -7.194 -7.872 -8.543 -9.212 -9.880 -9.999 -9.999 -9.999 -9.999 -9.999 -9.999 -9.999 -9.999
7.600 -0.442 -0.442 -0.441 -0.441 -0.441 -0.441 -0.441 -0.441 -0.440 -0.438 -0.434 -0.419 -0.389 -0.345 -0.286 -0.205 -0.130 -0.337 -1.139 -2.054 -2.810 -3.691 -4.516 -5.285 -6.013 -6.713 -7.398 -8.073 -8.744 -9.413 -9.999 -9.999 -9.999 -9.999 -9.999 -9.999 -9.999 -9.999 -9.999
7.700 -0.451 -0.451 -0.450 -0.450 -0.450 -0.450 -0.450 -0.450 -0.450 -0.449 -0.445 -0.434 -0.412 -0.380 -0.334 -0.273 -0.256 -0.627 -1.496 -2.365 -3.099 -3.950 -4.750 -5.504 -6.222 -6.918 -7.600 -8.274 -8.945 -9.613 -9.999 -9.999 -9.999 -9.999 -9.999 -9.999 -9.999 -9.999 -9.999
7.800 -0.463 -0.463 -0.462 -0.462 -0.462 -0.462 -0.462 -0.462 -0.462 -0.462 -0.459 -0.450 -0.434 -0.411 -0.380 -0.345 -0.415 -0.951 -1.850 -2.617 -3.367 -4.191 -4.973 -5.715 -6.428 -7.121 -7.801 -8.475 -9.145 -9.813 -9.999 -9.999 -9.999 -9.999 -9.999 -9.999 -9.999 -9.999 -9.999
7.900 -0.477 -0.477 -0.476 -0.476 -0.476 -0.477 -0.477 -0.477 -0.477 -0.477 -0.474 -0.467 -0.457 -0.444 -0.431 -0.432 -0.615 -1.290 -2.175 -2.800 -3.616 -4.420 -5.188 -5.923 -6.632 -7.322 -8.002 -8.675 -9.345 -9.999 -9.999 -9.999 -9.999 -9.999 -9.999 -9.999 -9.999 -9.999 -9.999
8.000 -0.494 -0.494 -0.492 -0.492 -0.492 -0.492 -0.493 -0.493 -0.493 -0.493 -0.490 -0.486 -0.481 -0.478 -0.485 -0.536 -0.863 -1.648 -2.447 -3.037 -3.851 -4.639 -5.398 -6.128 -6.834 -7.524 -8.202 -8.875 -9.545 -9.999 -9.999 -9.999 -9.999 -9.999 -9.999 -9.999 -9.999 -9.999 -9.999
8.100 -0.514 -0.514 -0.512 -0.512 -0.512 -0.512 -0.512 -0.512 -0.513 -0.513 -0.510 -0.508 -0.508 -0.517 -0.549 -0.671 -1.156 -1.989 -2.647 -3.278 -4.074 -4.851 -5.604 -6.331 -7.036 -7.724 -8.403 -9.075 -9.745 -9.999 -9.999 -9.999 -9.999 -9.999 -9.999 -9.999 -9.999 -9.999 -9.999
8.300 -0.567 -0.567 -0.565 -0.565 -0.565 -0.566 -0.566 -0.566 -0.566 -0.565 -0.565 -0.568 -0.580 -0.619 -0.728 -1.074 -1.829 -2.509 -2.946 -3.724 -4.499 -5.264 -6.011 -6.734 -7.437 -8.125 -8.803 -9.476 -9.999 -9.999 -9.999 -9.999 -9.999 -9.999 -9.999 -9.999 -9.999 -9.999 -9.999
8.500 -0.637 -0.637 -0.636 -0.636 -0.636 -0.636 -0.636 -0.636 -0.636 -0.636 -0.639 -0.647 -0.677 -0.768 -1.017 -1.671 -2.415 -2.754 -3.382 -4.143 -4.910 -5.670 -6.413 -7.136 -7.838 -8.525 -9.203 -9.876 -9.999 -9.999 -9.999 -9.999 -9.999 -9.999 -9.999 -9.999 -9.999 -9.999 -9.999
8.700  0.365 -0.122 -0.549 -0.692 -0.718 -0.721 -0.721 -0.721 -0.721 -0.723 -0.727 -0.745 -0.807 -1.003 -1.513 -2.287 -2.664 -3.057 -3.797 -4.552 -5.314 -6.072 -6.814 -7.536 -8.238 -8.925 -9.603 -9.999 -9.999 -9.999 -9.999 -9.999 -9.999 -9.999 -9.999 -9.999 -9.999 -9.999 -9.999
8.900  1.886  1.390  0.892  0.393 -0.100 -0.541 -0.777 -0.827 -0.838 -0.849 -0.869 -0.917 -1.055 -1.461 -2.198 -2.621 -2.786 -3.469 -4.203 -4.955 -5.716 -6.473 -7.215 -7.936 -8.638 -9.325 -9.999 -9.999 -9.999 -9.999 -9.999 -9.999 -9.999 -9.999 -9.999 -9.999 -9.999 -9.999 -9.999
9.100  2.024  1.869  1.579  1.175  0.710  0.222 -0.266 -0.695 -0.910 -0.963 -1.001 -1.095 -1.373 -2.026 -2.615 -2.738 -3.166 -3.874 -4.606 -5.356 -6.116 -6.873 -7.615 -8.336 -9.038 -9.725 -9.999 -9.999 -9.999 -9.999 -9.999 -9.999 -9.999 -9.999 -9.999 -9.999 -9.999 -9.999 -9.999
9.300  0.961  0.955  0.936  0.881  0.743  0.474  0.083 -0.371 -0.800 -1.040 -1.143 -1.338 -1.846 -2.622 -2.741 -2.897 -3.568 -4.276 -5.007 -5.757 -6.517 -7.273 -8.015 -8.736 -9.438 -9.999 -9.999 -9.999 -9.999 -9.999 -9.999 -9.999 -9.999 -9.999 -9.999 -9.999 -9.999 -9.999 -9.999
9.500  0.074  0.074  0.072  0.067  0.052  0.006 -0.113 -0.358 -0.721 -1.071 -1.304 -1.709 -2.471 -2.765 -2.810 -3.292 -3.969 -4.676 -5.407 -6.157 -6.917 -7.673 -8.415 -9.136 -9.838 -9.999 -9.999 -9.999 -9.999 -9.999 -9.999 -9.999 -9.999 -9.999 -9.999 -9.999 -9.999 -9.999 -9.999
9.700 -0.675 -0.675 -0.675 -0.675 -0.677 -0.683 -0.702 -0.756 -0.896 -1.163 -1.564 -2.266 -2.815 -2.800 -3.059 -3.689 -4.369 -5.077 -5.808 -6.557 -7.317 -8.073 -8.815 -9.536 -9.999 -9.999 -9.999 -9.999 -9.999 -9.999 -9.999 -9.999 -9.999 -9.999 -9.999 -9.999 -9.999 -9.999 -9.999
9.900 -1.360 -1.360 -1.360 -1.361 -1.361 -1.363 -1.368 -1.384 -1.437 -1.614 -2.120 -2.979 -2.795 -2.843 -3.441 -4.087 -4.769 -5.477 -6.208 -6.957 -7.717 -8.473 -9.215 -9.936 -9.999 -9.999 -9.999 -9.999 -9.999 -9.999 -9.999 -9.999 -9.999 -9.999 -9.999 -9.999 -9.999 -9.999 -9.999
