0.1000   0.8900   0.0100
3.750 -8.750 -8.250 -1.429 -1.519 -1.649 -1.819 -2.015 -2.223 -2.434 -2.639 -2.824 -2.966 -3.030 -2.990 -2.848 -2.630 -2.368 -2.039 -1.637 -1.208 -0.764  1.746  2.246  2.746  3.246  3.744  4.219  4.449  3.993  3.178  2.229  1.203  0.246 -0.522 -1.401 -2.400 -3.400 -4.399 -5.397
3.800 -8.400 -7.900 -1.398 -1.385 -1.403 -1.449 -1.538 -1.668 -1.823 -1.988 -2.142 -2.256 -2.310 -2.277 -2.165 -2.001 -1.783 -1.562 -1.264 -0.944 -0.551  2.093  2.593  3.093  3.592  4.087  4.514  4.484  3.850  2.999  2.035  1.005  0.073 -0.670 -1.601 -2.600 -3.600 -4.598 -5.595
3.850 -8.050 -7.550 -1.377 -1.370 -1.363 -1.357 -1.352 -1.355 -1.381 -1.433 -1.494 -1.541 -1.555 -1.516 -1.429 -1.295 -1.128 -0.952 -0.715 -0.467 -0.187  2.438  2.938  3.438  3.936  4.419  4.730  4.413  3.693  2.817  1.839  0.806 -0.096 -0.816 -1.800 -2.800 -3.799 -4.798 -5.794
3.900 -7.700 -7.200 -1.374 -1.371 -1.362 -1.346 -1.320 -1.275 -1.201 -1.104 -1.004 -0.915 -0.838 -0.763 -0.676 -0.569 -0.434 -0.300 -0.107  0.094  0.314  2.780  3.279  3.779  4.275  4.725  4.821  4.290  3.528  2.636  1.644  0.616 -0.263 -1.001 -2.000 -3.000 -3.999 -4.997 -5.992
3.950 -7.350 -6.850 -1.260 -1.316 -1.344 -1.344 -1.321 -1.270 -1.172 -1.010 -0.784 -0.531 -0.300 -0.119  0.014  0.130  0.244  0.354  0.510  0.673  0.856  3.117  3.616  4.114  4.602  4.970  4.791  4.147  3.360  2.451  1.447  0.432 -0.426 -1.200 -2.200 -3.200 -4.199 -5.196 -6.190
4.000 -7.000 -6.500 -0.950 -1.051 -1.151 -1.234 -1.275 -1.258 -1.172 -1.001 -0.738 -0.399 -0.037  0.288  0.533  0.707  0.844  0.965  1.091  1.225  1.384  3.446  3.944  4.440  4.907  5.108  4.691  3.995  3.188  2.264  1.250  0.249 -0.587 -1.400 -2.400 -3.399 -4.398 -5.395 -6.387
4.050 -6.650 -6.150 -0.874 -0.880 -0.909 -0.967 -1.042 -1.096 -1.084 -0.964 -0.719 -0.366  0.046  0.467  0.833  1.117  1.321  1.473  1.602  1.729  1.858  3.765  4.261  4.751  5.164  5.123  4.560  3.840  3.014  2.074  1.052  0.069 -0.744 -1.600 -2.600 -3.599 -4.597 -5.593 -6.584
4.100 -6.300 -5.800 -0.854 -0.850 -0.846 -0.842 -0.841 -0.840 -0.824 -0.759 -0.604 -0.335  0.047  0.484  0.921  1.309  1.613  1.840  2.008  2.148  2.281  4.067  4.560  5.036  5.335  5.051  4.418  3.681  2.836  1.882  0.854 -0.110 -0.898 -1.800 -2.800 -3.799 -4.796 -5.791 -6.780
4.150 -5.950 -5.450 -0.850 -0.837 -0.823 -0.808 -0.783 -0.728 -0.626 -0.487 -0.323 -0.122  0.143  0.494  0.920  1.362  1.756  2.072  2.290  2.464  2.615  4.348  4.835  5.281  5.398  4.937  4.271  3.520  2.655  1.687  0.655 -0.285 -1.049 -2.000 -3.000 -3.998 -4.995 -5.988 -6.974
4.200 -5.600 -5.100 -0.855 -0.843 -0.826 -0.801 -0.767 -0.704 -0.584 -0.386 -0.130  0.137  0.394  0.668  0.995  1.393  1.815  2.198  2.501  2.726  2.891  4.601  5.080  5.463  5.365  4.806  4.121  3.356  2.473  1.491  0.457 -0.458 -1.200 -2.200 -3.199 -4.197 -5.193 -6.185 -7.168
4.250 -5.250 -4.750 -0.853 -0.845 -0.830 -0.805 -0.765 -0.695 -0.571 -0.373 -0.092  0.250  0.594  0.906  1.200  1.516  1.882  2.275  2.638  2.913  3.126  4.819  5.285  5.566  5.276  4.668  3.970  3.189  2.291  1.295  0.269 -0.628 -1.400 -2.400 -3.399 -4.397 -5.392 -6.381 -7.359
4.300 -4.900 -4.400 -0.839 -0.835 -0.824 -0.803 -0.767 -0.702 -0.581 -0.381 -0.102  0.256  0.662  1.064  1.419  1.735  2.054  2.399  2.752  3.072  3.325  4.998  5.444  5.588  5.160  4.526  3.816  3.019  2.105  1.098  0.083 -0.794 -1.600 -2.600 -3.598 -4.595 -5.589 -6.576 -7.549
4.350 -4.550 -4.050 -0.793 -0.807 -0.805 -0.791 -0.758 -0.696 -0.583 -0.396 -0.116  0.250  0.681  1.130  1.565  1.951  2.282  2.597  2.919  3.237  3.525  5.141  5.555  5.546  5.030  4.381  3.661  2.847  1.917  0.901 -0.102 -0.958 -1.800 -2.799 -3.798 -4.794 -5.786 -6.770 -7.737
4.400 -4.200 -3.700 -0.661 -0.699 -0.732 -0.745 -0.727 -0.674 -0.571 -0.397 -0.130  0.238  0.675  1.147  1.632  2.091  2.487  2.836  3.151  3.446  3.735  5.257  5.619  5.463  4.895  4.235  3.504  2.671  1.726  0.703 -0.285 -1.118 -2.000 -2.999 -3.997 -4.992 -5.983 -6.962 -7.922
4.450 -3.850 -3.351 -0.619 -0.615 -0.616 -0.624 -0.626 -0.595 -0.508 -0.345 -0.088  0.268  0.707  1.187  1.685  2.176  2.632  3.042  3.390  3.693  3.963  5.355  5.643  5.356  4.757  4.087  3.344  2.492  1.533  0.505 -0.466 -1.275 -2.200 -3.198 -4.196 -5.190 -6.178 -7.153 -8.103
4.500 -3.501 -3.002 -0.609 -0.599 -0.583 -0.553 -0.504 -0.441 -0.357 -0.226 -0.007  0.318  0.737  1.213  1.719  2.230  2.728  3.188  3.590  3.925  4.198  5.439  5.629  5.235  4.617  3.938  3.182  2.311  1.338  0.306 -0.644 -1.429 -2.399 -3.398 -4.394 -5.387 -6.372 -7.341 -8.281
4.550 -3.151 -2.654 -0.605 -0.592 -0.572 -0.539 -0.471 -0.347 -0.179  0.002  0.210  0.481  0.842  1.285  1.776  2.282  2.793  3.287  3.733  4.104  4.398  5.504  5.579  5.107  4.476  3.787  3.017  2.129  1.142  0.111 -0.820 -1.600 -2.599 -3.597 -4.593 -5.584 -6.565 -7.527 -8.455
4.600 -2.803 -2.310 -0.608 -0.595 -0.574 -0.539 -0.471 -0.341 -0.125  0.164  0.467  0.749  1.051  1.421  1.856  2.336  2.840  3.350  3.824  4.227  4.545  5.539  5.499  4.974  4.334  3.635  2.849  1.945  0.946 -0.079 -0.993 -1.799 -2.799 -3.796 -4.791 -5.780 -6.756 -7.710 -8.624
4.650 -2.457 -1.972 -0.603 -0.592 -0.575 -0.543 -0.480 -0.356 -0.144  0.173  0.574  0.972  1.319  1.641  2.004  2.424  2.900  3.402  3.883  4.303  4.640  5.532  5.395  4.837  4.190  3.481  2.678  1.759  0.749 -0.268 -1.163 -1.999 -2.998 -3.995 -4.988 -5.974 -6.945 -7.889 -8.788
4.700 -2.115 -1.647 -0.601 -0.589 -0.570 -0.541 -0.487 -0.376 -0.179  0.122  0.519  0.986  1.452  1.850  2.198  2.560  2.984  3.454  3.926  4.351  4.700  5.489  5.277  4.699  4.045  3.325  2.505  1.570  0.551 -0.455 -1.330 -2.199 -3.197 -4.193 -5.185 -6.168 -7.132 -8.064 -8.947
4.750 -1.784 -1.349 -0.600 -0.588 -0.565 -0.540 -0.489 -0.392 -0.217  0.060  0.431  0.884  1.391  1.897  2.338  2.714  3.099  3.522  3.967  4.385  4.736  5.420  5.152  4.560  3.898  3.167  2.328  1.378  0.353 -0.640 -1.494 -2.398 -3.396 -4.392 -5.381 -6.359 -7.316 -8.235 -9.100
4.800 -1.472 -1.097 -0.601 -0.585 -0.565 -0.538 -0.490 -0.399 -0.239  0.015  0.362  0.787  1.272  1.802  2.331  2.798  3.202  3.599  4.012  4.415  4.759  5.338  5.023  4.420  3.750  3.006  2.148  1.184  0.155 -0.824 -1.654 -2.598 -3.595 -4.589 -5.576 -6.549 -7.496 -8.401 -9.247
4.850 -1.198 -0.908 -0.601 -0.586 -0.566 -0.537 -0.491 -0.407 -0.257 -0.017  0.311  0.712  1.177  1.688  2.238  2.772  3.242  3.662  4.061  4.448  4.776  5.251  4.892  4.280  3.601  2.843  1.966  0.989 -0.044 -1.005 -1.811 -2.797 -3.794 -4.786 -5.770 -6.737 -7.673 -8.561 -9.388
4.900 -0.980 -0.788 -0.592 -0.578 -0.558 -0.529 -0.482 -0.401 -0.261 -0.037  0.280  0.671  1.119  1.620  2.160  2.708  3.227  3.690  4.104  4.483  4.789  5.164  4.760  4.138  3.451  2.677  1.784  0.793 -0.238 -1.184 -1.998 -2.997 -3.992 -4.983 -5.962 -6.922 -7.845 -8.716 -9.524
4.950 -0.832 -0.721 -0.572 -0.559 -0.539 -0.510 -0.464 -0.387 -0.253 -0.038  0.269  0.658  1.100  1.590  2.118  2.660  3.199  3.696  4.134  4.512  4.798  5.080  4.627  3.996  3.298  2.508  1.600  0.596 -0.429 -1.360 -2.198 -3.196 -4.190 -5.178 -6.153 -7.103 -8.013 -8.865 -9.655
5.000 -0.744 -0.687 -0.528 -0.522 -0.508 -0.480 -0.434 -0.359 -0.232 -0.028  0.274  0.663  1.104  1.590  2.115  2.646  3.190  3.701  4.156  4.535  4.790  4.995  4.494  3.852  3.144  2.337  1.412  0.399 -0.620 -1.533 -2.397 -3.394 -4.387 -5.372 -6.341 -7.281 -8.175 -9.008 -9.781
5.050 -0.699 -0.671 -0.461 -0.450 -0.437 -0.416 -0.375 -0.301 -0.176  0.020  0.314  0.696  1.134  1.619  2.142  2.666  3.205  3.718  4.175  4.542  4.761  4.903  4.358  3.707  2.988  2.162  1.270  0.390 -0.596 -1.597 -2.596 -3.593 -4.584 -5.565 -6.527 -7.455 -8.332 -9.146 -9.903
5.100 -0.677 -0.664 -0.393 -0.375 -0.356 -0.328 -0.285 -0.215 -0.095  0.089  0.356  0.721  1.161  1.651  2.163  2.698  3.234  3.738  4.180  4.521  4.701  4.798  4.221  3.560  2.829  1.987  1.087  0.208 -0.796 -1.797 -2.796 -3.791 -4.779 -5.756 -6.710 -7.624 -8.483 -9.278 -9.999
5.150 -0.666 -0.661 -0.360 -0.323 -0.285 -0.242 -0.186 -0.103  0.023  0.201  0.455  0.800  1.222  1.702  2.203  2.732  3.255  3.738  4.152  4.460  4.606  4.681  4.082  3.412  2.668  1.812  0.904  0.007 -0.996 -1.997 -2.994 -3.988 -4.974 -5.945 -6.889 -7.788 -8.628 -9.406 -9.999
5.200 -0.662 -0.659 -0.369 -0.322 -0.268 -0.205 -0.125 -0.018  0.132  0.330  0.583  0.909  1.305  1.767  2.252  2.755  3.245  3.692  4.074  4.353  4.485  4.555  3.942  3.263  2.505  1.636  0.722 -0.193 -1.196 -2.196 -3.193 -4.185 -5.168 -6.132 -7.064 -7.947 -8.767 -9.529 -9.999
5.250 -0.660 -0.658 -0.425 -0.370 -0.306 -0.228 -0.129  0.002  0.178  0.402  0.666  0.978  1.363  1.806  2.270  2.740  3.187  3.594  3.948  4.210  4.345  4.423  3.800  3.112  2.337  1.459  0.541 -0.393 -1.396 -2.395 -3.391 -4.381 -5.359 -6.316 -7.235 -8.100 -8.902 -9.649 -9.999
5.300 -0.659 -0.658 -0.492 -0.435 -0.366 -0.282 -0.175 -0.028  0.170  0.420  0.710  1.034  1.405  1.821  2.255  2.685  3.087  3.458  3.793  4.049  4.195  4.288  3.658  2.959  2.168  1.279  0.361 -0.593 -1.595 -2.594 -3.589 -4.576 -5.549 -6.496 -7.401 -8.247 -9.031 -9.765 -9.999
5.350 -0.658 -0.658 -0.562 -0.516 -0.454 -0.370 -0.262 -0.113  0.097  0.368  0.685  1.028  1.399  1.799  2.203  2.599  2.962  3.306  3.626  3.885  4.043  4.152  3.513  2.804  1.995  1.097  0.183 -0.793 -1.795 -2.793 -3.786 -4.770 -5.737 -6.673 -7.561 -8.388 -9.155 -9.878 -9.999
5.400 -0.658 -0.658 -0.608 -0.577 -0.529 -0.460 -0.361 -0.220 -0.013  0.274  0.619  0.986  1.363  1.747  2.129  2.496  2.830  3.153  3.461  3.727  3.894  4.014  3.368  2.647  1.819  0.913  0.007 -0.993 -1.994 -2.991 -3.982 -4.962 -5.922 -6.845 -7.716 -8.524 -9.276 -9.989 -9.999
5.450 -0.658 -0.658 -0.636 -0.619 -0.587 -0.533 -0.448 -0.316 -0.115  0.175  0.536  0.922  1.308  1.683  2.047  2.390  2.701  3.008  3.306  3.578  3.747  3.876  3.221  2.488  1.644  0.727 -0.187 -1.192 -2.193 -3.189 -4.177 -5.153 -6.103 -7.013 -7.865 -8.655 -9.393 -9.999 -9.999
5.500 -0.658 -0.658 -0.647 -0.638 -0.621 -0.586 -0.521 -0.409 -0.224  0.061  0.431  0.837  1.237  1.614  1.962  2.286  2.578  2.872  3.162  3.440  3.609  3.737  3.072  2.326  1.467  0.541 -0.387 -1.392 -2.392 -3.386 -4.372 -5.341 -6.281 -7.175 -8.008 -8.781 -9.507 -9.999 -9.999
5.550 -0.658 -0.658 -0.651 -0.647 -0.638 -0.618 -0.574 -0.486 -0.323 -0.055  0.324  0.747  1.164  1.540  1.878  2.186  2.465  2.747  3.032  3.311  3.477  3.596  2.923  2.162  1.290  0.355 -0.587 -1.591 -2.590 -3.583 -4.565 -5.527 -6.455 -7.332 -8.146 -8.903 -9.619 -9.999 -9.999
5.600 -0.658 -0.658 -0.653 -0.651 -0.645 -0.633 -0.605 -0.544 -0.410 -0.164  0.205  0.646  1.082  1.466  1.799  2.095  2.363  2.635  2.915  3.190  3.352  3.456  2.771  1.994  1.110  0.170 -0.787 -1.791 -2.788 -3.779 -4.756 -5.710 -6.624 -7.482 -8.278 -9.021 -9.728 -9.999 -9.999
5.650 -0.658 -0.658 -0.654 -0.651 -0.647 -0.638 -0.620 -0.579 -0.483 -0.281  0.065  0.511  0.977  1.384  1.722  2.011  2.271  2.534  2.810  3.077  3.235  3.313  2.618  1.824  0.928 -0.014 -0.987 -1.990 -2.986 -3.973 -4.945 -5.889 -6.788 -7.628 -8.406 -9.136 -9.836 -9.999 -9.999
5.700 -0.658 -0.659 -0.655 -0.652 -0.648 -0.641 -0.627 -0.595 -0.523 -0.367 -0.067  0.370  0.857  1.294  1.643  1.935  2.191  2.446  2.717  2.975  3.124  3.172  2.463  1.650  0.743 -0.196 -1.186 -2.188 -3.183 -4.167 -5.132 -6.064 -6.947 -7.767 -8.529 -9.249 -9.942 -9.999 -9.999
5.750 -0.659 -0.659 -0.655 -0.653 -0.649 -0.642 -0.630 -0.605 -0.547 -0.424 -0.177  0.236  0.735  1.194  1.564  1.860  2.116  2.366  2.632  2.880  3.014  3.026  2.305  1.474  0.555 -0.378 -1.386 -2.387 -3.379 -4.359 -5.316 -6.235 -7.099 -7.901 -8.649 -9.359 -9.999 -9.999 -9.999
5.800 -0.659 -0.659 -0.655 -0.653 -0.650 -0.644 -0.632 -0.609 -0.560 -0.456 -0.248  0.120  0.613  1.089  1.478  1.784  2.044  2.292  2.553  2.792  2.906  2.879  2.146  1.298  0.367 -0.578 -1.585 -2.585 -3.574 -4.548 -5.496 -6.401 -7.247 -8.031 -8.765 -9.467 -9.999 -9.999 -9.999
5.850 -0.659 -0.659 -0.655 -0.653 -0.651 -0.645 -0.634 -0.612 -0.567 -0.477 -0.293  0.038  0.507  0.987  1.392  1.708  1.974  2.225  2.482  2.710  2.807  2.731  1.983  1.120  0.178 -0.778 -1.784 -2.782 -3.768 -4.736 -5.673 -6.561 -7.388 -8.155 -8.878 -9.574 -9.999 -9.999 -9.999
5.900 -0.659 -0.659 -0.655 -0.653 -0.651 -0.646 -0.636 -0.617 -0.575 -0.492 -0.327 -0.027  0.413  0.892  1.308  1.637  1.909  2.165  2.418  2.630  2.707  2.581  1.817  0.941 -0.011 -0.977 -1.983 -2.978 -3.960 -4.921 -5.845 -6.716 -7.524 -8.276 -8.989 -9.679 -9.999 -9.999 -9.999
5.950 -0.659 -0.659 -0.654 -0.652 -0.649 -0.644 -0.635 -0.617 -0.579 -0.502 -0.350 -0.071  0.344  0.810  1.232  1.572  1.853  2.111  2.358  2.549  2.606  2.429  1.649  0.759 -0.199 -1.177 -2.181 -3.174 -4.151 -5.103 -6.012 -6.865 -7.655 -8.393 -9.098 -9.783 -9.999 -9.999 -9.999
6.000 -0.659 -0.659 -0.652 -0.650 -0.646 -0.641 -0.632 -0.615 -0.581 -0.509 -0.366 -0.098  0.300  0.755  1.176  1.522  1.809  2.066  2.299  2.464  2.513  2.121  1.463  0.573 -0.387 -1.376 -2.378 -3.368 -4.340 -5.281 -6.175 -7.008 -7.781 -8.507 -9.205 -9.887 -9.999 -9.999 -9.999
6.100 -0.659 -0.659 -0.654 -0.650 -0.643 -0.633 -0.621 -0.602 -0.571 -0.510 -0.386 -0.147  0.211  0.645  1.069  1.434  1.730  1.977  2.168  2.308  2.331  1.855  1.118  0.197 -0.764 -1.773 -2.771 -3.752 -4.708 -5.623 -6.482 -7.278 -8.021 -8.728 -9.415 -9.999 -9.999 -9.999 -9.999
6.200 -0.659 -0.659 -0.658 -0.656 -0.652 -0.643 -0.625 -0.596 -0.554 -0.489 -0.375 -0.168  0.155  0.569  0.992  1.355  1.632  1.851  2.006  2.138  2.126  1.567  0.765 -0.185 -1.162 -2.169 -3.160 -4.129 -5.063 -5.946 -6.767 -7.529 -8.249 -8.942 -9.622 -9.999 -9.999 -9.999 -9.999
6.300 -0.660 -0.660 -0.659 -0.658 -0.657 -0.654 -0.645 -0.624 -0.576 -0.491 -0.356 -0.150  0.151  0.538  0.932  1.257  1.501  1.684  1.826  1.981  1.895  1.256  0.402 -0.567 -1.559 -2.560 -3.542 -4.493 -5.399 -6.246 -7.030 -7.765 -8.467 -9.151 -9.826 -9.999 -9.999 -9.999 -9.999
6.400 -0.660 -0.660 -0.660 -0.660 -0.658 -0.657 -0.654 -0.644 -0.618 -0.551 -0.404 -0.161  0.150  0.510  0.847  1.110  1.319  1.490  1.647  1.816  1.642  0.925  0.028 -0.946 -1.954 -2.947 -3.914 -4.842 -5.714 -6.523 -7.276 -7.989 -8.679 -9.357 -9.999 -9.999 -9.999 -9.999 -9.999
6.500 -0.661 -0.661 -0.661 -0.660 -0.660 -0.659 -0.657 -0.651 -0.636 -0.596 -0.488 -0.263  0.068  0.408  0.694  0.919  1.110  1.285  1.482  1.644  1.365  0.583 -0.355 -1.339 -2.344 -3.327 -4.274 -5.171 -6.006 -6.780 -7.507 -8.205 -8.887 -9.561 -9.999 -9.999 -9.999 -9.999 -9.999
6.600 -0.662 -0.662 -0.662 -0.661 -0.661 -0.661 -0.659 -0.655 -0.645 -0.618 -0.544 -0.378 -0.091  0.230  0.498  0.712  0.895  1.090  1.325  1.460  1.065  0.228 -0.739 -1.732 -2.729 -3.696 -4.617 -5.479 -6.276 -7.020 -7.728 -8.415 -9.092 -9.763 -9.999 -9.999 -9.999 -9.999 -9.999
6.700 -0.663 -0.663 -0.663 -0.662 -0.662 -0.662 -0.661 -0.659 -0.651 -0.632 -0.579 -0.460 -0.239  0.038  0.291  0.504  0.696  0.919  1.177  1.257  0.744 -0.141 -1.121 -2.121 -3.105 -4.050 -4.939 -5.763 -6.527 -7.248 -7.942 -8.622 -9.295 -9.964 -9.999 -9.999 -9.999 -9.999 -9.999
6.800 -0.664 -0.664 -0.664 -0.664 -0.664 -0.663 -0.663 -0.661 -0.656 -0.642 -0.606 -0.519 -0.355 -0.131  0.097  0.308  0.518  0.774  1.037  1.036  0.405 -0.521 -1.504 -2.503 -3.470 -4.386 -5.239 -6.027 -6.763 -7.466 -8.151 -8.826 -9.497 -9.999 -9.999 -9.999 -9.999 -9.999 -9.999
6.900 -0.666 -0.666 -0.665 -0.665 -0.665 -0.665 -0.664 -0.663 -0.659 -0.648 -0.621 -0.559 -0.438 -0.258 -0.051  0.149  0.386  0.658  0.904  0.785  0.053 -0.904 -1.889 -2.875 -3.818 -4.701 -5.516 -6.272 -6.987 -7.678 -8.356 -9.029 -9.698 -9.999 -9.999 -9.999 -9.999 -9.999 -9.999
7.000 -0.668 -0.668 -0.667 -0.667 -0.667 -0.667 -0.666 -0.664 -0.660 -0.650 -0.628 -0.581 -0.489 -0.346 -0.168  0.041  0.294  0.558  0.766  0.503 -0.311 -1.282 -2.267 -3.234 -4.147 -4.992 -5.772 -6.503 -7.203 -7.886 -8.560 -9.230 -9.899 -9.999 -9.999 -9.999 -9.999 -9.999 -9.999
7.100 -0.671 -0.671 -0.670 -0.670 -0.670 -0.670 -0.669 -0.668 -0.663 -0.652 -0.629 -0.585 -0.507 -0.387 -0.227 -0.022  0.212  0.456  0.601  0.192 -0.686 -1.651 -2.634 -3.576 -4.454 -5.262 -6.012 -6.724 -7.413 -8.091 -8.762 -9.431 -9.999 -9.999 -9.999 -9.999 -9.999 -9.999 -9.999
7.200 -0.674 -0.674 -0.673 -0.673 -0.673 -0.673 -0.673 -0.672 -0.668 -0.659 -0.636 -0.588 -0.512 -0.403 -0.262 -0.080  0.120  0.346  0.411 -0.143 -1.098 -2.023 -2.986 -3.896 -4.737 -5.512 -6.240 -6.938 -7.620 -8.294 -8.964 -9.632 -9.999 -9.999 -9.999 -9.999 -9.999 -9.999 -9.999
7.300 -0.678 -0.678 -0.677 -0.677 -0.677 -0.677 -0.677 -0.676 -0.674 -0.667 -0.649 -0.607 -0.533 -0.431 -0.306 -0.156  0.023  0.228  0.184 -0.596 -1.448 -2.382 -3.319 -4.194 -4.999 -5.747 -6.458 -7.147 -7.824 -8.496 -9.165 -9.833 -9.999 -9.999 -9.999 -9.999 -9.999 -9.999 -9.999
7.400 -0.683 -0.683 -0.682 -0.682 -0.682 -0.682 -0.682 -0.681 -0.680 -0.675 -0.663 -0.631 -0.571 -0.482 -0.370 -0.240 -0.070  0.105 -0.076 -0.900 -1.785 -2.725 -3.630 -4.468 -5.243 -5.971 -6.670 -7.352 -8.027 -8.697 -9.365 -9.999 -9.999 -9.999 -9.999 -9.999 -9.999 -9.999 -9.999
7.500 -0.689 -0.689 -0.688 -0.688 -0.688 -0.688 -0.688 -0.688 -0.687 -0.684 -0.675 -0.652 -0.609 -0.537 -0.437 -0.317 -0.159 -0.035 -0.460 -1.240 -2.126 -3.047 -3.917 -4.723 -5.474 -6.187 -6.877 -7.556 -8.228 -8.898 -9.566 -9.999 -9.999 -9.999 -9.999 -9.999 -9.999 -9.999 -9.999
7.600 -0.697 -0.697 -0.695 -0.696 -0.696 -0.696 -0.696 -0.696 -0.695 -0.693 -0.686 -0.670 -0.640 -0.580 -0.497 -0.386 -0.245 -0.199 -0.726 -1.581 -2.457 -3.347 -4.183 -4.962 -5.694 -6.397 -7.082 -7.758 -8.429 -9.098 -9.766 -9.999 -9.999 -9.999 -9.999 -9.999 -9.999 -9.999 -9.999
7.700 -0.706 -0.706 -0.705 -0.705 -0.705 -0.705 -0.705 -0.705 -0.705 -0.703 -0.698 -0.686 -0.664 -0.614 -0.546 -0.449 -0.335 -0.398 -1.043 -1.892 -2.766 -3.625 -4.431 -5.188 -5.907 -6.603 -7.285 -7.960 -8.630 -9.299 -9.966 -9.999 -9.999 -9.999 -9.999 -9.999 -9.999 -9.999 -9.999
7.800 -0.718 -0.718 -0.717 -0.717 -0.717 -0.717 -0.717 -0.717 -0.717 -0.715 -0.711 -0.705 -0.684 -0.644 -0.589 -0.511 -0.436 -0.643 -1.380 -2.185 -3.054 -3.882 -4.664 -5.405 -6.116 -6.807 -7.487 -8.161 -8.831 -9.499 -9.999 -9.999 -9.999 -9.999 -9.999 -9.999 -9.999 -9.999 -9.999
7.900 -0.732 -0.732 -0.731 -0.731 -0.731 -0.731 -0.732 -0.732 -0.732 -0.730 -0.728 -0.723 -0.704 -0.675 -0.632 -0.577 -0.562 -0.867 -1.703 -2.482 -3.320 -4.122 -4.886 -5.616 -6.322 -7.010 -7.688 -8.361 -9.031 -9.699 -9.999 -9.999 -9.999 -9.999 -9.999 -9.999 -9.999 -9.999 -9.999
8.000 -0.749 -0.749 -0.747 -0.747 -0.747 -0.747 -0.748 -0.748 -0.748 -0.747 -0.745 -0.741 -0.725 -0.705 -0.677 -0.648 -0.717 -1.189 -1.977 -2.756 -3.568 -4.349 -5.100 -5.824 -6.525 -7.212 -7.889 -8.561 -9.231 -9.899 -9.999 -9.999 -9.999 -9.999 -9.999 -9.999 -9.999 -9.999 -9.999
8.100 -0.769 -0.769 -0.767 -0.767 -0.767 -0.767 -0.767 -0.767 -0.767 -0.767 -0.767 -0.761 -0.752 -0.738 -0.727 -0.732 -0.917 -1.515 -2.201 -3.012 -3.801 -4.568 -5.310 -6.028 -6.727 -7.413 -8.090 -8.762 -9.431 -9.999 -9.999 -9.999 -9.999 -9.999 -9.999 -9.999 -9.999 -9.999 -9.999
8.300 -0.822 -0.822 -0.820 -0.820 -0.820 -0.821 -0.821 -0.821 -0.821 -0.821 -0.821 -0.817 -0.818 -0.823 -0.853 -0.972 -1.433 -2.041 -2.709 -3.478 -4.239 -4.987 -5.720 -6.433 -7.130 -7.814 -8.490 -9.162 -9.831 -9.999 -9.999 -9.999 -9.999 -9.999 -9.999 -9.999 -9.999 -9.999 -9.999
8.500 -0.891 -0.892 -0.891 -0.891 -0.891 -0.891 -0.891 -0.891 -0.892 -0.891 -0.891 -0.893 -0.903 -0.934 -1.035 -1.367 -1.985 -2.420 -3.163 -3.908 -4.655 -5.396 -6.124 -6.835 -7.531 -8.214 -8.890 -9.562 -9.999 -9.999 -9.999 -9.999 -9.999 -9.999 -9.999 -9.999 -9.999 -9.999 -9.999
8.700  0.364 -0.132 -0.655 -0.904 -0.966 -0.975 -0.976 -0.976 -0.977 -0.976 -0.978 -0.985 -1.008 -1.086 -1.336 -1.855 -2.209 -2.861 -3.586 -4.321 -5.061 -5.799 -6.525 -7.236 -7.931 -8.615 -9.291 -9.962 -9.999 -9.999 -9.999 -9.999 -9.999 -9.999 -9.999 -9.999 -9.999 -9.999 -9.999
8.900  1.883  1.389  0.891  0.392 -0.106 -0.585 -0.946 -1.068 -1.088 -1.096 -1.109 -1.134 -1.197 -1.387 -1.835 -2.199 -2.590 -3.281 -3.996 -4.726 -5.464 -6.200 -6.926 -7.636 -8.331 -9.015 -9.691 -9.999 -9.999 -9.999 -9.999 -9.999 -9.999 -9.999 -9.999 -9.999 -9.999 -9.999 -9.999
9.100  1.925  1.797  1.541  1.159  0.704  0.220 -0.273 -0.747 -1.087 -1.197 -1.230 -1.277 -1.406 -1.779 -2.200 -2.374 -2.998 -3.688 -4.400 -5.128 -5.865 -6.601 -7.326 -8.036 -8.731 -9.415 -9.999 -9.999 -9.999 -9.999 -9.999 -9.999 -9.999 -9.999 -9.999 -9.999 -9.999 -9.999 -9.999
9.300  0.857  0.852  0.837  0.793  0.677  0.437  0.067 -0.381 -0.844 -1.199 -1.339 -1.440 -1.711 -2.162 -2.381 -2.756 -3.401 -4.090 -4.801 -5.529 -6.265 -7.001 -7.726 -8.436 -9.131 -9.815 -9.999 -9.999 -9.999 -9.999 -9.999 -9.999 -9.999 -9.999 -9.999 -9.999 -9.999 -9.999 -9.999
9.500 -0.018 -0.019 -0.020 -0.024 -0.037 -0.074 -0.175 -0.395 -0.745 -1.144 -1.419 -1.650 -2.106 -2.362 -2.590 -3.145 -3.802 -4.492 -5.202 -5.929 -6.665 -7.401 -8.126 -8.836 -9.531 -9.999 -9.999 -9.999 -9.999 -9.999 -9.999 -9.999 -9.999 -9.999 -9.999 -9.999 -9.999 -9.999 -9.999
9.700 -0.762 -0.762 -0.762 -0.763 -0.764 -0.769 -0.784 -0.829 -0.946 -1.185 -1.510 -1.999 -2.295 -2.432 -2.936 -3.538 -4.201 -4.892 -5.602 -6.329 -7.065 -7.801 -8.526 -9.236 -9.931 -9.999 -9.999 -9.999 -9.999 -9.999 -9.999 -9.999 -9.999 -9.999 -9.999 -9.999 -9.999 -9.999 -9.999
9.900 -1.449 -1.449 -1.449 -1.449 -1.450 -1.451 -1.455 -1.468 -1.506 -1.615 -1.929 -2.286 -2.348 -2.684 -3.303 -3.934 -4.601 -5.292 -6.002 -6.729 -7.465 -8.201 -8.926 -9.636 -9.999 -9.999 -9.999 -9.999 -9.999 -9.999 -9.999 -9.999 -9.999 -9.999 -9.999 -9.999 -9.999 -9.999 -9.999
