0.0000   0.9900   0.0100
3.750 -8.750 -8.250 -7.750 -7.250 -6.750 -6.250 -3.572 -3.648 -3.721 -3.789 -3.851 -3.886 -3.893 -3.873 -3.806 -3.657 -3.400 -3.073 -2.604 -2.128 -1.628  1.750  2.250  2.750  3.249  3.748  4.224  4.476  4.047  3.244  2.302  1.278  0.349 -0.385 -1.287 -2.287 -3.286 -4.285 -5.283
3.800 -8.400 -7.900 -7.400 -6.900 -6.400 -5.900 -3.586 -3.568 -3.569 -3.589 -3.623 -3.670 -3.705 -3.679 -3.559 -3.353 -3.098 -2.789 -2.479 -2.018 -1.501  2.100  2.599  3.099  3.599  4.093  4.526  4.524  3.907  3.067  2.109  1.080  0.181 -0.529 -1.487 -2.487 -3.486 -4.485 -5.482
3.850 -8.050 -7.550 -7.050 -6.550 -6.050 -5.550 -3.516 -3.513 -3.509 -3.504 -3.501 -3.491 -3.478 -3.444 -3.338 -3.117 -2.809 -2.474 -2.137 -1.818 -1.382  2.449  2.949  3.448  3.946  4.429  4.753  4.462  3.752  2.886  1.914  0.885  0.016 -0.687 -1.687 -2.686 -3.686 -4.684 -5.681
3.900 -7.700 -7.200 -6.700 -6.200 -5.700 -5.200 -3.103 -3.253 -3.356 -3.407 -3.419 -3.407 -3.350 -3.244 -3.082 -2.853 -2.554 -2.209 -1.849 -1.523 -1.123  2.798  3.297  3.795  4.289  4.740  4.856  4.343  3.589  2.704  1.718  0.702 -0.146 -0.887 -1.887 -2.886 -3.885 -4.883 -5.879
3.950 -7.350 -6.850 -6.350 -1.730 -1.972 -2.200 -2.416 -2.624 -2.813 -2.984 -3.113 -3.194 -3.202 -3.092 -2.879 -2.593 -2.268 -1.924 -1.569 -1.185 -0.881  3.144  3.641  4.137  4.620  4.990  4.835  4.201  3.422  2.521  1.522  0.521 -0.304 -1.087 -2.087 -3.086 -4.085 -5.082 -6.077
4.000 -7.000 -6.500 -1.069 -1.205 -1.363 -1.550 -1.747 -1.952 -2.147 -2.332 -2.499 -2.632 -2.721 -2.721 -2.610 -2.374 -2.058 -1.703 -1.331 -0.965 -0.596  3.485  3.978  4.466  4.922  5.131  4.738  4.051  3.252  2.335  1.325  0.342 -0.460 -1.287 -2.286 -3.286 -4.284 -5.281 -6.274
4.050 -6.650 -6.150 -0.992 -0.994 -1.030 -1.105 -1.220 -1.367 -1.517 -1.657 -1.782 -1.873 -1.935 -1.941 -1.892 -1.773 -1.585 -1.321 -1.001 -0.651 -0.291  3.813  4.296  4.766  5.160  5.146  4.609  3.896  3.079  2.146  1.128  0.166 -0.612 -1.487 -2.486 -3.485 -4.484 -5.480 -6.471
4.100 -6.300 -5.800 -0.966 -0.962 -0.959 -0.958 -0.964 -0.985 -1.018 -1.058 -1.090 -1.106 -1.104 -1.078 -1.031 -0.951 -0.838 -0.685 -0.485 -0.235  0.075  4.109  4.572  5.008  5.294  5.074  4.468  3.739  2.903  1.955  0.930 -0.008 -0.762 -1.687 -2.686 -3.685 -4.683 -5.678 -6.667
4.150 -5.950 -5.450 -0.963 -0.950 -0.937 -0.923 -0.901 -0.855 -0.772 -0.665 -0.556 -0.465 -0.388 -0.315 -0.245 -0.161 -0.065  0.056  0.204  0.387  0.608  4.347  4.774  5.158  5.318  4.962  4.322  3.579  2.724  1.762  0.731 -0.179 -0.909 -1.886 -2.886 -3.885 -4.882 -5.875 -6.862
4.200 -5.600 -5.100 -0.967 -0.957 -0.941 -0.919 -0.887 -0.831 -0.724 -0.543 -0.308 -0.075  0.122  0.269  0.390  0.501  0.613  0.738  0.878  1.029  1.190  4.495  4.882  5.213  5.267  4.834  4.173  3.416  2.541  1.566  0.540 -0.347 -1.087 -2.086 -3.086 -4.084 -5.080 -6.072 -7.056
4.250 -5.250 -4.750 -0.963 -0.957 -0.944 -0.924 -0.890 -0.829 -0.717 -0.535 -0.272  0.047  0.365  0.635  0.841  1.003  1.153  1.298  1.434  1.571  1.728  4.553  4.909  5.198  5.177  4.698  4.023  3.251  2.360  1.370  0.355 -0.512 -1.286 -2.286 -3.285 -4.283 -5.278 -6.269 -7.248
4.300 -4.900 -4.400 -0.947 -0.944 -0.936 -0.921 -0.894 -0.841 -0.735 -0.553 -0.294  0.037  0.415  0.787  1.104  1.353  1.541  1.705  1.856  2.002  2.145  4.549  4.886  5.148  5.071  4.560  3.870  3.082  2.176  1.174  0.171 -0.674 -1.486 -2.486 -3.485 -4.482 -5.476 -6.464 -7.439
4.350 -4.550 -4.050 -0.877 -0.903 -0.911 -0.904 -0.884 -0.840 -0.750 -0.587 -0.336 -0.001  0.394  0.812  1.216  1.560  1.828  2.024  2.193  2.344  2.475  4.512  4.840  5.080  4.956  4.419  3.716  2.911  1.989  0.977 -0.010 -0.832 -1.686 -2.686 -3.684 -4.681 -5.673 -6.658 -7.627
4.400 -4.200 -3.700 -0.706 -0.757 -0.805 -0.836 -0.840 -0.812 -0.741 -0.606 -0.384 -0.066  0.331  0.774  1.229  1.650  1.999  2.273  2.482  2.645  2.789  4.460  4.782  5.003  4.836  4.276  3.560  2.737  1.799  0.779 -0.189 -0.988 -1.886 -2.885 -3.883 -4.879 -5.870 -6.851 -7.812
4.450 -3.850 -3.351 -0.660 -0.657 -0.662 -0.680 -0.700 -0.697 -0.650 -0.540 -0.349 -0.066  0.308  0.751  1.219  1.676  2.093  2.438  2.709  2.925  3.086  4.402  4.721  4.922  4.713  4.131  3.402  2.560  1.607  0.581 -0.366 -1.140 -2.086 -3.085 -4.082 -5.077 -6.066 -7.042 -7.995
4.500 -3.501 -3.002 -0.648 -0.639 -0.623 -0.595 -0.551 -0.499 -0.437 -0.346 -0.195  0.035  0.348  0.747  1.203  1.680  2.143  2.547  2.886  3.159  3.345  4.342  4.657  4.837  4.587  3.984  3.241  2.380  1.413  0.382 -0.540 -1.289 -2.286 -3.284 -4.281 -5.274 -6.260 -7.231 -8.174
4.550 -3.152 -2.655 -0.645 -0.631 -0.612 -0.579 -0.512 -0.391 -0.227 -0.060  0.114  0.313  0.558  0.871  1.257  1.706  2.177  2.630  3.026  3.336  3.563  4.281  4.592  4.748  4.459  3.835  3.078  2.198  1.217  0.193 -0.711 -1.486 -2.485 -3.484 -4.480 -5.471 -6.453 -7.418 -8.349
4.600 -2.803 -2.311 -0.648 -0.635 -0.614 -0.579 -0.512 -0.383 -0.167  0.119  0.412  0.665  0.897  1.150  1.442  1.805  2.237  2.700  3.129  3.478  3.744  4.220  4.525  4.656  4.328  3.685  2.911  2.015  1.021  0.006 -0.879 -1.686 -2.685 -3.683 -4.678 -5.667 -6.645 -7.601 -8.519
4.650 -2.458 -1.973 -0.642 -0.631 -0.614 -0.583 -0.521 -0.399 -0.188  0.129  0.527  0.916  1.236  1.495  1.740  2.022  2.377  2.803  3.228  3.600  3.902  4.158  4.458  4.561  4.194  3.533  2.742  1.830  0.825 -0.180 -1.044 -1.886 -2.884 -3.882 -4.875 -5.862 -6.835 -7.781 -8.685
4.700 -2.117 -1.651 -0.641 -0.628 -0.610 -0.581 -0.527 -0.418 -0.224  0.075  0.471  0.936  1.393  1.765  2.054  2.308  2.598  2.953  3.347  3.727  4.048  4.096  4.390  4.461  4.057  3.378  2.570  1.643  0.627 -0.363 -1.206 -2.085 -3.084 -4.080 -5.072 -6.056 -7.022 -7.958 -8.845
4.750 -1.787 -1.357 -0.639 -0.628 -0.604 -0.579 -0.529 -0.434 -0.261  0.012  0.380  0.830  1.337  1.835  2.252  2.574  2.862  3.165  3.503  3.860  4.186  4.034  4.321  4.358  3.918  3.222  2.395  1.452  0.429 -0.545 -1.364 -2.285 -3.283 -4.278 -5.269 -6.248 -7.207 -8.130 -8.999
4.800 -1.478 -1.110 -0.641 -0.624 -0.604 -0.577 -0.530 -0.440 -0.283 -0.032  0.311  0.732  1.216  1.745  2.269  2.714  3.068  3.378  3.686  4.009  4.325  3.972  4.250  4.251  3.777  3.063  2.217  1.259  0.231 -0.725 -1.520 -2.484 -3.482 -4.476 -5.464 -6.438 -7.388 -8.297 -9.148
4.850 -1.209 -0.930 -0.640 -0.625 -0.605 -0.576 -0.530 -0.447 -0.300 -0.063  0.261  0.658  1.120  1.631  2.180  2.710  3.160  3.533  3.856  4.166  4.462  3.910  4.177  4.141  3.633  2.902  2.035  1.064  0.035 -0.902 -1.685 -2.684 -3.681 -4.673 -5.658 -6.627 -7.566 -8.459 -9.291
4.900 -1.000 -0.816 -0.631 -0.616 -0.597 -0.568 -0.522 -0.441 -0.303 -0.082  0.230  0.618  1.063  1.562  2.103  2.651  3.164  3.608  3.978  4.301  4.579  3.847  4.103  4.026  3.487  2.738  1.854  0.869 -0.155 -1.076 -1.885 -2.883 -3.879 -4.870 -5.851 -6.812 -7.740 -8.615 -9.428
4.950 -0.859 -0.754 -0.610 -0.597 -0.576 -0.547 -0.502 -0.426 -0.294 -0.082  0.221  0.607  1.046  1.534  2.061  2.603  3.141  3.632  4.051  4.399  4.675  3.784  4.026  3.908  3.339  2.571  1.670  0.672 -0.344 -1.247 -2.084 -3.082 -4.077 -5.065 -6.042 -6.995 -7.908 -8.766 -9.560
5.000 -0.777 -0.723 -0.564 -0.557 -0.544 -0.516 -0.471 -0.397 -0.273 -0.071  0.227  0.613  1.052  1.535  2.060  2.590  3.134  3.645  4.093  4.462  4.720  3.721  3.947  3.786  3.189  2.401  1.485  0.475 -0.532 -1.416 -2.284 -3.281 -4.274 -5.260 -6.231 -7.174 -8.072 -8.910 -9.688
5.050 -0.735 -0.709 -0.494 -0.484 -0.470 -0.449 -0.409 -0.336 -0.213 -0.020  0.269  0.649  1.084  1.567  2.089  2.613  3.152  3.666  4.124  4.493  4.726  3.657  3.866  3.659  3.036  2.228  1.363  0.519 -0.483 -1.484 -2.483 -3.479 -4.471 -5.453 -6.417 -7.349 -8.230 -9.050 -9.811
5.100 -0.715 -0.702 -0.426 -0.407 -0.387 -0.359 -0.315 -0.246 -0.128  0.054  0.316  0.676  1.112  1.601  2.112  2.648  3.186  3.693  4.141  4.492  4.690  3.593  3.781  3.530  2.880  2.059  1.185  0.321 -0.683 -1.684 -2.682 -3.677 -4.667 -5.645 -6.601 -7.519 -8.383 -9.184 -9.930
5.150 -0.706 -0.700 -0.393 -0.355 -0.316 -0.272 -0.215 -0.131 -0.005  0.171  0.420  0.760  1.178  1.656  2.157  2.688  3.215  3.704  4.127  4.446  4.611  3.529  3.694  3.396  2.722  1.888  1.006  0.120 -0.883 -1.883 -2.881 -3.875 -4.862 -5.835 -6.781 -7.685 -8.529 -9.313 -9.999
5.200 -0.702 -0.699 -0.404 -0.356 -0.300 -0.236 -0.154 -0.044  0.107  0.305  0.555  0.876  1.268  1.728  2.213  2.720  3.217  3.672  4.064  4.353  4.499  3.464  3.602  3.260  2.561  1.714  0.828 -0.080 -1.083 -2.083 -3.080 -4.072 -5.056 -6.022 -6.958 -7.845 -8.671 -9.437 -9.999
5.250 -0.700 -0.698 -0.462 -0.405 -0.340 -0.260 -0.159 -0.026  0.154  0.380  0.644  0.952  1.333  1.774  2.239  2.715  3.170  3.585  3.948  4.218  4.364  3.399  3.507  3.120  2.396  1.540  0.652 -0.280 -1.282 -2.282 -3.278 -4.268 -5.248 -6.207 -7.130 -7.999 -8.806 -9.557 -9.999
5.300 -0.699 -0.698 -0.531 -0.473 -0.403 -0.318 -0.208 -0.058  0.145  0.399  0.690  1.014  1.383  1.797  2.233  2.669  3.078  3.457  3.798  4.061  4.216  3.333  3.408  2.976  2.229  1.363  0.477 -0.480 -1.482 -2.481 -3.476 -4.464 -5.438 -6.388 -7.297 -8.148 -8.937 -9.674 -9.999
5.350 -0.699 -0.698 -0.601 -0.556 -0.493 -0.409 -0.298 -0.146  0.069  0.347  0.667  1.011  1.381  1.781  2.187  2.587  2.957  3.308  3.634  3.898  4.065  3.266  3.304  2.830  2.058  1.185  0.304 -0.680 -1.681 -2.680 -3.673 -4.658 -5.627 -6.566 -7.459 -8.291 -9.063 -9.788 -9.999
5.400 -0.699 -0.698 -0.649 -0.618 -0.570 -0.500 -0.400 -0.256 -0.043  0.250  0.600  0.970  1.348  1.733  2.116  2.487  2.827  3.156  3.469  3.739  3.915  3.199  3.196  2.680  1.886  1.004  0.126 -0.880 -1.881 -2.878 -3.869 -4.851 -5.812 -6.740 -7.615 -8.428 -9.184 -9.900 -9.999
5.450 -0.699 -0.698 -0.677 -0.660 -0.628 -0.573 -0.488 -0.354 -0.148  0.150  0.517  0.906  1.293  1.670  2.035  2.382  2.698  3.010  3.313  3.590  3.768  3.130  3.083  2.527  1.716  0.823 -0.075 -1.079 -2.080 -3.076 -4.065 -5.042 -5.995 -6.908 -7.766 -8.560 -9.302 -9.999 -9.999
5.500 -0.699 -0.698 -0.687 -0.680 -0.662 -0.627 -0.562 -0.449 -0.259  0.033  0.410  0.820  1.222  1.601  1.951  2.277  2.575  2.874  3.168  3.451  3.630  3.060  2.965  2.371  1.542  0.641 -0.275 -1.279 -2.279 -3.273 -4.260 -5.231 -6.174 -7.072 -7.910 -8.688 -9.417 -9.999 -9.999
5.550 -0.699 -0.699 -0.691 -0.688 -0.679 -0.659 -0.616 -0.526 -0.360 -0.085  0.299  0.727  1.147  1.526  1.866  2.178  2.461  2.748  3.037  3.321  3.497  2.988  2.843  2.211  1.367  0.459 -0.475 -1.478 -2.477 -3.470 -4.453 -5.417 -6.349 -7.230 -8.050 -8.811 -9.530 -9.999 -9.999
5.600 -0.699 -0.699 -0.694 -0.691 -0.686 -0.674 -0.646 -0.584 -0.449 -0.197  0.177  0.623  1.062  1.451  1.786  2.086  2.358  2.634  2.918  3.199  3.370  2.913  2.715  2.048  1.190  0.279 -0.675 -1.678 -2.676 -3.666 -4.645 -5.601 -6.519 -7.383 -8.184 -8.930 -9.640 -9.999 -9.999
5.650 -0.699 -0.699 -0.694 -0.692 -0.688 -0.679 -0.661 -0.619 -0.522 -0.316  0.034  0.484  0.953  1.365  1.708  2.002  2.266  2.532  2.812  3.085  3.252  2.835  2.583  1.881  1.011  0.101 -0.874 -1.877 -2.873 -3.861 -4.834 -5.781 -6.685 -7.529 -8.313 -9.046 -9.748 -9.999 -9.999
5.700 -0.699 -0.699 -0.696 -0.693 -0.689 -0.682 -0.668 -0.635 -0.562 -0.404 -0.100  0.339  0.829  1.272  1.628  1.924  2.185  2.443  2.718  2.982  3.139  2.777  2.449  1.711  0.829 -0.076 -1.074 -2.076 -3.070 -4.055 -5.022 -5.958 -6.845 -7.670 -8.437 -9.159 -9.854 -9.999 -9.999
5.750 -0.699 -0.699 -0.696 -0.694 -0.690 -0.683 -0.671 -0.645 -0.586 -0.461 -0.211  0.203  0.704  1.170  1.546  1.848  2.109  2.362  2.632  2.886  3.027  2.687  2.306  1.541  0.646 -0.267 -1.273 -2.274 -3.267 -4.247 -5.207 -6.130 -6.999 -7.806 -8.557 -9.270 -9.959 -9.999 -9.999
5.800 -0.699 -0.699 -0.696 -0.694 -0.691 -0.685 -0.673 -0.649 -0.599 -0.493 -0.284  0.086  0.581  1.062  1.458  1.770  2.035  2.287  2.553  2.797  2.918  2.593  2.159  1.369  0.461 -0.467 -1.473 -2.472 -3.462 -4.438 -5.388 -6.297 -7.148 -7.937 -8.674 -9.378 -9.999 -9.999 -9.999
5.850 -0.699 -0.699 -0.695 -0.694 -0.691 -0.685 -0.675 -0.652 -0.607 -0.515 -0.329  0.005  0.475  0.959  1.371  1.693  1.964  2.219  2.481  2.713  2.817  2.492  2.007  1.193  0.276 -0.666 -1.672 -2.669 -3.656 -4.626 -5.566 -6.459 -7.291 -8.063 -8.788 -9.485 -9.999 -9.999 -9.999
5.900 -0.699 -0.699 -0.695 -0.694 -0.691 -0.687 -0.677 -0.657 -0.615 -0.530 -0.363 -0.060  0.381  0.863  1.286  1.621  1.898  2.158  2.416  2.632  2.716  2.386  1.851  1.017  0.091 -0.866 -1.870 -2.866 -3.849 -4.812 -5.739 -6.615 -7.428 -8.184 -8.900 -9.591 -9.999 -9.999 -9.999
5.950 -0.699 -0.699 -0.694 -0.693 -0.690 -0.685 -0.676 -0.657 -0.619 -0.541 -0.386 -0.104  0.312  0.780  1.208  1.555  1.841  2.104  2.355  2.549  2.615  2.273  1.690  0.838 -0.093 -1.065 -2.069 -3.062 -4.040 -4.994 -5.908 -6.765 -7.560 -8.302 -9.009 -9.696 -9.999 -9.999 -9.999
6.000 -0.700 -0.700 -0.693 -0.691 -0.687 -0.681 -0.672 -0.655 -0.621 -0.548 -0.403 -0.132  0.268  0.726  1.152  1.504  1.796  2.059  2.297  2.463  2.523  2.154  1.525  0.657 -0.275 -1.265 -2.266 -3.256 -4.229 -5.173 -6.072 -6.910 -7.688 -8.417 -9.117 -9.799 -9.999 -9.999 -9.999
6.100 -0.700 -0.700 -0.695 -0.691 -0.684 -0.674 -0.662 -0.643 -0.610 -0.549 -0.423 -0.182  0.179  0.615  1.044  1.414  1.717  1.969  2.165  2.305  2.345  1.897  1.188  0.287 -0.654 -1.662 -2.660 -3.642 -4.600 -5.519 -6.382 -7.183 -7.930 -8.640 -9.328 -9.999 -9.999 -9.999 -9.999
6.200 -0.700 -0.700 -0.699 -0.697 -0.693 -0.684 -0.666 -0.637 -0.594 -0.528 -0.412 -0.203  0.122  0.539  0.966  1.335  1.618  1.844  2.000  2.133  2.146  1.616  0.839 -0.089 -1.053 -2.057 -3.049 -4.019 -4.956 -5.844 -6.670 -7.437 -8.159 -8.854 -9.535 -9.999 -9.999 -9.999 -9.999
6.300 -0.701 -0.701 -0.700 -0.699 -0.698 -0.695 -0.686 -0.665 -0.618 -0.532 -0.395 -0.186  0.119  0.509  0.907  1.238  1.489  1.676  1.817  1.976  1.922  1.313  0.482 -0.463 -1.449 -2.450 -3.432 -4.385 -5.295 -6.147 -6.936 -7.674 -8.378 -9.064 -9.739 -9.999 -9.999 -9.999 -9.999
6.400 -0.701 -0.701 -0.701 -0.700 -0.699 -0.698 -0.695 -0.685 -0.659 -0.593 -0.445 -0.199  0.118  0.483  0.825  1.093  1.307  1.480  1.636  1.813  1.678  0.989  0.113 -0.836 -1.844 -2.837 -3.806 -4.736 -5.613 -6.427 -7.184 -7.900 -8.591 -9.270 -9.942 -9.999 -9.999 -9.999 -9.999
6.500 -0.702 -0.702 -0.702 -0.701 -0.701 -0.700 -0.698 -0.692 -0.677 -0.637 -0.530 -0.303  0.034  0.381  0.673  0.903  1.097  1.272  1.468  1.645  1.409  0.653 -0.264 -1.232 -2.235 -3.218 -4.168 -5.069 -5.909 -6.687 -7.417 -8.116 -8.799 -9.474 -9.999 -9.999 -9.999 -9.999 -9.999
6.600 -0.703 -0.703 -0.702 -0.702 -0.702 -0.701 -0.700 -0.696 -0.686 -0.659 -0.585 -0.418 -0.127  0.201  0.476  0.695  0.880  1.074  1.311  1.466  1.117  0.304 -0.641 -1.625 -2.621 -3.589 -4.513 -5.379 -6.182 -6.929 -7.639 -8.327 -9.004 -9.676 -9.999 -9.999 -9.999 -9.999 -9.999
6.700 -0.704 -0.704 -0.703 -0.703 -0.703 -0.703 -0.702 -0.699 -0.692 -0.673 -0.620 -0.500 -0.275  0.007  0.268  0.485  0.678  0.901  1.162  1.272  0.802 -0.060 -1.014 -2.014 -2.998 -3.945 -4.838 -5.667 -6.435 -7.158 -7.854 -8.534 -9.208 -9.878 -9.999 -9.999 -9.999 -9.999 -9.999
6.800 -0.705 -0.705 -0.705 -0.704 -0.704 -0.704 -0.704 -0.702 -0.697 -0.683 -0.646 -0.559 -0.392 -0.163  0.071  0.286  0.496  0.754  1.024  1.060  0.472 -0.434 -1.400 -2.397 -3.365 -4.284 -5.141 -5.933 -6.673 -7.378 -8.063 -8.739 -9.410 -9.999 -9.999 -9.999 -9.999 -9.999 -9.999
6.900 -0.707 -0.707 -0.706 -0.706 -0.706 -0.706 -0.705 -0.704 -0.700 -0.689 -0.662 -0.599 -0.476 -0.292 -0.079  0.123  0.362  0.636  0.894  0.820  0.125 -0.812 -1.786 -2.771 -3.716 -4.602 -5.421 -6.181 -6.898 -7.590 -8.269 -8.942 -9.611 -9.999 -9.999 -9.999 -9.999 -9.999 -9.999
7.000 -0.709 -0.709 -0.708 -0.708 -0.708 -0.708 -0.707 -0.705 -0.701 -0.691 -0.669 -0.621 -0.527 -0.380 -0.198  0.012  0.270  0.537  0.761  0.549 -0.234 -1.183 -2.165 -3.132 -4.047 -4.896 -5.680 -6.413 -7.115 -7.798 -8.473 -9.144 -9.812 -9.999 -9.999 -9.999 -9.999 -9.999 -9.999
7.100 -0.711 -0.711 -0.711 -0.711 -0.711 -0.710 -0.710 -0.709 -0.704 -0.692 -0.669 -0.624 -0.544 -0.420 -0.259 -0.051  0.187  0.436  0.604  0.249 -0.604 -1.553 -2.534 -3.476 -4.357 -5.169 -5.922 -6.635 -7.326 -8.004 -8.676 -9.345 -9.999 -9.999 -9.999 -9.999 -9.999 -9.999 -9.999
7.200 -0.715 -0.715 -0.714 -0.714 -0.714 -0.714 -0.714 -0.713 -0.709 -0.700 -0.676 -0.628 -0.548 -0.436 -0.293 -0.107  0.096  0.328  0.425 -0.079 -1.017 -1.926 -2.888 -3.800 -4.644 -5.422 -6.151 -6.850 -7.533 -8.207 -8.877 -9.546 -9.999 -9.999 -9.999 -9.999 -9.999 -9.999 -9.999
7.300 -0.719 -0.719 -0.718 -0.718 -0.718 -0.718 -0.718 -0.717 -0.715 -0.708 -0.690 -0.647 -0.570 -0.465 -0.337 -0.185 -0.002  0.212  0.209 -0.540 -1.357 -2.288 -3.224 -4.101 -4.909 -5.659 -6.370 -7.059 -7.737 -8.409 -9.078 -9.746 -9.999 -9.999 -9.999 -9.999 -9.999 -9.999 -9.999
7.400 -0.724 -0.724 -0.723 -0.723 -0.723 -0.723 -0.723 -0.722 -0.721 -0.716 -0.704 -0.671 -0.609 -0.519 -0.403 -0.270 -0.097  0.092 -0.037 -0.831 -1.691 -2.633 -3.539 -4.379 -5.155 -5.884 -6.583 -7.266 -7.940 -8.610 -9.279 -9.946 -9.999 -9.999 -9.999 -9.999 -9.999 -9.999 -9.999
7.500 -0.730 -0.730 -0.729 -0.729 -0.729 -0.729 -0.729 -0.729 -0.728 -0.724 -0.716 -0.692 -0.648 -0.575 -0.472 -0.349 -0.184 -0.042 -0.415 -1.160 -2.039 -2.959 -3.830 -4.636 -5.387 -6.100 -6.791 -7.469 -8.142 -8.811 -9.479 -9.999 -9.999 -9.999 -9.999 -9.999 -9.999 -9.999 -9.999
7.600 -0.738 -0.738 -0.736 -0.736 -0.736 -0.737 -0.737 -0.736 -0.736 -0.733 -0.727 -0.710 -0.681 -0.619 -0.532 -0.418 -0.269 -0.195 -0.667 -1.494 -2.372 -3.263 -4.099 -4.877 -5.609 -6.311 -6.996 -7.672 -8.343 -9.012 -9.679 -9.999 -9.999 -9.999 -9.999 -9.999 -9.999 -9.999 -9.999
7.700 -0.747 -0.747 -0.746 -0.746 -0.746 -0.746 -0.746 -0.746 -0.745 -0.744 -0.738 -0.727 -0.705 -0.653 -0.582 -0.480 -0.356 -0.380 -0.972 -1.799 -2.686 -3.544 -4.349 -5.105 -5.823 -6.518 -7.199 -7.873 -8.544 -9.212 -9.880 -9.999 -9.999 -9.999 -9.999 -9.999 -9.999 -9.999 -9.999
7.800 -0.759 -0.759 -0.757 -0.757 -0.757 -0.757 -0.758 -0.758 -0.757 -0.756 -0.752 -0.745 -0.725 -0.683 -0.624 -0.542 -0.452 -0.608 -1.301 -2.109 -2.977 -3.804 -4.584 -5.323 -6.032 -6.722 -7.401 -8.074 -8.744 -9.412 -9.999 -9.999 -9.999 -9.999 -9.999 -9.999 -9.999 -9.999 -9.999
7.900 -0.773 -0.773 -0.772 -0.772 -0.772 -0.772 -0.772 -0.773 -0.772 -0.771 -0.768 -0.764 -0.745 -0.714 -0.668 -0.606 -0.570 -0.805 -1.618 -2.409 -3.247 -4.047 -4.808 -5.535 -6.238 -6.925 -7.603 -8.275 -8.944 -9.612 -9.999 -9.999 -9.999 -9.999 -9.999 -9.999 -9.999 -9.999 -9.999
8.000 -0.790 -0.790 -0.788 -0.788 -0.788 -0.788 -0.788 -0.788 -0.788 -0.787 -0.786 -0.782 -0.765 -0.743 -0.711 -0.672 -0.713 -1.117 -1.887 -2.688 -3.498 -4.276 -5.023 -5.743 -6.442 -7.127 -7.804 -8.475 -9.145 -9.813 -9.999 -9.999 -9.999 -9.999 -9.999 -9.999 -9.999 -9.999 -9.999
8.100 -0.810 -0.810 -0.808 -0.808 -0.808 -0.808 -0.808 -0.808 -0.808 -0.807 -0.808 -0.802 -0.790 -0.776 -0.759 -0.751 -0.896 -1.436 -2.136 -2.947 -3.734 -4.496 -5.233 -5.948 -6.644 -7.328 -8.004 -8.676 -9.345 -9.999 -9.999 -9.999 -9.999 -9.999 -9.999 -9.999 -9.999 -9.999 -9.999
8.300 -0.863 -0.863 -0.861 -0.861 -0.861 -0.861 -0.862 -0.862 -0.861 -0.862 -0.862 -0.858 -0.856 -0.858 -0.880 -0.974 -1.381 -1.954 -2.651 -3.418 -4.174 -4.917 -5.644 -6.353 -7.047 -7.729 -8.405 -9.076 -9.745 -9.999 -9.999 -9.999 -9.999 -9.999 -9.999 -9.999 -9.999 -9.999 -9.999
8.500 -0.932 -0.932 -0.932 -0.932 -0.932 -0.932 -0.932 -0.932 -0.933 -0.932 -0.932 -0.933 -0.940 -0.967 -1.050 -1.331 -1.915 -2.367 -3.108 -3.850 -4.591 -5.326 -6.048 -6.755 -7.448 -8.130 -8.805 -9.476 -9.999 -9.999 -9.999 -9.999 -9.999 -9.999 -9.999 -9.999 -9.999 -9.999 -9.999
8.700  0.364 -0.133 -0.668 -0.931 -1.004 -1.016 -1.017 -1.017 -1.018 -1.017 -1.019 -1.024 -1.044 -1.110 -1.327 -1.796 -2.122 -2.812 -3.534 -4.264 -4.998 -5.729 -6.450 -7.156 -7.848 -8.530 -9.205 -9.876 -9.999 -9.999 -9.999 -9.999 -9.999 -9.999 -9.999 -9.999 -9.999 -9.999 -9.999
8.900  1.883  1.389  0.891  0.392 -0.106 -0.589 -0.966 -1.105 -1.128 -1.136 -1.148 -1.171 -1.226 -1.390 -1.790 -2.130 -2.547 -3.233 -3.945 -4.669 -5.401 -6.131 -6.851 -7.556 -8.248 -8.930 -9.605 -9.999 -9.999 -9.999 -9.999 -9.999 -9.999 -9.999 -9.999 -9.999 -9.999 -9.999 -9.999
9.100  1.911  1.787  1.535  1.157  0.703  0.219 -0.274 -0.751 -1.110 -1.234 -1.268 -1.310 -1.423 -1.750 -2.140 -2.340 -2.955 -3.641 -4.349 -5.071 -5.802 -6.531 -7.251 -7.956 -8.648 -9.330 -9.999 -9.999 -9.999 -9.999 -9.999 -9.999 -9.999 -9.999 -9.999 -9.999 -9.999 -9.999 -9.999
9.300  0.843  0.839  0.824  0.781  0.668  0.432  0.065 -0.382 -0.848 -1.219 -1.372 -1.465 -1.703 -2.107 -2.323 -2.719 -3.358 -4.044 -4.751 -5.472 -6.202 -6.931 -7.651 -8.356 -9.048 -9.730 -9.999 -9.999 -9.999 -9.999 -9.999 -9.999 -9.999 -9.999 -9.999 -9.999 -9.999 -9.999 -9.999
9.500 -0.030 -0.030 -0.032 -0.036 -0.048 -0.084 -0.183 -0.399 -0.747 -1.152 -1.440 -1.655 -2.052 -2.301 -2.562 -3.106 -3.759 -4.445 -5.151 -5.873 -6.602 -7.331 -8.051 -8.757 -9.448 -9.999 -9.999 -9.999 -9.999 -9.999 -9.999 -9.999 -9.999 -9.999 -9.999 -9.999 -9.999 -9.999 -9.999
9.700 -0.773 -0.773 -0.773 -0.774 -0.775 -0.780 -0.795 -0.838 -0.953 -1.188 -1.510 -1.966 -2.221 -2.370 -2.902 -3.498 -4.158 -4.846 -5.552 -6.273 -7.003 -7.731 -8.451 -9.157 -9.848 -9.999 -9.999 -9.999 -9.999 -9.999 -9.999 -9.999 -9.999 -9.999 -9.999 -9.999 -9.999 -9.999 -9.999
9.900 -1.461 -1.461 -1.461 -1.461 -1.461 -1.462 -1.466 -1.479 -1.515 -1.618 -1.908 -2.193 -2.270 -2.646 -3.264 -3.893 -4.558 -5.246 -5.952 -6.673 -7.403 -8.132 -8.851 -9.557 -9.999 -9.999 -9.999 -9.999 -9.999 -9.999 -9.999 -9.999 -9.999 -9.999 -9.999 -9.999 -9.999 -9.999 -9.999
