0.8000   0.1900   0.0100
3.750 -8.750 -8.250 -0.728 -0.893 -1.088 -1.298 -1.513 -1.725 -1.925 -2.093 -2.197 -2.204 -2.114 -1.954 -1.750 -1.531 -1.280 -0.994 -0.685 -0.337  0.041  1.749  2.249  2.749  3.249  3.746  4.198  4.282  3.688  2.818  1.836  0.804 -0.216 -1.061 -1.818 -2.817 -3.817 -4.815 -5.812
3.800 -8.400 -7.900 -0.509 -0.550 -0.632 -0.756 -0.908 -1.075 -1.237 -1.369 -1.448 -1.448 -1.367 -1.232 -1.046 -0.857 -0.633 -0.397 -0.149  0.126  0.415  2.099  2.599  3.099  3.598  4.087  4.457  4.246  3.529  2.635  1.639  0.605 -0.397 -1.220 -2.018 -3.017 -4.016 -5.015 -6.010
3.850 -8.050 -7.550 -0.480 -0.476 -0.472 -0.473 -0.493 -0.541 -0.603 -0.659 -0.689 -0.671 -0.604 -0.492 -0.345 -0.185  0.009  0.216  0.433  0.667  0.919  2.448  2.948  3.448  3.945  4.413  4.604  4.136  3.362  2.449  1.443  0.406 -0.576 -1.375 -2.218 -3.217 -4.216 -5.214 -6.209
3.900 -7.700 -7.200 -0.482 -0.472 -0.453 -0.416 -0.347 -0.251 -0.149 -0.058  0.018  0.086  0.160  0.253  0.368  0.490  0.646  0.818  1.002  1.202  1.415  2.797  3.297  3.796  4.288  4.697  4.618  3.996  3.189  2.260  1.245  0.207 -0.753 -1.527 -2.417 -3.417 -4.415 -5.412 -6.406
3.950 -7.350 -6.850 -0.483 -0.475 -0.458 -0.418 -0.335 -0.188  0.030  0.283  0.521  0.709  0.843  0.953  1.053  1.153  1.272  1.407  1.555  1.724  1.912  3.144  3.644  4.142  4.619  4.890  4.538  3.844  3.013  2.069  1.048  0.007 -0.926 -1.676 -2.617 -3.616 -4.615 -5.611 -6.603
4.000 -7.000 -6.500 -0.472 -0.472 -0.461 -0.429 -0.352 -0.201  0.041  0.370  0.736  1.074  1.333  1.512  1.643  1.750  1.852  1.954  2.078  2.217  2.378  3.490  3.989  4.483  4.918  4.953  4.414  3.686  2.834  1.875  0.849 -0.192 -1.097 -1.823 -2.817 -3.816 -4.814 -5.809 -6.799
4.050 -6.650 -6.150 -0.453 -0.450 -0.444 -0.423 -0.360 -0.221  0.018  0.357  0.764  1.194  1.576  1.876  2.088  2.232  2.343  2.446  2.551  2.668  2.801  3.833  4.330  4.813  5.146  4.906  4.273  3.524  2.653  1.680  0.651 -0.381 -1.265 -2.017 -3.017 -4.016 -5.013 -6.007 -6.995
4.100 -6.300 -5.800 -0.444 -0.439 -0.430 -0.408 -0.355 -0.237 -0.024  0.293  0.699  1.152  1.605  2.018  2.336  2.567  2.731  2.857  2.968  3.079  3.199  4.171  4.664  5.118  5.255  4.799  4.125  3.358  2.472  1.484  0.452 -0.566 -1.430 -2.217 -3.217 -4.215 -5.212 -6.204 -7.189
4.150 -5.950 -5.450 -0.435 -0.425 -0.414 -0.394 -0.345 -0.238 -0.049  0.235  0.612  1.057  1.541  2.015  2.433  2.767  3.006  3.176  3.314  3.435  3.556  4.502  4.986  5.366  5.244  4.668  3.974  3.190  2.288  1.288  0.253 -0.750 -1.591 -2.417 -3.416 -4.414 -5.410 -6.401 -7.382
4.200 -5.600 -5.100 -0.440 -0.427 -0.408 -0.383 -0.336 -0.241 -0.069  0.194  0.547  0.973  1.451  1.952  2.428  2.853  3.189  3.429  3.604  3.752  3.885  4.821  5.283  5.516  5.158  4.528  3.820  3.019  2.101  1.091  0.054 -0.931 -1.749 -2.617 -3.616 -4.613 -5.608 -6.596 -7.573
4.250 -5.250 -4.750 -0.442 -0.429 -0.410 -0.381 -0.330 -0.236 -0.077  0.164  0.501  0.915  1.386  1.879  2.382  2.869  3.289  3.612  3.848  4.036  4.193  5.115  5.530  5.547  5.038  4.384  3.665  2.845  1.911  0.893 -0.145 -1.111 -1.904 -2.817 -3.815 -4.812 -5.805 -6.791 -7.762
4.300 -4.900 -4.400 -0.436 -0.425 -0.406 -0.377 -0.330 -0.241 -0.087  0.146  0.470  0.880  1.353  1.849  2.356  2.870  3.344  3.745  4.048  4.285  4.469  5.364  5.694  5.489  4.904  4.237  3.507  2.668  1.718  0.695 -0.344 -1.287 -2.056 -3.016 -4.014 -5.010 -6.002 -6.984 -7.948
4.350 -4.550 -4.050 -0.428 -0.417 -0.397 -0.365 -0.317 -0.234 -0.092  0.135  0.460  0.879  1.351  1.851  2.366  2.883  3.393  3.849  4.213  4.504  4.717  5.541  5.753  5.384  4.765  4.089  3.347  2.488  1.524  0.497 -0.542 -1.461 -2.217 -3.216 -4.214 -5.209 -6.198 -7.176 -8.132
4.400 -4.200 -3.700 -0.414 -0.404 -0.385 -0.349 -0.295 -0.214 -0.082  0.133  0.457  0.878  1.354  1.866  2.395  2.923  3.454  3.942  4.355  4.688  4.931  5.633  5.725  5.259  4.625  3.940  3.183  2.307  1.329  0.299 -0.731 -1.631 -2.417 -3.415 -4.412 -5.406 -6.393 -7.366 -8.312
4.450 -3.850 -3.351 -0.407 -0.394 -0.372 -0.332 -0.266 -0.172 -0.035  0.179  0.496  0.916  1.397  1.912  2.445  2.983  3.529  4.038  4.483  4.839  5.118  5.663  5.648  5.126  4.483  3.789  3.016  2.125  1.133  0.100 -0.918 -1.799 -2.616 -3.615 -4.611 -5.603 -6.587 -7.553 -8.488
4.500 -3.500 -3.001 -0.403 -0.393 -0.372 -0.330 -0.253 -0.138  0.017  0.232  0.544  0.958  1.440  1.963  2.502  3.056  3.610  4.132  4.597  4.975  5.264  5.676  5.552  4.990  4.339  3.637  2.847  1.939  0.936 -0.099 -1.104 -1.963 -2.816 -3.814 -4.809 -5.799 -6.779 -7.738 -8.660
4.550 -3.151 -2.653 -0.400 -0.387 -0.367 -0.330 -0.253 -0.123  0.064  0.313  0.639  1.048  1.523  2.041  2.575  3.130  3.686  4.214  4.684  5.071  5.356  5.696  5.447  4.852  4.194  3.482  2.675  1.751  0.739 -0.298 -1.288 -2.124 -3.015 -4.013 -5.007 -5.995 -6.969 -7.919 -8.827
4.600 -2.802 -2.306 -0.402 -0.389 -0.369 -0.332 -0.259 -0.127  0.079  0.368  0.729  1.148  1.616  2.119  2.644  3.189  3.740  4.264  4.730  5.110  5.380  5.695  5.329  4.713  4.048  3.326  2.500  1.561  0.541 -0.498 -1.469 -2.282 -3.215 -4.211 -5.204 -6.189 -7.157 -8.097 -8.989
4.650 -2.454 -1.963 -0.399 -0.388 -0.371 -0.337 -0.268 -0.138  0.072  0.376  0.772  1.222  1.697  2.192  2.700  3.226  3.757  4.262  4.713  5.082  5.335  5.640  5.200  4.573  3.901  3.168  2.322  1.368  0.343 -0.697 -1.648 -2.436 -3.414 -4.410 -5.401 -6.382 -7.343 -8.270 -9.145
4.700 -2.110 -1.629 -0.397 -0.385 -0.367 -0.338 -0.277 -0.157  0.048  0.351  0.744  1.207  1.703  2.209  2.712  3.219  3.725  4.207  4.641  5.000  5.243  5.546  5.066  4.432  3.753  3.006  2.141  1.173  0.145 -0.892 -1.825 -2.615 -3.613 -4.608 -5.596 -6.573 -7.526 -8.439 -9.296
4.750 -1.771 -1.313 -0.397 -0.383 -0.364 -0.337 -0.283 -0.177  0.013  0.304  0.689  1.143  1.639  2.155  2.668  3.169  3.658  4.121  4.540  4.892  5.134  5.435  4.929  4.290  3.603  2.842  1.960  0.977 -0.054 -1.083 -1.998 -2.815 -3.812 -4.805 -5.791 -6.762 -7.705 -8.602 -9.440
4.800 -1.446 -1.031 -0.396 -0.382 -0.365 -0.337 -0.285 -0.187 -0.010  0.264  0.631  1.067  1.550  2.062  2.583  3.093  3.577  4.031  4.442  4.788  5.021  5.317  4.791  4.147  3.451  2.674  1.777  0.781 -0.253 -1.272 -2.169 -3.014 -4.010 -5.002 -5.984 -6.948 -7.879 -8.760 -9.579
4.850 -1.147 -0.802 -0.397 -0.385 -0.366 -0.338 -0.289 -0.196 -0.030  0.228  0.575  0.996  1.467  1.972  2.494  3.010  3.502  3.957  4.364  4.700  4.921  5.195  4.653  4.003  3.298  2.504  1.591  0.584 -0.452 -1.460 -2.336 -3.213 -4.208 -5.198 -6.176 -7.132 -8.050 -8.913 -9.713
4.900 -0.892 -0.641 -0.390 -0.378 -0.362 -0.334 -0.285 -0.196 -0.040  0.205  0.540  0.947  1.409  1.909  2.429  2.947  3.445  3.904  4.308  4.629  4.830  5.071  4.514  3.858  3.144  2.331  1.402  0.387 -0.651 -1.645 -2.500 -3.412 -4.406 -5.393 -6.366 -7.312 -8.215 -9.059 -9.842
4.950 -0.702 -0.544 -0.374 -0.363 -0.346 -0.320 -0.274 -0.188 -0.039  0.195  0.521  0.922  1.376  1.870  2.386  2.905  3.407  3.868  4.267  4.567  4.739  4.947  4.374  3.711  2.987  2.155  1.210  0.189 -0.850 -1.829 -2.661 -3.611 -4.603 -5.587 -6.553 -7.488 -8.375 -9.200 -9.967
5.000 -0.579 -0.493 -0.341 -0.334 -0.322 -0.298 -0.255 -0.174 -0.032  0.195  0.517  0.915  1.365  1.856  2.368  2.881  3.383  3.841  4.225  4.500  4.644  4.822  4.234  3.564  2.827  1.976  1.017 -0.009 -1.050 -2.011 -2.818 -3.809 -4.799 -5.779 -6.738 -7.660 -8.529 -9.336 -9.999
5.050 -0.511 -0.468 -0.282 -0.273 -0.263 -0.244 -0.207 -0.133  0.002  0.221  0.536  0.928  1.372  1.861  2.366  2.867  3.358  3.803  4.164  4.411  4.534  4.695  4.094  3.415  2.665  1.795  0.840 -0.095 -1.013 -2.014 -3.012 -4.007 -4.995 -5.969 -6.919 -7.827 -8.678 -9.466 -9.999
5.100 -0.476 -0.456 -0.222 -0.208 -0.191 -0.167 -0.131 -0.065  0.056  0.254  0.546  0.929  1.375  1.857  2.355  2.850  3.317  3.734  4.067  4.294  4.407  4.567  3.952  3.265  2.499  1.613  0.651 -0.273 -1.212 -2.213 -3.211 -4.204 -5.189 -6.157 -7.097 -7.989 -8.821 -9.592 -9.999
5.150 -0.460 -0.451 -0.186 -0.156 -0.124 -0.088 -0.040  0.033  0.148  0.330  0.602  0.964  1.395  1.863  2.344  2.815  3.248  3.629  3.936  4.153  4.268  4.437  3.810  3.113  2.331  1.429  0.463 -0.448 -1.412 -2.413 -3.409 -4.400 -5.381 -6.343 -7.270 -8.145 -8.958 -9.714 -9.999
5.200 -0.452 -0.448 -0.190 -0.148 -0.101 -0.047  0.021  0.112  0.241  0.423  0.675  1.009  1.417  1.866  2.323  2.762  3.153  3.494  3.781  3.999  4.125  4.304  3.666  2.959  2.160  1.242  0.275 -0.621 -1.612 -2.612 -3.607 -4.596 -5.573 -6.526 -7.439 -8.296 -9.090 -9.832 -9.999
5.250 -0.449 -0.447 -0.235 -0.186 -0.129 -0.061  0.025  0.136  0.284  0.477  0.721  1.032  1.417  1.845  2.280  2.687  3.039  3.347  3.620  3.843  3.980  4.168  3.520  2.804  1.986  1.054  0.087 -0.808 -1.812 -2.811 -3.805 -4.791 -5.762 -6.704 -7.602 -8.440 -9.217 -9.947 -9.999
5.300 -0.448 -0.447 -0.290 -0.237 -0.175 -0.101 -0.007  0.117  0.280  0.487  0.740  1.045  1.405  1.809  2.219  2.596  2.917  3.200  3.461  3.691  3.840  4.030  3.374  2.646  1.809  0.866 -0.099 -1.008 -2.011 -3.009 -4.001 -4.984 -5.948 -6.879 -7.760 -8.579 -9.340 -9.999 -9.999
5.350 -0.447 -0.447 -0.354 -0.311 -0.252 -0.176 -0.080  0.047  0.216  0.437  0.706  1.019  1.373  1.757  2.145  2.499  2.795  3.059  3.312  3.547  3.703  3.891  3.226  2.486  1.629  0.676 -0.284 -1.208 -2.210 -3.207 -4.197 -5.176 -6.132 -7.050 -7.913 -8.713 -9.460 -9.999 -9.999
5.400 -0.447 -0.446 -0.398 -0.367 -0.321 -0.256 -0.166 -0.046  0.120  0.348  0.635  0.964  1.321  1.695  2.067  2.401  2.677  2.926  3.175  3.413  3.572  3.751  3.077  2.323  1.448  0.486 -0.467 -1.408 -2.409 -3.405 -4.392 -5.365 -6.312 -7.215 -8.059 -8.842 -9.576 -9.999 -9.999
5.450 -0.447 -0.446 -0.424 -0.406 -0.374 -0.323 -0.244 -0.129  0.033  0.259  0.556  0.901  1.266  1.634  1.991  2.306  2.566  2.804  3.050  3.287  3.447  3.611  2.926  2.156  1.266  0.295 -0.648 -1.608 -2.608 -3.602 -4.586 -5.553 -6.488 -7.375 -8.200 -8.967 -9.689 -9.999 -9.999
5.500 -0.447 -0.446 -0.435 -0.426 -0.408 -0.374 -0.313 -0.214 -0.062  0.158  0.458  0.821  1.204  1.574  1.919  2.217  2.463  2.693  2.936  3.169  3.331  3.468  2.774  1.987  1.080  0.105 -0.827 -1.807 -2.806 -3.798 -4.778 -5.737 -6.660 -7.529 -8.336 -9.087 -9.799 -9.999 -9.999
5.550 -0.447 -0.446 -0.440 -0.435 -0.426 -0.406 -0.365 -0.286 -0.151  0.065  0.373  0.751  1.146  1.515  1.849  2.134  2.369  2.592  2.833  3.061  3.223  3.324  2.620  1.815  0.892 -0.085 -1.003 -2.006 -3.004 -3.994 -4.969 -5.919 -6.827 -7.678 -8.466 -9.204 -9.908 -9.999 -9.999
5.600 -0.447 -0.447 -0.442 -0.439 -0.434 -0.421 -0.396 -0.341 -0.228 -0.026  0.286  0.679  1.087  1.460  1.785  2.056  2.283  2.502  2.740  2.962  3.124  3.180  2.464  1.640  0.705 -0.275 -1.201 -2.205 -3.202 -4.188 -5.157 -6.096 -6.989 -7.821 -8.592 -9.318 -9.999 -9.999 -9.999
5.650 -0.447 -0.447 -0.442 -0.440 -0.436 -0.428 -0.412 -0.377 -0.296 -0.123  0.176  0.584  1.015  1.400  1.723  1.986  2.206  2.423  2.655  2.873  3.034  3.033  2.305  1.462  0.515 -0.463 -1.401 -2.404 -3.398 -4.381 -5.343 -6.270 -7.145 -7.958 -8.714 -9.429 -9.999 -9.999 -9.999
5.700 -0.447 -0.447 -0.443 -0.441 -0.437 -0.431 -0.419 -0.393 -0.334 -0.198  0.072  0.479  0.933  1.337  1.662  1.922  2.140  2.355  2.580  2.797  2.953  2.887  2.144  1.281  0.323 -0.651 -1.600 -2.602 -3.594 -4.572 -5.525 -6.439 -7.295 -8.090 -8.832 -9.538 -9.999 -9.999 -9.999
5.750 -0.447 -0.447 -0.443 -0.442 -0.438 -0.432 -0.422 -0.401 -0.356 -0.252 -0.022  0.370  0.839  1.263  1.599  1.861  2.078  2.293  2.510  2.724  2.869  2.738  1.980  1.100  0.131 -0.837 -1.800 -2.800 -3.789 -4.761 -5.704 -6.602 -7.440 -8.217 -8.947 -9.646 -9.999 -9.999 -9.999
5.800 -0.447 -0.447 -0.444 -0.442 -0.439 -0.433 -0.423 -0.405 -0.366 -0.280 -0.090  0.267  0.736  1.178  1.529  1.797  2.020  2.235  2.448  2.659  2.786  2.587  1.812  0.917 -0.061 -1.022 -1.999 -2.997 -3.982 -4.947 -5.879 -6.760 -7.579 -8.340 -9.059 -9.752 -9.999 -9.999 -9.999
5.850 -0.447 -0.447 -0.444 -0.442 -0.439 -0.434 -0.425 -0.407 -0.371 -0.296 -0.131  0.189  0.638  1.090  1.455  1.733  1.964  2.179  2.391  2.604  2.707  2.434  1.642  0.731 -0.253 -1.204 -2.197 -3.193 -4.174 -5.131 -6.049 -6.913 -7.713 -8.460 -9.169 -9.857 -9.999 -9.999 -9.999
5.900 -0.447 -0.447 -0.443 -0.442 -0.440 -0.436 -0.427 -0.410 -0.376 -0.307 -0.161  0.124  0.549  1.004  1.382  1.671  1.910  2.130  2.341  2.548  2.619  2.280  1.469  0.542 -0.444 -1.389 -2.395 -3.388 -4.363 -5.311 -6.215 -7.059 -7.842 -8.575 -9.277 -9.961 -9.999 -9.999 -9.999
5.950 -0.447 -0.447 -0.442 -0.440 -0.438 -0.434 -0.426 -0.410 -0.379 -0.314 -0.178  0.083  0.481  0.927  1.313  1.615  1.864  2.086  2.294  2.486  2.521  2.123  1.293  0.353 -0.636 -1.588 -2.593 -3.582 -4.551 -5.487 -6.374 -7.200 -7.966 -8.689 -9.383 -9.999 -9.999 -9.999 -9.999
6.000 -0.447 -0.447 -0.441 -0.438 -0.435 -0.430 -0.423 -0.409 -0.380 -0.319 -0.188  0.061  0.442  0.877  1.264  1.572  1.827  2.048  2.246  2.424  2.422  1.879  1.108  0.162 -0.827 -1.787 -2.789 -3.774 -4.736 -5.659 -6.529 -7.336 -8.087 -8.799 -9.489 -9.999 -9.999 -9.999 -9.999
6.100 -0.447 -0.447 -0.442 -0.438 -0.431 -0.422 -0.411 -0.395 -0.369 -0.317 -0.202  0.019  0.361  0.775  1.169  1.497  1.761  1.968  2.147  2.302  2.205  1.580  0.748 -0.223 -1.205 -2.184 -3.179 -4.153 -5.095 -5.988 -6.820 -7.592 -8.318 -9.015 -9.696 -9.999 -9.999 -9.999 -9.999
6.200 -0.448 -0.448 -0.446 -0.444 -0.440 -0.430 -0.412 -0.386 -0.349 -0.291 -0.188  0.002  0.310  0.704  1.099  1.425  1.671  1.854  2.009  2.143  1.960  1.261  0.378 -0.609 -1.576 -2.577 -3.564 -4.521 -5.437 -6.295 -7.090 -7.832 -8.538 -9.225 -9.901 -9.999 -9.999 -9.999 -9.999
6.300 -0.448 -0.448 -0.447 -0.447 -0.446 -0.442 -0.433 -0.410 -0.364 -0.285 -0.164  0.022  0.305  0.671  1.036  1.329  1.539  1.697  1.856  1.969  1.692  0.927  0.000 -0.995 -1.965 -2.966 -3.939 -4.875 -5.758 -6.578 -7.340 -8.059 -8.752 -9.431 -9.999 -9.999 -9.999 -9.999 -9.999
6.400 -0.449 -0.449 -0.448 -0.448 -0.447 -0.446 -0.442 -0.433 -0.406 -0.336 -0.195  0.020  0.304  0.635  0.941  1.178  1.360  1.518  1.694  1.784  1.400  0.575 -0.385 -1.377 -2.358 -3.348 -4.303 -5.211 -6.057 -6.841 -7.575 -8.277 -8.961 -9.636 -9.999 -9.999 -9.999 -9.999 -9.999
6.500 -0.449 -0.449 -0.449 -0.449 -0.448 -0.448 -0.446 -0.441 -0.427 -0.385 -0.275 -0.060  0.234  0.534  0.787  0.986  1.160  1.336  1.534  1.581  1.085  0.213 -0.771 -1.752 -2.745 -3.720 -4.652 -5.525 -6.334 -7.086 -7.799 -8.488 -9.166 -9.838 -9.999 -9.999 -9.999 -9.999 -9.999
6.600 -0.450 -0.450 -0.450 -0.450 -0.449 -0.449 -0.448 -0.445 -0.436 -0.409 -0.335 -0.170  0.092  0.369  0.597  0.783  0.961  1.162  1.378  1.359  0.753 -0.162 -1.157 -2.129 -3.125 -4.080 -4.980 -5.816 -6.590 -7.317 -8.014 -8.696 -9.370 -9.999 -9.999 -9.999 -9.999 -9.999 -9.999
6.700 -0.451 -0.451 -0.451 -0.451 -0.451 -0.451 -0.450 -0.448 -0.441 -0.422 -0.372 -0.254 -0.051  0.189  0.402  0.589  0.780  1.003  1.224  1.112  0.403 -0.545 -1.539 -2.514 -3.493 -4.422 -5.286 -6.085 -6.829 -7.537 -8.224 -8.901 -9.572 -9.999 -9.999 -9.999 -9.999 -9.999 -9.999
6.800 -0.453 -0.453 -0.452 -0.452 -0.452 -0.452 -0.451 -0.450 -0.445 -0.432 -0.397 -0.314 -0.164  0.029  0.225  0.415  0.620  0.866  1.073  0.839  0.045 -0.930 -1.912 -2.890 -3.847 -4.743 -5.570 -6.335 -7.056 -7.751 -8.431 -9.104 -9.774 -9.999 -9.999 -9.999 -9.999 -9.999 -9.999
6.900 -0.454 -0.454 -0.454 -0.454 -0.454 -0.453 -0.453 -0.452 -0.448 -0.438 -0.413 -0.354 -0.244 -0.089  0.087  0.277  0.498  0.750  0.913  0.537 -0.326 -1.314 -2.270 -3.254 -4.182 -5.041 -5.832 -6.570 -7.274 -7.960 -8.635 -9.306 -9.975 -9.999 -9.999 -9.999 -9.999 -9.999 -9.999
7.000 -0.456 -0.456 -0.456 -0.456 -0.456 -0.455 -0.455 -0.453 -0.449 -0.440 -0.421 -0.377 -0.295 -0.174 -0.014  0.182  0.408  0.650  0.734  0.210 -0.705 -1.692 -2.641 -3.601 -4.495 -5.317 -6.077 -6.794 -7.486 -8.165 -8.838 -9.507 -9.999 -9.999 -9.999 -9.999 -9.999 -9.999 -9.999
7.100 -0.459 -0.459 -0.458 -0.458 -0.458 -0.458 -0.457 -0.456 -0.452 -0.442 -0.421 -0.382 -0.318 -0.214 -0.066  0.116  0.326  0.541  0.520 -0.136 -1.088 -2.055 -2.998 -3.927 -4.784 -5.572 -6.307 -7.009 -7.694 -8.369 -9.039 -9.708 -9.999 -9.999 -9.999 -9.999 -9.999 -9.999 -9.999
7.200 -0.462 -0.462 -0.461 -0.461 -0.461 -0.461 -0.461 -0.460 -0.457 -0.448 -0.426 -0.387 -0.325 -0.232 -0.102  0.054  0.239  0.421  0.265 -0.498 -1.481 -2.389 -3.337 -4.231 -5.052 -5.811 -6.528 -7.219 -7.898 -8.571 -9.240 -9.908 -9.999 -9.999 -9.999 -9.999 -9.999 -9.999 -9.999
7.300 -0.466 -0.466 -0.465 -0.465 -0.465 -0.465 -0.465 -0.464 -0.463 -0.456 -0.439 -0.403 -0.342 -0.255 -0.148 -0.018  0.146  0.278 -0.020 -0.918 -1.842 -2.727 -3.654 -4.512 -5.301 -6.038 -6.741 -7.426 -8.102 -8.772 -9.441 -9.999 -9.999 -9.999 -9.999 -9.999 -9.999 -9.999 -9.999
7.400 -0.471 -0.471 -0.470 -0.470 -0.470 -0.470 -0.470 -0.470 -0.469 -0.464 -0.452 -0.425 -0.372 -0.296 -0.207 -0.095  0.053  0.120 -0.339 -1.267 -2.183 -3.055 -3.948 -4.772 -5.535 -6.255 -6.950 -7.630 -8.304 -8.973 -9.642 -9.999 -9.999 -9.999 -9.999 -9.999 -9.999 -9.999 -9.999
7.500 -0.477 -0.477 -0.476 -0.476 -0.476 -0.476 -0.476 -0.476 -0.475 -0.472 -0.465 -0.445 -0.404 -0.343 -0.267 -0.166 -0.043 -0.067 -0.736 -1.626 -2.482 -3.361 -4.220 -5.015 -5.758 -6.467 -7.155 -7.833 -8.505 -9.174 -9.842 -9.999 -9.999 -9.999 -9.999 -9.999 -9.999 -9.999 -9.999
7.600 -0.485 -0.485 -0.484 -0.484 -0.484 -0.484 -0.484 -0.484 -0.483 -0.481 -0.476 -0.462 -0.431 -0.384 -0.321 -0.233 -0.144 -0.299 -1.062 -1.974 -2.760 -3.644 -4.472 -5.244 -5.973 -6.674 -7.359 -8.034 -8.706 -9.374 -9.999 -9.999 -9.999 -9.999 -9.999 -9.999 -9.999 -9.999 -9.999
7.700 -0.495 -0.495 -0.493 -0.493 -0.493 -0.493 -0.493 -0.493 -0.493 -0.492 -0.488 -0.477 -0.454 -0.419 -0.369 -0.299 -0.261 -0.576 -1.416 -2.286 -3.053 -3.906 -4.708 -5.463 -6.183 -6.879 -7.561 -8.235 -8.906 -9.575 -9.999 -9.999 -9.999 -9.999 -9.999 -9.999 -9.999 -9.999 -9.999
7.800 -0.506 -0.506 -0.505 -0.505 -0.505 -0.505 -0.505 -0.505 -0.505 -0.504 -0.502 -0.493 -0.476 -0.450 -0.414 -0.370 -0.407 -0.888 -1.768 -2.540 -3.324 -4.150 -4.932 -5.676 -6.389 -7.082 -7.762 -8.436 -9.106 -9.775 -9.999 -9.999 -9.999 -9.999 -9.999 -9.999 -9.999 -9.999 -9.999
7.900 -0.520 -0.520 -0.520 -0.520 -0.520 -0.520 -0.520 -0.520 -0.520 -0.520 -0.517 -0.510 -0.498 -0.482 -0.463 -0.452 -0.592 -1.214 -2.095 -2.739 -3.576 -4.380 -5.148 -5.884 -6.593 -7.284 -7.963 -8.637 -9.307 -9.975 -9.999 -9.999 -9.999 -9.999 -9.999 -9.999 -9.999 -9.999 -9.999
8.000 -0.537 -0.537 -0.536 -0.536 -0.536 -0.536 -0.536 -0.536 -0.536 -0.536 -0.533 -0.529 -0.522 -0.515 -0.515 -0.548 -0.824 -1.566 -2.368 -2.998 -3.812 -4.600 -5.359 -6.089 -6.795 -7.485 -8.164 -8.837 -9.507 -9.999 -9.999 -9.999 -9.999 -9.999 -9.999 -9.999 -9.999 -9.999 -9.999
8.100 -0.558 -0.558 -0.555 -0.555 -0.555 -0.555 -0.556 -0.556 -0.556 -0.556 -0.554 -0.551 -0.549 -0.553 -0.576 -0.672 -1.103 -1.906 -2.571 -3.241 -4.036 -4.813 -5.566 -6.292 -6.997 -7.686 -8.364 -9.037 -9.707 -9.999 -9.999 -9.999 -9.999 -9.999 -9.999 -9.999 -9.999 -9.999 -9.999
8.300 -0.610 -0.610 -0.609 -0.609 -0.609 -0.609 -0.609 -0.610 -0.610 -0.609 -0.609 -0.611 -0.620 -0.652 -0.743 -1.042 -1.753 -2.430 -2.913 -3.689 -4.463 -5.227 -5.973 -6.696 -7.399 -8.086 -8.765 -9.437 -9.999 -9.999 -9.999 -9.999 -9.999 -9.999 -9.999 -9.999 -9.999 -9.999 -9.999
8.500 -0.680 -0.680 -0.679 -0.679 -0.679 -0.679 -0.680 -0.680 -0.679 -0.680 -0.682 -0.689 -0.714 -0.792 -1.007 -1.612 -2.338 -2.681 -3.351 -4.111 -4.875 -5.633 -6.376 -7.097 -7.799 -8.487 -9.165 -9.837 -9.999 -9.999 -9.999 -9.999 -9.999 -9.999 -9.999 -9.999 -9.999 -9.999 -9.999
8.700  0.365 -0.125 -0.570 -0.731 -0.760 -0.764 -0.765 -0.764 -0.764 -0.765 -0.770 -0.785 -0.837 -1.008 -1.471 -2.204 -2.589 -3.030 -3.767 -4.519 -5.279 -6.035 -6.777 -7.498 -8.200 -8.887 -9.565 -9.999 -9.999 -9.999 -9.999 -9.999 -9.999 -9.999 -9.999 -9.999 -9.999 -9.999 -9.999
8.900  1.885  1.390  0.892  0.393 -0.102 -0.552 -0.810 -0.869 -0.880 -0.890 -0.909 -0.952 -1.073 -1.437 -2.131 -2.545 -2.737 -3.443 -4.174 -4.923 -5.681 -6.436 -7.177 -7.898 -8.600 -9.287 -9.965 -9.999 -9.999 -9.999 -9.999 -9.999 -9.999 -9.999 -9.999 -9.999 -9.999 -9.999 -9.999
9.100  2.005  1.856  1.573  1.172  0.709  0.222 -0.268 -0.708 -0.944 -1.003 -1.039 -1.122 -1.369 -1.976 -2.535 -2.671 -3.143 -3.848 -4.577 -5.324 -6.082 -6.837 -7.577 -8.298 -9.000 -9.687 -9.999 -9.999 -9.999 -9.999 -9.999 -9.999 -9.999 -9.999 -9.999 -9.999 -9.999 -9.999 -9.999
9.300  0.941  0.935  0.917  0.865  0.731  0.467  0.080 -0.373 -0.810 -1.070 -1.175 -1.348 -1.812 -2.523 -2.676 -2.878 -3.545 -4.250 -4.978 -5.725 -6.482 -7.237 -7.977 -8.698 -9.400 -9.999 -9.999 -9.999 -9.999 -9.999 -9.999 -9.999 -9.999 -9.999 -9.999 -9.999 -9.999 -9.999 -9.999
9.500  0.056  0.056  0.054  0.049  0.034 -0.009 -0.125 -0.365 -0.726 -1.086 -1.320 -1.688 -2.415 -2.689 -2.754 -3.272 -3.946 -4.651 -5.378 -6.125 -6.882 -7.637 -8.377 -9.098 -9.800 -9.999 -9.999 -9.999 -9.999 -9.999 -9.999 -9.999 -9.999 -9.999 -9.999 -9.999 -9.999 -9.999 -9.999
9.700 -0.692 -0.692 -0.692 -0.693 -0.694 -0.700 -0.718 -0.770 -0.905 -1.167 -1.547 -2.217 -2.711 -2.736 -3.043 -3.669 -4.346 -5.051 -5.779 -6.525 -7.282 -8.037 -8.777 -9.498 -9.999 -9.999 -9.999 -9.999 -9.999 -9.999 -9.999 -9.999 -9.999 -9.999 -9.999 -9.999 -9.999 -9.999 -9.999
9.900 -1.378 -1.378 -1.378 -1.378 -1.379 -1.380 -1.385 -1.401 -1.450 -1.611 -2.081 -2.869 -2.718 -2.801 -3.423 -4.066 -4.746 -5.451 -6.179 -6.925 -7.682 -8.437 -9.177 -9.898 -9.999 -9.999 -9.999 -9.999 -9.999 -9.999 -9.999 -9.999 -9.999 -9.999 -9.999 -9.999 -9.999 -9.999 -9.999
