0.2000   0.7900   0.0100
3.750 -8.750 -8.250 -1.182 -1.296 -1.452 -1.641 -1.847 -2.059 -2.271 -2.471 -2.642 -2.751 -2.766 -2.679 -2.511 -2.287 -2.040 -1.720 -1.351 -0.945 -0.519  1.748  2.248  2.748  3.247  3.745  4.217  4.425  3.943  3.117  2.162  1.134  0.159 -0.633 -1.491 -2.490 -3.490 -4.489 -5.486
3.800 -8.400 -7.900 -1.092 -1.097 -1.131 -1.204 -1.320 -1.467 -1.631 -1.795 -1.931 -2.018 -2.027 -1.953 -1.819 -1.628 -1.431 -1.185 -0.915 -0.616 -0.257  2.096  2.596  3.096  3.595  4.089  4.508  4.446  3.797  2.936  1.967  0.935 -0.016 -0.784 -1.691 -2.690 -3.690 -4.688 -5.685
3.850 -8.050 -7.550 -1.078 -1.072 -1.067 -1.061 -1.060 -1.076 -1.119 -1.180 -1.237 -1.270 -1.257 -1.195 -1.084 -0.935 -0.773 -0.570 -0.346 -0.107  0.162  2.442  2.942  3.442  3.940  4.421  4.714  4.367  3.637  2.755  1.771  0.736 -0.189 -0.932 -1.891 -2.890 -3.889 -4.888 -5.884
3.900 -7.700 -7.200 -1.080 -1.074 -1.063 -1.044 -1.009 -0.946 -0.855 -0.754 -0.661 -0.581 -0.510 -0.433 -0.339 -0.219 -0.096  0.068  0.254  0.452  0.668  2.787  3.286  3.786  4.281  4.725  4.791  4.241  3.471  2.572  1.575  0.540 -0.359 -1.091 -2.090 -3.090 -4.089 -5.087 -6.082
3.950 -7.350 -6.850 -1.042 -1.061 -1.062 -1.047 -1.010 -0.934 -0.799 -0.594 -0.346 -0.103  0.096  0.243  0.361  0.469  0.572  0.702  0.850  1.013  1.196  3.128  3.626  4.125  4.611  4.964  4.751  4.096  3.302  2.386  1.378  0.353 -0.526 -1.291 -2.290 -3.290 -4.288 -5.286 -6.280
4.000 -7.000 -6.500 -0.855 -0.923 -0.983 -1.014 -1.005 -0.941 -0.805 -0.578 -0.263  0.098  0.443  0.719  0.915  1.060  1.178  1.292  1.410  1.548  1.702  3.463  3.960  4.456  4.918  5.089  4.645  3.943  3.129  2.198  1.180  0.169 -0.690 -1.490 -2.490 -3.489 -4.488 -5.484 -6.477
4.050 -6.650 -6.150 -0.782 -0.789 -0.811 -0.852 -0.891 -0.884 -0.788 -0.578 -0.257  0.139  0.566  0.959  1.275  1.505  1.669  1.796  1.913  2.030  2.160  3.789  4.285  4.773  5.172  5.091  4.512  3.787  2.953  2.007  0.983 -0.014 -0.850 -1.690 -2.690 -3.689 -4.687 -5.682 -6.673
4.100 -6.300 -5.800 -0.765 -0.762 -0.757 -0.750 -0.740 -0.718 -0.657 -0.514 -0.256  0.112  0.547  0.995  1.411  1.749  2.000  2.182  2.324  2.449  2.572  4.103  4.595  5.066  5.335  5.012  4.369  3.627  2.774  1.813  0.784 -0.195 -1.007 -1.890 -2.890 -3.889 -4.886 -5.880 -6.868
4.150 -5.950 -5.450 -0.760 -0.748 -0.735 -0.719 -0.691 -0.627 -0.510 -0.343 -0.130  0.153  0.521  0.958  1.418  1.842  2.191  2.444  2.629  2.781  2.912  4.399  4.884  5.316  5.383  4.893  4.221  3.465  2.592  1.618  0.586 -0.374 -1.162 -2.090 -3.090 -4.088 -5.085 -6.078 -7.063
4.200 -5.600 -5.100 -0.766 -0.753 -0.735 -0.710 -0.675 -0.607 -0.478 -0.269  0.004  0.301  0.615  0.978  1.406  1.855  2.274  2.617  2.872  3.055  3.208  4.670  5.142  5.497  5.338  4.760  4.071  3.300  2.410  1.422  0.387 -0.549 -1.313 -2.290 -3.289 -4.287 -5.283 -6.274 -7.256
4.250 -5.250 -4.750 -0.765 -0.755 -0.739 -0.713 -0.671 -0.597 -0.467 -0.262  0.028  0.382  0.747  1.102  1.464  1.873  2.307  2.714  3.037  3.277  3.470  4.904  5.358  5.588  5.241  4.620  3.918  3.131  2.227  1.226  0.193 -0.722 -1.490 -2.490 -3.489 -4.486 -5.481 -6.470 -7.447
4.300 -4.900 -4.400 -0.753 -0.747 -0.734 -0.711 -0.672 -0.603 -0.475 -0.270  0.015  0.382  0.799  1.219  1.606  1.980  2.382  2.791  3.164  3.460  3.701  5.093  5.518  5.591  5.119  4.477  3.764  2.960  2.040  1.029  0.005 -0.892 -1.690 -2.690 -3.688 -4.685 -5.679 -6.665 -7.636
4.350 -4.550 -4.050 -0.720 -0.727 -0.719 -0.700 -0.661 -0.594 -0.477 -0.284  0.003  0.379  0.819  1.277  1.727  2.140  2.521  2.909  3.292  3.629  3.913  5.233  5.617  5.532  4.987  4.332  3.608  2.786  1.850  0.831 -0.182 -1.059 -1.890 -2.889 -3.888 -4.884 -5.875 -6.858 -7.823
4.400 -4.200 -3.700 -0.619 -0.646 -0.666 -0.665 -0.635 -0.572 -0.463 -0.284 -0.008  0.371  0.817  1.297  1.792  2.264  2.686  3.085  3.455  3.802  4.111  5.335  5.660  5.435  4.850  4.186  3.450  2.609  1.658  0.633 -0.367 -1.223 -2.090 -3.089 -4.087 -5.082 -6.072 -7.050 -8.008
4.450 -3.850 -3.351 -0.582 -0.576 -0.574 -0.573 -0.559 -0.508 -0.405 -0.231  0.037  0.404  0.856  1.342  1.849  2.350  2.823  3.263  3.648  3.995  4.294  5.415  5.660  5.321  4.711  4.037  3.289  2.429  1.464  0.435 -0.551 -1.383 -2.290 -3.288 -4.286 -5.279 -6.267 -7.240 -8.188
4.500 -3.501 -3.002 -0.573 -0.563 -0.546 -0.515 -0.460 -0.387 -0.285 -0.132  0.109  0.454  0.891  1.379  1.895  2.415  2.927  3.405  3.830  4.191  4.493  5.486  5.628  5.196  4.570  3.887  3.126  2.247  1.268  0.236 -0.732 -1.541 -2.489 -3.488 -4.484 -5.477 -6.461 -7.428 -8.365
4.550 -3.151 -2.654 -0.569 -0.556 -0.536 -0.502 -0.432 -0.307 -0.135  0.058  0.292  0.597  0.991  1.458  1.964  2.480  3.005  3.512  3.972  4.357  4.668  5.546  5.566  5.065  4.429  3.736  2.959  2.065  1.073  0.037 -0.910 -1.695 -2.689 -3.687 -4.682 -5.673 -6.653 -7.613 -8.538
4.600 -2.803 -2.309 -0.572 -0.559 -0.538 -0.502 -0.433 -0.302 -0.087  0.203  0.517  0.824  1.168  1.579  2.045  2.545  3.065  3.588  4.070  4.478  4.802  5.578  5.478  4.930  4.286  3.583  2.790  1.880  0.876 -0.155 -1.086 -1.889 -2.888 -3.886 -4.880 -5.868 -6.844 -7.795 -8.706
4.650 -2.456 -1.970 -0.567 -0.556 -0.539 -0.507 -0.442 -0.317 -0.104  0.212  0.614  1.022  1.394  1.759  2.171  2.628  3.128  3.643  4.131  4.552  4.885  5.565  5.368  4.793  4.141  3.428  2.618  1.693  0.679 -0.345 -1.260 -2.089 -3.088 -4.085 -5.078 -6.063 -7.032 -7.973 -8.868
4.700 -2.114 -1.643 -0.565 -0.553 -0.535 -0.505 -0.450 -0.337 -0.138  0.164  0.563  1.031  1.504  1.926  2.316  2.729  3.192  3.684  4.165  4.588  4.925  5.513  5.246  4.654  3.995  3.271  2.443  1.503  0.481 -0.534 -1.430 -2.289 -3.287 -4.283 -5.274 -6.256 -7.218 -8.148 -9.026
4.750 -1.781 -1.342 -0.564 -0.552 -0.529 -0.504 -0.453 -0.354 -0.176  0.103  0.478  0.932  1.440  1.952  2.413  2.829  3.260  3.718  4.179  4.597  4.933  5.436  5.118  4.515  3.848  3.112  2.265  1.310  0.283 -0.722 -1.597 -2.488 -3.486 -4.481 -5.470 -6.447 -7.402 -8.317 -9.177
4.800 -1.467 -1.083 -0.565 -0.549 -0.530 -0.502 -0.454 -0.362 -0.199  0.058  0.410  0.837  1.324  1.852  2.386  2.871  3.309  3.745  4.184  4.592  4.921  5.346  4.986  4.374  3.700  2.951  2.084  1.115  0.084 -0.907 -1.761 -2.688 -3.685 -4.679 -5.665 -6.636 -7.581 -8.481 -9.323
4.850 -1.187 -0.888 -0.565 -0.551 -0.530 -0.501 -0.454 -0.369 -0.218  0.026  0.357  0.762  1.229  1.741  2.289  2.827  3.313  3.760  4.187  4.585  4.899  5.252  4.853  4.233  3.550  2.787  1.903  0.919 -0.114 -1.091 -1.921 -2.887 -3.884 -4.875 -5.858 -6.823 -7.757 -8.640 -9.463
4.900 -0.963 -0.760 -0.556 -0.542 -0.523 -0.494 -0.447 -0.364 -0.222  0.005  0.325  0.719  1.170  1.673  2.212  2.758  3.282  3.759  4.192  4.583  4.877  5.157  4.720  4.091  3.399  2.619  1.720  0.723 -0.312 -1.273 -2.088 -3.086 -4.082 -5.072 -6.050 -7.008 -7.928 -8.794 -9.597
4.950 -0.807 -0.689 -0.537 -0.524 -0.505 -0.475 -0.429 -0.351 -0.214  0.003  0.313  0.705  1.150  1.642  2.170  2.711  3.249  3.750  4.197  4.583  4.853  5.064  4.585  3.948  3.246  2.449  1.534  0.526 -0.505 -1.452 -2.288 -3.285 -4.279 -5.267 -6.240 -7.188 -8.094 -8.941 -9.727
5.000 -0.714 -0.652 -0.496 -0.489 -0.475 -0.448 -0.401 -0.325 -0.196  0.012  0.317  0.709  1.152  1.640  2.166  2.696  3.239  3.749  4.206  4.584  4.822  4.970  4.450  3.803  3.091  2.276  1.345  0.329 -0.697 -1.628 -2.487 -3.484 -4.476 -5.461 -6.428 -7.365 -8.255 -9.083 -9.852
5.050 -0.665 -0.635 -0.429 -0.419 -0.406 -0.385 -0.344 -0.270 -0.143  0.057  0.355  0.740  1.180  1.667  2.190  2.713  3.251  3.761  4.215  4.573  4.773  4.871  4.314  3.657  2.934  2.100  1.191  0.288 -0.686 -1.687 -2.686 -3.682 -4.673 -5.653 -6.613 -7.538 -8.410 -9.220 -9.973
5.100 -0.641 -0.627 -0.363 -0.346 -0.327 -0.299 -0.257 -0.187 -0.066  0.122  0.393  0.762  1.205  1.696  2.208  2.742  3.274  3.774  4.207  4.537  4.698  4.761  4.176  3.510  2.774  1.921  1.005  0.115 -0.886 -1.887 -2.885 -3.880 -4.868 -5.844 -6.795 -7.706 -8.559 -9.351 -9.999
5.150 -0.630 -0.623 -0.329 -0.294 -0.257 -0.214 -0.160 -0.078  0.048  0.228  0.486  0.836  1.262  1.743  2.244  2.770  3.286  3.762  4.166  4.461  4.591  4.641  4.036  3.362  2.612  1.744  0.820 -0.082 -1.086 -2.086 -3.084 -4.077 -5.063 -6.032 -6.973 -7.868 -8.703 -9.478 -9.999
5.200 -0.625 -0.622 -0.338 -0.292 -0.238 -0.177 -0.099  0.006  0.154  0.352  0.607  0.937  1.337  1.801  2.285  2.783  3.265  3.703  4.075  4.343  4.462  4.514  3.895  3.212  2.447  1.567  0.635 -0.282 -1.286 -2.286 -3.282 -4.274 -5.256 -6.218 -7.148 -8.026 -8.841 -9.600 -9.999
5.250 -0.622 -0.621 -0.392 -0.337 -0.274 -0.198 -0.101  0.027  0.200  0.421  0.685  1.000  1.388  1.832  2.294  2.758  3.196  3.593  3.940  4.193  4.318  4.381  3.754  3.060  2.279  1.388  0.451 -0.482 -1.485 -2.485 -3.481 -4.470 -5.447 -6.402 -7.317 -8.177 -8.974 -9.718 -9.999
5.300 -0.622 -0.621 -0.456 -0.400 -0.332 -0.250 -0.145 -0.001  0.192  0.438  0.725  1.050  1.423  1.839  2.271  2.696  3.089  3.451  3.779  4.029  4.167  4.246  3.610  2.906  2.108  1.206  0.268 -0.682 -1.685 -2.684 -3.678 -4.665 -5.636 -6.581 -7.481 -8.323 -9.102 -9.834 -9.999
5.350 -0.621 -0.621 -0.525 -0.480 -0.418 -0.336 -0.229 -0.083  0.121  0.386  0.700  1.041  1.412  1.811  2.214  2.605  2.961  3.297  3.611  3.865  4.016  4.109  3.465  2.751  1.934  1.021  0.087 -0.882 -1.884 -2.882 -3.875 -4.858 -5.823 -6.757 -7.640 -8.463 -9.226 -9.946 -9.999
5.400 -0.621 -0.621 -0.571 -0.540 -0.493 -0.424 -0.326 -0.188  0.013  0.293  0.633  0.997  1.374  1.757  2.137  2.501  2.828  3.144  3.447  3.708  3.867  3.970  3.319  2.593  1.757  0.834 -0.093 -1.082 -2.084 -3.081 -4.071 -5.050 -6.007 -6.928 -7.794 -8.597 -9.346 -9.999 -9.999
5.450 -0.621 -0.621 -0.599 -0.581 -0.549 -0.495 -0.411 -0.282 -0.086  0.196  0.551  0.934  1.318  1.692  2.054  2.394  2.699  2.999  3.293  3.560  3.721  3.831  3.171  2.433  1.578  0.646 -0.276 -1.282 -2.283 -3.278 -4.266 -5.240 -6.188 -7.094 -7.941 -8.727 -9.462 -9.999 -9.999
5.500 -0.621 -0.621 -0.609 -0.601 -0.583 -0.548 -0.484 -0.373 -0.192  0.084  0.447  0.849  1.248  1.623  1.969  2.290  2.577  2.865  3.151  3.423  3.585  3.692  3.022  2.270  1.400  0.458 -0.476 -1.481 -2.481 -3.475 -4.460 -5.428 -6.365 -7.255 -8.083 -8.852 -9.576 -9.999 -9.999
5.550 -0.621 -0.621 -0.614 -0.610 -0.600 -0.580 -0.537 -0.449 -0.290 -0.028  0.343  0.762  1.176  1.551  1.886  2.191  2.465  2.741  3.022  3.295  3.454  3.551  2.872  2.103  1.221  0.270 -0.676 -1.681 -2.680 -3.672 -4.653 -5.613 -6.538 -7.410 -8.220 -8.973 -9.687 -9.999 -9.999
5.600 -0.621 -0.621 -0.616 -0.613 -0.608 -0.595 -0.567 -0.507 -0.376 -0.135  0.228  0.664  1.096  1.478  1.808  2.101  2.363  2.630  2.907  3.175  3.331  3.409  2.719  1.935  1.039  0.083 -0.876 -1.880 -2.878 -3.867 -4.843 -5.795 -6.706 -7.559 -8.351 -9.091 -9.796 -9.999 -9.999
5.650 -0.621 -0.621 -0.616 -0.614 -0.610 -0.601 -0.583 -0.542 -0.448 -0.249  0.091  0.534  0.995  1.398  1.732  2.018  2.273  2.531  2.803  3.064  3.215  3.266  2.565  1.763  0.854 -0.104 -1.076 -2.079 -3.075 -4.062 -5.032 -5.973 -6.868 -7.703 -8.477 -9.205 -9.903 -9.999 -9.999
5.700 -0.621 -0.621 -0.618 -0.615 -0.611 -0.604 -0.590 -0.558 -0.487 -0.334 -0.038  0.396  0.880  1.312  1.655  1.942  2.194  2.445  2.712  2.963  3.106  3.124  2.409  1.588  0.667 -0.290 -1.276 -2.278 -3.272 -4.255 -5.218 -6.147 -7.025 -7.841 -8.600 -9.317 -9.999 -9.999 -9.999
5.750 -0.621 -0.621 -0.618 -0.616 -0.612 -0.605 -0.593 -0.568 -0.511 -0.390 -0.146  0.264  0.760  1.215  1.578  1.869  2.120  2.366  2.628  2.869  2.998  2.978  2.251  1.410  0.478 -0.474 -1.475 -2.476 -3.468 -4.446 -5.401 -6.317 -7.177 -7.974 -8.718 -9.426 -9.999 -9.999 -9.999
5.800 -0.621 -0.621 -0.618 -0.616 -0.613 -0.607 -0.595 -0.572 -0.524 -0.422 -0.217  0.149  0.640  1.112  1.494  1.794  2.049  2.294  2.550  2.783  2.893  2.830  2.090  1.231  0.287 -0.666 -1.674 -2.674 -3.663 -4.636 -5.581 -6.481 -7.323 -8.102 -8.834 -9.534 -9.999 -9.999 -9.999
5.850 -0.621 -0.621 -0.618 -0.616 -0.613 -0.607 -0.597 -0.575 -0.532 -0.442 -0.261  0.067  0.535  1.011  1.410  1.719  1.980  2.228  2.479  2.702  2.795  2.681  1.926  1.052  0.096 -0.866 -1.873 -2.871 -3.856 -4.823 -5.756 -6.640 -7.463 -8.226 -8.946 -9.640 -9.999 -9.999 -9.999
5.900 -0.621 -0.621 -0.617 -0.616 -0.614 -0.609 -0.599 -0.580 -0.539 -0.457 -0.295  0.002  0.440  0.917  1.328  1.649  1.917  2.167  2.415  2.625  2.698  2.530  1.759  0.872 -0.094 -1.066 -2.072 -3.067 -4.048 -5.007 -5.927 -6.794 -7.597 -8.346 -9.057 -9.745 -9.999 -9.999 -9.999
5.950 -0.621 -0.621 -0.616 -0.614 -0.612 -0.607 -0.598 -0.580 -0.543 -0.467 -0.317 -0.041  0.371  0.835  1.252  1.586  1.862  2.116  2.356  2.545  2.597  2.377  1.589  0.688 -0.285 -1.265 -2.270 -3.262 -4.238 -5.187 -6.094 -6.941 -7.727 -8.462 -9.165 -9.849 -9.999 -9.999 -9.999
6.000 -0.621 -0.621 -0.615 -0.612 -0.609 -0.604 -0.595 -0.578 -0.544 -0.474 -0.332 -0.068  0.328  0.780  1.197  1.537  1.818  2.071  2.299  2.463  2.503  2.083  1.403  0.500 -0.475 -1.464 -2.467 -3.456 -4.426 -5.364 -6.254 -7.083 -7.852 -8.576 -9.272 -9.953 -9.999 -9.999 -9.999
6.100 -0.622 -0.622 -0.617 -0.612 -0.606 -0.596 -0.584 -0.565 -0.534 -0.475 -0.352 -0.116  0.239  0.671  1.091  1.450  1.741  1.983  2.170  2.311  2.316  1.811  1.054  0.120 -0.852 -1.862 -2.860 -3.840 -4.793 -5.705 -6.559 -7.351 -8.090 -8.796 -9.481 -9.999 -9.999 -9.999 -9.999
6.200 -0.622 -0.622 -0.621 -0.619 -0.615 -0.605 -0.587 -0.559 -0.517 -0.453 -0.340 -0.136  0.183  0.596  1.014  1.372  1.643  1.858  2.010  2.142  2.104  1.517  0.698 -0.265 -1.250 -2.257 -3.247 -4.215 -5.146 -6.025 -6.841 -7.600 -8.317 -9.009 -9.688 -9.999 -9.999 -9.999 -9.999
6.300 -0.623 -0.622 -0.622 -0.621 -0.620 -0.616 -0.608 -0.586 -0.539 -0.454 -0.320 -0.118  0.179  0.564  0.953  1.273  1.512  1.690  1.833  1.984  1.866  1.201  0.332 -0.651 -1.646 -2.648 -3.629 -4.577 -5.480 -6.322 -7.102 -7.834 -8.534 -9.217 -9.892 -9.999 -9.999 -9.999 -9.999
6.400 -0.623 -0.623 -0.623 -0.622 -0.621 -0.620 -0.616 -0.606 -0.580 -0.513 -0.366 -0.128  0.178  0.534  0.866  1.124  1.329  1.498  1.656  1.817  1.606  0.867 -0.046 -1.035 -2.040 -3.034 -4.000 -4.924 -5.792 -6.596 -7.345 -8.056 -8.745 -9.423 -9.999 -9.999 -9.999 -9.999 -9.999
6.500 -0.624 -0.624 -0.623 -0.623 -0.623 -0.622 -0.619 -0.614 -0.599 -0.557 -0.450 -0.228  0.098  0.432  0.713  0.932  1.121  1.297  1.492  1.640  1.322  0.520 -0.432 -1.424 -2.431 -3.413 -4.358 -5.251 -6.081 -6.851 -7.575 -8.271 -8.953 -9.626 -9.999 -9.999 -9.999 -9.999 -9.999
6.600 -0.625 -0.625 -0.624 -0.624 -0.624 -0.623 -0.622 -0.618 -0.608 -0.580 -0.506 -0.342 -0.059  0.256  0.518  0.726  0.907  1.104  1.337  1.449  1.015  0.161 -0.819 -1.817 -2.815 -3.780 -4.698 -5.555 -6.349 -7.089 -7.795 -8.481 -9.157 -9.828 -9.999 -9.999 -9.999 -9.999 -9.999
6.700 -0.626 -0.626 -0.625 -0.625 -0.625 -0.625 -0.624 -0.621 -0.614 -0.594 -0.542 -0.424 -0.206  0.066  0.313  0.520  0.713  0.935  1.189  1.240  0.688 -0.212 -1.204 -2.205 -3.190 -4.132 -5.017 -5.837 -6.598 -7.316 -8.008 -8.688 -9.360 -9.999 -9.999 -9.999 -9.999 -9.999 -9.999
6.800 -0.627 -0.627 -0.627 -0.626 -0.626 -0.626 -0.626 -0.624 -0.619 -0.605 -0.568 -0.483 -0.322 -0.102  0.121  0.329  0.538  0.792  1.048  1.010  0.343 -0.596 -1.586 -2.586 -3.553 -4.466 -5.314 -6.098 -6.831 -7.533 -8.217 -8.892 -9.562 -9.999 -9.999 -9.999 -9.999 -9.999 -9.999
6.900 -0.629 -0.629 -0.628 -0.628 -0.628 -0.628 -0.627 -0.626 -0.622 -0.611 -0.584 -0.523 -0.404 -0.228 -0.025  0.173  0.408  0.675  0.910  0.749 -0.011 -0.981 -1.970 -2.957 -3.899 -4.778 -5.588 -6.341 -7.054 -7.744 -8.422 -9.094 -9.763 -9.999 -9.999 -9.999 -9.999 -9.999 -9.999
7.000 -0.631 -0.631 -0.630 -0.630 -0.630 -0.630 -0.629 -0.627 -0.623 -0.613 -0.591 -0.545 -0.454 -0.315 -0.140  0.067  0.316  0.575  0.767  0.458 -0.379 -1.362 -2.347 -3.314 -4.225 -5.066 -5.843 -6.571 -7.269 -7.951 -8.626 -9.296 -9.964 -9.999 -9.999 -9.999 -9.999 -9.999 -9.999
7.100 -0.633 -0.633 -0.633 -0.632 -0.632 -0.632 -0.632 -0.630 -0.626 -0.614 -0.592 -0.549 -0.473 -0.356 -0.198  0.004  0.233  0.473  0.595  0.138 -0.758 -1.730 -2.713 -3.653 -4.528 -5.333 -6.081 -6.791 -7.479 -8.156 -8.828 -9.497 -9.999 -9.999 -9.999 -9.999 -9.999 -9.999 -9.999
7.200 -0.636 -0.636 -0.636 -0.636 -0.636 -0.636 -0.635 -0.634 -0.631 -0.621 -0.598 -0.552 -0.479 -0.373 -0.234 -0.055  0.142  0.362  0.395 -0.202 -1.167 -2.099 -3.062 -3.971 -4.809 -5.581 -6.307 -7.004 -7.685 -8.359 -9.029 -9.697 -9.999 -9.999 -9.999 -9.999 -9.999 -9.999 -9.999
7.300 -0.641 -0.640 -0.640 -0.640 -0.640 -0.640 -0.640 -0.639 -0.637 -0.630 -0.612 -0.571 -0.499 -0.400 -0.277 -0.131  0.046  0.242  0.158 -0.648 -1.522 -2.456 -3.392 -4.265 -5.068 -5.815 -6.524 -7.212 -7.889 -8.561 -9.230 -9.898 -9.999 -9.999 -9.999 -9.999 -9.999 -9.999 -9.999
7.400 -0.646 -0.646 -0.644 -0.645 -0.645 -0.645 -0.645 -0.644 -0.643 -0.638 -0.625 -0.595 -0.536 -0.449 -0.340 -0.214 -0.048  0.114 -0.114 -0.963 -1.863 -2.797 -3.700 -4.537 -5.311 -6.037 -6.735 -7.418 -8.092 -8.762 -9.431 -9.999 -9.999 -9.999 -9.999 -9.999 -9.999 -9.999 -9.999
7.500 -0.652 -0.652 -0.651 -0.651 -0.651 -0.651 -0.651 -0.651 -0.649 -0.646 -0.637 -0.616 -0.573 -0.502 -0.406 -0.290 -0.136 -0.033 -0.503 -1.309 -2.195 -3.116 -3.985 -4.790 -5.540 -6.252 -6.942 -7.621 -8.293 -8.963 -9.631 -9.999 -9.999 -9.999 -9.999 -9.999 -9.999 -9.999 -9.999
7.600 -0.659 -0.659 -0.658 -0.658 -0.658 -0.658 -0.658 -0.658 -0.658 -0.655 -0.649 -0.633 -0.603 -0.545 -0.464 -0.357 -0.224 -0.206 -0.781 -1.654 -2.522 -3.413 -4.248 -5.026 -5.759 -6.462 -7.147 -7.823 -8.495 -9.163 -9.831 -9.999 -9.999 -9.999 -9.999 -9.999 -9.999 -9.999 -9.999
7.700 -0.669 -0.669 -0.668 -0.668 -0.668 -0.668 -0.668 -0.668 -0.667 -0.666 -0.661 -0.649 -0.627 -0.579 -0.513 -0.421 -0.317 -0.419 -1.107 -1.968 -2.829 -3.687 -4.493 -5.251 -5.971 -6.668 -7.350 -8.025 -8.695 -9.364 -9.999 -9.999 -9.999 -9.999 -9.999 -9.999 -9.999 -9.999 -9.999
7.800 -0.680 -0.680 -0.679 -0.679 -0.679 -0.679 -0.679 -0.680 -0.679 -0.678 -0.674 -0.667 -0.647 -0.609 -0.556 -0.484 -0.425 -0.678 -1.449 -2.245 -3.113 -3.941 -4.725 -5.467 -6.180 -6.872 -7.552 -8.225 -8.896 -9.564 -9.999 -9.999 -9.999 -9.999 -9.999 -9.999 -9.999 -9.999 -9.999
7.900 -0.695 -0.695 -0.694 -0.694 -0.694 -0.694 -0.694 -0.694 -0.694 -0.693 -0.691 -0.685 -0.667 -0.640 -0.601 -0.552 -0.559 -0.925 -1.774 -2.538 -3.376 -4.180 -4.945 -5.678 -6.385 -7.074 -7.753 -8.426 -9.096 -9.764 -9.999 -9.999 -9.999 -9.999 -9.999 -9.999 -9.999 -9.999 -9.999
8.000 -0.712 -0.712 -0.710 -0.710 -0.710 -0.710 -0.710 -0.710 -0.710 -0.710 -0.708 -0.703 -0.689 -0.670 -0.647 -0.626 -0.726 -1.253 -2.051 -2.810 -3.622 -4.406 -5.159 -5.885 -6.588 -7.276 -7.954 -8.626 -9.296 -9.964 -9.999 -9.999 -9.999 -9.999 -9.999 -9.999 -9.999 -9.999 -9.999
8.100 -0.732 -0.732 -0.730 -0.730 -0.730 -0.730 -0.730 -0.730 -0.730 -0.730 -0.730 -0.724 -0.716 -0.705 -0.698 -0.716 -0.941 -1.584 -2.257 -3.062 -3.853 -4.623 -5.368 -6.089 -6.790 -7.477 -8.154 -8.827 -9.496 -9.999 -9.999 -9.999 -9.999 -9.999 -9.999 -9.999 -9.999 -9.999 -9.999
8.300 -0.784 -0.784 -0.783 -0.783 -0.783 -0.783 -0.783 -0.783 -0.784 -0.784 -0.783 -0.781 -0.782 -0.792 -0.829 -0.975 -1.483 -2.113 -2.754 -3.525 -4.288 -5.041 -5.777 -6.494 -7.192 -7.878 -8.555 -9.227 -9.896 -9.999 -9.999 -9.999 -9.999 -9.999 -9.999 -9.999 -9.999 -9.999 -9.999
8.500 -0.854 -0.854 -0.853 -0.853 -0.853 -0.854 -0.854 -0.854 -0.854 -0.854 -0.854 -0.857 -0.868 -0.907 -1.025 -1.403 -2.046 -2.460 -3.204 -3.953 -4.703 -5.449 -6.181 -6.896 -7.593 -8.278 -8.955 -9.627 -9.999 -9.999 -9.999 -9.999 -9.999 -9.999 -9.999 -9.999 -9.999 -9.999 -9.999
8.700  0.364 -0.131 -0.643 -0.878 -0.931 -0.938 -0.939 -0.939 -0.939 -0.939 -0.941 -0.950 -0.976 -1.067 -1.350 -1.911 -2.281 -2.899 -3.626 -4.364 -5.109 -5.852 -6.583 -7.296 -7.994 -8.678 -9.355 -9.999 -9.999 -9.999 -9.999 -9.999 -9.999 -9.999 -9.999 -9.999 -9.999 -9.999 -9.999
8.900  1.884  1.389  0.891  0.392 -0.105 -0.581 -0.925 -1.033 -1.051 -1.060 -1.073 -1.101 -1.172 -1.387 -1.878 -2.260 -2.623 -3.316 -4.035 -4.769 -5.512 -6.253 -6.983 -7.697 -8.394 -9.078 -9.755 -9.999 -9.999 -9.999 -9.999 -9.999 -9.999 -9.999 -9.999 -9.999 -9.999 -9.999 -9.999
9.100  1.938  1.807  1.546  1.161  0.705  0.220 -0.272 -0.742 -1.065 -1.164 -1.196 -1.247 -1.393 -1.811 -2.255 -2.407 -3.031 -3.723 -4.439 -5.171 -5.913 -6.654 -7.383 -8.097 -8.794 -9.478 -9.999 -9.999 -9.999 -9.999 -9.999 -9.999 -9.999 -9.999 -9.999 -9.999 -9.999 -9.999 -9.999
9.300  0.870  0.865  0.850  0.804  0.686  0.442  0.069 -0.380 -0.840 -1.180 -1.309 -1.419 -1.722 -2.215 -2.432 -2.784 -3.433 -4.126 -4.840 -5.572 -6.313 -7.054 -7.784 -8.497 -9.194 -9.879 -9.999 -9.999 -9.999 -9.999 -9.999 -9.999 -9.999 -9.999 -9.999 -9.999 -9.999 -9.999 -9.999
9.500 -0.007 -0.007 -0.009 -0.013 -0.026 -0.064 -0.167 -0.390 -0.742 -1.136 -1.400 -1.648 -2.160 -2.416 -2.611 -3.174 -3.834 -4.527 -5.241 -5.972 -6.713 -7.454 -8.184 -8.897 -9.594 -9.999 -9.999 -9.999 -9.999 -9.999 -9.999 -9.999 -9.999 -9.999 -9.999 -9.999 -9.999 -9.999 -9.999
9.700 -0.751 -0.751 -0.751 -0.752 -0.753 -0.758 -0.774 -0.820 -0.940 -1.182 -1.512 -2.032 -2.363 -2.486 -2.961 -3.568 -4.234 -4.927 -5.641 -6.372 -7.113 -7.854 -8.584 -9.297 -9.994 -9.999 -9.999 -9.999 -9.999 -9.999 -9.999 -9.999 -9.999 -9.999 -9.999 -9.999 -9.999 -9.999 -9.999
9.900 -1.438 -1.438 -1.438 -1.439 -1.439 -1.440 -1.445 -1.458 -1.497 -1.613 -1.951 -2.372 -2.416 -2.711 -3.331 -3.964 -4.634 -5.327 -6.041 -6.772 -7.513 -8.254 -8.984 -9.697 -9.999 -9.999 -9.999 -9.999 -9.999 -9.999 -9.999 -9.999 -9.999 -9.999 -9.999 -9.999 -9.999 -9.999 -9.999
