0.9500   0.0400   0.0100
3.750 -8.750 -8.250 -0.676 -0.847 -1.044 -1.256 -1.471 -1.682 -1.879 -2.040 -2.132 -2.126 -2.024 -1.857 -1.650 -1.432 -1.179 -0.899 -0.594 -0.254  0.117  1.750  2.250  2.750  3.249  3.745  4.193  4.248  3.633  2.757  1.769  0.737 -0.289 -1.138 -1.872 -2.871 -3.871 -4.869 -5.866
3.800 -8.400 -7.900 -0.439 -0.485 -0.574 -0.703 -0.858 -1.026 -1.186 -1.311 -1.381 -1.369 -1.278 -1.137 -0.947 -0.757 -0.530 -0.297 -0.050  0.223  0.504  2.099  2.599  3.099  3.598  4.086  4.443  4.201  3.473  2.573  1.573  0.538 -0.471 -1.297 -2.072 -3.071 -4.070 -5.068 -6.064
3.850 -8.050 -7.550 -0.406 -0.402 -0.398 -0.401 -0.425 -0.476 -0.538 -0.592 -0.617 -0.591 -0.518 -0.400 -0.250 -0.088  0.108  0.315  0.531  0.766  1.016  2.449  2.949  3.448  3.946  4.410  4.576  4.087  3.304  2.385  1.376  0.339 -0.650 -1.453 -2.271 -3.271 -4.270 -5.267 -6.262
3.900 -7.700 -7.200 -0.407 -0.397 -0.376 -0.335 -0.262 -0.163 -0.062  0.027  0.101  0.169  0.245  0.340  0.458  0.581  0.739  0.912  1.097  1.298  1.510  2.797  3.297  3.796  4.288  4.687  4.578  3.944  3.130  2.195  1.178  0.140 -0.827 -1.606 -2.471 -3.471 -4.469 -5.466 -6.459
3.950 -7.350 -6.850 -0.409 -0.400 -0.380 -0.336 -0.245 -0.088  0.137  0.393  0.625  0.805  0.933  1.041  1.139  1.240  1.361  1.496  1.644  1.815  2.004  3.145  3.645  4.143  4.618  4.869  4.492  3.791  2.953  2.003  0.980 -0.060 -1.001 -1.755 -2.671 -3.670 -4.669 -5.665 -6.656
4.000 -7.000 -6.500 -0.407 -0.401 -0.386 -0.348 -0.262 -0.100  0.156  0.493  0.860  1.190  1.437  1.606  1.731  1.835  1.937  2.038  2.163  2.304  2.465  3.492  3.991  4.484  4.913  4.919  4.365  3.632  2.773  1.808  0.782 -0.259 -1.172 -1.902 -2.871 -3.870 -4.868 -5.863 -6.852
4.050 -6.650 -6.150 -0.398 -0.393 -0.381 -0.351 -0.276 -0.123  0.131  0.482  0.895  1.323  1.696  1.983  2.183  2.319  2.426  2.528  2.633  2.751  2.885  3.836  4.333  4.815  5.132  4.863  4.222  3.469  2.592  1.613  0.584 -0.453 -1.340 -2.071 -3.071 -4.069 -5.067 -6.060 -7.047
4.100 -6.300 -5.800 -0.390 -0.385 -0.375 -0.349 -0.286 -0.153  0.080  0.413  0.829  1.286  1.737  2.140  2.445  2.664  2.819  2.941  3.050  3.161  3.282  4.177  4.670  5.119  5.229  4.753  4.073  3.302  2.409  1.417  0.385 -0.639 -1.505 -2.271 -3.270 -4.269 -5.265 -6.257 -7.241
4.150 -5.950 -5.450 -0.382 -0.372 -0.361 -0.339 -0.285 -0.170  0.034  0.337  0.733  1.189  1.678  2.148  2.556  2.876  3.104  3.266  3.400  3.520  3.641  4.511  4.994  5.363  5.208  4.620  3.922  3.132  2.224  1.221  0.186 -0.823 -1.667 -2.471 -3.470 -4.468 -5.463 -6.454 -7.434
4.200 -5.600 -5.100 -0.386 -0.373 -0.354 -0.328 -0.279 -0.178  0.002  0.276  0.646  1.092  1.583  2.089  2.559  2.976  3.298  3.528  3.695  3.842  3.973  4.834  5.294  5.502  5.116  4.478  3.768  2.960  2.036  1.023 -0.013 -1.005 -1.826 -2.671 -3.670 -4.667 -5.661 -6.649 -7.624
4.250 -5.250 -4.750 -0.388 -0.375 -0.356 -0.325 -0.273 -0.174 -0.010  0.238  0.585  1.013  1.503  2.009  2.518  3.002  3.411  3.722  3.948  4.131  4.285  5.136  5.543  5.522  4.993  4.334  3.611  2.785  1.845  0.826 -0.213 -1.184 -1.981 -2.870 -3.869 -4.866 -5.858 -6.843 -7.813
4.300 -4.900 -4.400 -0.383 -0.371 -0.351 -0.322 -0.273 -0.179 -0.021  0.218  0.550  0.969  1.454  1.963  2.485  3.005  3.475  3.866  4.157  4.387  4.564  5.395  5.703  5.455  4.858  4.187  3.453  2.606  1.652  0.628 -0.412 -1.361 -2.133 -3.070 -4.068 -5.064 -6.055 -7.036 -7.999
4.350 -4.550 -4.050 -0.377 -0.364 -0.343 -0.310 -0.260 -0.174 -0.027  0.208  0.540  0.967  1.445  1.953  2.480  3.011  3.526  3.977  4.331  4.612  4.817  5.581  5.754  5.345  4.718  4.038  3.291  2.426  1.456  0.429 -0.611 -1.535 -2.283 -3.270 -4.267 -5.262 -6.251 -7.228 -8.181
4.400 -4.200 -3.700 -0.372 -0.358 -0.334 -0.295 -0.239 -0.154 -0.018  0.204  0.538  0.966  1.447  1.965  2.501  3.040  3.582  4.071  4.477  4.800  5.033  5.677  5.715  5.217  4.577  3.888  3.126  2.245  1.261  0.231 -0.803 -1.706 -2.470 -3.469 -4.466 -5.459 -6.445 -7.417 -8.361
4.450 -3.850 -3.351 -0.372 -0.357 -0.331 -0.285 -0.214 -0.115  0.028  0.249  0.575  1.004  1.490  2.010  2.547  3.093  3.648  4.160  4.603  4.950  5.219  5.702  5.629  5.082  4.434  3.737  2.959  2.061  1.065  0.032 -0.991 -1.873 -2.670 -3.668 -4.665 -5.656 -6.639 -7.604 -8.536
4.500 -3.500 -3.001 -0.370 -0.359 -0.337 -0.293 -0.212 -0.092  0.070  0.296  0.620  1.044  1.533  2.060  2.602  3.162  3.719  4.242  4.705  5.073  5.351  5.704  5.525  4.945  4.290  3.584  2.789  1.875  0.868 -0.167 -1.176 -2.038 -2.870 -3.868 -4.863 -5.852 -6.831 -7.788 -8.707
4.550 -3.151 -2.653 -0.366 -0.353 -0.334 -0.295 -0.218 -0.090  0.098  0.357  0.700  1.123  1.608  2.131  2.669  3.227  3.781  4.303  4.764  5.139  5.411  5.714  5.414  4.807  4.145  3.429  2.615  1.686  0.671 -0.366 -1.360 -2.199 -3.069 -4.066 -5.060 -6.047 -7.021 -7.968 -8.873
4.600 -2.802 -2.306 -0.368 -0.356 -0.335 -0.298 -0.224 -0.095  0.104  0.389  0.760  1.198  1.681  2.193  2.722  3.267  3.809  4.316  4.764  5.130  5.386  5.702  5.292  4.667  3.998  3.272  2.439  1.494  0.473 -0.566 -1.542 -2.358 -3.269 -4.265 -5.257 -6.241 -7.208 -8.145 -9.033
4.650 -2.454 -1.962 -0.365 -0.355 -0.338 -0.303 -0.233 -0.103  0.101  0.398  0.787  1.240  1.728  2.235  2.748  3.271  3.787  4.269  4.696  5.046  5.291  5.638  5.161  4.526  3.850  3.112  2.260  1.300  0.275 -0.765 -1.721 -2.512 -3.468 -4.463 -5.454 -6.434 -7.393 -8.317 -9.188
4.700 -2.109 -1.627 -0.363 -0.352 -0.334 -0.304 -0.243 -0.122  0.082  0.380  0.769  1.224  1.716  2.222  2.726  3.229  3.719  4.175  4.581  4.920  5.158  5.537  5.025  4.385  3.701  2.950  2.079  1.105  0.077 -0.964 -1.898 -2.669 -3.667 -4.661 -5.649 -6.624 -7.575 -8.485 -9.337
4.750 -1.769 -1.309 -0.364 -0.350 -0.332 -0.305 -0.250 -0.142  0.050  0.340  0.725  1.175  1.662  2.166  2.667  3.159  3.628  4.064  4.455  4.782  5.017  5.420  4.887  4.242  3.551  2.784  1.897  0.909 -0.122 -1.154 -2.072 -2.869 -3.866 -4.858 -5.843 -6.813 -7.753 -8.647 -9.481
4.800 -1.442 -1.022 -0.363 -0.350 -0.333 -0.305 -0.253 -0.153  0.026  0.302  0.670  1.106  1.584  2.085  2.589  3.078  3.540  3.962  4.338  4.651  4.879  5.298  4.749  4.099  3.399  2.616  1.713  0.713 -0.321 -1.344 -2.242 -3.068 -4.064 -5.055 -6.036 -6.999 -7.927 -8.804 -9.619
4.850 -1.140 -0.787 -0.364 -0.352 -0.335 -0.308 -0.258 -0.164  0.004  0.265  0.614  1.034  1.505  2.002  2.508  3.001  3.463  3.878  4.238  4.535  4.751  5.172  4.609  3.954  3.245  2.444  1.525  0.516 -0.520 -1.531 -2.410 -3.267 -4.262 -5.251 -6.228 -7.181 -8.096 -8.955 -9.751
4.900 -0.880 -0.620 -0.356 -0.346 -0.330 -0.304 -0.256 -0.167 -0.010  0.239  0.575  0.981  1.443  1.937  2.444  2.939  3.401  3.810  4.153  4.428  4.628  5.045  4.470  3.808  3.090  2.270  1.335  0.318 -0.719 -1.717 -2.574 -3.466 -4.459 -5.445 -6.417 -7.361 -8.260 -9.100 -9.879
4.950 -0.683 -0.517 -0.342 -0.331 -0.315 -0.291 -0.247 -0.163 -0.013  0.223  0.549  0.947  1.400  1.889  2.393  2.886  3.346  3.746  4.071  4.323  4.506  4.916  4.329  3.661  2.932  2.093  1.143  0.120 -0.919 -1.901 -2.735 -3.664 -4.656 -5.639 -6.604 -7.536 -8.419 -9.240 -9.999
5.000 -0.554 -0.462 -0.310 -0.304 -0.291 -0.269 -0.229 -0.152 -0.011  0.215  0.534  0.928  1.373  1.858  2.355  2.840  3.289  3.674  3.979  4.213  4.385  4.786  4.189  3.513  2.772  1.912  0.948 -0.078 -1.118 -2.083 -2.892 -3.862 -4.852 -5.831 -6.788 -7.707 -8.572 -9.374 -9.999
5.050 -0.481 -0.435 -0.252 -0.244 -0.234 -0.217 -0.182 -0.112  0.017  0.232  0.542  0.925  1.360  1.840  2.326  2.793  3.222  3.583  3.868  4.091  4.259  4.655  4.047  3.364  2.608  1.732  0.769 -0.165 -1.066 -2.068 -3.066 -4.060 -5.047 -6.021 -6.968 -7.873 -8.719 -9.504 -9.999
5.100 -0.444 -0.422 -0.194 -0.181 -0.164 -0.141 -0.107 -0.045  0.069  0.258  0.541  0.912  1.344  1.810  2.289  2.745  3.143  3.473  3.740  3.959  4.131  4.523  3.905  3.213  2.441  1.549  0.581 -0.342 -1.266 -2.267 -3.264 -4.257 -5.241 -6.208 -7.145 -8.033 -8.861 -9.629 -9.999
5.150 -0.427 -0.416 -0.158 -0.129 -0.098 -0.062 -0.017  0.053  0.160  0.330  0.587  0.932  1.344  1.792  2.250  2.683  3.052  3.352  3.603  3.824  4.002  4.390  3.762  3.061  2.272  1.364  0.392 -0.517 -1.466 -2.466 -3.463 -4.453 -5.434 -6.393 -7.317 -8.188 -8.997 -9.749 -9.999
5.200 -0.418 -0.414 -0.161 -0.119 -0.074 -0.021  0.044  0.130  0.251  0.418  0.649  0.960  1.349  1.776  2.210  2.621  2.959  3.228  3.467  3.691  3.876  4.255  3.617  2.907  2.100  1.175  0.205 -0.689 -1.666 -2.665 -3.661 -4.649 -5.624 -6.575 -7.485 -8.337 -9.128 -9.867 -9.999
5.250 -0.415 -0.413 -0.204 -0.156 -0.101 -0.033  0.049  0.156  0.295  0.472  0.694  0.978  1.340  1.748  2.165  2.550  2.860  3.107  3.337  3.566  3.754  4.119  3.471  2.750  1.924  0.985  0.018 -0.862 -1.865 -2.864 -3.858 -4.843 -5.813 -6.753 -7.647 -8.481 -9.254 -9.981 -9.999
5.300 -0.413 -0.412 -0.257 -0.205 -0.144 -0.072  0.019  0.138  0.292  0.482  0.712  0.988  1.323  1.710  2.109  2.472  2.760  2.992  3.214  3.447  3.636  3.982  3.324  2.592  1.746  0.796 -0.168 -1.062 -2.065 -3.063 -4.055 -5.036 -5.999 -6.927 -7.804 -8.619 -9.376 -9.999 -9.999
5.350 -0.412 -0.412 -0.321 -0.278 -0.220 -0.145 -0.051  0.071  0.230  0.432  0.677  0.963  1.293  1.661  2.043  2.390  2.662  2.882  3.100  3.335  3.521  3.843  3.176  2.430  1.565  0.606 -0.352 -1.262 -2.264 -3.261 -4.250 -5.227 -6.181 -7.096 -7.955 -8.751 -9.495 -9.999 -9.999
5.400 -0.412 -0.412 -0.363 -0.333 -0.288 -0.223 -0.135 -0.019  0.136  0.345  0.605  0.908  1.244  1.606  1.977  2.308  2.565  2.777  2.994  3.228  3.410  3.703  3.026  2.265  1.384  0.416 -0.535 -1.462 -2.463 -3.458 -4.445 -5.417 -6.361 -7.260 -8.100 -8.879 -9.610 -9.999 -9.999
5.450 -0.412 -0.412 -0.390 -0.372 -0.340 -0.289 -0.211 -0.100  0.051  0.256  0.526  0.847  1.194  1.554  1.912  2.228  2.474  2.679  2.896  3.125  3.305  3.562  2.875  2.098  1.201  0.225 -0.716 -1.662 -2.662 -3.655 -4.638 -5.603 -6.536 -7.419 -8.240 -9.003 -9.722 -9.999 -9.999
5.500 -0.412 -0.412 -0.401 -0.392 -0.374 -0.339 -0.279 -0.183 -0.041  0.157  0.428  0.766  1.137  1.505  1.853  2.153  2.386  2.587  2.806  3.026  3.208  3.420  2.722  1.928  1.014  0.035 -0.894 -1.861 -2.860 -3.851 -4.830 -5.787 -6.707 -7.572 -8.374 -9.122 -9.832 -9.999 -9.999
5.550 -0.412 -0.412 -0.405 -0.401 -0.392 -0.372 -0.331 -0.254 -0.127  0.070  0.350  0.704  1.087  1.456  1.797  2.083  2.305  2.502  2.722  2.933  3.117  3.276  2.567  1.754  0.825 -0.154 -1.070 -2.060 -3.058 -4.046 -5.020 -5.968 -6.873 -7.719 -8.504 -9.238 -9.941 -9.999 -9.999
5.600 -0.412 -0.412 -0.407 -0.405 -0.399 -0.387 -0.363 -0.309 -0.202 -0.015  0.272  0.643  1.040  1.413  1.744  2.016  2.229  2.426  2.645  2.850  3.036  3.131  2.410  1.578  0.635 -0.344 -1.255 -2.259 -3.255 -4.240 -5.208 -6.145 -7.033 -7.861 -8.629 -9.352 -9.999 -9.999 -9.999
5.650 -0.412 -0.412 -0.408 -0.405 -0.401 -0.394 -0.379 -0.345 -0.268 -0.107  0.174  0.563  0.983  1.367  1.694  1.954  2.161  2.359  2.572  2.776  2.963  2.984  2.251  1.399  0.444 -0.532 -1.455 -2.458 -3.451 -4.433 -5.393 -6.317 -7.188 -7.997 -8.749 -9.462 -9.999 -9.999 -9.999
5.700 -0.412 -0.412 -0.409 -0.406 -0.403 -0.396 -0.385 -0.360 -0.305 -0.178  0.079  0.472  0.917  1.316  1.642  1.897  2.102  2.301  2.507  2.718  2.898  2.838  2.089  1.218  0.253 -0.719 -1.654 -2.656 -3.647 -4.623 -5.575 -6.485 -7.337 -8.128 -8.867 -9.571 -9.999 -9.999 -9.999
5.750 -0.412 -0.412 -0.409 -0.407 -0.403 -0.398 -0.388 -0.368 -0.326 -0.230 -0.008  0.375  0.835  1.253  1.587  1.841  2.048  2.248  2.446  2.658  2.827  2.688  1.922  1.036  0.062 -0.904 -1.853 -2.853 -3.841 -4.812 -5.753 -6.647 -7.481 -8.254 -8.981 -9.678 -9.999 -9.999 -9.999
5.800 -0.412 -0.412 -0.409 -0.407 -0.404 -0.399 -0.389 -0.372 -0.335 -0.256 -0.073  0.277  0.740  1.177  1.522  1.783  1.995  2.197  2.392  2.607  2.755  2.536  1.754  0.852 -0.130 -1.087 -2.052 -3.050 -4.034 -4.998 -5.927 -6.804 -7.619 -8.376 -9.092 -9.784 -9.999 -9.999 -9.999
5.850 -0.412 -0.412 -0.409 -0.408 -0.405 -0.400 -0.391 -0.373 -0.340 -0.270 -0.112  0.203  0.647  1.094  1.452  1.722  1.944  2.147  2.343  2.565  2.682  2.383  1.583  0.664 -0.322 -1.269 -2.251 -3.246 -4.225 -5.181 -6.096 -6.955 -7.751 -8.494 -9.202 -9.889 -9.999 -9.999 -9.999
5.900 -0.412 -0.412 -0.409 -0.408 -0.405 -0.401 -0.393 -0.377 -0.345 -0.280 -0.140  0.139  0.560  1.011  1.382  1.664  1.895  2.102  2.301  2.520  2.597  2.227  1.409  0.474 -0.513 -1.448 -2.449 -3.441 -4.415 -5.360 -6.260 -7.100 -7.879 -8.610 -9.310 -9.993 -9.999 -9.999 -9.999
5.950 -0.413 -0.413 -0.408 -0.406 -0.403 -0.399 -0.392 -0.377 -0.347 -0.286 -0.155  0.100  0.494  0.936  1.316  1.610  1.851  2.062  2.262  2.467  2.500  2.070  1.231  0.284 -0.704 -1.642 -2.646 -3.634 -4.602 -5.535 -6.418 -7.240 -8.002 -8.722 -9.416 -9.999 -9.999 -9.999 -9.999
6.000 -0.413 -0.413 -0.406 -0.404 -0.400 -0.396 -0.389 -0.375 -0.348 -0.289 -0.164  0.080  0.457  0.888  1.268  1.569  1.817  2.027  2.220  2.412  2.399  1.833  1.045  0.092 -0.894 -1.841 -2.842 -3.826 -4.786 -5.706 -6.571 -7.374 -8.122 -8.832 -9.521 -9.999 -9.999 -9.999 -9.999
6.100 -0.413 -0.413 -0.408 -0.403 -0.396 -0.388 -0.377 -0.361 -0.336 -0.286 -0.174  0.041  0.380  0.788  1.176  1.498  1.756  1.953  2.136  2.295  2.175  1.529  0.684 -0.292 -1.270 -2.237 -3.232 -4.204 -5.143 -6.032 -6.860 -7.628 -8.352 -9.047 -9.728 -9.999 -9.999 -9.999 -9.999
6.200 -0.413 -0.413 -0.412 -0.410 -0.405 -0.395 -0.378 -0.352 -0.316 -0.260 -0.159  0.026  0.330  0.720  1.109  1.428  1.670  1.846  2.006  2.137  1.923  1.208  0.312 -0.678 -1.639 -2.630 -3.615 -4.571 -5.483 -6.336 -7.127 -7.866 -8.571 -9.257 -9.933 -9.999 -9.999 -9.999 -9.999
6.300 -0.414 -0.414 -0.413 -0.412 -0.411 -0.408 -0.398 -0.376 -0.329 -0.252 -0.134  0.046  0.326  0.687  1.047  1.336  1.540  1.694  1.858  1.960  1.649  0.868 -0.068 -1.062 -2.019 -3.018 -3.990 -4.923 -5.802 -6.618 -7.376 -8.092 -8.784 -9.463 -9.999 -9.999 -9.999 -9.999 -9.999
6.400 -0.414 -0.414 -0.414 -0.413 -0.412 -0.411 -0.408 -0.398 -0.372 -0.302 -0.163  0.046  0.325  0.652  0.952  1.185  1.363  1.520  1.697  1.769  1.352  0.514 -0.453 -1.442 -2.410 -3.399 -4.352 -5.256 -6.098 -6.878 -7.609 -8.309 -8.992 -9.667 -9.999 -9.999 -9.999 -9.999 -9.999
6.500 -0.415 -0.415 -0.415 -0.414 -0.414 -0.413 -0.411 -0.406 -0.393 -0.351 -0.241 -0.029  0.258  0.552  0.799  0.994  1.166  1.341  1.538  1.561  1.033  0.148 -0.839 -1.814 -2.797 -3.771 -4.698 -5.567 -6.372 -7.121 -7.832 -8.520 -9.198 -9.869 -9.999 -9.999 -9.999 -9.999 -9.999
6.600 -0.416 -0.416 -0.415 -0.415 -0.415 -0.415 -0.413 -0.410 -0.401 -0.375 -0.302 -0.137  0.120  0.390  0.611  0.794  0.971  1.171  1.381  1.332  0.696 -0.229 -1.223 -2.181 -3.176 -4.128 -5.025 -5.856 -6.626 -7.350 -8.047 -8.728 -9.401 -9.999 -9.999 -9.999 -9.999 -9.999 -9.999
6.700 -0.417 -0.417 -0.416 -0.416 -0.416 -0.416 -0.415 -0.413 -0.407 -0.388 -0.339 -0.222 -0.021  0.212  0.419  0.602  0.791  1.013  1.224  1.078  0.344 -0.613 -1.604 -2.565 -3.543 -4.468 -5.328 -6.123 -6.864 -7.570 -8.256 -8.932 -9.603 -9.999 -9.999 -9.999 -9.999 -9.999 -9.999
6.800 -0.418 -0.418 -0.418 -0.418 -0.418 -0.417 -0.417 -0.415 -0.411 -0.398 -0.364 -0.282 -0.133  0.054  0.244  0.431  0.634  0.876  1.071  0.797 -0.017 -0.997 -1.974 -2.940 -3.894 -4.786 -5.609 -6.371 -7.090 -7.783 -8.462 -9.135 -9.805 -9.999 -9.999 -9.999 -9.999 -9.999 -9.999
6.900 -0.420 -0.420 -0.419 -0.419 -0.419 -0.419 -0.419 -0.417 -0.414 -0.404 -0.380 -0.321 -0.213 -0.062  0.108  0.296  0.513  0.762  0.905  0.488 -0.392 -1.380 -2.325 -3.302 -4.227 -5.082 -5.869 -6.604 -7.307 -7.991 -8.666 -9.337 -9.999 -9.999 -9.999 -9.999 -9.999 -9.999 -9.999
7.000 -0.422 -0.422 -0.421 -0.421 -0.421 -0.421 -0.420 -0.419 -0.415 -0.406 -0.387 -0.344 -0.265 -0.147  0.011  0.202  0.423  0.661  0.718  0.154 -0.773 -1.756 -2.690 -3.647 -4.537 -5.355 -6.112 -6.827 -7.518 -8.197 -8.869 -9.538 -9.999 -9.999 -9.999 -9.999 -9.999 -9.999 -9.999
7.100 -0.424 -0.424 -0.424 -0.424 -0.424 -0.423 -0.423 -0.421 -0.417 -0.407 -0.387 -0.350 -0.288 -0.186 -0.041  0.137  0.343  0.550  0.494 -0.195 -1.155 -2.117 -3.046 -3.971 -4.824 -5.608 -6.341 -7.042 -7.725 -8.400 -9.071 -9.739 -9.999 -9.999 -9.999 -9.999 -9.999 -9.999 -9.999
7.200 -0.428 -0.428 -0.427 -0.427 -0.427 -0.427 -0.426 -0.425 -0.422 -0.414 -0.392 -0.354 -0.295 -0.204 -0.077  0.075  0.256  0.427  0.230 -0.560 -1.545 -2.449 -3.382 -4.273 -5.090 -5.846 -6.560 -7.251 -7.930 -8.602 -9.272 -9.939 -9.999 -9.999 -9.999 -9.999 -9.999 -9.999 -9.999
7.300 -0.432 -0.432 -0.431 -0.431 -0.431 -0.431 -0.431 -0.430 -0.428 -0.422 -0.404 -0.370 -0.311 -0.227 -0.123  0.003  0.164  0.278 -0.064 -0.977 -1.906 -2.772 -3.697 -4.551 -5.337 -6.071 -6.773 -7.458 -8.133 -8.804 -9.472 -9.999 -9.999 -9.999 -9.999 -9.999 -9.999 -9.999 -9.999
7.400 -0.437 -0.437 -0.436 -0.436 -0.436 -0.436 -0.436 -0.435 -0.434 -0.430 -0.418 -0.392 -0.339 -0.266 -0.181 -0.073  0.071  0.113 -0.390 -1.330 -2.245 -3.098 -3.988 -4.809 -5.569 -6.288 -6.981 -7.661 -8.335 -9.004 -9.673 -9.999 -9.999 -9.999 -9.999 -9.999 -9.999 -9.999 -9.999
7.500 -0.443 -0.443 -0.442 -0.442 -0.442 -0.442 -0.442 -0.442 -0.441 -0.438 -0.431 -0.411 -0.371 -0.312 -0.240 -0.144 -0.028 -0.084 -0.787 -1.691 -2.542 -3.401 -4.257 -5.049 -5.791 -6.499 -7.187 -7.864 -8.536 -9.205 -9.873 -9.999 -9.999 -9.999 -9.999 -9.999 -9.999 -9.999 -9.999
7.600 -0.451 -0.451 -0.449 -0.449 -0.449 -0.449 -0.449 -0.450 -0.449 -0.447 -0.442 -0.428 -0.398 -0.353 -0.293 -0.211 -0.133 -0.329 -1.123 -2.038 -2.800 -3.682 -4.507 -5.277 -6.005 -6.706 -7.390 -8.066 -8.737 -9.405 -9.999 -9.999 -9.999 -9.999 -9.999 -9.999 -9.999 -9.999 -9.999
7.700 -0.460 -0.460 -0.459 -0.459 -0.459 -0.459 -0.459 -0.459 -0.458 -0.457 -0.454 -0.442 -0.420 -0.388 -0.341 -0.278 -0.256 -0.616 -1.480 -2.349 -3.090 -3.941 -4.741 -5.496 -6.214 -6.910 -7.592 -8.267 -8.937 -9.606 -9.999 -9.999 -9.999 -9.999 -9.999 -9.999 -9.999 -9.999 -9.999
7.800 -0.472 -0.472 -0.470 -0.470 -0.470 -0.470 -0.471 -0.471 -0.470 -0.470 -0.467 -0.458 -0.442 -0.419 -0.387 -0.350 -0.413 -0.938 -1.833 -2.601 -3.359 -4.183 -4.965 -5.708 -6.420 -7.113 -7.793 -8.467 -9.137 -9.806 -9.999 -9.999 -9.999 -9.999 -9.999 -9.999 -9.999 -9.999 -9.999
7.900 -0.486 -0.486 -0.485 -0.485 -0.485 -0.485 -0.486 -0.486 -0.485 -0.486 -0.483 -0.476 -0.465 -0.452 -0.437 -0.435 -0.610 -1.274 -2.159 -2.785 -3.608 -4.412 -5.180 -5.915 -6.624 -7.315 -7.994 -8.668 -9.338 -9.999 -9.999 -9.999 -9.999 -9.999 -9.999 -9.999 -9.999 -9.999 -9.999
8.000 -0.503 -0.503 -0.501 -0.501 -0.501 -0.501 -0.501 -0.501 -0.502 -0.501 -0.499 -0.494 -0.489 -0.485 -0.491 -0.538 -0.855 -1.631 -2.431 -3.030 -3.843 -4.631 -5.390 -6.120 -6.827 -7.516 -8.195 -8.868 -9.538 -9.999 -9.999 -9.999 -9.999 -9.999 -9.999 -9.999 -9.999 -9.999 -9.999
8.100 -0.523 -0.523 -0.521 -0.521 -0.521 -0.521 -0.521 -0.521 -0.522 -0.521 -0.519 -0.517 -0.516 -0.524 -0.554 -0.671 -1.145 -1.972 -2.632 -3.270 -4.066 -4.844 -5.597 -6.324 -7.028 -7.717 -8.395 -9.068 -9.738 -9.999 -9.999 -9.999 -9.999 -9.999 -9.999 -9.999 -9.999 -9.999 -9.999
8.300 -0.576 -0.576 -0.574 -0.574 -0.574 -0.574 -0.574 -0.575 -0.575 -0.574 -0.574 -0.577 -0.588 -0.626 -0.731 -1.067 -1.814 -2.493 -2.939 -3.717 -4.492 -5.257 -6.003 -6.727 -7.430 -8.117 -8.796 -9.468 -9.999 -9.999 -9.999 -9.999 -9.999 -9.999 -9.999 -9.999 -9.999 -9.999 -9.999
8.500 -0.645 -0.646 -0.644 -0.644 -0.645 -0.645 -0.645 -0.645 -0.645 -0.645 -0.648 -0.656 -0.685 -0.773 -1.014 -1.659 -2.399 -2.739 -3.375 -4.137 -4.903 -5.662 -6.406 -7.128 -7.830 -8.518 -9.196 -9.868 -9.999 -9.999 -9.999 -9.999 -9.999 -9.999 -9.999 -9.999 -9.999 -9.999 -9.999
8.700  0.365 -0.123 -0.553 -0.700 -0.726 -0.730 -0.730 -0.730 -0.729 -0.732 -0.736 -0.753 -0.812 -1.004 -1.505 -2.270 -2.649 -3.052 -3.791 -4.545 -5.307 -6.065 -6.807 -7.529 -8.231 -8.918 -9.596 -9.999 -9.999 -9.999 -9.999 -9.999 -9.999 -9.999 -9.999 -9.999 -9.999 -9.999 -9.999
8.900  1.885  1.390  0.892  0.393 -0.101 -0.544 -0.784 -0.836 -0.847 -0.857 -0.877 -0.924 -1.058 -1.456 -2.186 -2.605 -2.772 -3.464 -4.198 -4.949 -5.709 -6.466 -7.207 -7.929 -8.631 -9.318 -9.996 -9.999 -9.999 -9.999 -9.999 -9.999 -9.999 -9.999 -9.999 -9.999 -9.999 -9.999 -9.999
9.100  2.020  1.866  1.578  1.174  0.709  0.222 -0.267 -0.698 -0.917 -0.971 -1.009 -1.100 -1.372 -2.016 -2.598 -2.725 -3.162 -3.869 -4.600 -5.350 -6.109 -6.866 -7.608 -8.329 -9.031 -9.718 -9.999 -9.999 -9.999 -9.999 -9.999 -9.999 -9.999 -9.999 -9.999 -9.999 -9.999 -9.999 -9.999
9.300  0.957  0.951  0.932  0.878  0.741  0.472  0.082 -0.371 -0.802 -1.046 -1.149 -1.340 -1.839 -2.601 -2.727 -2.893 -3.564 -4.271 -5.001 -5.751 -6.510 -7.266 -8.008 -8.729 -9.431 -9.999 -9.999 -9.999 -9.999 -9.999 -9.999 -9.999 -9.999 -9.999 -9.999 -9.999 -9.999 -9.999 -9.999
9.500  0.071  0.070  0.068  0.063  0.048  0.003 -0.115 -0.359 -0.722 -1.074 -1.307 -1.705 -2.459 -2.749 -2.799 -3.288 -3.964 -4.671 -5.402 -6.151 -6.910 -7.666 -8.408 -9.129 -9.831 -9.999 -9.999 -9.999 -9.999 -9.999 -9.999 -9.999 -9.999 -9.999 -9.999 -9.999 -9.999 -9.999 -9.999
9.700 -0.678 -0.678 -0.678 -0.679 -0.681 -0.687 -0.705 -0.759 -0.898 -1.164 -1.560 -2.256 -2.793 -2.787 -3.055 -3.685 -4.365 -5.072 -5.802 -6.551 -7.310 -8.066 -8.808 -9.529 -9.999 -9.999 -9.999 -9.999 -9.999 -9.999 -9.999 -9.999 -9.999 -9.999 -9.999 -9.999 -9.999 -9.999 -9.999
9.900 -1.364 -1.364 -1.364 -1.364 -1.365 -1.366 -1.371 -1.388 -1.439 -1.613 -2.112 -2.966 -2.779 -2.831 -3.437 -4.083 -4.765 -5.472 -6.202 -6.951 -7.710 -8.466 -9.208 -9.929 -9.999 -9.999 -9.999 -9.999 -9.999 -9.999 -9.999 -9.999 -9.999 -9.999 -9.999 -9.999 -9.999 -9.999 -9.999
