0.5000   0.4900   0.0100
3.750 -8.750 -8.250 -0.875 -1.024 -1.208 -1.413 -1.626 -1.840 -2.046 -2.229 -2.361 -2.407 -2.352 -2.213 -2.018 -1.794 -1.551 -1.250 -0.924 -0.556 -0.159  1.749  2.249  2.749  3.249  3.746  4.209  4.352  3.807  2.954  1.984  0.954 -0.049 -0.880 -1.684 -2.684 -3.683 -4.682 -5.679
3.800 -8.400 -7.900 -0.702 -0.730 -0.795 -0.903 -1.045 -1.207 -1.374 -1.520 -1.623 -1.655 -1.604 -1.486 -1.316 -1.122 -0.912 -0.668 -0.416 -0.138  0.177  2.098  2.598  3.098  3.598  4.089  4.484  4.341  3.653  2.774  1.789  0.755 -0.229 -1.036 -1.884 -2.884 -3.883 -4.881 -5.878
3.850 -8.050 -7.550 -0.683 -0.678 -0.673 -0.671 -0.682 -0.719 -0.778 -0.839 -0.881 -0.883 -0.834 -0.738 -0.601 -0.444 -0.263 -0.053  0.165  0.399  0.656  2.447  2.947  3.446  3.944  4.419  4.660  4.244  3.489  2.590  1.592  0.556 -0.407 -1.189 -2.084 -3.084 -4.083 -5.081 -6.076
3.900 -7.700 -7.200 -0.685 -0.677 -0.662 -0.633 -0.577 -0.491 -0.389 -0.293 -0.211 -0.141 -0.069  0.016  0.125  0.245  0.389  0.562  0.745  0.944  1.157  2.794  3.294  3.793  4.287  4.714  4.702  4.110  3.320  2.404  1.395  0.357 -0.582 -1.339 -2.284 -3.283 -4.282 -5.280 -6.274
3.950 -7.350 -6.850 -0.682 -0.679 -0.666 -0.637 -0.573 -0.453 -0.262 -0.018  0.231  0.441  0.596  0.714  0.818  0.918  1.032  1.166  1.313  1.478  1.664  3.140  3.639  4.137  4.619  4.930  4.638  3.960  3.147  2.215  1.198  0.158 -0.754 -1.487 -2.484 -3.483 -4.482 -5.478 -6.471
4.000 -7.000 -6.500 -0.632 -0.651 -0.657 -0.641 -0.586 -0.467 -0.261  0.037  0.394  0.749  1.043  1.252  1.401  1.517  1.623  1.728  1.847  1.986  2.142  3.483  3.981  4.476  4.925  5.022  4.522  3.805  2.970  2.023  1.000 -0.031 -0.923 -1.684 -2.684 -3.683 -4.681 -5.677 -6.668
4.050 -6.650 -6.150 -0.587 -0.590 -0.597 -0.600 -0.571 -0.474 -0.279  0.023  0.408  0.834  1.241  1.575  1.822  1.992  2.116  2.224  2.331  2.446  2.577  3.821  4.317  4.803  5.168  4.995  4.384  3.646  2.791  1.830  0.802 -0.217 -1.088 -1.884 -2.884 -3.882 -4.880 -5.875 -6.864
4.100 -6.300 -5.800 -0.575 -0.571 -0.564 -0.550 -0.517 -0.441 -0.283 -0.017  0.351  0.787  1.243  1.675  2.033  2.298  2.488  2.628  2.747  2.860  2.978  4.152  4.644  5.106  5.304  4.899  4.238  3.483  2.610  1.634  0.603 -0.402 -1.251 -2.084 -3.083 -4.082 -5.079 -6.072 -7.059
4.150 -5.950 -5.450 -0.568 -0.557 -0.545 -0.528 -0.488 -0.401 -0.245 -0.011  0.309  0.711  1.172  1.650  2.092  2.461  2.736  2.931  3.081  3.209  3.330  4.472  4.956  5.361  5.318  4.774  4.088  3.317  2.428  1.438  0.405 -0.584 -1.410 -2.284 -3.283 -4.281 -5.277 -6.269 -7.252
4.200 -5.600 -5.100 -0.573 -0.560 -0.542 -0.517 -0.476 -0.393 -0.240 -0.002  0.313  0.686  1.114  1.588  2.069  2.512  2.884  3.159  3.356  3.511  3.649  4.775  5.241  5.529  5.247  4.636  3.936  3.149  2.243  1.242  0.206 -0.764 -1.566 -2.484 -3.483 -4.480 -5.476 -6.465 -7.444
4.250 -5.250 -4.750 -0.574 -0.563 -0.544 -0.516 -0.470 -0.385 -0.239 -0.014  0.300  0.685  1.108  1.557  2.027  2.508  2.952  3.309  3.574  3.777  3.944  5.047  5.479  5.588  5.135  4.493  3.782  2.978  2.056  1.045  0.007 -0.942 -1.719 -2.683 -3.682 -4.679 -5.673 -6.660 -7.634
4.300 -4.900 -4.400 -0.566 -0.557 -0.540 -0.514 -0.470 -0.390 -0.247 -0.028  0.279  0.669  1.115  1.578  2.040  2.519  2.992  3.412  3.747  4.005  4.208  5.269  5.645  5.553  5.005  4.348  3.626  2.803  1.866  0.847 -0.190 -1.117 -1.884 -2.883 -3.881 -4.878 -5.870 -6.854 -7.822
4.350 -4.550 -4.050 -0.552 -0.546 -0.530 -0.502 -0.457 -0.382 -0.251 -0.039  0.269  0.667  1.127  1.607  2.093  2.570  3.046  3.503  3.892  4.205  4.446  5.424  5.721  5.463  4.869  4.202  3.468  2.626  1.674  0.649 -0.380 -1.288 -2.083 -3.083 -4.081 -5.076 -6.067 -7.047 -8.007
4.400 -4.200 -3.700 -0.508 -0.512 -0.506 -0.482 -0.435 -0.360 -0.238 -0.040  0.262  0.664  1.129  1.627  2.141  2.644  3.134  3.606  4.025  4.379  4.651  5.513  5.720  5.346  4.729  4.054  3.307  2.445  1.479  0.451 -0.568 -1.457 -2.283 -3.282 -4.280 -5.274 -6.262 -7.238 -8.189
4.450 -3.850 -3.351 -0.486 -0.477 -0.464 -0.440 -0.394 -0.313 -0.187  0.009  0.304  0.701  1.171  1.674  2.197  2.718  3.233  3.724  4.162  4.534  4.831  5.560  5.672  5.219  4.588  3.904  3.143  2.264  1.284  0.252 -0.755 -1.623 -2.483 -3.482 -4.478 -5.471 -6.457 -7.426 -8.368
4.500 -3.500 -3.001 -0.480 -0.469 -0.451 -0.413 -0.347 -0.249 -0.114  0.078  0.360  0.747  1.212  1.722  2.253  2.792  3.330  3.839  4.297  4.684  4.994  5.598  5.600  5.086  4.446  3.753  2.976  2.082  1.088  0.053 -0.940 -1.785 -2.683 -3.681 -4.677 -5.668 -6.650 -7.613 -8.542
4.550 -3.151 -2.653 -0.476 -0.463 -0.443 -0.407 -0.334 -0.204 -0.023  0.200  0.486  0.855  1.302  1.803  2.329  2.867  3.415  3.939  4.412  4.810  5.124  5.639  5.511  4.951  4.303  3.600  2.807  1.896  0.891 -0.146 -1.122 -1.945 -2.882 -3.880 -4.875 -5.864 -6.841 -7.796 -8.712
4.600 -2.802 -2.307 -0.479 -0.466 -0.445 -0.409 -0.337 -0.204  0.009  0.300  0.637  1.006  1.428  1.900  2.407  2.937  3.482  4.014  4.495  4.899  5.207  5.657  5.405  4.814  4.158  3.445  2.635  1.708  0.694 -0.345 -1.303 -2.101 -3.082 -4.079 -5.072 -6.059 -7.030 -7.975 -8.876
4.650 -2.455 -1.966 -0.475 -0.464 -0.446 -0.413 -0.346 -0.218 -0.004  0.309  0.710  1.141  1.571  2.019  2.498  3.004  3.534  4.056  4.534  4.937  5.234  5.624  5.283  4.675  4.012  3.288  2.459  1.517  0.496 -0.540 -1.480 -2.283 -3.281 -4.277 -5.269 -6.252 -7.217 -8.151 -9.035
4.700 -2.111 -1.635 -0.473 -0.460 -0.443 -0.413 -0.355 -0.238 -0.034  0.271  0.669  1.138  1.627  2.102  2.569  3.052  3.557  4.060  4.526  4.922  5.210  5.548  5.153  4.535  3.865  3.129  2.281  1.324  0.298 -0.731 -1.655 -2.482 -3.480 -4.475 -5.465 -6.444 -7.402 -8.322 -9.189
4.750 -1.775 -1.325 -0.472 -0.459 -0.438 -0.413 -0.359 -0.257 -0.072  0.215  0.597  1.054  1.559  2.080  2.581  3.064  3.549  4.030  4.482  4.870  5.152  5.451  5.019  4.394  3.716  2.968  2.099  1.129  0.100 -0.921 -1.827 -2.682 -3.679 -4.673 -5.660 -6.634 -7.583 -8.489 -9.337
4.800 -1.454 -1.053 -0.472 -0.457 -0.438 -0.411 -0.361 -0.265 -0.095  0.172  0.532  0.966  1.453  1.977  2.512  3.026  3.512  3.981  4.422  4.803  5.076  5.344  4.883  4.252  3.566  2.803  1.918  0.933 -0.099 -1.110 -1.996 -2.881 -3.878 -4.870 -5.854 -6.822 -7.760 -8.650 -9.479
4.850 -1.163 -0.839 -0.473 -0.459 -0.439 -0.410 -0.362 -0.274 -0.115  0.137  0.477  0.892  1.363  1.874  2.413  2.949  3.455  3.929  4.365  4.743  5.004  5.233  4.747  4.110  3.415  2.635  1.735  0.737 -0.298 -1.297 -2.162 -3.080 -4.076 -5.067 -6.047 -7.007 -7.932 -8.805 -9.615
4.900 -0.922 -0.693 -0.465 -0.452 -0.434 -0.405 -0.356 -0.270 -0.122  0.115  0.444  0.845  1.304  1.808  2.340  2.878  3.400  3.886  4.325  4.696  4.938  5.121  4.610  3.966  3.262  2.465  1.549  0.540 -0.497 -1.482 -2.324 -3.279 -4.274 -5.262 -6.238 -7.189 -8.100 -8.955 -9.747
4.950 -0.747 -0.608 -0.448 -0.435 -0.417 -0.389 -0.342 -0.259 -0.116  0.110  0.429  0.827  1.278  1.773  2.298  2.833  3.361  3.857  4.300  4.661  4.875  5.008  4.472  3.821  3.107  2.291  1.360  0.343 -0.696 -1.665 -2.483 -3.478 -4.471 -5.457 -6.426 -7.368 -8.263 -9.099 -9.873
5.000 -0.638 -0.564 -0.411 -0.404 -0.391 -0.364 -0.319 -0.239 -0.102  0.116  0.430  0.826  1.275  1.767  2.289  2.817  3.348  3.846  4.286  4.626  4.808  4.895  4.334  3.675  2.949  2.115  1.168  0.145 -0.890 -1.845 -2.680 -3.676 -4.668 -5.650 -6.613 -7.542 -8.420 -9.237 -9.996
5.050 -0.579 -0.543 -0.349 -0.339 -0.327 -0.307 -0.267 -0.191 -0.059  0.152  0.460  0.851  1.296  1.786  2.305  2.824  3.350  3.843  4.267  4.580  4.725  4.780  4.195  3.527  2.790  1.935  0.997  0.067 -0.879 -1.881 -2.879 -3.875 -4.864 -5.841 -6.796 -7.712 -8.572 -9.370 -9.999
5.100 -0.550 -0.533 -0.286 -0.270 -0.253 -0.226 -0.186 -0.117  0.007  0.202  0.487  0.865  1.314  1.804  2.314  2.838  3.351  3.826  4.224  4.504  4.619  4.659  4.056  3.378  2.627  1.754  0.809 -0.110 -1.079 -2.080 -3.078 -4.072 -5.058 -6.030 -6.975 -7.876 -8.718 -9.498 -9.999
5.150 -0.536 -0.528 -0.251 -0.218 -0.184 -0.145 -0.093 -0.015  0.108  0.293  0.563  0.923  1.355  1.835  2.332  2.841  3.329  3.774  4.140  4.392  4.492  4.534  3.915  3.228  2.461  1.572  0.621 -0.285 -1.279 -2.280 -3.277 -4.269 -5.252 -6.217 -7.151 -8.035 -8.858 -9.622 -9.999
5.200 -0.530 -0.526 -0.257 -0.213 -0.163 -0.106 -0.033  0.066  0.207  0.401  0.661  0.999  1.408  1.870  2.346  2.822  3.271  3.674  4.011  4.249  4.351  4.402  3.772  3.076  2.293  1.390  0.433 -0.475 -1.479 -2.479 -3.475 -4.465 -5.444 -6.402 -7.322 -8.189 -8.993 -9.742 -9.999
5.250 -0.527 -0.525 -0.306 -0.254 -0.194 -0.122 -0.031  0.088  0.251  0.461  0.722  1.042  1.435  1.877  2.329  2.770  3.173  3.538  3.853  4.088  4.201  4.268  3.628  2.922  2.122  1.207  0.246 -0.675 -1.678 -2.678 -3.673 -4.660 -5.634 -6.583 -7.489 -8.337 -9.123 -9.858 -9.999
5.300 -0.526 -0.525 -0.365 -0.310 -0.246 -0.168 -0.068  0.065  0.245  0.475  0.751  1.074  1.446  1.861  2.284  2.688  3.051  3.384  3.685  3.922  4.050  4.131  3.483  2.766  1.947  1.021  0.060 -0.875 -1.878 -2.876 -3.870 -4.854 -5.822 -6.760 -7.650 -8.479 -9.248 -9.972 -9.999
5.350 -0.525 -0.525 -0.431 -0.387 -0.327 -0.248 -0.146 -0.010  0.178  0.424  0.721  1.055  1.423  1.818  2.214  2.588  2.919  3.229  3.519  3.761  3.902  3.993  3.336  2.609  1.770  0.832 -0.125 -1.075 -2.077 -3.075 -4.066 -5.047 -6.007 -6.932 -7.805 -8.615 -9.369 -9.999 -9.999
5.400 -0.525 -0.525 -0.476 -0.445 -0.398 -0.331 -0.238 -0.108  0.077  0.334  0.653  1.006  1.377  1.757  2.133  2.482  2.788  3.079  3.361  3.610  3.757  3.853  3.189  2.448  1.590  0.642 -0.308 -1.275 -2.276 -3.273 -4.262 -5.238 -6.189 -7.100 -7.955 -8.747 -9.486 -9.999 -9.999
5.450 -0.525 -0.525 -0.503 -0.485 -0.453 -0.400 -0.319 -0.196 -0.016  0.242  0.573  0.942  1.320  1.692  2.050  2.377  2.663  2.940  3.215  3.467  3.617  3.713  3.039  2.285  1.408  0.452 -0.490 -1.475 -2.475 -3.470 -4.456 -5.426 -6.368 -7.263 -8.098 -8.873 -9.601 -9.999 -9.999
5.500 -0.525 -0.525 -0.514 -0.505 -0.487 -0.452 -0.389 -0.284 -0.116  0.135  0.473  0.860  1.253  1.625  1.968  2.277  2.547  2.811  3.082  3.336  3.487  3.572  2.889  2.118  1.226  0.262 -0.669 -1.674 -2.674 -3.667 -4.649 -5.612 -6.542 -7.420 -8.237 -8.996 -9.713 -9.999 -9.999
5.550 -0.525 -0.525 -0.518 -0.514 -0.504 -0.484 -0.442 -0.358 -0.209  0.032  0.378  0.781  1.186  1.556  1.888  2.182  2.440  2.695  2.961  3.214  3.362  3.430  2.736  1.949  1.043  0.071 -0.868 -1.873 -2.872 -3.863 -4.841 -5.795 -6.712 -7.572 -8.370 -9.114 -9.822 -9.999 -9.999
5.600 -0.525 -0.525 -0.520 -0.517 -0.512 -0.499 -0.473 -0.415 -0.291 -0.067  0.275  0.694  1.115  1.490  1.814  2.096  2.343  2.592  2.853  3.101  3.246  3.286  2.582  1.776  0.858 -0.119 -1.068 -2.073 -3.070 -4.057 -5.030 -5.975 -6.876 -7.718 -8.498 -9.230 -9.930 -9.999 -9.999
5.650 -0.525 -0.525 -0.521 -0.518 -0.514 -0.506 -0.489 -0.450 -0.361 -0.173  0.150  0.579  1.026  1.418  1.744  2.017  2.257  2.499  2.756  2.997  3.139  3.141  2.426  1.601  0.670 -0.308 -1.268 -2.271 -3.267 -4.251 -5.217 -6.151 -7.035 -7.858 -8.622 -9.342 -9.999 -9.999 -9.999
5.700 -0.525 -0.525 -0.522 -0.519 -0.515 -0.509 -0.495 -0.466 -0.400 -0.254  0.031  0.454  0.925  1.341  1.673  1.946  2.182  2.420  2.670  2.903  3.041  2.997  2.267  1.423  0.479 -0.496 -1.468 -2.470 -3.463 -4.443 -5.401 -6.322 -7.189 -7.993 -8.742 -9.453 -9.999 -9.999 -9.999
5.750 -0.525 -0.525 -0.522 -0.520 -0.516 -0.510 -0.499 -0.476 -0.424 -0.310 -0.071  0.332  0.816  1.254  1.602  1.877  2.113  2.347  2.590  2.815  2.941  2.849  2.106  1.241  0.287 -0.683 -1.667 -2.668 -3.658 -4.633 -5.582 -6.488 -7.336 -8.123 -8.858 -9.561 -9.999 -9.999 -9.999
5.800 -0.525 -0.525 -0.522 -0.520 -0.517 -0.511 -0.500 -0.479 -0.436 -0.340 -0.141  0.221  0.702  1.159  1.524  1.807  2.047  2.280  2.519  2.735  2.844  2.699  1.941  1.061  0.095 -0.869 -1.866 -2.865 -3.852 -4.821 -5.759 -6.649 -7.478 -8.248 -8.972 -9.668 -9.999 -9.999 -9.999
5.850 -0.525 -0.525 -0.522 -0.521 -0.518 -0.512 -0.502 -0.482 -0.442 -0.359 -0.184  0.140  0.599  1.063  1.444  1.737  1.984  2.218  2.452  2.663  2.755  2.548  1.773  0.878 -0.097 -1.057 -2.065 -3.062 -4.045 -5.006 -5.932 -6.805 -7.615 -8.369 -9.083 -9.773 -9.999 -9.999 -9.999
5.900 -0.525 -0.525 -0.522 -0.520 -0.518 -0.514 -0.505 -0.486 -0.449 -0.372 -0.216  0.075  0.506  0.972  1.366  1.670  1.925  2.162  2.393  2.593  2.661  2.395  1.603  0.693 -0.290 -1.257 -2.263 -3.257 -4.236 -5.188 -6.100 -6.954 -7.746 -8.486 -9.192 -9.878 -9.999 -9.999 -9.999
5.950 -0.526 -0.526 -0.520 -0.519 -0.516 -0.511 -0.503 -0.486 -0.452 -0.381 -0.237  0.033  0.437  0.892  1.294  1.610  1.873  2.114  2.338  2.520  2.562  2.240  1.430  0.506 -0.482 -1.456 -2.461 -3.452 -4.424 -5.367 -6.263 -7.098 -7.873 -8.601 -9.299 -9.981 -9.999 -9.999 -9.999
6.000 -0.526 -0.526 -0.519 -0.517 -0.513 -0.508 -0.500 -0.485 -0.453 -0.387 -0.250  0.008  0.395  0.839  1.241  1.564  1.833  2.071  2.282  2.447  2.466  1.976  1.245  0.316 -0.674 -1.655 -2.658 -3.645 -4.611 -5.541 -6.420 -7.237 -7.996 -8.713 -9.405 -9.999 -9.999 -9.999 -9.999
6.100 -0.526 -0.526 -0.521 -0.516 -0.510 -0.500 -0.489 -0.471 -0.443 -0.386 -0.267 -0.039  0.310  0.733  1.140  1.483  1.760  1.985  2.163  2.310  2.263  1.690  0.888 -0.069 -1.055 -2.052 -3.049 -4.026 -4.973 -5.875 -6.717 -7.498 -8.230 -8.930 -9.614 -9.999 -9.999 -9.999 -9.999
6.200 -0.526 -0.526 -0.525 -0.523 -0.518 -0.509 -0.491 -0.463 -0.424 -0.363 -0.254 -0.057  0.256  0.660  1.066  1.407  1.665  1.862  2.013  2.148  2.033  1.381  0.525 -0.456 -1.438 -2.446 -3.435 -4.398 -5.320 -6.188 -6.992 -7.742 -8.453 -9.142 -9.819 -9.999 -9.999 -9.999 -9.999
6.300 -0.527 -0.527 -0.526 -0.525 -0.524 -0.521 -0.511 -0.489 -0.442 -0.360 -0.233 -0.038  0.251  0.626  1.002  1.308  1.532  1.698  1.849  1.982  1.778  1.053  0.152 -0.844 -1.835 -2.836 -3.813 -4.756 -5.647 -6.478 -7.247 -7.972 -8.668 -9.349 -9.999 -9.999 -9.999 -9.999 -9.999
6.400 -0.527 -0.527 -0.527 -0.526 -0.525 -0.524 -0.521 -0.511 -0.484 -0.415 -0.271 -0.044  0.249  0.592  0.910  1.157  1.349  1.513  1.680  1.806  1.500  0.710 -0.231 -1.229 -2.228 -3.220 -4.181 -5.096 -5.952 -6.745 -7.486 -8.192 -8.878 -9.554 -9.999 -9.999 -9.999 -9.999 -9.999
6.500 -0.528 -0.528 -0.528 -0.527 -0.527 -0.526 -0.524 -0.519 -0.504 -0.462 -0.353 -0.134  0.174  0.490  0.756  0.964  1.145  1.322  1.519  1.616  1.198  0.354 -0.619 -1.609 -2.617 -3.596 -4.534 -5.416 -6.235 -6.995 -7.712 -8.405 -9.084 -9.757 -9.999 -9.999 -9.999 -9.999 -9.999
6.600 -0.529 -0.529 -0.528 -0.528 -0.528 -0.527 -0.526 -0.523 -0.513 -0.485 -0.411 -0.247  0.024  0.320  0.564  0.759  0.939  1.139  1.364  1.409  0.877 -0.013 -1.007 -2.001 -2.998 -3.959 -4.868 -5.713 -6.496 -7.229 -7.930 -8.613 -9.288 -9.958 -9.999 -9.999 -9.999 -9.999 -9.999
6.700 -0.530 -0.530 -0.529 -0.529 -0.529 -0.529 -0.528 -0.526 -0.519 -0.499 -0.448 -0.330 -0.121  0.135  0.364  0.560  0.752  0.975  1.213  1.179  0.536 -0.393 -1.393 -2.387 -3.370 -4.306 -5.180 -5.988 -6.739 -7.452 -8.141 -8.819 -9.491 -9.999 -9.999 -9.999 -9.999 -9.999 -9.999
6.800 -0.531 -0.531 -0.531 -0.530 -0.531 -0.530 -0.530 -0.528 -0.523 -0.510 -0.474 -0.390 -0.235 -0.029  0.179  0.378  0.586  0.835  1.068  0.926  0.183 -0.779 -1.771 -2.766 -3.728 -4.632 -5.469 -6.243 -6.969 -7.667 -8.348 -9.022 -9.692 -9.999 -9.999 -9.999 -9.999 -9.999 -9.999
6.900 -0.533 -0.533 -0.532 -0.532 -0.532 -0.532 -0.531 -0.530 -0.526 -0.516 -0.490 -0.430 -0.315 -0.150  0.037  0.231  0.459  0.720  0.919  0.641 -0.181 -1.165 -2.147 -3.133 -4.068 -4.937 -5.737 -6.481 -7.189 -7.877 -8.553 -9.224 -9.893 -9.999 -9.999 -9.999 -9.999 -9.999 -9.999
7.000 -0.535 -0.535 -0.534 -0.534 -0.534 -0.534 -0.533 -0.531 -0.527 -0.518 -0.497 -0.452 -0.366 -0.237 -0.070  0.132  0.368  0.619  0.757  0.328 -0.556 -1.546 -2.521 -3.485 -4.387 -5.218 -5.985 -6.708 -7.402 -8.083 -8.756 -9.426 -9.999 -9.999 -9.999 -9.999 -9.999 -9.999 -9.999
7.100 -0.537 -0.537 -0.537 -0.537 -0.537 -0.536 -0.536 -0.534 -0.530 -0.519 -0.498 -0.457 -0.386 -0.278 -0.124  0.067  0.287  0.514  0.564 -0.009 -0.939 -1.914 -2.882 -3.817 -4.683 -5.478 -6.219 -6.925 -7.611 -8.287 -8.958 -9.627 -9.999 -9.999 -9.999 -9.999 -9.999 -9.999 -9.999
7.200 -0.541 -0.541 -0.540 -0.540 -0.540 -0.540 -0.539 -0.538 -0.535 -0.526 -0.503 -0.461 -0.394 -0.295 -0.161  0.007  0.198  0.399  0.334 -0.360 -1.339 -2.264 -3.226 -4.127 -4.956 -5.721 -6.442 -7.136 -7.816 -8.489 -9.159 -9.827 -9.999 -9.999 -9.999 -9.999 -9.999 -9.999 -9.999
7.300 -0.545 -0.545 -0.544 -0.544 -0.544 -0.544 -0.544 -0.543 -0.541 -0.534 -0.516 -0.478 -0.413 -0.320 -0.205 -0.067  0.103  0.268  0.071 -0.790 -1.699 -2.616 -3.549 -4.414 -5.210 -5.951 -6.657 -7.343 -8.020 -8.691 -9.360 -9.999 -9.999 -9.999 -9.999 -9.999 -9.999 -9.999 -9.999
7.400 -0.550 -0.550 -0.549 -0.549 -0.549 -0.549 -0.549 -0.548 -0.547 -0.542 -0.530 -0.501 -0.446 -0.364 -0.265 -0.147  0.011  0.126 -0.230 -1.127 -2.042 -2.950 -3.849 -4.679 -5.447 -6.170 -6.867 -7.548 -8.222 -8.892 -9.560 -9.999 -9.999 -9.999 -9.999 -9.999 -9.999 -9.999 -9.999
7.500 -0.556 -0.556 -0.555 -0.555 -0.555 -0.555 -0.555 -0.555 -0.554 -0.550 -0.542 -0.522 -0.480 -0.413 -0.329 -0.221 -0.082 -0.040 -0.625 -1.482 -2.344 -3.262 -4.126 -4.926 -5.673 -6.383 -7.073 -7.751 -8.423 -9.093 -9.761 -9.999 -9.999 -9.999 -9.999 -9.999 -9.999 -9.999 -9.999
7.600 -0.564 -0.564 -0.562 -0.562 -0.562 -0.562 -0.562 -0.562 -0.562 -0.559 -0.553 -0.539 -0.508 -0.455 -0.384 -0.287 -0.176 -0.245 -0.931 -1.830 -2.663 -3.551 -4.383 -5.158 -5.889 -6.592 -7.277 -7.953 -8.624 -9.293 -9.961 -9.999 -9.999 -9.999 -9.999 -9.999 -9.999 -9.999 -9.999
7.700 -0.573 -0.573 -0.572 -0.572 -0.572 -0.572 -0.572 -0.572 -0.571 -0.570 -0.566 -0.555 -0.531 -0.490 -0.432 -0.352 -0.281 -0.493 -1.273 -2.145 -2.962 -3.818 -4.623 -5.380 -6.100 -6.797 -7.479 -8.154 -8.825 -9.493 -9.999 -9.999 -9.999 -9.999 -9.999 -9.999 -9.999 -9.999 -9.999
7.800 -0.585 -0.585 -0.583 -0.583 -0.583 -0.583 -0.584 -0.584 -0.583 -0.582 -0.580 -0.571 -0.552 -0.521 -0.476 -0.419 -0.407 -0.785 -1.623 -2.402 -3.238 -4.066 -4.850 -5.594 -6.307 -7.000 -7.681 -8.355 -9.025 -9.694 -9.999 -9.999 -9.999 -9.999 -9.999 -9.999 -9.999 -9.999 -9.999
7.900 -0.599 -0.599 -0.598 -0.598 -0.598 -0.598 -0.598 -0.599 -0.598 -0.598 -0.596 -0.589 -0.574 -0.552 -0.523 -0.493 -0.566 -1.079 -1.951 -2.657 -3.495 -4.299 -5.068 -5.803 -6.512 -7.203 -7.882 -8.555 -9.225 -9.894 -9.999 -9.999 -9.999 -9.999 -9.999 -9.999 -9.999 -9.999 -9.999
8.000 -0.616 -0.616 -0.614 -0.614 -0.614 -0.614 -0.614 -0.614 -0.614 -0.614 -0.612 -0.607 -0.597 -0.584 -0.571 -0.578 -0.767 -1.422 -2.227 -2.922 -3.735 -4.522 -5.280 -6.009 -6.715 -7.404 -8.083 -8.756 -9.426 -9.999 -9.999 -9.999 -9.999 -9.999 -9.999 -9.999 -9.999 -9.999 -9.999
8.100 -0.636 -0.636 -0.634 -0.634 -0.634 -0.634 -0.634 -0.634 -0.634 -0.634 -0.633 -0.628 -0.624 -0.621 -0.628 -0.684 -1.020 -1.760 -2.432 -3.168 -3.962 -4.737 -5.487 -6.213 -6.917 -7.605 -8.283 -8.956 -9.626 -9.999 -9.999 -9.999 -9.999 -9.999 -9.999 -9.999 -9.999 -9.999 -9.999
8.300 -0.689 -0.689 -0.687 -0.687 -0.687 -0.687 -0.687 -0.688 -0.688 -0.688 -0.687 -0.687 -0.692 -0.712 -0.776 -1.001 -1.623 -2.289 -2.848 -3.622 -4.392 -5.153 -5.895 -6.617 -7.318 -8.006 -8.684 -9.356 -9.999 -9.999 -9.999 -9.999 -9.999 -9.999 -9.999 -9.999 -9.999 -9.999 -9.999
8.500 -0.758 -0.758 -0.757 -0.757 -0.758 -0.758 -0.758 -0.758 -0.758 -0.758 -0.759 -0.764 -0.783 -0.840 -1.005 -1.513 -2.204 -2.546 -3.291 -4.046 -4.805 -5.559 -6.299 -7.018 -7.719 -8.406 -9.084 -9.756 -9.999 -9.999 -9.999 -9.999 -9.999 -9.999 -9.999 -9.999 -9.999 -9.999 -9.999
8.700  0.365 -0.128 -0.605 -0.801 -0.838 -0.843 -0.843 -0.843 -0.843 -0.843 -0.846 -0.859 -0.898 -1.027 -1.405 -2.064 -2.453 -2.977 -3.710 -4.456 -5.210 -5.962 -6.700 -7.419 -8.119 -8.806 -9.484 -9.999 -9.999 -9.999 -9.999 -9.999 -9.999 -9.999 -9.999 -9.999 -9.999 -9.999 -9.999
8.900  1.884  1.390  0.891  0.392 -0.104 -0.568 -0.866 -0.944 -0.957 -0.967 -0.983 -1.018 -1.113 -1.404 -2.006 -2.414 -2.691 -3.391 -4.117 -4.860 -5.612 -6.363 -7.100 -7.819 -8.520 -9.206 -9.884 -9.999 -9.999 -9.999 -9.999 -9.999 -9.999 -9.999 -9.999 -9.999 -9.999 -9.999 -9.999
9.100  1.973  1.833  1.560  1.167  0.707  0.221 -0.270 -0.726 -1.002 -1.076 -1.109 -1.176 -1.371 -1.894 -2.402 -2.552 -3.098 -3.797 -4.520 -5.262 -6.013 -6.763 -7.501 -8.219 -8.920 -9.606 -9.999 -9.999 -9.999 -9.999 -9.999 -9.999 -9.999 -9.999 -9.999 -9.999 -9.999 -9.999 -9.999
9.300  0.907  0.901  0.885  0.836  0.710  0.455  0.075 -0.376 -0.826 -1.123 -1.234 -1.374 -1.761 -2.370 -2.564 -2.840 -3.500 -4.199 -4.922 -5.662 -6.414 -7.163 -7.901 -8.619 -9.320 -9.999 -9.999 -9.999 -9.999 -9.999 -9.999 -9.999 -9.999 -9.999 -9.999 -9.999 -9.999 -9.999 -9.999
9.500  0.026  0.025  0.024  0.019  0.006 -0.036 -0.145 -0.377 -0.734 -1.112 -1.353 -1.661 -2.330 -2.561 -2.655 -3.233 -3.900 -4.600 -5.322 -6.063 -6.814 -7.563 -8.301 -9.019 -9.720 -9.999 -9.999 -9.999 -9.999 -9.999 -9.999 -9.999 -9.999 -9.999 -9.999 -9.999 -9.999 -9.999 -9.999
9.700 -0.720 -0.720 -0.721 -0.721 -0.723 -0.728 -0.745 -0.794 -0.922 -1.174 -1.525 -2.128 -2.547 -2.623 -3.011 -3.628 -4.301 -5.000 -5.722 -6.463 -7.214 -7.963 -8.701 -9.419 -9.999 -9.999 -9.999 -9.999 -9.999 -9.999 -9.999 -9.999 -9.999 -9.999 -9.999 -9.999 -9.999 -9.999 -9.999
9.900 -1.407 -1.407 -1.407 -1.407 -1.408 -1.409 -1.414 -1.428 -1.472 -1.610 -2.017 -2.615 -2.582 -2.765 -3.387 -4.025 -4.701 -5.400 -6.122 -6.863 -7.614 -8.363 -9.101 -9.819 -9.999 -9.999 -9.999 -9.999 -9.999 -9.999 -9.999 -9.999 -9.999 -9.999 -9.999 -9.999 -9.999 -9.999 -9.999
