0.9000   0.0900   0.0100
3.750 -8.750 -8.250 -0.692 -0.861 -1.058 -1.269 -1.484 -1.696 -1.894 -2.057 -2.153 -2.150 -2.052 -1.888 -1.682 -1.463 -1.211 -0.929 -0.623 -0.280  0.093  1.750  2.250  2.750  3.249  3.745  4.195  4.259  3.651  2.777  1.791  0.759 -0.265 -1.113 -1.854 -2.854 -3.853 -4.852 -5.849
3.800 -8.400 -7.900 -0.461 -0.506 -0.592 -0.720 -0.874 -1.041 -1.202 -1.329 -1.402 -1.394 -1.306 -1.167 -0.978 -0.789 -0.563 -0.329 -0.081  0.192  0.476  2.099  2.599  3.099  3.598  4.087  4.447  4.216  3.491  2.593  1.595  0.560 -0.447 -1.272 -2.054 -3.054 -4.053 -5.051 -6.047
3.850 -8.050 -7.550 -0.429 -0.425 -0.421 -0.424 -0.446 -0.496 -0.559 -0.613 -0.640 -0.616 -0.546 -0.429 -0.280 -0.119  0.077  0.284  0.500  0.735  0.985  2.448  2.948  3.448  3.946  4.411  4.586  4.103  3.323  2.406  1.398  0.361 -0.626 -1.428 -2.254 -3.254 -4.253 -5.250 -6.245
3.900 -7.700 -7.200 -0.430 -0.420 -0.401 -0.360 -0.289 -0.191 -0.089  0.000  0.075  0.143  0.218  0.313  0.429  0.552  0.710  0.883  1.067  1.267  1.480  2.797  3.297  3.796  4.288  4.690  4.591  3.961  3.149  2.217  1.200  0.162 -0.803 -1.580 -2.454 -3.453 -4.452 -5.449 -6.442
3.950 -7.350 -6.850 -0.432 -0.423 -0.405 -0.362 -0.274 -0.120  0.103  0.358  0.592  0.775  0.905  1.013  1.112  1.213  1.333  1.468  1.616  1.786  1.975  3.145  3.644  4.142  4.618  4.876  4.507  3.808  2.973  2.025  1.002 -0.038 -0.977 -1.730 -2.654 -3.653 -4.651 -5.647 -6.639
4.000 -7.000 -6.500 -0.428 -0.424 -0.410 -0.374 -0.291 -0.132  0.119  0.454  0.821  1.154  1.404  1.577  1.703  1.808  1.910  2.011  2.136  2.277  2.438  3.491  3.990  4.484  4.915  4.930  4.381  3.649  2.793  1.830  0.804 -0.237 -1.148 -1.877 -2.854 -3.853 -4.850 -5.846 -6.835
4.050 -6.650 -6.150 -0.416 -0.412 -0.401 -0.374 -0.303 -0.155  0.095  0.442  0.854  1.283  1.659  1.950  2.153  2.291  2.400  2.502  2.607  2.725  2.859  3.835  4.332  4.814  5.137  4.877  4.239  3.487  2.612  1.635  0.605 -0.429 -1.316 -2.054 -3.054 -4.052 -5.049 -6.043 -7.031
4.100 -6.300 -5.800 -0.407 -0.402 -0.392 -0.368 -0.308 -0.180  0.047  0.375  0.788  1.244  1.696  2.102  2.411  2.634  2.791  2.914  3.025  3.135  3.256  4.175  4.668  5.119  5.238  4.768  4.090  3.320  2.430  1.439  0.407 -0.615 -1.481 -2.254 -3.253 -4.252 -5.248 -6.240 -7.225
4.150 -5.950 -5.450 -0.399 -0.389 -0.378 -0.356 -0.304 -0.192  0.007  0.304  0.695  1.147  1.635  2.106  2.517  2.842  3.073  3.238  3.373  3.493  3.614  4.508  4.992  5.364  5.220  4.636  3.939  3.151  2.245  1.243  0.208 -0.799 -1.643 -2.454 -3.453 -4.451 -5.446 -6.437 -7.417
4.200 -5.600 -5.100 -0.403 -0.390 -0.372 -0.346 -0.297 -0.198 -0.021  0.250  0.614  1.054  1.541  2.046  2.518  2.938  3.264  3.497  3.667  3.813  3.945  4.830  5.291  5.507  5.130  4.495  3.785  2.980  2.057  1.045  0.009 -0.981 -1.801 -2.654 -3.652 -4.650 -5.644 -6.632 -7.608
4.250 -5.250 -4.750 -0.406 -0.392 -0.373 -0.343 -0.291 -0.194 -0.032  0.214  0.558  0.981  1.465  1.967  2.475  2.960  3.373  3.687  3.917  4.101  4.256  5.129  5.539  5.531  5.007  4.350  3.629  2.805  1.866  0.848 -0.191 -1.160 -1.956 -2.853 -3.852 -4.849 -5.841 -6.827 -7.796
4.300 -4.900 -4.400 -0.400 -0.388 -0.369 -0.340 -0.291 -0.199 -0.042  0.195  0.524  0.940  1.422  1.926  2.443  2.962  3.434  3.828  4.123  4.355  4.534  5.385  5.701  5.467  4.873  4.203  3.471  2.627  1.673  0.650 -0.390 -1.337 -2.108 -3.053 -4.051 -5.047 -6.038 -7.020 -7.983
4.350 -4.550 -4.050 -0.393 -0.381 -0.360 -0.328 -0.278 -0.193 -0.048  0.184  0.515  0.939  1.415  1.920  2.443  2.970  3.484  3.937  4.294  4.578  4.786  5.569  5.754  5.358  4.734  4.055  3.309  2.446  1.478  0.451 -0.589 -1.511 -2.257 -3.252 -4.250 -5.245 -6.234 -7.211 -8.166
4.400 -4.200 -3.700 -0.385 -0.373 -0.350 -0.312 -0.257 -0.173 -0.038  0.181  0.512  0.938  1.417  1.933  2.467  3.002  3.542  4.030  4.439  4.765  5.001  5.663  5.719  5.231  4.593  3.905  3.145  2.265  1.283  0.253 -0.779 -1.682 -2.453 -3.452 -4.449 -5.442 -6.429 -7.400 -8.345
4.450 -3.850 -3.351 -0.383 -0.369 -0.345 -0.300 -0.230 -0.133  0.008  0.227  0.550  0.976  1.460  1.979  2.514  3.058  3.610  4.122  4.566  4.915  5.188  5.690  5.636  5.097  4.450  3.754  2.978  2.082  1.087  0.054 -0.967 -1.849 -2.653 -3.651 -4.647 -5.639 -6.622 -7.587 -8.521
4.500 -3.500 -3.001 -0.381 -0.370 -0.349 -0.305 -0.225 -0.106  0.054  0.276  0.596  1.017  1.504  2.029  2.570  3.129  3.685  4.209  4.673  5.045  5.325  5.696  5.534  4.960  4.306  3.601  2.808  1.896  0.890 -0.145 -1.153 -2.014 -2.853 -3.850 -4.846 -5.835 -6.814 -7.772 -8.692
4.550 -3.151 -2.653 -0.377 -0.364 -0.345 -0.306 -0.230 -0.100  0.088  0.344  0.682  1.100  1.582  2.104  2.641  3.199  3.754  4.280  4.745  5.124  5.399  5.709  5.425  4.822  4.161  3.446  2.635  1.707  0.693 -0.344 -1.337 -2.175 -3.052 -4.049 -5.043 -6.031 -7.004 -7.952 -8.858
4.600 -2.802 -2.306 -0.379 -0.367 -0.346 -0.309 -0.235 -0.105  0.096  0.384  0.752  1.185  1.663  2.173  2.701  3.248  3.795  4.309  4.765  5.134  5.393  5.700  5.304  4.682  4.014  3.290  2.459  1.516  0.495 -0.543 -1.518 -2.333 -3.251 -4.248 -5.240 -6.225 -7.192 -8.130 -9.019
4.650 -2.454 -1.963 -0.376 -0.366 -0.348 -0.314 -0.244 -0.115  0.092  0.392  0.784  1.237  1.723  2.227  2.739  3.264  3.788  4.280  4.716  5.072  5.317  5.639  5.174  4.542  3.867  3.131  2.280  1.322  0.297 -0.743 -1.698 -2.488 -3.451 -4.446 -5.437 -6.417 -7.377 -8.302 -9.175
4.700 -2.109 -1.628 -0.374 -0.362 -0.345 -0.315 -0.254 -0.133  0.072  0.371  0.762  1.220  1.715  2.223  2.728  3.234  3.732  4.199  4.617  4.963  5.199  5.540  5.039  4.400  3.718  2.969  2.099  1.127  0.099 -0.940 -1.874 -2.652 -3.650 -4.644 -5.632 -6.608 -7.559 -8.470 -9.324
4.750 -1.770 -1.310 -0.374 -0.360 -0.342 -0.315 -0.260 -0.153  0.038  0.329  0.714  1.166  1.656  2.165  2.672  3.170  3.648  4.097  4.501  4.838  5.071  5.425  4.901  4.258  3.568  2.803  1.918  0.931 -0.100 -1.131 -2.048 -2.851 -3.848 -4.841 -5.827 -6.796 -7.738 -8.633 -9.468
4.800 -1.444 -1.025 -0.374 -0.360 -0.343 -0.315 -0.263 -0.163  0.014  0.290  0.658  1.094  1.575  2.080  2.591  3.089  3.562  4.000  4.392  4.719  4.945  5.304  4.763  4.115  3.416  2.635  1.734  0.735 -0.299 -1.320 -2.219 -3.051 -4.047 -5.038 -6.020 -6.983 -7.912 -8.790 -9.606
4.850 -1.142 -0.792 -0.375 -0.363 -0.345 -0.317 -0.268 -0.174 -0.006  0.254  0.602  1.024  1.495  1.995  2.508  3.011  3.487  3.922  4.306  4.619  4.831  5.180  4.624  3.970  3.263  2.464  1.547  0.538 -0.498 -1.508 -2.386 -3.250 -4.245 -5.234 -6.211 -7.166 -8.081 -8.942 -9.739
4.900 -0.884 -0.627 -0.367 -0.356 -0.340 -0.314 -0.265 -0.175 -0.018  0.229  0.565  0.973  1.435  1.932  2.445  2.951  3.430  3.864  4.238  4.531  4.724  5.054  4.484  3.824  3.107  2.290  1.357  0.341 -0.697 -1.694 -2.550 -3.449 -4.442 -5.429 -6.400 -7.345 -8.246 -9.087 -9.867
4.950 -0.689 -0.526 -0.353 -0.341 -0.325 -0.300 -0.255 -0.170 -0.020  0.217  0.543  0.944  1.398  1.889  2.399  2.905  3.386  3.818  4.179  4.449  4.617  4.926  4.344  3.678  2.950  2.113  1.165  0.143 -0.896 -1.878 -2.711 -3.647 -4.639 -5.622 -6.587 -7.521 -8.405 -9.227 -9.991
5.000 -0.562 -0.472 -0.320 -0.314 -0.301 -0.278 -0.237 -0.158 -0.016  0.213  0.534  0.931  1.379  1.867  2.371  2.871  3.348  3.770  4.112  4.356  4.506  4.798  4.204  3.530  2.790  1.933  0.971 -0.055 -1.096 -2.060 -2.868 -3.845 -4.835 -5.814 -6.772 -7.692 -8.558 -9.362 -9.999
5.050 -0.491 -0.445 -0.262 -0.254 -0.244 -0.226 -0.190 -0.118  0.014  0.232  0.547  0.935  1.376  1.861  2.356  2.840  3.300  3.702  4.021  4.246  4.384  4.669  4.062  3.381  2.627  1.752  0.792 -0.142 -1.049 -2.050 -3.049 -4.043 -5.030 -6.004 -6.952 -7.858 -8.706 -9.492 -9.999
5.100 -0.455 -0.433 -0.203 -0.190 -0.173 -0.149 -0.114 -0.051  0.066  0.260  0.549  0.928  1.368  1.842  2.330  2.804  3.234  3.605  3.901  4.115  4.253  4.538  3.921  3.230  2.460  1.570  0.604 -0.320 -1.249 -2.250 -3.247 -4.240 -5.224 -6.192 -7.129 -8.019 -8.848 -9.617 -9.999
5.150 -0.437 -0.428 -0.167 -0.138 -0.106 -0.071 -0.024  0.046  0.157  0.333  0.598  0.953  1.375  1.834  2.302  2.751  3.147  3.483  3.759  3.972  4.118  4.406  3.777  3.078  2.291  1.385  0.415 -0.495 -1.449 -2.449 -3.446 -4.437 -5.417 -6.377 -7.302 -8.175 -8.985 -9.738 -9.999
5.200 -0.429 -0.425 -0.170 -0.129 -0.083 -0.030  0.036  0.124  0.248  0.421  0.663  0.986  1.384  1.823  2.267  2.688  3.047  3.348  3.608  3.826  3.981  4.272  3.633  2.924  2.119  1.197  0.227 -0.667 -1.649 -2.648 -3.644 -4.632 -5.608 -6.559 -7.470 -8.324 -9.116 -9.856 -9.999
5.250 -0.426 -0.424 -0.215 -0.166 -0.110 -0.042  0.041  0.149  0.292  0.475  0.706  1.003  1.376  1.795  2.219  2.612  2.938  3.211  3.459  3.683  3.848  4.136  3.487  2.768  1.945  1.008  0.040 -0.845 -1.848 -2.847 -3.841 -4.826 -5.796 -6.738 -7.633 -8.468 -9.242 -9.970 -9.999
5.300 -0.424 -0.423 -0.268 -0.216 -0.154 -0.081  0.011  0.131  0.288  0.485  0.724  1.013  1.360  1.755  2.159  2.526  2.826  3.079  3.318  3.548  3.718  3.998  3.340  2.610  1.767  0.819 -0.146 -1.045 -2.048 -3.046 -4.038 -5.019 -5.982 -6.912 -7.790 -8.606 -9.365 -9.999 -9.999
5.350 -0.424 -0.423 -0.332 -0.289 -0.230 -0.155 -0.060  0.063  0.226  0.435  0.689  0.986  1.327  1.703  2.088  2.436  2.716  2.954  3.187  3.421  3.593  3.859  3.192  2.449  1.586  0.629 -0.330 -1.245 -2.247 -3.244 -4.233 -5.211 -6.166 -7.081 -7.942 -8.739 -9.484 -9.999 -9.999
5.400 -0.423 -0.423 -0.374 -0.344 -0.299 -0.234 -0.145 -0.028  0.131  0.347  0.617  0.931  1.276  1.644  2.016  2.347  2.610  2.837  3.066  3.302  3.474  3.719  3.043  2.284  1.405  0.438 -0.513 -1.445 -2.446 -3.441 -4.428 -5.400 -6.345 -7.246 -8.087 -8.867 -9.599 -9.999 -9.999
5.450 -0.423 -0.423 -0.401 -0.383 -0.351 -0.300 -0.222 -0.109  0.045  0.258  0.538  0.869  1.224  1.588  1.945  2.260  2.510  2.728  2.956  3.188  3.360  3.578  2.892  2.117  1.222  0.248 -0.694 -1.644 -2.645 -3.638 -4.622 -5.587 -6.521 -7.405 -8.227 -8.991 -9.712 -9.999 -9.999
5.500 -0.423 -0.423 -0.412 -0.403 -0.385 -0.351 -0.290 -0.193 -0.048  0.158  0.440  0.789  1.165  1.534  1.881  2.179  2.416  2.628  2.856  3.081  3.254  3.436  2.739  1.947  1.036  0.058 -0.872 -1.844 -2.843 -3.834 -4.814 -5.771 -6.692 -7.558 -8.362 -9.111 -9.822 -9.999 -9.999
5.550 -0.423 -0.423 -0.416 -0.412 -0.403 -0.383 -0.342 -0.264 -0.134  0.069  0.360  0.724  1.111  1.480  1.819  2.103  2.329  2.536  2.765  2.982  3.157  3.292  2.584  1.774  0.847 -0.132 -1.048 -2.043 -3.041 -4.029 -5.004 -5.952 -6.858 -7.706 -8.492 -9.227 -9.930 -9.999 -9.999
5.600 -0.423 -0.423 -0.418 -0.416 -0.410 -0.398 -0.374 -0.320 -0.210 -0.018  0.278  0.658  1.060  1.433  1.761  2.032  2.249  2.454  2.680  2.892  3.068  3.147  2.428  1.598  0.658 -0.321 -1.238 -2.242 -3.238 -4.223 -5.192 -6.129 -7.019 -7.848 -8.617 -9.341 -9.999 -9.999 -9.999
5.650 -0.423 -0.423 -0.419 -0.416 -0.412 -0.405 -0.389 -0.356 -0.277 -0.112  0.176  0.573  0.997  1.381  1.706  1.966  2.178  2.383  2.603  2.812  2.988  3.000  2.269  1.419  0.467 -0.509 -1.438 -2.440 -3.434 -4.416 -5.377 -6.302 -7.174 -7.984 -8.738 -9.452 -9.999 -9.999 -9.999
5.700 -0.423 -0.424 -0.420 -0.418 -0.414 -0.408 -0.396 -0.371 -0.314 -0.184  0.078  0.476  0.925  1.325  1.650  1.907  2.116  2.321  2.535  2.747  2.918  2.854  2.107  1.238  0.276 -0.697 -1.637 -2.639 -3.630 -4.607 -5.559 -6.470 -7.324 -8.116 -8.856 -9.561 -9.999 -9.999 -9.999
5.750 -0.423 -0.424 -0.420 -0.418 -0.415 -0.409 -0.399 -0.379 -0.336 -0.237 -0.012  0.375  0.838  1.258  1.592  1.849  2.059  2.265  2.470  2.682  2.842  2.704  1.941  1.057  0.084 -0.882 -1.836 -2.836 -3.824 -4.795 -5.737 -6.633 -7.468 -8.242 -8.970 -9.668 -9.999 -9.999 -9.999
5.800 -0.424 -0.424 -0.420 -0.419 -0.415 -0.410 -0.400 -0.382 -0.345 -0.264 -0.078  0.275  0.739  1.178  1.525  1.788  2.005  2.211  2.413  2.626  2.765  2.553  1.773  0.873 -0.107 -1.066 -2.035 -3.033 -4.017 -4.982 -5.911 -6.790 -7.606 -8.365 -9.082 -9.774 -9.999 -9.999 -9.999
5.850 -0.424 -0.424 -0.420 -0.419 -0.416 -0.411 -0.402 -0.384 -0.350 -0.279 -0.117  0.199  0.645  1.094  1.454  1.726  1.951  2.159  2.361  2.579  2.690  2.399  1.602  0.686 -0.299 -1.248 -2.234 -3.229 -4.209 -5.165 -6.081 -6.941 -7.739 -8.483 -9.191 -9.879 -9.999 -9.999 -9.999
5.900 -0.424 -0.424 -0.420 -0.419 -0.417 -0.412 -0.404 -0.388 -0.355 -0.289 -0.146  0.135  0.557  1.009  1.383  1.667  1.901  2.112  2.316  2.530  2.604  2.244  1.428  0.496 -0.491 -1.427 -2.431 -3.424 -4.398 -5.344 -6.245 -7.087 -7.867 -8.599 -9.299 -9.983 -9.999 -9.999 -9.999
5.950 -0.424 -0.424 -0.419 -0.417 -0.415 -0.410 -0.403 -0.388 -0.357 -0.295 -0.163  0.095  0.490  0.933  1.316  1.612  1.856  2.071  2.273  2.474  2.507  2.087  1.252  0.307 -0.682 -1.625 -2.629 -3.618 -4.585 -5.520 -6.404 -7.227 -7.991 -8.711 -9.406 -9.999 -9.999 -9.999 -9.999
6.000 -0.424 -0.424 -0.417 -0.415 -0.412 -0.407 -0.400 -0.386 -0.358 -0.299 -0.172  0.074  0.452  0.885  1.267  1.570  1.821  2.035  2.229  2.416  2.406  1.848  1.066  0.115 -0.872 -1.824 -2.825 -3.810 -4.770 -5.691 -6.558 -7.362 -8.111 -8.822 -9.511 -9.999 -9.999 -9.999 -9.999
6.100 -0.424 -0.424 -0.419 -0.414 -0.408 -0.399 -0.388 -0.372 -0.347 -0.296 -0.183  0.034  0.374  0.784  1.174  1.498  1.758  1.959  2.139  2.298  2.185  1.546  0.705 -0.270 -1.249 -2.220 -3.215 -4.188 -5.128 -6.018 -6.847 -7.617 -8.341 -9.037 -9.718 -9.999 -9.999 -9.999 -9.999
6.200 -0.424 -0.424 -0.423 -0.421 -0.416 -0.406 -0.389 -0.363 -0.326 -0.270 -0.168  0.019  0.324  0.715  1.106  1.428  1.671  1.849  2.007  2.139  1.935  1.226  0.334 -0.655 -1.618 -2.613 -3.599 -4.555 -5.468 -6.323 -7.115 -7.855 -8.561 -9.247 -9.923 -9.999 -9.999 -9.999 -9.999
6.300 -0.425 -0.425 -0.424 -0.424 -0.422 -0.419 -0.410 -0.387 -0.341 -0.262 -0.144  0.039  0.319  0.682  1.044  1.334  1.540  1.695  1.857  1.963  1.663  0.888 -0.046 -1.040 -2.002 -3.001 -3.974 -4.908 -5.788 -6.605 -7.364 -8.082 -8.774 -9.453 -9.999 -9.999 -9.999 -9.999 -9.999
6.400 -0.425 -0.425 -0.425 -0.424 -0.424 -0.423 -0.419 -0.410 -0.383 -0.313 -0.173  0.038  0.319  0.647  0.949  1.183  1.362  1.520  1.697  1.774  1.367  0.534 -0.431 -1.421 -2.394 -3.383 -4.337 -5.242 -6.085 -6.866 -7.598 -8.299 -8.982 -9.657 -9.999 -9.999 -9.999 -9.999 -9.999
6.500 -0.426 -0.426 -0.426 -0.425 -0.425 -0.424 -0.422 -0.418 -0.404 -0.362 -0.252 -0.039  0.250  0.546  0.795  0.992  1.164  1.340  1.537  1.567  1.050  0.169 -0.817 -1.794 -2.780 -3.755 -4.684 -5.554 -6.360 -7.110 -7.821 -8.510 -9.188 -9.860 -9.999 -9.999 -9.999 -9.999 -9.999
6.600 -0.427 -0.427 -0.427 -0.426 -0.426 -0.426 -0.425 -0.422 -0.412 -0.386 -0.313 -0.147  0.111  0.383  0.606  0.790  0.968  1.168  1.381  1.341  0.715 -0.207 -1.202 -2.164 -3.159 -4.113 -5.010 -5.843 -6.615 -7.340 -8.036 -8.718 -9.391 -9.999 -9.999 -9.999 -9.999 -9.999 -9.999
6.700 -0.428 -0.428 -0.428 -0.428 -0.427 -0.427 -0.427 -0.424 -0.418 -0.399 -0.350 -0.232 -0.030  0.205  0.413  0.598  0.787  1.010  1.225  1.090  0.364 -0.591 -1.583 -2.549 -3.527 -4.453 -5.315 -6.111 -6.853 -7.560 -8.246 -8.922 -9.594 -9.999 -9.999 -9.999 -9.999 -9.999 -9.999
6.800 -0.429 -0.429 -0.429 -0.429 -0.429 -0.429 -0.428 -0.427 -0.422 -0.409 -0.375 -0.292 -0.143  0.046  0.238  0.426  0.630  0.873  1.071  0.811  0.003 -0.975 -1.954 -2.924 -3.879 -4.772 -5.597 -6.360 -7.079 -7.773 -8.452 -9.125 -9.795 -9.999 -9.999 -9.999 -9.999 -9.999 -9.999
6.900 -0.431 -0.431 -0.430 -0.430 -0.430 -0.430 -0.430 -0.429 -0.425 -0.415 -0.391 -0.332 -0.223 -0.071  0.101  0.290  0.509  0.759  0.908  0.504 -0.370 -1.359 -2.306 -3.287 -4.212 -5.069 -5.857 -6.594 -7.297 -7.981 -8.657 -9.327 -9.996 -9.999 -9.999 -9.999 -9.999 -9.999 -9.999
7.000 -0.433 -0.433 -0.432 -0.432 -0.432 -0.432 -0.431 -0.430 -0.426 -0.417 -0.398 -0.354 -0.275 -0.155  0.003  0.197  0.418  0.658  0.723  0.172 -0.751 -1.735 -2.675 -3.632 -4.524 -5.343 -6.101 -6.816 -7.508 -8.187 -8.859 -9.528 -9.999 -9.999 -9.999 -9.999 -9.999 -9.999 -9.999
7.100 -0.436 -0.436 -0.435 -0.435 -0.435 -0.434 -0.434 -0.433 -0.428 -0.418 -0.398 -0.360 -0.297 -0.195 -0.049  0.131  0.338  0.547  0.503 -0.176 -1.133 -2.097 -3.031 -3.957 -4.812 -5.597 -6.330 -7.032 -7.715 -8.390 -9.061 -9.729 -9.999 -9.999 -9.999 -9.999 -9.999 -9.999 -9.999
7.200 -0.439 -0.439 -0.438 -0.438 -0.438 -0.438 -0.437 -0.437 -0.434 -0.425 -0.403 -0.365 -0.305 -0.213 -0.085  0.068  0.250  0.426  0.242 -0.539 -1.524 -2.429 -3.368 -4.260 -5.078 -5.835 -6.550 -7.241 -7.920 -8.592 -9.262 -9.930 -9.999 -9.999 -9.999 -9.999 -9.999 -9.999 -9.999
7.300 -0.443 -0.443 -0.442 -0.442 -0.442 -0.442 -0.442 -0.441 -0.439 -0.433 -0.415 -0.381 -0.321 -0.236 -0.131 -0.004  0.158  0.279 -0.050 -0.958 -1.885 -2.758 -3.683 -4.539 -5.325 -6.060 -6.763 -7.448 -8.123 -8.794 -9.462 -9.999 -9.999 -9.999 -9.999 -9.999 -9.999 -9.999 -9.999
7.400 -0.448 -0.448 -0.447 -0.447 -0.447 -0.447 -0.447 -0.446 -0.445 -0.441 -0.429 -0.402 -0.350 -0.276 -0.190 -0.080  0.065  0.115 -0.373 -1.310 -2.225 -3.084 -3.975 -4.797 -5.558 -6.277 -6.971 -7.652 -8.325 -8.995 -9.663 -9.999 -9.999 -9.999 -9.999 -9.999 -9.999 -9.999 -9.999
7.500 -0.454 -0.454 -0.453 -0.453 -0.453 -0.453 -0.453 -0.453 -0.452 -0.449 -0.442 -0.422 -0.381 -0.322 -0.249 -0.151 -0.033 -0.078 -0.770 -1.670 -2.522 -3.388 -4.245 -5.038 -5.780 -6.488 -7.177 -7.854 -8.526 -9.195 -9.863 -9.999 -9.999 -9.999 -9.999 -9.999 -9.999 -9.999 -9.999
7.600 -0.462 -0.462 -0.460 -0.460 -0.461 -0.461 -0.461 -0.461 -0.460 -0.458 -0.453 -0.439 -0.408 -0.363 -0.302 -0.218 -0.136 -0.319 -1.103 -2.017 -2.787 -3.670 -4.496 -5.267 -5.995 -6.696 -7.380 -8.056 -8.727 -9.396 -9.999 -9.999 -9.999 -9.999 -9.999 -9.999 -9.999 -9.999 -9.999
7.700 -0.471 -0.471 -0.470 -0.470 -0.470 -0.470 -0.470 -0.470 -0.470 -0.469 -0.465 -0.454 -0.431 -0.398 -0.350 -0.285 -0.258 -0.603 -1.459 -2.328 -3.078 -3.930 -4.731 -5.485 -6.204 -6.900 -7.582 -8.257 -8.927 -9.596 -9.999 -9.999 -9.999 -9.999 -9.999 -9.999 -9.999 -9.999 -9.999
7.800 -0.483 -0.483 -0.482 -0.482 -0.482 -0.482 -0.482 -0.482 -0.482 -0.481 -0.479 -0.469 -0.453 -0.429 -0.396 -0.357 -0.411 -0.921 -1.812 -2.582 -3.348 -4.172 -4.954 -5.697 -6.410 -7.103 -7.784 -8.457 -9.128 -9.796 -9.999 -9.999 -9.999 -9.999 -9.999 -9.999 -9.999 -9.999 -9.999
7.900 -0.497 -0.497 -0.496 -0.496 -0.496 -0.496 -0.497 -0.497 -0.497 -0.497 -0.494 -0.487 -0.476 -0.462 -0.445 -0.441 -0.603 -1.255 -2.138 -2.766 -3.598 -4.402 -5.170 -5.905 -6.614 -7.305 -7.985 -8.658 -9.328 -9.996 -9.999 -9.999 -9.999 -9.999 -9.999 -9.999 -9.999 -9.999 -9.999
8.000 -0.514 -0.514 -0.512 -0.512 -0.512 -0.512 -0.513 -0.513 -0.513 -0.513 -0.510 -0.505 -0.500 -0.494 -0.498 -0.541 -0.844 -1.610 -2.410 -3.020 -3.833 -4.621 -5.380 -6.110 -6.817 -7.506 -8.185 -8.858 -9.528 -9.999 -9.999 -9.999 -9.999 -9.999 -9.999 -9.999 -9.999 -9.999 -9.999
8.100 -0.534 -0.534 -0.532 -0.532 -0.532 -0.532 -0.532 -0.532 -0.533 -0.533 -0.530 -0.528 -0.527 -0.534 -0.561 -0.671 -1.131 -1.951 -2.612 -3.261 -4.057 -4.834 -5.587 -6.314 -7.018 -7.707 -8.385 -9.058 -9.728 -9.999 -9.999 -9.999 -9.999 -9.999 -9.999 -9.999 -9.999 -9.999 -9.999
8.300 -0.587 -0.587 -0.585 -0.585 -0.585 -0.586 -0.586 -0.586 -0.586 -0.585 -0.585 -0.588 -0.598 -0.634 -0.734 -1.059 -1.793 -2.472 -2.931 -3.708 -4.483 -5.248 -5.994 -6.717 -7.420 -8.108 -8.786 -9.458 -9.999 -9.999 -9.999 -9.999 -9.999 -9.999 -9.999 -9.999 -9.999 -9.999 -9.999
8.500 -0.657 -0.657 -0.656 -0.656 -0.656 -0.656 -0.656 -0.656 -0.656 -0.656 -0.659 -0.667 -0.694 -0.779 -1.012 -1.643 -2.379 -2.720 -3.368 -4.129 -4.894 -5.653 -6.396 -7.118 -7.821 -8.508 -9.186 -9.858 -9.999 -9.999 -9.999 -9.999 -9.999 -9.999 -9.999 -9.999 -9.999 -9.999 -9.999
8.700  0.365 -0.123 -0.559 -0.710 -0.737 -0.741 -0.741 -0.741 -0.741 -0.743 -0.747 -0.763 -0.821 -1.005 -1.493 -2.248 -2.630 -3.045 -3.784 -4.537 -5.298 -6.055 -6.797 -7.519 -8.221 -8.908 -9.586 -9.999 -9.999 -9.999 -9.999 -9.999 -9.999 -9.999 -9.999 -9.999 -9.999 -9.999 -9.999
8.900  1.885  1.390  0.892  0.393 -0.101 -0.547 -0.793 -0.847 -0.858 -0.868 -0.888 -0.933 -1.063 -1.449 -2.170 -2.586 -2.754 -3.457 -4.190 -4.940 -5.700 -6.456 -7.198 -7.919 -8.621 -9.308 -9.986 -9.999 -9.999 -9.999 -9.999 -9.999 -9.999 -9.999 -9.999 -9.999 -9.999 -9.999 -9.999
9.100  2.015  1.863  1.576  1.173  0.709  0.222 -0.267 -0.701 -0.926 -0.982 -1.019 -1.107 -1.371 -2.003 -2.577 -2.707 -3.156 -3.862 -4.593 -5.342 -6.101 -6.857 -7.598 -8.319 -9.021 -9.708 -9.999 -9.999 -9.999 -9.999 -9.999 -9.999 -9.999 -9.999 -9.999 -9.999 -9.999 -9.999 -9.999
9.300  0.952  0.946  0.927  0.874  0.738  0.471  0.081 -0.372 -0.805 -1.054 -1.158 -1.342 -1.830 -2.575 -2.711 -2.888 -3.558 -4.264 -4.994 -5.742 -6.501 -7.257 -7.998 -8.719 -9.421 -9.999 -9.999 -9.999 -9.999 -9.999 -9.999 -9.999 -9.999 -9.999 -9.999 -9.999 -9.999 -9.999 -9.999
9.500  0.066  0.065  0.064  0.059  0.044 -0.001 -0.118 -0.361 -0.724 -1.078 -1.311 -1.699 -2.445 -2.730 -2.784 -3.283 -3.958 -4.665 -5.394 -6.143 -6.901 -7.657 -8.398 -9.119 -9.821 -9.999 -9.999 -9.999 -9.999 -9.999 -9.999 -9.999 -9.999 -9.999 -9.999 -9.999 -9.999 -9.999 -9.999
9.700 -0.683 -0.683 -0.683 -0.683 -0.685 -0.691 -0.709 -0.762 -0.900 -1.165 -1.555 -2.243 -2.766 -2.770 -3.051 -3.680 -4.359 -5.065 -5.794 -6.543 -7.301 -8.057 -8.798 -9.519 -9.999 -9.999 -9.999 -9.999 -9.999 -9.999 -9.999 -9.999 -9.999 -9.999 -9.999 -9.999 -9.999 -9.999 -9.999
9.900 -1.369 -1.369 -1.369 -1.369 -1.369 -1.371 -1.376 -1.392 -1.443 -1.612 -2.102 -2.950 -2.759 -2.815 -3.433 -4.078 -4.759 -5.465 -6.194 -6.943 -7.701 -8.457 -9.198 -9.919 -9.999 -9.999 -9.999 -9.999 -9.999 -9.999 -9.999 -9.999 -9.999 -9.999 -9.999 -9.999 -9.999 -9.999 -9.999
