 90
 1. 1.
 1.000000D-02 5.950000D-02 1.090000D-01 1.585000D-01 2.080000D-01
 2.575000D-01 3.070000D-01 3.565000D-01 4.060000D-01 4.555000D-01
 5.050000D-01 5.545000D-01 6.040000D-01 6.535000D-01 7.030000D-01
 7.525000D-01 8.020000D-01 8.515000D-01 9.010000D-01 9.505000D-01
 1.000000D+00 1.257143D+00 1.514286D+00 1.771429D+00 2.028571D+00
 2.285714D+00 2.542857D+00 2.800000D+00 3.057143D+00 3.314286D+00
 3.571429D+00 3.828571D+00 4.085714D+00 4.342857D+00 4.600000D+00
 4.857143D+00 5.114286D+00 5.371429D+00 5.628571D+00 5.885714D+00
 6.142857D+00 6.400000D+00 6.657143D+00 6.914286D+00 7.171429D+00
 7.428571D+00 7.685714D+00 7.942857D+00 8.200000D+00 8.457143D+00
 8.714286D+00 8.971429D+00 9.228571D+00 9.485714D+00 9.742857D+00
 1.000000D+01 1.264706D+01 1.529412D+01 1.794118D+01 2.058824D+01
 2.323529D+01 2.588235D+01 2.852941D+01 3.117647D+01 3.382353D+01
 3.647059D+01 3.911765D+01 4.176471D+01 4.441176D+01 4.705882D+01
 4.970588D+01 5.235294D+01 5.500000D+01 5.764706D+01 6.029412D+01
 6.294118D+01 6.558824D+01 6.823529D+01 7.088235D+01 7.352941D+01
 7.617647D+01 7.882353D+01 8.147059D+01 8.411765D+01 8.676471D+01
 8.941176D+01 9.205882D+01 9.470588D+01 9.735294D+01 1.000000D+02
