#n1=128 n2=4 Teff=02900 R=2.1546e+11 L=2.3411e+33 logg=+3.00
#   tau          T          rho         Fconv
 0.00000e+00 1.59289e+03 9.38098e-21 +0.00000e+00
 1.00000e-09 1.59289e+03 4.78832e-14 +0.00000e+00
 1.24520e-09 1.59059e+03 6.06392e-14 +0.00000e+00
 1.55052e-09 1.58871e+03 7.66551e-14 +0.00000e+00
 1.93070e-09 1.58714e+03 9.66996e-14 +0.00000e+00
 2.40410e-09 1.58590e+03 1.21723e-13 +0.00000e+00
 2.99358e-09 1.58481e+03 1.53138e-13 +0.00000e+00
 3.72759e-09 1.58400e+03 1.92172e-13 +0.00000e+00
 4.64159e-09 1.58324e+03 2.41292e-13 +0.00000e+00
 5.77969e-09 1.58274e+03 3.02171e-13 +0.00000e+00
 7.19686e-09 1.58225e+03 3.78709e-13 +0.00000e+00
 8.96151e-09 1.58193e+03 4.73736e-13 +0.00000e+00
 1.11588e-08 1.58165e+03 5.92832e-13 +0.00000e+00
 1.38950e-08 1.58147e+03 7.41027e-13 +0.00000e+00
 1.73020e-08 1.58134e+03 9.26254e-13 +0.00000e+00
 2.15443e-08 1.58127e+03 1.15709e-12 +0.00000e+00
 2.68270e-08 1.58126e+03 1.44504e-12 +0.00000e+00
 3.34048e-08 1.58128e+03 1.80423e-12 +0.00000e+00
 4.15956e-08 1.58136e+03 2.25170e-12 +0.00000e+00
 5.17947e-08 1.58146e+03 2.81015e-12 +0.00000e+00
 6.44947e-08 1.58161e+03 3.50526e-12 +0.00000e+00
 8.03086e-08 1.58178e+03 4.37294e-12 +0.00000e+00
 1.00000e-07 1.58199e+03 5.45236e-12 +0.00000e+00
 1.24520e-07 1.58221e+03 6.79980e-12 +0.00000e+00
 1.55052e-07 1.58248e+03 8.47549e-12 +0.00000e+00
 1.93070e-07 1.58275e+03 1.05665e-11 +0.00000e+00
 2.40410e-07 1.58307e+03 1.31677e-11 +0.00000e+00
 2.99358e-07 1.58339e+03 1.64114e-11 +0.00000e+00
 3.72759e-07 1.58375e+03 2.04483e-11 +0.00000e+00
 4.64159e-07 1.58413e+03 2.54794e-11 +0.00000e+00
 5.77969e-07 1.58454e+03 3.17423e-11 +0.00000e+00
 7.19686e-07 1.58497e+03 3.95441e-11 +0.00000e+00
 8.96151e-07 1.58544e+03 4.92574e-11 +0.00000e+00
 1.11588e-06 1.58593e+03 6.13536e-11 +0.00000e+00
 1.38950e-06 1.58646e+03 7.64148e-11 +0.00000e+00
 1.73020e-06 1.58702e+03 9.51658e-11 +0.00000e+00
 2.15443e-06 1.58763e+03 1.18513e-10 +0.00000e+00
 2.68270e-06 1.58829e+03 1.47574e-10 +0.00000e+00
 3.34048e-06 1.58900e+03 1.83755e-10 +0.00000e+00
 4.15956e-06 1.58977e+03 2.28782e-10 +0.00000e+00
 5.17947e-06 1.59061e+03 2.84837e-10 +0.00000e+00
 6.44947e-06 1.59152e+03 3.54581e-10 +0.00000e+00
 8.03086e-06 1.59253e+03 4.41391e-10 +0.00000e+00
 1.00000e-05 1.59364e+03 5.49378e-10 +0.00000e+00
 1.24520e-05 1.59486e+03 6.83759e-10 +0.00000e+00
 1.55052e-05 1.59622e+03 8.50887e-10 +0.00000e+00
 1.93070e-05 1.59772e+03 1.05879e-09 +0.00000e+00
 2.40410e-05 1.59940e+03 1.31731e-09 +0.00000e+00
 2.99358e-05 1.60126e+03 1.63876e-09 +0.00000e+00
 3.72759e-05 1.60333e+03 2.03834e-09 +0.00000e+00
 4.64159e-05 1.60564e+03 2.53499e-09 +0.00000e+00
 5.77969e-05 1.60821e+03 3.15207e-09 +0.00000e+00
 7.19686e-05 1.61108e+03 3.91868e-09 +0.00000e+00
 8.96151e-05 1.61427e+03 4.87071e-09 +0.00000e+00
 1.11588e-04 1.61781e+03 6.05268e-09 +0.00000e+00
 1.38950e-04 1.62175e+03 7.51967e-09 +0.00000e+00
 1.73020e-04 1.62612e+03 9.33968e-09 +0.00000e+00
 2.15443e-04 1.63098e+03 1.15968e-08 +0.00000e+00
 2.68270e-04 1.63636e+03 1.43948e-08 +0.00000e+00
 3.34048e-04 1.64233e+03 1.78618e-08 +0.00000e+00
 4.15956e-04 1.64891e+03 2.21555e-08 +0.00000e+00
 5.17947e-04 1.65617e+03 2.74708e-08 +0.00000e+00
 6.44947e-04 1.66411e+03 3.40473e-08 +0.00000e+00
 8.03086e-04 1.67276e+03 4.21817e-08 +0.00000e+00
 1.00000e-03 1.68212e+03 5.22382e-08 +0.00000e+00
 1.24520e-03 1.69216e+03 6.46690e-08 -2.54391e-07
 1.55052e-03 1.70282e+03 8.00303e-08 -3.16767e-07
 1.93070e-03 1.71399e+03 9.90158e-08 -3.94436e-07
 2.40410e-03 1.72552e+03 1.22483e-07 -4.91153e-07
 2.99358e-03 1.73721e+03 1.51509e-07 -6.11582e-07
 3.72759e-03 1.74881e+03 1.87429e-07 -7.61539e-07
 4.64159e-03 1.76010e+03 2.31919e-07 -9.48267e-07
 5.77969e-03 1.77089e+03 2.87061e-07 -1.18078e-06
 7.19686e-03 1.78113e+03 3.55444e-07 -1.47030e-06
 8.96151e-03 1.79089e+03 4.40246e-07 -1.83082e-06
 1.11588e-02 1.80051e+03 5.45342e-07 -2.27973e-06
 1.38950e-02 1.81057e+03 6.75377e-07 -2.83870e-06
 1.73020e-02 1.82199e+03 8.35814e-07 -3.53475e-06
 2.15443e-02 1.83604e+03 1.03291e-06 -4.40147e-06
 2.68270e-02 1.85439e+03 1.27355e-06 -5.48069e-06
 3.34048e-02 1.87922e+03 1.56494e-06 -6.82453e-06
 4.15956e-02 1.91335e+03 1.91381e-06 -8.49788e-06
 5.17947e-02 1.96027e+03 2.32562e-06 -1.05815e-05
 6.44947e-02 2.02393e+03 2.80346e-06 -1.31761e-05
 8.03086e-02 2.10839e+03 3.34760e-06 -1.64069e-05
 1.00000e-01 2.21503e+03 3.95898e-06 +2.30143e-02
 1.24520e-01 2.31001e+03 4.71305e-06 +1.28837e-02
 1.55052e-01 2.40152e+03 5.62064e-06 +1.18681e-02
 1.93070e-01 2.48977e+03 6.71062e-06 +9.50499e-03
 2.40410e-01 2.57497e+03 8.01192e-06 +6.18868e-03
 2.99358e-01 2.65730e+03 9.55982e-06 +3.07954e-03
 3.72759e-01 2.73707e+03 1.13865e-05 +2.60272e-03
 4.64159e-01 2.81454e+03 1.35277e-05 +2.62295e-03
 5.77969e-01 2.89044e+03 1.60055e-05 +4.92775e-03
 7.19686e-01 2.96384e+03 1.88373e-05 +7.92289e-03
 8.96151e-01 3.03433e+03 2.20292e-05 +1.22126e-02
 1.11588e+00 3.10141e+03 2.55342e-05 +1.79723e-02
 1.38950e+00 3.16464e+03 2.93247e-05 +2.52630e-02
 1.73020e+00 3.22375e+03 3.33363e-05 +3.40844e-02
 2.15443e+00 3.27870e+03 3.74863e-05 +4.44423e-02
 2.68270e+00 3.32966e+03 4.17490e-05 +5.63795e-02
 3.34048e+00 3.37695e+03 4.60957e-05 +6.50415e-02
 4.15956e+00 3.42094e+03 5.04824e-05 +6.82482e-02
 5.17947e+00 3.46209e+03 5.49108e-05 +7.07102e-02
 6.44947e+00 3.50088e+03 5.94062e-05 +7.25975e-02
 8.03086e+00 3.53771e+03 6.39818e-05 +7.40503e-02
 1.00000e+01 3.57296e+03 6.86567e-05 +7.51744e-02
 1.24520e+01 3.60691e+03 7.34076e-05 +7.60503e-02
 1.55052e+01 3.63980e+03 7.82645e-05 +7.67363e-02
 1.93070e+01 3.67186e+03 8.32665e-05 +7.72765e-02
 2.40410e+01 3.70327e+03 8.84350e-05 +7.77048e-02
 2.99358e+01 3.73416e+03 9.37915e-05 +7.80462e-02
 3.72759e+01 3.76467e+03 9.93568e-05 +7.83198e-02
 4.64159e+01 3.79489e+03 1.05129e-04 +7.85399e-02
 5.77969e+01 3.82492e+03 1.11084e-04 +7.87175e-02
 7.19686e+01 3.85484e+03 1.17299e-04 +7.88613e-02
 8.96151e+01 3.88471e+03 1.23794e-04 +7.89784e-02
 1.11588e+02 3.91460e+03 1.30595e-04 +7.90736e-02
 1.38950e+02 3.94454e+03 1.37727e-04 +7.91516e-02
 1.73020e+02 3.97460e+03 1.45212e-04 +7.92157e-02
 2.15443e+02 4.00479e+03 1.53068e-04 +7.92680e-02
 2.68270e+02 4.03516e+03 1.61206e-04 +7.93111e-02
 3.34048e+02 4.06574e+03 1.69758e-04 +7.93465e-02
 4.15956e+02 4.09656e+03 1.78758e-04 +7.93759e-02
 5.17947e+02 4.12765e+03 1.88234e-04 +7.93998e-02
 6.44947e+02 4.15904e+03 1.98218e-04 +7.94197e-02
 8.03086e+02 4.19074e+03 2.08747e-04 +7.94362e-02
 1.00000e+03 4.22279e+03 2.19856e-04 +7.94499e-02
