#n1=128 n2=4 Teff=02800 R=3.7211e+11 L=6.0657e+33 logg=+2.50
#   tau          T          rho         Fconv
 0.00000e+00 1.50359e+03 9.96343e-21 +0.00000e+00
 1.00000e-09 1.50359e+03 1.65609e-14 +0.00000e+00
 1.24520e-09 1.50465e+03 2.07487e-14 +0.00000e+00
 1.55052e-09 1.50573e+03 2.59948e-14 +0.00000e+00
 1.93070e-09 1.50685e+03 3.25322e-14 +0.00000e+00
 2.40410e-09 1.50801e+03 4.07414e-14 +0.00000e+00
 2.99358e-09 1.50924e+03 5.09377e-14 +0.00000e+00
 3.72759e-09 1.51053e+03 6.37493e-14 +0.00000e+00
 4.64159e-09 1.51191e+03 7.96303e-14 +0.00000e+00
 5.77969e-09 1.51338e+03 9.95472e-14 +0.00000e+00
 7.19686e-09 1.51496e+03 1.24260e-13 +0.00000e+00
 8.96151e-09 1.51667e+03 1.55160e-13 +0.00000e+00
 1.11588e-08 1.51853e+03 1.93575e-13 +0.00000e+00
 1.38950e-08 1.52056e+03 2.41490e-13 +0.00000e+00
 1.73020e-08 1.52277e+03 3.01090e-13 +0.00000e+00
 2.15443e-08 1.52519e+03 3.75232e-13 +0.00000e+00
 2.68270e-08 1.52784e+03 4.67515e-13 +0.00000e+00
 3.34048e-08 1.53075e+03 5.82196e-13 +0.00000e+00
 4.15956e-08 1.53394e+03 7.24828e-13 +0.00000e+00
 5.17947e-08 1.53744e+03 9.01819e-13 +0.00000e+00
 6.44947e-08 1.54128e+03 1.12201e-12 +0.00000e+00
 8.03086e-08 1.54548e+03 1.39477e-12 +0.00000e+00
 1.00000e-07 1.55008e+03 1.73404e-12 +0.00000e+00
 1.24520e-07 1.55511e+03 2.15377e-12 +0.00000e+00
 1.55052e-07 1.56057e+03 2.67538e-12 +0.00000e+00
 1.93070e-07 1.56650e+03 3.32054e-12 +0.00000e+00
 2.40410e-07 1.57292e+03 4.12096e-12 +0.00000e+00
 2.99358e-07 1.57986e+03 5.11061e-12 +0.00000e+00
 3.72759e-07 1.58735e+03 6.33706e-12 +0.00000e+00
 4.64159e-07 1.59542e+03 7.85257e-12 +0.00000e+00
 5.77969e-07 1.60410e+03 9.72771e-12 +0.00000e+00
 7.19686e-07 1.61343e+03 1.20431e-11 +0.00000e+00
 8.96151e-07 1.62348e+03 1.49030e-11 +0.00000e+00
 1.11588e-06 1.63427e+03 1.84312e-11 +0.00000e+00
 1.38950e-06 1.64584e+03 2.27820e-11 +0.00000e+00
 1.73020e-06 1.65826e+03 2.81444e-11 +0.00000e+00
 2.15443e-06 1.67154e+03 3.47438e-11 +0.00000e+00
 2.68270e-06 1.68571e+03 4.28699e-11 +0.00000e+00
 3.34048e-06 1.70076e+03 5.28546e-11 +0.00000e+00
 4.15956e-06 1.71668e+03 6.51407e-11 +0.00000e+00
 5.17947e-06 1.73347e+03 8.02100e-11 +0.00000e+00
 6.44947e-06 1.75109e+03 9.87454e-11 +0.00000e+00
 8.03086e-06 1.76948e+03 1.21453e-10 +0.00000e+00
 1.00000e-05 1.78861e+03 1.49383e-10 +0.00000e+00
 1.24520e-05 1.80841e+03 1.83546e-10 +0.00000e+00
 1.55052e-05 1.82885e+03 2.25557e-10 +0.00000e+00
 1.93070e-05 1.84987e+03 2.76916e-10 +0.00000e+00
 2.40410e-05 1.87145e+03 3.40029e-10 +0.00000e+00
 2.99358e-05 1.89357e+03 4.17151e-10 +0.00000e+00
 3.72759e-05 1.91622e+03 5.11801e-10 +0.00000e+00
 4.64159e-05 1.93940e+03 6.27360e-10 +0.00000e+00
 5.77969e-05 1.96312e+03 7.68910e-10 +0.00000e+00
 7.19686e-05 1.98737e+03 9.41561e-10 +0.00000e+00
 8.96151e-05 2.01218e+03 1.15249e-09 +0.00000e+00
 1.11588e-04 2.03756e+03 1.40935e-09 +0.00000e+00
 1.38950e-04 2.06355e+03 1.72195e-09 +0.00000e+00
 1.73020e-04 2.09018e+03 2.10152e-09 +0.00000e+00
 2.15443e-04 2.11749e+03 2.56051e-09 +0.00000e+00
 2.68270e-04 2.14553e+03 3.11552e-09 +0.00000e+00
 3.34048e-04 2.17434e+03 3.78105e-09 +0.00000e+00
 4.15956e-04 2.20395e+03 4.58027e-09 +0.00000e+00
 5.17947e-04 2.23439e+03 5.52591e-09 +0.00000e+00
 6.44947e-04 2.26568e+03 6.65092e-09 +0.00000e+00
 8.03086e-04 2.29779e+03 7.95915e-09 +0.00000e+00
 1.00000e-03 2.33065e+03 9.48903e-09 +0.00000e+00
 1.24520e-03 2.36403e+03 1.12422e-08 +1.26890e+00
 1.55052e-03 2.39237e+03 1.33348e-08 +3.36227e-01
 1.93070e-03 2.42058e+03 1.57561e-08 +2.45376e-01
 2.40410e-03 2.44844e+03 1.85084e-08 +2.30913e-01
 2.99358e-03 2.47594e+03 2.16642e-08 +1.79854e-01
 3.72759e-03 2.50324e+03 2.52168e-08 +1.56399e-01
 4.64159e-03 2.53003e+03 2.92124e-08 +1.32954e-01
 5.77969e-03 2.55650e+03 3.37192e-08 +1.01899e-01
 7.19686e-03 2.58274e+03 3.86985e-08 +9.40060e-02
 8.96151e-03 2.60852e+03 4.42443e-08 +7.98687e-02
 1.11588e-02 2.63407e+03 5.04336e-08 +6.42256e-02
 1.38950e-02 2.65950e+03 5.72263e-08 +5.72451e-02
 1.73020e-02 2.68461e+03 6.47131e-08 +5.02661e-02
 2.15443e-02 2.70957e+03 7.30259e-08 +4.13151e-02
 2.68270e-02 2.73458e+03 8.21732e-08 +3.87807e-02
 3.34048e-02 2.75977e+03 9.20982e-08 +3.56996e-02
 4.15956e-02 2.78544e+03 1.03005e-07 +3.56944e-02
 5.17947e-02 2.81118e+03 1.15006e-07 +2.66568e-02
 6.44947e-02 2.83695e+03 1.28058e-07 +2.12248e-02
 8.03086e-02 2.86283e+03 1.42304e-07 +1.95532e-02
 1.00000e-01 2.88882e+03 1.58012e-07 +1.82432e-02
 1.24520e-01 2.91494e+03 1.75338e-07 +1.72721e-02
 1.55052e-01 2.94130e+03 1.94095e-07 +1.63190e-02
 1.93070e-01 2.96809e+03 2.14632e-07 +1.58103e-02
 2.40410e-01 2.99561e+03 2.37123e-07 +1.75574e-02
 2.99358e-01 3.02637e+03 2.61044e-07 +9.85789e-03
 3.72759e-01 3.05930e+03 2.85985e-07 +1.42336e-02
 4.64159e-01 3.09196e+03 3.13020e-07 +1.64109e-02
 5.77969e-01 3.12433e+03 3.42630e-07 +1.86145e-02
 7.19686e-01 3.15658e+03 3.75090e-07 +2.12553e-02
 8.96151e-01 3.18884e+03 4.10283e-07 +2.45175e-02
 1.11588e+00 3.22121e+03 4.48500e-07 +2.86315e-02
 1.38950e+00 3.25380e+03 4.90457e-07 +3.38143e-02
 1.73020e+00 3.28673e+03 5.36418e-07 +4.03378e-02
 2.15443e+00 3.32019e+03 5.86468e-07 +4.85512e-02
 2.68270e+00 3.35442e+03 6.40054e-07 +5.89347e-02
 3.34048e+00 3.38954e+03 6.98266e-07 +6.64419e-02
 4.15956e+00 3.42526e+03 7.61556e-07 +6.85262e-02
 5.17947e+00 3.46148e+03 8.30368e-07 +7.02890e-02
 6.44947e+00 3.49818e+03 9.03998e-07 +7.17786e-02
 8.03086e+00 3.53530e+03 9.83723e-07 +7.30408e-02
 1.00000e+01 3.57277e+03 1.07043e-06 +7.41071e-02
 1.24520e+01 3.61055e+03 1.16478e-06 +7.50055e-02
 1.55052e+01 3.64862e+03 1.26694e-06 +7.57482e-02
 1.93070e+01 3.68715e+03 1.37661e-06 +7.63564e-02
 2.40410e+01 3.72627e+03 1.49573e-06 +7.68561e-02
 2.99358e+01 3.76616e+03 1.62486e-06 +7.72691e-02
 3.72759e+01 3.80693e+03 1.76457e-06 +7.76154e-02
 4.64159e+01 3.84864e+03 1.91421e-06 +7.79080e-02
 5.77969e+01 3.89129e+03 2.07518e-06 +7.81570e-02
 7.19686e+01 3.93486e+03 2.24928e-06 +7.83690e-02
 8.96151e+01 3.97937e+03 2.43752e-06 +7.85474e-02
 1.11588e+02 4.02490e+03 2.64092e-06 +7.86977e-02
 1.38950e+02 4.07154e+03 2.85852e-06 +7.88228e-02
 1.73020e+02 4.11950e+03 3.09347e-06 +7.89275e-02
 2.15443e+02 4.16893e+03 3.34715e-06 +7.90153e-02
 2.68270e+02 4.22003e+03 3.62060e-06 +7.90893e-02
 3.34048e+02 4.27294e+03 3.91483e-06 +7.91524e-02
 4.15956e+02 4.32773e+03 4.22966e-06 +7.92066e-02
 5.17947e+02 4.38447e+03 4.56976e-06 +7.92534e-02
 6.44947e+02 4.44324e+03 4.93713e-06 +7.92929e-02
 8.03086e+02 4.50435e+03 5.33346e-06 +7.93259e-02
 1.00000e+03 4.56824e+03 5.75968e-06 +7.93532e-02
