#n1=128 n2=4 Teff=02700 R=1.7088e+10 L=1.1056e+31 logg=+5.00
#      tau          T          rho         Fconv
  0.00000e+00  1.32403e+03  1.15797e-20 +0.00000e+00
  1.00000e-09  1.32403e+03  7.02520e-12 +0.00000e+00
  1.24520e-09  1.32606e+03  8.73424e-12 +0.00000e+00
  1.55052e-09  1.32977e+03  1.08451e-11 +0.00000e+00
  1.93070e-09  1.33083e+03  1.34939e-11 +0.00000e+00
  2.40410e-09  1.33496e+03  1.67501e-11 +0.00000e+00
  2.99358e-09  1.33883e+03  2.07970e-11 +0.00000e+00
  3.72759e-09  1.34145e+03  2.58463e-11 +0.00000e+00
  4.64159e-09  1.34441e+03  3.21135e-11 +0.00000e+00
  5.77969e-09  1.34782e+03  3.98872e-11 +0.00000e+00
  7.19686e-09  1.35210e+03  4.95108e-11 +0.00000e+00
  8.96151e-09  1.35656e+03  6.14489e-11 +0.00000e+00
  1.11588e-08  1.36156e+03  7.62362e-11 +0.00000e+00
  1.38950e-08  1.36678e+03  9.45675e-11 +0.00000e+00
  1.73020e-08  1.37353e+03  1.17177e-10 +0.00000e+00
  2.15443e-08  1.38029e+03  1.45195e-10 +0.00000e+00
  2.68270e-08  1.38846e+03  1.79730e-10 +0.00000e+00
  3.34048e-08  1.39692e+03  2.22445e-10 +0.00000e+00
  4.15956e-08  1.40889e+03  2.74623e-10 +0.00000e+00
  5.17947e-08  1.42020e+03  3.39228e-10 +0.00000e+00
  6.44947e-08  1.43314e+03  4.18575e-10 +0.00000e+00
  8.03086e-08  1.44657e+03  5.16349e-10 +0.00000e+00
  1.00000e-07  1.46097e+03  6.36582e-10 +0.00000e+00
  1.24520e-07  1.47744e+03  7.83771e-10 +0.00000e+00
  1.55052e-07  1.49483e+03  9.64493e-10 +0.00000e+00
  1.93070e-07  1.51429e+03  1.18540e-09 +0.00000e+00
  2.40410e-07  1.53540e+03  1.45547e-09 +0.00000e+00
  2.99358e-07  1.55650e+03  1.78740e-09 +0.00000e+00
  3.72759e-07  1.57681e+03  2.19646e-09 +0.00000e+00
  4.64159e-07  1.59671e+03  2.70023e-09 +0.00000e+00
  5.77969e-07  1.61444e+03  3.32446e-09 +0.00000e+00
  7.19686e-07  1.63224e+03  4.09315e-09 +0.00000e+00
  8.96151e-07  1.64988e+03  5.04031e-09 +0.00000e+00
  1.11588e-06  1.66751e+03  6.20694e-09 +0.00000e+00
  1.38950e-06  1.68476e+03  7.64536e-09 +0.00000e+00
  1.73020e-06  1.70235e+03  9.41508e-09 +0.00000e+00
  2.15443e-06  1.72010e+03  1.15926e-08 +0.00000e+00
  2.68270e-06  1.73813e+03  1.42700e-08 +0.00000e+00
  3.34048e-06  1.75633e+03  1.75612e-08 +0.00000e+00
  4.15956e-06  1.77351e+03  2.16202e-08 +0.00000e+00
  5.17947e-06  1.79441e+03  2.65503e-08 +0.00000e+00
  6.44947e-06  1.81548e+03  3.25847e-08 +0.00000e+00
  8.03086e-06  1.83667e+03  3.99630e-08 +0.00000e+00
  1.00000e-05  1.85793e+03  4.89666e-08 +0.00000e+00
  1.24520e-05  1.87941e+03  5.99303e-08 +0.00000e+00
  1.55052e-05  1.90109e+03  7.32356e-08 +0.00000e+00
  1.93070e-05  1.92298e+03  8.93381e-08 +0.00000e+00
  2.40410e-05  1.94503e+03  1.08737e-07 +0.00000e+00
  2.99358e-05  1.96730e+03  1.32005e-07 +0.00000e+00
  3.72759e-05  1.98999e+03  1.59715e-07 +0.00000e+00
  4.64159e-05  2.01261e+03  1.92558e-07 +0.00000e+00
  5.77969e-05  2.03539e+03  2.31178e-07 +0.00000e+00
  7.19686e-05  2.05833e+03  2.76203e-07 +0.00000e+00
  8.96151e-05  2.08146e+03  3.28260e-07 +0.00000e+00
  1.11588e-04  2.10475e+03  3.87824e-07 +0.00000e+00
  1.38950e-04  2.12825e+03  4.55353e-07 +0.00000e+00
  1.73020e-04  2.15196e+03  5.31122e-07 +0.00000e+00
  2.15443e-04  2.17592e+03  6.15212e-07 +0.00000e+00
  2.68270e-04  2.20019e+03  7.07682e-07 +0.00000e+00
  3.34048e-04  2.22482e+03  8.08328e-07 +0.00000e+00
  4.15956e-04  2.24994e+03  9.16662e-07 +0.00000e+00
  5.17947e-04  2.27570e+03  1.03221e-06 +0.00000e+00
  6.44947e-04  2.30216e+03  1.15425e-06 +0.00000e+00
  8.03086e-04  2.32938e+03  1.28175e-06 +0.00000e+00
  1.00000e-03  2.35732e+03  1.41389e-06 +0.00000e+00
  1.24520e-03  2.38564e+03  1.54968e-06 -2.54586e-07
  1.55052e-03  2.40657e+03  1.70022e-06 -3.17010e-07
  1.93070e-03  2.42805e+03  1.86268e-06 -3.94740e-07
  2.40410e-03  2.45012e+03  2.03695e-06 -4.91529e-07
  2.99358e-03  2.47285e+03  2.22335e-06 -6.12051e-07
  3.72759e-03  2.49636e+03  2.42172e-06 -7.62125e-07
  4.64159e-03  2.52078e+03  2.63166e-06 -9.48995e-07
  5.77969e-03  2.54622e+03  2.85205e-06 -1.18169e-06
  7.19686e-03  2.57225e+03  3.08297e-06 -1.47143e-06
  8.96151e-03  2.59897e+03  3.32453e-06 -1.83222e-06
  1.11588e-02  2.62655e+03  3.57606e-06 +2.39771e-02
  1.38950e-02  2.65396e+03  3.83999e-06 +5.45165e-02
  1.73020e-02  2.68085e+03  4.11901e-06 +4.73819e-02
  2.15443e-02  2.70738e+03  4.41415e-06 +3.99409e-02
  2.68270e-02  2.73368e+03  4.72863e-06 +3.43227e-02
  3.34048e-02  2.75986e+03  5.06480e-06 +3.01341e-02
  4.15956e-02  2.78600e+03  5.42510e-06 +2.69146e-02
  5.17947e-02  2.81217e+03  5.81215e-06 +2.43829e-02
  6.44947e-02  2.83844e+03  6.22738e-06 +2.24134e-02
  8.03086e-02  2.86485e+03  6.67282e-06 +2.08933e-02
  1.00000e-01  2.89147e+03  7.15290e-06 +1.97488e-02
  1.24520e-01  2.91832e+03  7.67093e-06 +1.89432e-02
  1.55052e-01  2.94545e+03  8.23050e-06 +1.86183e-02
  1.93070e-01  2.97296e+03  8.83521e-06 +1.60732e-02
  2.40410e-01  3.00135e+03  9.48071e-06 +1.82587e-02
  2.99358e-01  3.02989e+03  1.01770e-05 +1.87255e-02
  3.72759e-01  3.05864e+03  1.09306e-05 +1.95810e-02
  4.64159e-01  3.08766e+03  1.17472e-05 +2.08481e-02
  5.77969e-01  3.11700e+03  1.26331e-05 +2.25645e-02
  7.19686e-01  3.14670e+03  1.35913e-05 +2.48143e-02
  8.96151e-01  3.17680e+03  1.46247e-05 +2.77017e-02
  1.11588e+00  3.20736e+03  1.57467e-05 +3.13750e-02
  1.38950e+00  3.23839e+03  1.69657e-05 +3.60213e-02
  1.73020e+00  3.26993e+03  1.82912e-05 +4.18835e-02
  2.15443e+00  3.30199e+03  1.97316e-05 +4.92786e-02
  2.68270e+00  3.33460e+03  2.12806e-05 +5.86117e-02
  3.34048e+00  3.36779e+03  2.29649e-05 +6.55432e-02
  4.15956e+00  3.40149e+03  2.47988e-05 +6.77871e-02
  5.17947e+00  3.43571e+03  2.67972e-05 +6.96686e-02
  6.44947e+00  3.47047e+03  2.89766e-05 +7.12457e-02
  8.03086e+00  3.50579e+03  3.13196e-05 +7.25624e-02
  1.00000e+01  3.54173e+03  3.38736e-05 +7.36685e-02
  1.24520e+01  3.57829e+03  3.66598e-05 +7.45985e-02
  1.55052e+01  3.61549e+03  3.97007e-05 +7.53801e-02
  1.93070e+01  3.65335e+03  4.30186e-05 +7.60379e-02
  2.40410e+01  3.69190e+03  4.65854e-05 +7.65885e-02
  2.99358e+01  3.73118e+03  5.04780e-05 +7.70528e-02
  3.72759e+01  3.77121e+03  5.47269e-05 +7.74444e-02
  4.64159e+01  3.81199e+03  5.93684e-05 +7.77750e-02
  5.77969e+01  3.85353e+03  6.44213e-05 +7.80538e-02
  7.19686e+01  3.89590e+03  6.98598e-05 +7.82878e-02
  8.96151e+01  3.93910e+03  7.57959e-05 +7.84859e-02
  1.11588e+02  3.98315e+03  8.22779e-05 +7.86535e-02
  1.38950e+02  4.02805e+03  8.93580e-05 +7.87956e-02
  1.73020e+02  4.07380e+03  9.70228e-05 +7.89154e-02
  2.15443e+02  4.12045e+03  1.05300e-04 +7.90166e-02
  2.68270e+02  4.16802e+03  1.14334e-04 +7.91019e-02
  3.34048e+02  4.21655e+03  1.24189e-04 +7.91743e-02
  4.15956e+02  4.26607e+03  1.34951e-04 +7.92350e-02
  5.17947e+02  4.31663e+03  1.46485e-04 +7.92868e-02
  6.44947e+02  4.36827e+03  1.58992e-04 +7.93302e-02
  8.03086e+02  4.42100e+03  1.72605e-04 +7.93674e-02
  1.00000e+03  4.47483e+03  1.87429e-04 +7.93989e-02
