#n1=128 n2=4 Teff=02600 R=2.0699e+13 L=1.3939e+37 logg=-0.50
#   tau          T          rho         Fconv
 0.00000e+00 1.08917e+03 2.01904e-20 +0.00000e+00
 1.00000e-09 1.08917e+03 1.44461e-17 +0.00000e+00
 1.24520e-09 1.09339e+03 1.79668e-17 +0.00000e+00
 1.55052e-09 1.09634e+03 2.23838e-17 +0.00000e+00
 1.93070e-09 1.09936e+03 2.78884e-17 +0.00000e+00
 2.40410e-09 1.10243e+03 3.47475e-17 +0.00000e+00
 2.99358e-09 1.10562e+03 4.32932e-17 +0.00000e+00
 3.72759e-09 1.10884e+03 5.39404e-17 +0.00000e+00
 4.64159e-09 1.11224e+03 6.72010e-17 +0.00000e+00
 5.77969e-09 1.11568e+03 8.37178e-17 +0.00000e+00
 7.19686e-09 1.11933e+03 1.04281e-16 +0.00000e+00
 8.96151e-09 1.12304e+03 1.29886e-16 +0.00000e+00
 1.11588e-08 1.12701e+03 1.61752e-16 +0.00000e+00
 1.38950e-08 1.13108e+03 2.01407e-16 +0.00000e+00
 1.73020e-08 1.13542e+03 2.50744e-16 +0.00000e+00
 2.15443e-08 1.13996e+03 3.12089e-16 +0.00000e+00
 2.68270e-08 1.14476e+03 3.88390e-16 +0.00000e+00
 3.34048e-08 1.14980e+03 4.83206e-16 +0.00000e+00
 4.15956e-08 1.15516e+03 6.01053e-16 +0.00000e+00
 5.17947e-08 1.16079e+03 7.47412e-16 +0.00000e+00
 6.44947e-08 1.16679e+03 9.29195e-16 +0.00000e+00
 8.03086e-08 1.17308e+03 1.15483e-15 +0.00000e+00
 1.00000e-07 1.17978e+03 1.43486e-15 +0.00000e+00
 1.24520e-07 1.18681e+03 1.78220e-15 +0.00000e+00
 1.55052e-07 1.19423e+03 2.21308e-15 +0.00000e+00
 1.93070e-07 1.20140e+03 2.74883e-15 +0.00000e+00
 2.40410e-07 1.20963e+03 3.41112e-15 +0.00000e+00
 2.99358e-07 1.21822e+03 4.23162e-15 +0.00000e+00
 3.72759e-07 1.22706e+03 5.24887e-15 +0.00000e+00
 4.64159e-07 1.23633e+03 6.50824e-15 +0.00000e+00
 5.77969e-07 1.24546e+03 8.07178e-15 +0.00000e+00
 7.19686e-07 1.25536e+03 1.00041e-14 +0.00000e+00
 8.96151e-07 1.26529e+03 1.23999e-14 +0.00000e+00
 1.11588e-06 1.27545e+03 1.53673e-14 +0.00000e+00
 1.38950e-06 1.28544e+03 1.90499e-14 +0.00000e+00
 1.73020e-06 1.29573e+03 2.36104e-14 +0.00000e+00
 2.15443e-06 1.30565e+03 2.92759e-14 +0.00000e+00
 2.68270e-06 1.31577e+03 3.62978e-14 +0.00000e+00
 3.34048e-06 1.32653e+03 4.49771e-14 +0.00000e+00
 4.15956e-06 1.33769e+03 5.57200e-14 +0.00000e+00
 5.17947e-06 1.34841e+03 6.90601e-14 +0.00000e+00
 6.44947e-06 1.36067e+03 8.54799e-14 +0.00000e+00
 8.03086e-06 1.37502e+03 1.05577e-13 +0.00000e+00
 1.00000e-05 1.38968e+03 1.30394e-13 +0.00000e+00
 1.24520e-05 1.40561e+03 1.60816e-13 +0.00000e+00
 1.55052e-05 1.42644e+03 1.97349e-13 +0.00000e+00
 1.93070e-05 1.44898e+03 2.41629e-13 +0.00000e+00
 2.40410e-05 1.47186e+03 2.95759e-13 +0.00000e+00
 2.99358e-05 1.49463e+03 3.61822e-13 +0.00000e+00
 3.72759e-05 1.51805e+03 4.42386e-13 +0.00000e+00
 4.64159e-05 1.54205e+03 5.39944e-13 +0.00000e+00
 5.77969e-05 1.56653e+03 6.58878e-13 +0.00000e+00
 7.19686e-05 1.59145e+03 8.02429e-13 +0.00000e+00
 8.96151e-05 1.61632e+03 9.78165e-13 +0.00000e+00
 1.11588e-04 1.64212e+03 1.18875e-12 +0.00000e+00
 1.38950e-04 1.66868e+03 1.44461e-12 +0.00000e+00
 1.73020e-04 1.69601e+03 1.75015e-12 +0.00000e+00
 2.15443e-04 1.72399e+03 2.12159e-12 +0.00000e+00
 2.68270e-04 1.75293e+03 2.56311e-12 +0.00000e+00
 3.34048e-04 1.78324e+03 3.09578e-12 +0.00000e+00
 4.15956e-04 1.81496e+03 3.72384e-12 +0.00000e+00
 5.17947e-04 1.84777e+03 4.48591e-12 +0.00000e+00
 6.44947e-04 1.88179e+03 5.38916e-12 +0.00000e+00
 8.03086e-04 1.91684e+03 6.49250e-12 +0.00000e+00
 1.00000e-03 1.95272e+03 7.81920e-12 +0.00000e+00
 1.24520e-03 1.98831e+03 9.47389e-12 +1.95218e-01
 1.55052e-03 2.01705e+03 1.16413e-11 +1.51644e-02
 1.93070e-03 2.04238e+03 1.44103e-11 +1.68685e-03
 2.40410e-03 2.06924e+03 1.77685e-11 +1.53433e-03
 2.99358e-03 2.09633e+03 2.19123e-11 +4.67873e-04
 3.72759e-03 2.12387e+03 2.69778e-11 +2.03491e-04
 4.64159e-03 2.15176e+03 3.32002e-11 +4.28548e-05
 5.77969e-03 2.18005e+03 4.07889e-11 +1.36425e-05
 7.19686e-03 2.20877e+03 5.00593e-11 +1.98052e-07
 8.96151e-03 2.23815e+03 6.12831e-11 -9.17936e-07
 1.11588e-02 2.26839e+03 7.48673e-11 -2.27741e-06
 1.38950e-02 2.29870e+03 9.12416e-11 -2.84299e-06
 1.73020e-02 2.32916e+03 1.10982e-10 -3.54008e-06
 2.15443e-02 2.36001e+03 1.34501e-10 -4.40445e-06
 2.68270e-02 2.39722e+03 1.61584e-10 -5.48894e-06
 3.34048e-02 2.42828e+03 1.94576e-10 -6.83482e-06
 4.15956e-02 2.45946e+03 2.33473e-10 -8.51071e-06
 5.17947e-02 2.49067e+03 2.78991e-10 -1.05975e-05
 6.44947e-02 2.52202e+03 3.32041e-10 -1.31960e-05
 8.03086e-02 2.55408e+03 3.93375e-10 -1.64316e-05
 1.00000e-01 2.58748e+03 4.63639e-10 -2.04606e-05
 1.24520e-01 2.62463e+03 5.43012e-10 -2.54775e-05
 1.55052e-01 2.66482e+03 6.32368e-10 -3.17241e-05
 1.93070e-01 2.73864e+03 7.19653e-10 -3.95033e-05
 2.40410e-01 2.76500e+03 8.38357e-10 -4.91894e-05
 2.99358e-01 2.79638e+03 9.71093e-10 -6.12503e-05
 3.72759e-01 2.83200e+03 1.11905e-09 -7.62688e-05
 4.64159e-01 2.86756e+03 1.28568e-09 -9.49698e-05
 5.77969e-01 2.90300e+03 1.47284e-09 -1.18256e-04
 7.19686e-01 2.93911e+03 1.68199e-09 -1.47252e-04
 8.96151e-01 2.98487e+03 1.90682e-09 -1.83358e-04
 1.11588e+00 3.03400e+03 2.15129e-09 -2.28316e-04
 1.38950e+00 3.09324e+03 2.40745e-09 -2.84299e-04
 1.73020e+00 3.16054e+03 2.67246e-09 -3.54008e-04
 2.15443e+00 3.23702e+03 2.93932e-09 -4.40808e-04
 2.68270e+00 3.32519e+03 3.19746e-09 -5.48894e-04
 3.34048e+00 3.42667e+03 3.43675e-09 -6.13801e-04
 4.15956e+00 3.54207e+03 3.65161e-09 -6.13712e-04
 5.17947e+00 3.69821e+03 3.80704e-09 -6.13349e-04
 6.44947e+00 3.87646e+03 3.92899e-09 -6.12549e-04
 8.03086e+00 4.08749e+03 4.02609e-09 -6.12302e-04
 1.00000e+01 4.33092e+03 4.12718e-09 -6.13218e-04
 1.24520e+01 4.60435e+03 4.26858e-09 -6.13743e-04
 1.55052e+01 4.91324e+03 4.44654e-09 -6.13770e-04
 1.93070e+01 5.23298e+03 4.58405e-09 -6.10413e-04
 2.40410e+01 5.64502e+03 4.51247e-09 -1.32114e-04
 2.99358e+01 6.02199e+03 4.37352e-09 +9.06599e-03
 3.72759e+01 6.23711e+03 4.32608e-09 +2.36283e-02
 4.64159e+01 6.42391e+03 4.28706e-09 +3.74605e-02
 5.77969e+01 6.58499e+03 4.25962e-09 +4.78897e-02
 7.19686e+01 6.72685e+03 4.24225e-09 +5.53954e-02
 8.96151e+01 6.85486e+03 4.23316e-09 +6.08359e-02
 1.11588e+02 6.97282e+03 4.23108e-09 +6.48560e-02
 1.38950e+02 7.08339e+03 4.23517e-09 +6.78885e-02
 1.73020e+02 7.18840e+03 4.24493e-09 +7.02180e-02
 2.15443e+02 7.28919e+03 4.26013e-09 +7.20331e-02
 2.68270e+02 7.38672e+03 4.28065e-09 +7.34653e-02
 3.34048e+02 7.48173e+03 4.30653e-09 +7.46063e-02
 4.15956e+02 7.57476e+03 4.33790e-09 +7.55221e-02
 5.17947e+02 7.66624e+03 4.37495e-09 +7.62618e-02
 6.44947e+02 7.75651e+03 4.41796e-09 +7.68624e-02
 8.03086e+02 7.84585e+03 4.46726e-09 +7.73522e-02
 1.00000e+03 7.93446e+03 4.52326e-09 +7.77520e-02
