#n1=128 n2=4 Teff=02700 R=7.6411e+11 L=2.2113e+34 logg=+2.00
#   tau          T          rho         Fconv
 0.00000e+00 1.41975e+03 1.05337e-20 +0.00000e+00
 1.00000e-09 1.41975e+03 5.64295e-15 +0.00000e+00
 1.24520e-09 1.42070e+03 7.05887e-15 +0.00000e+00
 1.55052e-09 1.42165e+03 8.81978e-15 +0.00000e+00
 1.93070e-09 1.42263e+03 1.10303e-14 +0.00000e+00
 2.40410e-09 1.42362e+03 1.37733e-14 +0.00000e+00
 2.99358e-09 1.42465e+03 1.72128e-14 +0.00000e+00
 3.72759e-09 1.42571e+03 2.14861e-14 +0.00000e+00
 4.64159e-09 1.42682e+03 2.68295e-14 +0.00000e+00
 5.77969e-09 1.42798e+03 3.34768e-14 +0.00000e+00
 7.19686e-09 1.42919e+03 4.17757e-14 +0.00000e+00
 8.96151e-09 1.43048e+03 5.21072e-14 +0.00000e+00
 1.11588e-08 1.43184e+03 6.49848e-14 +0.00000e+00
 1.38950e-08 1.43330e+03 8.10187e-14 +0.00000e+00
 1.73020e-08 1.43486e+03 1.00978e-13 +0.00000e+00
 2.15443e-08 1.43654e+03 1.25841e-13 +0.00000e+00
 2.68270e-08 1.43836e+03 1.56761e-13 +0.00000e+00
 3.34048e-08 1.44033e+03 1.95265e-13 +0.00000e+00
 4.15956e-08 1.44247e+03 2.43107e-13 +0.00000e+00
 5.17947e-08 1.44480e+03 3.02688e-13 +0.00000e+00
 6.44947e-08 1.44734e+03 3.76645e-13 +0.00000e+00
 8.03086e-08 1.45011e+03 4.68713e-13 +0.00000e+00
 1.00000e-07 1.45313e+03 5.82934e-13 +0.00000e+00
 1.24520e-07 1.45642e+03 7.25003e-13 +0.00000e+00
 1.55052e-07 1.46000e+03 9.01233e-13 +0.00000e+00
 1.93070e-07 1.46389e+03 1.12022e-12 +0.00000e+00
 2.40410e-07 1.46812e+03 1.39177e-12 +0.00000e+00
 2.99358e-07 1.47270e+03 1.72892e-12 +0.00000e+00
 3.72759e-07 1.47766e+03 2.14682e-12 +0.00000e+00
 4.64159e-07 1.48302e+03 2.66510e-12 +0.00000e+00
 5.77969e-07 1.48880e+03 3.30729e-12 +0.00000e+00
 7.19686e-07 1.49504e+03 4.10297e-12 +0.00000e+00
 8.96151e-07 1.50176e+03 5.08827e-12 +0.00000e+00
 1.11588e-06 1.50898e+03 6.30782e-12 +0.00000e+00
 1.38950e-06 1.51673e+03 7.81698e-12 +0.00000e+00
 1.73020e-06 1.52506e+03 9.68287e-12 +0.00000e+00
 2.15443e-06 1.53374e+03 1.19925e-11 +0.00000e+00
 2.68270e-06 1.54319e+03 1.48436e-11 +0.00000e+00
 3.34048e-06 1.55359e+03 1.83620e-11 +0.00000e+00
 4.15956e-06 1.56475e+03 2.27002e-11 +0.00000e+00
 5.17947e-06 1.57664e+03 2.80541e-11 +0.00000e+00
 6.44947e-06 1.58945e+03 3.46436e-11 +0.00000e+00
 8.03086e-06 1.60309e+03 4.27657e-11 +0.00000e+00
 1.00000e-05 1.61759e+03 5.27523e-11 +0.00000e+00
 1.24520e-05 1.63302e+03 6.50448e-11 +0.00000e+00
 1.55052e-05 1.64924e+03 8.01487e-11 +0.00000e+00
 1.93070e-05 1.66626e+03 9.87287e-11 +0.00000e+00
 2.40410e-05 1.68408e+03 1.21537e-10 +0.00000e+00
 2.99358e-05 1.70265e+03 1.49570e-10 +0.00000e+00
 3.72759e-05 1.72193e+03 1.83971e-10 +0.00000e+00
 4.64159e-05 1.74189e+03 2.26217e-10 +0.00000e+00
 5.77969e-05 1.76272e+03 2.77994e-10 +0.00000e+00
 7.19686e-05 1.78390e+03 3.41594e-10 +0.00000e+00
 8.96151e-05 1.80562e+03 4.19611e-10 +0.00000e+00
 1.11588e-04 1.82788e+03 5.15307e-10 +0.00000e+00
 1.38950e-04 1.85068e+03 6.32645e-10 +0.00000e+00
 1.73020e-04 1.87402e+03 7.76409e-10 +0.00000e+00
 2.15443e-04 1.89793e+03 9.52646e-10 +0.00000e+00
 2.68270e-04 1.92244e+03 1.16821e-09 +0.00000e+00
 3.34048e-04 1.94760e+03 1.43223e-09 +0.00000e+00
 4.15956e-04 1.97346e+03 1.75444e-09 +0.00000e+00
 5.17947e-04 2.00009e+03 2.14868e-09 +0.00000e+00
 6.44947e-04 2.02755e+03 2.62822e-09 +0.00000e+00
 8.03086e-04 2.05589e+03 3.21400e-09 +0.00000e+00
 1.00000e-03 2.08516e+03 3.92347e-09 +0.00000e+00
 1.24520e-03 2.11529e+03 4.78819e-09 -2.54516e-07
 1.55052e-03 2.14597e+03 5.83291e-09 -3.16923e-07
 1.93070e-03 2.17725e+03 7.10263e-09 -3.94631e-07
 2.40410e-03 2.20880e+03 8.63231e-09 +5.51764e-02
 2.99358e-03 2.24117e+03 1.04773e-08 +1.19837e-01
 3.72759e-03 2.27377e+03 1.26870e-08 +1.07036e-01
 4.64159e-03 2.30632e+03 1.53386e-08 +9.09967e-02
 5.77969e-03 2.33903e+03 1.84931e-08 +8.19618e-02
 7.19686e-03 2.37160e+03 2.22305e-08 +7.38735e-02
 8.96151e-03 2.40421e+03 2.66404e-08 +5.91337e-02
 1.11588e-02 2.43658e+03 3.17755e-08 +5.69064e-02
 1.38950e-02 2.46874e+03 3.77780e-08 +4.28355e-02
 1.73020e-02 2.50066e+03 4.46418e-08 +4.28587e-02
 2.15443e-02 2.53211e+03 5.25355e-08 +3.64504e-02
 2.68270e-02 2.56331e+03 6.15049e-08 +3.11590e-02
 3.34048e-02 2.59400e+03 7.15919e-08 +2.87020e-02
 4.15956e-02 2.62427e+03 8.29873e-08 +2.42705e-02
 5.17947e-02 2.65429e+03 9.56473e-08 +2.34011e-02
 6.44947e-02 2.68409e+03 1.09684e-07 +1.93523e-02
 8.03086e-02 2.71378e+03 1.25303e-07 +1.77221e-02
 1.00000e-01 2.74340e+03 1.42405e-07 +1.60944e-02
 1.24520e-01 2.77308e+03 1.61122e-07 +1.49865e-02
 1.55052e-01 2.80282e+03 1.81741e-07 +1.42623e-02
 1.93070e-01 2.83256e+03 2.04289e-07 +1.37852e-02
 2.40410e-01 2.86238e+03 2.28662e-07 +1.42482e-02
 2.99358e-01 2.89294e+03 2.55249e-07 +5.73258e-03
 3.72759e-01 2.92775e+03 2.83010e-07 +1.29755e-02
 4.64159e-01 2.96165e+03 3.12757e-07 +1.58690e-02
 5.77969e-01 2.99454e+03 3.45113e-07 +1.81904e-02
 7.19686e-01 3.02688e+03 3.80578e-07 +2.09692e-02
 8.96151e-01 3.05901e+03 4.19445e-07 +2.44448e-02
 1.11588e+00 3.09112e+03 4.61262e-07 +2.87119e-02
 1.38950e+00 3.12338e+03 5.06651e-07 +3.40296e-02
 1.73020e+00 3.15582e+03 5.56252e-07 +4.06645e-02
 2.15443e+00 3.18848e+03 6.10427e-07 +4.89734e-02
 2.68270e+00 3.22140e+03 6.68719e-07 +5.94075e-02
 3.34048e+00 3.25461e+03 7.31538e-07 +6.69682e-02
 4.15956e+00 3.28786e+03 8.00127e-07 +6.91239e-02
 5.17947e+00 3.32121e+03 8.75007e-07 +7.08821e-02
 6.44947e+00 3.35475e+03 9.56156e-07 +7.23234e-02
 8.03086e+00 3.38858e+03 1.04296e-06 +7.35149e-02
 1.00000e+01 3.42271e+03 1.13734e-06 +7.45126e-02
 1.24520e+01 3.45713e+03 1.24001e-06 +7.53507e-02
 1.55052e+01 3.49178e+03 1.35175e-06 +7.60535e-02
 1.93070e+01 3.52668e+03 1.47120e-06 +7.66368e-02
 2.40410e+01 3.56184e+03 1.60060e-06 +7.71202e-02
 2.99358e+01 3.59732e+03 1.74141e-06 +7.75227e-02
 3.72759e+01 3.63314e+03 1.89460e-06 +7.78555e-02
 4.64159e+01 3.66941e+03 2.06052e-06 +7.81295e-02
 5.77969e+01 3.70624e+03 2.23785e-06 +7.83551e-02
 7.19686e+01 3.74374e+03 2.43037e-06 +7.85433e-02
 8.96151e+01 3.78196e+03 2.63927e-06 +7.87015e-02
 1.11588e+02 3.82089e+03 2.86586e-06 +7.88359e-02
 1.38950e+02 3.86048e+03 3.10940e-06 +7.89491e-02
 1.73020e+02 3.90078e+03 3.37167e-06 +7.90443e-02
 2.15443e+02 3.94182e+03 3.65678e-06 +7.91239e-02
 2.68270e+02 3.98367e+03 3.96655e-06 +7.91903e-02
 3.34048e+02 4.02646e+03 4.30274e-06 +7.92454e-02
 4.15956e+02 4.07033e+03 4.66308e-06 +7.92911e-02
 5.17947e+02 4.11548e+03 5.05268e-06 +7.93296e-02
 6.44947e+02 4.16199e+03 5.47516e-06 +7.93622e-02
 8.03086e+02 4.20992e+03 5.93302e-06 +7.93900e-02
 1.00000e+03 4.25925e+03 6.42896e-06 +7.94142e-02
