#n1=128 n2=4 Teff=02600 R=2.8948e+10 L=2.7330e+31 logg=+4.50
#   tau          T          rho         Fconv
 0.00000e+00 1.32675e+03 1.14113e-20 +0.00000e+00
 1.00000e-09 1.32675e+03 2.15673e-12 +0.00000e+00
 1.24520e-09 1.32149e+03 2.69685e-12 +0.00000e+00
 1.55052e-09 1.31998e+03 3.36229e-12 +0.00000e+00
 1.93070e-09 1.31952e+03 4.18839e-12 +0.00000e+00
 2.40410e-09 1.32296e+03 5.20170e-12 +0.00000e+00
 2.99358e-09 1.32535e+03 6.46550e-12 +0.00000e+00
 3.72759e-09 1.32835e+03 8.03277e-12 +0.00000e+00
 4.64159e-09 1.33179e+03 9.97662e-12 +0.00000e+00
 5.77969e-09 1.33282e+03 1.24141e-11 +0.00000e+00
 7.19686e-09 1.33274e+03 1.54600e-11 +0.00000e+00
 8.96151e-09 1.33363e+03 1.92391e-11 +0.00000e+00
 1.11588e-08 1.33523e+03 2.39286e-11 +0.00000e+00
 1.38950e-08 1.33826e+03 2.97294e-11 +0.00000e+00
 1.73020e-08 1.34177e+03 3.69231e-11 +0.00000e+00
 2.15443e-08 1.34529e+03 4.58578e-11 +0.00000e+00
 2.68270e-08 1.35039e+03 5.68871e-11 +0.00000e+00
 3.34048e-08 1.35657e+03 7.05137e-11 +0.00000e+00
 4.15956e-08 1.36220e+03 8.74423e-11 +0.00000e+00
 5.17947e-08 1.37037e+03 1.08234e-10 +0.00000e+00
 6.44947e-08 1.37717e+03 1.34110e-10 +0.00000e+00
 8.03086e-08 1.38714e+03 1.65791e-10 +0.00000e+00
 1.00000e-07 1.39788e+03 2.04855e-10 +0.00000e+00
 1.24520e-07 1.41006e+03 2.52875e-10 +0.00000e+00
 1.55052e-07 1.43180e+03 3.10061e-10 +0.00000e+00
 1.93070e-07 1.45101e+03 3.80934e-10 +0.00000e+00
 2.40410e-07 1.46360e+03 4.70248e-10 +0.00000e+00
 2.99358e-07 1.48216e+03 5.78155e-10 +0.00000e+00
 3.72759e-07 1.50488e+03 7.08918e-10 +0.00000e+00
 4.64159e-07 1.53149e+03 8.67156e-10 +0.00000e+00
 5.77969e-07 1.55396e+03 1.06391e-09 +0.00000e+00
 7.19686e-07 1.57302e+03 1.30846e-09 +0.00000e+00
 8.96151e-07 1.58857e+03 1.61313e-09 +0.00000e+00
 1.11588e-06 1.60274e+03 1.99065e-09 +0.00000e+00
 1.38950e-06 1.61606e+03 2.45804e-09 +0.00000e+00
 1.73020e-06 1.62931e+03 3.03544e-09 +0.00000e+00
 2.15443e-06 1.64255e+03 3.74864e-09 +0.00000e+00
 2.68270e-06 1.65572e+03 4.62978e-09 +0.00000e+00
 3.34048e-06 1.66770e+03 5.72246e-09 +0.00000e+00
 4.15956e-06 1.68109e+03 7.06691e-09 +0.00000e+00
 5.17947e-06 1.69502e+03 8.72431e-09 +0.00000e+00
 6.44947e-06 1.70898e+03 1.07704e-08 +0.00000e+00
 8.03086e-06 1.72571e+03 1.32732e-08 +0.00000e+00
 1.00000e-05 1.74199e+03 1.63618e-08 +0.00000e+00
 1.24520e-05 1.76243e+03 2.01161e-08 +0.00000e+00
 1.55052e-05 1.78253e+03 2.47340e-08 +0.00000e+00
 1.93070e-05 1.80245e+03 3.04070e-08 +0.00000e+00
 2.40410e-05 1.82188e+03 3.73823e-08 +0.00000e+00
 2.99358e-05 1.84115e+03 4.59424e-08 +0.00000e+00
 3.72759e-05 1.85917e+03 5.64796e-08 +0.00000e+00
 4.64159e-05 1.87790e+03 6.93630e-08 +0.00000e+00
 5.77969e-05 1.89677e+03 8.51166e-08 +0.00000e+00
 7.19686e-05 1.91443e+03 1.04430e-07 +0.00000e+00
 8.96151e-05 1.93248e+03 1.27966e-07 +0.00000e+00
 1.11588e-04 1.94861e+03 1.56808e-07 +0.00000e+00
 1.38950e-04 1.96482e+03 1.91917e-07 +0.00000e+00
 1.73020e-04 1.98203e+03 2.34420e-07 +0.00000e+00
 2.15443e-04 2.00056e+03 2.85564e-07 +0.00000e+00
 2.68270e-04 2.01835e+03 3.47269e-07 +0.00000e+00
 3.34048e-04 2.03970e+03 4.20244e-07 +0.00000e+00
 4.15956e-04 2.06466e+03 5.05385e-07 +0.00000e+00
 5.17947e-04 2.09114e+03 6.03834e-07 +0.00000e+00
 6.44947e-04 2.11867e+03 7.16322e-07 +0.00000e+00
 8.03086e-04 2.14799e+03 8.42461e-07 +0.00000e+00
 1.00000e-03 2.17910e+03 9.81031e-07 +0.00000e+00
 1.24520e-03 2.21176e+03 1.13027e-06 -2.54148e-07
 1.55052e-03 2.24584e+03 1.28745e-06 -3.16465e-07
 1.93070e-03 2.27975e+03 1.45113e-06 -3.94062e-07
 2.40410e-03 2.31257e+03 1.62112e-06 -4.90685e-07
 2.99358e-03 2.34465e+03 1.79686e-06 -6.10997e-07
 3.72759e-03 2.37679e+03 1.97668e-06 -7.60813e-07
 4.64159e-03 2.40871e+03 2.16016e-06 -9.47363e-07
 5.77969e-03 2.44065e+03 2.34671e-06 -1.17965e-06
 7.19686e-03 2.47242e+03 2.53617e-06 +7.54663e-02
 8.96151e-03 2.50268e+03 2.73149e-06 +8.99292e-02
 1.11588e-02 2.53161e+03 2.93415e-06 +6.99880e-02
 1.38950e-02 2.55957e+03 3.14626e-06 +5.62795e-02
 1.73020e-02 2.58678e+03 3.36959e-06 +4.65490e-02
 2.15443e-02 2.61346e+03 3.60584e-06 +3.94027e-02
 2.68270e-02 2.63976e+03 3.85674e-06 +3.40184e-02
 3.34048e-02 2.66581e+03 4.12374e-06 +2.98599e-02
 4.15956e-02 2.69170e+03 4.40770e-06 +2.66747e-02
 5.17947e-02 2.71753e+03 4.71135e-06 +2.41770e-02
 6.44947e-02 2.74335e+03 5.03672e-06 +2.22131e-02
 8.03086e-02 2.76923e+03 5.38600e-06 +2.06833e-02
 1.00000e-01 2.79521e+03 5.76161e-06 +1.95312e-02
 1.24520e-01 2.82136e+03 6.16505e-06 +1.87727e-02
 1.55052e-01 2.84771e+03 6.59774e-06 +1.89246e-02
 1.93070e-01 2.87464e+03 7.06266e-06 +1.60406e-02
 2.40410e-01 2.90217e+03 7.56126e-06 +1.79313e-02
 2.99358e-01 2.92977e+03 8.09910e-06 +1.85206e-02
 3.72759e-01 2.95749e+03 8.68041e-06 +1.94045e-02
 4.64159e-01 2.98542e+03 9.30602e-06 +2.06745e-02
 5.77969e-01 3.01362e+03 9.98145e-06 +2.24047e-02
 7.19686e-01 3.04214e+03 1.07131e-05 +2.46744e-02
 8.96151e-01 3.07102e+03 1.15067e-05 +2.75906e-02
 1.11588e+00 3.10028e+03 1.23681e-05 +3.12905e-02
 1.38950e+00 3.12995e+03 1.33022e-05 +3.59535e-02
 1.73020e+00 3.16008e+03 1.43081e-05 +4.18051e-02
 2.15443e+00 3.19070e+03 1.54006e-05 +4.91791e-02
 2.68270e+00 3.22183e+03 1.65878e-05 +5.84978e-02
 3.34048e+00 3.25349e+03 1.78785e-05 +6.54287e-02
 4.15956e+00 3.28562e+03 1.92837e-05 +6.76808e-02
 5.17947e+00 3.31825e+03 2.07974e-05 +6.95599e-02
 6.44947e+00 3.35138e+03 2.24432e-05 +7.11366e-02
 8.03086e+00 3.38504e+03 2.42366e-05 +7.24605e-02
 1.00000e+01 3.41923e+03 2.61923e-05 +7.35718e-02
 1.24520e+01 3.45396e+03 2.83269e-05 +7.45046e-02
 1.55052e+01 3.48927e+03 3.06305e-05 +7.52841e-02
 1.93070e+01 3.52519e+03 3.31364e-05 +7.59387e-02
 2.40410e+01 3.56173e+03 3.58710e-05 +7.64893e-02
 2.99358e+01 3.59891e+03 3.88569e-05 +7.69524e-02
 3.72759e+01 3.63675e+03 4.21191e-05 +7.73424e-02
 4.64159e+01 3.67528e+03 4.56325e-05 +7.76687e-02
 5.77969e+01 3.71453e+03 4.94598e-05 +7.79442e-02
 7.19686e+01 3.75452e+03 5.36389e-05 +7.81766e-02
 8.96151e+01 3.79525e+03 5.82043e-05 +7.83727e-02
 1.11588e+02 3.83673e+03 6.31878e-05 +7.85380e-02
 1.38950e+02 3.87901e+03 6.85397e-05 +7.86771e-02
 1.73020e+02 3.92211e+03 7.43794e-05 +7.87946e-02
 2.15443e+02 3.96604e+03 8.07534e-05 +7.88940e-02
 2.68270e+02 4.01079e+03 8.77143e-05 +7.89780e-02
 3.34048e+02 4.05636e+03 9.52663e-05 +7.90493e-02
 4.15956e+02 4.10279e+03 1.03398e-04 +7.91094e-02
 5.17947e+02 4.15009e+03 1.12264e-04 +7.91603e-02
 6.44947e+02 4.19830e+03 1.21931e-04 +7.92030e-02
 8.03086e+02 4.24743e+03 1.32472e-04 +7.92392e-02
 1.00000e+03 4.29753e+03 1.43802e-04 +7.92697e-02
