#n1=128 n2=4 Teff=02800 R=1.2519e+13 L=6.8589e+36 logg=+0.00
#   tau          T          rho         Fconv
 0.00000e+00 1.26683e+03 1.23006e-20 +0.00000e+00
 1.00000e-09 1.26683e+03 5.10176e-17 +0.00000e+00
 1.24520e-09 1.26995e+03 6.34641e-17 +0.00000e+00
 1.55052e-09 1.27325e+03 7.90466e-17 +0.00000e+00
 1.93070e-09 1.27645e+03 9.84296e-17 +0.00000e+00
 2.40410e-09 1.27997e+03 1.22661e-16 +0.00000e+00
 2.99358e-09 1.28336e+03 1.52783e-16 +0.00000e+00
 3.72759e-09 1.28711e+03 1.90411e-16 +0.00000e+00
 4.64159e-09 1.29078e+03 2.37173e-16 +0.00000e+00
 5.77969e-09 1.29470e+03 2.95590e-16 +0.00000e+00
 7.19686e-09 1.29886e+03 3.67995e-16 +0.00000e+00
 8.96151e-09 1.30314e+03 4.58331e-16 +0.00000e+00
 1.11588e-08 1.30763e+03 5.70535e-16 +0.00000e+00
 1.38950e-08 1.31235e+03 7.10158e-16 +0.00000e+00
 1.73020e-08 1.31732e+03 8.83499e-16 +0.00000e+00
 2.15443e-08 1.32238e+03 1.09912e-15 +0.00000e+00
 2.68270e-08 1.32794e+03 1.36644e-15 +0.00000e+00
 3.34048e-08 1.33357e+03 1.69856e-15 +0.00000e+00
 4.15956e-08 1.33965e+03 2.11063e-15 +0.00000e+00
 5.17947e-08 1.34575e+03 2.62209e-15 +0.00000e+00
 6.44947e-08 1.35240e+03 3.25636e-15 +0.00000e+00
 8.03086e-08 1.35901e+03 4.04290e-15 +0.00000e+00
 1.00000e-07 1.36618e+03 5.01876e-15 +0.00000e+00
 1.24520e-07 1.37323e+03 6.22819e-15 +0.00000e+00
 1.55052e-07 1.38083e+03 7.72938e-15 +0.00000e+00
 1.93070e-07 1.38829e+03 9.58763e-15 +0.00000e+00
 2.40410e-07 1.39622e+03 1.18963e-14 +0.00000e+00
 2.99358e-07 1.40400e+03 1.47545e-14 +0.00000e+00
 3.72759e-07 1.41211e+03 1.83084e-14 +0.00000e+00
 4.64159e-07 1.41915e+03 2.27452e-14 +0.00000e+00
 5.77969e-07 1.42750e+03 2.82143e-14 +0.00000e+00
 7.19686e-07 1.43761e+03 3.48870e-14 +0.00000e+00
 8.96151e-07 1.44301e+03 4.35040e-14 +0.00000e+00
 1.11588e-06 1.45425e+03 5.37082e-14 +0.00000e+00
 1.38950e-06 1.47241e+03 6.55996e-14 +0.00000e+00
 1.73020e-06 1.49318e+03 7.97446e-14 +0.00000e+00
 2.15443e-06 1.51447e+03 9.68778e-14 +0.00000e+00
 2.68270e-06 1.53629e+03 1.17542e-13 +0.00000e+00
 3.34048e-06 1.55880e+03 1.42450e-13 +0.00000e+00
 4.15956e-06 1.58172e+03 1.72471e-13 +0.00000e+00
 5.17947e-06 1.60500e+03 2.08735e-13 +0.00000e+00
 6.44947e-06 1.62851e+03 2.52573e-13 +0.00000e+00
 8.03086e-06 1.65231e+03 3.05607e-13 +0.00000e+00
 1.00000e-05 1.67631e+03 3.69880e-13 +0.00000e+00
 1.24520e-05 1.70029e+03 4.48186e-13 +0.00000e+00
 1.55052e-05 1.72466e+03 5.43250e-13 +0.00000e+00
 1.93070e-05 1.74918e+03 6.59236e-13 +0.00000e+00
 2.40410e-05 1.77384e+03 8.00955e-13 +0.00000e+00
 2.99358e-05 1.79862e+03 9.74641e-13 +0.00000e+00
 3.72759e-05 1.82350e+03 1.18749e-12 +0.00000e+00
 4.64159e-05 1.84840e+03 1.44944e-12 +0.00000e+00
 5.77969e-05 1.87327e+03 1.77143e-12 +0.00000e+00
 7.19686e-05 1.89826e+03 2.16790e-12 +0.00000e+00
 8.96151e-05 1.92324e+03 2.65529e-12 +0.00000e+00
 1.11588e-04 1.94844e+03 3.25470e-12 +0.00000e+00
 1.38950e-04 1.97393e+03 3.98928e-12 +0.00000e+00
 1.73020e-04 1.99973e+03 4.89122e-12 +0.00000e+00
 2.15443e-04 2.02585e+03 5.99491e-12 +0.00000e+00
 2.68270e-04 2.05235e+03 7.34632e-12 +0.00000e+00
 3.34048e-04 2.07922e+03 8.99564e-12 +0.00000e+00
 4.15956e-04 2.10644e+03 1.10084e-11 +0.00000e+00
 5.17947e-04 2.13420e+03 1.34536e-11 +0.00000e+00
 6.44947e-04 2.16244e+03 1.64200e-11 +0.00000e+00
 8.03086e-04 2.19112e+03 2.00078e-11 +0.00000e+00
 1.00000e-03 2.22022e+03 2.43318e-11 +0.00000e+00
 1.24520e-03 2.24895e+03 2.95498e-11 -2.54750e-07
 1.55052e-03 2.27041e+03 3.60318e-11 -3.17213e-07
 1.93070e-03 2.29167e+03 4.38160e-11 -3.94994e-07
 2.40410e-03 2.31340e+03 5.30731e-11 -4.91844e-07
 2.99358e-03 2.33574e+03 6.40469e-11 -6.12443e-07
 3.72759e-03 2.35877e+03 7.69570e-11 -7.62612e-07
 4.64159e-03 2.38251e+03 9.20862e-11 -9.49604e-07
 5.77969e-03 2.40681e+03 1.09722e-10 -1.18244e-06
 7.19686e-03 2.43177e+03 1.30153e-10 -1.47238e-06
 8.96151e-03 2.45750e+03 1.53720e-10 -1.83340e-06
 1.11588e-02 2.48384e+03 1.80749e-10 -2.28294e-06
 1.38950e-02 2.51080e+03 2.11653e-10 -2.84271e-06
 1.73020e-02 2.53849e+03 2.46815e-10 -3.53973e-06
 2.15443e-02 2.56691e+03 2.86636e-10 -4.40767e-06
 2.68270e-02 2.59588e+03 3.31696e-10 -5.48841e-06
 3.34048e-02 2.62548e+03 3.82492e-10 -6.83416e-06
 4.15956e-02 2.65579e+03 4.39590e-10 -8.50988e-06
 5.17947e-02 2.68679e+03 5.03711e-10 -1.05965e-05
 6.44947e-02 2.71845e+03 5.75569e-10 -1.31947e-05
 8.03086e-02 2.75094e+03 6.55911e-10 -1.64300e-05
 1.00000e-01 2.78534e+03 7.45276e-10 -2.04586e-05
 1.24520e-01 2.82175e+03 8.44379e-10 -2.54750e-05
 1.55052e-01 2.85702e+03 9.55467e-10 -3.17213e-05
 1.93070e-01 2.89157e+03 1.07982e-09 -3.94994e-05
 2.40410e-01 2.92675e+03 1.21827e-09 -4.91844e-05
 2.99358e-01 2.99390e+03 1.35321e-09 -6.12443e-05
 3.72759e-01 3.03571e+03 1.51508e-09 -7.62612e-05
 4.64159e-01 3.07930e+03 1.69211e-09 -9.49604e-05
 5.77969e-01 3.12526e+03 1.88432e-09 -1.18244e-04
 7.19686e-01 3.17465e+03 2.09079e-09 -1.47238e-04
 8.96151e-01 3.22796e+03 2.30998e-09 -1.83340e-04
 1.11588e+00 3.28355e+03 2.54229e-09 -2.28294e-04
 1.38950e+00 3.35854e+03 2.76765e-09 -2.84271e-04
 1.73020e+00 3.44223e+03 2.98702e-09 -3.53973e-04
 2.15443e+00 3.53635e+03 3.19344e-09 -4.40767e-04
 2.68270e+00 3.64686e+03 3.37613e-09 -5.48841e-04
 3.34048e+00 3.78053e+03 3.52452e-09 -6.13747e-04
 4.15956e+00 3.94313e+03 3.63377e-09 -6.13681e-04
 5.17947e+00 4.12833e+03 3.72004e-09 -6.13531e-04
 6.44947e+00 4.36080e+03 3.77771e-09 -6.13563e-04
 8.03086e+00 4.61203e+03 3.85880e-09 -6.13718e-04
 1.00000e+01 4.89280e+03 3.98420e-09 -6.13755e-04
 1.24520e+01 5.19971e+03 4.16058e-09 -6.13758e-04
 1.55052e+01 5.55421e+03 4.29063e-09 -6.13689e-04
 1.93070e+01 5.88211e+03 4.35981e-09 -6.04179e-04
 2.40410e+01 6.40081e+03 4.17039e-09 +1.33220e-03
 2.99358e+01 6.62915e+03 4.14060e-09 +1.00362e-02
 3.72759e+01 6.84182e+03 4.10452e-09 +2.57064e-02
 4.64159e+01 7.02377e+03 4.07770e-09 +3.99904e-02
 5.77969e+01 7.17882e+03 4.06219e-09 +5.03177e-02
 7.19686e+01 7.31450e+03 4.05620e-09 +5.75086e-02
 8.96151e+01 7.43666e+03 4.05800e-09 +6.25987e-02
 1.11588e+02 7.54931e+03 4.06645e-09 +6.63011e-02
 1.38950e+02 7.65514e+03 4.08087e-09 +6.90608e-02
 1.73020e+02 7.75602e+03 4.10093e-09 +7.11627e-02
 2.15443e+02 7.85327e+03 4.12651e-09 +7.27922e-02
 2.68270e+02 7.94784e+03 4.15762e-09 +7.40740e-02
 3.34048e+02 8.04044e+03 4.19443e-09 +7.50925e-02
 4.15956e+02 8.13161e+03 4.23717e-09 +7.59103e-02
 5.17947e+02 8.22176e+03 4.28619e-09 +7.65704e-02
 6.44947e+02 8.31124e+03 4.34185e-09 +7.71071e-02
 8.03086e+02 8.40030e+03 4.40468e-09 +7.75439e-02
 1.00000e+03 8.48923e+03 4.47525e-09 +7.79013e-02
