#n1=128 n2=4 Teff=02800 R=5.6466e+09 L=1.3950e+30 logg=+6.00
#   tau          T          rho         Fconv
 0.00000e+00 1.53628e+03 9.85201e-21 +0.00000e+00
 1.00000e-09 1.53628e+03 5.88969e-11 +0.00000e+00
 1.24520e-09 1.54173e+03 7.30716e-11 +0.00000e+00
 1.55052e-09 1.54660e+03 9.06948e-11 +0.00000e+00
 1.93070e-09 1.55012e+03 1.12689e-10 +0.00000e+00
 2.40410e-09 1.55754e+03 1.39628e-10 +0.00000e+00
 2.99358e-09 1.56146e+03 1.73449e-10 +0.00000e+00
 3.72759e-09 1.56797e+03 2.15070e-10 +0.00000e+00
 4.64159e-09 1.57296e+03 2.66976e-10 +0.00000e+00
 5.77969e-09 1.58036e+03 3.30860e-10 +0.00000e+00
 7.19686e-09 1.58547e+03 4.10694e-10 +0.00000e+00
 8.96151e-09 1.59118e+03 5.09579e-10 +0.00000e+00
 1.11588e-08 1.59542e+03 6.32914e-10 +0.00000e+00
 1.38950e-08 1.60142e+03 7.85170e-10 +0.00000e+00
 1.73020e-08 1.60654e+03 9.74633e-10 +0.00000e+00
 2.15443e-08 1.61174e+03 1.20976e-09 +0.00000e+00
 2.68270e-08 1.61699e+03 1.50155e-09 +0.00000e+00
 3.34048e-08 1.62246e+03 1.86348e-09 +0.00000e+00
 4.15956e-08 1.62800e+03 2.31251e-09 +0.00000e+00
 5.17947e-08 1.63386e+03 2.86922e-09 +0.00000e+00
 6.44947e-08 1.63973e+03 3.55985e-09 +0.00000e+00
 8.03086e-08 1.64614e+03 4.41533e-09 +0.00000e+00
 1.00000e-07 1.65256e+03 5.47622e-09 +0.00000e+00
 1.24520e-07 1.65942e+03 6.79031e-09 +0.00000e+00
 1.55052e-07 1.66626e+03 8.41960e-09 +0.00000e+00
 1.93070e-07 1.67320e+03 1.04394e-08 +0.00000e+00
 2.40410e-07 1.67963e+03 1.29475e-08 +0.00000e+00
 2.99358e-07 1.68773e+03 1.60420e-08 +0.00000e+00
 3.72759e-07 1.69556e+03 1.98787e-08 +0.00000e+00
 4.64159e-07 1.70220e+03 2.46509e-08 +0.00000e+00
 5.77969e-07 1.71102e+03 3.05274e-08 +0.00000e+00
 7.19686e-07 1.71861e+03 3.78326e-08 +0.00000e+00
 8.96151e-07 1.72840e+03 4.68217e-08 +0.00000e+00
 1.11588e-06 1.73355e+03 5.81063e-08 +0.00000e+00
 1.38950e-06 1.74412e+03 7.18753e-08 +0.00000e+00
 1.73020e-06 1.74804e+03 8.92545e-08 +0.00000e+00
 2.15443e-06 1.76403e+03 1.10043e-07 +0.00000e+00
 2.68270e-06 1.77080e+03 1.36392e-07 +0.00000e+00
 3.34048e-06 1.78865e+03 1.67943e-07 +0.00000e+00
 4.15956e-06 1.80657e+03 2.06715e-07 +0.00000e+00
 5.17947e-06 1.82536e+03 2.54205e-07 +0.00000e+00
 6.44947e-06 1.84442e+03 3.12383e-07 +0.00000e+00
 8.03086e-06 1.86355e+03 3.83604e-07 +0.00000e+00
 1.00000e-05 1.88279e+03 4.70625e-07 +0.00000e+00
 1.24520e-05 1.90219e+03 5.76742e-07 +0.00000e+00
 1.55052e-05 1.92175e+03 7.05798e-07 +0.00000e+00
 1.93070e-05 1.94148e+03 8.62308e-07 +0.00000e+00
 2.40410e-05 1.96139e+03 1.05140e-06 +0.00000e+00
 2.99358e-05 1.98152e+03 1.27889e-06 +0.00000e+00
 3.72759e-05 2.00189e+03 1.55115e-06 +0.00000e+00
 4.64159e-05 2.02252e+03 1.87505e-06 +0.00000e+00
 5.77969e-05 2.04346e+03 2.25779e-06 +0.00000e+00
 7.19686e-05 2.06470e+03 2.70644e-06 +0.00000e+00
 8.96151e-05 2.08628e+03 3.22795e-06 +0.00000e+00
 1.11588e-04 2.10820e+03 3.82830e-06 +0.00000e+00
 1.38950e-04 2.13047e+03 4.51252e-06 +0.00000e+00
 1.73020e-04 2.15313e+03 5.28422e-06 +0.00000e+00
 2.15443e-04 2.17617e+03 6.14487e-06 +0.00000e+00
 2.68270e-04 2.19963e+03 7.09467e-06 +0.00000e+00
 3.34048e-04 2.22354e+03 8.13178e-06 +0.00000e+00
 4.15956e-04 2.24793e+03 9.25204e-06 +0.00000e+00
 5.17947e-04 2.27287e+03 1.04507e-05 +0.00000e+00
 6.44947e-04 2.29835e+03 1.17219e-05 +0.00000e+00
 8.03086e-04 2.32433e+03 1.30591e-05 +0.00000e+00
 1.00000e-03 2.35074e+03 1.44572e-05 +0.00000e+00
 1.24520e-03 2.37738e+03 1.59138e-05 -2.54817e-07
 1.55052e-03 2.40322e+03 1.74414e-05 -3.17297e-07
 1.93070e-03 2.42895e+03 1.90418e-05 -3.95098e-07
 2.40410e-03 2.45476e+03 2.07170e-05 -4.91974e-07
 2.99358e-03 2.48078e+03 2.24695e-05 -6.12605e-07
 3.72759e-03 2.50715e+03 2.43010e-05 -7.62813e-07
 4.64159e-03 2.53401e+03 2.62115e-05 -9.49855e-07
 5.77969e-03 2.56148e+03 2.81989e-05 -1.18276e-06
 7.19686e-03 2.58971e+03 3.02579e-05 -1.47276e-06
 8.96151e-03 2.61884e+03 3.23842e-05 -1.83388e-06
 1.11588e-02 2.64904e+03 3.45699e-05 -2.28354e-06
 1.38950e-02 2.68051e+03 3.68041e-05 -2.84346e-06
 1.73020e-02 2.71344e+03 3.90698e-05 +1.63072e-02
 2.15443e-02 2.74587e+03 4.14009e-05 +3.22636e-02
 2.68270e-02 2.77749e+03 4.38233e-05 +2.56275e-02
 3.34048e-02 2.80859e+03 4.63589e-05 +2.10186e-02
 4.15956e-02 2.83935e+03 4.90263e-05 +1.78704e-02
 5.17947e-02 2.86993e+03 5.18434e-05 +1.57659e-02
 6.44947e-02 2.90045e+03 5.48284e-05 +1.43378e-02
 8.03086e-02 2.93100e+03 5.80003e-05 +1.33895e-02
 1.00000e-01 2.96164e+03 6.13687e-05 +1.29135e-02
 1.24520e-01 2.99244e+03 6.49551e-05 +1.27053e-02
 1.55052e-01 3.02346e+03 6.87831e-05 +1.30795e-02
 1.93070e-01 3.05487e+03 7.28706e-05 +1.32316e-02
 2.40410e-01 3.08654e+03 7.72458e-05 +1.39663e-02
 2.99358e-01 3.11851e+03 8.19369e-05 +1.48113e-02
 3.72759e-01 3.15083e+03 8.69696e-05 +1.60855e-02
 4.64159e-01 3.18352e+03 9.23518e-05 +1.77355e-02
 5.77969e-01 3.21661e+03 9.81335e-05 +1.98031e-02
 7.19686e-01 3.25016e+03 1.04351e-04 +2.23825e-02
 8.96151e-01 3.28417e+03 1.11046e-04 +2.55823e-02
 1.11588e+00 3.31869e+03 1.18260e-04 +2.95431e-02
 1.38950e+00 3.35375e+03 1.26041e-04 +3.44390e-02
 1.73020e+00 3.38935e+03 1.34383e-04 +4.05076e-02
 2.15443e+00 3.42553e+03 1.43377e-04 +4.80206e-02
 2.68270e+00 3.46232e+03 1.53084e-04 +5.73431e-02
 3.34048e+00 3.49972e+03 1.63571e-04 +6.42774e-02
 4.15956e+00 3.53776e+03 1.74910e-04 +6.66811e-02
 5.17947e+00 3.57646e+03 1.87171e-04 +6.87028e-02
 6.44947e+00 3.61582e+03 2.00340e-04 +7.04072e-02
 8.03086e+00 3.65588e+03 2.14585e-04 +7.18413e-02
 1.00000e+01 3.69665e+03 2.30004e-04 +7.30490e-02
 1.24520e+01 3.73817e+03 2.46710e-04 +7.40672e-02
 1.55052e+01 3.78047e+03 2.64823e-04 +7.49257e-02
 1.93070e+01 3.82356e+03 2.84351e-04 +7.56509e-02
 2.40410e+01 3.86746e+03 3.05420e-04 +7.62633e-02
 2.99358e+01 3.91220e+03 3.28257e-04 +7.67808e-02
 3.72759e+01 3.95780e+03 3.53025e-04 +7.72180e-02
 4.64159e+01 4.00429e+03 3.79901e-04 +7.75879e-02
 5.77969e+01 4.05168e+03 4.08980e-04 +7.79012e-02
 7.19686e+01 4.09999e+03 4.40254e-04 +7.81661e-02
 8.96151e+01 4.14926e+03 4.74164e-04 +7.83904e-02
 1.11588e+02 4.19951e+03 5.10950e-04 +7.85802e-02
 1.38950e+02 4.25078e+03 5.50868e-04 +7.87408e-02
 1.73020e+02 4.30309e+03 5.94098e-04 +7.88769e-02
 2.15443e+02 4.35647e+03 6.40414e-04 +7.89927e-02
 2.68270e+02 4.41093e+03 6.90564e-04 +7.90912e-02
 3.34048e+02 4.46649e+03 7.44883e-04 +7.91745e-02
 4.15956e+02 4.52315e+03 8.03729e-04 +7.92457e-02
 5.17947e+02 4.58094e+03 8.67350e-04 +7.93060e-02
 6.44947e+02 4.63979e+03 9.35185e-04 +7.93580e-02
 8.03086e+02 4.69967e+03 1.00834e-03 +7.94020e-02
 1.00000e+03 4.76059e+03 1.08724e-03 +7.94393e-02
