#n1=128 n2=4 Teff=02600 R=1.9277e+11 L=1.2100e+33 logg=+3.00
#   tau          T          rho         Fconv
 0.00000e+00 1.31027e+03 1.14392e-20 +0.00000e+00
 1.00000e-09 1.31027e+03 6.66951e-14 +0.00000e+00
 1.24520e-09 1.31190e+03 8.29732e-14 +0.00000e+00
 1.55052e-09 1.31429e+03 1.03143e-13 +0.00000e+00
 1.93070e-09 1.31635e+03 1.28273e-13 +0.00000e+00
 2.40410e-09 1.31814e+03 1.59553e-13 +0.00000e+00
 2.99358e-09 1.32012e+03 1.98439e-13 +0.00000e+00
 3.72759e-09 1.32192e+03 2.46830e-13 +0.00000e+00
 4.64159e-09 1.32385e+03 3.07001e-13 +0.00000e+00
 5.77969e-09 1.32570e+03 3.81852e-13 +0.00000e+00
 7.19686e-09 1.32703e+03 4.75164e-13 +0.00000e+00
 8.96151e-09 1.32885e+03 5.91024e-13 +0.00000e+00
 1.11588e-08 1.33082e+03 7.35041e-13 +0.00000e+00
 1.38950e-08 1.33288e+03 9.14089e-13 +0.00000e+00
 1.73020e-08 1.33500e+03 1.13668e-12 +0.00000e+00
 2.15443e-08 1.33742e+03 1.41314e-12 +0.00000e+00
 2.68270e-08 1.33961e+03 1.75716e-12 +0.00000e+00
 3.34048e-08 1.34310e+03 2.18269e-12 +0.00000e+00
 4.15956e-08 1.34594e+03 2.71266e-12 +0.00000e+00
 5.17947e-08 1.34921e+03 3.37025e-12 +0.00000e+00
 6.44947e-08 1.35256e+03 4.18692e-12 +0.00000e+00
 8.03086e-08 1.35646e+03 5.19944e-12 +0.00000e+00
 1.00000e-07 1.36040e+03 6.45653e-12 +0.00000e+00
 1.24520e-07 1.36507e+03 8.01335e-12 +0.00000e+00
 1.55052e-07 1.36982e+03 9.94487e-12 +0.00000e+00
 1.93070e-07 1.37557e+03 1.23332e-11 +0.00000e+00
 2.40410e-07 1.38247e+03 1.52818e-11 +0.00000e+00
 2.99358e-07 1.38983e+03 1.89299e-11 +0.00000e+00
 3.72759e-07 1.39700e+03 2.34529e-11 +0.00000e+00
 4.64159e-07 1.40509e+03 2.90379e-11 +0.00000e+00
 5.77969e-07 1.41341e+03 3.59480e-11 +0.00000e+00
 7.19686e-07 1.42222e+03 4.44886e-11 +0.00000e+00
 8.96151e-07 1.43092e+03 5.50654e-11 +0.00000e+00
 1.11588e-06 1.43999e+03 6.81414e-11 +0.00000e+00
 1.38950e-06 1.44948e+03 8.43006e-11 +0.00000e+00
 1.73020e-06 1.45847e+03 1.04335e-10 +0.00000e+00
 2.15443e-06 1.46954e+03 1.28946e-10 +0.00000e+00
 2.68270e-06 1.47817e+03 1.59644e-10 +0.00000e+00
 3.34048e-06 1.49249e+03 1.96878e-10 +0.00000e+00
 4.15956e-06 1.50881e+03 2.42478e-10 +0.00000e+00
 5.17947e-06 1.52680e+03 2.98343e-10 +0.00000e+00
 6.44947e-06 1.54545e+03 3.66951e-10 +0.00000e+00
 8.03086e-06 1.56476e+03 4.51214e-10 +0.00000e+00
 1.00000e-05 1.58456e+03 5.54704e-10 +0.00000e+00
 1.24520e-05 1.60486e+03 6.81824e-10 +0.00000e+00
 1.55052e-05 1.62549e+03 8.37975e-10 +0.00000e+00
 1.93070e-05 1.64650e+03 1.02983e-09 +0.00000e+00
 2.40410e-05 1.66775e+03 1.26552e-09 +0.00000e+00
 2.99358e-05 1.68934e+03 1.55510e-09 +0.00000e+00
 3.72759e-05 1.71110e+03 1.91088e-09 +0.00000e+00
 4.64159e-05 1.73320e+03 2.34794e-09 +0.00000e+00
 5.77969e-05 1.75555e+03 2.88475e-09 +0.00000e+00
 7.19686e-05 1.77802e+03 3.54449e-09 +0.00000e+00
 8.96151e-05 1.80072e+03 4.35476e-09 +0.00000e+00
 1.11588e-04 1.82343e+03 5.35071e-09 +0.00000e+00
 1.38950e-04 1.84636e+03 6.57383e-09 +0.00000e+00
 1.73020e-04 1.86972e+03 8.07440e-09 +0.00000e+00
 2.15443e-04 1.89365e+03 9.91417e-09 +0.00000e+00
 2.68270e-04 1.91798e+03 1.21684e-08 +0.00000e+00
 3.34048e-04 1.94352e+03 1.49227e-08 +0.00000e+00
 4.15956e-04 1.97050e+03 1.82777e-08 +0.00000e+00
 5.17947e-04 1.99865e+03 2.23640e-08 +0.00000e+00
 6.44947e-04 2.02793e+03 2.73225e-08 +0.00000e+00
 8.03086e-04 2.05859e+03 3.33275e-08 +0.00000e+00
 1.00000e-03 2.09073e+03 4.05488e-08 +0.00000e+00
 1.24520e-03 2.12439e+03 4.92048e-08 -2.54556e-07
 1.55052e-03 2.15952e+03 5.94759e-08 -3.16973e-07
 1.93070e-03 2.19565e+03 7.15983e-08 -3.94694e-07
 2.40410e-03 2.23244e+03 8.57396e-08 -4.91473e-07
 2.99358e-03 2.26997e+03 1.02030e-07 -6.11978e-07
 3.72759e-03 2.30853e+03 1.20488e-07 -7.62034e-07
 4.64159e-03 2.34810e+03 1.40941e-07 +8.34669e-02
 5.77969e-03 2.38628e+03 1.63579e-07 +1.51130e-01
 7.19686e-03 2.42239e+03 1.88398e-07 +1.30251e-01
 8.96151e-03 2.45667e+03 2.15491e-07 +1.10275e-01
 1.11588e-02 2.48937e+03 2.45027e-07 +9.37785e-02
 1.38950e-02 2.52070e+03 2.77006e-07 +7.98523e-02
 1.73020e-02 2.55092e+03 3.11578e-07 +6.87624e-02
 2.15443e-02 2.58021e+03 3.49072e-07 +5.96800e-02
 2.68270e-02 2.60872e+03 3.89726e-07 +5.23987e-02
 3.34048e-02 2.63661e+03 4.33343e-07 +4.58449e-02
 4.15956e-02 2.66403e+03 4.80621e-07 +4.08194e-02
 5.17947e-02 2.69106e+03 5.31900e-07 +3.65751e-02
 6.44947e-02 2.71780e+03 5.87466e-07 +3.33733e-02
 8.03086e-02 2.74435e+03 6.47098e-07 +3.03522e-02
 1.00000e-01 2.77079e+03 7.11829e-07 +2.74865e-02
 1.24520e-01 2.79718e+03 7.82072e-07 +2.55465e-02
 1.55052e-01 2.82361e+03 8.58395e-07 +2.41025e-02
 1.93070e-01 2.85017e+03 9.40296e-07 +2.34653e-02
 2.40410e-01 2.87725e+03 1.02864e-06 +1.50932e-02
 2.99358e-01 2.90680e+03 1.12195e-06 +2.16871e-02
 3.72759e-01 2.93574e+03 1.22292e-06 +2.25121e-02
 4.64159e-01 2.96416e+03 1.33200e-06 +2.33777e-02
 5.77969e-01 2.99234e+03 1.44950e-06 +2.48297e-02
 7.19686e-01 3.02046e+03 1.57768e-06 +2.69514e-02
 8.96151e-01 3.04864e+03 1.71753e-06 +2.97620e-02
 1.11588e+00 3.07696e+03 1.87050e-06 +3.33733e-02
 1.38950e+00 3.10550e+03 2.03562e-06 +3.78884e-02
 1.73020e+00 3.13440e+03 2.21515e-06 +4.35529e-02
 2.15443e+00 3.16370e+03 2.41158e-06 +5.06956e-02
 2.68270e+00 3.19347e+03 2.62626e-06 +5.97641e-02
 3.34048e+00 3.22375e+03 2.86073e-06 +6.65182e-02
 4.15956e+00 3.25446e+03 3.11267e-06 +6.86288e-02
 5.17947e+00 3.28563e+03 3.38819e-06 +7.03956e-02
 6.44947e+00 3.31724e+03 3.69009e-06 +7.18814e-02
 8.03086e+00 3.34927e+03 4.02113e-06 +7.31334e-02
 1.00000e+01 3.38170e+03 4.38040e-06 +7.41823e-02
 1.24520e+01 3.41454e+03 4.77003e-06 +7.50599e-02
 1.55052e+01 3.44779e+03 5.19774e-06 +7.57955e-02
 1.93070e+01 3.48145e+03 5.66687e-06 +7.64091e-02
 2.40410e+01 3.51555e+03 6.18211e-06 +7.69205e-02
 2.99358e+01 3.55015e+03 6.73608e-06 +7.73431e-02
 3.72759e+01 3.58534e+03 7.34087e-06 +7.76962e-02
 4.64159e+01 3.62113e+03 8.00259e-06 +7.79922e-02
 5.77969e+01 3.65754e+03 8.72660e-06 +7.82423e-02
 7.19686e+01 3.69456e+03 9.51229e-06 +7.84526e-02
 8.96151e+01 3.73217e+03 1.03561e-05 +7.86301e-02
 1.11588e+02 3.77037e+03 1.12768e-05 +7.87799e-02
 1.38950e+02 3.80910e+03 1.22819e-05 +7.89068e-02
 1.73020e+02 3.84834e+03 1.33795e-05 +7.90133e-02
 2.15443e+02 3.88812e+03 1.45555e-05 +7.91021e-02
 2.68270e+02 3.92849e+03 1.58285e-05 +7.91762e-02
 3.34048e+02 3.96951e+03 1.72146e-05 +7.92380e-02
 4.15956e+02 4.01122e+03 1.87237e-05 +7.92897e-02
 5.17947e+02 4.05366e+03 2.03620e-05 +7.93337e-02
 6.44947e+02 4.09683e+03 2.21043e-05 +7.93703e-02
 8.03086e+02 4.14076e+03 2.39960e-05 +7.94012e-02
 1.00000e+03 4.18545e+03 2.60516e-05 +7.94274e-02
