#n1=128 n2=4 Teff=02900 R=6.5176e+12 L=2.1362e+36 logg=+0.50
#   tau          T          rho         Fconv
 0.00000e+00 1.52074e+03 9.82608e-21 +0.00000e+00
 1.00000e-09 1.52074e+03 1.14591e-16 +0.00000e+00
 1.24520e-09 1.52628e+03 1.42534e-16 +0.00000e+00
 1.55052e-09 1.53170e+03 1.77335e-16 +0.00000e+00
 1.93070e-09 1.53711e+03 2.20698e-16 +0.00000e+00
 2.40410e-09 1.54250e+03 2.74699e-16 +0.00000e+00
 2.99358e-09 1.54765e+03 3.42101e-16 +0.00000e+00
 3.72759e-09 1.55278e+03 4.26094e-16 +0.00000e+00
 4.64159e-09 1.55753e+03 5.31105e-16 +0.00000e+00
 5.77969e-09 1.56223e+03 6.62140e-16 +0.00000e+00
 7.19686e-09 1.56603e+03 8.26735e-16 +0.00000e+00
 8.96151e-09 1.56984e+03 1.03254e-15 +0.00000e+00
 1.11588e-08 1.57206e+03 1.29307e-15 +0.00000e+00
 1.38950e-08 1.57406e+03 1.62098e-15 +0.00000e+00
 1.73020e-08 1.57374e+03 2.04125e-15 +0.00000e+00
 2.15443e-08 1.57187e+03 2.58218e-15 +0.00000e+00
 2.68270e-08 1.56626e+03 3.29671e-15 +0.00000e+00
 3.34048e-08 1.55588e+03 4.27472e-15 +0.00000e+00
 4.15956e-08 1.54492e+03 5.55807e-15 +0.00000e+00
 5.17947e-08 1.53660e+03 7.17838e-15 +0.00000e+00
 6.44947e-08 1.53030e+03 9.19756e-15 +0.00000e+00
 8.03086e-08 1.52588e+03 1.17040e-14 +0.00000e+00
 1.00000e-07 1.52268e+03 1.48298e-14 +0.00000e+00
 1.24520e-07 1.52051e+03 1.87029e-14 +0.00000e+00
 1.55052e-07 1.51888e+03 2.35707e-14 +0.00000e+00
 1.93070e-07 1.51789e+03 2.95885e-14 +0.00000e+00
 2.40410e-07 1.51717e+03 3.71705e-14 +0.00000e+00
 2.99358e-07 1.51686e+03 4.65720e-14 +0.00000e+00
 3.72759e-07 1.51676e+03 5.83764e-14 +0.00000e+00
 4.64159e-07 1.51691e+03 7.30718e-14 +0.00000e+00
 5.77969e-07 1.51722e+03 9.14588e-14 +0.00000e+00
 7.19686e-07 1.51770e+03 1.14405e-13 +0.00000e+00
 8.96151e-07 1.51834e+03 1.43041e-13 +0.00000e+00
 1.11588e-06 1.51910e+03 1.78829e-13 +0.00000e+00
 1.38950e-06 1.52000e+03 2.23405e-13 +0.00000e+00
 1.73020e-06 1.52101e+03 2.79150e-13 +0.00000e+00
 2.15443e-06 1.52217e+03 3.48482e-13 +0.00000e+00
 2.68270e-06 1.52341e+03 4.35225e-13 +0.00000e+00
 3.34048e-06 1.52481e+03 5.43029e-13 +0.00000e+00
 4.15956e-06 1.52631e+03 6.77852e-13 +0.00000e+00
 5.17947e-06 1.52796e+03 8.45379e-13 +0.00000e+00
 6.44947e-06 1.52973e+03 1.05460e-12 +0.00000e+00
 8.03086e-06 1.53166e+03 1.31478e-12 +0.00000e+00
 1.00000e-05 1.53375e+03 1.63935e-12 +0.00000e+00
 1.24520e-05 1.53600e+03 2.04301e-12 +0.00000e+00
 1.55052e-05 1.53844e+03 2.54599e-12 +0.00000e+00
 1.93070e-05 1.54107e+03 3.17175e-12 +0.00000e+00
 2.40410e-05 1.54392e+03 3.95062e-12 +0.00000e+00
 2.99358e-05 1.54700e+03 4.91952e-12 +0.00000e+00
 3.72759e-05 1.55031e+03 6.12466e-12 +0.00000e+00
 4.64159e-05 1.55389e+03 7.62342e-12 +0.00000e+00
 5.77969e-05 1.55773e+03 9.48625e-12 +0.00000e+00
 7.19686e-05 1.56187e+03 1.18024e-11 +0.00000e+00
 8.96151e-05 1.56631e+03 1.46789e-11 +0.00000e+00
 1.11588e-04 1.57108e+03 1.82543e-11 +0.00000e+00
 1.38950e-04 1.57620e+03 2.26915e-11 +0.00000e+00
 1.73020e-04 1.58169e+03 2.82035e-11 +0.00000e+00
 2.15443e-04 1.58761e+03 3.50388e-11 +0.00000e+00
 2.68270e-04 1.59399e+03 4.35239e-11 +0.00000e+00
 3.34048e-04 1.60089e+03 5.40349e-11 +0.00000e+00
 4.15956e-04 1.60838e+03 6.70693e-11 +0.00000e+00
 5.17947e-04 1.61654e+03 8.31974e-11 +0.00000e+00
 6.44947e-04 1.62542e+03 1.03170e-10 +0.00000e+00
 8.03086e-04 1.63512e+03 1.27853e-10 +0.00000e+00
 1.00000e-03 1.64573e+03 1.58369e-10 +0.00000e+00
 1.24520e-03 1.65731e+03 1.96026e-10 -2.55107e-07
 1.55052e-03 1.66996e+03 2.42499e-10 -3.17659e-07
 1.93070e-03 1.68374e+03 2.99760e-10 -3.95546e-07
 2.40410e-03 1.69871e+03 3.70294e-10 -4.92535e-07
 2.99358e-03 1.71493e+03 4.57063e-10 -6.13302e-07
 3.72759e-03 1.73243e+03 5.63755e-10 -7.63682e-07
 4.64159e-03 1.75216e+03 6.94355e-10 -9.50935e-07
 5.77969e-03 1.77225e+03 8.55147e-10 -1.18410e-06
 7.19686e-03 1.79360e+03 1.05245e-09 -1.47444e-06
 8.96151e-03 1.81618e+03 1.29432e-09 -1.83597e-06
 1.11588e-02 1.84000e+03 1.59080e-09 -2.28614e-06
 1.38950e-02 1.86505e+03 1.95369e-09 -2.84669e-06
 1.73020e-02 1.89138e+03 2.39796e-09 -3.54470e-06
 2.15443e-02 1.91907e+03 2.94051e-09 -4.41385e-06
 2.68270e-02 1.94827e+03 3.60342e-09 -5.49611e-06
 3.34048e-02 1.97921e+03 4.40988e-09 -6.84373e-06
 4.15956e-02 2.01108e+03 5.39609e-09 -8.52179e-06
 5.17947e-02 2.04645e+03 6.58419e-09 -1.06113e-05
 6.44947e-02 2.08477e+03 8.02133e-09 +8.69534e-05
 8.03086e-02 2.12432e+03 9.75859e-09 +3.45201e-04
 1.00000e-01 2.16455e+03 1.18758e-08 +4.95413e-04
 1.24520e-01 2.20548e+03 1.44360e-08 +7.37881e-04
 1.55052e-01 2.24717e+03 1.75539e-08 +9.02754e-04
 1.93070e-01 2.29009e+03 2.13107e-08 +1.27547e-03
 2.40410e-01 2.33456e+03 2.58625e-08 +1.76707e-03
 2.99358e-01 2.38124e+03 3.13060e-08 +2.66762e-03
 3.72759e-01 2.43061e+03 3.78428e-08 +3.82704e-03
 4.64159e-01 2.48426e+03 4.55322e-08 +6.51035e-03
 5.77969e-01 2.55016e+03 5.41854e-08 +1.10711e-03
 7.19686e-01 2.62968e+03 6.35511e-08 +5.31097e-03
 8.96151e-01 2.70961e+03 7.45391e-08 +1.05703e-02
 1.11588e+00 2.78601e+03 8.76452e-08 +1.46964e-02
 1.38950e+00 2.86219e+03 1.03009e-07 +2.15773e-02
 1.73020e+00 2.93524e+03 1.21077e-07 +3.00062e-02
 2.15443e+00 3.00612e+03 1.42064e-07 +4.01636e-02
 2.68270e+00 3.07661e+03 1.65825e-07 +5.25557e-02
 3.34048e+00 3.14743e+03 1.92050e-07 +6.16653e-02
 4.15956e+00 3.21614e+03 2.21470e-07 +6.48956e-02
 5.17947e+00 3.28188e+03 2.53854e-07 +6.75934e-02
 6.44947e+00 3.34523e+03 2.89939e-07 +6.97160e-02
 8.03086e+00 3.40737e+03 3.29585e-07 +7.12975e-02
 1.00000e+01 3.46965e+03 3.72379e-07 +7.25199e-02
 1.24520e+01 3.53239e+03 4.18814e-07 +7.35944e-02
 1.55052e+01 3.59501e+03 4.68836e-07 +7.45872e-02
 1.93070e+01 3.65665e+03 5.22061e-07 +7.54756e-02
 2.40410e+01 3.71684e+03 5.78672e-07 +7.62308e-02
 2.99358e+01 3.77572e+03 6.37860e-07 +7.68400e-02
 3.72759e+01 3.83371e+03 6.98467e-07 +7.73338e-02
 4.64159e+01 3.89091e+03 7.59466e-07 +7.77506e-02
 5.77969e+01 3.94711e+03 8.20430e-07 +7.81049e-02
 7.19686e+01 4.00208e+03 8.81037e-07 +7.84043e-02
 8.96151e+01 4.05569e+03 9.41240e-07 +7.86517e-02
 1.11588e+02 4.10800e+03 1.00102e-06 +7.88523e-02
 1.38950e+02 4.15928e+03 1.06048e-06 +7.90120e-02
 1.73020e+02 4.20998e+03 1.11981e-06 +7.91379e-02
 2.15443e+02 4.26060e+03 1.17902e-06 +7.92369e-02
 2.68270e+02 4.31165e+03 1.23801e-06 +7.93164e-02
 3.34048e+02 4.36343e+03 1.29672e-06 +7.93818e-02
 4.15956e+02 4.41605e+03 1.35513e-06 +7.94371e-02
 5.17947e+02 4.46950e+03 1.41328e-06 +7.94840e-02
 6.44947e+02 4.52373e+03 1.47132e-06 +7.95238e-02
 8.03086e+02 4.57881e+03 1.52938e-06 +7.95570e-02
 1.00000e+03 4.63487e+03 1.58754e-06 +7.95847e-02
