#n1=128 n2=4 Teff=02800 R=3.1710e+10 L=4.4115e+31 logg=+4.50
#   tau          T          rho         Fconv
 0.00000e+00 1.54821e+03 9.65177e-21 +0.00000e+00
 1.00000e-09 1.54821e+03 1.77023e-12 +0.00000e+00
 1.24520e-09 1.54795e+03 2.20847e-12 +0.00000e+00
 1.55052e-09 1.54769e+03 2.75575e-12 +0.00000e+00
 1.93070e-09 1.54751e+03 3.43632e-12 +0.00000e+00
 2.40410e-09 1.54733e+03 4.28583e-12 +0.00000e+00
 2.99358e-09 1.54720e+03 5.34275e-12 +0.00000e+00
 3.72759e-09 1.54707e+03 6.66106e-12 +0.00000e+00
 4.64159e-09 1.54698e+03 8.30200e-12 +0.00000e+00
 5.77969e-09 1.54690e+03 1.03475e-11 +0.00000e+00
 7.19686e-09 1.54684e+03 1.28945e-11 +0.00000e+00
 8.96151e-09 1.54679e+03 1.60680e-11 +0.00000e+00
 1.11588e-08 1.54676e+03 2.00203e-11 +0.00000e+00
 1.38950e-08 1.54674e+03 2.49435e-11 +0.00000e+00
 1.73020e-08 1.54673e+03 3.10754e-11 +0.00000e+00
 2.15443e-08 1.54672e+03 3.87120e-11 +0.00000e+00
 2.68270e-08 1.54673e+03 4.82243e-11 +0.00000e+00
 3.34048e-08 1.54674e+03 6.00691e-11 +0.00000e+00
 4.15956e-08 1.54675e+03 7.48237e-11 +0.00000e+00
 5.17947e-08 1.54677e+03 9.31946e-11 +0.00000e+00
 6.44947e-08 1.54679e+03 1.16079e-10 +0.00000e+00
 8.03086e-08 1.54682e+03 1.44570e-10 +0.00000e+00
 1.00000e-07 1.54684e+03 1.80060e-10 +0.00000e+00
 1.24520e-07 1.54687e+03 2.24245e-10 +0.00000e+00
 1.55052e-07 1.54690e+03 2.79281e-10 +0.00000e+00
 1.93070e-07 1.54694e+03 3.47803e-10 +0.00000e+00
 2.40410e-07 1.54697e+03 4.33146e-10 +0.00000e+00
 2.99358e-07 1.54701e+03 5.39409e-10 +0.00000e+00
 3.72759e-07 1.54704e+03 6.71746e-10 +0.00000e+00
 4.64159e-07 1.54708e+03 8.36528e-10 +0.00000e+00
 5.77969e-07 1.54712e+03 1.04173e-09 +0.00000e+00
 7.19686e-07 1.54716e+03 1.29725e-09 +0.00000e+00
 8.96151e-07 1.54720e+03 1.61544e-09 +0.00000e+00
 1.11588e-06 1.54724e+03 2.01165e-09 +0.00000e+00
 1.38950e-06 1.54730e+03 2.50501e-09 +0.00000e+00
 1.73020e-06 1.54736e+03 3.11933e-09 +0.00000e+00
 2.15443e-06 1.54745e+03 3.88422e-09 +0.00000e+00
 2.68270e-06 1.54757e+03 4.83654e-09 +0.00000e+00
 3.34048e-06 1.54775e+03 6.02210e-09 +0.00000e+00
 4.15956e-06 1.54801e+03 7.49788e-09 +0.00000e+00
 5.17947e-06 1.54838e+03 9.33452e-09 +0.00000e+00
 6.44947e-06 1.54891e+03 1.16199e-08 +0.00000e+00
 8.03086e-06 1.54965e+03 1.44628e-08 +0.00000e+00
 1.00000e-05 1.55061e+03 1.79987e-08 +0.00000e+00
 1.24520e-05 1.55185e+03 2.23948e-08 +0.00000e+00
 1.55052e-05 1.55333e+03 2.78605e-08 +0.00000e+00
 1.93070e-05 1.55504e+03 3.46547e-08 +0.00000e+00
 2.40410e-05 1.55689e+03 4.31024e-08 +0.00000e+00
 2.99358e-05 1.55880e+03 5.36071e-08 +0.00000e+00
 3.72759e-05 1.56066e+03 6.66738e-08 +0.00000e+00
 4.64159e-05 1.56245e+03 8.29300e-08 +0.00000e+00
 5.77969e-05 1.56411e+03 1.03158e-07 +0.00000e+00
 7.19686e-05 1.56567e+03 1.28328e-07 +0.00000e+00
 8.96151e-05 1.56715e+03 1.59648e-07 +0.00000e+00
 1.11588e-04 1.56858e+03 1.98618e-07 +0.00000e+00
 1.38950e-04 1.57005e+03 2.47095e-07 +0.00000e+00
 1.73020e-04 1.57130e+03 3.07446e-07 +0.00000e+00
 2.15443e-04 1.57241e+03 3.82574e-07 +0.00000e+00
 2.68270e-04 1.57330e+03 4.76122e-07 +0.00000e+00
 3.34048e-04 1.57399e+03 5.92625e-07 +0.00000e+00
 4.15956e-04 1.57441e+03 7.37760e-07 +0.00000e+00
 5.17947e-04 1.57456e+03 9.18592e-07 +0.00000e+00
 6.44947e-04 1.57444e+03 1.14395e-06 +0.00000e+00
 8.03086e-04 1.57411e+03 1.42479e-06 +0.00000e+00
 1.00000e-03 1.57362e+03 1.77473e-06 +0.00000e+00
 1.24520e-03 1.57319e+03 2.21056e-06 -2.54118e-07
 1.55052e-03 1.57297e+03 2.75305e-06 -3.16426e-07
 1.93070e-03 1.57344e+03 3.42714e-06 -3.94014e-07
 2.40410e-03 1.57503e+03 4.26327e-06 -4.90624e-07
 2.99358e-03 1.57851e+03 5.29705e-06 -6.10924e-07
 3.72759e-03 1.58467e+03 6.57038e-06 -7.60720e-07
 4.64159e-03 1.59483e+03 8.12946e-06 -9.47248e-07
 5.77969e-03 1.61057e+03 1.00240e-05 -1.17951e-06
 7.19686e-03 1.63410e+03 1.23023e-05 -1.46872e-06
 8.96151e-03 1.66931e+03 1.49958e-05 -1.82885e-06
 1.11588e-02 1.72113e+03 1.81102e-05 -2.27728e-06
 1.38950e-02 1.79084e+03 2.16715e-05 -2.83566e-06
 1.73020e-02 1.88534e+03 2.56279e-05 -3.53095e-06
 2.15443e-02 1.99175e+03 3.01929e-05 +1.71790e-02
 2.68270e-02 2.10139e+03 3.55971e-05 +3.09781e-02
 3.34048e-02 2.21243e+03 4.20004e-05 +4.57195e-02
 4.15956e-02 2.32329e+03 4.95501e-05 +3.72094e-02
 5.17947e-02 2.43194e+03 5.83575e-05 +2.61027e-02
 6.44947e-02 2.53644e+03 6.84604e-05 +1.71468e-02
 8.03086e-02 2.63499e+03 7.97713e-05 +1.18813e-02
 1.00000e-01 2.72626e+03 9.21128e-05 +8.60535e-03
 1.24520e-01 2.80977e+03 1.05271e-04 +4.50971e-03
 1.55052e-01 2.89841e+03 1.18284e-04 +1.21887e-02
 1.93070e-01 2.96540e+03 1.32469e-04 +1.04981e-02
 2.40410e-01 3.02964e+03 1.47181e-04 +7.51675e-02
 2.99358e-01 3.09022e+03 1.62445e-04 +9.15638e-02
 3.72759e-01 3.21274e+03 1.71882e-04 +1.90553e-02
 4.64159e-01 3.25853e+03 1.85623e-04 +1.78416e-02
 5.77969e-01 3.30303e+03 2.00018e-04 +1.89209e-02
 7.19686e-01 3.34616e+03 2.14947e-04 +2.12575e-02
 8.96151e-01 3.38786e+03 2.30376e-04 +2.46080e-02
 1.11588e+00 3.42818e+03 2.46281e-04 +2.89196e-02
 1.38950e+00 3.46719e+03 2.62647e-04 +3.41595e-02
 1.73020e+00 3.50499e+03 2.79468e-04 +4.04214e-02
 2.15443e+00 3.54170e+03 2.96757e-04 +4.78849e-02
 2.68270e+00 3.57743e+03 3.14406e-04 +5.69458e-02
 3.34048e+00 3.61228e+03 3.32517e-04 +6.40366e-02
 4.15956e+00 3.64637e+03 3.51140e-04 +6.69725e-02
 5.17947e+00 3.67982e+03 3.70324e-04 +6.93243e-02
 6.44947e+00 3.71274e+03 3.90124e-04 +7.12128e-02
 8.03086e+00 3.74525e+03 4.10599e-04 +7.27334e-02
 1.00000e+01 3.77743e+03 4.31810e-04 +7.39608e-02
 1.24520e+01 3.80935e+03 4.53658e-04 +7.49595e-02
 1.55052e+01 3.84107e+03 4.76281e-04 +7.57693e-02
 1.93070e+01 3.87265e+03 4.99780e-04 +7.64266e-02
 2.40410e+01 3.90417e+03 5.24223e-04 +7.69614e-02
 2.99358e+01 3.93568e+03 5.49691e-04 +7.73979e-02
 3.72759e+01 3.96724e+03 5.76265e-04 +7.77551e-02
 4.64159e+01 3.99889e+03 6.04027e-04 +7.80478e-02
 5.77969e+01 4.03067e+03 6.33053e-04 +7.82878e-02
 7.19686e+01 4.06262e+03 6.63165e-04 +7.84863e-02
 8.96151e+01 4.09474e+03 6.94599e-04 +7.86496e-02
 1.11588e+02 4.12708e+03 7.27486e-04 +7.87837e-02
 1.38950e+02 4.15967e+03 7.61930e-04 +7.88945e-02
 1.73020e+02 4.19255e+03 7.98043e-04 +7.89859e-02
 2.15443e+02 4.22575e+03 8.35928e-04 +7.90612e-02
 2.68270e+02 4.25929e+03 8.75695e-04 +7.91236e-02
 3.34048e+02 4.29320e+03 9.17472e-04 +7.91755e-02
 4.15956e+02 4.32750e+03 9.61041e-04 +7.92185e-02
 5.17947e+02 4.36219e+03 1.00656e-03 +7.92543e-02
 6.44947e+02 4.39728e+03 1.05434e-03 +7.92840e-02
 8.03086e+02 4.43282e+03 1.10455e-03 +7.93084e-02
 1.00000e+03 4.46882e+03 1.15732e-03 +7.93290e-02
