#n1=128 n2=4 Teff=02800 R=3.7214e+11 L=6.0657e+33 logg=+2.50
#   tau          T          rho         Fconv
 0.00000e+00 1.53792e+03 9.72407e-21 +0.00000e+00
 1.00000e-09 1.53792e+03 1.55451e-14 +0.00000e+00
 1.24520e-09 1.53832e+03 1.95577e-14 +0.00000e+00
 1.55052e-09 1.53881e+03 2.45811e-14 +0.00000e+00
 1.93070e-09 1.53939e+03 3.08698e-14 +0.00000e+00
 2.40410e-09 1.54005e+03 3.87640e-14 +0.00000e+00
 2.99358e-09 1.54079e+03 4.86002e-14 +0.00000e+00
 3.72759e-09 1.54159e+03 6.09748e-14 +0.00000e+00
 4.64159e-09 1.54248e+03 7.63277e-14 +0.00000e+00
 5.77969e-09 1.54344e+03 9.56461e-14 +0.00000e+00
 7.19686e-09 1.54448e+03 1.19609e-13 +0.00000e+00
 8.96151e-09 1.54561e+03 1.49684e-13 +0.00000e+00
 1.11588e-08 1.54684e+03 1.87063e-13 +0.00000e+00
 1.38950e-08 1.54818e+03 2.33818e-13 +0.00000e+00
 1.73020e-08 1.54964e+03 2.91996e-13 +0.00000e+00
 2.15443e-08 1.55122e+03 3.64563e-13 +0.00000e+00
 2.68270e-08 1.55295e+03 4.54974e-13 +0.00000e+00
 3.34048e-08 1.55484e+03 5.67531e-13 +0.00000e+00
 4.15956e-08 1.55691e+03 7.07798e-13 +0.00000e+00
 5.17947e-08 1.55918e+03 8.82085e-13 +0.00000e+00
 6.44947e-08 1.56167e+03 1.09937e-12 +0.00000e+00
 8.03086e-08 1.56439e+03 1.36900e-12 +0.00000e+00
 1.00000e-07 1.56738e+03 1.70503e-12 +0.00000e+00
 1.24520e-07 1.57066e+03 2.12162e-12 +0.00000e+00
 1.55052e-07 1.57423e+03 2.64044e-12 +0.00000e+00
 1.93070e-07 1.57813e+03 3.28332e-12 +0.00000e+00
 2.40410e-07 1.58237e+03 4.08306e-12 +0.00000e+00
 2.99358e-07 1.58698e+03 5.07399e-12 +0.00000e+00
 3.72759e-07 1.59198e+03 6.30525e-12 +0.00000e+00
 4.64159e-07 1.59740e+03 7.83023e-12 +0.00000e+00
 5.77969e-07 1.60328e+03 9.72237e-12 +0.00000e+00
 7.19686e-07 1.60964e+03 1.20656e-11 +0.00000e+00
 8.96151e-07 1.61653e+03 1.49688e-11 +0.00000e+00
 1.11588e-06 1.62397e+03 1.85621e-11 +0.00000e+00
 1.38950e-06 1.63198e+03 2.30081e-11 +0.00000e+00
 1.73020e-06 1.64064e+03 2.85071e-11 +0.00000e+00
 2.15443e-06 1.64996e+03 3.53016e-11 +0.00000e+00
 2.68270e-06 1.65997e+03 4.36998e-11 +0.00000e+00
 3.34048e-06 1.67069e+03 5.40604e-11 +0.00000e+00
 4.15956e-06 1.68216e+03 6.68585e-11 +0.00000e+00
 5.17947e-06 1.69439e+03 8.26249e-11 +0.00000e+00
 6.44947e-06 1.70739e+03 1.02087e-10 +0.00000e+00
 8.03086e-06 1.72089e+03 1.26063e-10 +0.00000e+00
 1.00000e-05 1.73551e+03 1.55600e-10 +0.00000e+00
 1.24520e-05 1.75078e+03 1.91914e-10 +0.00000e+00
 1.55052e-05 1.76700e+03 2.36642e-10 +0.00000e+00
 1.93070e-05 1.78396e+03 2.91570e-10 +0.00000e+00
 2.40410e-05 1.80164e+03 3.59213e-10 +0.00000e+00
 2.99358e-05 1.82008e+03 4.42217e-10 +0.00000e+00
 3.72759e-05 1.83911e+03 5.44363e-10 +0.00000e+00
 4.64159e-05 1.85875e+03 6.69732e-10 +0.00000e+00
 5.77969e-05 1.87897e+03 8.23879e-10 +0.00000e+00
 7.19686e-05 1.89978e+03 1.01299e-09 +0.00000e+00
 8.96151e-05 1.92116e+03 1.24524e-09 +0.00000e+00
 1.11588e-04 1.94348e+03 1.52962e-09 +0.00000e+00
 1.38950e-04 1.96606e+03 1.87878e-09 +0.00000e+00
 1.73020e-04 1.98924e+03 2.30670e-09 +0.00000e+00
 2.15443e-04 2.01308e+03 2.83037e-09 +0.00000e+00
 2.68270e-04 2.03762e+03 3.47133e-09 +0.00000e+00
 3.34048e-04 2.06290e+03 4.25341e-09 +0.00000e+00
 4.15956e-04 2.08898e+03 5.20907e-09 +0.00000e+00
 5.17947e-04 2.11593e+03 6.36989e-09 +0.00000e+00
 6.44947e-04 2.14380e+03 7.78431e-09 +0.00000e+00
 8.03086e-04 2.17263e+03 9.49238e-09 +0.00000e+00
 1.00000e-03 2.20241e+03 1.15650e-08 +0.00000e+00
 1.24520e-03 2.23305e+03 1.40497e-08 -2.54542e-07
 1.55052e-03 2.26404e+03 1.70512e-08 -3.16955e-07
 1.93070e-03 2.29505e+03 2.06385e-08 -3.94672e-07
 2.40410e-03 2.32594e+03 2.49385e-08 -4.91443e-07
 2.99358e-03 2.35612e+03 3.00612e-08 -6.11944e-07
 3.72759e-03 2.38668e+03 3.61089e-08 -7.61991e-07
 4.64159e-03 2.41702e+03 4.32310e-08 -9.48830e-07
 5.77969e-03 2.44721e+03 5.15167e-08 -1.18148e-06
 7.19686e-03 2.47734e+03 6.11694e-08 -1.47118e-06
 8.96151e-03 2.50742e+03 7.21819e-08 -1.83190e-06
 1.11588e-02 2.53698e+03 8.48313e-08 -2.28108e-06
 1.38950e-02 2.56700e+03 9.91243e-08 -2.84039e-06
 1.73020e-02 2.59727e+03 1.15054e-07 -3.53685e-06
 2.15443e-02 2.62794e+03 1.32824e-07 +1.50464e-02
 2.68270e-02 2.65837e+03 1.52442e-07 +2.73794e-02
 3.34048e-02 2.68834e+03 1.74023e-07 +2.24805e-02
 4.15956e-02 2.71797e+03 1.97891e-07 +1.93449e-02
 5.17947e-02 2.74730e+03 2.24059e-07 +1.69362e-02
 6.44947e-02 2.77640e+03 2.52533e-07 +1.50381e-02
 8.03086e-02 2.80525e+03 2.83871e-07 +1.37108e-02
 1.00000e-01 2.83386e+03 3.18347e-07 +1.28581e-02
 1.24520e-01 2.86230e+03 3.55634e-07 +1.21146e-02
 1.55052e-01 2.89069e+03 3.96539e-07 +1.18304e-02
 1.93070e-01 2.91915e+03 4.41488e-07 +1.19245e-02
 2.40410e-01 2.94787e+03 4.90650e-07 +1.35337e-02
 2.99358e-01 2.97808e+03 5.42965e-07 +8.95881e-03
 3.72759e-01 3.01021e+03 5.98893e-07 +1.31903e-02
 4.64159e-01 3.04194e+03 6.59958e-07 +1.55218e-02
 5.77969e-01 3.07331e+03 7.26601e-07 +1.80351e-02
 7.19686e-01 3.10454e+03 7.98251e-07 +2.09825e-02
 8.96151e-01 3.13577e+03 8.76723e-07 +2.46148e-02
 1.11588e+00 3.16711e+03 9.62714e-07 +2.90829e-02
 1.38950e+00 3.19863e+03 1.05694e-06 +3.45967e-02
 1.73020e+00 3.23045e+03 1.15765e-06 +4.13697e-02
 2.15443e+00 3.26268e+03 1.26756e-06 +4.98045e-02
 2.68270e+00 3.29540e+03 1.38738e-06 +6.03747e-02
 3.34048e+00 3.32862e+03 1.51784e-06 +6.78767e-02
 4.15956e+00 3.36210e+03 1.65781e-06 +6.98263e-02
 5.17947e+00 3.39580e+03 1.80912e-06 +7.14568e-02
 6.44947e+00 3.42969e+03 1.97409e-06 +7.28222e-02
 8.03086e+00 3.46374e+03 2.15411e-06 +7.39609e-02
 1.00000e+01 3.49796e+03 2.34967e-06 +7.49051e-02
 1.24520e+01 3.53239e+03 2.55891e-06 +7.56826e-02
 1.55052e+01 3.56711e+03 2.78686e-06 +7.63227e-02
 1.93070e+01 3.60221e+03 3.03519e-06 +7.68529e-02
 2.40410e+01 3.63773e+03 3.30561e-06 +7.72922e-02
 2.99358e+01 3.67376e+03 3.59537e-06 +7.76565e-02
 3.72759e+01 3.71034e+03 3.90748e-06 +7.79607e-02
 4.64159e+01 3.74751e+03 4.24645e-06 +7.82166e-02
 5.77969e+01 3.78525e+03 4.61468e-06 +7.84329e-02
 7.19686e+01 3.82349e+03 5.01490e-06 +7.86160e-02
 8.96151e+01 3.86222e+03 5.44080e-06 +7.87689e-02
 1.11588e+02 3.90148e+03 5.90389e-06 +7.88963e-02
 1.38950e+02 3.94134e+03 6.40784e-06 +7.90021e-02
 1.73020e+02 3.98189e+03 6.95596e-06 +7.90899e-02
 2.15443e+02 4.02326e+03 7.54851e-06 +7.91628e-02
 2.68270e+02 4.06560e+03 8.18171e-06 +7.92233e-02
 3.34048e+02 4.10899e+03 8.86914e-06 +7.92747e-02
 4.15956e+02 4.15345e+03 9.61496e-06 +7.93180e-02
 5.17947e+02 4.19898e+03 1.04241e-05 +7.93550e-02
 6.44947e+02 4.24555e+03 1.12944e-05 +7.93866e-02
 8.03086e+02 4.29319e+03 1.22309e-05 +7.94136e-02
 1.00000e+03 4.34188e+03 1.32502e-05 +7.94362e-02
