#n1=128 n2=4 Teff=02800 R=1.0841e+11 L=5.1468e+32 logg=+3.50
#   tau          T          rho         Fconv
 0.00000e+00 1.44889e+03 1.04463e-20 +0.00000e+00
 1.00000e-09 1.44889e+03 1.93338e-13 +0.00000e+00
 1.24520e-09 1.45542e+03 2.39317e-13 +0.00000e+00
 1.55052e-09 1.45398e+03 2.99167e-13 +0.00000e+00
 1.93070e-09 1.45626e+03 3.72179e-13 +0.00000e+00
 2.40410e-09 1.46383e+03 4.60626e-13 +0.00000e+00
 2.99358e-09 1.46640e+03 5.73042e-13 +0.00000e+00
 3.72759e-09 1.47221e+03 7.10796e-13 +0.00000e+00
 4.64159e-09 1.47266e+03 8.86275e-13 +0.00000e+00
 5.77969e-09 1.48238e+03 1.09517e-12 +0.00000e+00
 7.19686e-09 1.48527e+03 1.36243e-12 +0.00000e+00
 8.96151e-09 1.49288e+03 1.68749e-12 +0.00000e+00
 1.11588e-08 1.49647e+03 2.09809e-12 +0.00000e+00
 1.38950e-08 1.50410e+03 2.59905e-12 +0.00000e+00
 1.73020e-08 1.50818e+03 3.23028e-12 +0.00000e+00
 2.15443e-08 1.51590e+03 4.00170e-12 +0.00000e+00
 2.68270e-08 1.52033e+03 4.97238e-12 +0.00000e+00
 3.34048e-08 1.52722e+03 6.16484e-12 +0.00000e+00
 4.15956e-08 1.53278e+03 7.65298e-12 +0.00000e+00
 5.17947e-08 1.54244e+03 9.46678e-12 +0.00000e+00
 6.44947e-08 1.54821e+03 1.17514e-11 +0.00000e+00
 8.03086e-08 1.55832e+03 1.45331e-11 +0.00000e+00
 1.00000e-07 1.56936e+03 1.79644e-11 +0.00000e+00
 1.24520e-07 1.58143e+03 2.21855e-11 +0.00000e+00
 1.55052e-07 1.59410e+03 2.73947e-11 +0.00000e+00
 1.93070e-07 1.60798e+03 3.37897e-11 +0.00000e+00
 2.40410e-07 1.62244e+03 4.16728e-11 +0.00000e+00
 2.99358e-07 1.63761e+03 5.13607e-11 +0.00000e+00
 3.72759e-07 1.65342e+03 6.32892e-11 +0.00000e+00
 4.64159e-07 1.66973e+03 7.79512e-11 +0.00000e+00
 5.77969e-07 1.68649e+03 9.60015e-11 +0.00000e+00
 7.19686e-07 1.70344e+03 1.18209e-10 +0.00000e+00
 8.96151e-07 1.72080e+03 1.45535e-10 +0.00000e+00
 1.11588e-06 1.73871e+03 1.79097e-10 +0.00000e+00
 1.38950e-06 1.75598e+03 2.20541e-10 +0.00000e+00
 1.73020e-06 1.77391e+03 2.71435e-10 +0.00000e+00
 2.15443e-06 1.79188e+03 3.34064e-10 +0.00000e+00
 2.68270e-06 1.80979e+03 4.11182e-10 +0.00000e+00
 3.34048e-06 1.82830e+03 5.05779e-10 +0.00000e+00
 4.15956e-06 1.84667e+03 6.22248e-10 +0.00000e+00
 5.17947e-06 1.86600e+03 7.64645e-10 +0.00000e+00
 6.44947e-06 1.88567e+03 9.39395e-10 +0.00000e+00
 8.03086e-06 1.90557e+03 1.15309e-09 +0.00000e+00
 1.00000e-05 1.92563e+03 1.41515e-09 +0.00000e+00
 1.24520e-05 1.94605e+03 1.73437e-09 +0.00000e+00
 1.55052e-05 1.96684e+03 2.12432e-09 +0.00000e+00
 1.93070e-05 1.98790e+03 2.59741e-09 +0.00000e+00
 2.40410e-05 2.00920e+03 3.17263e-09 +0.00000e+00
 2.99358e-05 2.03076e+03 3.86692e-09 +0.00000e+00
 3.72759e-05 2.05255e+03 4.70438e-09 +0.00000e+00
 4.64159e-05 2.07461e+03 5.70798e-09 +0.00000e+00
 5.77969e-05 2.09689e+03 6.90515e-09 +0.00000e+00
 7.19686e-05 2.11940e+03 8.32637e-09 +0.00000e+00
 8.96151e-05 2.14214e+03 9.99690e-09 +0.00000e+00
 1.11588e-04 2.16510e+03 1.19563e-08 +0.00000e+00
 1.38950e-04 2.18829e+03 1.42192e-08 +0.00000e+00
 1.73020e-04 2.21172e+03 1.68261e-08 +0.00000e+00
 2.15443e-04 2.23542e+03 1.97942e-08 +0.00000e+00
 2.68270e-04 2.25944e+03 2.31328e-08 +0.00000e+00
 3.34048e-04 2.28383e+03 2.68703e-08 +0.00000e+00
 4.15956e-04 2.30871e+03 3.09836e-08 +0.00000e+00
 5.17947e-04 2.33426e+03 3.54657e-08 +0.00000e+00
 6.44947e-04 2.36057e+03 4.03106e-08 +0.00000e+00
 8.03086e-04 2.38769e+03 4.54573e-08 +0.00000e+00
 1.00000e-03 2.41564e+03 5.08633e-08 +0.00000e+00
 1.24520e-03 2.44429e+03 5.64994e-08 +1.86973e+00
 1.55052e-03 2.46572e+03 6.29600e-08 +2.36032e-01
 1.93070e-03 2.48702e+03 6.99816e-08 +1.94658e-01
 2.40410e-03 2.50816e+03 7.76996e-08 +1.55412e-01
 2.99358e-03 2.52922e+03 8.61903e-08 +1.25836e-01
 3.72759e-03 2.55034e+03 9.55255e-08 +9.55037e-02
 4.64159e-03 2.57149e+03 1.05647e-07 +1.05200e-01
 5.77969e-03 2.59295e+03 1.16729e-07 +7.22293e-02
 7.19686e-03 2.61445e+03 1.28905e-07 +6.11161e-02
 8.96151e-03 2.63598e+03 1.42292e-07 +5.26349e-02
 1.11588e-02 2.65759e+03 1.56825e-07 +4.46137e-02
 1.38950e-02 2.67939e+03 1.72758e-07 +3.84930e-02
 1.73020e-02 2.70142e+03 1.90269e-07 +3.35167e-02
 2.15443e-02 2.72372e+03 2.09519e-07 +2.99886e-02
 2.68270e-02 2.74629e+03 2.30462e-07 +2.69683e-02
 3.34048e-02 2.76916e+03 2.53303e-07 +2.45499e-02
 4.15956e-02 2.79231e+03 2.78426e-07 +2.25731e-02
 5.17947e-02 2.81571e+03 3.06061e-07 +2.08935e-02
 6.44947e-02 2.83935e+03 3.36331e-07 +1.96941e-02
 8.03086e-02 2.86328e+03 3.69201e-07 +1.84371e-02
 1.00000e-01 2.88754e+03 4.05399e-07 +1.72542e-02
 1.24520e-01 2.91217e+03 4.45256e-07 +1.65069e-02
 1.55052e-01 2.93723e+03 4.89110e-07 +1.60915e-02
 1.93070e-01 2.96281e+03 5.36374e-07 +1.58467e-02
 2.40410e-01 2.98911e+03 5.88131e-07 +1.82103e-02
 2.99358e-01 3.01847e+03 6.43248e-07 +1.45369e-02
 3.72759e-01 3.04802e+03 7.03277e-07 +1.66462e-02
 4.64159e-01 3.07735e+03 7.68269e-07 +1.82729e-02
 5.77969e-01 3.10669e+03 8.39039e-07 +2.02339e-02
 7.19686e-01 3.13616e+03 9.16869e-07 +2.27336e-02
 8.96151e-01 3.16588e+03 1.00253e-06 +2.59294e-02
 1.11588e+00 3.19594e+03 1.09642e-06 +2.99987e-02
 1.38950e+00 3.22648e+03 1.19771e-06 +3.51001e-02
 1.73020e+00 3.25761e+03 1.30904e-06 +4.15646e-02
 2.15443e+00 3.28941e+03 1.43131e-06 +4.97551e-02
 2.68270e+00 3.32194e+03 1.56547e-06 +6.01393e-02
 3.34048e+00 3.35523e+03 1.70980e-06 +6.75229e-02
 4.15956e+00 3.38908e+03 1.86756e-06 +6.94536e-02
 5.17947e+00 3.42340e+03 2.04111e-06 +7.10883e-02
 6.44947e+00 3.45815e+03 2.23222e-06 +7.24671e-02
 8.03086e+00 3.49330e+03 2.44080e-06 +7.36161e-02
 1.00000e+01 3.52896e+03 2.66736e-06 +7.45668e-02
 1.24520e+01 3.56518e+03 2.91692e-06 +7.53588e-02
 1.55052e+01 3.60203e+03 3.19163e-06 +7.60211e-02
 1.93070e+01 3.63956e+03 3.49354e-06 +7.65749e-02
 2.40410e+01 3.67786e+03 3.81773e-06 +7.70346e-02
 2.99358e+01 3.71700e+03 4.17353e-06 +7.74243e-02
 3.72759e+01 3.75694e+03 4.56372e-06 +7.77565e-02
 4.64159e+01 3.79762e+03 4.99159e-06 +7.80412e-02
 5.77969e+01 3.83896e+03 5.45351e-06 +7.82825e-02
 7.19686e+01 3.88094e+03 5.95642e-06 +7.84863e-02
 8.96151e+01 3.92359e+03 6.50759e-06 +7.86573e-02
 1.11588e+02 3.96696e+03 7.11105e-06 +7.87999e-02
 1.38950e+02 4.01118e+03 7.76655e-06 +7.89181e-02
 1.73020e+02 4.05639e+03 8.47099e-06 +7.90168e-02
 2.15443e+02 4.10266e+03 9.23833e-06 +7.91006e-02
 2.68270e+02 4.15000e+03 1.00734e-05 +7.91721e-02
 3.34048e+02 4.19836e+03 1.09815e-05 +7.92332e-02
 4.15956e+02 4.24772e+03 1.19521e-05 +7.92854e-02
 5.17947e+02 4.29800e+03 1.30046e-05 +7.93299e-02
 6.44947e+02 4.34919e+03 1.41491e-05 +7.93678e-02
 8.03086e+02 4.40134e+03 1.53929e-05 +7.93993e-02
 1.00000e+03 4.45464e+03 1.67354e-05 +7.94255e-02
