#n1=128 n2=4 Teff=02900 R=5.7622e+10 L=1.6721e+32 logg=+4.00
#   tau          T          rho         Fconv
 0.00000e+00 1.90642e+03 7.84440e-21 +0.00000e+00
 1.00000e-09 1.90642e+03 3.45280e-13 +0.00000e+00
 1.24520e-09 1.90760e+03 4.31839e-13 +0.00000e+00
 1.55052e-09 1.90664e+03 5.42002e-13 +0.00000e+00
 1.93070e-09 1.89971e+03 6.86673e-13 +0.00000e+00
 2.40410e-09 1.87396e+03 9.01220e-13 +0.00000e+00
 2.99358e-09 1.78119e+03 1.38231e-12 +0.00000e+00
 3.72759e-09 1.75821e+03 1.80654e-12 +0.00000e+00
 4.64159e-09 1.74949e+03 2.27762e-12 +0.00000e+00
 5.77969e-09 1.74369e+03 2.85435e-12 +0.00000e+00
 7.19686e-09 1.74021e+03 3.56410e-12 +0.00000e+00
 8.96151e-09 1.73831e+03 4.43734e-12 +0.00000e+00
 1.11588e-08 1.73684e+03 5.53215e-12 +0.00000e+00
 1.38950e-08 1.73627e+03 6.88173e-12 +0.00000e+00
 1.73020e-08 1.73585e+03 8.57506e-12 +0.00000e+00
 2.15443e-08 1.73596e+03 1.06742e-11 +0.00000e+00
 2.68270e-08 1.73622e+03 1.32984e-11 +0.00000e+00
 3.34048e-08 1.73681e+03 1.65621e-11 +0.00000e+00
 4.15956e-08 1.73761e+03 2.06298e-11 +0.00000e+00
 5.17947e-08 1.73866e+03 2.56963e-11 +0.00000e+00
 6.44947e-08 1.73996e+03 3.19981e-11 +0.00000e+00
 8.03086e-08 1.74148e+03 3.98540e-11 +0.00000e+00
 1.00000e-07 1.74329e+03 4.96116e-11 +0.00000e+00
 1.24520e-07 1.74535e+03 6.17774e-11 +0.00000e+00
 1.55052e-07 1.74773e+03 7.68679e-11 +0.00000e+00
 1.93070e-07 1.75039e+03 9.56774e-11 +0.00000e+00
 2.40410e-07 1.75343e+03 1.18996e-10 +0.00000e+00
 2.99358e-07 1.75679e+03 1.48024e-10 +0.00000e+00
 3.72759e-07 1.76058e+03 1.84016e-10 +0.00000e+00
 4.64159e-07 1.76476e+03 2.28759e-10 +0.00000e+00
 5.77969e-07 1.76942e+03 2.84228e-10 +0.00000e+00
 7.19686e-07 1.77457e+03 3.53085e-10 +0.00000e+00
 8.96151e-07 1.78025e+03 4.38421e-10 +0.00000e+00
 1.11588e-06 1.78649e+03 5.44230e-10 +0.00000e+00
 1.38950e-06 1.79331e+03 6.75283e-10 +0.00000e+00
 1.73020e-06 1.80073e+03 8.37591e-10 +0.00000e+00
 2.15443e-06 1.80875e+03 1.03856e-09 +0.00000e+00
 2.68270e-06 1.81738e+03 1.28721e-09 +0.00000e+00
 3.34048e-06 1.82661e+03 1.59496e-09 +0.00000e+00
 4.15956e-06 1.83644e+03 1.97538e-09 +0.00000e+00
 5.17947e-06 1.84690e+03 2.44595e-09 +0.00000e+00
 6.44947e-06 1.85800e+03 3.02704e-09 +0.00000e+00
 8.03086e-06 1.86977e+03 3.74542e-09 +0.00000e+00
 1.00000e-05 1.88224e+03 4.63146e-09 +0.00000e+00
 1.24520e-05 1.89540e+03 5.72608e-09 +0.00000e+00
 1.55052e-05 1.90929e+03 7.07476e-09 +0.00000e+00
 1.93070e-05 1.92385e+03 8.73949e-09 +0.00000e+00
 2.40410e-05 1.93910e+03 1.07894e-08 +0.00000e+00
 2.99358e-05 1.95499e+03 1.33170e-08 +0.00000e+00
 3.72759e-05 1.97151e+03 1.64277e-08 +0.00000e+00
 4.64159e-05 1.98864e+03 2.02590e-08 +0.00000e+00
 5.77969e-05 2.00635e+03 2.49704e-08 +0.00000e+00
 7.19686e-05 2.02464e+03 3.07649e-08 +0.00000e+00
 8.96151e-05 2.04351e+03 3.78820e-08 +0.00000e+00
 1.11588e-04 2.06297e+03 4.66178e-08 +0.00000e+00
 1.38950e-04 2.08303e+03 5.73282e-08 +0.00000e+00
 1.73020e-04 2.10372e+03 7.04382e-08 +0.00000e+00
 2.15443e-04 2.12504e+03 8.64687e-08 +0.00000e+00
 2.68270e-04 2.14702e+03 1.06014e-07 +0.00000e+00
 3.34048e-04 2.16968e+03 1.29817e-07 +0.00000e+00
 4.15956e-04 2.19305e+03 1.58672e-07 +0.00000e+00
 5.17947e-04 2.21715e+03 1.93608e-07 +0.00000e+00
 6.44947e-04 2.24200e+03 2.35608e-07 +0.00000e+00
 8.03086e-04 2.26761e+03 2.85989e-07 +0.00000e+00
 1.00000e-03 2.29394e+03 3.45941e-07 +0.00000e+00
 1.24520e-03 2.32081e+03 4.16954e-07 -2.54744e-07
 1.55052e-03 2.34699e+03 5.00823e-07 -3.17206e-07
 1.93070e-03 2.37345e+03 5.98931e-07 -3.94982e-07
 2.40410e-03 2.40031e+03 7.12938e-07 -4.91833e-07
 2.99358e-03 2.42757e+03 8.43827e-07 -6.12429e-07
 3.72759e-03 2.45529e+03 9.93232e-07 -7.62594e-07
 4.64159e-03 2.48349e+03 1.16182e-06 -9.49580e-07
 5.77969e-03 2.51226e+03 1.35009e-06 -1.18241e-06
 7.19686e-03 2.54167e+03 1.55862e-06 -1.47234e-06
 8.96151e-03 2.57192e+03 1.78648e-06 -1.83335e-06
 1.11588e-02 2.60213e+03 2.03441e-06 -2.28288e-06
 1.38950e-02 2.63243e+03 2.30311e-06 -2.84263e-06
 1.73020e-02 2.66299e+03 2.59211e-06 -3.53965e-06
 2.15443e-02 2.69402e+03 2.90014e-06 -4.40756e-06
 2.68270e-02 2.72580e+03 3.22734e-06 -5.48828e-06
 3.34048e-02 2.75860e+03 3.57217e-06 -6.83398e-06
 4.15956e-02 2.79242e+03 3.93192e-06 +1.38922e-02
 5.17947e-02 2.82548e+03 4.31024e-06 +2.36317e-02
 6.44947e-02 2.85762e+03 4.71243e-06 +1.36336e-02
 8.03086e-02 2.88908e+03 5.14151e-06 +1.20281e-02
 1.00000e-01 2.92007e+03 5.60106e-06 +1.11395e-02
 1.24520e-01 2.95076e+03 6.09006e-06 +1.07098e-02
 1.55052e-01 2.98127e+03 6.61561e-06 +1.07453e-02
 1.93070e-01 3.01173e+03 7.18170e-06 +1.16484e-02
 2.40410e-01 3.04263e+03 7.79060e-06 +1.11978e-02
 2.99358e-01 3.07378e+03 8.44496e-06 +1.30561e-02
 3.72759e-01 3.10494e+03 9.14615e-06 +1.45499e-02
 4.64159e-01 3.13619e+03 9.90481e-06 +1.65499e-02
 5.77969e-01 3.16764e+03 1.07271e-05 +1.90246e-02
 7.19686e-01 3.19934e+03 1.16195e-05 +2.20516e-02
 8.96151e-01 3.23135e+03 1.25857e-05 +2.57359e-02
 1.11588e+00 3.26375e+03 1.36257e-05 +3.02055e-02
 1.38950e+00 3.29658e+03 1.47557e-05 +3.56635e-02
 1.73020e+00 3.32986e+03 1.59841e-05 +4.23479e-02
 2.15443e+00 3.36360e+03 1.73207e-05 +5.05799e-02
 2.68270e+00 3.39781e+03 1.87681e-05 +6.07737e-02
 3.34048e+00 3.43254e+03 2.03278e-05 +6.79525e-02
 4.15956e+00 3.46770e+03 2.20251e-05 +6.98414e-02
 5.17947e+00 3.50330e+03 2.38725e-05 +7.14217e-02
 6.44947e+00 3.53935e+03 2.58848e-05 +7.27447e-02
 8.03086e+00 3.57587e+03 2.80592e-05 +7.38517e-02
 1.00000e+01 3.61288e+03 3.04036e-05 +7.47794e-02
 1.24520e+01 3.65038e+03 3.29509e-05 +7.55582e-02
 1.55052e+01 3.68837e+03 3.57195e-05 +7.62120e-02
 1.93070e+01 3.72687e+03 3.87298e-05 +7.67607e-02
 2.40410e+01 3.76587e+03 4.19626e-05 +7.72211e-02
 2.99358e+01 3.80537e+03 4.54441e-05 +7.76076e-02
 3.72759e+01 3.84539e+03 4.92179e-05 +7.79315e-02
 4.64159e+01 3.88594e+03 5.33100e-05 +7.82030e-02
 5.77969e+01 3.92703e+03 5.77487e-05 +7.84310e-02
 7.19686e+01 3.96867e+03 6.24835e-05 +7.86224e-02
 8.96151e+01 4.01085e+03 6.75808e-05 +7.87834e-02
 1.11588e+02 4.05359e+03 7.30957e-05 +7.89184e-02
 1.38950e+02 4.09690e+03 7.90637e-05 +7.90314e-02
 1.73020e+02 4.14080e+03 8.55269e-05 +7.91265e-02
 2.15443e+02 4.18532e+03 9.23958e-05 +7.92058e-02
 2.68270e+02 4.23049e+03 9.97845e-05 +7.92725e-02
 3.34048e+02 4.27637e+03 1.07763e-04 +7.93281e-02
 4.15956e+02 4.32299e+03 1.16382e-04 +7.93750e-02
 5.17947e+02 4.37037e+03 1.25691e-04 +7.94145e-02
 6.44947e+02 4.41853e+03 1.35547e-04 +7.94476e-02
 8.03086e+02 4.46746e+03 1.46122e-04 +7.94758e-02
 1.00000e+03 4.51717e+03 1.57509e-04 +7.94995e-02
