#n1=128 n2=4 Teff=02600 R=5.1524e+10 L=8.6429e+31 logg=+4.00
#   tau          T          rho         Fconv
 0.00000e+00 1.30631e+03 1.14746e-20 +0.00000e+00
 1.00000e-09 1.30631e+03 6.76670e-13 +0.00000e+00
 1.24520e-09 1.30568e+03 8.43138e-13 +0.00000e+00
 1.55052e-09 1.30727e+03 1.04863e-12 +0.00000e+00
 1.93070e-09 1.30729e+03 1.30590e-12 +0.00000e+00
 2.40410e-09 1.30765e+03 1.62581e-12 +0.00000e+00
 2.99358e-09 1.30821e+03 2.02379e-12 +0.00000e+00
 3.72759e-09 1.30906e+03 2.51858e-12 +0.00000e+00
 4.64159e-09 1.31013e+03 3.13383e-12 +0.00000e+00
 5.77969e-09 1.31140e+03 3.89874e-12 +0.00000e+00
 7.19686e-09 1.31291e+03 4.84945e-12 +0.00000e+00
 8.96151e-09 1.31422e+03 6.03294e-12 +0.00000e+00
 1.11588e-08 1.31585e+03 7.50344e-12 +0.00000e+00
 1.38950e-08 1.31917e+03 9.32015e-12 +0.00000e+00
 1.73020e-08 1.32081e+03 1.15918e-11 +0.00000e+00
 2.15443e-08 1.32274e+03 1.44140e-11 +0.00000e+00
 2.68270e-08 1.32457e+03 1.79247e-11 +0.00000e+00
 3.34048e-08 1.32664e+03 2.22865e-11 +0.00000e+00
 4.15956e-08 1.32912e+03 2.77008e-11 +0.00000e+00
 5.17947e-08 1.33231e+03 3.44123e-11 +0.00000e+00
 6.44947e-08 1.33568e+03 4.27441e-11 +0.00000e+00
 8.03086e-08 1.34016e+03 5.30495e-11 +0.00000e+00
 1.00000e-07 1.34478e+03 6.58329e-11 +0.00000e+00
 1.24520e-07 1.35097e+03 8.16021e-11 +0.00000e+00
 1.55052e-07 1.35713e+03 1.01153e-10 +0.00000e+00
 1.93070e-07 1.36502e+03 1.25231e-10 +0.00000e+00
 2.40410e-07 1.37302e+03 1.55033e-10 +0.00000e+00
 2.99358e-07 1.38271e+03 1.91698e-10 +0.00000e+00
 3.72759e-07 1.39324e+03 2.36901e-10 +0.00000e+00
 4.64159e-07 1.40429e+03 2.92671e-10 +0.00000e+00
 5.77969e-07 1.41663e+03 3.61258e-10 +0.00000e+00
 7.19686e-07 1.42934e+03 4.45840e-10 +0.00000e+00
 8.96151e-07 1.44265e+03 5.50036e-10 +0.00000e+00
 1.11588e-06 1.45669e+03 6.78299e-10 +0.00000e+00
 1.38950e-06 1.47095e+03 8.36420e-10 +0.00000e+00
 1.73020e-06 1.48554e+03 1.03127e-09 +0.00000e+00
 2.15443e-06 1.50033e+03 1.27145e-09 +0.00000e+00
 2.68270e-06 1.51520e+03 1.56764e-09 +0.00000e+00
 3.34048e-06 1.53032e+03 1.93270e-09 +0.00000e+00
 4.15956e-06 1.54447e+03 2.38451e-09 +0.00000e+00
 5.17947e-06 1.56308e+03 2.93364e-09 +0.00000e+00
 6.44947e-06 1.58211e+03 3.60868e-09 +0.00000e+00
 8.03086e-06 1.60160e+03 4.43842e-09 +0.00000e+00
 1.00000e-05 1.62131e+03 5.45884e-09 +0.00000e+00
 1.24520e-05 1.64135e+03 6.71348e-09 +0.00000e+00
 1.55052e-05 1.66145e+03 8.25703e-09 +0.00000e+00
 1.93070e-05 1.68176e+03 1.01557e-08 +0.00000e+00
 2.40410e-05 1.70190e+03 1.24933e-08 +0.00000e+00
 2.99358e-05 1.72231e+03 1.53686e-08 +0.00000e+00
 3.72759e-05 1.74241e+03 1.89104e-08 +0.00000e+00
 4.64159e-05 1.76286e+03 2.32659e-08 +0.00000e+00
 5.77969e-05 1.78341e+03 2.86242e-08 +0.00000e+00
 7.19686e-05 1.80363e+03 3.52256e-08 +0.00000e+00
 8.96151e-05 1.82396e+03 4.33471e-08 +0.00000e+00
 1.11588e-04 1.84361e+03 5.33620e-08 +0.00000e+00
 1.38950e-04 1.86329e+03 6.56869e-08 +0.00000e+00
 1.73020e-04 1.88346e+03 8.08296e-08 +0.00000e+00
 2.15443e-04 1.90432e+03 9.94110e-08 +0.00000e+00
 2.68270e-04 1.92514e+03 1.22242e-07 +0.00000e+00
 3.34048e-04 1.94791e+03 1.50116e-07 +0.00000e+00
 4.15956e-04 1.97284e+03 1.84038e-07 +0.00000e+00
 5.17947e-04 1.99907e+03 2.25333e-07 +0.00000e+00
 6.44947e-04 2.02633e+03 2.75481e-07 +0.00000e+00
 8.03086e-04 2.05509e+03 3.36131e-07 +0.00000e+00
 1.00000e-03 2.08539e+03 4.09068e-07 +0.00000e+00
 1.24520e-03 2.11718e+03 4.96325e-07 -2.54595e-07
 1.55052e-03 2.15038e+03 5.99831e-07 -3.17020e-07
 1.93070e-03 2.18406e+03 7.21834e-07 -3.94754e-07
 2.40410e-03 2.21762e+03 8.64417e-07 -4.91547e-07
 2.99358e-03 2.25124e+03 1.02908e-06 -6.12070e-07
 3.72759e-03 2.28543e+03 1.21648e-06 -7.62149e-07
 4.64159e-03 2.32007e+03 1.42622e-06 -9.49027e-07
 5.77969e-03 2.35532e+03 1.65719e-06 -1.18173e-06
 7.19686e-03 2.39102e+03 1.90717e-06 -1.47148e-06
 8.96151e-03 2.42737e+03 2.17247e-06 -1.83228e-06
 1.11588e-02 2.46426e+03 2.44981e-06 -2.28155e-06
 1.38950e-02 2.50213e+03 2.73455e-06 -2.84098e-06
 1.73020e-02 2.54124e+03 3.02010e-06 +3.89798e-02
 2.15443e-02 2.57806e+03 3.31136e-06 +6.95208e-02
 2.68270e-02 2.61247e+03 3.61232e-06 +5.39668e-02
 3.34048e-02 2.64509e+03 3.92581e-06 +4.31882e-02
 4.15956e-02 2.67639e+03 4.25342e-06 +3.57076e-02
 5.17947e-02 2.70673e+03 4.59809e-06 +3.05178e-02
 6.44947e-02 2.73636e+03 4.96289e-06 +2.67203e-02
 8.03086e-02 2.76546e+03 5.35057e-06 +2.38788e-02
 1.00000e-01 2.79421e+03 5.76398e-06 +2.18328e-02
 1.24520e-01 2.82273e+03 6.20446e-06 +2.04680e-02
 1.55052e-01 2.85114e+03 6.67488e-06 +1.95726e-02
 1.93070e-01 2.87956e+03 7.17916e-06 +2.00912e-02
 2.40410e-01 2.90871e+03 7.71729e-06 +1.84730e-02
 2.99358e-01 2.93778e+03 8.29514e-06 +1.90865e-02
 3.72759e-01 2.96679e+03 8.91670e-06 +1.99673e-02
 4.64159e-01 2.99583e+03 9.58213e-06 +2.12812e-02
 5.77969e-01 3.02501e+03 1.03003e-05 +2.30837e-02
 7.19686e-01 3.05437e+03 1.10765e-05 +2.54359e-02
 8.96151e-01 3.08397e+03 1.19156e-05 +2.84134e-02
 1.11588e+00 3.11385e+03 1.28244e-05 +3.21384e-02
 1.38950e+00 3.14405e+03 1.38015e-05 +3.67475e-02
 1.73020e+00 3.17461e+03 1.48567e-05 +4.24556e-02
 2.15443e+00 3.20557e+03 1.60002e-05 +4.95716e-02
 2.68270e+00 3.23697e+03 1.72403e-05 +5.85245e-02
 3.34048e+00 3.26882e+03 1.85852e-05 +6.52761e-02
 4.15956e+00 3.30108e+03 2.00373e-05 +6.75951e-02
 5.17947e+00 3.33377e+03 2.16049e-05 +6.95312e-02
 6.44947e+00 3.36691e+03 2.33079e-05 +7.11515e-02
 8.03086e+00 3.40052e+03 2.51596e-05 +7.25075e-02
 1.00000e+01 3.43461e+03 2.71754e-05 +7.36431e-02
 1.24520e+01 3.46919e+03 2.93602e-05 +7.45930e-02
 1.55052e+01 3.50432e+03 3.17165e-05 +7.53866e-02
 1.93070e+01 3.54001e+03 3.42811e-05 +7.60524e-02
 2.40410e+01 3.57627e+03 3.70743e-05 +7.66117e-02
 2.99358e+01 3.61313e+03 4.01183e-05 +7.70818e-02
 3.72759e+01 3.65059e+03 4.34171e-05 +7.74759e-02
 4.64159e+01 3.68870e+03 4.69718e-05 +7.78067e-02
 5.77969e+01 3.72746e+03 5.08412e-05 +7.80854e-02
 7.19686e+01 3.76688e+03 5.50542e-05 +7.83204e-02
 8.96151e+01 3.80696e+03 5.96429e-05 +7.85184e-02
 1.11588e+02 3.84771e+03 6.46002e-05 +7.86852e-02
 1.38950e+02 3.88915e+03 6.99362e-05 +7.88253e-02
 1.73020e+02 3.93128e+03 7.57324e-05 +7.89438e-02
 2.15443e+02 3.97409e+03 8.20307e-05 +7.90438e-02
 2.68270e+02 4.01759e+03 8.88767e-05 +7.91283e-02
 3.34048e+02 4.06177e+03 9.62318e-05 +7.91993e-02
 4.15956e+02 4.10663e+03 1.04143e-04 +7.92591e-02
 5.17947e+02 4.15220e+03 1.12719e-04 +7.93097e-02
 6.44947e+02 4.19849e+03 1.22018e-04 +7.93518e-02
 8.03086e+02 4.24554e+03 1.32102e-04 +7.93873e-02
 1.00000e+03 4.29339e+03 1.42869e-04 +7.94174e-02
