#n1=128 n2=4 Teff=02700 R=5.4053e+10 L=1.1056e+32 logg=+4.00
#   tau          T          rho         Fconv
 0.00000e+00 1.45980e+03 1.02445e-20 +0.00000e+00
 1.00000e-09 1.45980e+03 5.97320e-13 +0.00000e+00
 1.24520e-09 1.46012e+03 7.44512e-13 +0.00000e+00
 1.55052e-09 1.46043e+03 9.27623e-13 +0.00000e+00
 1.93070e-09 1.46077e+03 1.15596e-12 +0.00000e+00
 2.40410e-09 1.46111e+03 1.44006e-12 +0.00000e+00
 2.99358e-09 1.46148e+03 1.79414e-12 +0.00000e+00
 3.72759e-09 1.46188e+03 2.23478e-12 +0.00000e+00
 4.64159e-09 1.46231e+03 2.78373e-12 +0.00000e+00
 5.77969e-09 1.46278e+03 3.46696e-12 +0.00000e+00
 7.19686e-09 1.46329e+03 4.31778e-12 +0.00000e+00
 8.96151e-09 1.46385e+03 5.37675e-12 +0.00000e+00
 1.11588e-08 1.46449e+03 6.69499e-12 +0.00000e+00
 1.38950e-08 1.46520e+03 8.33558e-12 +0.00000e+00
 1.73020e-08 1.46602e+03 1.03770e-11 +0.00000e+00
 2.15443e-08 1.46697e+03 1.29170e-11 +0.00000e+00
 2.68270e-08 1.46809e+03 1.60761e-11 +0.00000e+00
 3.34048e-08 1.46941e+03 2.00050e-11 +0.00000e+00
 4.15956e-08 1.47099e+03 2.48884e-11 +0.00000e+00
 5.17947e-08 1.47287e+03 3.09579e-11 +0.00000e+00
 6.44947e-08 1.47510e+03 3.84957e-11 +0.00000e+00
 8.03086e-08 1.47773e+03 4.78575e-11 +0.00000e+00
 1.00000e-07 1.48080e+03 5.94745e-11 +0.00000e+00
 1.24520e-07 1.48431e+03 7.38927e-11 +0.00000e+00
 1.55052e-07 1.48823e+03 9.17755e-11 +0.00000e+00
 1.93070e-07 1.49254e+03 1.13961e-10 +0.00000e+00
 2.40410e-07 1.49724e+03 1.41469e-10 +0.00000e+00
 2.99358e-07 1.50226e+03 1.75583e-10 +0.00000e+00
 3.72759e-07 1.50760e+03 2.17876e-10 +0.00000e+00
 4.64159e-07 1.51326e+03 2.70305e-10 +0.00000e+00
 5.77969e-07 1.51928e+03 3.35270e-10 +0.00000e+00
 7.19686e-07 1.52571e+03 4.15746e-10 +0.00000e+00
 8.96151e-07 1.53261e+03 5.15383e-10 +0.00000e+00
 1.11588e-06 1.54005e+03 6.38686e-10 +0.00000e+00
 1.38950e-06 1.54806e+03 7.91209e-10 +0.00000e+00
 1.73020e-06 1.55672e+03 9.79760e-10 +0.00000e+00
 2.15443e-06 1.56609e+03 1.21273e-09 +0.00000e+00
 2.68270e-06 1.57617e+03 1.50044e-09 +0.00000e+00
 3.34048e-06 1.58702e+03 1.85559e-09 +0.00000e+00
 4.15956e-06 1.59862e+03 2.29378e-09 +0.00000e+00
 5.17947e-06 1.61099e+03 2.83425e-09 +0.00000e+00
 6.44947e-06 1.62418e+03 3.50039e-09 +0.00000e+00
 8.03086e-06 1.63816e+03 4.32135e-09 +0.00000e+00
 1.00000e-05 1.65287e+03 5.33266e-09 +0.00000e+00
 1.24520e-05 1.66832e+03 6.57832e-09 +0.00000e+00
 1.55052e-05 1.68446e+03 8.11196e-09 +0.00000e+00
 1.93070e-05 1.70126e+03 1.00002e-08 +0.00000e+00
 2.40410e-05 1.71866e+03 1.23244e-08 +0.00000e+00
 2.99358e-05 1.73664e+03 1.51852e-08 +0.00000e+00
 3.72759e-05 1.75514e+03 1.87055e-08 +0.00000e+00
 4.64159e-05 1.77415e+03 2.30376e-08 +0.00000e+00
 5.77969e-05 1.79363e+03 2.83671e-08 +0.00000e+00
 7.19686e-05 1.81357e+03 3.49235e-08 +0.00000e+00
 8.96151e-05 1.83397e+03 4.29863e-08 +0.00000e+00
 1.11588e-04 1.85508e+03 5.28929e-08 +0.00000e+00
 1.38950e-04 1.87643e+03 6.50764e-08 +0.00000e+00
 1.73020e-04 1.89825e+03 8.00462e-08 +0.00000e+00
 2.15443e-04 1.92068e+03 9.84260e-08 +0.00000e+00
 2.68270e-04 1.94385e+03 1.20968e-07 +0.00000e+00
 3.34048e-04 1.96723e+03 1.48644e-07 +0.00000e+00
 4.15956e-04 1.99117e+03 1.82557e-07 +0.00000e+00
 5.17947e-04 2.01562e+03 2.24098e-07 +0.00000e+00
 6.44947e-04 2.04091e+03 2.74844e-07 +0.00000e+00
 8.03086e-04 2.06697e+03 3.36785e-07 +0.00000e+00
 1.00000e-03 2.09378e+03 4.12170e-07 +0.00000e+00
 1.24520e-03 2.12083e+03 5.03902e-07 -2.54738e-07
 1.55052e-03 2.14836e+03 6.15037e-07 -3.17199e-07
 1.93070e-03 2.17621e+03 7.49344e-07 -3.94974e-07
 2.40410e-03 2.20405e+03 9.11028e-07 -4.91821e-07
 2.99358e-03 2.23281e+03 1.10420e-06 -6.12415e-07
 3.72759e-03 2.26216e+03 1.33355e-06 -7.62578e-07
 4.64159e-03 2.29219e+03 1.60350e-06 -9.49559e-07
 5.77969e-03 2.32301e+03 1.91825e-06 -1.18239e-06
 7.19686e-03 2.35486e+03 2.28024e-06 -1.47230e-06
 8.96151e-03 2.38761e+03 2.69171e-06 -1.83331e-06
 1.11588e-02 2.42155e+03 3.15151e-06 -2.28283e-06
 1.38950e-02 2.45680e+03 3.65650e-06 -2.84258e-06
 1.73020e-02 2.49281e+03 4.20331e-06 -3.53958e-06
 2.15443e-02 2.52905e+03 4.78714e-06 -4.40746e-06
 2.68270e-02 2.56583e+03 5.40258e-06 -5.48817e-06
 3.34048e-02 2.60343e+03 6.04312e-06 -6.83385e-06
 4.15956e-02 2.64248e+03 6.69829e-06 -8.50946e-06
 5.17947e-02 2.68246e+03 7.36003e-06 +2.10969e-02
 6.44947e-02 2.72046e+03 8.04044e-06 +3.59444e-02
 8.03086e-02 2.75645e+03 8.74815e-06 +1.83227e-02
 1.00000e-01 2.79092e+03 9.48980e-06 +1.59728e-02
 1.24520e-01 2.82431e+03 1.02678e-05 +1.45138e-02
 1.55052e-01 2.85694e+03 1.10904e-05 +1.38300e-02
 1.93070e-01 2.88905e+03 1.19635e-05 +1.45435e-02
 2.40410e-01 2.92130e+03 1.28892e-05 +1.39312e-02
 2.99358e-01 2.95318e+03 1.38765e-05 +1.47572e-02
 3.72759e-01 2.98478e+03 1.49274e-05 +1.60442e-02
 4.64159e-01 3.01626e+03 1.60519e-05 +1.78235e-02
 5.77969e-01 3.04771e+03 1.72594e-05 +2.01092e-02
 7.19686e-01 3.07922e+03 1.85583e-05 +2.29580e-02
 8.96151e-01 3.11086e+03 1.99580e-05 +2.64584e-02
 1.11588e+00 3.14269e+03 2.14637e-05 +3.07149e-02
 1.38950e+00 3.17479e+03 2.30808e-05 +3.58700e-02
 1.73020e+00 3.20721e+03 2.48276e-05 +4.21349e-02
 2.15443e+00 3.24000e+03 2.67163e-05 +4.97978e-02
 2.68270e+00 3.27319e+03 2.87607e-05 +5.92652e-02
 3.34048e+00 3.30681e+03 3.09744e-05 +6.61803e-02
 4.15956e+00 3.34085e+03 3.33510e-05 +6.83538e-02
 5.17947e+00 3.37530e+03 3.59273e-05 +7.01706e-02
 6.44947e+00 3.41021e+03 3.87230e-05 +7.16909e-02
 8.03086e+00 3.44559e+03 4.17596e-05 +7.29638e-02
 1.00000e+01 3.48145e+03 4.50602e-05 +7.40301e-02
 1.24520e+01 3.51782e+03 4.86088e-05 +7.49215e-02
 1.55052e+01 3.55473e+03 5.24555e-05 +7.56700e-02
 1.93070e+01 3.59218e+03 5.66335e-05 +7.62990e-02
 2.40410e+01 3.63019e+03 6.11725e-05 +7.68273e-02
 2.99358e+01 3.66876e+03 6.61031e-05 +7.72720e-02
 3.72759e+01 3.70789e+03 7.13965e-05 +7.76459e-02
 4.64159e+01 3.74759e+03 7.71172e-05 +7.79604e-02
 5.77969e+01 3.78785e+03 8.33153e-05 +7.82254e-02
 7.19686e+01 3.82867e+03 9.00312e-05 +7.84482e-02
 8.96151e+01 3.87005e+03 9.73105e-05 +7.86355e-02
 1.11588e+02 3.91201e+03 1.05093e-04 +7.87933e-02
 1.38950e+02 3.95451e+03 1.13468e-04 +7.89258e-02
 1.73020e+02 3.99757e+03 1.22516e-04 +7.90377e-02
 2.15443e+02 4.04119e+03 1.32290e-04 +7.91313e-02
 2.68270e+02 4.08537e+03 1.42854e-04 +7.92100e-02
 3.34048e+02 4.13012e+03 1.54115e-04 +7.92764e-02
 4.15956e+02 4.17543e+03 1.66183e-04 +7.93319e-02
 5.17947e+02 4.22134e+03 1.79185e-04 +7.93787e-02
 6.44947e+02 4.26788e+03 1.93194e-04 +7.94176e-02
 8.03086e+02 4.31508e+03 2.08284e-04 +7.94505e-02
 1.00000e+03 4.36294e+03 2.24333e-04 +7.94784e-02
