#n1=128 n2=4 Teff=02900 R=1.0254e+10 L=5.2880e+30 logg=+5.50
#   tau          T          rho         Fconv
 0.00000e+00 1.77695e+03 8.41135e-21 +0.00000e+00
 1.00000e-09 1.77695e+03 1.49486e-11 +0.00000e+00
 1.24520e-09 1.77524e+03 1.87478e-11 +0.00000e+00
 1.55052e-09 1.77398e+03 2.34933e-11 +0.00000e+00
 1.93070e-09 1.77299e+03 2.93912e-11 +0.00000e+00
 2.40410e-09 1.77221e+03 3.67714e-11 +0.00000e+00
 2.99358e-09 1.77154e+03 4.59400e-11 +0.00000e+00
 3.72759e-09 1.77071e+03 5.74282e-11 +0.00000e+00
 4.64159e-09 1.77006e+03 7.17035e-11 +0.00000e+00
 5.77969e-09 1.76958e+03 8.95329e-11 +0.00000e+00
 7.19686e-09 1.76925e+03 1.11710e-10 +0.00000e+00
 8.96151e-09 1.76901e+03 1.39383e-10 +0.00000e+00
 1.11588e-08 1.76879e+03 1.73843e-10 +0.00000e+00
 1.38950e-08 1.76863e+03 2.16806e-10 +0.00000e+00
 1.73020e-08 1.76851e+03 2.70324e-10 +0.00000e+00
 2.15443e-08 1.76842e+03 3.37008e-10 +0.00000e+00
 2.68270e-08 1.76835e+03 4.20102e-10 +0.00000e+00
 3.34048e-08 1.76831e+03 5.23585e-10 +0.00000e+00
 4.15956e-08 1.76830e+03 6.52547e-10 +0.00000e+00
 5.17947e-08 1.76831e+03 8.13102e-10 +0.00000e+00
 6.44947e-08 1.76836e+03 1.01319e-09 +0.00000e+00
 8.03086e-08 1.76847e+03 1.26221e-09 +0.00000e+00
 1.00000e-07 1.76862e+03 1.57252e-09 +0.00000e+00
 1.24520e-07 1.76885e+03 1.95864e-09 +0.00000e+00
 1.55052e-07 1.76919e+03 2.43962e-09 +0.00000e+00
 1.93070e-07 1.76967e+03 3.03792e-09 +0.00000e+00
 2.40410e-07 1.77036e+03 3.78272e-09 +0.00000e+00
 2.99358e-07 1.77131e+03 4.70884e-09 +0.00000e+00
 3.72759e-07 1.77261e+03 5.86066e-09 +0.00000e+00
 4.64159e-07 1.77435e+03 7.29177e-09 +0.00000e+00
 5.77969e-07 1.77664e+03 9.06962e-09 +0.00000e+00
 7.19686e-07 1.77953e+03 1.12764e-08 +0.00000e+00
 8.96151e-07 1.78308e+03 1.40149e-08 +0.00000e+00
 1.11588e-06 1.78726e+03 1.74117e-08 +0.00000e+00
 1.38950e-06 1.79200e+03 2.16249e-08 +0.00000e+00
 1.73020e-06 1.79717e+03 2.68509e-08 +0.00000e+00
 2.15443e-06 1.80265e+03 3.33341e-08 +0.00000e+00
 2.68270e-06 1.80828e+03 4.13797e-08 +0.00000e+00
 3.34048e-06 1.81400e+03 5.13641e-08 +0.00000e+00
 4.15956e-06 1.81982e+03 6.37555e-08 +0.00000e+00
 5.17947e-06 1.82581e+03 7.91272e-08 +0.00000e+00
 6.44947e-06 1.83208e+03 9.81921e-08 +0.00000e+00
 8.03086e-06 1.83872e+03 1.21822e-07 +0.00000e+00
 1.00000e-05 1.84581e+03 1.51104e-07 +0.00000e+00
 1.24520e-05 1.85340e+03 1.87368e-07 +0.00000e+00
 1.55052e-05 1.86151e+03 2.32273e-07 +0.00000e+00
 1.93070e-05 1.87015e+03 2.87850e-07 +0.00000e+00
 2.40410e-05 1.87934e+03 3.56624e-07 +0.00000e+00
 2.99358e-05 1.88903e+03 4.41697e-07 +0.00000e+00
 3.72759e-05 1.89924e+03 5.46915e-07 +0.00000e+00
 4.64159e-05 1.90993e+03 6.77001e-07 +0.00000e+00
 5.77969e-05 1.92108e+03 8.37818e-07 +0.00000e+00
 7.19686e-05 1.93262e+03 1.03657e-06 +0.00000e+00
 8.96151e-05 1.94458e+03 1.28216e-06 +0.00000e+00
 1.11588e-04 1.95682e+03 1.58561e-06 +0.00000e+00
 1.38950e-04 1.96932e+03 1.96046e-06 +0.00000e+00
 1.73020e-04 1.98205e+03 2.42343e-06 +0.00000e+00
 2.15443e-04 1.99498e+03 2.99509e-06 +0.00000e+00
 2.68270e-04 2.00817e+03 3.70059e-06 +0.00000e+00
 3.34048e-04 2.02165e+03 4.57082e-06 +0.00000e+00
 4.15956e-04 2.03550e+03 5.64344e-06 +0.00000e+00
 5.17947e-04 2.04983e+03 6.96420e-06 +0.00000e+00
 6.44947e-04 2.06483e+03 8.58838e-06 +0.00000e+00
 8.03086e-04 2.08076e+03 1.05819e-05 +0.00000e+00
 1.00000e-03 2.09806e+03 1.30222e-05 +0.00000e+00
 1.24520e-03 2.11723e+03 1.59986e-05 -2.55085e-07
 1.55052e-03 2.13889e+03 1.96118e-05 -3.17631e-07
 1.93070e-03 2.16412e+03 2.39648e-05 -3.95511e-07
 2.40410e-03 2.19399e+03 2.91567e-05 -4.92492e-07
 2.99358e-03 2.22995e+03 3.52557e-05 -6.13249e-07
 3.72759e-03 2.27240e+03 4.22879e-05 -7.63615e-07
 4.64159e-03 2.32133e+03 5.01919e-05 -9.50852e-07
 5.77969e-03 2.37572e+03 5.87896e-05 -1.18400e-06
 7.19686e-03 2.43453e+03 6.77638e-05 -1.47431e-06
 8.96151e-03 2.49593e+03 7.67306e-05 -1.83581e-06
 1.11588e-02 2.55849e+03 8.53183e-05 -2.28594e-06
 1.38950e-02 2.62022e+03 9.33151e-05 +1.63718e-01
 1.73020e-02 2.67274e+03 1.01160e-04 +1.06721e-01
 2.15443e-02 2.72051e+03 1.08919e-04 +7.53678e-02
 2.68270e-02 2.76480e+03 1.16700e-04 +5.43866e-02
 3.34048e-02 2.80658e+03 1.24600e-04 +4.04127e-02
 4.15956e-02 2.84654e+03 1.32700e-04 +3.09833e-02
 5.17947e-02 2.88519e+03 1.41072e-04 +2.46787e-02
 6.44947e-02 2.92287e+03 1.49781e-04 +2.03281e-02
 8.03086e-02 2.95987e+03 1.58868e-04 +1.74635e-02
 1.00000e-01 2.99639e+03 1.68406e-04 +1.62800e-02
 1.24520e-01 3.03263e+03 1.78455e-04 +1.54150e-02
 1.55052e-01 3.06870e+03 1.89076e-04 +1.41176e-02
 1.93070e-01 3.10483e+03 2.00330e-04 +1.40264e-02
 2.40410e-01 3.14099e+03 2.12286e-04 +1.46006e-02
 2.99358e-01 3.17728e+03 2.24988e-04 +1.56276e-02
 3.72759e-01 3.21376e+03 2.38509e-04 +1.70844e-02
 4.64159e-01 3.25051e+03 2.52945e-04 +1.90016e-02
 5.77969e-01 3.28757e+03 2.68381e-04 +2.13819e-02
 7.19686e-01 3.32502e+03 2.84917e-04 +2.42695e-02
 8.96151e-01 3.36291e+03 3.02649e-04 +2.77013e-02
 1.11588e+00 3.40129e+03 3.21661e-04 +3.17586e-02
 1.38950e+00 3.44016e+03 3.42007e-04 +3.65390e-02
 1.73020e+00 3.47957e+03 3.63860e-04 +4.21957e-02
 2.15443e+00 3.51953e+03 3.87347e-04 +4.89865e-02
 2.68270e+00 3.56007e+03 4.12597e-04 +5.73150e-02
 3.34048e+00 3.60120e+03 4.39751e-04 +6.37363e-02
 4.15956e+00 3.64290e+03 4.68900e-04 +6.62587e-02
 5.17947e+00 3.68511e+03 5.00056e-04 +6.83963e-02
 6.44947e+00 3.72783e+03 5.33462e-04 +7.02011e-02
 8.03086e+00 3.77101e+03 5.69254e-04 +7.17250e-02
 1.00000e+01 3.81463e+03 6.07564e-04 +7.30123e-02
 1.24520e+01 3.85865e+03 6.48526e-04 +7.40995e-02
 1.55052e+01 3.90301e+03 6.92114e-04 +7.50205e-02
 1.93070e+01 3.94759e+03 7.38255e-04 +7.58001e-02
 2.40410e+01 3.99236e+03 7.87210e-04 +7.64545e-02
 2.99358e+01 4.03726e+03 8.39089e-04 +7.70029e-02
 3.72759e+01 4.08233e+03 8.94059e-04 +7.74579e-02
 4.64159e+01 4.12749e+03 9.52195e-04 +7.78417e-02
 5.77969e+01 4.17270e+03 1.01328e-03 +7.81643e-02
 7.19686e+01 4.21784e+03 1.07713e-03 +7.84341e-02
 8.96151e+01 4.26292e+03 1.14414e-03 +7.86575e-02
 1.11588e+02 4.30794e+03 1.21440e-03 +7.88427e-02
 1.38950e+02 4.35293e+03 1.28807e-03 +7.89958e-02
 1.73020e+02 4.39790e+03 1.36529e-03 +7.91228e-02
 2.15443e+02 4.44288e+03 1.44617e-03 +7.92277e-02
 2.68270e+02 4.48784e+03 1.52990e-03 +7.93152e-02
 3.34048e+02 4.53280e+03 1.61740e-03 +7.93871e-02
 4.15956e+02 4.57780e+03 1.70889e-03 +7.94466e-02
 5.17947e+02 4.62289e+03 1.80465e-03 +7.94956e-02
 6.44947e+02 4.66813e+03 1.90495e-03 +7.95361e-02
 8.03086e+02 4.71356e+03 2.01008e-03 +7.95695e-02
 1.00000e+03 4.75923e+03 2.12005e-03 +7.95973e-02
