#n1=128 n2=4 Teff=02900 R=5.7631e+09 L=1.6721e+30 logg=+6.00
#      tau          T          rho         Fconv
  0.00000e+00  1.58763e+03  9.65386e-21 +0.00000e+00
  1.00000e-09  1.58763e+03  5.83374e-11 +0.00000e+00
  1.24520e-09  1.59711e+03  7.21667e-11 +0.00000e+00
  1.55052e-09  1.60079e+03  8.96639e-11 +0.00000e+00
  1.93070e-09  1.60835e+03  1.11103e-10 +0.00000e+00
  2.40410e-09  1.61386e+03  1.37869e-10 +0.00000e+00
  2.99358e-09  1.61381e+03  1.71790e-10 +0.00000e+00
  3.72759e-09  1.62289e+03  2.12641e-10 +0.00000e+00
  4.64159e-09  1.62598e+03  2.64359e-10 +0.00000e+00
  5.77969e-09  1.63543e+03  3.27177e-10 +0.00000e+00
  7.19686e-09  1.63905e+03  4.06597e-10 +0.00000e+00
  8.96151e-09  1.64694e+03  5.03795e-10 +0.00000e+00
  1.11588e-08  1.65142e+03  6.25715e-10 +0.00000e+00
  1.38950e-08  1.65847e+03  7.75758e-10 +0.00000e+00
  1.73020e-08  1.66326e+03  9.63256e-10 +0.00000e+00
  2.15443e-08  1.66906e+03  1.19524e-09 +0.00000e+00
  2.68270e-08  1.67387e+03  1.48405e-09 +0.00000e+00
  3.34048e-08  1.68180e+03  1.83890e-09 +0.00000e+00
  4.15956e-08  1.68751e+03  2.28180e-09 +0.00000e+00
  5.17947e-08  1.69558e+03  2.82708e-09 +0.00000e+00
  6.44947e-08  1.70144e+03  3.50748e-09 +0.00000e+00
  8.03086e-08  1.70968e+03  4.34508e-09 +0.00000e+00
  1.00000e-07  1.71687e+03  5.38589e-09 +0.00000e+00
  1.24520e-07  1.72560e+03  6.66958e-09 +0.00000e+00
  1.55052e-07  1.72980e+03  8.28189e-09 +0.00000e+00
  1.93070e-07  1.73683e+03  1.02662e-08 +0.00000e+00
  2.40410e-07  1.75020e+03  1.26748e-08 +0.00000e+00
  2.99358e-07  1.75996e+03  1.56817e-08 +0.00000e+00
  3.72759e-07  1.77675e+03  1.93154e-08 +0.00000e+00
  4.64159e-07  1.79377e+03  2.37809e-08 +0.00000e+00
  5.77969e-07  1.81097e+03  2.92632e-08 +0.00000e+00
  7.19686e-07  1.82824e+03  3.59909e-08 +0.00000e+00
  8.96151e-07  1.84562e+03  4.42351e-08 +0.00000e+00
  1.11588e-06  1.86305e+03  5.43277e-08 +0.00000e+00
  1.38950e-06  1.88072e+03  6.66538e-08 +0.00000e+00
  1.73020e-06  1.89828e+03  8.16946e-08 +0.00000e+00
  2.15443e-06  1.91589e+03  1.00002e-07 +0.00000e+00
  2.68270e-06  1.93356e+03  1.22225e-07 +0.00000e+00
  3.34048e-06  1.95126e+03  1.49128e-07 +0.00000e+00
  4.15956e-06  1.96902e+03  1.81572e-07 +0.00000e+00
  5.17947e-06  1.98680e+03  2.20571e-07 +0.00000e+00
  6.44947e-06  2.00466e+03  2.67216e-07 +0.00000e+00
  8.03086e-06  2.02258e+03  3.22768e-07 +0.00000e+00
  1.00000e-05  2.04061e+03  3.88545e-07 +0.00000e+00
  1.24520e-05  2.05876e+03  4.65990e-07 +0.00000e+00
  1.55052e-05  2.07705e+03  5.56602e-07 +0.00000e+00
  1.93070e-05  2.09551e+03  6.61860e-07 +0.00000e+00
  2.40410e-05  2.11414e+03  7.83352e-07 +0.00000e+00
  2.99358e-05  2.13298e+03  9.22474e-07 +0.00000e+00
  3.72759e-05  2.15203e+03  1.08066e-06 +0.00000e+00
  4.64159e-05  2.17133e+03  1.25922e-06 +0.00000e+00
  5.77969e-05  2.19086e+03  1.45918e-06 +0.00000e+00
  7.19686e-05  2.21064e+03  1.68170e-06 +0.00000e+00
  8.96151e-05  2.23070e+03  1.92766e-06 +0.00000e+00
  1.11588e-04  2.25102e+03  2.19766e-06 +0.00000e+00
  1.38950e-04  2.27165e+03  2.49247e-06 +0.00000e+00
  1.73020e-04  2.29259e+03  2.81270e-06 +0.00000e+00
  2.15443e-04  2.31389e+03  3.15869e-06 +0.00000e+00
  2.68270e-04  2.33556e+03  3.53058e-06 +0.00000e+00
  3.34048e-04  2.35766e+03  3.92887e-06 +0.00000e+00
  4.15956e-04  2.38024e+03  4.35367e-06 +0.00000e+00
  5.17947e-04  2.40331e+03  4.80486e-06 +0.00000e+00
  6.44947e-04  2.42694e+03  5.28187e-06 +0.00000e+00
  8.03086e-04  2.45116e+03  5.78486e-06 +0.00000e+00
  1.00000e-03  2.47595e+03  6.31364e-06 +0.00000e+00
  1.24520e-03  2.50096e+03  6.86836e-06 -2.54823e-07
  1.55052e-03  2.52116e+03  7.47989e-06 -3.17305e-07
  1.93070e-03  2.54179e+03  8.14329e-06 -3.95106e-07
  2.40410e-03  2.56303e+03  8.86089e-06 -4.91986e-07
  2.99358e-03  2.58499e+03  9.63439e-06 -6.12620e-07
  3.72759e-03  2.60771e+03  1.04652e-05 -7.62832e-07
  4.64159e-03  2.63127e+03  1.13524e-05 -9.49876e-07
  5.77969e-03  2.65579e+03  1.22960e-05 -1.18278e-06
  7.19686e-03  2.68144e+03  1.32948e-05 -1.47280e-06
  8.96151e-03  2.70834e+03  1.43456e-05 -1.83392e-06
  1.11588e-02  2.73614e+03  1.54495e-05 -2.28360e-06
  1.38950e-02  2.76513e+03  1.66010e-05 -2.84352e-06
  1.73020e-02  2.79554e+03  1.77929e-05 -3.54075e-06
  2.15443e-02  2.82720e+03  1.90226e-05 +2.68100e-02
  2.68270e-02  2.85794e+03  2.03158e-05 +2.67351e-02
  3.34048e-02  2.88827e+03  2.16819e-05 +2.19936e-02
  4.15956e-02  2.91834e+03  2.31321e-05 +1.85854e-02
  5.17947e-02  2.94831e+03  2.46710e-05 +1.63114e-02
  6.44947e-02  2.97826e+03  2.63108e-05 +1.47171e-02
  8.03086e-02  3.00828e+03  2.80644e-05 +1.36487e-02
  1.00000e-01  3.03845e+03  2.99440e-05 +1.30261e-02
  1.24520e-01  3.06883e+03  3.19626e-05 +1.27609e-02
  1.55052e-01  3.09948e+03  3.41338e-05 +1.29916e-02
  1.93070e-01  3.13053e+03  3.64580e-05 +1.27150e-02
  2.40410e-01  3.16203e+03  3.89523e-05 +1.38071e-02
  2.99358e-01  3.19385e+03  4.16393e-05 +1.46317e-02
  3.72759e-01  3.22602e+03  4.45381e-05 +1.58672e-02
  4.64159e-01  3.25861e+03  4.76689e-05 +1.74880e-02
  5.77969e-01  3.29164e+03  5.10541e-05 +1.95536e-02
  7.19686e-01  3.32514e+03  5.46852e-05 +2.21507e-02
  8.96151e-01  3.35914e+03  5.86100e-05 +2.53892e-02
  1.11588e+00  3.39366e+03  6.28569e-05 +2.94279e-02
  1.38950e+00  3.42874e+03  6.74568e-05 +3.44612e-02
  1.73020e+00  3.46439e+03  7.24435e-05 +4.07322e-02
  2.15443e+00  3.50065e+03  7.78272e-05 +4.85414e-02
  2.68270e+00  3.53753e+03  8.36280e-05 +5.82644e-02
  3.34048e+00  3.57507e+03  8.99167e-05 +6.53563e-02
  4.15956e+00  3.61326e+03  9.67417e-05 +6.75958e-02
  5.17947e+00  3.65212e+03  1.04152e-04 +6.94783e-02
  6.44947e+00  3.69165e+03  1.12194e-04 +7.10634e-02
  8.03086e+00  3.73190e+03  1.20840e-04 +7.23973e-02
  1.00000e+01  3.77289e+03  1.30226e-04 +7.35203e-02
  1.24520e+01  3.81464e+03  1.40429e-04 +7.44668e-02
  1.55052e+01  3.85718e+03  1.51524e-04 +7.52653e-02
  1.93070e+01  3.90053e+03  1.63596e-04 +7.59392e-02
  2.40410e+01  3.94471e+03  1.76546e-04 +7.65081e-02
  2.99358e+01  3.98976e+03  1.90615e-04 +7.69888e-02
  3.72759e+01  4.03567e+03  2.05921e-04 +7.73957e-02
  4.64159e+01  4.08248e+03  2.22573e-04 +7.77394e-02
  5.77969e+01  4.13021e+03  2.40707e-04 +7.80304e-02
  7.19686e+01  4.17888e+03  2.60122e-04 +7.82758e-02
  8.96151e+01  4.22854e+03  2.81230e-04 +7.84835e-02
  1.11588e+02  4.27924e+03  3.04175e-04 +7.86590e-02
  1.38950e+02  4.33099e+03  3.29133e-04 +7.88080e-02
  1.73020e+02  4.38383e+03  3.56225e-04 +7.89343e-02
  2.15443e+02  4.43778e+03  3.85202e-04 +7.90411e-02
  2.68270e+02  4.49288e+03  4.16665e-04 +7.91322e-02
  3.34048e+02  4.54913e+03  4.50837e-04 +7.92096e-02
  4.15956e+02  4.60655e+03  4.87959e-04 +7.92755e-02
  5.17947e+02  4.66516e+03  5.28069e-04 +7.93314e-02
  6.44947e+02  4.72499e+03  5.70968e-04 +7.93788e-02
  8.03086e+02  4.78608e+03  6.17458e-04 +7.94190e-02
  1.00000e+03  4.84846e+03  6.67842e-04 +7.94535e-02
