#n1=128 n2=4 Teff=02800 R=2.0925e+11 L=1.9182e+33 logg=+3.00
#   tau          T          rho         Fconv
 0.00000e+00 1.51584e+03 9.85780e-21 +0.00000e+00
 1.00000e-09 1.51584e+03 5.39990e-14 +0.00000e+00
 1.24520e-09 1.51496e+03 6.78075e-14 +0.00000e+00
 1.55052e-09 1.51430e+03 8.49857e-14 +0.00000e+00
 1.93070e-09 1.51369e+03 1.06523e-13 +0.00000e+00
 2.40410e-09 1.51327e+03 1.33264e-13 +0.00000e+00
 2.99358e-09 1.51285e+03 1.66806e-13 +0.00000e+00
 3.72759e-09 1.51258e+03 2.08432e-13 +0.00000e+00
 4.64159e-09 1.51233e+03 2.60569e-13 +0.00000e+00
 5.77969e-09 1.51217e+03 3.25389e-13 +0.00000e+00
 7.19686e-09 1.51204e+03 4.06404e-13 +0.00000e+00
 8.96151e-09 1.51196e+03 5.07250e-13 +0.00000e+00
 1.11588e-08 1.51192e+03 6.33099e-13 +0.00000e+00
 1.38950e-08 1.51192e+03 7.89880e-13 +0.00000e+00
 1.73020e-08 1.51195e+03 9.85321e-13 +0.00000e+00
 2.15443e-08 1.51201e+03 1.22891e-12 +0.00000e+00
 2.68270e-08 1.51210e+03 1.53235e-12 +0.00000e+00
 3.34048e-08 1.51220e+03 1.91064e-12 +0.00000e+00
 4.15956e-08 1.51234e+03 2.38163e-12 +0.00000e+00
 5.17947e-08 1.51249e+03 2.96888e-12 +0.00000e+00
 6.44947e-08 1.51266e+03 3.69981e-12 +0.00000e+00
 8.03086e-08 1.51285e+03 4.61116e-12 +0.00000e+00
 1.00000e-07 1.51306e+03 5.74527e-12 +0.00000e+00
 1.24520e-07 1.51327e+03 7.15920e-12 +0.00000e+00
 1.55052e-07 1.51351e+03 8.91863e-12 +0.00000e+00
 1.93070e-07 1.51376e+03 1.11115e-11 +0.00000e+00
 2.40410e-07 1.51403e+03 1.38409e-11 +0.00000e+00
 2.99358e-07 1.51431e+03 1.72416e-11 +0.00000e+00
 3.72759e-07 1.51461e+03 2.14750e-11 +0.00000e+00
 4.64159e-07 1.51493e+03 2.67480e-11 +0.00000e+00
 5.77969e-07 1.51526e+03 3.33130e-11 +0.00000e+00
 7.19686e-07 1.51561e+03 4.14886e-11 +0.00000e+00
 8.96151e-07 1.51599e+03 5.16676e-11 +0.00000e+00
 1.11588e-06 1.51638e+03 6.43418e-11 +0.00000e+00
 1.38950e-06 1.51680e+03 8.01220e-11 +0.00000e+00
 1.73020e-06 1.51725e+03 9.97676e-11 +0.00000e+00
 2.15443e-06 1.51774e+03 1.24227e-10 +0.00000e+00
 2.68270e-06 1.51826e+03 1.54674e-10 +0.00000e+00
 3.34048e-06 1.51882e+03 1.92578e-10 +0.00000e+00
 4.15956e-06 1.51943e+03 2.39755e-10 +0.00000e+00
 5.17947e-06 1.52010e+03 2.98482e-10 +0.00000e+00
 6.44947e-06 1.52083e+03 3.71564e-10 +0.00000e+00
 8.03086e-06 1.52163e+03 4.62525e-10 +0.00000e+00
 1.00000e-05 1.52252e+03 5.75704e-10 +0.00000e+00
 1.24520e-05 1.52350e+03 7.16544e-10 +0.00000e+00
 1.55052e-05 1.52459e+03 8.91751e-10 +0.00000e+00
 1.93070e-05 1.52580e+03 1.10972e-09 +0.00000e+00
 2.40410e-05 1.52715e+03 1.38082e-09 +0.00000e+00
 2.99358e-05 1.52866e+03 1.71798e-09 +0.00000e+00
 3.72759e-05 1.53035e+03 2.13718e-09 +0.00000e+00
 4.64159e-05 1.53224e+03 2.65833e-09 +0.00000e+00
 5.77969e-05 1.53436e+03 3.30605e-09 +0.00000e+00
 7.19686e-05 1.53674e+03 4.11091e-09 +0.00000e+00
 8.96151e-05 1.53940e+03 5.11076e-09 +0.00000e+00
 1.11588e-04 1.54237e+03 6.35249e-09 +0.00000e+00
 1.38950e-04 1.54569e+03 7.89416e-09 +0.00000e+00
 1.73020e-04 1.54938e+03 9.80768e-09 +0.00000e+00
 2.15443e-04 1.55346e+03 1.21820e-08 +0.00000e+00
 2.68270e-04 1.55793e+03 1.51274e-08 +0.00000e+00
 3.34048e-04 1.56281e+03 1.87802e-08 +0.00000e+00
 4.15956e-04 1.56812e+03 2.33088e-08 +0.00000e+00
 5.17947e-04 1.57387e+03 2.89216e-08 +0.00000e+00
 6.44947e-04 1.58010e+03 3.58753e-08 +0.00000e+00
 8.03086e-04 1.58686e+03 4.44871e-08 +0.00000e+00
 1.00000e-03 1.59418e+03 5.51475e-08 +0.00000e+00
 1.24520e-03 1.60206e+03 6.83401e-08 -2.54487e-07
 1.55052e-03 1.61047e+03 8.46624e-08 -3.16886e-07
 1.93070e-03 1.61934e+03 1.04857e-07 -3.94586e-07
 2.40410e-03 1.62856e+03 1.29844e-07 -4.91336e-07
 2.99358e-03 1.63795e+03 1.60773e-07 -6.11811e-07
 3.72759e-03 1.64733e+03 1.99079e-07 -7.61824e-07
 4.64159e-03 1.65651e+03 2.46550e-07 -9.48623e-07
 5.77969e-03 1.66531e+03 3.05418e-07 -1.18122e-06
 7.19686e-03 1.67366e+03 3.78458e-07 -1.47086e-06
 8.96151e-03 1.68160e+03 4.69090e-07 -1.83150e-06
 1.11588e-02 1.68937e+03 5.81500e-07 -2.28058e-06
 1.38950e-02 1.69745e+03 7.20732e-07 -2.83977e-06
 1.73020e-02 1.70658e+03 8.92762e-07 -3.53607e-06
 2.15443e-02 1.71787e+03 1.10450e-06 -4.40312e-06
 2.68270e-02 1.73271e+03 1.36369e-06 -5.48274e-06
 3.34048e-02 1.75299e+03 1.67858e-06 -6.82710e-06
 4.15956e-02 1.78112e+03 2.05731e-06 -8.50109e-06
 5.17947e-02 1.82018e+03 2.50687e-06 -1.05855e-05
 6.44947e-02 1.87392e+03 3.03184e-06 -1.31811e-05
 8.03086e-02 1.94658e+03 3.63343e-06 -1.64130e-05
 1.00000e-01 2.04206e+03 4.30986e-06 +2.90212e-03
 1.24520e-01 2.14432e+03 5.10414e-06 +2.66333e-02
 1.55052e-01 2.24475e+03 6.05839e-06 +7.12261e-03
 1.93070e-01 2.34228e+03 7.20668e-06 +5.88169e-03
 2.40410e-01 2.43654e+03 8.58495e-06 +3.30800e-03
 2.99358e-01 2.56028e+03 1.00769e-05 +5.54640e-03
 3.72759e-01 2.64607e+03 1.20031e-05 +4.02081e-03
 4.64159e-01 2.72902e+03 1.42734e-05 +3.97225e-03
 5.77969e-01 2.80987e+03 1.69198e-05 +4.49987e-03
 7.19686e-01 2.88799e+03 1.99770e-05 +6.78126e-03
 8.96151e-01 2.96321e+03 2.34649e-05 +1.04033e-02
 1.11588e+00 3.03517e+03 2.73610e-05 +1.55536e-02
 1.38950e+00 3.10335e+03 3.16424e-05 +2.24006e-02
 1.73020e+00 3.16731e+03 3.62291e-05 +3.09743e-02
 2.15443e+00 3.22682e+03 4.10406e-05 +4.12680e-02
 2.68270e+00 3.28189e+03 4.60182e-05 +5.32779e-02
 3.34048e+00 3.33275e+03 5.10918e-05 +6.23772e-02
 4.15956e+00 3.37973e+03 5.62048e-05 +6.62387e-02
 5.17947e+00 3.42335e+03 6.13717e-05 +6.92001e-02
 6.44947e+00 3.46413e+03 6.65967e-05 +7.14639e-02
 8.03086e+00 3.50258e+03 7.18939e-05 +7.31967e-02
 1.00000e+01 3.53909e+03 7.72286e-05 +7.45317e-02
 1.24520e+01 3.57403e+03 8.26520e-05 +7.55629e-02
 1.55052e+01 3.60770e+03 8.81971e-05 +7.63646e-02
 1.93070e+01 3.64036e+03 9.38886e-05 +7.69925e-02
 2.40410e+01 3.67222e+03 9.97518e-05 +7.74876e-02
 2.99358e+01 3.70344e+03 1.05812e-04 +7.78803e-02
 3.72759e+01 3.73418e+03 1.12028e-04 +7.81938e-02
 4.64159e+01 3.76455e+03 1.18456e-04 +7.84451e-02
 5.77969e+01 3.79465e+03 1.25139e-04 +7.86470e-02
 7.19686e+01 3.82458e+03 1.32101e-04 +7.88102e-02
 8.96151e+01 3.85442e+03 1.39370e-04 +7.89425e-02
 1.11588e+02 3.88422e+03 1.46969e-04 +7.90500e-02
 1.38950e+02 3.91405e+03 1.54929e-04 +7.91381e-02
 1.73020e+02 3.94395e+03 1.63194e-04 +7.92098e-02
 2.15443e+02 3.97396e+03 1.71811e-04 +7.92686e-02
 2.68270e+02 4.00412e+03 1.80853e-04 +7.93171e-02
 3.34048e+02 4.03447e+03 1.90351e-04 +7.93567e-02
 4.15956e+02 4.06504e+03 2.00334e-04 +7.93894e-02
 5.17947e+02 4.09585e+03 2.10842e-04 +7.94163e-02
 6.44947e+02 4.12694e+03 2.21908e-04 +7.94387e-02
 8.03086e+02 4.15832e+03 2.33542e-04 +7.94571e-02
 1.00000e+03 4.19003e+03 2.45627e-04 +7.94723e-02
