#n1=128 n2=4 Teff=02800 R=1.7848e+10 L=1.3950e+31 logg=+5.00
#   tau          T          rho         Fconv
 0.00000e+00 1.57352e+03 9.49653e-21 +0.00000e+00
 1.00000e-09 1.57352e+03 5.53815e-12 +0.00000e+00
 1.24520e-09 1.57330e+03 6.90788e-12 +0.00000e+00
 1.55052e-09 1.57315e+03 8.61175e-12 +0.00000e+00
 1.93070e-09 1.57300e+03 1.07378e-11 +0.00000e+00
 2.40410e-09 1.57289e+03 1.33828e-11 +0.00000e+00
 2.99358e-09 1.57279e+03 1.66815e-11 +0.00000e+00
 3.72759e-09 1.57272e+03 2.07872e-11 +0.00000e+00
 4.64159e-09 1.57266e+03 2.59048e-11 +0.00000e+00
 5.77969e-09 1.57262e+03 3.22762e-11 +0.00000e+00
 7.19686e-09 1.57258e+03 4.02149e-11 +0.00000e+00
 8.96151e-09 1.57256e+03 5.01006e-11 +0.00000e+00
 1.11588e-08 1.57255e+03 6.24145e-11 +0.00000e+00
 1.38950e-08 1.57254e+03 7.77503e-11 +0.00000e+00
 1.73020e-08 1.57254e+03 9.68498e-11 +0.00000e+00
 2.15443e-08 1.57254e+03 1.20638e-10 +0.00000e+00
 2.68270e-08 1.57255e+03 1.50260e-10 +0.00000e+00
 3.34048e-08 1.57256e+03 1.87156e-10 +0.00000e+00
 4.15956e-08 1.57258e+03 2.33097e-10 +0.00000e+00
 5.17947e-08 1.57259e+03 2.90318e-10 +0.00000e+00
 6.44947e-08 1.57260e+03 3.61566e-10 +0.00000e+00
 8.03086e-08 1.57261e+03 4.50308e-10 +0.00000e+00
 1.00000e-07 1.57262e+03 5.60799e-10 +0.00000e+00
 1.24520e-07 1.57262e+03 6.98420e-10 +0.00000e+00
 1.55052e-07 1.57263e+03 8.69769e-10 +0.00000e+00
 1.93070e-07 1.57262e+03 1.08318e-09 +0.00000e+00
 2.40410e-07 1.57261e+03 1.34891e-09 +0.00000e+00
 2.99358e-07 1.57260e+03 1.67986e-09 +0.00000e+00
 3.72759e-07 1.57258e+03 2.09197e-09 +0.00000e+00
 4.64159e-07 1.57255e+03 2.60519e-09 +0.00000e+00
 5.77969e-07 1.57251e+03 3.24430e-09 +0.00000e+00
 7.19686e-07 1.57246e+03 4.04021e-09 +0.00000e+00
 8.96151e-07 1.57240e+03 5.03134e-09 +0.00000e+00
 1.11588e-06 1.57235e+03 6.26561e-09 +0.00000e+00
 1.38950e-06 1.57230e+03 7.80258e-09 +0.00000e+00
 1.73020e-06 1.57227e+03 9.71642e-09 +0.00000e+00
 2.15443e-06 1.57228e+03 1.20993e-08 +0.00000e+00
 2.68270e-06 1.57235e+03 1.50660e-08 +0.00000e+00
 3.34048e-06 1.57253e+03 1.87587e-08 +0.00000e+00
 4.15956e-06 1.57287e+03 2.33541e-08 +0.00000e+00
 5.17947e-06 1.57341e+03 2.90715e-08 +0.00000e+00
 6.44947e-06 1.57422e+03 3.61819e-08 +0.00000e+00
 8.03086e-06 1.57533e+03 4.50233e-08 +0.00000e+00
 1.00000e-05 1.57677e+03 5.60130e-08 +0.00000e+00
 1.24520e-05 1.57847e+03 6.96740e-08 +0.00000e+00
 1.55052e-05 1.58039e+03 8.66542e-08 +0.00000e+00
 1.93070e-05 1.58239e+03 1.07768e-07 +0.00000e+00
 2.40410e-05 1.58433e+03 1.34030e-07 +0.00000e+00
 2.99358e-05 1.58608e+03 1.66713e-07 +0.00000e+00
 3.72759e-05 1.58750e+03 2.07410e-07 +0.00000e+00
 4.64159e-05 1.58852e+03 2.58106e-07 +0.00000e+00
 5.77969e-05 1.58909e+03 3.21284e-07 +0.00000e+00
 7.19686e-05 1.58922e+03 4.00038e-07 +0.00000e+00
 8.96151e-05 1.58889e+03 4.98242e-07 +0.00000e+00
 1.11588e-04 1.58806e+03 6.20745e-07 +0.00000e+00
 1.38950e-04 1.58670e+03 7.73627e-07 +0.00000e+00
 1.73020e-04 1.58477e+03 9.64511e-07 +0.00000e+00
 2.15443e-04 1.58227e+03 1.20293e-06 +0.00000e+00
 2.68270e-04 1.57919e+03 1.50084e-06 +0.00000e+00
 3.34048e-04 1.57568e+03 1.87303e-06 +0.00000e+00
 4.15956e-04 1.57185e+03 2.33801e-06 +0.00000e+00
 5.17947e-04 1.56789e+03 2.91870e-06 +0.00000e+00
 6.44947e-04 1.56405e+03 3.64332e-06 +0.00000e+00
 8.03086e-04 1.56060e+03 4.54678e-06 +0.00000e+00
 1.00000e-03 1.55777e+03 5.67199e-06 +0.00000e+00
 1.24520e-03 1.55591e+03 7.07130e-06 -2.54585e-07
 1.55052e-03 1.55545e+03 8.80788e-06 -3.17008e-07
 1.93070e-03 1.55772e+03 1.09517e-05 -3.94739e-07
 2.40410e-03 1.56351e+03 1.35867e-05 -4.91526e-07
 2.99358e-03 1.57373e+03 1.68084e-05 -6.12048e-07
 3.72759e-03 1.58963e+03 2.07206e-05 -7.62120e-07
 4.64159e-03 1.61306e+03 2.54266e-05 -9.48991e-07
 5.77969e-03 1.64584e+03 3.10304e-05 -1.18168e-06
 7.19686e-03 1.69128e+03 3.76001e-05 -1.47142e-06
 8.96151e-03 1.75211e+03 4.51919e-05 -1.83221e-06
 1.11588e-02 1.83121e+03 5.38355e-05 -2.28147e-06
 1.38950e-02 1.93062e+03 6.35651e-05 +1.64118e-02
 1.73020e-02 2.04935e+03 7.45067e-05 +1.50261e-01
 2.15443e-02 2.16178e+03 8.77864e-05 +7.84537e-02
 2.68270e-02 2.27553e+03 1.03400e-04 +6.54594e-02
 3.34048e-02 2.38843e+03 1.21543e-04 +5.28268e-02
 4.15956e-02 2.49793e+03 1.42191e-04 +4.35900e-02
 5.17947e-02 2.60151e+03 1.65065e-04 +3.70919e-02
 6.44947e-02 2.69718e+03 1.89627e-04 +3.15152e-02
 8.03086e-02 2.78408e+03 2.15315e-04 +2.55832e-02
 1.00000e-01 2.86270e+03 2.41746e-04 +1.89383e-02
 1.24520e-01 2.93424e+03 2.68727e-04 +1.44694e-02
 1.55052e-01 3.00006e+03 2.96318e-04 +1.14032e-02
 1.93070e-01 3.06135e+03 3.24638e-04 +9.99555e-03
 2.40410e-01 3.11896e+03 3.53791e-04 +9.51714e-03
 2.99358e-01 3.17353e+03 3.83747e-04 +1.04414e-02
 3.72759e-01 3.22535e+03 4.14542e-04 +1.19235e-02
 4.64159e-01 3.27464e+03 4.46121e-04 +1.40880e-02
 5.77969e-01 3.32158e+03 4.78397e-04 +1.68620e-02
 7.19686e-01 3.36634e+03 5.11273e-04 +2.02251e-02
 8.96151e-01 3.40903e+03 5.44542e-04 +2.42685e-02
 1.11588e+00 3.44982e+03 5.78244e-04 +2.89380e-02
 1.38950e+00 3.48893e+03 6.12393e-04 +3.43512e-02
 1.73020e+00 3.52658e+03 6.47045e-04 +4.06418e-02
 2.15443e+00 3.56298e+03 6.82271e-04 +4.80599e-02
 2.68270e+00 3.59832e+03 7.18169e-04 +5.70123e-02
 3.34048e+00 3.63278e+03 7.54762e-04 +6.40743e-02
 4.15956e+00 3.66645e+03 7.92054e-04 +6.70475e-02
 5.17947e+00 3.69948e+03 8.30260e-04 +6.94163e-02
 6.44947e+00 3.73201e+03 8.69513e-04 +7.13122e-02
 8.03086e+00 3.76416e+03 9.09942e-04 +7.28351e-02
 1.00000e+01 3.79603e+03 9.51680e-04 +7.40638e-02
 1.24520e+01 3.82772e+03 9.94863e-04 +7.50590e-02
 1.55052e+01 3.85929e+03 1.03963e-03 +7.58673e-02
 1.93070e+01 3.89082e+03 1.08607e-03 +7.65267e-02
 2.40410e+01 3.92233e+03 1.13403e-03 +7.70679e-02
 2.99358e+01 3.95386e+03 1.18386e-03 +7.75096e-02
 3.72759e+01 3.98548e+03 1.23571e-03 +7.78708e-02
 4.64159e+01 4.01722e+03 1.28974e-03 +7.81670e-02
 5.77969e+01 4.04915e+03 1.34610e-03 +7.84100e-02
 7.19686e+01 4.08129e+03 1.40497e-03 +7.86103e-02
 8.96151e+01 4.11369e+03 1.46651e-03 +7.87756e-02
 1.11588e+02 4.14636e+03 1.53089e-03 +7.89122e-02
 1.38950e+02 4.17935e+03 1.59810e-03 +7.90250e-02
 1.73020e+02 4.21263e+03 1.66802e-03 +7.91191e-02
 2.15443e+02 4.24624e+03 1.74115e-03 +7.91966e-02
 2.68270e+02 4.28021e+03 1.81769e-03 +7.92606e-02
 3.34048e+02 4.31456e+03 1.89788e-03 +7.93139e-02
 4.15956e+02 4.34933e+03 1.98196e-03 +7.93579e-02
 5.17947e+02 4.38454e+03 2.07015e-03 +7.93946e-02
 6.44947e+02 4.42021e+03 2.16269e-03 +7.94250e-02
 8.03086e+02 4.45635e+03 2.25988e-03 +7.94503e-02
 1.00000e+03 4.49297e+03 2.36128e-03 +7.94715e-02
