#n1=128 n2=4 Teff=02600 R=3.4280e+11 L=3.8264e+33 logg=+2.50
#   tau          T          rho         Fconv
 0.00000e+00 1.28359e+03 1.16645e-20 +0.00000e+00
 1.00000e-09 1.28359e+03 2.12073e-14 +0.00000e+00
 1.24520e-09 1.28403e+03 2.64118e-14 +0.00000e+00
 1.55052e-09 1.28451e+03 3.28957e-14 +0.00000e+00
 1.93070e-09 1.28503e+03 4.09649e-14 +0.00000e+00
 2.40410e-09 1.28560e+03 5.10136e-14 +0.00000e+00
 2.99358e-09 1.28622e+03 6.35196e-14 +0.00000e+00
 3.72759e-09 1.28980e+03 7.88866e-14 +0.00000e+00
 4.64159e-09 1.29091e+03 9.81853e-14 +0.00000e+00
 5.77969e-09 1.29448e+03 1.21947e-13 +0.00000e+00
 7.19686e-09 1.29597e+03 1.51734e-13 +0.00000e+00
 8.96151e-09 1.29779e+03 1.88742e-13 +0.00000e+00
 1.11588e-08 1.29949e+03 2.34800e-13 +0.00000e+00
 1.38950e-08 1.30167e+03 2.91977e-13 +0.00000e+00
 1.73020e-08 1.30351e+03 3.63181e-13 +0.00000e+00
 2.15443e-08 1.30557e+03 4.51663e-13 +0.00000e+00
 2.68270e-08 1.31008e+03 5.60578e-13 +0.00000e+00
 3.34048e-08 1.31234e+03 6.97047e-13 +0.00000e+00
 4.15956e-08 1.31529e+03 8.66265e-13 +0.00000e+00
 5.17947e-08 1.31754e+03 1.07715e-12 +0.00000e+00
 6.44947e-08 1.32181e+03 1.33724e-12 +0.00000e+00
 8.03086e-08 1.32372e+03 1.66324e-12 +0.00000e+00
 1.00000e-07 1.32511e+03 2.06959e-12 +0.00000e+00
 1.24520e-07 1.33030e+03 2.56744e-12 +0.00000e+00
 1.55052e-07 1.33388e+03 3.18921e-12 +0.00000e+00
 1.93070e-07 1.34042e+03 3.95242e-12 +0.00000e+00
 2.40410e-07 1.34244e+03 4.91570e-12 +0.00000e+00
 2.99358e-07 1.34746e+03 6.09946e-12 +0.00000e+00
 3.72759e-07 1.35288e+03 7.56624e-12 +0.00000e+00
 4.64159e-07 1.35891e+03 9.38145e-12 +0.00000e+00
 5.77969e-07 1.36367e+03 1.16438e-11 +0.00000e+00
 7.19686e-07 1.36974e+03 1.44374e-11 +0.00000e+00
 8.96151e-07 1.37535e+03 1.79082e-11 +0.00000e+00
 1.11588e-06 1.38243e+03 2.21892e-11 +0.00000e+00
 1.38950e-06 1.39008e+03 2.74828e-11 +0.00000e+00
 1.73020e-06 1.39676e+03 3.40652e-11 +0.00000e+00
 2.15443e-06 1.40679e+03 4.21215e-11 +0.00000e+00
 2.68270e-06 1.41734e+03 5.20663e-11 +0.00000e+00
 3.34048e-06 1.42957e+03 6.42849e-11 +0.00000e+00
 4.15956e-06 1.44258e+03 7.93337e-11 +0.00000e+00
 5.17947e-06 1.45652e+03 9.78469e-11 +0.00000e+00
 6.44947e-06 1.47126e+03 1.20627e-10 +0.00000e+00
 8.03086e-06 1.48695e+03 1.48623e-10 +0.00000e+00
 1.00000e-05 1.50321e+03 1.83069e-10 +0.00000e+00
 1.24520e-05 1.52016e+03 2.25411e-10 +0.00000e+00
 1.55052e-05 1.53769e+03 2.77478e-10 +0.00000e+00
 1.93070e-05 1.55580e+03 3.41472e-10 +0.00000e+00
 2.40410e-05 1.57437e+03 4.20158e-10 +0.00000e+00
 2.99358e-05 1.59344e+03 5.16859e-10 +0.00000e+00
 3.72759e-05 1.61287e+03 6.35763e-10 +0.00000e+00
 4.64159e-05 1.63274e+03 7.81883e-10 +0.00000e+00
 5.77969e-05 1.65297e+03 9.61514e-10 +0.00000e+00
 7.19686e-05 1.67346e+03 1.18236e-09 +0.00000e+00
 8.96151e-05 1.69425e+03 1.45384e-09 +0.00000e+00
 1.11588e-04 1.71520e+03 1.78773e-09 +0.00000e+00
 1.38950e-04 1.73645e+03 2.19815e-09 +0.00000e+00
 1.73020e-04 1.75812e+03 2.70243e-09 +0.00000e+00
 2.15443e-04 1.78032e+03 3.32163e-09 +0.00000e+00
 2.68270e-04 1.80296e+03 4.08225e-09 +0.00000e+00
 3.34048e-04 1.82658e+03 5.01420e-09 +0.00000e+00
 4.15956e-04 1.85135e+03 6.15556e-09 +0.00000e+00
 5.17947e-04 1.87713e+03 7.55186e-09 +0.00000e+00
 6.44947e-04 1.90390e+03 9.26093e-09 +0.00000e+00
 8.03086e-04 1.93186e+03 1.13470e-08 +0.00000e+00
 1.00000e-03 1.96110e+03 1.38938e-08 +0.00000e+00
 1.24520e-03 1.99167e+03 1.69923e-08 -2.54554e-07
 1.55052e-03 2.02358e+03 2.07646e-08 -3.16970e-07
 1.93070e-03 2.05652e+03 2.53416e-08 -3.94691e-07
 2.40410e-03 2.09024e+03 3.09003e-08 -4.91469e-07
 2.99358e-03 2.12483e+03 3.76155e-08 -6.11974e-07
 3.72759e-03 2.16051e+03 4.57076e-08 -7.62028e-07
 4.64159e-03 2.19730e+03 5.53940e-08 -9.48877e-07
 5.77969e-03 2.23520e+03 6.69255e-08 -1.18154e-06
 7.19686e-03 2.27229e+03 8.06557e-08 -1.47125e-06
 8.96151e-03 2.30812e+03 9.69279e-08 -1.83199e-06
 1.11588e-02 2.34371e+03 1.16052e-07 -2.28119e-06
 1.38950e-02 2.37882e+03 1.38269e-07 -2.84053e-06
 1.73020e-02 2.41367e+03 1.63968e-07 -3.53702e-06
 2.15443e-02 2.44828e+03 1.93251e-07 -4.40427e-06
 2.68270e-02 2.48347e+03 2.26249e-07 -5.48420e-06
 3.34048e-02 2.51925e+03 2.62989e-07 -6.82891e-06
 4.15956e-02 2.55591e+03 3.02978e-07 +2.09101e-02
 5.17947e-02 2.59084e+03 3.47054e-07 +2.46519e-02
 6.44947e-02 2.62459e+03 3.95270e-07 +2.22088e-02
 8.03086e-02 2.65734e+03 4.47467e-07 +1.97594e-02
 1.00000e-01 2.68923e+03 5.04315e-07 +1.79223e-02
 1.24520e-01 2.72039e+03 5.66163e-07 +1.65930e-02
 1.55052e-01 2.75098e+03 6.32653e-07 +1.56366e-02
 1.93070e-01 2.78117e+03 7.04636e-07 +1.53304e-02
 2.40410e-01 2.81114e+03 7.82647e-07 +1.70614e-02
 2.99358e-01 2.84263e+03 8.65930e-07 +1.16934e-02
 3.72759e-01 2.87469e+03 9.53448e-07 +1.58094e-02
 4.64159e-01 2.90582e+03 1.04815e-06 +1.78811e-02
 5.77969e-01 2.93630e+03 1.15104e-06 +2.01385e-02
 7.19686e-01 2.96640e+03 1.26302e-06 +2.29102e-02
 8.96151e-01 2.99632e+03 1.38318e-06 +2.62821e-02
 1.11588e+00 3.02622e+03 1.51399e-06 +3.04812e-02
 1.38950e+00 3.05620e+03 1.65684e-06 +3.56535e-02
 1.73020e+00 3.08631e+03 1.81297e-06 +4.20212e-02
 2.15443e+00 3.11664e+03 1.98199e-06 +4.98717e-02
 2.68270e+00 3.14731e+03 2.16503e-06 +5.96533e-02
 3.34048e+00 3.17836e+03 2.36493e-06 +6.67767e-02
 4.15956e+00 3.20966e+03 2.58368e-06 +6.89058e-02
 5.17947e+00 3.24123e+03 2.82285e-06 +7.06695e-02
 6.44947e+00 3.27313e+03 3.07962e-06 +7.21255e-02
 8.03086e+00 3.30538e+03 3.36044e-06 +7.33462e-02
 1.00000e+01 3.33796e+03 3.66763e-06 +7.43712e-02
 1.24520e+01 3.37085e+03 4.00390e-06 +7.52334e-02
 1.55052e+01 3.40400e+03 4.36737e-06 +7.59547e-02
 1.93070e+01 3.43741e+03 4.76118e-06 +7.65563e-02
 2.40410e+01 3.47110e+03 5.19186e-06 +7.70565e-02
 2.99358e+01 3.50509e+03 5.66296e-06 +7.74714e-02
 3.72759e+01 3.53942e+03 6.17773e-06 +7.78152e-02
 4.64159e+01 3.57417e+03 6.72735e-06 +7.80996e-02
 5.77969e+01 3.60939e+03 7.32619e-06 +7.83366e-02
 7.19686e+01 3.64511e+03 7.97847e-06 +7.85350e-02
 8.96151e+01 3.68133e+03 8.68894e-06 +7.87013e-02
 1.11588e+02 3.71804e+03 9.45421e-06 +7.88414e-02
 1.38950e+02 3.75524e+03 1.02751e-05 +7.89591e-02
 1.73020e+02 3.79291e+03 1.11677e-05 +7.90579e-02
 2.15443e+02 3.83103e+03 1.21388e-05 +7.91409e-02
 2.68270e+02 3.86961e+03 1.31961e-05 +7.92099e-02
 3.34048e+02 3.90870e+03 1.43256e-05 +7.92674e-02
 4.15956e+02 3.94838e+03 1.55454e-05 +7.93153e-02
 5.17947e+02 3.98871e+03 1.68708e-05 +7.93550e-02
 6.44947e+02 4.02974e+03 1.83108e-05 +7.93886e-02
 8.03086e+02 4.07151e+03 1.98758e-05 +7.94168e-02
 1.00000e+03 4.11403e+03 2.15339e-05 +7.94403e-02
