#n1=128 n2=4 Teff=02900 R=1.0254e+10 L=5.2880e+30 logg=+5.50
#   tau          T          rho         Fconv
 0.00000e+00 1.71940e+03 8.71278e-21 +0.00000e+00
 1.00000e-09 1.71940e+03 1.58304e-11 +0.00000e+00
 1.24520e-09 1.69534e+03 2.03083e-11 +0.00000e+00
 1.55052e-09 1.67267e+03 2.58935e-11 +0.00000e+00
 1.93070e-09 1.66425e+03 3.24722e-11 +0.00000e+00
 2.40410e-09 1.65857e+03 4.06182e-11 +0.00000e+00
 2.99358e-09 1.65732e+03 5.05910e-11 +0.00000e+00
 3.72759e-09 1.65648e+03 6.30185e-11 +0.00000e+00
 4.64159e-09 1.65605e+03 7.84683e-11 +0.00000e+00
 5.77969e-09 1.65588e+03 9.77133e-11 +0.00000e+00
 7.19686e-09 1.65588e+03 1.21661e-10 +0.00000e+00
 8.96151e-09 1.65614e+03 1.51473e-10 +0.00000e+00
 1.11588e-08 1.65653e+03 1.88575e-10 +0.00000e+00
 1.38950e-08 1.65718e+03 2.34737e-10 +0.00000e+00
 1.73020e-08 1.65813e+03 2.92149e-10 +0.00000e+00
 2.15443e-08 1.65944e+03 3.63523e-10 +0.00000e+00
 2.68270e-08 1.66118e+03 4.52219e-10 +0.00000e+00
 3.34048e-08 1.66345e+03 5.62353e-10 +0.00000e+00
 4.15956e-08 1.66630e+03 6.99090e-10 +0.00000e+00
 5.17947e-08 1.66977e+03 8.68701e-10 +0.00000e+00
 6.44947e-08 1.67385e+03 1.07911e-09 +0.00000e+00
 8.03086e-08 1.67850e+03 1.33996e-09 +0.00000e+00
 1.00000e-07 1.68364e+03 1.66348e-09 +0.00000e+00
 1.24520e-07 1.68918e+03 2.06452e-09 +0.00000e+00
 1.55052e-07 1.69505e+03 2.56190e-09 +0.00000e+00
 1.93070e-07 1.70121e+03 3.17843e-09 +0.00000e+00
 2.40410e-07 1.70765e+03 3.94293e-09 +0.00000e+00
 2.99358e-07 1.71440e+03 4.89025e-09 +0.00000e+00
 3.72759e-07 1.72150e+03 6.06414e-09 +0.00000e+00
 4.64159e-07 1.72906e+03 7.51767e-09 +0.00000e+00
 5.77969e-07 1.73714e+03 9.31693e-09 +0.00000e+00
 7.19686e-07 1.74583e+03 1.15425e-08 +0.00000e+00
 8.96151e-07 1.75519e+03 1.42945e-08 +0.00000e+00
 1.11588e-06 1.76525e+03 1.76951e-08 +0.00000e+00
 1.38950e-06 1.77604e+03 2.18956e-08 +0.00000e+00
 1.73020e-06 1.78760e+03 2.70813e-08 +0.00000e+00
 2.15443e-06 1.79992e+03 3.34800e-08 +0.00000e+00
 2.68270e-06 1.81302e+03 4.13722e-08 +0.00000e+00
 3.34048e-06 1.82688e+03 5.11009e-08 +0.00000e+00
 4.15956e-06 1.84149e+03 6.30898e-08 +0.00000e+00
 5.17947e-06 1.85682e+03 7.78534e-08 +0.00000e+00
 6.44947e-06 1.87284e+03 9.60312e-08 +0.00000e+00
 8.03086e-06 1.88950e+03 1.18393e-07 +0.00000e+00
 1.00000e-05 1.90675e+03 1.45901e-07 +0.00000e+00
 1.24520e-05 1.92453e+03 1.79701e-07 +0.00000e+00
 1.55052e-05 1.94280e+03 2.21224e-07 +0.00000e+00
 1.93070e-05 1.96152e+03 2.72171e-07 +0.00000e+00
 2.40410e-05 1.98067e+03 3.34638e-07 +0.00000e+00
 2.99358e-05 2.00021e+03 4.11109e-07 +0.00000e+00
 3.72759e-05 2.02015e+03 5.04609e-07 +0.00000e+00
 4.64159e-05 2.04049e+03 6.18684e-07 +0.00000e+00
 5.77969e-05 2.06121e+03 7.57575e-07 +0.00000e+00
 7.19686e-05 2.08234e+03 9.26211e-07 +0.00000e+00
 8.96151e-05 2.10388e+03 1.13028e-06 +0.00000e+00
 1.11588e-04 2.12587e+03 1.37631e-06 +0.00000e+00
 1.38950e-04 2.14832e+03 1.67144e-06 +0.00000e+00
 1.73020e-04 2.17129e+03 2.02369e-06 +0.00000e+00
 2.15443e-04 2.19480e+03 2.44110e-06 +0.00000e+00
 2.68270e-04 2.21891e+03 2.93233e-06 +0.00000e+00
 3.34048e-04 2.24365e+03 3.50527e-06 +0.00000e+00
 4.15956e-04 2.26903e+03 4.16713e-06 +0.00000e+00
 5.17947e-04 2.29507e+03 4.92391e-06 +0.00000e+00
 6.44947e-04 2.32177e+03 5.77876e-06 +0.00000e+00
 8.03086e-04 2.34910e+03 6.73366e-06 +0.00000e+00
 1.00000e-03 2.37700e+03 7.78762e-06 +0.00000e+00
 1.24520e-03 2.40522e+03 8.93750e-06 -2.55085e-07
 1.55052e-03 2.43221e+03 1.01929e-05 -3.17631e-07
 1.93070e-03 2.45929e+03 1.15508e-05 -3.95511e-07
 2.40410e-03 2.48663e+03 1.30066e-05 -4.92492e-07
 2.99358e-03 2.51428e+03 1.45581e-05 -6.13249e-07
 3.72759e-03 2.54234e+03 1.62018e-05 -7.63615e-07
 4.64159e-03 2.57090e+03 1.79313e-05 -9.50852e-07
 5.77969e-03 2.60010e+03 1.97387e-05 -1.18400e-06
 7.19686e-03 2.63009e+03 2.16174e-05 -1.47431e-06
 8.96151e-03 2.66115e+03 2.35560e-05 -1.83581e-06
 1.11588e-02 2.69311e+03 2.55477e-05 -2.28594e-06
 1.38950e-02 2.72632e+03 2.75723e-05 -2.84644e-06
 1.73020e-02 2.75982e+03 2.96400e-05 -3.54439e-06
 2.15443e-02 2.79361e+03 3.17533e-05 -4.41347e-06
 2.68270e-02 2.82653e+03 3.39431e-05 -5.49563e-06
 3.34048e-02 2.85896e+03 3.62247e-05 -6.84313e-06
 4.15956e-02 2.89125e+03 3.86063e-05 +3.80040e-04
 5.17947e-02 2.92356e+03 4.10956e-05 +6.92006e-03
 6.44947e-02 2.95545e+03 4.37235e-05 +1.15247e-02
 8.03086e-02 2.98717e+03 4.65083e-05 +1.48545e-02
 1.00000e-01 3.01883e+03 4.94688e-05 +1.74277e-02
 1.24520e-01 3.05053e+03 5.26245e-05 +1.65356e-02
 1.55052e-01 3.08235e+03 5.59924e-05 +1.37339e-02
 1.93070e-01 3.11445e+03 5.95793e-05 +1.33912e-02
 2.40410e-01 3.14683e+03 6.34174e-05 +1.41955e-02
 2.99358e-01 3.17946e+03 6.75335e-05 +1.48980e-02
 3.72759e-01 3.21239e+03 7.19534e-05 +1.62050e-02
 4.64159e-01 3.24567e+03 7.67065e-05 +1.79635e-02
 5.77969e-01 3.27934e+03 8.18175e-05 +2.02113e-02
 7.19686e-01 3.31342e+03 8.72911e-05 +2.29927e-02
 8.96151e-01 3.34796e+03 9.31848e-05 +2.63890e-02
 1.11588e+00 3.38297e+03 9.95368e-05 +3.05373e-02
 1.38950e+00 3.41850e+03 1.06389e-04 +3.55960e-02
 1.73020e+00 3.45457e+03 1.13788e-04 +4.17627e-02
 2.15443e+00 3.49119e+03 1.21759e-04 +4.93079e-02
 2.68270e+00 3.52840e+03 1.30320e-04 +5.86054e-02
 3.34048e+00 3.56622e+03 1.39565e-04 +6.54324e-02
 4.15956e+00 3.60466e+03 1.49557e-04 +6.76805e-02
 5.17947e+00 3.64372e+03 1.60368e-04 +6.95699e-02
 6.44947e+00 3.68343e+03 1.72072e-04 +7.11596e-02
 8.03086e+00 3.72382e+03 1.84645e-04 +7.24984e-02
 1.00000e+01 3.76490e+03 1.98214e-04 +7.36252e-02
 1.24520e+01 3.80668e+03 2.12898e-04 +7.45747e-02
 1.55052e+01 3.84920e+03 2.28796e-04 +7.53753e-02
 1.93070e+01 3.89246e+03 2.46017e-04 +7.60509e-02
 2.40410e+01 3.93647e+03 2.64582e-04 +7.66216e-02
 2.99358e+01 3.98124e+03 2.84521e-04 +7.71039e-02
 3.72759e+01 4.02678e+03 3.06081e-04 +7.75114e-02
 4.64159e+01 4.07308e+03 3.29400e-04 +7.78557e-02
 5.77969e+01 4.12016e+03 3.54626e-04 +7.81466e-02
 7.19686e+01 4.16801e+03 3.81853e-04 +7.83922e-02
 8.96151e+01 4.21666e+03 4.10914e-04 +7.86001e-02
 1.11588e+02 4.26610e+03 4.42258e-04 +7.87752e-02
 1.38950e+02 4.31636e+03 4.76059e-04 +7.89234e-02
 1.73020e+02 4.36744e+03 5.12507e-04 +7.90486e-02
 2.15443e+02 4.41934e+03 5.51810e-04 +7.91545e-02
 2.68270e+02 4.47205e+03 5.93458e-04 +7.92445e-02
 3.34048e+02 4.52553e+03 6.38176e-04 +7.93204e-02
 4.15956e+02 4.57980e+03 6.86206e-04 +7.93849e-02
 5.17947e+02 4.63485e+03 7.37788e-04 +7.94391e-02
 6.44947e+02 4.69069e+03 7.93185e-04 +7.94848e-02
 8.03086e+02 4.74728e+03 8.51787e-04 +7.95241e-02
 1.00000e+03 4.80454e+03 9.14079e-04 +7.95570e-02
