#n1=128 n2=4 Teff=02900 R=3.2394e+10 L=5.2876e+31 logg=+4.50
#   tau          T          rho         Fconv
 0.00000e+00 1.77199e+03 8.43956e-21 +0.00000e+00
 1.00000e-09 1.77199e+03 1.37854e-12 +0.00000e+00
 1.24520e-09 1.76741e+03 1.75416e-12 +0.00000e+00
 1.55052e-09 1.76324e+03 2.22431e-12 +0.00000e+00
 1.93070e-09 1.75733e+03 2.82610e-12 +0.00000e+00
 2.40410e-09 1.74839e+03 3.60388e-12 +0.00000e+00
 2.99358e-09 1.71428e+03 4.77100e-12 +0.00000e+00
 3.72759e-09 1.70960e+03 5.97962e-12 +0.00000e+00
 4.64159e-09 1.70780e+03 7.45545e-12 +0.00000e+00
 5.77969e-09 1.70664e+03 9.29907e-12 +0.00000e+00
 7.19686e-09 1.70601e+03 1.15826e-11 +0.00000e+00
 8.96151e-09 1.70574e+03 1.44354e-11 +0.00000e+00
 1.11588e-08 1.70561e+03 1.79826e-11 +0.00000e+00
 1.38950e-08 1.70570e+03 2.24086e-11 +0.00000e+00
 1.73020e-08 1.70588e+03 2.79189e-11 +0.00000e+00
 2.15443e-08 1.70623e+03 3.47858e-11 +0.00000e+00
 2.68270e-08 1.70667e+03 4.33393e-11 +0.00000e+00
 3.34048e-08 1.70725e+03 5.39889e-11 +0.00000e+00
 4.15956e-08 1.70796e+03 6.72564e-11 +0.00000e+00
 5.17947e-08 1.70883e+03 8.37613e-11 +0.00000e+00
 6.44947e-08 1.70988e+03 1.04321e-10 +0.00000e+00
 8.03086e-08 1.71114e+03 1.29878e-10 +0.00000e+00
 1.00000e-07 1.71266e+03 1.61701e-10 +0.00000e+00
 1.24520e-07 1.71447e+03 2.01225e-10 +0.00000e+00
 1.55052e-07 1.71663e+03 2.50403e-10 +0.00000e+00
 1.93070e-07 1.71920e+03 3.11432e-10 +0.00000e+00
 2.40410e-07 1.72226e+03 3.87289e-10 +0.00000e+00
 2.99358e-07 1.72583e+03 4.81363e-10 +0.00000e+00
 3.72759e-07 1.72997e+03 5.98157e-10 +0.00000e+00
 4.64159e-07 1.73467e+03 7.42930e-10 +0.00000e+00
 5.77969e-07 1.73991e+03 9.22518e-10 +0.00000e+00
 7.19686e-07 1.74563e+03 1.14512e-09 +0.00000e+00
 8.96151e-07 1.75178e+03 1.42113e-09 +0.00000e+00
 1.11588e-06 1.75830e+03 1.76325e-09 +0.00000e+00
 1.38950e-06 1.76517e+03 2.18733e-09 +0.00000e+00
 1.73020e-06 1.77242e+03 2.71285e-09 +0.00000e+00
 2.15443e-06 1.78010e+03 3.36373e-09 +0.00000e+00
 2.68270e-06 1.78829e+03 4.16966e-09 +0.00000e+00
 3.34048e-06 1.79707e+03 5.16675e-09 +0.00000e+00
 4.15956e-06 1.80649e+03 6.40022e-09 +0.00000e+00
 5.17947e-06 1.81659e+03 7.92461e-09 +0.00000e+00
 6.44947e-06 1.82741e+03 9.80881e-09 +0.00000e+00
 8.03086e-06 1.83896e+03 1.21350e-08 +0.00000e+00
 1.00000e-05 1.85125e+03 1.50081e-08 +0.00000e+00
 1.24520e-05 1.86428e+03 1.85520e-08 +0.00000e+00
 1.55052e-05 1.87802e+03 2.29257e-08 +0.00000e+00
 1.93070e-05 1.89246e+03 2.83167e-08 +0.00000e+00
 2.40410e-05 1.90756e+03 3.49653e-08 +0.00000e+00
 2.99358e-05 1.92328e+03 4.31560e-08 +0.00000e+00
 3.72759e-05 1.93958e+03 5.32495e-08 +0.00000e+00
 4.64159e-05 1.95642e+03 6.56767e-08 +0.00000e+00
 5.77969e-05 1.97378e+03 8.09775e-08 +0.00000e+00
 7.19686e-05 1.99163e+03 9.98001e-08 +0.00000e+00
 8.96151e-05 2.00998e+03 1.22945e-07 +0.00000e+00
 1.11588e-04 2.02885e+03 1.51380e-07 +0.00000e+00
 1.38950e-04 2.04824e+03 1.86278e-07 +0.00000e+00
 1.73020e-04 2.06820e+03 2.29065e-07 +0.00000e+00
 2.15443e-04 2.08875e+03 2.81432e-07 +0.00000e+00
 2.68270e-04 2.10995e+03 3.45435e-07 +0.00000e+00
 3.34048e-04 2.13188e+03 4.23438e-07 +0.00000e+00
 4.15956e-04 2.15461e+03 5.18311e-07 +0.00000e+00
 5.17947e-04 2.17825e+03 6.33183e-07 +0.00000e+00
 6.44947e-04 2.20290e+03 7.71816e-07 +0.00000e+00
 8.03086e-04 2.22864e+03 9.38044e-07 +0.00000e+00
 1.00000e-03 2.25554e+03 1.13626e-06 +0.00000e+00
 1.24520e-03 2.28352e+03 1.37069e-06 -2.54601e-07
 1.55052e-03 2.31192e+03 1.64623e-06 -3.17028e-07
 1.93070e-03 2.34114e+03 1.96674e-06 -3.94761e-07
 2.40410e-03 2.37116e+03 2.33519e-06 -4.91557e-07
 2.99358e-03 2.40190e+03 2.75425e-06 -6.12085e-07
 3.72759e-03 2.43330e+03 3.22420e-06 -7.62166e-07
 4.64159e-03 2.46531e+03 3.74491e-06 -9.49047e-07
 5.77969e-03 2.49797e+03 4.31464e-06 -1.18175e-06
 7.19686e-03 2.53136e+03 4.92836e-06 -1.47151e-06
 8.96151e-03 2.56565e+03 5.58175e-06 -1.83232e-06
 1.11588e-02 2.60025e+03 6.27185e-06 -2.28160e-06
 1.38950e-02 2.63534e+03 6.99278e-06 -2.84104e-06
 1.73020e-02 2.67119e+03 7.73928e-06 -3.53766e-06
 2.15443e-02 2.70814e+03 8.50551e-06 -4.40509e-06
 2.68270e-02 2.74655e+03 9.28201e-06 +2.83787e-02
 3.34048e-02 2.78238e+03 1.00889e-05 +2.08894e-02
 4.15956e-02 2.81676e+03 1.09317e-05 +1.67659e-02
 5.17947e-02 2.85011e+03 1.18194e-05 +1.40171e-02
 6.44947e-02 2.88271e+03 1.27591e-05 +1.22753e-02
 8.03086e-02 2.91480e+03 1.37577e-05 +1.11846e-02
 1.00000e-01 2.94653e+03 1.48197e-05 +1.06062e-02
 1.24520e-01 2.97805e+03 1.59507e-05 +1.04408e-02
 1.55052e-01 3.00949e+03 1.71615e-05 +1.06254e-02
 1.93070e-01 3.04093e+03 1.84604e-05 +1.15686e-02
 2.40410e-01 3.07277e+03 1.98525e-05 +1.19488e-02
 2.99358e-01 3.10468e+03 2.13487e-05 +1.32913e-02
 3.72759e-01 3.13670e+03 2.29489e-05 +1.47375e-02
 4.64159e-01 3.16891e+03 2.46743e-05 +1.67235e-02
 5.77969e-01 3.20138e+03 2.65373e-05 +1.91804e-02
 7.19686e-01 3.23416e+03 2.85513e-05 +2.21860e-02
 8.96151e-01 3.26731e+03 3.07308e-05 +2.58376e-02
 1.11588e+00 3.30086e+03 3.30731e-05 +3.02546e-02
 1.38950e+00 3.33485e+03 3.56033e-05 +3.56178e-02
 1.73020e+00 3.36932e+03 3.83447e-05 +4.21486e-02
 2.15443e+00 3.40428e+03 4.13172e-05 +5.01408e-02
 2.68270e+00 3.43976e+03 4.45416e-05 +5.99890e-02
 3.34048e+00 3.47577e+03 4.80202e-05 +6.70098e-02
 4.15956e+00 3.51229e+03 5.17740e-05 +6.90164e-02
 5.17947e+00 3.54934e+03 5.58479e-05 +7.07003e-02
 6.44947e+00 3.58692e+03 6.02698e-05 +7.21139e-02
 8.03086e+00 3.62504e+03 6.50728e-05 +7.33012e-02
 1.00000e+01 3.66372e+03 7.02614e-05 +7.42990e-02
 1.24520e+01 3.70296e+03 7.58405e-05 +7.51385e-02
 1.55052e+01 3.74276e+03 8.18868e-05 +7.58450e-02
 1.93070e+01 3.78312e+03 8.84401e-05 +7.64395e-02
 2.40410e+01 3.82404e+03 9.55410e-05 +7.69393e-02
 2.99358e+01 3.86552e+03 1.03194e-04 +7.73598e-02
 3.72759e+01 3.90757e+03 1.11386e-04 +7.77142e-02
 4.64159e+01 3.95017e+03 1.20233e-04 +7.80120e-02
 5.77969e+01 3.99333e+03 1.29793e-04 +7.82623e-02
 7.19686e+01 4.03704e+03 1.40126e-04 +7.84731e-02
 8.96151e+01 4.08132e+03 1.51230e-04 +7.86501e-02
 1.11588e+02 4.12614e+03 1.63060e-04 +7.87993e-02
 1.38950e+02 4.17153e+03 1.75803e-04 +7.89240e-02
 1.73020e+02 4.21751e+03 1.89530e-04 +7.90287e-02
 2.15443e+02 4.26411e+03 2.04323e-04 +7.91165e-02
 2.68270e+02 4.31136e+03 2.20202e-04 +7.91903e-02
 3.34048e+02 4.35924e+03 2.37002e-04 +7.92527e-02
 4.15956e+02 4.40776e+03 2.55033e-04 +7.93048e-02
 5.17947e+02 4.45693e+03 2.74382e-04 +7.93489e-02
 6.44947e+02 4.50674e+03 2.95153e-04 +7.93861e-02
 8.03086e+02 4.55717e+03 3.17441e-04 +7.94173e-02
 1.00000e+03 4.60822e+03 3.40846e-04 +7.94437e-02
