#n1=128 n2=4 Teff=02600 R=7.3754e+11 L=1.7718e+34 logg=+2.00
#   tau          T          rho         Fconv
 0.00000e+00 1.36455e+03 1.09519e-20 +0.00000e+00
 1.00000e-09 1.36455e+03 6.08543e-15 +0.00000e+00
 1.24520e-09 1.36470e+03 7.60368e-15 +0.00000e+00
 1.55052e-09 1.36490e+03 9.49001e-15 +0.00000e+00
 1.93070e-09 1.36511e+03 1.18495e-14 +0.00000e+00
 2.40410e-09 1.36536e+03 1.47837e-14 +0.00000e+00
 2.99358e-09 1.36562e+03 1.84487e-14 +0.00000e+00
 3.72759e-09 1.36591e+03 2.30102e-14 +0.00000e+00
 4.64159e-09 1.36621e+03 2.87015e-14 +0.00000e+00
 5.77969e-09 1.36653e+03 3.57890e-14 +0.00000e+00
 7.19686e-09 1.36687e+03 4.46248e-14 +0.00000e+00
 8.96151e-09 1.36722e+03 5.56320e-14 +0.00000e+00
 1.11588e-08 1.36759e+03 6.93465e-14 +0.00000e+00
 1.38950e-08 1.36797e+03 8.64345e-14 +0.00000e+00
 1.73020e-08 1.36836e+03 1.07717e-13 +0.00000e+00
 2.15443e-08 1.36876e+03 1.34237e-13 +0.00000e+00
 2.68270e-08 1.36918e+03 1.67259e-13 +0.00000e+00
 3.34048e-08 1.36961e+03 2.08410e-13 +0.00000e+00
 4.15956e-08 1.37005e+03 2.59638e-13 +0.00000e+00
 5.17947e-08 1.37050e+03 3.23478e-13 +0.00000e+00
 6.44947e-08 1.37096e+03 4.02941e-13 +0.00000e+00
 8.03086e-08 1.37144e+03 5.01960e-13 +0.00000e+00
 1.00000e-07 1.37193e+03 6.25203e-13 +0.00000e+00
 1.24520e-07 1.37243e+03 7.78750e-13 +0.00000e+00
 1.55052e-07 1.37295e+03 9.69886e-13 +0.00000e+00
 1.93070e-07 1.37348e+03 1.20796e-12 +0.00000e+00
 2.40410e-07 1.37402e+03 1.50435e-12 +0.00000e+00
 2.99358e-07 1.37459e+03 1.87345e-12 +0.00000e+00
 3.72759e-07 1.37518e+03 2.33296e-12 +0.00000e+00
 4.64159e-07 1.37579e+03 2.90513e-12 +0.00000e+00
 5.77969e-07 1.37643e+03 3.61745e-12 +0.00000e+00
 7.19686e-07 1.37709e+03 4.50430e-12 +0.00000e+00
 8.96151e-07 1.37779e+03 5.60833e-12 +0.00000e+00
 1.11588e-06 1.37853e+03 6.98268e-12 +0.00000e+00
 1.38950e-06 1.37931e+03 8.69348e-12 +0.00000e+00
 1.73020e-06 1.38014e+03 1.08228e-11 +0.00000e+00
 2.15443e-06 1.38103e+03 1.34732e-11 +0.00000e+00
 2.68270e-06 1.38198e+03 1.67715e-11 +0.00000e+00
 3.34048e-06 1.38301e+03 2.08761e-11 +0.00000e+00
 4.15956e-06 1.38412e+03 2.59832e-11 +0.00000e+00
 5.17947e-06 1.38533e+03 3.23378e-11 +0.00000e+00
 6.44947e-06 1.38665e+03 4.02424e-11 +0.00000e+00
 8.03086e-06 1.38810e+03 5.00751e-11 +0.00000e+00
 1.00000e-05 1.38969e+03 6.23029e-11 +0.00000e+00
 1.24520e-05 1.39143e+03 7.75086e-11 +0.00000e+00
 1.55052e-05 1.39335e+03 9.64121e-11 +0.00000e+00
 1.93070e-05 1.39546e+03 1.19911e-10 +0.00000e+00
 2.40410e-05 1.39777e+03 1.49113e-10 +0.00000e+00
 2.99358e-05 1.40030e+03 1.85401e-10 +0.00000e+00
 3.72759e-05 1.40304e+03 2.30483e-10 +0.00000e+00
 4.64159e-05 1.40601e+03 2.86482e-10 +0.00000e+00
 5.77969e-05 1.40920e+03 3.56033e-10 +0.00000e+00
 7.19686e-05 1.41260e+03 4.42404e-10 +0.00000e+00
 8.96151e-05 1.41621e+03 5.49649e-10 +0.00000e+00
 1.11588e-04 1.42005e+03 6.82787e-10 +0.00000e+00
 1.38950e-04 1.42412e+03 8.48040e-10 +0.00000e+00
 1.73020e-04 1.42847e+03 1.05309e-09 +0.00000e+00
 2.15443e-04 1.43313e+03 1.30746e-09 +0.00000e+00
 2.68270e-04 1.43814e+03 1.62288e-09 +0.00000e+00
 3.34048e-04 1.44354e+03 2.01387e-09 +0.00000e+00
 4.15956e-04 1.44937e+03 2.49836e-09 +0.00000e+00
 5.17947e-04 1.45566e+03 3.09847e-09 +0.00000e+00
 6.44947e-04 1.46245e+03 3.84149e-09 +0.00000e+00
 8.03086e-04 1.46975e+03 4.76114e-09 +0.00000e+00
 1.00000e-03 1.47758e+03 5.89896e-09 +0.00000e+00
 1.24520e-03 1.48595e+03 7.30625e-09 -2.54476e-07
 1.55052e-03 1.49484e+03 9.04641e-09 -3.16872e-07
 1.93070e-03 1.50423e+03 1.11978e-08 -3.94569e-07
 2.40410e-03 1.51409e+03 1.38569e-08 -4.91317e-07
 2.99358e-03 1.52438e+03 1.71436e-08 -6.11785e-07
 3.72759e-03 1.53506e+03 2.12052e-08 -7.61793e-07
 4.64159e-03 1.54608e+03 2.62249e-08 -9.48584e-07
 5.77969e-03 1.55740e+03 3.24279e-08 -1.18117e-06
 7.19686e-03 1.56902e+03 4.00930e-08 -1.47079e-06
 8.96151e-03 1.58096e+03 4.95627e-08 -1.83143e-06
 1.11588e-02 1.59325e+03 6.12591e-08 -2.28049e-06
 1.38950e-02 1.60603e+03 7.56969e-08 -2.83966e-06
 1.73020e-02 1.61948e+03 9.35052e-08 -3.53593e-06
 2.15443e-02 1.63392e+03 1.15441e-07 -4.40291e-06
 2.68270e-02 1.64983e+03 1.42405e-07 -5.48251e-06
 3.34048e-02 1.66790e+03 1.75457e-07 -6.82680e-06
 4.15956e-02 1.68923e+03 2.15785e-07 -8.50073e-06
 5.17947e-02 1.71511e+03 2.64715e-07 -1.05851e-05
 6.44947e-02 1.74661e+03 3.23754e-07 -1.31805e-05
 8.03086e-02 1.78540e+03 3.94450e-07 -1.64123e-05
 1.00000e-01 1.83163e+03 4.78808e-07 -2.04366e-05
 1.24520e-01 1.88797e+03 5.78366e-07 -2.54476e-05
 1.55052e-01 1.95377e+03 6.95640e-07 -3.16872e-05
 1.93070e-01 2.02645e+03 8.34456e-07 -3.94569e-05
 2.40410e-01 2.10592e+03 9.98287e-07 -4.91317e-05
 2.99358e-01 2.19220e+03 1.19099e-06 +9.73869e-05
 3.72759e-01 2.27866e+03 1.42102e-06 +2.61615e-03
 4.64159e-01 2.35922e+03 1.69999e-06 +4.18073e-03
 5.77969e-01 2.43884e+03 2.03250e-06 +2.78475e-03
 7.19686e-01 2.51698e+03 2.42730e-06 +5.95635e-03
 8.96151e-01 2.59178e+03 2.89550e-06 +9.35791e-03
 1.11588e+00 2.66357e+03 3.44665e-06 +1.38741e-02
 1.38950e+00 2.73282e+03 4.09066e-06 +1.98271e-02
 1.73020e+00 2.79986e+03 4.83439e-06 +2.76592e-02
 2.15443e+00 2.86478e+03 5.68868e-06 +3.75998e-02
 2.68270e+00 2.92761e+03 6.65221e-06 +4.99153e-02
 3.34048e+00 2.98821e+03 7.73229e-06 +5.93390e-02
 4.15956e+00 3.04613e+03 8.92722e-06 +6.31468e-02
 5.17947e+00 3.10134e+03 1.02282e-05 +6.63074e-02
 6.44947e+00 3.15391e+03 1.16387e-05 +6.89023e-02
 8.03086e+00 3.20396e+03 1.31493e-05 +7.10068e-02
 1.00000e+01 3.25170e+03 1.47483e-05 +7.27005e-02
 1.24520e+01 3.29733e+03 1.64450e-05 +7.40578e-02
 1.55052e+01 3.34109e+03 1.82412e-05 +7.51427e-02
 1.93070e+01 3.38317e+03 2.01170e-05 +7.60092e-02
 2.40410e+01 3.42377e+03 2.20872e-05 +7.66994e-02
 2.99358e+01 3.46309e+03 2.41613e-05 +7.72499e-02
 3.72759e+01 3.50132e+03 2.63457e-05 +7.76901e-02
 4.64159e+01 3.53859e+03 2.86279e-05 +7.80431e-02
 5.77969e+01 3.57504e+03 3.10062e-05 +7.83267e-02
 7.19686e+01 3.61078e+03 3.35045e-05 +7.85551e-02
 8.96151e+01 3.64590e+03 3.61294e-05 +7.87395e-02
 1.11588e+02 3.68049e+03 3.88885e-05 +7.88884e-02
 1.38950e+02 3.71462e+03 4.17698e-05 +7.90096e-02
 1.73020e+02 3.74835e+03 4.47609e-05 +7.91076e-02
 2.15443e+02 3.78174e+03 4.78998e-05 +7.91870e-02
 2.68270e+02 3.81486e+03 5.11959e-05 +7.92518e-02
 3.34048e+02 3.84776e+03 5.46592e-05 +7.93047e-02
 4.15956e+02 3.88049e+03 5.83007e-05 +7.93475e-02
 5.17947e+02 3.91310e+03 6.20918e-05 +7.93826e-02
 6.44947e+02 3.94563e+03 6.60398e-05 +7.94112e-02
 8.03086e+02 3.97814e+03 7.01892e-05 +7.94347e-02
 1.00000e+03 4.01065e+03 7.45548e-05 +7.94536e-02
