#n1=128 n2=4 Teff=02900 R=3.1753e+12 L=5.0833e+35 logg=+1.00
#   tau          T          rho         Fconv
 0.00000e+00 1.64042e+03 9.11146e-21 +0.00000e+00
 1.00000e-09 1.64042e+03 3.43207e-16 +0.00000e+00
 1.24520e-09 1.64691e+03 4.26383e-16 +0.00000e+00
 1.55052e-09 1.65375e+03 5.29632e-16 +0.00000e+00
 1.93070e-09 1.66045e+03 6.57983e-16 +0.00000e+00
 2.40410e-09 1.66734e+03 8.17397e-16 +0.00000e+00
 2.99358e-09 1.67413e+03 1.01555e-15 +0.00000e+00
 3.72759e-09 1.68100e+03 1.26178e-15 +0.00000e+00
 4.64159e-09 1.68791e+03 1.56771e-15 +0.00000e+00
 5.77969e-09 1.69479e+03 1.94804e-15 +0.00000e+00
 7.19686e-09 1.70184e+03 2.42044e-15 +0.00000e+00
 8.96151e-09 1.70872e+03 3.00807e-15 +0.00000e+00
 1.11588e-08 1.71589e+03 3.73770e-15 +0.00000e+00
 1.38950e-08 1.72274e+03 4.64593e-15 +0.00000e+00
 1.73020e-08 1.73000e+03 5.77328e-15 +0.00000e+00
 2.15443e-08 1.73673e+03 7.17812e-15 +0.00000e+00
 2.68270e-08 1.74400e+03 8.92140e-15 +0.00000e+00
 3.34048e-08 1.75056e+03 1.10959e-14 +0.00000e+00
 4.15956e-08 1.75785e+03 1.37932e-14 +0.00000e+00
 5.17947e-08 1.76418e+03 1.71625e-14 +0.00000e+00
 6.44947e-08 1.77124e+03 2.13439e-14 +0.00000e+00
 8.03086e-08 1.77722e+03 2.65735e-14 +0.00000e+00
 1.00000e-07 1.78345e+03 3.30855e-14 +0.00000e+00
 1.24520e-07 1.78514e+03 4.14094e-14 +0.00000e+00
 1.55052e-07 1.69250e+03 6.08541e-14 +0.00000e+00
 1.93070e-07 1.65737e+03 8.33113e-14 +0.00000e+00
 2.40410e-07 1.64655e+03 1.07027e-13 +0.00000e+00
 2.99358e-07 1.64290e+03 1.34820e-13 +0.00000e+00
 3.72759e-07 1.64231e+03 1.68486e-13 +0.00000e+00
 4.64159e-07 1.64261e+03 2.10633e-13 +0.00000e+00
 5.77969e-07 1.64447e+03 2.62094e-13 +0.00000e+00
 7.19686e-07 1.64663e+03 3.26825e-13 +0.00000e+00
 8.96151e-07 1.64971e+03 4.06502e-13 +0.00000e+00
 1.11588e-06 1.65310e+03 5.06340e-13 +0.00000e+00
 1.38950e-06 1.65707e+03 6.29971e-13 +0.00000e+00
 1.73020e-06 1.66143e+03 7.84065e-13 +0.00000e+00
 2.15443e-06 1.66620e+03 9.75687e-13 +0.00000e+00
 2.68270e-06 1.67141e+03 1.21343e-12 +0.00000e+00
 3.34048e-06 1.67698e+03 1.50980e-12 +0.00000e+00
 4.15956e-06 1.68302e+03 1.87654e-12 +0.00000e+00
 5.17947e-06 1.68941e+03 2.33407e-12 +0.00000e+00
 6.44947e-06 1.69631e+03 2.89846e-12 +0.00000e+00
 8.03086e-06 1.70359e+03 3.60329e-12 +0.00000e+00
 1.00000e-05 1.71147e+03 4.47039e-12 +0.00000e+00
 1.24520e-05 1.71980e+03 5.55159e-12 +0.00000e+00
 1.55052e-05 1.72879e+03 6.88203e-12 +0.00000e+00
 1.93070e-05 1.73836e+03 8.53549e-12 +0.00000e+00
 2.40410e-05 1.74867e+03 1.05695e-11 +0.00000e+00
 2.99358e-05 1.75966e+03 1.30900e-11 +0.00000e+00
 3.72759e-05 1.77145e+03 1.61912e-11 +0.00000e+00
 4.64159e-05 1.78402e+03 2.00213e-11 +0.00000e+00
 5.77969e-05 1.79687e+03 2.47518e-11 +0.00000e+00
 7.19686e-05 1.81113e+03 3.05586e-11 +0.00000e+00
 8.96151e-05 1.82625e+03 3.76974e-11 +0.00000e+00
 1.11588e-04 1.84225e+03 4.64665e-11 +0.00000e+00
 1.38950e-04 1.85907e+03 5.72534e-11 +0.00000e+00
 1.73020e-04 1.87671e+03 7.04749e-11 +0.00000e+00
 2.15443e-04 1.89510e+03 8.67470e-11 +0.00000e+00
 2.68270e-04 1.91431e+03 1.06647e-10 +0.00000e+00
 3.34048e-04 1.93423e+03 1.31141e-10 +0.00000e+00
 4.15956e-04 1.95503e+03 1.61007e-10 +0.00000e+00
 5.17947e-04 1.97654e+03 1.97808e-10 +0.00000e+00
 6.44947e-04 1.99906e+03 2.42492e-10 +0.00000e+00
 8.03086e-04 2.02240e+03 2.97535e-10 +0.00000e+00
 1.00000e-03 2.04688e+03 3.64085e-10 +0.00000e+00
 1.24520e-03 2.07236e+03 4.45937e-10 +1.48115e-01
 1.55052e-03 2.09766e+03 5.45669e-10 +1.18136e-01
 1.93070e-03 2.12338e+03 6.68743e-10 +8.63025e-02
 2.40410e-03 2.14964e+03 8.18090e-10 +9.37630e-02
 2.99358e-03 2.17636e+03 1.00204e-09 +7.17132e-02
 3.72759e-03 2.20369e+03 1.22503e-09 +7.37055e-02
 4.64159e-03 2.23151e+03 1.49913e-09 +5.73774e-02
 5.77969e-03 2.25999e+03 1.83122e-09 +5.47670e-02
 7.19686e-03 2.28895e+03 2.23793e-09 +4.31717e-02
 8.96151e-03 2.31861e+03 2.73006e-09 +3.92971e-02
 1.11588e-02 2.34876e+03 3.33028e-09 +3.12446e-02
 1.38950e-02 2.37962e+03 4.05540e-09 +2.65548e-02
 1.73020e-02 2.41098e+03 4.93418e-09 +2.14771e-02
 2.15443e-02 2.44304e+03 5.99306e-09 +1.70054e-02
 2.68270e-02 2.47557e+03 7.26528e-09 +1.43794e-02
 3.34048e-02 2.50876e+03 8.79362e-09 +1.04605e-02
 4.15956e-02 2.54240e+03 1.06096e-08 +9.35268e-03
 5.17947e-02 2.57660e+03 1.27841e-08 +6.06226e-03
 6.44947e-02 2.61126e+03 1.53283e-08 +6.13345e-03
 8.03086e-02 2.64636e+03 1.83508e-08 +4.23347e-03
 1.00000e-01 2.68197e+03 2.18481e-08 +4.18140e-03
 1.24520e-01 2.71790e+03 2.59346e-08 +3.49250e-03
 1.55052e-01 2.75439e+03 3.06313e-08 +3.21232e-03
 1.93070e-01 2.79132e+03 3.59817e-08 +3.48428e-03
 2.40410e-01 2.82898e+03 4.20803e-08 +3.41494e-03
 2.99358e-01 2.86762e+03 4.88166e-08 +4.50525e-03
 3.72759e-01 2.90840e+03 5.62365e-08 +7.43622e-03
 4.64159e-01 2.95757e+03 6.38250e-08 +2.25198e-03
 5.77969e-01 3.01047e+03 7.15181e-08 +5.59362e-03
 7.19686e-01 3.06283e+03 7.96446e-08 +9.57675e-03
 8.96151e-01 3.11361e+03 8.82526e-08 +1.37016e-02
 1.11588e+00 3.16349e+03 9.71821e-08 +1.86442e-02
 1.38950e+00 3.21309e+03 1.06525e-07 +2.48090e-02
 1.73020e+00 3.26281e+03 1.16273e-07 +3.24460e-02
 2.15443e+00 3.31306e+03 1.26409e-07 +4.18831e-02
 2.68270e+00 3.36444e+03 1.36829e-07 +5.34729e-02
 3.34048e+00 3.41761e+03 1.47633e-07 +6.18317e-02
 4.15956e+00 3.47203e+03 1.58924e-07 +6.42160e-02
 5.17947e+00 3.52843e+03 1.70714e-07 +6.60480e-02
 6.44947e+00 3.58766e+03 1.82996e-07 +6.75116e-02
 8.03086e+00 3.65061e+03 1.95831e-07 +6.86699e-02
 1.00000e+01 3.71810e+03 2.09307e-07 +6.96155e-02
 1.24520e+01 3.79105e+03 2.23495e-07 +7.03561e-02
 1.55052e+01 3.87104e+03 2.38441e-07 +7.08478e-02
 1.93070e+01 3.96058e+03 2.54135e-07 +7.10806e-02
 2.40410e+01 4.06277e+03 2.70546e-07 +7.11148e-02
 2.99358e+01 4.18029e+03 2.87511e-07 +7.10976e-02
 3.72759e+01 4.31288e+03 3.04638e-07 +7.13049e-02
 4.64159e+01 4.45488e+03 3.21110e-07 +7.20133e-02
 5.77969e+01 4.59591e+03 3.36018e-07 +7.31793e-02
 7.19686e+01 4.72806e+03 3.49048e-07 +7.44039e-02
 8.96151e+01 4.84980e+03 3.60444e-07 +7.54355e-02
 1.11588e+02 4.96254e+03 3.70621e-07 +7.62486e-02
 1.38950e+02 5.06833e+03 3.79940e-07 +7.68789e-02
 1.73020e+02 5.16888e+03 3.88684e-07 +7.73719e-02
 2.15443e+02 5.26562e+03 3.97058e-07 +7.77575e-02
 2.68270e+02 5.35984e+03 4.05198e-07 +7.80606e-02
 3.34048e+02 5.45252e+03 4.13201e-07 +7.83046e-02
 4.15956e+02 5.54433e+03 4.21153e-07 +7.85028e-02
 5.17947e+02 5.63585e+03 4.29116e-07 +7.86650e-02
 6.44947e+02 5.72754e+03 4.37143e-07 +7.87991e-02
 8.03086e+02 5.81976e+03 4.45279e-07 +7.89105e-02
 1.00000e+03 5.91279e+03 4.53566e-07 +7.90040e-02
