#n1=128 n2=4 Teff=02600 R=7.3773e+11 L=1.7718e+34 logg=+2.00
#   tau          T          rho         Fconv
 0.00000e+00 1.29728e+03 1.15302e-20 +0.00000e+00
 1.00000e-09 1.29728e+03 6.51232e-15 +0.00000e+00
 1.24520e-09 1.29800e+03 8.11483e-15 +0.00000e+00
 1.55052e-09 1.29871e+03 1.01088e-14 +0.00000e+00
 1.93070e-09 1.29943e+03 1.25945e-14 +0.00000e+00
 2.40410e-09 1.30016e+03 1.56880e-14 +0.00000e+00
 2.99358e-09 1.30091e+03 1.95423e-14 +0.00000e+00
 3.72759e-09 1.30167e+03 2.43401e-14 +0.00000e+00
 4.64159e-09 1.30245e+03 3.03158e-14 +0.00000e+00
 5.77969e-09 1.30326e+03 3.77552e-14 +0.00000e+00
 7.19686e-09 1.30408e+03 4.70184e-14 +0.00000e+00
 8.96151e-09 1.30493e+03 5.85509e-14 +0.00000e+00
 1.11588e-08 1.30582e+03 7.29064e-14 +0.00000e+00
 1.38950e-08 1.30674e+03 9.07779e-14 +0.00000e+00
 1.73020e-08 1.30800e+03 1.12989e-13 +0.00000e+00
 2.15443e-08 1.30902e+03 1.40669e-13 +0.00000e+00
 2.68270e-08 1.31007e+03 1.75112e-13 +0.00000e+00
 3.34048e-08 1.31119e+03 2.17985e-13 +0.00000e+00
 4.15956e-08 1.31238e+03 2.71319e-13 +0.00000e+00
 5.17947e-08 1.31368e+03 3.37681e-13 +0.00000e+00
 6.44947e-08 1.31506e+03 4.20220e-13 +0.00000e+00
 8.03086e-08 1.31659e+03 5.22896e-13 +0.00000e+00
 1.00000e-07 1.31819e+03 6.50584e-13 +0.00000e+00
 1.24520e-07 1.31999e+03 8.09345e-13 +0.00000e+00
 1.55052e-07 1.32194e+03 1.00669e-12 +0.00000e+00
 1.93070e-07 1.32411e+03 1.25197e-12 +0.00000e+00
 2.40410e-07 1.32651e+03 1.55668e-12 +0.00000e+00
 2.99358e-07 1.32918e+03 1.93520e-12 +0.00000e+00
 3.72759e-07 1.33211e+03 2.40522e-12 +0.00000e+00
 4.64159e-07 1.33534e+03 2.98876e-12 +0.00000e+00
 5.77969e-07 1.33888e+03 3.71298e-12 +0.00000e+00
 7.19686e-07 1.34274e+03 4.61163e-12 +0.00000e+00
 8.96151e-07 1.34688e+03 5.72658e-12 +0.00000e+00
 1.11588e-06 1.35138e+03 7.10917e-12 +0.00000e+00
 1.38950e-06 1.35621e+03 8.82362e-12 +0.00000e+00
 1.73020e-06 1.36140e+03 1.09486e-11 +0.00000e+00
 2.15443e-06 1.36693e+03 1.35821e-11 +0.00000e+00
 2.68270e-06 1.37287e+03 1.68443e-11 +0.00000e+00
 3.34048e-06 1.37922e+03 2.08842e-11 +0.00000e+00
 4.15956e-06 1.38600e+03 2.58850e-11 +0.00000e+00
 5.17947e-06 1.39316e+03 3.20759e-11 +0.00000e+00
 6.44947e-06 1.40102e+03 3.97277e-11 +0.00000e+00
 8.03086e-06 1.40939e+03 4.91891e-11 +0.00000e+00
 1.00000e-05 1.41844e+03 6.08750e-11 +0.00000e+00
 1.24520e-05 1.42832e+03 7.52968e-11 +0.00000e+00
 1.55052e-05 1.43896e+03 9.30886e-11 +0.00000e+00
 1.93070e-05 1.45035e+03 1.15032e-10 +0.00000e+00
 2.40410e-05 1.46263e+03 1.42065e-10 +0.00000e+00
 2.99358e-05 1.47574e+03 1.75366e-10 +0.00000e+00
 3.72759e-05 1.48971e+03 2.16360e-10 +0.00000e+00
 4.64159e-05 1.50452e+03 2.66809e-10 +0.00000e+00
 5.77969e-05 1.52015e+03 3.28867e-10 +0.00000e+00
 7.19686e-05 1.53655e+03 4.05193e-10 +0.00000e+00
 8.96151e-05 1.55368e+03 4.99045e-10 +0.00000e+00
 1.11588e-04 1.57152e+03 6.14417e-10 +0.00000e+00
 1.38950e-04 1.58994e+03 7.56275e-10 +0.00000e+00
 1.73020e-04 1.60894e+03 9.30646e-10 +0.00000e+00
 2.15443e-04 1.62848e+03 1.14498e-09 +0.00000e+00
 2.68270e-04 1.64855e+03 1.40837e-09 +0.00000e+00
 3.34048e-04 1.66918e+03 1.73202e-09 +0.00000e+00
 4.15956e-04 1.69042e+03 2.12945e-09 +0.00000e+00
 5.17947e-04 1.71225e+03 2.61758e-09 +0.00000e+00
 6.44947e-04 1.73473e+03 3.21661e-09 +0.00000e+00
 8.03086e-04 1.75790e+03 3.95187e-09 +0.00000e+00
 1.00000e-03 1.78187e+03 4.85312e-09 +0.00000e+00
 1.24520e-03 1.80676e+03 5.95797e-09 -2.54607e-07
 1.55052e-03 1.83249e+03 7.31087e-09 -3.17035e-07
 1.93070e-03 1.85915e+03 8.96812e-09 -3.94772e-07
 2.40410e-03 1.88675e+03 1.09951e-08 -4.91570e-07
 2.99358e-03 1.91540e+03 1.34745e-08 -6.12099e-07
 3.72759e-03 1.94522e+03 1.65012e-08 -7.62184e-07
 4.64159e-03 1.97629e+03 2.01956e-08 -9.49071e-07
 5.77969e-03 2.00865e+03 2.46960e-08 -1.18178e-06
 7.19686e-03 2.04183e+03 3.01843e-08 -1.47155e-06
 8.96151e-03 2.07567e+03 3.68704e-08 -1.83237e-06
 1.11588e-02 2.11041e+03 4.50010e-08 -2.28166e-06
 1.38950e-02 2.14603e+03 5.48712e-08 -2.84111e-06
 1.73020e-02 2.18266e+03 6.68156e-08 -3.53774e-06
 2.15443e-02 2.22035e+03 8.12381e-08 -4.40517e-06
 2.68270e-02 2.25911e+03 9.85576e-08 -5.48532e-06
 3.34048e-02 2.30034e+03 1.19189e-07 -6.83031e-06
 4.15956e-02 2.34377e+03 1.43501e-07 -8.50509e-06
 5.17947e-02 2.39030e+03 1.71865e-07 +9.29786e-03
 6.44947e-02 2.43605e+03 2.04848e-07 +1.47174e-02
 8.03086e-02 2.48050e+03 2.43141e-07 +9.40714e-03
 1.00000e-01 2.52363e+03 2.86996e-07 +8.44955e-03
 1.24520e-01 2.56550e+03 3.36765e-07 +7.93767e-03
 1.55052e-01 2.60616e+03 3.92933e-07 +7.79809e-03
 1.93070e-01 2.64572e+03 4.55138e-07 +7.85834e-03
 2.40410e-01 2.68428e+03 5.24187e-07 +8.44538e-03
 2.99358e-01 2.72205e+03 6.00108e-07 +1.06828e-02
 3.72759e-01 2.76074e+03 6.81668e-07 +6.58902e-03
 4.64159e-01 2.80046e+03 7.68893e-07 +1.19135e-02
 5.77969e-01 2.83833e+03 8.63715e-07 +1.49553e-02
 7.19686e-01 2.87467e+03 9.65533e-07 +1.82138e-02
 8.96151e-01 2.90999e+03 1.07647e-06 +2.22468e-02
 1.11588e+00 2.94463e+03 1.19735e-06 +2.71376e-02
 1.38950e+00 2.97882e+03 1.32833e-06 +3.30201e-02
 1.73020e+00 3.01272e+03 1.46947e-06 +4.00948e-02
 2.15443e+00 3.04643e+03 1.62331e-06 +4.86779e-02
 2.68270e+00 3.08002e+03 1.79094e-06 +5.91591e-02
 3.34048e+00 3.11353e+03 1.97219e-06 +6.66981e-02
 4.15956e+00 3.14684e+03 2.16781e-06 +6.89616e-02
 5.17947e+00 3.18000e+03 2.38114e-06 +7.08078e-02
 6.44947e+00 3.21310e+03 2.61390e-06 +7.23186e-02
 8.03086e+00 3.24621e+03 2.86659e-06 +7.35592e-02
 1.00000e+01 3.27939e+03 3.13749e-06 +7.45825e-02
 1.24520e+01 3.31267e+03 3.43216e-06 +7.54325e-02
 1.55052e+01 3.34603e+03 3.75280e-06 +7.61397e-02
 1.93070e+01 3.37946e+03 4.10211e-06 +7.67295e-02
 2.40410e+01 3.41294e+03 4.47522e-06 +7.72189e-02
 2.99358e+01 3.44649e+03 4.87978e-06 +7.76231e-02
 3.72759e+01 3.48015e+03 5.32003e-06 +7.79562e-02
 4.64159e+01 3.51397e+03 5.79935e-06 +7.82303e-02
 5.77969e+01 3.54803e+03 6.31742e-06 +7.84561e-02
 7.19686e+01 3.58240e+03 6.87122e-06 +7.86421e-02
 8.96151e+01 3.61716e+03 7.47231e-06 +7.87961e-02
 1.11588e+02 3.65233e+03 8.12486e-06 +7.89247e-02
 1.38950e+02 3.68794e+03 8.83355e-06 +7.90320e-02
 1.73020e+02 3.72399e+03 9.59148e-06 +7.91219e-02
 2.15443e+02 3.76048e+03 1.04064e-05 +7.91972e-02
 2.68270e+02 3.79743e+03 1.12909e-05 +7.92601e-02
 3.34048e+02 3.83481e+03 1.22519e-05 +7.93130e-02
 4.15956e+02 3.87266e+03 1.32969e-05 +7.93570e-02
 5.17947e+02 3.91102e+03 1.44092e-05 +7.93937e-02
 6.44947e+02 3.94999e+03 1.56127e-05 +7.94238e-02
 8.03086e+02 3.98964e+03 1.69196e-05 +7.94493e-02
 1.00000e+03 4.03001e+03 1.83390e-05 +7.94705e-02
