#n1=128 n2=4 Teff=03900 R=5.1824e+11 L=4.4276e+34 logg=+2.50
#      tau          T          rho         Fconv
  0.00000e+00  2.05222e+03  7.46613e-21 +0.00000e+00
  1.00000e-09  2.05222e+03  9.87885e-15 +0.00000e+00
  1.24520e-09  2.06021e+03  1.22635e-14 +0.00000e+00
  1.55052e-09  2.06947e+03  1.52135e-14 +0.00000e+00
  1.93070e-09  2.07974e+03  1.88629e-14 +0.00000e+00
  2.40410e-09  2.09042e+03  2.33823e-14 +0.00000e+00
  2.99358e-09  2.10176e+03  2.89747e-14 +0.00000e+00
  3.72759e-09  2.11319e+03  3.59024e-14 +0.00000e+00
  4.64159e-09  2.12550e+03  4.44671e-14 +0.00000e+00
  5.77969e-09  2.13825e+03  5.50629e-14 +0.00000e+00
  7.19686e-09  2.15151e+03  6.81672e-14 +0.00000e+00
  8.96151e-09  2.16412e+03  8.44152e-14 +0.00000e+00
  1.11588e-08  2.17864e+03  1.04443e-13 +0.00000e+00
  1.38950e-08  2.19271e+03  1.29248e-13 +0.00000e+00
  1.73020e-08  2.20925e+03  1.59761e-13 +0.00000e+00
  2.15443e-08  2.22547e+03  1.97506e-13 +0.00000e+00
  2.68270e-08  2.24406e+03  2.43900e-13 +0.00000e+00
  3.34048e-08  2.26248e+03  3.01211e-13 +0.00000e+00
  4.15956e-08  2.28312e+03  3.71610e-13 +0.00000e+00
  5.17947e-08  2.30463e+03  4.58269e-13 +0.00000e+00
  6.44947e-08  2.32682e+03  5.64947e-13 +0.00000e+00
  8.03086e-08  2.34944e+03  6.96280e-13 +0.00000e+00
  1.00000e-07  2.37245e+03  8.57930e-13 +0.00000e+00
  1.24520e-07  2.39553e+03  1.05696e-12 +0.00000e+00
  1.55052e-07  2.41875e+03  1.30188e-12 +0.00000e+00
  1.93070e-07  2.44179e+03  1.60337e-12 +0.00000e+00
  2.40410e-07  2.46467e+03  1.97430e-12 +0.00000e+00
  2.99358e-07  2.48720e+03  2.43064e-12 +0.00000e+00
  3.72759e-07  2.50926e+03  2.99185e-12 +0.00000e+00
  4.64159e-07  2.53089e+03  3.68153e-12 +0.00000e+00
  5.77969e-07  2.55179e+03  4.52889e-12 +0.00000e+00
  7.19686e-07  2.57220e+03  5.56852e-12 +0.00000e+00
  8.96151e-07  2.59187e+03  6.84318e-12 +0.00000e+00
  1.11588e-06  2.61093e+03  8.40351e-12 +0.00000e+00
  1.38950e-06  2.62943e+03  1.03104e-11 +0.00000e+00
  1.73020e-06  2.64731e+03  1.26364e-11 +0.00000e+00
  2.15443e-06  2.66471e+03  1.54671e-11 +0.00000e+00
  2.68270e-06  2.68166e+03  1.89029e-11 +0.00000e+00
  3.34048e-06  2.69820e+03  2.30616e-11 +0.00000e+00
  4.15956e-06  2.71445e+03  2.80782e-11 +0.00000e+00
  5.17947e-06  2.73036e+03  3.41097e-11 +0.00000e+00
  6.44947e-06  2.74595e+03  4.13357e-11 +0.00000e+00
  8.03086e-06  2.76133e+03  4.99563e-11 +0.00000e+00
  1.00000e-05  2.77645e+03  6.02027e-11 +0.00000e+00
  1.24520e-05  2.79135e+03  7.23283e-11 +0.00000e+00
  1.55052e-05  2.80604e+03  8.66211e-11 +0.00000e+00
  1.93070e-05  2.82043e+03  1.03402e-10 +0.00000e+00
  2.40410e-05  2.83457e+03  1.23025e-10 +0.00000e+00
  2.99358e-05  2.84847e+03  1.45890e-10 +0.00000e+00
  3.72759e-05  2.86213e+03  1.72429e-10 +0.00000e+00
  4.64159e-05  2.87543e+03  2.03148e-10 +0.00000e+00
  5.77969e-05  2.88827e+03  2.38618e-10 +0.00000e+00
  7.19686e-05  2.90081e+03  2.79436e-10 +0.00000e+00
  8.96151e-05  2.91303e+03  3.26318e-10 +0.00000e+00
  1.11588e-04  2.92482e+03  3.80070e-10 +0.00000e+00
  1.38950e-04  2.93622e+03  4.41566e-10 +0.00000e+00
  1.73020e-04  2.94733e+03  5.11830e-10 +0.00000e+00
  2.15443e-04  2.95801e+03  5.92034e-10 +0.00000e+00
  2.68270e-04  2.96814e+03  6.83501e-10 +0.00000e+00
  3.34048e-04  2.97801e+03  7.87686e-10 +0.00000e+00
  4.15956e-04  2.98768e+03  9.06249e-10 +0.00000e+00
  5.17947e-04  2.99717e+03  1.04102e-09 +0.00000e+00
  6.44947e-04  3.00663e+03  1.19408e-09 +0.00000e+00
  8.03086e-04  3.01616e+03  1.36777e-09 +0.00000e+00
  1.00000e-03  3.02589e+03  1.56460e-09 +0.00000e+00
  1.24520e-03  3.03584e+03  1.78748e-09 -2.54535e-07
  1.55052e-03  3.04623e+03  2.03956e-09 -3.16946e-07
  1.93070e-03  3.05715e+03  2.32430e-09 -3.94660e-07
  2.40410e-03  3.06875e+03  2.64543e-09 -4.91430e-07
  2.99358e-03  3.08115e+03  3.00718e-09 -6.11927e-07
  3.72759e-03  3.09443e+03  3.41412e-09 -7.61970e-07
  4.64159e-03  3.10882e+03  3.87085e-09 -9.48799e-07
  5.77969e-03  3.12455e+03  4.38238e-09 -1.18145e-06
  7.19686e-03  3.14161e+03  4.95445e-09 -1.47114e-06
  8.96151e-03  3.16017e+03  5.59259e-09 -1.83185e-06
  1.11588e-02  3.18038e+03  6.30263e-09 -2.28101e-06
  1.38950e-02  3.20229e+03  7.09105e-09 -2.84031e-06
  1.73020e-02  3.22600e+03  7.96448e-09 -3.53675e-06
  2.15443e-02  3.25172e+03  8.92851e-09 -4.40395e-06
  2.68270e-02  3.27979e+03  9.98841e-09 -5.48379e-06
  3.34048e-02  3.31078e+03  1.11476e-08 -6.82840e-06
  4.15956e-02  3.34500e+03  1.24084e-08 -8.50269e-06
  5.17947e-02  3.38230e+03  1.37730e-08 -1.05875e-05
  6.44947e-02  3.41911e+03  1.52665e-08 -1.31836e-05
  8.03086e-02  3.45690e+03  1.68932e-08 -1.64162e-05
  1.00000e-01  3.49520e+03  1.86664e-08 -2.04413e-05
  1.24520e-01  3.53465e+03  2.05927e-08 -2.54535e-05
  1.55052e-01  3.57609e+03  2.26758e-08 -3.16946e-05
  1.93070e-01  3.62109e+03  2.49087e-08 -3.94660e-05
  2.40410e-01  3.67235e+03  2.72636e-08 -4.91430e-05
  2.99358e-01  3.73656e+03  2.96492e-08 -6.11927e-05
  3.72759e-01  3.80888e+03  3.20703e-08 -7.61970e-05
  4.64159e-01  3.89348e+03  3.44558e-08 -9.48799e-05
  5.77969e-01  3.98751e+03  3.68075e-08 -1.18145e-04
  7.19686e-01  4.09241e+03  3.91050e-08 -1.47114e-04
  8.96151e-01  4.20971e+03  4.13450e-08 -1.83185e-04
  1.11588e+00  4.34378e+03  4.35094e-08 -2.28100e-04
  1.38950e+00  4.49811e+03  4.56137e-08 -2.84007e-04
  1.73020e+00  4.67495e+03  4.77252e-08 -3.53610e-04
  2.15443e+00  4.87574e+03  4.99645e-08 -4.40363e-04
  2.68270e+00  5.10217e+03  5.24824e-08 -5.48379e-04
  3.34048e+00  5.35591e+03  5.53364e-08 -6.13240e-04
  4.15956e+00  5.63662e+03  5.81877e-08 -6.13222e-04
  5.17947e+00  5.94027e+03  6.03273e-08 -5.88195e-04
  6.44947e+00  6.32632e+03  6.04100e-08 +1.04580e-03
  8.03086e+00  6.56676e+03  6.11554e-08 +8.43493e-03
  1.00000e+01  6.79780e+03  6.15912e-08 +2.11193e-02
  1.24520e+01  7.00690e+03  6.19654e-08 +3.35293e-02
  1.55052e+01  7.19427e+03  6.23804e-08 +4.35517e-02
  1.93070e+01  7.36423e+03  6.28672e-08 +5.12040e-02
  2.40410e+01  7.52058e+03  6.34392e-08 +5.71168e-02
  2.99358e+01  7.66609e+03  6.41065e-08 +6.16865e-02
  3.72759e+01  7.80316e+03  6.48745e-08 +6.52117e-02
  4.64159e+01  7.93387e+03  6.57460e-08 +6.79411e-02
  5.77969e+01  8.05996e+03  6.67228e-08 +7.00742e-02
  7.19686e+01  8.18273e+03  6.78077e-08 +7.17703e-02
  8.96151e+01  8.30306e+03  6.90049e-08 +7.31359e-02
  1.11588e+02  8.42162e+03  7.03200e-08 +7.42452e-02
  1.38950e+02  8.53901e+03  7.17581e-08 +7.51401e-02
  1.73020e+02  8.65591e+03  7.33225e-08 +7.58726e-02
  2.15443e+02  8.77253e+03  7.50206e-08 +7.64866e-02
  2.68270e+02  8.88865e+03  7.68651e-08 +7.70080e-02
  3.34048e+02  9.00384e+03  7.88745e-08 +7.74509e-02
  4.15956e+02  9.11786e+03  8.10686e-08 +7.78198e-02
  5.17947e+02  9.23065e+03  8.34687e-08 +7.81262e-02
  6.44947e+02  9.34220e+03  8.60979e-08 +7.83793e-02
  8.03086e+02  9.45262e+03  8.89809e-08 +7.85874e-02
  1.00000e+03  9.56211e+03  9.21434e-08 +7.87581e-02
