#n1=128 n2=4 Teff=03400 R=2.5504e+11 L=6.1919e+33 logg=+3.00
#   tau          T          rho         Fconv
 0.00000e+00 1.92778e+03 7.85029e-21 +0.00000e+00
 1.00000e-09 1.92778e+03 3.34212e-14 +0.00000e+00
 1.24520e-09 1.93542e+03 4.14739e-14 +0.00000e+00
 1.55052e-09 1.94371e+03 5.14483e-14 +0.00000e+00
 1.93070e-09 1.95177e+03 6.38325e-14 +0.00000e+00
 2.40410e-09 1.96048e+03 7.91686e-14 +0.00000e+00
 2.99358e-09 1.96874e+03 9.82197e-14 +0.00000e+00
 3.72759e-09 1.97772e+03 1.21806e-13 +0.00000e+00
 4.64159e-09 1.98608e+03 1.51118e-13 +0.00000e+00
 5.77969e-09 1.99524e+03 1.87400e-13 +0.00000e+00
 7.19686e-09 2.00390e+03 2.32471e-13 +0.00000e+00
 8.96151e-09 2.01318e+03 2.88285e-13 +0.00000e+00
 1.11588e-08 2.02213e+03 3.57577e-13 +0.00000e+00
 1.38950e-08 2.03168e+03 4.43388e-13 +0.00000e+00
 1.73020e-08 2.04099e+03 5.49865e-13 +0.00000e+00
 2.15443e-08 2.05079e+03 6.81749e-13 +0.00000e+00
 2.68270e-08 2.06067e+03 8.45190e-13 +0.00000e+00
 3.34048e-08 2.07085e+03 1.04767e-12 +0.00000e+00
 4.15956e-08 2.08143e+03 1.29824e-12 +0.00000e+00
 5.17947e-08 2.09215e+03 1.60864e-12 +0.00000e+00
 6.44947e-08 2.10357e+03 1.99211e-12 +0.00000e+00
 8.03086e-08 2.11505e+03 2.46689e-12 +0.00000e+00
 1.00000e-07 2.12745e+03 3.05237e-12 +0.00000e+00
 1.24520e-07 2.13986e+03 3.77655e-12 +0.00000e+00
 1.55052e-07 2.15341e+03 4.66788e-12 +0.00000e+00
 1.93070e-07 2.16682e+03 5.76899e-12 +0.00000e+00
 2.40410e-07 2.18165e+03 7.12083e-12 +0.00000e+00
 2.99358e-07 2.19626e+03 8.78752e-12 +0.00000e+00
 3.72759e-07 2.21223e+03 1.08301e-11 +0.00000e+00
 4.64159e-07 2.22821e+03 1.33396e-11 +0.00000e+00
 5.77969e-07 2.24515e+03 1.64114e-11 +0.00000e+00
 7.19686e-07 2.26217e+03 2.01728e-11 +0.00000e+00
 8.96151e-07 2.27956e+03 2.47722e-11 +0.00000e+00
 1.11588e-06 2.29686e+03 3.03886e-11 +0.00000e+00
 1.38950e-06 2.31381e+03 3.72493e-11 +0.00000e+00
 1.73020e-06 2.33035e+03 4.56073e-11 +0.00000e+00
 2.15443e-06 2.34597e+03 5.57966e-11 +0.00000e+00
 2.68270e-06 2.36091e+03 6.81812e-11 +0.00000e+00
 3.34048e-06 2.37462e+03 8.32275e-11 +0.00000e+00
 4.15956e-06 2.38743e+03 1.01472e-10 +0.00000e+00
 5.17947e-06 2.39905e+03 1.23535e-10 +0.00000e+00
 6.44947e-06 2.40969e+03 1.50203e-10 +0.00000e+00
 8.03086e-06 2.41944e+03 1.82308e-10 +0.00000e+00
 1.00000e-05 2.42832e+03 2.20927e-10 +0.00000e+00
 1.24520e-05 2.43665e+03 2.67263e-10 +0.00000e+00
 1.55052e-05 2.44443e+03 3.22575e-10 +0.00000e+00
 1.93070e-05 2.45197e+03 3.88663e-10 +0.00000e+00
 2.40410e-05 2.45940e+03 4.67124e-10 +0.00000e+00
 2.99358e-05 2.46690e+03 5.60116e-10 +0.00000e+00
 3.72759e-05 2.47458e+03 6.70230e-10 +0.00000e+00
 4.64159e-05 2.48271e+03 7.99165e-10 +0.00000e+00
 5.77969e-05 2.49123e+03 9.50811e-10 +0.00000e+00
 7.19686e-05 2.50031e+03 1.12814e-09 +0.00000e+00
 8.96151e-05 2.50999e+03 1.33353e-09 +0.00000e+00
 1.11588e-04 2.52027e+03 1.57269e-09 +0.00000e+00
 1.38950e-04 2.53119e+03 1.84894e-09 +0.00000e+00
 1.73020e-04 2.54283e+03 2.16571e-09 +0.00000e+00
 2.15443e-04 2.55510e+03 2.53079e-09 +0.00000e+00
 2.68270e-04 2.56813e+03 2.94741e-09 +0.00000e+00
 3.34048e-04 2.58192e+03 3.41990e-09 +0.00000e+00
 4.15956e-04 2.59649e+03 3.95834e-09 +0.00000e+00
 5.17947e-04 2.61194e+03 4.56613e-09 +0.00000e+00
 6.44947e-04 2.62835e+03 5.24557e-09 +0.00000e+00
 8.03086e-04 2.64575e+03 6.01001e-09 +0.00000e+00
 1.00000e-03 2.66427e+03 6.86446e-09 +0.00000e+00
 1.24520e-03 2.68398e+03 7.80223e-09 -2.54628e-07
 1.55052e-03 2.70498e+03 8.84241e-09 -3.17061e-07
 1.93070e-03 2.72733e+03 9.98962e-09 -3.94804e-07
 2.40410e-03 2.75017e+03 1.12495e-08 -4.91608e-07
 2.99358e-03 2.77320e+03 1.26449e-08 -6.12149e-07
 3.72759e-03 2.79658e+03 1.41951e-08 -7.62246e-07
 4.64159e-03 2.82017e+03 1.59172e-08 -9.49146e-07
 5.77969e-03 2.84407e+03 1.78053e-08 -1.18187e-06
 7.19686e-03 2.86833e+03 1.99049e-08 -1.47167e-06
 8.96151e-03 2.89280e+03 2.22404e-08 -1.83252e-06
 1.11588e-02 2.91763e+03 2.48225e-08 -2.28184e-06
 1.38950e-02 2.94289e+03 2.76680e-08 -2.84134e-06
 1.73020e-02 2.96843e+03 3.08341e-08 -3.53803e-06
 2.15443e-02 2.99446e+03 3.43472e-08 -4.40555e-06
 2.68270e-02 3.02101e+03 3.82196e-08 -5.48578e-06
 3.34048e-02 3.04802e+03 4.24980e-08 -6.83087e-06
 4.15956e-02 3.07570e+03 4.72391e-08 -8.50578e-06
 5.17947e-02 3.10405e+03 5.24841e-08 -1.05914e-05
 6.44947e-02 3.13301e+03 5.82518e-08 -1.31883e-05
 8.03086e-02 3.16117e+03 6.46964e-08 -1.64221e-05
 1.00000e-01 3.19333e+03 7.16446e-08 +2.41380e-05
 1.24520e-01 3.22773e+03 7.91926e-08 +1.83301e-04
 1.55052e-01 3.26299e+03 8.74212e-08 +6.12518e-05
 1.93070e-01 3.29963e+03 9.63891e-08 +7.07894e-04
 2.40410e-01 3.34143e+03 1.05895e-07 +6.80480e-03
 2.99358e-01 3.40245e+03 1.14805e-07 +8.52796e-04
 3.72759e-01 3.46368e+03 1.24265e-07 +9.86494e-04
 4.64159e-01 3.52463e+03 1.34376e-07 +1.13535e-03
 5.77969e-01 3.58874e+03 1.44945e-07 +1.64346e-03
 7.19686e-01 3.65857e+03 1.55757e-07 +2.63505e-03
 8.96151e-01 3.73585e+03 1.66610e-07 +4.15596e-03
 1.11588e+00 3.82143e+03 1.77339e-07 +6.32791e-03
 1.38950e+00 3.91606e+03 1.87826e-07 +8.99477e-03
 1.73020e+00 4.02134e+03 1.97907e-07 +1.17793e-02
 2.15443e+00 4.13951e+03 2.07416e-07 +1.48482e-02
 2.68270e+00 4.27218e+03 2.16297e-07 +1.82872e-02
 3.34048e+00 4.42032e+03 2.24648e-07 +2.09720e-02
 4.15956e+00 4.58322e+03 2.32828e-07 +2.18991e-02
 5.17947e+00 4.76267e+03 2.41193e-07 +2.20885e-02
 6.44947e+00 4.96211e+03 2.50104e-07 +2.13932e-02
 8.03086e+00 5.18401e+03 2.59945e-07 +2.06233e-02
 1.00000e+01 5.42568e+03 2.70855e-07 +2.16770e-02
 1.24520e+01 5.67414e+03 2.82164e-07 +2.71918e-02
 1.55052e+01 5.90916e+03 2.92836e-07 +3.61193e-02
 1.93070e+01 6.12094e+03 3.02523e-07 +4.48762e-02
 2.40410e+01 6.31112e+03 3.11418e-07 +5.19597e-02
 2.99358e+01 6.48475e+03 3.19798e-07 +5.73852e-02
 3.72759e+01 6.64639e+03 3.27888e-07 +6.15626e-02
 4.64159e+01 6.79923e+03 3.35869e-07 +6.48358e-02
 5.77969e+01 6.94559e+03 3.43885e-07 +6.74258e-02
 7.19686e+01 7.08721e+03 3.52045e-07 +6.95060e-02
 8.96151e+01 7.22531e+03 3.60442e-07 +7.11925e-02
 1.11588e+02 7.36084e+03 3.69158e-07 +7.25740e-02
 1.38950e+02 7.49446e+03 3.78271e-07 +7.37171e-02
 1.73020e+02 7.62657e+03 3.87859e-07 +7.46720e-02
 2.15443e+02 7.75740e+03 3.98004e-07 +7.54703e-02
 2.68270e+02 7.88723e+03 4.08781e-07 +7.61343e-02
 3.34048e+02 8.01645e+03 4.20256e-07 +7.66858e-02
 4.15956e+02 8.14535e+03 4.32496e-07 +7.71482e-02
 5.17947e+02 8.27407e+03 4.45573e-07 +7.75363e-02
 6.44947e+02 8.40276e+03 4.59560e-07 +7.78621e-02
 8.03086e+02 8.53160e+03 4.74531e-07 +7.81343e-02
 1.00000e+03 8.66083e+03 4.90553e-07 +7.83630e-02
