#n1=128 n2=4 Teff=03000 R=5.9893e+09 L=2.0681e+30 logg=+6.00
#   tau          T          rho         Fconv
 0.00000e+00 1.70869e+03 8.85757e-21 +0.00000e+00
 1.00000e-09 1.70869e+03 5.21721e-11 +0.00000e+00
 1.24520e-09 1.70652e+03 6.52047e-11 +0.00000e+00
 1.55052e-09 1.70554e+03 8.13549e-11 +0.00000e+00
 1.93070e-09 1.70604e+03 1.01393e-10 +0.00000e+00
 2.40410e-09 1.70840e+03 1.26119e-10 +0.00000e+00
 2.99358e-09 1.71242e+03 1.56717e-10 +0.00000e+00
 3.72759e-09 1.71810e+03 1.94447e-10 +0.00000e+00
 4.64159e-09 1.72496e+03 2.41117e-10 +0.00000e+00
 5.77969e-09 1.73277e+03 2.98751e-10 +0.00000e+00
 7.19686e-09 1.74105e+03 3.70120e-10 +0.00000e+00
 8.96151e-09 1.74947e+03 4.58473e-10 +0.00000e+00
 1.11588e-08 1.75766e+03 5.68097e-10 +0.00000e+00
 1.38950e-08 1.76536e+03 7.04161e-10 +0.00000e+00
 1.73020e-08 1.77240e+03 8.73246e-10 +0.00000e+00
 2.15443e-08 1.77879e+03 1.08341e-09 +0.00000e+00
 2.68270e-08 1.78470e+03 1.34450e-09 +0.00000e+00
 3.34048e-08 1.79044e+03 1.66868e-09 +0.00000e+00
 4.15956e-08 1.79636e+03 2.07052e-09 +0.00000e+00
 5.17947e-08 1.80272e+03 2.56838e-09 +0.00000e+00
 6.44947e-08 1.80969e+03 3.18414e-09 +0.00000e+00
 8.03086e-08 1.81734e+03 3.94583e-09 +0.00000e+00
 1.00000e-07 1.82575e+03 4.88627e-09 +0.00000e+00
 1.24520e-07 1.83494e+03 6.04783e-09 +0.00000e+00
 1.55052e-07 1.84491e+03 7.47958e-09 +0.00000e+00
 1.93070e-07 1.85564e+03 9.24518e-09 +0.00000e+00
 2.40410e-07 1.86715e+03 1.14179e-08 +0.00000e+00
 2.99358e-07 1.87939e+03 1.40920e-08 +0.00000e+00
 3.72759e-07 1.89230e+03 1.73769e-08 +0.00000e+00
 4.64159e-07 1.90580e+03 2.14111e-08 +0.00000e+00
 5.77969e-07 1.91979e+03 2.63574e-08 +0.00000e+00
 7.19686e-07 1.93414e+03 3.24181e-08 +0.00000e+00
 8.96151e-07 1.94880e+03 3.98318e-08 +0.00000e+00
 1.11588e-06 1.96362e+03 4.88891e-08 +0.00000e+00
 1.38950e-06 1.97856e+03 5.99362e-08 +0.00000e+00
 1.73020e-06 1.99357e+03 7.33811e-08 +0.00000e+00
 2.15443e-06 2.00860e+03 8.97186e-08 +0.00000e+00
 2.68270e-06 2.02367e+03 1.09505e-07 +0.00000e+00
 3.34048e-06 2.03878e+03 1.33426e-07 +0.00000e+00
 4.15956e-06 2.05397e+03 1.62224e-07 +0.00000e+00
 5.17947e-06 2.06925e+03 1.96807e-07 +0.00000e+00
 6.44947e-06 2.08462e+03 2.38155e-07 +0.00000e+00
 8.03086e-06 2.10010e+03 2.87411e-07 +0.00000e+00
 1.00000e-05 2.11569e+03 3.45837e-07 +0.00000e+00
 1.24520e-05 2.13140e+03 4.14793e-07 +0.00000e+00
 1.55052e-05 2.14727e+03 4.95842e-07 +0.00000e+00
 1.93070e-05 2.16329e+03 5.90530e-07 +0.00000e+00
 2.40410e-05 2.17952e+03 7.00646e-07 +0.00000e+00
 2.99358e-05 2.19596e+03 8.27978e-07 +0.00000e+00
 3.72759e-05 2.21263e+03 9.74316e-07 +0.00000e+00
 4.64159e-05 2.22957e+03 1.14167e-06 +0.00000e+00
 5.77969e-05 2.24677e+03 1.33188e-06 +0.00000e+00
 7.19686e-05 2.26426e+03 1.54684e-06 +0.00000e+00
 8.96151e-05 2.28205e+03 1.78859e-06 +0.00000e+00
 1.11588e-04 2.30013e+03 2.05887e-06 +0.00000e+00
 1.38950e-04 2.31855e+03 2.35951e-06 +0.00000e+00
 1.73020e-04 2.33731e+03 2.69249e-06 +0.00000e+00
 2.15443e-04 2.35642e+03 3.05951e-06 +0.00000e+00
 2.68270e-04 2.37590e+03 3.46198e-06 +0.00000e+00
 3.34048e-04 2.39578e+03 3.90193e-06 +0.00000e+00
 4.15956e-04 2.41606e+03 4.38109e-06 +0.00000e+00
 5.17947e-04 2.43676e+03 4.90056e-06 +0.00000e+00
 6.44947e-04 2.45790e+03 5.46197e-06 +0.00000e+00
 8.03086e-04 2.47946e+03 6.06728e-06 +0.00000e+00
 1.00000e-03 2.50142e+03 6.71855e-06 +0.00000e+00
 1.24520e-03 2.52357e+03 7.41767e-06 -2.54836e-07
 1.55052e-03 2.54466e+03 8.17639e-06 -3.17323e-07
 1.93070e-03 2.56609e+03 8.99679e-06 -3.95128e-07
 2.40410e-03 2.58806e+03 9.88169e-06 -4.92013e-07
 2.99358e-03 2.61061e+03 1.08333e-05 -6.12653e-07
 3.72759e-03 2.63380e+03 1.18519e-05 -7.62874e-07
 4.64159e-03 2.65771e+03 1.29405e-05 -9.49929e-07
 5.77969e-03 2.68241e+03 1.41005e-05 -1.18285e-06
 7.19686e-03 2.70797e+03 1.53326e-05 -1.47288e-06
 8.96151e-03 2.73446e+03 1.66347e-05 -1.83402e-06
 1.11588e-02 2.76199e+03 1.80037e-05 -2.28373e-06
 1.38950e-02 2.79068e+03 1.94384e-05 -2.84368e-06
 1.73020e-02 2.82066e+03 2.09347e-05 -3.54094e-06
 2.15443e-02 2.85213e+03 2.24857e-05 -4.40917e-06
 2.68270e-02 2.88524e+03 2.40794e-05 +2.09833e-02
 3.34048e-02 2.91717e+03 2.57490e-05 +1.72866e-02
 4.15956e-02 2.94862e+03 2.75112e-05 +1.40380e-02
 5.17947e-02 2.97981e+03 2.93804e-05 +1.19006e-02
 6.44947e-02 3.01088e+03 3.13708e-05 +1.05490e-02
 8.03086e-02 3.04196e+03 3.34975e-05 +9.76985e-03
 1.00000e-01 3.07312e+03 3.57709e-05 +9.42494e-03
 1.24520e-01 3.10446e+03 3.81998e-05 +9.42596e-03
 1.55052e-01 3.13603e+03 4.08088e-05 +9.86985e-03
 1.93070e-01 3.16800e+03 4.36138e-05 +9.94446e-03
 2.40410e-01 3.20042e+03 4.66319e-05 +1.12370e-02
 2.99358e-01 3.23318e+03 4.98869e-05 +1.24326e-02
 3.72759e-01 3.26634e+03 5.33873e-05 +1.38479e-02
 4.64159e-01 3.29994e+03 5.71534e-05 +1.57328e-02
 5.77969e-01 3.33400e+03 6.12232e-05 +1.80625e-02
 7.19686e-01 3.36857e+03 6.56259e-05 +2.09258e-02
 8.96151e-01 3.40368e+03 7.03932e-05 +2.44435e-02
 1.11588e+00 3.43935e+03 7.55601e-05 +2.87706e-02
 1.38950e+00 3.47561e+03 8.11114e-05 +3.41014e-02
 1.73020e+00 3.51249e+03 8.71225e-05 +4.06890e-02
 2.15443e+00 3.55002e+03 9.36399e-05 +4.88414e-02
 2.68270e+00 3.58823e+03 1.00711e-04 +5.89344e-02
 3.34048e+00 3.62713e+03 1.08388e-04 +6.61445e-02
 4.15956e+00 3.66672e+03 1.16674e-04 +6.82490e-02
 5.17947e+00 3.70701e+03 1.25626e-04 +7.00202e-02
 6.44947e+00 3.74803e+03 1.35347e-04 +7.15124e-02
 8.03086e+00 3.78980e+03 1.45912e-04 +7.27705e-02
 1.00000e+01 3.83234e+03 1.57401e-04 +7.38315e-02
 1.24520e+01 3.87568e+03 1.69831e-04 +7.47272e-02
 1.55052e+01 3.91984e+03 1.83234e-04 +7.54829e-02
 1.93070e+01 3.96484e+03 1.97799e-04 +7.61217e-02
 2.40410e+01 4.01069e+03 2.13636e-04 +7.66623e-02
 2.99358e+01 4.05742e+03 2.30865e-04 +7.71198e-02
 3.72759e+01 4.10503e+03 2.49501e-04 +7.75065e-02
 4.64159e+01 4.15355e+03 2.69572e-04 +7.78332e-02
 5.77969e+01 4.20302e+03 2.91373e-04 +7.81096e-02
 7.19686e+01 4.25347e+03 3.15065e-04 +7.83432e-02
 8.96151e+01 4.30491e+03 3.40816e-04 +7.85414e-02
 1.11588e+02 4.35739e+03 3.68571e-04 +7.87090e-02
 1.38950e+02 4.41092e+03 3.98412e-04 +7.88513e-02
 1.73020e+02 4.46553e+03 4.30774e-04 +7.89721e-02
 2.15443e+02 4.52121e+03 4.65872e-04 +7.90749e-02
 2.68270e+02 4.57798e+03 5.03960e-04 +7.91621e-02
 3.34048e+02 4.63584e+03 5.44789e-04 +7.92362e-02
 4.15956e+02 4.69482e+03 5.88644e-04 +7.92990e-02
 5.17947e+02 4.75494e+03 6.36088e-04 +7.93524e-02
 6.44947e+02 4.81623e+03 6.87419e-04 +7.93978e-02
 8.03086e+02 4.87872e+03 7.42979e-04 +7.94363e-02
 1.00000e+03 4.94236e+03 8.02127e-04 +7.94695e-02
