#n1=128 n2=4 Teff=03700 R=1.0433e+12 L=1.4534e+35 logg=+2.00
#   tau          T          rho         Fconv
 0.00000e+00 2.02238e+03 7.39460e-21 +0.00000e+00
 1.00000e-09 2.02238e+03 2.98726e-15 +0.00000e+00
 1.24520e-09 2.02667e+03 3.71436e-15 +0.00000e+00
 1.55052e-09 2.03130e+03 4.61762e-15 +0.00000e+00
 1.93070e-09 2.03627e+03 5.73959e-15 +0.00000e+00
 2.40410e-09 2.04170e+03 7.13253e-15 +0.00000e+00
 2.99358e-09 2.04752e+03 8.86192e-15 +0.00000e+00
 3.72759e-09 2.05385e+03 1.10079e-14 +0.00000e+00
 4.64159e-09 2.06060e+03 1.36708e-14 +0.00000e+00
 5.77969e-09 2.06791e+03 1.69734e-14 +0.00000e+00
 7.19686e-09 2.07570e+03 2.10693e-14 +0.00000e+00
 8.96151e-09 2.08406e+03 2.61468e-14 +0.00000e+00
 1.11588e-08 2.09290e+03 3.24408e-14 +0.00000e+00
 1.38950e-08 2.10227e+03 4.02405e-14 +0.00000e+00
 1.73020e-08 2.11211e+03 4.99054e-14 +0.00000e+00
 2.15443e-08 2.12237e+03 6.18807e-14 +0.00000e+00
 2.68270e-08 2.13299e+03 7.67180e-14 +0.00000e+00
 3.34048e-08 2.14389e+03 9.51034e-14 +0.00000e+00
 4.15956e-08 2.15505e+03 1.17884e-13 +0.00000e+00
 5.17947e-08 2.16638e+03 1.46114e-13 +0.00000e+00
 6.44947e-08 2.17796e+03 1.81088e-13 +0.00000e+00
 8.03086e-08 2.18978e+03 2.24416e-13 +0.00000e+00
 1.00000e-07 2.20206e+03 2.78060e-13 +0.00000e+00
 1.24520e-07 2.21485e+03 3.44459e-13 +0.00000e+00
 1.55052e-07 2.22848e+03 4.26564e-13 +0.00000e+00
 1.93070e-07 2.24301e+03 5.28039e-13 +0.00000e+00
 2.40410e-07 2.25887e+03 6.53290e-13 +0.00000e+00
 2.99358e-07 2.27555e+03 8.07989e-13 +0.00000e+00
 3.72759e-07 2.29326e+03 9.98906e-13 +0.00000e+00
 4.64159e-07 2.31157e+03 1.23467e-12 +0.00000e+00
 5.77969e-07 2.33139e+03 1.52515e-12 +0.00000e+00
 7.19686e-07 2.35178e+03 1.88362e-12 +0.00000e+00
 8.96151e-07 2.37339e+03 2.32526e-12 +0.00000e+00
 1.11588e-06 2.39553e+03 2.86995e-12 +0.00000e+00
 1.38950e-06 2.41798e+03 3.54200e-12 +0.00000e+00
 1.73020e-06 2.44045e+03 4.37155e-12 +0.00000e+00
 2.15443e-06 2.46239e+03 5.39685e-12 +0.00000e+00
 2.68270e-06 2.48438e+03 6.66256e-12 +0.00000e+00
 3.34048e-06 2.50559e+03 8.22788e-12 +0.00000e+00
 4.15956e-06 2.52404e+03 1.01722e-11 +0.00000e+00
 5.17947e-06 2.54458e+03 1.25647e-11 +0.00000e+00
 6.44947e-06 2.56354e+03 1.55287e-11 +0.00000e+00
 8.03086e-06 2.58203e+03 1.91936e-11 +0.00000e+00
 1.00000e-05 2.60003e+03 2.37249e-11 +0.00000e+00
 1.24520e-05 2.61783e+03 2.93235e-11 +0.00000e+00
 1.55052e-05 2.63513e+03 3.62421e-11 +0.00000e+00
 1.93070e-05 2.65164e+03 4.47955e-11 +0.00000e+00
 2.40410e-05 2.66743e+03 5.53657e-11 +0.00000e+00
 2.99358e-05 2.68244e+03 6.84249e-11 +0.00000e+00
 3.72759e-05 2.69669e+03 8.45524e-11 +0.00000e+00
 4.64159e-05 2.71011e+03 1.04460e-10 +0.00000e+00
 5.77969e-05 2.72271e+03 1.29022e-10 +0.00000e+00
 7.19686e-05 2.73445e+03 1.59303e-10 +0.00000e+00
 8.96151e-05 2.74538e+03 1.96608e-10 +0.00000e+00
 1.11588e-04 2.75556e+03 2.42508e-10 +0.00000e+00
 1.38950e-04 2.76504e+03 2.98928e-10 +0.00000e+00
 1.73020e-04 2.77384e+03 3.68179e-10 +0.00000e+00
 2.15443e-04 2.78216e+03 4.53037e-10 +0.00000e+00
 2.68270e-04 2.79009e+03 5.56821e-10 +0.00000e+00
 3.34048e-04 2.79773e+03 6.83489e-10 +0.00000e+00
 4.15956e-04 2.80535e+03 8.37683e-10 +0.00000e+00
 5.17947e-04 2.81312e+03 1.02480e-09 +0.00000e+00
 6.44947e-04 2.82114e+03 1.25124e-09 +0.00000e+00
 8.03086e-04 2.82973e+03 1.52406e-09 +0.00000e+00
 1.00000e-03 2.83901e+03 1.85160e-09 +0.00000e+00
 1.24520e-03 2.84907e+03 2.24305e-09 -2.54587e-07
 1.55052e-03 2.85998e+03 2.70868e-09 -3.17011e-07
 1.93070e-03 2.87199e+03 3.25994e-09 -3.94741e-07
 2.40410e-03 2.88517e+03 3.90829e-09 -4.91530e-07
 2.99358e-03 2.89954e+03 4.66753e-09 -6.12052e-07
 3.72759e-03 2.91514e+03 5.55139e-09 -7.62125e-07
 4.64159e-03 2.93219e+03 6.57232e-09 -9.48992e-07
 5.77969e-03 2.95090e+03 7.74522e-09 -1.18169e-06
 7.19686e-03 2.97106e+03 9.08320e-09 -1.47143e-06
 8.96151e-03 2.99288e+03 1.05984e-08 -1.83223e-06
 1.11588e-02 3.01656e+03 1.23032e-08 -2.28148e-06
 1.38950e-02 3.04207e+03 1.42047e-08 -2.84090e-06
 1.73020e-02 3.06951e+03 1.63106e-08 -3.53747e-06
 2.15443e-02 3.09902e+03 1.86271e-08 -4.40485e-06
 2.68270e-02 3.12959e+03 2.11687e-08 -5.48491e-06
 3.34048e-02 3.16028e+03 2.39603e-08 -6.82979e-06
 4.15956e-02 3.19133e+03 2.70225e-08 -8.50443e-06
 5.17947e-02 3.22301e+03 3.03690e-08 -1.05897e-05
 6.44947e-02 3.25557e+03 3.40059e-08 -1.31862e-05
 8.03086e-02 3.28847e+03 3.79724e-08 -1.64195e-05
 1.00000e-01 3.32214e+03 4.22852e-08 -2.04455e-05
 1.24520e-01 3.35676e+03 4.69620e-08 -2.54587e-05
 1.55052e-01 3.39265e+03 5.20145e-08 -3.17011e-05
 1.93070e-01 3.43086e+03 5.74443e-08 -3.94741e-05
 2.40410e-01 3.47273e+03 6.32176e-08 -4.91530e-05
 2.99358e-01 3.52197e+03 6.91905e-08 -6.12052e-05
 3.72759e-01 3.57346e+03 7.54957e-08 -7.62125e-05
 4.64159e-01 3.62778e+03 8.21628e-08 -9.48992e-05
 5.77969e-01 3.68589e+03 8.91961e-08 -1.18169e-04
 7.19686e-01 3.74918e+03 9.65834e-08 -1.46993e-04
 8.96151e-01 3.81923e+03 1.04309e-07 -1.77692e-04
 1.11588e+00 3.89730e+03 1.12401e-07 -1.77585e-04
 1.38950e+00 3.98335e+03 1.20946e-07 -6.19734e-05
 1.73020e+00 4.07307e+03 1.30248e-07 +1.04528e-03
 2.15443e+00 4.26038e+03 1.36912e-07 +1.53921e-03
 2.68270e+00 4.47716e+03 1.43328e-07 +1.18554e-03
 3.34048e+00 4.70745e+03 1.49082e-07 +4.06311e-03
 4.15956e+00 4.93303e+03 1.53009e-07 +1.53091e-02
 5.17947e+00 5.13075e+03 1.55529e-07 +3.03176e-02
 6.44947e+00 5.29843e+03 1.57444e-07 +4.22570e-02
 8.03086e+00 5.44476e+03 1.59105e-07 +5.06331e-02
 1.00000e+01 5.57719e+03 1.60648e-07 +5.66029e-02
 1.24520e+01 5.70057e+03 1.62141e-07 +6.09954e-02
 1.55052e+01 5.81809e+03 1.63622e-07 +6.43317e-02
 1.93070e+01 5.93183e+03 1.65115e-07 +6.69359e-02
 2.40410e+01 6.04324e+03 1.66641e-07 +6.90103e-02
 2.99358e+01 6.15336e+03 1.68215e-07 +7.06892e-02
 3.72759e+01 6.26295e+03 1.69850e-07 +7.20673e-02
 4.64159e+01 6.37255e+03 1.71559e-07 +7.32095e-02
 5.77969e+01 6.48262e+03 1.73352e-07 +7.41609e-02
 7.19686e+01 6.59349e+03 1.75242e-07 +7.49642e-02
 8.96151e+01 6.70525e+03 1.77243e-07 +7.56498e-02
 1.11588e+02 6.81791e+03 1.79374e-07 +7.62349e-02
 1.38950e+02 6.93148e+03 1.81650e-07 +7.67339e-02
 1.73020e+02 7.04596e+03 1.84090e-07 +7.71604e-02
 2.15443e+02 7.16129e+03 1.86714e-07 +7.75248e-02
 2.68270e+02 7.27742e+03 1.89541e-07 +7.78361e-02
 3.34048e+02 7.39427e+03 1.92593e-07 +7.81020e-02
 4.15956e+02 7.51177e+03 1.95891e-07 +7.83290e-02
 5.17947e+02 7.62978e+03 1.99461e-07 +7.85230e-02
 6.44947e+02 7.74815e+03 2.03330e-07 +7.86885e-02
 8.03086e+02 7.86681e+03 2.07526e-07 +7.88283e-02
 1.00000e+03 7.98583e+03 2.12072e-07 +7.89460e-02
