#n1=128 n2=4 Teff=03800 R=8.5262e+12 L=1.0787e+37 logg=+0.50
#   tau          T          rho         Fconv
 0.00000e+00 1.78222e+03 8.40565e-21 +0.00000e+00
 1.00000e-09 1.78222e+03 8.84362e-17 +0.00000e+00
 1.24520e-09 1.79001e+03 1.09885e-16 +0.00000e+00
 1.55052e-09 1.79809e+03 1.36517e-16 +0.00000e+00
 1.93070e-09 1.80600e+03 1.69623e-16 +0.00000e+00
 2.40410e-09 1.81426e+03 2.10722e-16 +0.00000e+00
 2.99358e-09 1.82230e+03 2.61815e-16 +0.00000e+00
 3.72759e-09 1.83082e+03 3.25219e-16 +0.00000e+00
 4.64159e-09 1.83908e+03 4.04046e-16 +0.00000e+00
 5.77969e-09 1.84779e+03 5.01872e-16 +0.00000e+00
 7.19686e-09 1.85624e+03 6.23484e-16 +0.00000e+00
 8.96151e-09 1.86513e+03 7.74406e-16 +0.00000e+00
 1.11588e-08 1.87388e+03 9.61963e-16 +0.00000e+00
 1.38950e-08 1.88298e+03 1.19475e-15 +0.00000e+00
 1.73020e-08 1.89200e+03 1.48399e-15 +0.00000e+00
 2.15443e-08 1.90129e+03 1.84304e-15 +0.00000e+00
 2.68270e-08 1.91054e+03 2.28909e-15 +0.00000e+00
 3.34048e-08 1.92005e+03 2.84279e-15 +0.00000e+00
 4.15956e-08 1.92963e+03 3.53041e-15 +0.00000e+00
 5.17947e-08 1.93942e+03 4.38403e-15 +0.00000e+00
 6.44947e-08 1.94937e+03 5.44378e-15 +0.00000e+00
 8.03086e-08 1.95952e+03 6.75929e-15 +0.00000e+00
 1.00000e-07 1.96994e+03 8.39179e-15 +0.00000e+00
 1.24520e-07 1.98060e+03 1.04177e-14 +0.00000e+00
 1.55052e-07 1.99173e+03 1.29301e-14 +0.00000e+00
 1.93070e-07 2.00391e+03 1.60406e-14 +0.00000e+00
 2.40410e-07 2.01646e+03 1.98965e-14 +0.00000e+00
 2.99358e-07 2.03032e+03 2.46645e-14 +0.00000e+00
 3.72759e-07 2.04583e+03 3.05517e-14 +0.00000e+00
 4.64159e-07 2.06602e+03 3.77594e-14 +0.00000e+00
 5.77969e-07 2.08773e+03 4.66384e-14 +0.00000e+00
 7.19686e-07 2.11110e+03 5.75665e-14 +0.00000e+00
 8.96151e-07 2.13822e+03 7.09390e-14 +0.00000e+00
 1.11588e-06 2.16999e+03 8.72444e-14 +0.00000e+00
 1.38950e-06 2.20439e+03 1.07193e-13 +0.00000e+00
 1.73020e-06 2.23532e+03 1.31943e-13 +0.00000e+00
 2.15443e-06 2.26998e+03 1.62171e-13 +0.00000e+00
 2.68270e-06 2.30661e+03 1.99197e-13 +0.00000e+00
 3.34048e-06 2.34216e+03 2.44847e-13 +0.00000e+00
 4.15956e-06 2.37112e+03 3.01867e-13 +0.00000e+00
 5.17947e-06 2.40321e+03 3.71727e-13 +0.00000e+00
 6.44947e-06 2.43365e+03 4.58137e-13 +0.00000e+00
 8.03086e-06 2.46323e+03 5.64905e-13 +0.00000e+00
 1.00000e-05 2.49074e+03 6.97217e-13 +0.00000e+00
 1.24520e-05 2.51605e+03 8.61364e-13 +0.00000e+00
 1.55052e-05 2.53978e+03 1.06490e-12 +0.00000e+00
 1.93070e-05 2.56173e+03 1.31754e-12 +0.00000e+00
 2.40410e-05 2.58204e+03 1.63122e-12 +0.00000e+00
 2.99358e-05 2.60078e+03 2.02086e-12 +0.00000e+00
 3.72759e-05 2.61801e+03 2.50502e-12 +0.00000e+00
 4.64159e-05 2.63379e+03 3.10684e-12 +0.00000e+00
 5.77969e-05 2.64823e+03 3.85501e-12 +0.00000e+00
 7.19686e-05 2.66141e+03 4.78529e-12 +0.00000e+00
 8.96151e-05 2.67348e+03 5.94191e-12 +0.00000e+00
 1.11588e-04 2.68458e+03 7.37976e-12 +0.00000e+00
 1.38950e-04 2.69482e+03 9.16680e-12 +0.00000e+00
 1.73020e-04 2.70430e+03 1.13874e-11 +0.00000e+00
 2.15443e-04 2.71322e+03 1.41448e-11 +0.00000e+00
 2.68270e-04 2.72169e+03 1.75673e-11 +0.00000e+00
 3.34048e-04 2.72988e+03 2.18118e-11 +0.00000e+00
 4.15956e-04 2.73797e+03 2.70701e-11 +0.00000e+00
 5.17947e-04 2.74616e+03 3.35766e-11 +0.00000e+00
 6.44947e-04 2.75457e+03 4.16164e-11 +0.00000e+00
 8.03086e-04 2.76346e+03 5.15330e-11 +0.00000e+00
 1.00000e-03 2.77295e+03 6.37409e-11 +0.00000e+00
 1.24520e-03 2.78315e+03 7.87370e-11 -2.54883e-07
 1.55052e-03 2.79412e+03 9.71131e-11 -3.17380e-07
 1.93070e-03 2.80605e+03 1.19563e-10 -3.95200e-07
 2.40410e-03 2.81909e+03 1.46896e-10 -4.92102e-07
 2.99358e-03 2.83323e+03 1.80053e-10 -6.12764e-07
 3.72759e-03 2.84853e+03 2.20112e-10 -7.63012e-07
 4.64159e-03 2.86521e+03 2.68264e-10 -9.50102e-07
 5.77969e-03 2.88350e+03 3.25818e-10 -1.18306e-06
 7.19686e-03 2.90322e+03 3.94234e-10 -1.47314e-06
 8.96151e-03 2.92456e+03 4.75026e-10 -1.83436e-06
 1.11588e-02 2.94774e+03 5.69732e-10 -2.28414e-06
 1.38950e-02 2.97274e+03 6.79924e-10 -2.84420e-06
 1.73020e-02 2.99965e+03 8.07113e-10 -3.54159e-06
 2.15443e-02 3.02860e+03 9.52673e-10 -4.40997e-06
 2.68270e-02 3.06013e+03 1.11756e-09 -5.49129e-06
 3.34048e-02 3.09093e+03 1.30457e-09 -6.83773e-06
 4.15956e-02 3.12231e+03 1.51507e-09 -8.51432e-06
 5.17947e-02 3.15466e+03 1.75052e-09 -1.06020e-05
 6.44947e-02 3.18783e+03 2.01264e-09 -1.32016e-05
 8.03086e-02 3.22211e+03 2.30303e-09 -1.64386e-05
 1.00000e-01 3.25762e+03 2.62333e-09 -2.04693e-05
 1.24520e-01 3.29459e+03 2.97497e-09 -2.54883e-05
 1.55052e-01 3.33340e+03 3.35951e-09 -3.17380e-05
 1.93070e-01 3.37481e+03 3.77780e-09 -3.95200e-05
 2.40410e-01 3.42024e+03 4.22889e-09 -4.92102e-05
 2.99358e-01 3.47303e+03 4.70748e-09 -6.12764e-05
 3.72759e-01 3.53271e+03 5.21351e-09 -7.63012e-05
 4.64159e-01 3.60091e+03 5.74419e-09 -9.50102e-05
 5.77969e-01 3.67966e+03 6.29682e-09 -1.18306e-04
 7.19686e-01 3.77048e+03 6.87208e-09 -1.47314e-04
 8.96151e-01 3.87321e+03 7.47866e-09 -1.83436e-04
 1.11588e+00 4.00133e+03 8.09987e-09 -2.28414e-04
 1.38950e+00 4.14804e+03 8.76536e-09 -2.84420e-04
 1.73020e+00 4.31322e+03 9.49678e-09 -3.54159e-04
 2.15443e+00 4.49767e+03 1.02868e-08 -4.40997e-04
 2.68270e+00 4.70400e+03 1.10241e-08 -5.49128e-04
 3.34048e+00 4.93217e+03 1.15313e-08 -6.13875e-04
 4.15956e+00 5.19216e+03 1.16976e-08 -5.99618e-04
 5.17947e+00 5.51399e+03 1.14799e-08 +3.49888e-05
 6.44947e+00 5.81399e+03 1.11738e-08 +6.53253e-03
 8.03086e+00 6.05790e+03 1.09253e-08 +2.04520e-02
 1.00000e+01 6.26945e+03 1.07148e-08 +3.45534e-02
 1.24520e+01 6.45148e+03 1.05469e-08 +4.53537e-02
 1.55052e+01 6.61174e+03 1.04124e-08 +5.32009e-02
 1.93070e+01 6.75647e+03 1.03032e-08 +5.89476e-02
 2.40410e+01 6.88996e+03 1.02135e-08 +6.32418e-02
 2.99358e+01 7.01517e+03 1.01397e-08 +6.65165e-02
 3.72759e+01 7.13413e+03 1.00791e-08 +6.90568e-02
 4.64159e+01 7.24829e+03 1.00302e-08 +7.10554e-02
 5.77969e+01 7.35871e+03 9.99178e-09 +7.26440e-02
 7.19686e+01 7.46617e+03 9.96319e-09 +7.39190e-02
 8.96151e+01 7.57129e+03 9.94395e-09 +7.49491e-02
 1.11588e+02 7.67451e+03 9.93379e-09 +7.57864e-02
 1.38950e+02 7.77621e+03 9.93265e-09 +7.64688e-02
 1.73020e+02 7.87666e+03 9.94052e-09 +7.70276e-02
 2.15443e+02 7.97611e+03 9.95755e-09 +7.74865e-02
 2.68270e+02 8.07477e+03 9.98397e-09 +7.78638e-02
 3.34048e+02 8.17279e+03 1.00201e-08 +7.81747e-02
 4.15956e+02 8.27032e+03 1.00664e-08 +7.84311e-02
 5.17947e+02 8.36750e+03 1.01232e-08 +7.86428e-02
 6.44947e+02 8.46443e+03 1.01913e-08 +7.88178e-02
 8.03086e+02 8.56125e+03 1.02713e-08 +7.89624e-02
 1.00000e+03 8.65804e+03 1.03639e-08 +7.90820e-02
