#n1=128 n2=4 Teff=03700 R=7.3825e+09 L=7.2664e+30 logg=+6.00
#   tau          T          rho         Fconv
 0.00000e+00 2.40831e+03 6.28209e-21 +0.00000e+00
 1.00000e-09 2.40831e+03 2.59874e-11 +0.00000e+00
 1.24520e-09 2.41516e+03 3.20105e-11 +0.00000e+00
 1.55052e-09 2.42338e+03 3.93493e-11 +0.00000e+00
 1.93070e-09 2.43223e+03 4.82807e-11 +0.00000e+00
 2.40410e-09 2.44165e+03 5.91248e-11 +0.00000e+00
 2.99358e-09 2.45126e+03 7.22572e-11 +0.00000e+00
 3.72759e-09 2.46105e+03 8.81250e-11 +0.00000e+00
 4.64159e-09 2.47091e+03 1.07228e-10 +0.00000e+00
 5.77969e-09 2.48071e+03 1.30176e-10 +0.00000e+00
 7.19686e-09 2.49062e+03 1.57630e-10 +0.00000e+00
 8.96151e-09 2.50018e+03 1.90401e-10 +0.00000e+00
 1.11588e-08 2.50983e+03 2.29376e-10 +0.00000e+00
 1.38950e-08 2.51931e+03 2.75561e-10 +0.00000e+00
 1.73020e-08 2.52867e+03 3.30180e-10 +0.00000e+00
 2.15443e-08 2.53824e+03 3.94480e-10 +0.00000e+00
 2.68270e-08 2.54747e+03 4.70007e-10 +0.00000e+00
 3.34048e-08 2.55682e+03 5.58544e-10 +0.00000e+00
 4.15956e-08 2.56609e+03 6.61987e-10 +0.00000e+00
 5.17947e-08 2.57502e+03 7.82763e-10 +0.00000e+00
 6.44947e-08 2.58424e+03 9.23310e-10 +0.00000e+00
 8.03086e-08 2.59331e+03 1.08648e-09 +0.00000e+00
 1.00000e-07 2.60235e+03 1.27579e-09 +0.00000e+00
 1.24520e-07 2.61188e+03 1.49470e-09 +0.00000e+00
 1.55052e-07 2.62112e+03 1.74766e-09 +0.00000e+00
 1.93070e-07 2.63056e+03 2.03952e-09 +0.00000e+00
 2.40410e-07 2.64040e+03 2.37588e-09 +0.00000e+00
 2.99358e-07 2.65024e+03 2.76228e-09 +0.00000e+00
 3.72759e-07 2.66040e+03 3.20566e-09 +0.00000e+00
 4.64159e-07 2.67107e+03 3.71437e-09 +0.00000e+00
 5.77969e-07 2.68197e+03 4.29587e-09 +0.00000e+00
 7.19686e-07 2.69315e+03 4.95917e-09 +0.00000e+00
 8.96151e-07 2.70475e+03 5.71814e-09 +0.00000e+00
 1.11588e-06 2.71662e+03 6.58445e-09 +0.00000e+00
 1.38950e-06 2.72857e+03 7.56731e-09 +0.00000e+00
 1.73020e-06 2.74078e+03 8.69094e-09 +0.00000e+00
 2.15443e-06 2.75311e+03 9.97532e-09 +0.00000e+00
 2.68270e-06 2.76535e+03 1.14310e-08 +0.00000e+00
 3.34048e-06 2.77764e+03 1.30939e-08 +0.00000e+00
 4.15956e-06 2.78985e+03 1.49991e-08 +0.00000e+00
 5.17947e-06 2.80188e+03 1.71710e-08 +0.00000e+00
 6.44947e-06 2.81369e+03 1.96467e-08 +0.00000e+00
 8.03086e-06 2.82525e+03 2.24944e-08 +0.00000e+00
 1.00000e-05 2.83650e+03 2.57739e-08 +0.00000e+00
 1.24520e-05 2.84739e+03 2.95021e-08 +0.00000e+00
 1.55052e-05 2.85793e+03 3.38098e-08 +0.00000e+00
 1.93070e-05 2.86805e+03 3.87969e-08 +0.00000e+00
 2.40410e-05 2.87775e+03 4.45288e-08 +0.00000e+00
 2.99358e-05 2.88702e+03 5.11398e-08 +0.00000e+00
 3.72759e-05 2.89583e+03 5.88370e-08 +0.00000e+00
 4.64159e-05 2.90417e+03 6.78003e-08 +0.00000e+00
 5.77969e-05 2.91213e+03 7.81032e-08 +0.00000e+00
 7.19686e-05 2.91970e+03 9.01580e-08 +0.00000e+00
 8.96151e-05 2.92697e+03 1.04274e-07 +0.00000e+00
 1.11588e-04 2.93403e+03 1.20586e-07 +0.00000e+00
 1.38950e-04 2.94092e+03 1.39629e-07 +0.00000e+00
 1.73020e-04 2.94777e+03 1.61952e-07 +0.00000e+00
 2.15443e-04 2.95471e+03 1.87898e-07 +0.00000e+00
 2.68270e-04 2.96182e+03 2.17968e-07 +0.00000e+00
 3.34048e-04 2.96925e+03 2.53138e-07 +0.00000e+00
 4.15956e-04 2.97721e+03 2.94036e-07 +0.00000e+00
 5.17947e-04 2.98584e+03 3.40890e-07 +0.00000e+00
 6.44947e-04 2.99524e+03 3.95289e-07 +0.00000e+00
 8.03086e-04 3.00573e+03 4.58127e-07 +0.00000e+00
 1.00000e-03 3.01723e+03 5.29211e-07 +0.00000e+00
 1.24520e-03 3.02961e+03 6.10853e-07 -2.54970e-07
 1.55052e-03 3.04331e+03 7.04142e-07 -3.17489e-07
 1.93070e-03 3.05851e+03 8.08702e-07 -3.95336e-07
 2.40410e-03 3.07491e+03 9.26527e-07 -4.92271e-07
 2.99358e-03 3.09264e+03 1.05941e-06 -6.12975e-07
 3.72759e-03 3.11194e+03 1.20745e-06 -7.63274e-07
 4.64159e-03 3.13288e+03 1.37042e-06 -9.50423e-07
 5.77969e-03 3.15565e+03 1.55091e-06 -1.18347e-06
 7.19686e-03 3.18013e+03 1.74995e-06 -1.47365e-06
 8.96151e-03 3.20650e+03 1.96461e-06 -1.83499e-06
 1.11588e-02 3.23497e+03 2.19706e-06 -2.28492e-06
 1.38950e-02 3.26547e+03 2.44865e-06 -2.84518e-06
 1.73020e-02 3.29815e+03 2.71884e-06 -3.54281e-06
 2.15443e-02 3.33022e+03 3.00924e-06 -4.41149e-06
 2.68270e-02 3.36283e+03 3.32624e-06 -5.49318e-06
 3.34048e-02 3.39634e+03 3.67154e-06 +1.57478e-03
 4.15956e-02 3.43160e+03 4.04439e-06 +9.05005e-03
 5.17947e-02 3.46615e+03 4.44631e-06 +3.50397e-03
 6.44947e-02 3.50102e+03 4.88700e-06 +3.01194e-03
 8.03086e-02 3.53628e+03 5.37087e-06 +2.83932e-03
 1.00000e-01 3.57204e+03 5.90238e-06 +2.98558e-03
 1.24520e-01 3.60840e+03 6.47568e-06 +3.26658e-03
 1.55052e-01 3.64549e+03 7.10105e-06 +3.90171e-03
 1.93070e-01 3.68332e+03 7.78684e-06 +4.82462e-03
 2.40410e-01 3.72192e+03 8.53884e-06 +6.33691e-03
 2.99358e-01 3.76166e+03 9.35131e-06 +7.44592e-03
 3.72759e-01 3.80212e+03 1.02297e-05 +9.37113e-03
 4.64159e-01 3.84323e+03 1.11921e-05 +1.16572e-02
 5.77969e-01 3.88499e+03 1.22467e-05 +1.43833e-02
 7.19686e-01 3.92746e+03 1.33987e-05 +1.76349e-02
 8.96151e-01 3.97075e+03 1.46324e-05 +2.15708e-02
 1.11588e+00 4.01495e+03 1.59799e-05 +2.63853e-02
 1.38950e+00 4.06011e+03 1.74504e-05 +3.23151e-02
 1.73020e+00 4.10621e+03 1.90545e-05 +3.96597e-02
 2.15443e+00 4.15327e+03 2.07727e-05 +4.87667e-02
 2.68270e+00 4.20130e+03 2.26296e-05 +6.00738e-02
 3.34048e+00 4.25030e+03 2.46497e-05 +6.78571e-02
 4.15956e+00 4.30015e+03 2.68491e-05 +6.96837e-02
 5.17947e+00 4.35085e+03 2.92301e-05 +7.12165e-02
 6.44947e+00 4.40255e+03 3.17723e-05 +7.24971e-02
 8.03086e+00 4.45532e+03 3.45334e-05 +7.35758e-02
 1.00000e+01 4.50925e+03 3.75307e-05 +7.44900e-02
 1.24520e+01 4.56432e+03 4.07833e-05 +7.52691e-02
 1.55052e+01 4.62056e+03 4.42608e-05 +7.59290e-02
 1.93070e+01 4.67802e+03 4.80024e-05 +7.64871e-02
 2.40410e+01 4.73679e+03 5.20597e-05 +7.69592e-02
 2.99358e+01 4.79694e+03 5.64554e-05 +7.73588e-02
 3.72759e+01 4.85856e+03 6.12160e-05 +7.76975e-02
 4.64159e+01 4.92179e+03 6.62628e-05 +7.79822e-02
 5.77969e+01 4.98676e+03 7.17214e-05 +7.82249e-02
 7.19686e+01 5.05354e+03 7.76244e-05 +7.84331e-02
 8.96151e+01 5.12211e+03 8.40085e-05 +7.86123e-02
 1.11588e+02 5.19250e+03 9.08759e-05 +7.87649e-02
 1.38950e+02 5.26492e+03 9.82064e-05 +7.88932e-02
 1.73020e+02 5.33961e+03 1.06135e-04 +7.90019e-02
 2.15443e+02 5.41680e+03 1.14698e-04 +7.90943e-02
 2.68270e+02 5.49667e+03 1.23936e-04 +7.91737e-02
 3.34048e+02 5.57938e+03 1.33806e-04 +7.92416e-02
 4.15956e+02 5.66513e+03 1.44374e-04 +7.93005e-02
 5.17947e+02 5.75390e+03 1.55776e-04 +7.93518e-02
 6.44947e+02 5.84575e+03 1.68069e-04 +7.93963e-02
 8.03086e+02 5.94087e+03 1.81302e-04 +7.94344e-02
 1.00000e+03 6.03957e+03 1.95072e-04 +7.94672e-02
