#n1=128 n2=4 Teff=03000 R=6.7347e+12 L=2.6160e+36 logg=+0.50
#   tau          T          rho         Fconv
 0.00000e+00 1.59073e+03 9.39610e-21 +0.00000e+00
 1.00000e-09 1.59073e+03 1.02136e-16 +0.00000e+00
 1.24520e-09 1.59712e+03 1.26983e-16 +0.00000e+00
 1.55052e-09 1.60377e+03 1.57853e-16 +0.00000e+00
 1.93070e-09 1.61018e+03 1.96278e-16 +0.00000e+00
 2.40410e-09 1.61699e+03 2.43995e-16 +0.00000e+00
 2.99358e-09 1.62344e+03 3.03413e-16 +0.00000e+00
 3.72759e-09 1.63041e+03 3.77177e-16 +0.00000e+00
 4.64159e-09 1.63690e+03 4.69069e-16 +0.00000e+00
 5.77969e-09 1.64402e+03 5.83107e-16 +0.00000e+00
 7.19686e-09 1.65046e+03 7.25280e-16 +0.00000e+00
 8.96151e-09 1.65763e+03 9.01682e-16 +0.00000e+00
 1.11588e-08 1.66412e+03 1.12162e-15 +0.00000e+00
 1.38950e-08 1.67130e+03 1.39458e-15 +0.00000e+00
 1.73020e-08 1.67791e+03 1.73482e-15 +0.00000e+00
 2.15443e-08 1.68509e+03 2.15730e-15 +0.00000e+00
 2.68270e-08 1.69179e+03 2.68382e-15 +0.00000e+00
 3.34048e-08 1.69894e+03 3.33800e-15 +0.00000e+00
 4.15956e-08 1.70571e+03 4.15310e-15 +0.00000e+00
 5.17947e-08 1.71277e+03 5.16669e-15 +0.00000e+00
 6.44947e-08 1.71949e+03 6.42979e-15 +0.00000e+00
 8.03086e-08 1.72636e+03 8.00198e-15 +0.00000e+00
 1.00000e-07 1.73304e+03 9.96062e-15 +0.00000e+00
 1.24520e-07 1.73966e+03 1.24018e-14 +0.00000e+00
 1.55052e-07 1.74624e+03 1.54426e-14 +0.00000e+00
 1.93070e-07 1.75251e+03 1.92394e-14 +0.00000e+00
 2.40410e-07 1.75882e+03 2.39702e-14 +0.00000e+00
 2.99358e-07 1.76444e+03 2.98941e-14 +0.00000e+00
 3.72759e-07 1.77030e+03 3.72768e-14 +0.00000e+00
 4.64159e-07 1.77510e+03 4.65537e-14 +0.00000e+00
 5.77969e-07 1.78010e+03 5.81390e-14 +0.00000e+00
 7.19686e-07 1.78344e+03 7.27864e-14 +0.00000e+00
 8.96151e-07 1.78635e+03 9.12337e-14 +0.00000e+00
 1.11588e-06 1.78288e+03 1.15529e-13 +0.00000e+00
 1.38950e-06 1.76395e+03 1.50942e-13 +0.00000e+00
 1.73020e-06 1.71635e+03 2.12184e-13 +0.00000e+00
 2.15443e-06 1.69522e+03 2.80645e-13 +0.00000e+00
 2.68270e-06 1.68994e+03 3.55162e-13 +0.00000e+00
 3.34048e-06 1.68957e+03 4.44474e-13 +0.00000e+00
 4.15956e-06 1.69128e+03 5.54070e-13 +0.00000e+00
 5.17947e-06 1.69481e+03 6.88367e-13 +0.00000e+00
 6.44947e-06 1.69926e+03 8.55625e-13 +0.00000e+00
 8.03086e-06 1.70382e+03 1.06314e-12 +0.00000e+00
 1.00000e-05 1.71000e+03 1.32027e-12 +0.00000e+00
 1.24520e-05 1.71700e+03 1.63551e-12 +0.00000e+00
 1.55052e-05 1.72457e+03 2.02959e-12 +0.00000e+00
 1.93070e-05 1.73230e+03 2.51677e-12 +0.00000e+00
 2.40410e-05 1.74134e+03 3.11939e-12 +0.00000e+00
 2.99358e-05 1.75106e+03 3.86159e-12 +0.00000e+00
 3.72759e-05 1.76017e+03 4.79289e-12 +0.00000e+00
 4.64159e-05 1.77148e+03 5.92657e-12 +0.00000e+00
 5.77969e-05 1.78362e+03 7.32496e-12 +0.00000e+00
 7.19686e-05 1.79651e+03 9.04896e-12 +0.00000e+00
 8.96151e-05 1.81029e+03 1.11684e-11 +0.00000e+00
 1.11588e-04 1.82395e+03 1.38018e-11 +0.00000e+00
 1.38950e-04 1.83937e+03 1.70076e-11 +0.00000e+00
 1.73020e-04 1.85551e+03 2.09642e-11 +0.00000e+00
 2.15443e-04 1.87251e+03 2.57993e-11 +0.00000e+00
 2.68270e-04 1.89019e+03 3.17725e-11 +0.00000e+00
 3.34048e-04 1.90865e+03 3.90547e-11 +0.00000e+00
 4.15956e-04 1.92780e+03 4.80581e-11 +0.00000e+00
 5.17947e-04 1.94785e+03 5.89959e-11 +0.00000e+00
 6.44947e-04 1.96868e+03 7.25176e-11 +0.00000e+00
 8.03086e-04 1.99057e+03 8.88608e-11 +0.00000e+00
 1.00000e-03 2.01341e+03 1.09036e-10 +0.00000e+00
 1.24520e-03 2.03741e+03 1.33368e-10 +1.32992e-01
 1.55052e-03 2.06114e+03 1.63673e-10 +6.28607e-02
 1.93070e-03 2.08533e+03 2.00480e-10 +6.43540e-02
 2.40410e-03 2.11004e+03 2.45977e-10 +4.89885e-02
 2.99358e-03 2.13540e+03 3.01204e-10 +5.14215e-02
 3.72759e-03 2.16133e+03 3.69313e-10 +4.03700e-02
 4.64159e-03 2.18797e+03 4.52021e-10 +3.92856e-02
 5.77969e-03 2.21523e+03 5.53741e-10 +3.18567e-02
 7.19686e-03 2.24329e+03 6.77185e-10 +3.03569e-02
 8.96151e-03 2.27203e+03 8.28677e-10 +2.51400e-02
 1.11588e-02 2.30166e+03 1.01233e-09 +2.31129e-02
 1.38950e-02 2.33205e+03 1.23676e-09 +2.00575e-02
 1.73020e-02 2.36342e+03 1.50843e-09 +2.05560e-02
 2.15443e-02 2.39640e+03 1.83695e-09 +3.57632e-02
 2.68270e-02 2.43119e+03 2.23118e-09 +3.18018e-02
 3.34048e-02 2.47425e+03 2.68043e-09 +2.01282e-03
 4.15956e-02 2.50819e+03 3.26199e-09 +7.44379e-04
 5.17947e-02 2.54256e+03 3.96325e-09 +3.40891e-04
 6.44947e-02 2.57760e+03 4.80766e-09 +1.00690e-04
 8.03086e-02 2.61350e+03 5.81291e-09 +3.74537e-04
 1.00000e-01 2.65174e+03 7.00262e-09 +2.03991e-03
 1.24520e-01 2.69374e+03 8.36865e-09 +4.47909e-03
 1.55052e-01 2.73807e+03 9.96126e-09 +2.75722e-03
 1.93070e-01 2.78455e+03 1.17746e-08 +2.25793e-03
 2.40410e-01 2.83989e+03 1.37418e-08 +2.59327e-04
 2.99358e-01 2.87746e+03 1.62346e-08 -6.12026e-05
 3.72759e-01 2.91920e+03 1.89961e-08 -3.38851e-05
 4.64159e-01 2.96558e+03 2.20056e-08 -9.29299e-05
 5.77969e-01 3.01581e+03 2.52121e-08 -9.99052e-05
 7.19686e-01 3.06914e+03 2.86138e-08 -4.69525e-05
 8.96151e-01 3.12412e+03 3.22031e-08 +2.37796e-04
 1.11588e+00 3.18015e+03 3.59706e-08 +2.24131e-03
 1.38950e+00 3.27524e+03 3.89291e-08 +6.32535e-03
 1.73020e+00 3.38881e+03 4.14560e-08 +7.84388e-03
 2.15443e+00 3.52161e+03 4.36392e-08 +6.96057e-03
 2.68270e+00 3.67818e+03 4.55749e-08 +4.04761e-03
 3.34048e+00 3.85714e+03 4.74855e-08 +1.14181e-03
 4.15956e+00 3.63800e+03 5.63500e-08 +2.68811e-02
 5.17947e+00 3.85199e+03 5.86215e-08 +1.65678e-02
 6.44947e+00 4.10482e+03 6.06694e-08 +1.08676e-02
 8.03086e+00 4.36973e+03 6.23880e-08 +1.61303e-02
 1.00000e+01 4.59758e+03 6.33973e-08 +3.27160e-02
 1.24520e+01 4.77477e+03 6.40589e-08 +4.63956e-02
 1.55052e+01 4.91890e+03 6.45971e-08 +5.50781e-02
 1.93070e+01 5.04352e+03 6.50827e-08 +6.07675e-02
 2.40410e+01 5.15631e+03 6.55439e-08 +6.47159e-02
 2.99358e+01 5.26165e+03 6.59957e-08 +6.75929e-02
 3.72759e+01 5.36226e+03 6.64469e-08 +6.97669e-02
 4.64159e+01 5.45993e+03 6.69038e-08 +7.14578e-02
 5.77969e+01 5.55589e+03 6.73711e-08 +7.28023e-02
 7.19686e+01 5.65099e+03 6.78530e-08 +7.38895e-02
 8.96151e+01 5.74590e+03 6.83528e-08 +7.47787e-02
 1.11588e+02 5.84110e+03 6.88737e-08 +7.55149e-02
 1.38950e+02 5.93693e+03 6.94190e-08 +7.61310e-02
 1.73020e+02 6.03363e+03 6.99926e-08 +7.66496e-02
 2.15443e+02 6.13141e+03 7.05980e-08 +7.70871e-02
 2.68270e+02 6.23042e+03 7.12391e-08 +7.74588e-02
 3.34048e+02 6.33069e+03 7.19205e-08 +7.77762e-02
 4.15956e+02 6.43227e+03 7.26471e-08 +7.80468e-02
 5.17947e+02 6.53519e+03 7.34234e-08 +7.82780e-02
 6.44947e+02 6.63943e+03 7.42549e-08 +7.84763e-02
 8.03086e+02 6.74490e+03 7.51479e-08 +7.86466e-02
 1.00000e+03 6.85148e+03 7.61095e-08 +7.87928e-02
