#n1=128 n2=4 Teff=03200 R=4.2455e+11 L=1.3483e+34 logg=+2.50
#   tau          T          rho         Fconv
 0.00000e+00 1.74572e+03 8.55970e-21 +0.00000e+00
 1.00000e-09 1.74572e+03 1.14478e-14 +0.00000e+00
 1.24520e-09 1.75156e+03 1.42231e-14 +0.00000e+00
 1.55052e-09 1.75736e+03 1.76763e-14 +0.00000e+00
 1.93070e-09 1.76354e+03 2.19652e-14 +0.00000e+00
 2.40410e-09 1.76949e+03 2.73063e-14 +0.00000e+00
 2.99358e-09 1.77583e+03 3.39425e-14 +0.00000e+00
 3.72759e-09 1.78197e+03 4.22059e-14 +0.00000e+00
 4.64159e-09 1.78843e+03 5.24816e-14 +0.00000e+00
 5.77969e-09 1.79467e+03 6.52807e-14 +0.00000e+00
 7.19686e-09 1.80113e+03 8.12145e-14 +0.00000e+00
 8.96151e-09 1.80740e+03 1.01064e-13 +0.00000e+00
 1.11588e-08 1.81379e+03 1.25809e-13 +0.00000e+00
 1.38950e-08 1.82000e+03 1.56657e-13 +0.00000e+00
 1.73020e-08 1.82614e+03 1.95184e-13 +0.00000e+00
 2.15443e-08 1.83218e+03 2.43243e-13 +0.00000e+00
 2.68270e-08 1.83794e+03 3.03396e-13 +0.00000e+00
 3.34048e-08 1.84365e+03 3.78557e-13 +0.00000e+00
 4.15956e-08 1.84881e+03 4.72852e-13 +0.00000e+00
 5.17947e-08 1.85407e+03 5.90921e-13 +0.00000e+00
 6.44947e-08 1.85843e+03 7.39423e-13 +0.00000e+00
 8.03086e-08 1.86301e+03 9.25972e-13 +0.00000e+00
 1.00000e-07 1.86653e+03 1.16075e-12 +0.00000e+00
 1.24520e-07 1.87016e+03 1.45693e-12 +0.00000e+00
 1.55052e-07 1.87305e+03 1.82917e-12 +0.00000e+00
 1.93070e-07 1.87582e+03 2.29994e-12 +0.00000e+00
 2.40410e-07 1.87818e+03 2.89150e-12 +0.00000e+00
 2.99358e-07 1.88033e+03 3.63869e-12 +0.00000e+00
 3.72759e-07 1.88232e+03 4.57774e-12 +0.00000e+00
 4.64159e-07 1.88409e+03 5.76001e-12 +0.00000e+00
 5.77969e-07 1.88584e+03 7.24866e-12 +0.00000e+00
 7.19686e-07 1.88744e+03 9.11244e-12 +0.00000e+00
 8.96151e-07 1.88909e+03 1.14641e-11 +0.00000e+00
 1.11588e-06 1.89066e+03 1.43909e-11 +0.00000e+00
 1.38950e-06 1.89229e+03 1.80882e-11 +0.00000e+00
 1.73020e-06 1.89391e+03 2.26808e-11 +0.00000e+00
 2.15443e-06 1.89560e+03 2.84656e-11 +0.00000e+00
 2.68270e-06 1.89734e+03 3.56629e-11 +0.00000e+00
 3.34048e-06 1.89915e+03 4.46884e-11 +0.00000e+00
 4.15956e-06 1.90104e+03 5.59439e-11 +0.00000e+00
 5.17947e-06 1.90302e+03 7.00092e-11 +0.00000e+00
 6.44947e-06 1.90509e+03 8.75762e-11 +0.00000e+00
 8.03086e-06 1.90728e+03 1.09453e-10 +0.00000e+00
 1.00000e-05 1.90959e+03 1.36802e-10 +0.00000e+00
 1.24520e-05 1.91205e+03 1.70796e-10 +0.00000e+00
 1.55052e-05 1.91468e+03 2.13315e-10 +0.00000e+00
 1.93070e-05 1.91751e+03 2.66040e-10 +0.00000e+00
 2.40410e-05 1.92057e+03 3.31978e-10 +0.00000e+00
 2.99358e-05 1.92388e+03 4.13688e-10 +0.00000e+00
 3.72759e-05 1.92750e+03 5.15676e-10 +0.00000e+00
 4.64159e-05 1.93144e+03 6.42170e-10 +0.00000e+00
 5.77969e-05 1.93575e+03 7.99709e-10 +0.00000e+00
 7.19686e-05 1.94045e+03 9.95168e-10 +0.00000e+00
 8.96151e-05 1.94559e+03 1.23817e-09 +0.00000e+00
 1.11588e-04 1.95120e+03 1.53965e-09 +0.00000e+00
 1.38950e-04 1.95732e+03 1.91392e-09 +0.00000e+00
 1.73020e-04 1.96399e+03 2.37808e-09 +0.00000e+00
 2.15443e-04 1.97126e+03 2.95347e-09 +0.00000e+00
 2.68270e-04 1.97918e+03 3.66679e-09 +0.00000e+00
 3.34048e-04 1.98780e+03 4.54967e-09 +0.00000e+00
 4.15956e-04 1.99718e+03 5.64341e-09 +0.00000e+00
 5.17947e-04 2.00738e+03 6.99504e-09 +0.00000e+00
 6.44947e-04 2.01848e+03 8.66806e-09 +0.00000e+00
 8.03086e-04 2.03050e+03 1.07325e-08 +0.00000e+00
 1.00000e-03 2.04351e+03 1.32856e-08 +0.00000e+00
 1.24520e-03 2.05750e+03 1.64313e-08 -2.54253e-07
 1.55052e-03 2.07254e+03 2.03180e-08 -3.16595e-07
 1.93070e-03 2.08850e+03 2.51041e-08 -3.94225e-07
 2.40410e-03 2.10536e+03 3.10135e-08 -4.90887e-07
 2.99358e-03 2.12301e+03 3.82903e-08 -6.11252e-07
 3.72759e-03 2.14124e+03 4.72762e-08 -7.61128e-07
 4.64159e-03 2.15990e+03 5.83521e-08 -9.47754e-07
 5.77969e-03 2.17863e+03 7.20429e-08 -1.18014e-06
 7.19686e-03 2.19722e+03 8.89538e-08 -1.46951e-06
 8.96151e-03 2.21555e+03 1.09874e-07 -1.82982e-06
 1.11588e-02 2.23349e+03 1.35751e-07 -2.27850e-06
 1.38950e-02 2.25111e+03 1.67773e-07 -2.83718e-06
 1.73020e-02 2.26882e+03 2.07350e-07 -3.53284e-06
 2.15443e-02 2.28748e+03 2.56121e-07 -4.39908e-06
 2.68270e-02 2.30844e+03 3.15996e-07 -5.47774e-06
 3.34048e-02 2.33377e+03 3.88885e-07 -6.82086e-06
 4.15956e-02 2.36513e+03 4.77095e-07 -8.49331e-06
 5.17947e-02 2.40411e+03 5.82758e-07 -1.05758e-05
 6.44947e-02 2.45320e+03 7.08047e-07 -1.31690e-05
 8.03086e-02 2.51460e+03 8.53898e-07 +5.90006e-03
 1.00000e-01 2.57459e+03 1.03082e-06 +8.18809e-03
 1.24520e-01 2.63431e+03 1.24330e-06 +1.05836e-02
 1.55052e-01 2.69388e+03 1.49957e-06 +1.16782e-02
 1.93070e-01 2.75346e+03 1.80552e-06 +1.30927e-02
 2.40410e-01 2.81310e+03 2.17150e-06 +1.22731e-02
 2.99358e-01 2.87259e+03 2.60439e-06 +8.18463e-03
 3.72759e-01 2.93192e+03 3.11450e-06 +7.85201e-03
 4.64159e-01 2.99112e+03 3.70731e-06 +6.68134e-03
 5.77969e-01 3.05144e+03 4.38233e-06 +9.93732e-03
 7.19686e-01 3.11005e+03 5.14940e-06 +1.31818e-02
 8.96151e-01 3.16678e+03 5.99862e-06 +1.76331e-02
 1.11588e+00 3.22151e+03 6.93476e-06 +2.34269e-02
 1.38950e+00 3.27406e+03 7.94406e-06 +3.06121e-02
 1.73020e+00 3.32432e+03 9.01597e-06 +3.92763e-02
 2.15443e+00 3.37221e+03 1.01517e-05 +4.95460e-02
 2.68270e+00 3.41774e+03 1.13402e-05 +6.16115e-02
 3.34048e+00 3.46106e+03 1.25639e-05 +6.97427e-02
 4.15956e+00 3.50222e+03 1.38367e-05 +7.17688e-02
 5.17947e+00 3.54148e+03 1.51583e-05 +7.33578e-02
 6.44947e+00 3.57909e+03 1.65265e-05 +7.46046e-02
 8.03086e+00 3.61532e+03 1.79215e-05 +7.55804e-02
 1.00000e+01 3.65040e+03 1.93681e-05 +7.63513e-02
 1.24520e+01 3.68450e+03 2.08708e-05 +7.69622e-02
 1.55052e+01 3.71777e+03 2.24347e-05 +7.74478e-02
 1.93070e+01 3.75036e+03 2.40656e-05 +7.78350e-02
 2.40410e+01 3.78241e+03 2.57332e-05 +7.81429e-02
 2.99358e+01 3.81406e+03 2.74746e-05 +7.83904e-02
 3.72759e+01 3.84539e+03 2.92975e-05 +7.85896e-02
 4.64159e+01 3.87650e+03 3.12091e-05 +7.87506e-02
 5.77969e+01 3.90746e+03 3.32165e-05 +7.88813e-02
 7.19686e+01 3.93833e+03 3.53265e-05 +7.89873e-02
 8.96151e+01 3.96920e+03 3.75034e-05 +7.90734e-02
 1.11588e+02 4.00014e+03 3.97893e-05 +7.91438e-02
 1.38950e+02 4.03117e+03 4.21968e-05 +7.92014e-02
 1.73020e+02 4.06234e+03 4.47363e-05 +7.92490e-02
 2.15443e+02 4.09367e+03 4.74180e-05 +7.92880e-02
 2.68270e+02 4.12519e+03 5.02506e-05 +7.93200e-02
 3.34048e+02 4.15693e+03 5.32274e-05 +7.93464e-02
 4.15956e+02 4.18896e+03 5.63217e-05 +7.93681e-02
 5.17947e+02 4.22131e+03 5.95922e-05 +7.93861e-02
 6.44947e+02 4.25403e+03 6.30518e-05 +7.94009e-02
 8.03086e+02 4.28712e+03 6.67130e-05 +7.94131e-02
 1.00000e+03 4.32062e+03 7.05866e-05 +7.94234e-02
