#n1=128 n2=4 Teff=03000 R=5.9891e+09 L=2.0681e+30 logg=+6.00
#   tau          T          rho         Fconv
 0.00000e+00 1.63016e+03 9.53938e-21 +0.00000e+00
 1.00000e-09 1.63016e+03 5.83351e-11 +0.00000e+00
 1.24520e-09 1.64284e+03 7.19741e-11 +0.00000e+00
 1.55052e-09 1.64588e+03 8.94857e-11 +0.00000e+00
 1.93070e-09 1.65255e+03 1.10966e-10 +0.00000e+00
 2.40410e-09 1.65457e+03 1.38072e-10 +0.00000e+00
 2.99358e-09 1.66616e+03 1.70604e-10 +0.00000e+00
 3.72759e-09 1.66770e+03 2.12354e-10 +0.00000e+00
 4.64159e-09 1.67405e+03 2.63424e-10 +0.00000e+00
 5.77969e-09 1.68307e+03 3.26108e-10 +0.00000e+00
 7.19686e-09 1.68782e+03 4.04998e-10 +0.00000e+00
 8.96151e-09 1.69831e+03 5.00883e-10 +0.00000e+00
 1.11588e-08 1.70208e+03 6.22438e-10 +0.00000e+00
 1.38950e-08 1.70955e+03 7.71440e-10 +0.00000e+00
 1.73020e-08 1.71750e+03 9.55818e-10 +0.00000e+00
 2.15443e-08 1.72596e+03 1.18377e-09 +0.00000e+00
 2.68270e-08 1.73506e+03 1.46541e-09 +0.00000e+00
 3.34048e-08 1.74482e+03 1.81313e-09 +0.00000e+00
 4.15956e-08 1.75526e+03 2.24211e-09 +0.00000e+00
 5.17947e-08 1.76645e+03 2.77096e-09 +0.00000e+00
 6.44947e-08 1.77837e+03 3.42224e-09 +0.00000e+00
 8.03086e-08 1.79104e+03 4.22384e-09 +0.00000e+00
 1.00000e-07 1.80442e+03 5.20906e-09 +0.00000e+00
 1.24520e-07 1.81848e+03 6.41952e-09 +0.00000e+00
 1.55052e-07 1.83303e+03 7.90438e-09 +0.00000e+00
 1.93070e-07 1.84809e+03 9.72520e-09 +0.00000e+00
 2.40410e-07 1.86355e+03 1.19526e-08 +0.00000e+00
 2.99358e-07 1.87933e+03 1.46763e-08 +0.00000e+00
 3.72759e-07 1.89533e+03 1.79980e-08 +0.00000e+00
 4.64159e-07 1.91148e+03 2.20446e-08 +0.00000e+00
 5.77969e-07 1.92771e+03 2.69603e-08 +0.00000e+00
 7.19686e-07 1.94395e+03 3.29196e-08 +0.00000e+00
 8.96151e-07 1.96024e+03 4.01210e-08 +0.00000e+00
 1.11588e-06 1.97652e+03 4.87953e-08 +0.00000e+00
 1.38950e-06 1.99299e+03 5.92015e-08 +0.00000e+00
 1.73020e-06 2.00934e+03 7.16380e-08 +0.00000e+00
 2.15443e-06 2.02571e+03 8.64479e-08 +0.00000e+00
 2.68270e-06 2.04213e+03 1.03980e-07 +0.00000e+00
 3.34048e-06 2.05861e+03 1.24653e-07 +0.00000e+00
 4.15956e-06 2.07515e+03 1.48887e-07 +0.00000e+00
 5.17947e-06 2.09176e+03 1.77144e-07 +0.00000e+00
 6.44947e-06 2.10848e+03 2.09925e-07 +0.00000e+00
 8.03086e-06 2.12531e+03 2.47685e-07 +0.00000e+00
 1.00000e-05 2.14230e+03 2.90977e-07 +0.00000e+00
 1.24520e-05 2.15945e+03 3.40310e-07 +0.00000e+00
 1.55052e-05 2.17680e+03 3.96149e-07 +0.00000e+00
 1.93070e-05 2.19437e+03 4.59063e-07 +0.00000e+00
 2.40410e-05 2.21215e+03 5.29527e-07 +0.00000e+00
 2.99358e-05 2.23019e+03 6.07965e-07 +0.00000e+00
 3.72759e-05 2.24849e+03 6.94950e-07 +0.00000e+00
 4.64159e-05 2.26707e+03 7.90930e-07 +0.00000e+00
 5.77969e-05 2.28595e+03 8.96187e-07 +0.00000e+00
 7.19686e-05 2.30512e+03 1.01137e-06 +0.00000e+00
 8.96151e-05 2.32461e+03 1.13692e-06 +0.00000e+00
 1.11588e-04 2.34442e+03 1.27318e-06 +0.00000e+00
 1.38950e-04 2.36458e+03 1.42055e-06 +0.00000e+00
 1.73020e-04 2.38512e+03 1.57963e-06 +0.00000e+00
 2.15443e-04 2.40605e+03 1.75087e-06 +0.00000e+00
 2.68270e-04 2.42742e+03 1.93450e-06 +0.00000e+00
 3.34048e-04 2.44926e+03 2.13079e-06 +0.00000e+00
 4.15956e-04 2.47161e+03 2.34030e-06 +0.00000e+00
 5.17947e-04 2.49450e+03 2.56336e-06 +0.00000e+00
 6.44947e-04 2.51800e+03 2.80019e-06 +0.00000e+00
 8.03086e-04 2.54212e+03 3.05012e-06 +0.00000e+00
 1.00000e-03 2.56683e+03 3.31398e-06 +0.00000e+00
 1.24520e-03 2.59178e+03 3.59219e-06 -2.54819e-07
 1.55052e-03 2.61189e+03 3.90223e-06 -3.17301e-07
 1.93070e-03 2.63238e+03 4.24111e-06 -3.95102e-07
 2.40410e-03 2.65352e+03 4.60862e-06 -4.91979e-07
 2.99358e-03 2.67546e+03 5.00685e-06 -6.12612e-07
 3.72759e-03 2.69826e+03 5.43674e-06 -7.62822e-07
 4.64159e-03 2.72205e+03 5.89870e-06 -9.49864e-07
 5.77969e-03 2.74699e+03 6.39230e-06 -1.18277e-06
 7.19686e-03 2.77282e+03 6.91580e-06 -1.47278e-06
 8.96151e-03 2.79970e+03 7.47063e-06 -1.83390e-06
 1.11588e-02 2.82712e+03 8.05967e-06 -2.28357e-06
 1.38950e-02 2.85489e+03 8.68621e-06 -2.84349e-06
 1.73020e-02 2.88320e+03 9.35231e-06 -3.54070e-06
 2.15443e-02 2.91218e+03 1.00551e-05 +2.13347e-02
 2.68270e-02 2.94102e+03 1.08046e-05 +2.72401e-02
 3.34048e-02 2.96981e+03 1.16077e-05 +1.84749e-02
 4.15956e-02 2.99866e+03 1.24705e-05 +1.62987e-02
 5.17947e-02 3.02764e+03 1.33995e-05 +1.47330e-02
 6.44947e-02 3.05681e+03 1.43990e-05 +1.36487e-02
 8.03086e-02 3.08622e+03 1.54716e-05 +1.29252e-02
 1.00000e-01 3.11591e+03 1.66303e-05 +1.25132e-02
 1.24520e-01 3.14592e+03 1.78836e-05 +1.23768e-02
 1.55052e-01 3.17630e+03 1.92407e-05 +1.25035e-02
 1.93070e-01 3.20710e+03 2.07115e-05 +1.33073e-02
 2.40410e-01 3.23864e+03 2.22864e-05 +1.34456e-02
 2.99358e-01 3.27058e+03 2.39901e-05 +1.44575e-02
 3.72759e-01 3.30294e+03 2.58373e-05 +1.56695e-02
 4.64159e-01 3.33574e+03 2.78423e-05 +1.73112e-02
 5.77969e-01 3.36901e+03 3.00209e-05 +1.94074e-02
 7.19686e-01 3.40278e+03 3.23704e-05 +2.20358e-02
 8.96151e-01 3.43710e+03 3.49118e-05 +2.53234e-02
 1.11588e+00 3.47198e+03 3.76739e-05 +2.94316e-02
 1.38950e+00 3.50745e+03 4.06785e-05 +3.45629e-02
 1.73020e+00 3.54354e+03 4.39491e-05 +4.09700e-02
 2.15443e+00 3.58028e+03 4.74835e-05 +4.89584e-02
 2.68270e+00 3.61771e+03 5.13024e-05 +5.89162e-02
 3.34048e+00 3.65585e+03 5.54578e-05 +6.60855e-02
 4.15956e+00 3.69467e+03 5.99842e-05 +6.82066e-02
 5.17947e+00 3.73418e+03 6.49184e-05 +6.99932e-02
 6.44947e+00 3.77440e+03 7.02504e-05 +7.14942e-02
 8.03086e+00 3.81538e+03 7.60188e-05 +7.27564e-02
 1.00000e+01 3.85714e+03 8.23047e-05 +7.38209e-02
 1.24520e+01 3.89970e+03 8.91578e-05 +7.47193e-02
 1.55052e+01 3.94307e+03 9.66375e-05 +7.54786e-02
 1.93070e+01 3.98728e+03 1.04698e-04 +7.61183e-02
 2.40410e+01 4.03236e+03 1.13435e-04 +7.66591e-02
 2.99358e+01 4.07832e+03 1.22961e-04 +7.71165e-02
 3.72759e+01 4.12518e+03 1.33355e-04 +7.75032e-02
 4.64159e+01 4.17297e+03 1.44702e-04 +7.78299e-02
 5.77969e+01 4.22173e+03 1.56862e-04 +7.81049e-02
 7.19686e+01 4.27152e+03 1.70083e-04 +7.83373e-02
 8.96151e+01 4.32239e+03 1.84488e-04 +7.85341e-02
 1.11588e+02 4.37436e+03 2.00183e-04 +7.87013e-02
 1.38950e+02 4.42744e+03 2.17233e-04 +7.88434e-02
 1.73020e+02 4.48165e+03 2.35465e-04 +7.89639e-02
 2.15443e+02 4.53701e+03 2.55296e-04 +7.90663e-02
 2.68270e+02 4.59353e+03 2.76875e-04 +7.91535e-02
 3.34048e+02 4.65123e+03 3.00357e-04 +7.92276e-02
 4.15956e+02 4.71014e+03 3.25644e-04 +7.92902e-02
 5.17947e+02 4.77036e+03 3.52784e-04 +7.93431e-02
 6.44947e+02 4.83193e+03 3.82257e-04 +7.93883e-02
 8.03086e+02 4.89486e+03 4.14262e-04 +7.94268e-02
 1.00000e+03 4.95918e+03 4.49030e-04 +7.94595e-02
