#n1=128 n2=4 Teff=03500 R=2.1504e+12 L=4.9361e+35 logg=+1.50
#   tau          T          rho         Fconv
 0.00000e+00 1.78254e+03 8.38501e-21 +0.00000e+00
 1.00000e-09 1.78254e+03 1.04502e-15 +0.00000e+00
 1.24520e-09 1.78997e+03 1.29691e-15 +0.00000e+00
 1.55052e-09 1.79717e+03 1.60979e-15 +0.00000e+00
 1.93070e-09 1.80474e+03 1.99779e-15 +0.00000e+00
 2.40410e-09 1.81215e+03 2.47959e-15 +0.00000e+00
 2.99358e-09 1.81986e+03 3.07717e-15 +0.00000e+00
 3.72759e-09 1.82749e+03 3.81907e-15 +0.00000e+00
 4.64159e-09 1.83531e+03 4.73945e-15 +0.00000e+00
 5.77969e-09 1.84311e+03 5.88191e-15 +0.00000e+00
 7.19686e-09 1.85106e+03 7.29939e-15 +0.00000e+00
 8.96151e-09 1.85906e+03 9.05848e-15 +0.00000e+00
 1.11588e-08 1.86715e+03 1.12414e-14 +0.00000e+00
 1.38950e-08 1.87536e+03 1.39498e-14 +0.00000e+00
 1.73020e-08 1.88360e+03 1.73114e-14 +0.00000e+00
 2.15443e-08 1.89203e+03 2.14812e-14 +0.00000e+00
 2.68270e-08 1.90041e+03 2.66577e-14 +0.00000e+00
 3.34048e-08 1.90907e+03 3.30771e-14 +0.00000e+00
 4.15956e-08 1.91761e+03 4.10479e-14 +0.00000e+00
 5.17947e-08 1.92652e+03 5.09304e-14 +0.00000e+00
 6.44947e-08 1.93522e+03 6.32039e-14 +0.00000e+00
 8.03086e-08 1.94435e+03 7.84179e-14 +0.00000e+00
 1.00000e-07 1.95321e+03 9.73173e-14 +0.00000e+00
 1.24520e-07 1.96254e+03 1.20743e-13 +0.00000e+00
 1.55052e-07 1.97156e+03 1.49845e-13 +0.00000e+00
 1.93070e-07 1.98104e+03 1.85924e-13 +0.00000e+00
 2.40410e-07 1.99026e+03 2.30738e-13 +0.00000e+00
 2.99358e-07 1.99987e+03 2.86312e-13 +0.00000e+00
 3.72759e-07 2.00930e+03 3.55328e-13 +0.00000e+00
 4.64159e-07 2.01905e+03 4.40942e-13 +0.00000e+00
 5.77969e-07 2.02872e+03 5.47237e-13 +0.00000e+00
 7.19686e-07 2.03863e+03 6.79139e-13 +0.00000e+00
 8.96151e-07 2.04857e+03 8.42856e-13 +0.00000e+00
 1.11588e-06 2.05869e+03 1.04607e-12 +0.00000e+00
 1.38950e-06 2.06897e+03 1.29819e-12 +0.00000e+00
 1.73020e-06 2.07938e+03 1.61122e-12 +0.00000e+00
 2.15443e-06 2.09014e+03 1.99930e-12 +0.00000e+00
 2.68270e-06 2.10117e+03 2.48081e-12 +0.00000e+00
 3.34048e-06 2.11322e+03 3.07606e-12 +0.00000e+00
 4.15956e-06 2.12599e+03 3.81274e-12 +0.00000e+00
 5.17947e-06 2.14138e+03 4.71670e-12 +0.00000e+00
 6.44947e-06 2.15812e+03 5.83007e-12 +0.00000e+00
 8.03086e-06 2.17920e+03 7.18433e-12 +0.00000e+00
 1.00000e-05 2.20046e+03 8.85584e-12 +0.00000e+00
 1.24520e-05 2.22298e+03 1.09113e-11 +0.00000e+00
 1.55052e-05 2.24558e+03 1.34477e-11 +0.00000e+00
 1.93070e-05 2.26646e+03 1.66010e-11 +0.00000e+00
 2.40410e-05 2.28659e+03 2.05061e-11 +0.00000e+00
 2.99358e-05 2.30689e+03 2.53328e-11 +0.00000e+00
 3.72759e-05 2.32483e+03 3.13459e-11 +0.00000e+00
 4.64159e-05 2.34074e+03 3.88456e-11 +0.00000e+00
 5.77969e-05 2.35576e+03 4.81609e-11 +0.00000e+00
 7.19686e-05 2.37101e+03 5.97044e-11 +0.00000e+00
 8.96151e-05 2.38396e+03 7.41258e-11 +0.00000e+00
 1.11588e-04 2.39708e+03 9.20252e-11 +0.00000e+00
 1.38950e-04 2.40939e+03 1.14296e-10 +0.00000e+00
 1.73020e-04 2.42033e+03 1.42123e-10 +0.00000e+00
 2.15443e-04 2.43205e+03 1.76583e-10 +0.00000e+00
 2.68270e-04 2.44329e+03 2.19494e-10 +0.00000e+00
 3.34048e-04 2.45451e+03 2.72811e-10 +0.00000e+00
 4.15956e-04 2.46698e+03 3.38652e-10 +0.00000e+00
 5.17947e-04 2.48001e+03 4.20203e-10 +0.00000e+00
 6.44947e-04 2.49414e+03 5.20589e-10 +0.00000e+00
 8.03086e-04 2.50914e+03 6.44605e-10 +0.00000e+00
 1.00000e-03 2.52549e+03 7.96411e-10 +0.00000e+00
 1.24520e-03 2.54279e+03 9.83326e-10 -2.54990e-07
 1.55052e-03 2.56123e+03 1.21148e-09 -3.17513e-07
 1.93070e-03 2.58067e+03 1.49114e-09 -3.95366e-07
 2.40410e-03 2.60091e+03 1.83176e-09 -4.92308e-07
 2.99358e-03 2.62251e+03 2.24599e-09 -6.13021e-07
 3.72759e-03 2.64507e+03 2.74796e-09 -7.63332e-07
 4.64159e-03 2.66872e+03 3.35407e-09 -9.50498e-07
 5.77969e-03 2.69382e+03 4.08284e-09 -1.18356e-06
 7.19686e-03 2.71999e+03 4.95264e-09 -1.47376e-06
 8.96151e-03 2.74663e+03 5.99614e-09 -1.83513e-06
 1.11588e-02 2.77378e+03 7.23087e-09 -2.28509e-06
 1.38950e-02 2.80131e+03 8.69635e-09 -2.84540e-06
 1.73020e-02 2.82948e+03 1.04134e-08 -3.54307e-06
 2.15443e-02 2.85794e+03 1.24200e-08 -4.41183e-06
 2.68270e-02 2.88660e+03 1.47568e-08 -5.49359e-06
 3.34048e-02 2.91562e+03 1.74359e-08 -6.84060e-06
 4.15956e-02 2.94525e+03 2.05097e-08 -8.51789e-06
 5.17947e-02 2.97664e+03 2.39664e-08 -1.06065e-05
 6.44947e-02 3.00757e+03 2.78706e-08 -1.32071e-05
 8.03086e-02 3.03860e+03 3.22633e-08 -1.64454e-05
 1.00000e-01 3.07001e+03 3.71439e-08 -2.04778e-05
 1.24520e-01 3.10221e+03 4.25323e-08 -2.54990e-05
 1.55052e-01 3.13565e+03 4.84447e-08 -3.17513e-05
 1.93070e-01 3.17099e+03 5.48343e-08 -3.95366e-05
 2.40410e-01 3.20897e+03 6.16507e-08 +7.21536e-06
 2.99358e-01 3.25104e+03 6.88105e-08 -5.65002e-05
 3.72759e-01 3.29848e+03 7.61648e-08 -1.70780e-05
 4.64159e-01 3.35027e+03 8.36582e-08 +2.20664e-04
 5.77969e-01 3.40608e+03 9.13338e-08 +1.36905e-03
 7.19686e-01 3.47750e+03 9.85112e-08 +4.26144e-03
 8.96151e-01 3.56030e+03 1.05346e-07 +7.06549e-03
 1.11588e+00 3.65646e+03 1.11841e-07 +8.49650e-03
 1.38950e+00 3.77062e+03 1.18001e-07 +8.48641e-03
 1.73020e+00 3.90666e+03 1.23931e-07 +8.24097e-03
 2.15443e+00 4.06715e+03 1.29780e-07 +6.64445e-03
 2.68270e+00 4.25269e+03 1.35403e-07 +6.07288e-03
 3.34048e+00 4.45183e+03 1.40088e-07 +1.16472e-02
 4.15956e+00 4.64013e+03 1.43314e-07 +2.47318e-02
 5.17947e+00 4.80252e+03 1.45574e-07 +3.79707e-02
 6.44947e+00 4.94220e+03 1.47361e-07 +4.78692e-02
 8.03086e+00 5.06598e+03 1.48917e-07 +5.48801e-02
 1.00000e+01 5.17917e+03 1.50353e-07 +5.99607e-02
 1.24520e+01 5.28530e+03 1.51730e-07 +6.37279e-02
 1.55052e+01 5.38688e+03 1.53080e-07 +6.65898e-02
 1.93070e+01 5.48561e+03 1.54426e-07 +6.88276e-02
 2.40410e+01 5.58266e+03 1.55782e-07 +7.06118e-02
 2.99358e+01 5.67888e+03 1.57162e-07 +7.20561e-02
 3.72759e+01 5.77491e+03 1.58576e-07 +7.32396e-02
 4.64159e+01 5.87125e+03 1.60034e-07 +7.42198e-02
 5.77969e+01 5.96825e+03 1.61546e-07 +7.50387e-02
 7.19686e+01 6.06621e+03 1.63118e-07 +7.57262e-02
 8.96151e+01 6.16535e+03 1.64760e-07 +7.63067e-02
 1.11588e+02 6.26586e+03 1.66482e-07 +7.67989e-02
 1.38950e+02 6.36785e+03 1.68292e-07 +7.72176e-02
 1.73020e+02 6.47147e+03 1.70198e-07 +7.75735e-02
 2.15443e+02 6.57681e+03 1.72211e-07 +7.78789e-02
 2.68270e+02 6.68380e+03 1.74344e-07 +7.81423e-02
 3.34048e+02 6.79232e+03 1.76611e-07 +7.83699e-02
 4.15956e+02 6.90227e+03 1.79031e-07 +7.85654e-02
 5.17947e+02 7.01354e+03 1.81619e-07 +7.87337e-02
 6.44947e+02 7.12603e+03 1.84396e-07 +7.88782e-02
 8.03086e+02 7.23961e+03 1.87380e-07 +7.90022e-02
 1.00000e+03 7.35418e+03 1.90592e-07 +7.91084e-02
