#n1=128 n2=4 Teff=03000 R=8.4698e+11 L=4.1363e+34 logg=+2.00
#   tau          T          rho         Fconv
 0.00000e+00 1.75942e+03 8.49519e-21 +0.00000e+00
 1.00000e-09 1.75942e+03 3.48298e-15 +0.00000e+00
 1.24520e-09 1.76662e+03 4.32243e-15 +0.00000e+00
 1.55052e-09 1.77428e+03 5.36294e-15 +0.00000e+00
 1.93070e-09 1.78154e+03 6.65621e-15 +0.00000e+00
 2.40410e-09 1.78927e+03 8.25932e-15 +0.00000e+00
 2.99358e-09 1.79665e+03 1.02516e-14 +0.00000e+00
 3.72759e-09 1.80444e+03 1.27220e-14 +0.00000e+00
 4.64159e-09 1.81196e+03 1.57917e-14 +0.00000e+00
 5.77969e-09 1.81979e+03 1.95994e-14 +0.00000e+00
 7.19686e-09 1.82740e+03 2.43305e-14 +0.00000e+00
 8.96151e-09 1.83524e+03 3.02019e-14 +0.00000e+00
 1.11588e-08 1.84295e+03 3.74953e-14 +0.00000e+00
 1.38950e-08 1.85081e+03 4.65514e-14 +0.00000e+00
 1.73020e-08 1.85862e+03 5.77990e-14 +0.00000e+00
 2.15443e-08 1.86646e+03 7.17744e-14 +0.00000e+00
 2.68270e-08 1.87435e+03 8.91287e-14 +0.00000e+00
 3.34048e-08 1.88211e+03 1.10711e-13 +0.00000e+00
 4.15956e-08 1.89004e+03 1.37508e-13 +0.00000e+00
 5.17947e-08 1.89765e+03 1.70870e-13 +0.00000e+00
 6.44947e-08 1.90554e+03 2.12295e-13 +0.00000e+00
 8.03086e-08 1.91279e+03 2.63965e-13 +0.00000e+00
 1.00000e-07 1.92042e+03 3.28149e-13 +0.00000e+00
 1.24520e-07 1.92711e+03 4.08373e-13 +0.00000e+00
 1.55052e-07 1.93425e+03 5.08133e-13 +0.00000e+00
 1.93070e-07 1.93999e+03 6.33259e-13 +0.00000e+00
 2.40410e-07 1.94569e+03 7.89617e-13 +0.00000e+00
 2.99358e-07 1.94928e+03 9.87151e-13 +0.00000e+00
 3.72759e-07 1.95023e+03 1.23939e-12 +0.00000e+00
 4.64159e-07 1.93148e+03 1.60345e-12 +0.00000e+00
 5.77969e-07 1.88813e+03 2.18828e-12 +0.00000e+00
 7.19686e-07 1.86471e+03 2.88525e-12 +0.00000e+00
 8.96151e-07 1.85487e+03 3.69053e-12 +0.00000e+00
 1.11588e-06 1.84942e+03 4.67378e-12 +0.00000e+00
 1.38950e-06 1.84819e+03 5.85937e-12 +0.00000e+00
 1.73020e-06 1.84757e+03 7.35260e-12 +0.00000e+00
 2.15443e-06 1.84928e+03 9.16663e-12 +0.00000e+00
 2.68270e-06 1.85120e+03 1.14528e-11 +0.00000e+00
 3.34048e-06 1.85426e+03 1.42683e-11 +0.00000e+00
 4.15956e-06 1.85774e+03 1.77881e-11 +0.00000e+00
 5.17947e-06 1.86189e+03 2.21548e-11 +0.00000e+00
 6.44947e-06 1.86660e+03 2.75815e-11 +0.00000e+00
 8.03086e-06 1.87179e+03 3.43370e-11 +0.00000e+00
 1.00000e-05 1.87766e+03 4.26993e-11 +0.00000e+00
 1.24520e-05 1.88397e+03 5.31215e-11 +0.00000e+00
 1.55052e-05 1.89104e+03 6.59813e-11 +0.00000e+00
 1.93070e-05 1.89860e+03 8.20235e-11 +0.00000e+00
 2.40410e-05 1.90704e+03 1.01747e-10 +0.00000e+00
 2.99358e-05 1.91605e+03 1.26331e-10 +0.00000e+00
 3.72759e-05 1.92599e+03 1.56523e-10 +0.00000e+00
 4.64159e-05 1.93662e+03 1.94048e-10 +0.00000e+00
 5.77969e-05 1.94819e+03 2.40179e-10 +0.00000e+00
 7.19686e-05 1.96056e+03 2.97319e-10 +0.00000e+00
 8.96151e-05 1.97400e+03 3.67515e-10 +0.00000e+00
 1.11588e-04 1.98821e+03 4.54268e-10 +0.00000e+00
 1.38950e-04 2.00336e+03 5.60962e-10 +0.00000e+00
 1.73020e-04 2.01946e+03 6.92329e-10 +0.00000e+00
 2.15443e-04 2.03664e+03 8.53753e-10 +0.00000e+00
 2.68270e-04 2.05481e+03 1.05195e-09 +0.00000e+00
 3.34048e-04 2.07385e+03 1.29574e-09 +0.00000e+00
 4.15956e-04 2.09401e+03 1.59404e-09 +0.00000e+00
 5.17947e-04 2.11526e+03 1.96036e-09 +0.00000e+00
 6.44947e-04 2.13783e+03 2.40664e-09 +0.00000e+00
 8.03086e-04 2.16169e+03 2.95348e-09 +0.00000e+00
 1.00000e-03 2.18707e+03 3.61604e-09 +0.00000e+00
 1.24520e-03 2.21382e+03 4.42638e-09 -2.54809e-07
 1.55052e-03 2.24156e+03 5.40550e-09 -3.17289e-07
 1.93070e-03 2.27088e+03 6.59850e-09 -3.95086e-07
 2.40410e-03 2.30166e+03 8.02831e-09 +5.47359e-02
 2.99358e-03 2.33312e+03 9.76788e-09 +6.24315e-02
 3.72759e-03 2.36510e+03 1.18548e-08 +7.58122e-02
 4.64159e-03 2.39737e+03 1.43803e-08 +6.18385e-02
 5.77969e-03 2.43013e+03 1.73963e-08 +6.08564e-02
 7.19686e-03 2.46307e+03 2.10101e-08 +5.08467e-02
 8.96151e-03 2.49642e+03 2.53027e-08 +4.27702e-02
 1.11588e-02 2.52984e+03 3.03779e-08 +3.75707e-02
 1.38950e-02 2.56352e+03 3.63766e-08 +2.63261e-02
 1.73020e-02 2.59720e+03 4.33458e-08 +2.51498e-02
 2.15443e-02 2.63090e+03 5.15262e-08 +1.66188e-02
 2.68270e-02 2.66467e+03 6.08961e-08 +1.60573e-02
 3.34048e-02 2.69821e+03 7.17297e-08 +1.23928e-02
 4.15956e-02 2.73179e+03 8.41233e-08 +1.10219e-02
 5.17947e-02 2.76559e+03 9.80686e-08 +5.91861e-03
 6.44947e-02 2.79967e+03 1.13881e-07 +6.29897e-03
 8.03086e-02 2.83360e+03 1.31527e-07 +5.50269e-03
 1.00000e-01 2.86724e+03 1.51222e-07 +5.22620e-03
 1.24520e-01 2.90045e+03 1.73344e-07 +5.30765e-03
 1.55052e-01 2.93326e+03 1.97726e-07 +5.49338e-03
 1.93070e-01 2.96588e+03 2.24662e-07 +5.93731e-03
 2.40410e-01 2.99858e+03 2.54471e-07 +6.82131e-03
 2.99358e-01 3.03184e+03 2.86858e-07 +1.01986e-02
 3.72759e-01 3.06928e+03 3.20460e-07 +7.73910e-03
 4.64159e-01 3.10691e+03 3.56558e-07 +1.09090e-02
 5.77969e-01 3.14364e+03 3.95694e-07 +1.37839e-02
 7.19686e-01 3.17960e+03 4.37226e-07 +1.72002e-02
 8.96151e-01 3.21497e+03 4.82088e-07 +2.14152e-02
 1.11588e+00 3.24989e+03 5.30706e-07 +2.65200e-02
 1.38950e+00 3.28459e+03 5.83308e-07 +3.27049e-02
 1.73020e+00 3.31933e+03 6.38924e-07 +4.02313e-02
 2.15443e+00 3.35439e+03 6.98660e-07 +4.95216e-02
 2.68270e+00 3.38998e+03 7.62764e-07 +6.11077e-02
 3.34048e+00 3.42617e+03 8.31421e-07 +6.91126e-02
 4.15956e+00 3.46253e+03 9.04375e-07 +7.08855e-02
 5.17947e+00 3.49904e+03 9.82325e-07 +7.23565e-02
 6.44947e+00 3.53569e+03 1.06649e-06 +7.35800e-02
 8.03086e+00 3.57252e+03 1.15751e-06 +7.45969e-02
 1.00000e+01 3.60952e+03 1.25612e-06 +7.54428e-02
 1.24520e+01 3.64680e+03 1.36123e-06 +7.61301e-02
 1.55052e+01 3.68452e+03 1.47524e-06 +7.66929e-02
 1.93070e+01 3.72287e+03 1.59899e-06 +7.71549e-02
 2.40410e+01 3.76198e+03 1.73315e-06 +7.75368e-02
 2.99358e+01 3.80200e+03 1.87803e-06 +7.78554e-02
 3.72759e+01 3.84304e+03 2.03311e-06 +7.81219e-02
 4.64159e+01 3.88514e+03 2.20154e-06 +7.83499e-02
 5.77969e+01 3.92829e+03 2.38449e-06 +7.85439e-02
 7.19686e+01 3.97250e+03 2.58318e-06 +7.87076e-02
 8.96151e+01 4.01790e+03 2.79785e-06 +7.88442e-02
 1.11588e+02 4.06469e+03 3.02978e-06 +7.89582e-02
 1.38950e+02 4.11302e+03 3.28220e-06 +7.90543e-02
 1.73020e+02 4.16307e+03 3.55640e-06 +7.91354e-02
 2.15443e+02 4.21500e+03 3.85373e-06 +7.92042e-02
 2.68270e+02 4.26896e+03 4.17381e-06 +7.92631e-02
 3.34048e+02 4.32501e+03 4.52027e-06 +7.93147e-02
 4.15956e+02 4.38302e+03 4.89583e-06 +7.93599e-02
 5.17947e+02 4.44296e+03 5.30179e-06 +7.93989e-02
 6.44947e+02 4.50497e+03 5.73857e-06 +7.94320e-02
 8.03086e+02 4.56924e+03 6.20295e-06 +7.94603e-02
 1.00000e+03 4.63580e+03 6.69657e-06 +7.94852e-02
