#n1=128 n2=4 Teff=03600 R=2.6783e+11 L=8.5770e+33 logg=+3.00
#   tau          T          rho         Fconv
 0.00000e+00 2.12869e+03 7.01976e-21 +0.00000e+00
 1.00000e-09 2.12869e+03 2.95620e-14 +0.00000e+00
 1.24520e-09 2.13081e+03 3.67838e-14 +0.00000e+00
 1.55052e-09 2.13290e+03 4.57708e-14 +0.00000e+00
 1.93070e-09 2.13469e+03 5.69625e-14 +0.00000e+00
 2.40410e-09 2.13649e+03 7.08906e-14 +0.00000e+00
 2.99358e-09 2.13798e+03 8.82391e-14 +0.00000e+00
 3.72759e-09 2.13960e+03 1.09828e-13 +0.00000e+00
 4.64159e-09 2.14105e+03 1.36714e-13 +0.00000e+00
 5.77969e-09 2.14253e+03 1.70182e-13 +0.00000e+00
 7.19686e-09 2.14397e+03 2.11856e-13 +0.00000e+00
 8.96151e-09 2.14548e+03 2.63735e-13 +0.00000e+00
 1.11588e-08 2.14699e+03 3.28332e-13 +0.00000e+00
 1.38950e-08 2.14861e+03 4.08756e-13 +0.00000e+00
 1.73020e-08 2.15032e+03 5.08889e-13 +0.00000e+00
 2.15443e-08 2.15216e+03 6.33564e-13 +0.00000e+00
 2.68270e-08 2.15416e+03 7.88787e-13 +0.00000e+00
 3.34048e-08 2.15636e+03 9.82065e-13 +0.00000e+00
 4.15956e-08 2.15879e+03 1.22268e-12 +0.00000e+00
 5.17947e-08 2.16149e+03 1.52230e-12 +0.00000e+00
 6.44947e-08 2.16451e+03 1.89527e-12 +0.00000e+00
 8.03086e-08 2.16787e+03 2.35968e-12 +0.00000e+00
 1.00000e-07 2.17164e+03 2.93770e-12 +0.00000e+00
 1.24520e-07 2.17583e+03 3.65734e-12 +0.00000e+00
 1.55052e-07 2.18052e+03 4.55283e-12 +0.00000e+00
 1.93070e-07 2.18569e+03 5.66732e-12 +0.00000e+00
 2.40410e-07 2.19144e+03 7.05382e-12 +0.00000e+00
 2.99358e-07 2.19774e+03 8.77815e-12 +0.00000e+00
 3.72759e-07 2.20466e+03 1.09228e-11 +0.00000e+00
 4.64159e-07 2.21219e+03 1.35874e-11 +0.00000e+00
 5.77969e-07 2.22034e+03 1.69008e-11 +0.00000e+00
 7.19686e-07 2.22907e+03 2.10139e-11 +0.00000e+00
 8.96151e-07 2.23839e+03 2.61279e-11 +0.00000e+00
 1.11588e-06 2.24822e+03 3.24731e-11 +0.00000e+00
 1.38950e-06 2.25852e+03 4.03632e-11 +0.00000e+00
 1.73020e-06 2.26918e+03 5.01558e-11 +0.00000e+00
 2.15443e-06 2.28008e+03 6.23425e-11 +0.00000e+00
 2.68270e-06 2.29105e+03 7.74945e-11 +0.00000e+00
 3.34048e-06 2.30191e+03 9.63809e-11 +0.00000e+00
 4.15956e-06 2.31249e+03 1.19943e-10 +0.00000e+00
 5.17947e-06 2.32264e+03 1.49364e-10 +0.00000e+00
 6.44947e-06 2.33227e+03 1.86225e-10 +0.00000e+00
 8.03086e-06 2.34148e+03 2.32234e-10 +0.00000e+00
 1.00000e-05 2.35033e+03 2.90051e-10 +0.00000e+00
 1.24520e-05 2.35923e+03 3.61902e-10 +0.00000e+00
 1.55052e-05 2.36822e+03 4.52118e-10 +0.00000e+00
 1.93070e-05 2.37773e+03 5.63888e-10 +0.00000e+00
 2.40410e-05 2.38762e+03 7.03842e-10 +0.00000e+00
 2.99358e-05 2.39816e+03 8.77073e-10 +0.00000e+00
 3.72759e-05 2.40915e+03 1.09339e-09 +0.00000e+00
 4.64159e-05 2.42074e+03 1.36155e-09 +0.00000e+00
 5.77969e-05 2.43293e+03 1.69494e-09 +0.00000e+00
 7.19686e-05 2.44556e+03 2.10942e-09 +0.00000e+00
 8.96151e-05 2.45909e+03 2.62161e-09 +0.00000e+00
 1.11588e-04 2.47301e+03 3.26019e-09 +0.00000e+00
 1.38950e-04 2.48819e+03 4.04396e-09 +0.00000e+00
 1.73020e-04 2.50400e+03 5.02183e-09 +0.00000e+00
 2.15443e-04 2.52128e+03 6.21390e-09 +0.00000e+00
 2.68270e-04 2.53930e+03 7.70028e-09 +0.00000e+00
 3.34048e-04 2.55881e+03 9.51036e-09 +0.00000e+00
 4.15956e-04 2.57921e+03 1.17572e-08 +0.00000e+00
 5.17947e-04 2.60081e+03 1.44995e-08 +0.00000e+00
 6.44947e-04 2.62298e+03 1.78971e-08 +0.00000e+00
 8.03086e-04 2.64572e+03 2.20651e-08 +0.00000e+00
 1.00000e-03 2.66869e+03 2.72156e-08 +0.00000e+00
 1.24520e-03 2.69139e+03 3.35764e-08 -2.54795e-07
 1.55052e-03 2.71394e+03 4.14172e-08 -3.17269e-07
 1.93070e-03 2.73578e+03 5.11441e-08 -3.95062e-07
 2.40410e-03 2.75714e+03 6.31047e-08 -4.91931e-07
 2.99358e-03 2.77804e+03 7.79588e-08 -6.12550e-07
 3.72759e-03 2.79911e+03 9.60515e-08 -7.62746e-07
 4.64159e-03 2.82031e+03 1.18458e-07 -9.49769e-07
 5.77969e-03 2.84270e+03 1.45461e-07 -1.18265e-06
 7.19686e-03 2.86668e+03 1.78425e-07 -1.47263e-06
 8.96151e-03 2.89207e+03 2.17980e-07 -1.83371e-06
 1.11588e-02 2.91949e+03 2.65549e-07 -2.28334e-06
 1.38950e-02 2.94972e+03 3.21877e-07 -2.84321e-06
 1.73020e-02 2.98287e+03 3.87899e-07 -3.54035e-06
 2.15443e-02 3.01933e+03 4.64893e-07 -4.40844e-06
 2.68270e-02 3.05896e+03 5.52156e-07 -5.48938e-06
 3.34048e-02 3.10083e+03 6.51961e-07 -6.83535e-06
 4.15956e-02 3.14520e+03 7.62291e-07 -8.51135e-06
 5.17947e-02 3.18738e+03 8.87343e-07 -1.05984e-05
 6.44947e-02 3.22944e+03 1.02738e-06 -1.31970e-05
 8.03086e-02 3.27070e+03 1.18016e-06 -1.64329e-05
 1.00000e-01 3.31167e+03 1.34912e-06 -2.04622e-05
 1.24520e-01 3.35276e+03 1.53421e-06 +1.79619e-04
 1.55052e-01 3.39473e+03 1.73002e-06 +2.53947e-03
 1.93070e-01 3.43536e+03 1.94424e-06 +3.05708e-03
 2.40410e-01 3.47549e+03 2.17716e-06 +4.83218e-03
 2.99358e-01 3.51566e+03 2.42603e-06 +5.45774e-03
 3.72759e-01 3.55618e+03 2.69037e-06 +8.33557e-03
 4.64159e-01 3.59636e+03 2.97540e-06 +1.10544e-02
 5.77969e-01 3.63627e+03 3.28161e-06 +1.45042e-02
 7.19686e-01 3.67602e+03 3.60498e-06 +1.82754e-02
 8.96151e-01 3.71570e+03 3.94750e-06 +2.23678e-02
 1.11588e+00 3.75529e+03 4.31209e-06 +2.77144e-02
 1.38950e+00 3.79470e+03 4.69925e-06 +3.41736e-02
 1.73020e+00 3.83386e+03 5.10759e-06 +4.20218e-02
 2.15443e+00 3.87275e+03 5.53182e-06 +5.16290e-02
 2.68270e+00 3.91141e+03 5.97924e-06 +6.34908e-02
 3.34048e+00 3.94985e+03 6.45022e-06 +7.14361e-02
 4.15956e+00 3.98798e+03 6.94609e-06 +7.29087e-02
 5.17947e+00 4.02590e+03 7.46603e-06 +7.41003e-02
 6.44947e+00 4.06371e+03 8.00257e-06 +7.50765e-02
 8.03086e+00 4.10145e+03 8.56529e-06 +7.58767e-02
 1.00000e+01 4.13917e+03 9.15536e-06 +7.65340e-02
 1.24520e+01 4.17691e+03 9.77443e-06 +7.70743e-02
 1.55052e+01 4.21472e+03 1.04246e-05 +7.75187e-02
 1.93070e+01 4.25262e+03 1.11025e-05 +7.78875e-02
 2.40410e+01 4.29054e+03 1.18069e-05 +7.81943e-02
 2.99358e+01 4.32851e+03 1.25473e-05 +7.84458e-02
 3.72759e+01 4.36661e+03 1.33264e-05 +7.86513e-02
 4.64159e+01 4.40495e+03 1.41467e-05 +7.88189e-02
 5.77969e+01 4.44365e+03 1.50111e-05 +7.89559e-02
 7.19686e+01 4.48286e+03 1.59200e-05 +7.90684e-02
 8.96151e+01 4.52258e+03 1.68614e-05 +7.91633e-02
 1.11588e+02 4.56282e+03 1.78491e-05 +7.92418e-02
 1.38950e+02 4.60364e+03 1.88858e-05 +7.93071e-02
 1.73020e+02 4.64510e+03 1.99747e-05 +7.93614e-02
 2.15443e+02 4.68725e+03 2.11192e-05 +7.94066e-02
 2.68270e+02 4.73012e+03 2.23231e-05 +7.94445e-02
 3.34048e+02 4.77375e+03 2.35810e-05 +7.94765e-02
 4.15956e+02 4.81798e+03 2.48904e-05 +7.95036e-02
 5.17947e+02 4.86285e+03 2.62642e-05 +7.95260e-02
 6.44947e+02 4.90847e+03 2.77066e-05 +7.95447e-02
 8.03086e+02 4.95493e+03 2.92217e-05 +7.95602e-02
 1.00000e+03 5.00236e+03 3.08132e-05 +7.95730e-02
