#n1=128 n2=4 Teff=03100 R=2.4595e+13 L=3.9770e+37 logg=-0.50
#   tau          T          rho         Fconv
 0.00000e+00 1.44147e+03 1.03692e-20 +0.00000e+00
 1.00000e-09 1.44147e+03 6.90218e-18 +0.00000e+00
 1.24520e-09 1.44805e+03 8.61891e-18 +0.00000e+00
 1.55052e-09 1.45449e+03 1.07657e-17 +0.00000e+00
 1.93070e-09 1.46014e+03 1.34588e-17 +0.00000e+00
 2.40410e-09 1.46662e+03 1.68146e-17 +0.00000e+00
 2.99358e-09 1.47227e+03 2.10257e-17 +0.00000e+00
 3.72759e-09 1.47877e+03 2.62728e-17 +0.00000e+00
 4.64159e-09 1.48435e+03 3.28615e-17 +0.00000e+00
 5.77969e-09 1.49081e+03 4.10704e-17 +0.00000e+00
 7.19686e-09 1.49630e+03 5.13828e-17 +0.00000e+00
 8.96151e-09 1.50267e+03 6.42337e-17 +0.00000e+00
 1.11588e-08 1.50804e+03 8.03857e-17 +0.00000e+00
 1.38950e-08 1.51425e+03 1.00522e-16 +0.00000e+00
 1.73020e-08 1.51948e+03 1.25840e-16 +0.00000e+00
 2.15443e-08 1.52543e+03 1.57430e-16 +0.00000e+00
 2.68270e-08 1.53036e+03 1.97186e-16 +0.00000e+00
 3.34048e-08 1.53586e+03 2.46859e-16 +0.00000e+00
 4.15956e-08 1.54036e+03 3.09433e-16 +0.00000e+00
 5.17947e-08 1.54525e+03 3.87763e-16 +0.00000e+00
 6.44947e-08 1.54909e+03 4.86626e-16 +0.00000e+00
 8.03086e-08 1.55221e+03 6.11525e-16 +0.00000e+00
 1.00000e-07 1.55511e+03 7.68803e-16 +0.00000e+00
 1.24520e-07 1.55943e+03 9.64827e-16 +0.00000e+00
 1.55052e-07 1.56331e+03 1.21178e-15 +0.00000e+00
 1.93070e-07 1.56674e+03 1.52404e-15 +0.00000e+00
 2.40410e-07 1.56895e+03 1.92119e-15 +0.00000e+00
 2.99358e-07 1.57156e+03 2.42193e-15 +0.00000e+00
 3.72759e-07 1.57228e+03 3.06546e-15 +0.00000e+00
 4.64159e-07 1.57446e+03 3.87030e-15 +0.00000e+00
 5.77969e-07 1.57748e+03 4.87643e-15 +0.00000e+00
 7.19686e-07 1.58004e+03 6.15493e-15 +0.00000e+00
 8.96151e-07 1.58361e+03 7.74873e-15 +0.00000e+00
 1.11588e-06 1.58687e+03 9.76676e-15 +0.00000e+00
 1.38950e-06 1.59121e+03 1.22782e-14 +0.00000e+00
 1.73020e-06 1.59530e+03 1.54444e-14 +0.00000e+00
 2.15443e-06 1.60039e+03 1.93896e-14 +0.00000e+00
 2.68270e-06 1.60533e+03 2.43400e-14 +0.00000e+00
 3.34048e-06 1.61102e+03 3.05310e-14 +0.00000e+00
 4.15956e-06 1.61647e+03 3.82817e-14 +0.00000e+00
 5.17947e-06 1.62223e+03 4.80599e-14 +0.00000e+00
 6.44947e-06 1.62646e+03 6.04795e-14 +0.00000e+00
 8.03086e-06 1.62706e+03 7.70060e-14 +0.00000e+00
 1.00000e-05 1.61292e+03 1.01576e-13 +0.00000e+00
 1.24520e-05 1.58686e+03 1.36936e-13 +0.00000e+00
 1.55052e-05 1.59186e+03 1.70023e-13 +0.00000e+00
 1.93070e-05 1.60074e+03 2.09820e-13 +0.00000e+00
 2.40410e-05 1.61185e+03 2.58074e-13 +0.00000e+00
 2.99358e-05 1.62419e+03 3.17397e-13 +0.00000e+00
 3.72759e-05 1.63547e+03 3.91959e-13 +0.00000e+00
 4.64159e-05 1.65000e+03 4.81334e-13 +0.00000e+00
 5.77969e-05 1.66544e+03 5.91089e-13 +0.00000e+00
 7.19686e-05 1.68052e+03 7.27284e-13 +0.00000e+00
 8.96151e-05 1.69741e+03 8.93047e-13 +0.00000e+00
 1.11588e-04 1.71465e+03 1.09645e-12 +0.00000e+00
 1.38950e-04 1.73349e+03 1.34420e-12 +0.00000e+00
 1.73020e-04 1.75269e+03 1.64754e-12 +0.00000e+00
 2.15443e-04 1.77399e+03 2.01448e-12 +0.00000e+00
 2.68270e-04 1.79518e+03 2.46523e-12 +0.00000e+00
 3.34048e-04 1.81625e+03 3.02456e-12 +0.00000e+00
 4.15956e-04 1.83844e+03 3.70273e-12 +0.00000e+00
 5.17947e-04 1.86159e+03 4.53556e-12 +0.00000e+00
 6.44947e-04 1.88442e+03 5.56082e-12 +0.00000e+00
 8.03086e-04 1.90701e+03 6.83901e-12 +0.00000e+00
 1.00000e-03 1.93022e+03 8.40076e-12 +0.00000e+00
 1.24520e-03 1.95328e+03 1.03462e-11 +5.86166e-03
 1.55052e-03 1.97696e+03 1.27295e-11 +3.46270e-03
 1.93070e-03 2.00044e+03 1.56986e-11 +8.22123e-04
 2.40410e-03 2.02361e+03 1.93771e-11 +3.42205e-04
 2.99358e-03 2.04766e+03 2.39158e-11 +1.54616e-04
 3.72759e-03 2.07167e+03 2.95298e-11 +6.33754e-05
 4.64159e-03 2.09648e+03 3.64661e-11 +2.97459e-05
 5.77969e-03 2.12180e+03 4.50088e-11 +1.37672e-05
 7.19686e-03 2.14751e+03 5.56054e-11 +6.22899e-07
 8.96151e-03 2.17383e+03 6.86535e-11 -5.83211e-07
 1.11588e-02 2.20076e+03 8.48075e-11 -2.23435e-06
 1.38950e-02 2.22825e+03 1.04729e-10 -2.74536e-06
 1.73020e-02 2.25714e+03 1.29235e-10 -3.52081e-06
 2.15443e-02 2.28647e+03 1.59491e-10 -4.40805e-06
 2.68270e-02 2.31676e+03 1.96819e-10 -5.48927e-06
 3.34048e-02 2.34788e+03 2.42797e-10 -6.83523e-06
 4.15956e-02 2.37999e+03 2.99467e-10 -8.51120e-06
 5.17947e-02 2.41338e+03 3.69057e-10 -1.05981e-05
 6.44947e-02 2.44809e+03 4.54566e-10 -1.31968e-05
 8.03086e-02 2.48565e+03 5.58581e-10 -1.64320e-05
 1.00000e-01 2.52602e+03 6.85211e-10 -2.04618e-05
 1.24520e-01 2.55939e+03 8.46324e-10 -2.54789e-05
 1.55052e-01 2.59356e+03 1.04387e-09 -3.17263e-05
 1.93070e-01 2.62726e+03 1.28669e-09 -3.95054e-05
 2.40410e-01 2.66120e+03 1.58370e-09 -4.91922e-05
 2.99358e-01 2.69654e+03 1.94344e-09 -6.12539e-05
 3.72759e-01 2.73721e+03 2.37061e-09 -7.62732e-05
 4.64159e-01 2.78123e+03 2.87684e-09 -9.49752e-05
 5.77969e-01 2.82844e+03 3.47336e-09 -1.18263e-04
 7.19686e-01 2.87908e+03 4.16608e-09 -1.47260e-04
 8.96151e-01 2.93199e+03 4.96579e-09 -1.83364e-04
 1.11588e+00 2.98638e+03 5.87859e-09 -2.28240e-04
 1.38950e+00 3.06854e+03 6.80531e-09 -2.83730e-04
 1.73020e+00 3.17344e+03 7.72398e-09 -3.52687e-04
 2.15443e+00 3.30578e+03 8.59136e-09 -4.39164e-04
 2.68270e+00 3.47496e+03 9.34617e-09 -5.48080e-04
 3.34048e+00 3.49159e+03 1.07011e-08 -6.00725e-04
 4.15956e+00 3.71484e+03 1.15041e-08 -6.09477e-04
 5.17947e+00 3.93353e+03 1.24424e-08 -6.10620e-04
 6.44947e+00 4.16710e+03 1.33664e-08 -5.99049e-04
 8.03086e+00 4.45589e+03 1.37646e-08 +7.12878e-05
 1.00000e+01 4.83133e+03 1.33181e-08 +1.75685e-02
 1.24520e+01 5.05589e+03 1.30742e-08 +3.70180e-02
 1.55052e+01 5.22980e+03 1.28964e-08 +4.89626e-02
 1.93070e+01 5.37588e+03 1.27602e-08 +5.63889e-02
 2.40410e+01 5.50595e+03 1.26502e-08 +6.13784e-02
 2.99358e+01 5.62630e+03 1.25577e-08 +6.49511e-02
 3.72759e+01 5.74051e+03 1.24783e-08 +6.76317e-02
 4.64159e+01 5.85081e+03 1.24091e-08 +6.97133e-02
 5.77969e+01 5.95860e+03 1.23487e-08 +7.13717e-02
 7.19686e+01 6.06484e+03 1.22962e-08 +7.27179e-02
 8.96151e+01 6.17012e+03 1.22511e-08 +7.38265e-02
 1.11588e+02 6.27486e+03 1.22135e-08 +7.47487e-02
 1.38950e+02 6.37928e+03 1.21833e-08 +7.55220e-02
 1.73020e+02 6.48351e+03 1.21609e-08 +7.61734e-02
 2.15443e+02 6.58760e+03 1.21467e-08 +7.67239e-02
 2.68270e+02 6.69153e+03 1.21412e-08 +7.71899e-02
 3.34048e+02 6.79526e+03 1.21449e-08 +7.75846e-02
 4.15956e+02 6.89870e+03 1.21585e-08 +7.79183e-02
 5.17947e+02 7.00178e+03 1.21826e-08 +7.82003e-02
 6.44947e+02 7.10442e+03 1.22179e-08 +7.84379e-02
 8.03086e+02 7.20656e+03 1.22650e-08 +7.86380e-02
 1.00000e+03 7.30812e+03 1.23248e-08 +7.88058e-02
