#n1=128 n2=4 Teff=03200 R=1.1417e+10 L=9.7209e+30 logg=+5.50
#   tau          T          rho         Fconv
 0.00000e+00 1.79120e+03 8.34235e-21 +0.00000e+00
 1.00000e-09 1.79120e+03 1.47340e-11 +0.00000e+00
 1.24520e-09 1.79035e+03 1.84685e-11 +0.00000e+00
 1.55052e-09 1.78963e+03 2.31420e-11 +0.00000e+00
 1.93070e-09 1.78907e+03 2.89549e-11 +0.00000e+00
 2.40410e-09 1.78859e+03 3.62359e-11 +0.00000e+00
 2.99358e-09 1.78823e+03 4.52797e-11 +0.00000e+00
 3.72759e-09 1.78793e+03 5.66042e-11 +0.00000e+00
 4.64159e-09 1.78772e+03 7.06744e-11 +0.00000e+00
 5.77969e-09 1.78756e+03 8.82668e-11 +0.00000e+00
 7.19686e-09 1.78746e+03 1.10152e-10 +0.00000e+00
 8.96151e-09 1.78742e+03 1.37473e-10 +0.00000e+00
 1.11588e-08 1.78742e+03 1.71487e-10 +0.00000e+00
 1.38950e-08 1.78746e+03 2.13904e-10 +0.00000e+00
 1.73020e-08 1.78755e+03 2.66739e-10 +0.00000e+00
 2.15443e-08 1.78768e+03 3.32571e-10 +0.00000e+00
 2.68270e-08 1.78785e+03 4.14599e-10 +0.00000e+00
 3.34048e-08 1.78805e+03 5.16746e-10 +0.00000e+00
 4.15956e-08 1.78829e+03 6.44039e-10 +0.00000e+00
 5.17947e-08 1.78858e+03 8.02493e-10 +0.00000e+00
 6.44947e-08 1.78890e+03 9.99960e-10 +0.00000e+00
 8.03086e-08 1.78926e+03 1.24570e-09 +0.00000e+00
 1.00000e-07 1.78967e+03 1.55193e-09 +0.00000e+00
 1.24520e-07 1.79011e+03 1.93296e-09 +0.00000e+00
 1.55052e-07 1.79060e+03 2.40771e-09 +0.00000e+00
 1.93070e-07 1.79113e+03 2.99840e-09 +0.00000e+00
 2.40410e-07 1.79170e+03 3.73420e-09 +0.00000e+00
 2.99358e-07 1.79230e+03 4.64984e-09 +0.00000e+00
 3.72759e-07 1.79295e+03 5.79010e-09 +0.00000e+00
 4.64159e-07 1.79361e+03 7.20925e-09 +0.00000e+00
 5.77969e-07 1.79430e+03 8.97622e-09 +0.00000e+00
 7.19686e-07 1.79499e+03 1.11756e-08 +0.00000e+00
 8.96151e-07 1.79569e+03 1.39139e-08 +0.00000e+00
 1.11588e-06 1.79635e+03 1.73227e-08 +0.00000e+00
 1.38950e-06 1.79698e+03 2.15670e-08 +0.00000e+00
 1.73020e-06 1.79753e+03 2.68519e-08 +0.00000e+00
 2.15443e-06 1.79797e+03 3.34332e-08 +0.00000e+00
 2.68270e-06 1.79828e+03 4.16306e-08 +0.00000e+00
 3.34048e-06 1.79839e+03 5.18423e-08 +0.00000e+00
 4.15956e-06 1.79827e+03 6.45674e-08 +0.00000e+00
 5.17947e-06 1.79784e+03 8.04273e-08 +0.00000e+00
 6.44947e-06 1.79710e+03 1.00202e-07 +0.00000e+00
 8.03086e-06 1.79596e+03 1.24863e-07 +0.00000e+00
 1.00000e-05 1.79442e+03 1.55629e-07 +0.00000e+00
 1.24520e-05 1.79243e+03 1.94020e-07 +0.00000e+00
 1.55052e-05 1.79003e+03 2.41939e-07 +0.00000e+00
 1.93070e-05 1.78722e+03 3.01756e-07 +0.00000e+00
 2.40410e-05 1.78407e+03 3.76435e-07 +0.00000e+00
 2.99358e-05 1.78065e+03 4.69662e-07 +0.00000e+00
 3.72759e-05 1.77706e+03 5.86036e-07 +0.00000e+00
 4.64159e-05 1.77338e+03 7.31273e-07 +0.00000e+00
 5.77969e-05 1.76973e+03 9.12495e-07 +0.00000e+00
 7.19686e-05 1.76618e+03 1.13855e-06 +0.00000e+00
 8.96151e-05 1.76281e+03 1.42048e-06 +0.00000e+00
 1.11588e-04 1.75967e+03 1.77197e-06 +0.00000e+00
 1.38950e-04 1.75680e+03 2.21009e-06 +0.00000e+00
 1.73020e-04 1.75426e+03 2.75603e-06 +0.00000e+00
 2.15443e-04 1.75211e+03 3.43606e-06 +0.00000e+00
 2.68270e-04 1.75046e+03 4.28268e-06 +0.00000e+00
 3.34048e-04 1.74943e+03 5.33595e-06 +0.00000e+00
 4.15956e-04 1.74924e+03 6.64508e-06 +0.00000e+00
 5.17947e-04 1.75014e+03 8.27023e-06 +0.00000e+00
 6.44947e-04 1.75246e+03 1.02845e-05 +0.00000e+00
 8.03086e-04 1.75660e+03 1.27761e-05 +0.00000e+00
 1.00000e-03 1.76309e+03 1.58501e-05 +0.00000e+00
 1.24520e-03 1.77264e+03 1.96301e-05 -2.55031e-07
 1.55052e-03 1.78621e+03 2.42572e-05 -3.17564e-07
 1.93070e-03 1.80520e+03 2.98866e-05 -3.95431e-07
 2.40410e-03 1.83148e+03 3.66793e-05 -4.92389e-07
 2.99358e-03 1.86730e+03 4.47939e-05 -6.13121e-07
 3.72759e-03 1.91626e+03 5.43456e-05 -7.63456e-07
 4.64159e-03 1.97979e+03 6.54847e-05 -9.50652e-07
 5.77969e-03 2.06026e+03 7.83204e-05 -1.18375e-06
 7.19686e-03 2.15949e+03 9.29476e-05 -1.47400e-06
 8.96151e-03 2.27928e+03 1.09388e-04 +1.96973e-01
 1.11588e-02 2.39470e+03 1.28992e-04 +1.73443e-01
 1.38950e-02 2.50888e+03 1.51854e-04 +1.31031e-01
 1.73020e-02 2.61983e+03 1.78084e-04 +1.11172e-01
 2.15443e-02 2.72543e+03 2.07477e-04 +9.44734e-02
 2.68270e-02 2.82416e+03 2.39644e-04 +7.83614e-02
 3.34048e-02 2.91557e+03 2.74083e-04 +6.30709e-02
 4.15956e-02 2.99967e+03 3.10323e-04 +5.02755e-02
 5.17947e-02 3.07649e+03 3.47751e-04 +4.09683e-02
 6.44947e-02 3.14590e+03 3.85481e-04 +3.39941e-02
 8.03086e-02 3.20808e+03 4.22757e-04 +2.77672e-02
 1.00000e-01 3.26365e+03 4.59101e-04 +2.26559e-02
 1.24520e-01 3.31357e+03 4.94376e-04 +1.87862e-02
 1.55052e-01 3.35887e+03 5.28621e-04 +1.64939e-02
 1.93070e-01 3.40050e+03 5.61975e-04 +1.53178e-02
 2.40410e-01 3.43921e+03 5.94764e-04 +1.53873e-02
 2.99358e-01 3.47563e+03 6.27269e-04 +1.62284e-02
 3.72759e-01 3.51028e+03 6.59749e-04 +1.77745e-02
 4.64159e-01 3.54357e+03 6.92426e-04 +1.99371e-02
 5.77969e-01 3.57580e+03 7.25500e-04 +2.26688e-02
 7.19686e-01 3.60723e+03 7.59089e-04 +2.59833e-02
 8.96151e-01 3.63800e+03 7.93257e-04 +2.99207e-02
 1.11588e+00 3.66829e+03 8.28245e-04 +3.45473e-02
 1.38950e+00 3.69823e+03 8.64200e-04 +3.99990e-02
 1.73020e+00 3.72793e+03 9.01255e-04 +4.64778e-02
 2.15443e+00 3.75751e+03 9.39554e-04 +5.42887e-02
 2.68270e+00 3.78703e+03 9.79226e-04 +6.38747e-02
 3.34048e+00 3.81657e+03 1.02040e-03 +7.05514e-02
 4.15956e+00 3.84617e+03 1.06319e-03 +7.21618e-02
 5.17947e+00 3.87587e+03 1.10763e-03 +7.34849e-02
 6.44947e+00 3.90568e+03 1.15372e-03 +7.45729e-02
 8.03086e+00 3.93565e+03 1.20172e-03 +7.54650e-02
 1.00000e+01 3.96582e+03 1.25179e-03 +7.61981e-02
 1.24520e+01 3.99622e+03 1.30407e-03 +7.68015e-02
 1.55052e+01 4.02689e+03 1.35870e-03 +7.72991e-02
 1.93070e+01 4.05785e+03 1.41585e-03 +7.77103e-02
 2.40410e+01 4.08914e+03 1.47567e-03 +7.80503e-02
 2.99358e+01 4.12077e+03 1.53833e-03 +7.83317e-02
 3.72759e+01 4.15276e+03 1.60389e-03 +7.85654e-02
 4.64159e+01 4.18510e+03 1.67212e-03 +7.87601e-02
 5.77969e+01 4.21781e+03 1.74353e-03 +7.89210e-02
 7.19686e+01 4.25091e+03 1.81836e-03 +7.90546e-02
 8.96151e+01 4.28443e+03 1.89679e-03 +7.91653e-02
 1.11588e+02 4.31839e+03 1.97905e-03 +7.92571e-02
 1.38950e+02 4.35281e+03 2.06537e-03 +7.93336e-02
 1.73020e+02 4.38771e+03 2.15600e-03 +7.93972e-02
 2.15443e+02 4.42310e+03 2.25119e-03 +7.94501e-02
 2.68270e+02 4.45900e+03 2.35084e-03 +7.94946e-02
 3.34048e+02 4.49532e+03 2.45461e-03 +7.95318e-02
 4.15956e+02 4.53207e+03 2.56328e-03 +7.95628e-02
 5.17947e+02 4.56928e+03 2.67717e-03 +7.95884e-02
 6.44947e+02 4.60696e+03 2.79662e-03 +7.96096e-02
 8.03086e+02 4.64515e+03 2.92199e-03 +7.96275e-02
 1.00000e+03 4.68387e+03 3.05367e-03 +7.96422e-02
