#n1=128 n2=4 Teff=03000 R=1.8440e+12 L=1.9621e+35 logg=+1.50
#      tau          T          rho         Fconv
  0.00000e+00  1.49950e+03  1.02213e-20 +0.00000e+00
  1.00000e-09  1.49950e+03  1.47297e-15 +0.00000e+00
  1.24520e-09  1.50454e+03  1.83102e-15 +0.00000e+00
  1.55052e-09  1.50922e+03  2.27855e-15 +0.00000e+00
  1.93070e-09  1.51335e+03  2.84520e-15 +0.00000e+00
  2.40410e-09  1.51827e+03  3.54330e-15 +0.00000e+00
  2.99358e-09  1.52226e+03  4.42942e-15 +0.00000e+00
  3.72759e-09  1.52711e+03  5.52476e-15 +0.00000e+00
  4.64159e-09  1.53215e+03  6.88573e-15 +0.00000e+00
  5.77969e-09  1.53740e+03  8.58742e-15 +0.00000e+00
  7.19686e-09  1.54285e+03  1.06950e-14 +0.00000e+00
  8.96151e-09  1.54863e+03  1.33334e-14 +0.00000e+00
  1.11588e-08  1.55422e+03  1.66019e-14 +0.00000e+00
  1.38950e-08  1.56081e+03  2.06599e-14 +0.00000e+00
  1.73020e-08  1.56789e+03  2.56352e-14 +0.00000e+00
  2.15443e-08  1.57552e+03  3.18314e-14 +0.00000e+00
  2.68270e-08  1.58377e+03  3.94229e-14 +0.00000e+00
  3.34048e-08  1.59266e+03  4.88308e-14 +0.00000e+00
  4.15956e-08  1.60225e+03  6.03460e-14 +0.00000e+00
  5.17947e-08  1.61257e+03  7.45489e-14 +0.00000e+00
  6.44947e-08  1.62366e+03  9.19370e-14 +0.00000e+00
  8.03086e-08  1.63555e+03  1.13266e-13 +0.00000e+00
  1.00000e-07  1.64829e+03  1.39363e-13 +0.00000e+00
  1.24520e-07  1.66187e+03  1.71228e-13 +0.00000e+00
  1.55052e-07  1.67632e+03  2.10238e-13 +0.00000e+00
  1.93070e-07  1.69159e+03  2.57692e-13 +0.00000e+00
  2.40410e-07  1.70729e+03  3.16163e-13 +0.00000e+00
  2.99358e-07  1.72417e+03  3.86747e-13 +0.00000e+00
  3.72759e-07  1.74183e+03  4.73374e-13 +0.00000e+00
  4.64159e-07  1.76000e+03  5.78632e-13 +0.00000e+00
  5.77969e-07  1.77876e+03  7.08301e-13 +0.00000e+00
  7.19686e-07  1.79772e+03  8.66155e-13 +0.00000e+00
  8.96151e-07  1.81707e+03  1.06137e-12 +0.00000e+00
  1.11588e-06  1.83612e+03  1.30044e-12 +0.00000e+00
  1.38950e-06  1.85569e+03  1.59566e-12 +0.00000e+00
  1.73020e-06  1.87482e+03  1.95776e-12 +0.00000e+00
  2.15443e-06  1.89384e+03  2.40789e-12 +0.00000e+00
  2.68270e-06  1.91260e+03  2.95974e-12 +0.00000e+00
  3.34048e-06  1.93127e+03  3.64460e-12 +0.00000e+00
  4.15956e-06  1.94962e+03  4.48518e-12 +0.00000e+00
  5.17947e-06  1.96786e+03  5.52678e-12 +0.00000e+00
  6.44947e-06  1.98601e+03  6.80280e-12 +0.00000e+00
  8.03086e-06  2.00410e+03  8.38014e-12 +0.00000e+00
  1.00000e-05  2.02235e+03  1.03074e-11 +0.00000e+00
  1.24520e-05  2.04061e+03  1.26814e-11 +0.00000e+00
  1.55052e-05  2.05921e+03  1.55752e-11 +0.00000e+00
  1.93070e-05  2.07789e+03  1.91224e-11 +0.00000e+00
  2.40410e-05  2.09699e+03  2.34359e-11 +0.00000e+00
  2.99358e-05  2.11621e+03  2.86918e-11 +0.00000e+00
  3.72759e-05  2.13591e+03  3.50644e-11 +0.00000e+00
  4.64159e-05  2.15582e+03  4.27665e-11 +0.00000e+00
  5.77969e-05  2.17613e+03  5.20818e-11 +0.00000e+00
  7.19686e-05  2.19670e+03  6.32280e-11 +0.00000e+00
  8.96151e-05  2.21761e+03  7.66362e-11 +0.00000e+00
  1.11588e-04  2.23887e+03  9.25368e-11 +0.00000e+00
  1.38950e-04  2.26037e+03  1.11491e-10 +0.00000e+00
  1.73020e-04  2.28234e+03  1.33794e-10 +0.00000e+00
  2.15443e-04  2.30454e+03  1.60039e-10 +0.00000e+00
  2.68270e-04  2.32713e+03  1.90752e-10 +0.00000e+00
  3.34048e-04  2.35017e+03  2.26287e-10 +0.00000e+00
  4.15956e-04  2.37357e+03  2.67521e-10 +0.00000e+00
  5.17947e-04  2.39744e+03  3.14765e-10 +0.00000e+00
  6.44947e-04  2.42187e+03  3.68785e-10 +0.00000e+00
  8.03086e-04  2.44681e+03  4.30332e-10 +0.00000e+00
  1.00000e-03  2.47229e+03  4.99703e-10 +0.00000e+00
  1.24520e-03  2.49792e+03  5.78299e-10 -2.54613e-07
  1.55052e-03  2.51739e+03  6.71393e-10 -3.17045e-07
  1.93070e-03  2.53699e+03  7.76793e-10 -3.94783e-07
  2.40410e-03  2.55698e+03  8.96271e-10 -4.91582e-07
  2.99358e-03  2.57733e+03  1.03115e-09 -6.12117e-07
  3.72759e-03  2.59817e+03  1.18230e-09 -7.62206e-07
  4.64159e-03  2.61934e+03  1.35249e-09 -9.49097e-07
  5.77969e-03  2.64080e+03  1.54358e-09 -1.18181e-06
  7.19686e-03  2.66268e+03  1.75680e-09 -1.47159e-06
  8.96151e-03  2.68511e+03  1.99527e-09 -1.83242e-06
  1.11588e-02  2.70790e+03  2.26189e-09 -2.28173e-06
  1.38950e-02  2.73110e+03  2.55888e-09 -2.84120e-06
  1.73020e-02  2.75483e+03  2.88964e-09 -3.53784e-06
  2.15443e-02  2.77921e+03  3.25796e-09 -4.40531e-06
  2.68270e-02  2.80407e+03  3.66792e-09 -5.48548e-06
  3.34048e-02  2.82950e+03  4.12261e-09 -6.83051e-06
  4.15956e-02  2.85562e+03  4.62825e-09 -8.50534e-06
  5.17947e-02  2.88257e+03  5.18929e-09 -1.05908e-05
  6.44947e-02  2.91029e+03  5.81080e-09 -1.31877e-05
  8.03086e-02  2.93884e+03  6.49913e-09 -1.64212e-05
  1.00000e-01  2.96825e+03  7.26196e-09 -2.04477e-05
  1.24520e-01  2.99873e+03  8.10539e-09 -2.54613e-05
  1.55052e-01  3.03060e+03  9.03439e-09 -3.17045e-05
  1.93070e-01  3.06422e+03  1.00558e-08 -3.94783e-05
  2.40410e-01  3.10030e+03  1.11731e-08 -4.91582e-05
  2.99358e-01  3.14148e+03  1.23745e-08 -6.12117e-05
  3.72759e-01  3.18770e+03  1.36595e-08 -7.62206e-05
  4.64159e-01  3.23597e+03  1.50496e-08 -9.49097e-05
  5.77969e-01  3.28604e+03  1.65504e-08 -1.18181e-04
  7.19686e-01  3.33870e+03  1.81585e-08 -1.47159e-04
  8.96151e-01  3.39502e+03  1.98627e-08 -1.83242e-04
  1.11588e+00  3.45593e+03  2.16467e-08 -2.28173e-04
  1.38950e+00  3.52152e+03  2.34963e-08 -2.84109e-04
  1.73020e+00  3.58824e+03  2.54406e-08 -3.51841e-04
  2.15443e+00  3.70810e+03  2.69529e-08 -4.21617e-04
  2.68270e+00  3.84737e+03  2.82043e-08 -4.85615e-04
  3.34048e+00  4.00051e+03  2.92406e-08 -4.17015e-04
  4.15956e+00  4.16851e+03  3.01003e-08 -1.14184e-04
  5.17947e+00  4.35400e+03  3.08401e-08 +3.00904e-04
  6.44947e+00  4.55955e+03  3.15449e-08 +4.61426e-04
  8.03086e+00  4.78741e+03  3.23267e-08 +1.49466e-04
  1.00000e+01  5.04076e+03  3.33091e-08 -2.61867e-04
  1.24520e+01  5.32269e+03  3.45322e-08 -3.78384e-04
  1.55052e+01  5.63330e+03  3.56972e-08 +4.19602e-04
  1.93070e+01  5.96492e+03  3.62924e-08 +7.28298e-03
  2.40410e+01  6.22399e+03  3.68416e-08 +2.10450e-02
  2.99358e+01  6.44852e+03  3.72806e-08 +3.48215e-02
  3.72759e+01  6.64195e+03  3.77135e-08 +4.53264e-02
  4.64159e+01  6.81342e+03  3.81675e-08 +5.28157e-02
  5.77969e+01  6.97000e+03  3.86497e-08 +5.83279e-02
  7.19686e+01  7.11579e+03  3.91672e-08 +6.25466e-02
  8.96151e+01  7.25355e+03  3.97256e-08 +6.57948e-02
  1.11588e+02  7.38515e+03  4.03302e-08 +6.83887e-02
  1.38950e+02  7.51134e+03  4.09897e-08 +7.05070e-02
  1.73020e+02  7.63251e+03  4.17145e-08 +7.22338e-02
  2.15443e+02  7.74919e+03  4.25140e-08 +7.36221e-02
  2.68270e+02  7.86214e+03  4.33954e-08 +7.47277e-02
  3.34048e+02  7.97226e+03  4.43644e-08 +7.56041e-02
  4.15956e+02  8.08041e+03  4.54260e-08 +7.63068e-02
  5.17947e+02  8.18717e+03  4.65861e-08 +7.68763e-02
  6.44947e+02  8.29298e+03  4.78512e-08 +7.73404e-02
  8.03086e+02  8.39823e+03  4.92280e-08 +7.77202e-02
  1.00000e+03  8.50326e+03  5.07234e-08 +7.80305e-02
