#n1=128 n2=4 Teff=03500 R=4.6717e+11 L=2.3335e+34 logg=+2.50
#   tau          T          rho         Fconv
 0.00000e+00 1.90362e+03 7.94999e-21 +0.00000e+00
 1.00000e-09 1.90362e+03 1.04982e-14 +0.00000e+00
 1.24520e-09 1.91189e+03 1.30239e-14 +0.00000e+00
 1.55052e-09 1.92018e+03 1.61572e-14 +0.00000e+00
 1.93070e-09 1.92901e+03 2.00383e-14 +0.00000e+00
 2.40410e-09 1.93760e+03 2.48553e-14 +0.00000e+00
 2.99358e-09 1.94681e+03 3.08203e-14 +0.00000e+00
 3.72759e-09 1.95567e+03 3.82250e-14 +0.00000e+00
 4.64159e-09 1.96512e+03 4.73940e-14 +0.00000e+00
 5.77969e-09 1.97435e+03 5.87711e-14 +0.00000e+00
 7.19686e-09 1.98407e+03 7.28612e-14 +0.00000e+00
 8.96151e-09 1.99371e+03 9.03355e-14 +0.00000e+00
 1.11588e-08 2.00376e+03 1.11979e-13 +0.00000e+00
 1.38950e-08 2.01387e+03 1.38805e-13 +0.00000e+00
 1.73020e-08 2.02434e+03 1.72029e-13 +0.00000e+00
 2.15443e-08 2.03503e+03 2.13182e-13 +0.00000e+00
 2.68270e-08 2.04607e+03 2.64137e-13 +0.00000e+00
 3.34048e-08 2.05750e+03 3.27200e-13 +0.00000e+00
 4.15956e-08 2.06933e+03 4.05241e-13 +0.00000e+00
 5.17947e-08 2.08170e+03 5.01736e-13 +0.00000e+00
 6.44947e-08 2.09451e+03 6.21069e-13 +0.00000e+00
 8.03086e-08 2.10807e+03 7.68436e-13 +0.00000e+00
 1.00000e-07 2.12208e+03 9.50536e-13 +0.00000e+00
 1.24520e-07 2.13625e+03 1.17562e-12 +0.00000e+00
 1.55052e-07 2.15179e+03 1.45284e-12 +0.00000e+00
 1.93070e-07 2.16837e+03 1.79426e-12 +0.00000e+00
 2.40410e-07 2.18572e+03 2.21481e-12 +0.00000e+00
 2.99358e-07 2.20302e+03 2.73374e-12 +0.00000e+00
 3.72759e-07 2.22212e+03 3.37039e-12 +0.00000e+00
 4.64159e-07 2.24205e+03 4.15276e-12 +0.00000e+00
 5.77969e-07 2.26260e+03 5.11387e-12 +0.00000e+00
 7.19686e-07 2.28340e+03 6.29501e-12 +0.00000e+00
 8.96151e-07 2.30415e+03 7.74617e-12 +0.00000e+00
 1.11588e-06 2.32452e+03 9.52980e-12 +0.00000e+00
 1.38950e-06 2.34418e+03 1.17215e-11 +0.00000e+00
 1.73020e-06 2.36306e+03 1.44137e-11 +0.00000e+00
 2.15443e-06 2.38093e+03 1.77182e-11 +0.00000e+00
 2.68270e-06 2.39794e+03 2.17697e-11 +0.00000e+00
 3.34048e-06 2.41396e+03 2.67299e-11 +0.00000e+00
 4.15956e-06 2.42912e+03 3.27933e-11 +0.00000e+00
 5.17947e-06 2.44347e+03 4.01889e-11 +0.00000e+00
 6.44947e-06 2.45702e+03 4.91911e-11 +0.00000e+00
 8.03086e-06 2.46981e+03 6.01240e-11 +0.00000e+00
 1.00000e-05 2.48192e+03 7.33609e-11 +0.00000e+00
 1.24520e-05 2.49352e+03 8.93437e-11 +0.00000e+00
 1.55052e-05 2.50448e+03 1.08580e-10 +0.00000e+00
 1.93070e-05 2.51494e+03 1.31670e-10 +0.00000e+00
 2.40410e-05 2.52500e+03 1.59275e-10 +0.00000e+00
 2.99358e-05 2.53472e+03 1.92174e-10 +0.00000e+00
 3.72759e-05 2.54423e+03 2.31251e-10 +0.00000e+00
 4.64159e-05 2.55359e+03 2.77463e-10 +0.00000e+00
 5.77969e-05 2.56298e+03 3.31970e-10 +0.00000e+00
 7.19686e-05 2.57233e+03 3.96029e-10 +0.00000e+00
 8.96151e-05 2.58168e+03 4.71056e-10 +0.00000e+00
 1.11588e-04 2.59128e+03 5.58693e-10 +0.00000e+00
 1.38950e-04 2.60123e+03 6.60544e-10 +0.00000e+00
 1.73020e-04 2.61155e+03 7.78668e-10 +0.00000e+00
 2.15443e-04 2.62234e+03 9.15289e-10 +0.00000e+00
 2.68270e-04 2.63371e+03 1.07241e-09 +0.00000e+00
 3.34048e-04 2.64559e+03 1.25302e-09 +0.00000e+00
 4.15956e-04 2.65810e+03 1.46002e-09 +0.00000e+00
 5.17947e-04 2.67149e+03 1.69555e-09 +0.00000e+00
 6.44947e-04 2.68567e+03 1.96361e-09 +0.00000e+00
 8.03086e-04 2.70056e+03 2.26815e-09 +0.00000e+00
 1.00000e-03 2.71631e+03 2.61186e-09 +0.00000e+00
 1.24520e-03 2.73312e+03 2.99906e-09 -2.54572e-07
 1.55052e-03 2.75075e+03 3.43530e-09 -3.16993e-07
 1.93070e-03 2.76922e+03 3.92442e-09 -3.94718e-07
 2.40410e-03 2.78875e+03 4.47085e-09 -4.91501e-07
 2.99358e-03 2.80915e+03 5.08247e-09 -6.12016e-07
 3.72759e-03 2.83029e+03 5.76591e-09 -7.62081e-07
 4.64159e-03 2.85218e+03 6.52536e-09 -9.48941e-07
 5.77969e-03 2.87488e+03 7.37231e-09 -1.18162e-06
 7.19686e-03 2.89822e+03 8.31614e-09 -1.47135e-06
 8.96151e-03 2.92215e+03 9.36481e-09 -1.83212e-06
 1.11588e-02 2.94646e+03 1.05320e-08 -2.28135e-06
 1.38950e-02 2.97112e+03 1.18333e-08 -2.84073e-06
 1.73020e-02 2.99597e+03 1.32845e-08 -3.53727e-06
 2.15443e-02 3.02147e+03 1.48927e-08 -4.40460e-06
 2.68270e-02 3.04754e+03 1.66805e-08 -5.48459e-06
 3.34048e-02 3.07580e+03 1.86456e-08 -6.82939e-06
 4.15956e-02 3.10575e+03 2.08050e-08 -8.50394e-06
 5.17947e-02 3.13627e+03 2.31844e-08 -1.05891e-05
 6.44947e-02 3.16360e+03 2.58746e-08 -1.31854e-05
 8.03086e-02 3.18403e+03 2.89992e-08 -1.64185e-05
 1.00000e-01 3.20667e+03 3.24657e-08 -2.04443e-05
 1.24520e-01 3.23313e+03 3.62574e-08 -2.54572e-05
 1.55052e-01 3.26993e+03 4.02277e-08 -3.16993e-05
 1.93070e-01 3.31312e+03 4.44174e-08 -3.94718e-05
 2.40410e-01 3.35927e+03 4.88949e-08 -4.48378e-05
 2.99358e-01 3.41827e+03 5.33678e-08 -6.11155e-05
 3.72759e-01 3.46631e+03 5.84527e-08 -7.62080e-05
 4.64159e-01 3.52068e+03 6.37708e-08 -9.02248e-05
 5.77969e-01 3.61099e+03 6.83458e-08 -8.89514e-05
 7.19686e-01 3.69529e+03 7.31608e-08 -1.33722e-04
 8.96151e-01 3.78551e+03 7.79331e-08 -1.60816e-04
 1.11588e+00 3.88662e+03 8.25040e-08 -1.52391e-04
 1.38950e+00 4.00163e+03 8.67652e-08 -4.88159e-05
 1.73020e+00 4.13357e+03 9.06398e-08 +1.53863e-04
 2.15443e+00 4.28506e+03 9.41256e-08 +4.05826e-04
 2.68270e+00 4.45847e+03 9.73220e-08 +5.65035e-04
 3.34048e+00 4.65621e+03 1.00420e-07 +5.29870e-04
 4.15956e+00 4.87877e+03 1.03734e-07 +2.37526e-04
 5.17947e+00 5.12435e+03 1.07583e-07 -3.48097e-05
 6.44947e+00 5.41780e+03 1.11234e-07 +2.97172e-04
 8.03086e+00 5.74619e+03 1.13507e-07 +5.19913e-03
 1.00000e+01 5.98180e+03 1.16314e-07 +1.67107e-02
 1.24520e+01 6.19567e+03 1.18541e-07 +2.94729e-02
 1.55052e+01 6.38675e+03 1.20514e-07 +3.99890e-02
 1.93070e+01 6.56008e+03 1.22388e-07 +4.79942e-02
 2.40410e+01 6.72039e+03 1.24247e-07 +5.41498e-02
 2.99358e+01 6.87094e+03 1.26147e-07 +5.89325e-02
 3.72759e+01 7.01422e+03 1.28123e-07 +6.26969e-02
 4.64159e+01 7.15196e+03 1.30205e-07 +6.57019e-02
 5.77969e+01 7.28543e+03 1.32418e-07 +6.81251e-02
 7.19686e+01 7.41555e+03 1.34784e-07 +7.00976e-02
 8.96151e+01 7.54300e+03 1.37326e-07 +7.17130e-02
 1.11588e+02 7.66825e+03 1.40064e-07 +7.30475e-02
 1.38950e+02 7.79166e+03 1.43022e-07 +7.41484e-02
 1.73020e+02 7.91364e+03 1.46220e-07 +7.50536e-02
 2.15443e+02 8.03464e+03 1.49676e-07 +7.57986e-02
 2.68270e+02 8.15501e+03 1.53408e-07 +7.64173e-02
 3.34048e+02 8.27495e+03 1.57437e-07 +7.69330e-02
 4.15956e+02 8.39459e+03 1.61783e-07 +7.73640e-02
 5.17947e+02 8.51410e+03 1.66471e-07 +7.77220e-02
 6.44947e+02 8.63376e+03 1.71519e-07 +7.80200e-02
 8.03086e+02 8.75362e+03 1.76951e-07 +7.82721e-02
 1.00000e+03 8.87339e+03 1.82807e-07 +7.84876e-02
