#n1=128 n2=4 Teff=03900 R=2.9146e+11 L=1.4002e+34 logg=+3.00
#      tau          T          rho         Fconv
  0.00000e+00  2.11757e+03  7.23550e-21 +0.00000e+00
  1.00000e-09  2.11757e+03  3.07637e-14 +0.00000e+00
  1.24520e-09  2.12503e+03  3.81984e-14 +0.00000e+00
  1.55052e-09  2.13439e+03  4.73841e-14 +0.00000e+00
  1.93070e-09  2.14463e+03  5.87505e-14 +0.00000e+00
  2.40410e-09  2.15571e+03  7.28110e-14 +0.00000e+00
  2.99358e-09  2.16703e+03  9.02226e-14 +0.00000e+00
  3.72759e-09  2.17799e+03  1.11812e-13 +0.00000e+00
  4.64159e-09  2.19020e+03  1.38483e-13 +0.00000e+00
  5.77969e-09  2.20317e+03  1.71449e-13 +0.00000e+00
  7.19686e-09  2.21606e+03  2.12262e-13 +0.00000e+00
  8.96151e-09  2.22623e+03  2.63109e-13 +0.00000e+00
  1.11588e-08  2.24024e+03  3.25549e-13 +0.00000e+00
  1.38950e-08  2.25541e+03  4.02573e-13 +0.00000e+00
  1.73020e-08  2.27119e+03  4.97646e-13 +0.00000e+00
  2.15443e-08  2.28775e+03  6.14904e-13 +0.00000e+00
  2.68270e-08  2.30493e+03  7.59503e-13 +0.00000e+00
  3.34048e-08  2.32275e+03  9.37734e-13 +0.00000e+00
  4.15956e-08  2.34113e+03  1.15732e-12 +0.00000e+00
  5.17947e-08  2.35993e+03  1.42782e-12 +0.00000e+00
  6.44947e-08  2.37923e+03  1.76076e-12 +0.00000e+00
  8.03086e-08  2.39868e+03  2.17061e-12 +0.00000e+00
  1.00000e-07  2.41859e+03  2.67446e-12 +0.00000e+00
  1.24520e-07  2.43841e+03  3.29410e-12 +0.00000e+00
  1.55052e-07  2.45856e+03  4.05477e-12 +0.00000e+00
  1.93070e-07  2.47852e+03  4.98864e-12 +0.00000e+00
  2.40410e-07  2.49860e+03  6.13309e-12 +0.00000e+00
  2.99358e-07  2.51842e+03  7.53475e-12 +0.00000e+00
  3.72759e-07  2.53806e+03  9.24856e-12 +0.00000e+00
  4.64159e-07  2.55748e+03  1.13405e-11 +0.00000e+00
  5.77969e-07  2.57643e+03  1.38902e-11 +0.00000e+00
  7.19686e-07  2.59511e+03  1.69896e-11 +0.00000e+00
  8.96151e-07  2.61331e+03  2.07493e-11 +0.00000e+00
  1.11588e-06  2.63110e+03  2.52964e-11 +0.00000e+00
  1.38950e-06  2.64852e+03  3.07784e-11 +0.00000e+00
  1.73020e-06  2.66550e+03  3.73662e-11 +0.00000e+00
  2.15443e-06  2.68216e+03  4.52525e-11 +0.00000e+00
  2.68270e-06  2.69849e+03  5.46570e-11 +0.00000e+00
  3.34048e-06  2.71452e+03  6.58275e-11 +0.00000e+00
  4.15956e-06  2.73036e+03  7.90373e-11 +0.00000e+00
  5.17947e-06  2.74594e+03  9.45980e-11 +0.00000e+00
  6.44947e-06  2.76126e+03  1.12852e-10 +0.00000e+00
  8.03086e-06  2.77643e+03  1.34178e-10 +0.00000e+00
  1.00000e-05  2.79139e+03  1.59000e-10 +0.00000e+00
  1.24520e-05  2.80616e+03  1.87784e-10 +0.00000e+00
  1.55052e-05  2.82075e+03  2.21053e-10 +0.00000e+00
  1.93070e-05  2.83508e+03  2.59395e-10 +0.00000e+00
  2.40410e-05  2.84916e+03  3.03459e-10 +0.00000e+00
  2.99358e-05  2.86303e+03  3.53977e-10 +0.00000e+00
  3.72759e-05  2.87667e+03  4.11762e-10 +0.00000e+00
  4.64159e-05  2.88996e+03  4.77760e-10 +0.00000e+00
  5.77969e-05  2.90280e+03  5.53059e-10 +0.00000e+00
  7.19686e-05  2.91535e+03  6.38813e-10 +0.00000e+00
  8.96151e-05  2.92758e+03  7.36372e-10 +0.00000e+00
  1.11588e-04  2.93938e+03  8.47320e-10 +0.00000e+00
  1.38950e-04  2.95081e+03  9.73382e-10 +0.00000e+00
  1.73020e-04  2.96193e+03  1.11650e-09 +0.00000e+00
  2.15443e-04  2.97263e+03  1.27902e-09 +0.00000e+00
  2.68270e-04  2.98278e+03  1.46360e-09 +0.00000e+00
  3.34048e-04  2.99266e+03  1.67301e-09 +0.00000e+00
  4.15956e-04  3.00236e+03  1.91054e-09 +0.00000e+00
  5.17947e-04  3.01186e+03  2.17994e-09 +0.00000e+00
  6.44947e-04  3.02134e+03  2.48522e-09 +0.00000e+00
  8.03086e-04  3.03088e+03  2.83101e-09 +0.00000e+00
  1.00000e-03  3.04063e+03  3.22245e-09 +0.00000e+00
  1.24520e-03  3.05060e+03  3.66525e-09 -2.54580e-07
  1.55052e-03  3.06102e+03  4.16563e-09 -3.17001e-07
  1.93070e-03  3.07197e+03  4.73062e-09 -3.94730e-07
  2.40410e-03  3.08360e+03  5.36773e-09 -4.91516e-07
  2.99358e-03  3.09604e+03  6.08516e-09 -6.12034e-07
  3.72759e-03  3.10937e+03  6.89212e-09 -7.62104e-07
  4.64159e-03  3.12382e+03  7.79810e-09 -9.48965e-07
  5.77969e-03  3.13961e+03  8.81248e-09 -1.18166e-06
  7.19686e-03  3.15676e+03  9.94672e-09 -1.47140e-06
  8.96151e-03  3.17542e+03  1.12123e-08 -1.83217e-06
  1.11588e-02  3.19577e+03  1.26207e-08 -2.28141e-06
  1.38950e-02  3.21784e+03  1.41839e-08 -2.84081e-06
  1.73020e-02  3.24174e+03  1.59153e-08 -3.53737e-06
  2.15443e-02  3.26770e+03  1.78272e-08 -4.40472e-06
  2.68270e-02  3.29607e+03  1.99292e-08 -5.48475e-06
  3.34048e-02  3.32742e+03  2.22265e-08 -6.82960e-06
  4.15956e-02  3.36209e+03  2.47245e-08 -8.50419e-06
  5.17947e-02  3.39991e+03  2.74303e-08 -1.05894e-05
  6.44947e-02  3.43731e+03  3.03978e-08 -1.31859e-05
  8.03086e-02  3.47576e+03  3.36318e-08 -1.64190e-05
  1.00000e-01  3.51478e+03  3.71604e-08 -2.04449e-05
  1.24520e-01  3.55501e+03  4.09985e-08 -2.54580e-05
  1.55052e-01  3.59728e+03  4.51518e-08 -3.17001e-05
  1.93070e-01  3.64315e+03  4.96020e-08 -3.94730e-05
  2.40410e-01  3.69534e+03  5.42919e-08 -4.91516e-05
  2.99358e-01  3.76055e+03  5.90352e-08 -6.12034e-05
  3.72759e-01  3.83381e+03  6.38485e-08 -7.62104e-05
  4.64159e-01  3.91912e+03  6.85866e-08 -9.48965e-05
  5.77969e-01  4.01326e+03  7.32618e-08 -1.18166e-04
  7.19686e-01  4.11717e+03  7.78374e-08 -1.47140e-04
  8.96151e-01  4.23191e+03  8.22976e-08 -1.83211e-04
  1.11588e+00  4.36164e+03  8.65844e-08 -2.27914e-04
  1.38950e+00  4.50996e+03  9.06896e-08 -2.82595e-04
  1.73020e+00  4.67955e+03  9.46972e-08 -3.49084e-04
  2.15443e+00  4.87248e+03  9.87762e-08 -4.35117e-04
  2.68270e+00  5.09118e+03  1.03157e-07 -5.46827e-04
  3.34048e+00  5.33777e+03  1.08053e-07 -6.13262e-04
  4.15956e+00  5.61206e+03  1.13331e-07 -6.12835e-04
  5.17947e+00  5.91496e+03  1.17906e-07 -5.19789e-04
  6.44947e+00  6.26952e+03  1.19710e-07 +2.68942e-03
  8.03086e+00  6.50671e+03  1.22355e-07 +1.24554e-02
  1.00000e+01  6.72928e+03  1.24423e-07 +2.50858e-02
  1.24520e+01  6.93094e+03  1.26303e-07 +3.63624e-02
  1.55052e+01  7.11397e+03  1.28177e-07 +4.53124e-02
  1.93070e+01  7.28233e+03  1.30127e-07 +5.22125e-02
  2.40410e+01  7.43951e+03  1.32197e-07 +5.75551e-02
  2.99358e+01  7.58810e+03  1.34420e-07 +6.17379e-02
  3.72759e+01  7.73001e+03  1.36820e-07 +6.50476e-02
  4.64159e+01  7.86673e+03  1.39420e-07 +6.76756e-02
  5.77969e+01  7.99959e+03  1.42236e-07 +6.97705e-02
  7.19686e+01  8.12965e+03  1.45283e-07 +7.14620e-02
  8.96151e+01  8.25762e+03  1.48576e-07 +7.28429e-02
  1.11588e+02  8.38401e+03  1.52136e-07 +7.39785e-02
  1.38950e+02  8.50921e+03  1.55982e-07 +7.49102e-02
  1.73020e+02  8.63379e+03  1.60127e-07 +7.56760e-02
  2.15443e+02  8.75792e+03  1.64592e-07 +7.63201e-02
  2.68270e+02  8.88136e+03  1.69411e-07 +7.68690e-02
  3.34048e+02  9.00364e+03  1.74630e-07 +7.73371e-02
  4.15956e+02  9.12439e+03  1.80302e-07 +7.77290e-02
  5.17947e+02  9.24352e+03  1.86482e-07 +7.80545e-02
  6.44947e+02  9.36112e+03  1.93228e-07 +7.83221e-02
  8.03086e+02  9.47748e+03  2.00594e-07 +7.85402e-02
  1.00000e+03  9.59295e+03  2.08640e-07 +7.87193e-02
