#n1=128 n2=4 Teff=03600 R=4.0458e+10 L=1.9589e+32 logg=+4.50
#   tau          T          rho         Fconv
 0.00000e+00 2.22111e+03 6.74445e-21 +0.00000e+00
 1.00000e-09 2.22111e+03 9.15488e-13 +0.00000e+00
 1.24520e-09 2.22871e+03 1.13625e-12 +0.00000e+00
 1.55052e-09 2.23667e+03 1.41004e-12 +0.00000e+00
 1.93070e-09 2.24528e+03 1.74925e-12 +0.00000e+00
 2.40410e-09 2.25420e+03 2.16978e-12 +0.00000e+00
 2.99358e-09 2.26372e+03 2.69061e-12 +0.00000e+00
 3.72759e-09 2.27345e+03 3.33615e-12 +0.00000e+00
 4.64159e-09 2.28366e+03 4.13553e-12 +0.00000e+00
 5.77969e-09 2.29388e+03 5.12633e-12 +0.00000e+00
 7.19686e-09 2.30445e+03 6.35329e-12 +0.00000e+00
 8.96151e-09 2.31496e+03 7.87379e-12 +0.00000e+00
 1.11588e-08 2.32564e+03 9.75690e-12 +0.00000e+00
 1.38950e-08 2.33619e+03 1.20900e-11 +0.00000e+00
 1.73020e-08 2.34685e+03 1.49792e-11 +0.00000e+00
 2.15443e-08 2.35747e+03 1.85561e-11 +0.00000e+00
 2.68270e-08 2.36821e+03 2.29830e-11 +0.00000e+00
 3.34048e-08 2.37900e+03 2.84582e-11 +0.00000e+00
 4.15956e-08 2.38985e+03 3.52298e-11 +0.00000e+00
 5.17947e-08 2.40086e+03 4.35930e-11 +0.00000e+00
 6.44947e-08 2.41188e+03 5.39248e-11 +0.00000e+00
 8.03086e-08 2.42316e+03 6.66618e-11 +0.00000e+00
 1.00000e-07 2.43431e+03 8.23741e-11 +0.00000e+00
 1.24520e-07 2.44584e+03 1.01702e-10 +0.00000e+00
 1.55052e-07 2.45718e+03 1.25484e-10 +0.00000e+00
 1.93070e-07 2.46902e+03 1.54657e-10 +0.00000e+00
 2.40410e-07 2.48085e+03 1.90400e-10 +0.00000e+00
 2.99358e-07 2.49315e+03 2.34097e-10 +0.00000e+00
 3.72759e-07 2.50571e+03 2.87337e-10 +0.00000e+00
 4.64159e-07 2.51944e+03 3.51922e-10 +0.00000e+00
 5.77969e-07 2.53273e+03 4.30399e-10 +0.00000e+00
 7.19686e-07 2.54622e+03 5.25375e-10 +0.00000e+00
 8.96151e-07 2.56029e+03 6.39743e-10 +0.00000e+00
 1.11588e-06 2.57447e+03 7.77064e-10 +0.00000e+00
 1.38950e-06 2.58910e+03 9.41544e-10 +0.00000e+00
 1.73020e-06 2.60387e+03 1.13736e-09 +0.00000e+00
 2.15443e-06 2.61870e+03 1.37060e-09 +0.00000e+00
 2.68270e-06 2.63360e+03 1.64677e-09 +0.00000e+00
 3.34048e-06 2.64816e+03 1.97329e-09 +0.00000e+00
 4.15956e-06 2.66258e+03 2.35889e-09 +0.00000e+00
 5.17947e-06 2.67648e+03 2.81155e-09 +0.00000e+00
 6.44947e-06 2.68985e+03 3.34437e-09 +0.00000e+00
 8.03086e-06 2.70273e+03 3.96994e-09 +0.00000e+00
 1.00000e-05 2.71477e+03 4.70084e-09 +0.00000e+00
 1.24520e-05 2.72623e+03 5.55937e-09 +0.00000e+00
 1.55052e-05 2.73699e+03 6.56387e-09 +0.00000e+00
 1.93070e-05 2.74700e+03 7.73667e-09 +0.00000e+00
 2.40410e-05 2.75642e+03 9.11402e-09 +0.00000e+00
 2.99358e-05 2.76520e+03 1.07234e-08 +0.00000e+00
 3.72759e-05 2.77342e+03 1.26035e-08 +0.00000e+00
 4.64159e-05 2.78119e+03 1.48138e-08 +0.00000e+00
 5.77969e-05 2.78860e+03 1.73954e-08 +0.00000e+00
 7.19686e-05 2.79572e+03 2.04089e-08 +0.00000e+00
 8.96151e-05 2.80261e+03 2.39557e-08 +0.00000e+00
 1.11588e-04 2.80960e+03 2.80888e-08 +0.00000e+00
 1.38950e-04 2.81666e+03 3.28984e-08 +0.00000e+00
 1.73020e-04 2.82388e+03 3.85390e-08 +0.00000e+00
 2.15443e-04 2.83172e+03 4.50888e-08 +0.00000e+00
 2.68270e-04 2.84005e+03 5.26396e-08 +0.00000e+00
 3.34048e-04 2.84888e+03 6.14432e-08 +0.00000e+00
 4.15956e-04 2.85872e+03 7.15921e-08 +0.00000e+00
 5.17947e-04 2.86945e+03 8.31452e-08 +0.00000e+00
 6.44947e-04 2.88101e+03 9.64616e-08 +0.00000e+00
 8.03086e-04 2.89366e+03 1.11720e-07 +0.00000e+00
 1.00000e-03 2.90740e+03 1.28803e-07 +0.00000e+00
 1.24520e-03 2.92225e+03 1.48243e-07 -2.54568e-07
 1.55052e-03 2.93830e+03 1.70251e-07 -3.16987e-07
 1.93070e-03 2.95564e+03 1.94650e-07 -3.94711e-07
 2.40410e-03 2.97422e+03 2.21890e-07 -4.91493e-07
 2.99358e-03 2.99417e+03 2.52294e-07 -6.12005e-07
 3.72759e-03 3.01566e+03 2.85777e-07 -7.62068e-07
 4.64159e-03 3.03874e+03 3.22182e-07 -9.48924e-07
 5.77969e-03 3.06367e+03 3.62019e-07 -1.18160e-06
 7.19686e-03 3.09036e+03 4.05442e-07 -1.47132e-06
 8.96151e-03 3.11781e+03 4.52206e-07 -1.83208e-06
 1.11588e-02 3.14599e+03 5.03095e-07 -2.28131e-06
 1.38950e-02 3.17490e+03 5.58741e-07 -2.84068e-06
 1.73020e-02 3.20462e+03 6.19530e-07 +5.18365e-03
 2.15443e-02 3.23504e+03 6.84691e-07 +9.93585e-03
 2.68270e-02 3.26538e+03 7.56083e-07 +6.16469e-03
 3.34048e-02 3.29598e+03 8.34583e-07 +4.64881e-03
 4.15956e-02 3.32695e+03 9.20803e-07 +3.76989e-03
 5.17947e-02 3.35836e+03 1.01381e-06 +3.24657e-03
 6.44947e-02 3.39031e+03 1.11521e-06 +2.88014e-03
 8.03086e-02 3.42276e+03 1.22627e-06 +2.53223e-03
 1.00000e-01 3.45569e+03 1.34796e-06 +2.63654e-03
 1.24520e-01 3.48906e+03 1.47971e-06 +3.05761e-03
 1.55052e-01 3.52290e+03 1.62236e-06 +3.70830e-03
 1.93070e-01 3.55724e+03 1.77836e-06 +4.60607e-03
 2.40410e-01 3.59217e+03 1.94879e-06 +6.46135e-03
 2.99358e-01 3.62866e+03 2.13217e-06 +6.97723e-03
 3.72759e-01 3.66580e+03 2.32795e-06 +8.96814e-03
 4.64159e-01 3.70354e+03 2.54066e-06 +1.12210e-02
 5.77969e-01 3.74197e+03 2.77149e-06 +1.39440e-02
 7.19686e-01 3.78113e+03 3.02175e-06 +1.72389e-02
 8.96151e-01 3.82104e+03 3.28877e-06 +2.12810e-02
 1.11588e+00 3.86167e+03 3.57656e-06 +2.62286e-02
 1.38950e+00 3.90304e+03 3.88834e-06 +3.23168e-02
 1.73020e+00 3.94519e+03 4.22592e-06 +3.98478e-02
 2.15443e+00 3.98825e+03 4.59011e-06 +4.91977e-02
 2.68270e+00 4.03242e+03 4.97720e-06 +6.08341e-02
 3.34048e+00 4.07785e+03 5.39474e-06 +6.87355e-02
 4.15956e+00 4.12437e+03 5.84542e-06 +7.03533e-02
 5.17947e+00 4.17201e+03 6.33168e-06 +7.17214e-02
 6.44947e+00 4.22083e+03 6.85295e-06 +7.28816e-02
 8.03086e+00 4.27085e+03 7.41111e-06 +7.38744e-02
 1.00000e+01 4.32199e+03 8.01531e-06 +7.47266e-02
 1.24520e+01 4.37425e+03 8.66973e-06 +7.54470e-02
 1.55052e+01 4.42776e+03 9.37831e-06 +7.60473e-02
 1.93070e+01 4.48281e+03 1.01392e-05 +7.65393e-02
 2.40410e+01 4.53982e+03 1.09585e-05 +7.69479e-02
 2.99358e+01 4.59902e+03 1.18438e-05 +7.72951e-02
 3.72759e+01 4.66057e+03 1.27992e-05 +7.75929e-02
 4.64159e+01 4.72457e+03 1.38295e-05 +7.78508e-02
 5.77969e+01 4.79111e+03 1.49334e-05 +7.80727e-02
 7.19686e+01 4.86029e+03 1.61258e-05 +7.82657e-02
 8.96151e+01 4.93221e+03 1.74162e-05 +7.84313e-02
 1.11588e+02 5.00718e+03 1.88101e-05 +7.85709e-02
 1.38950e+02 5.08567e+03 2.03109e-05 +7.86878e-02
 1.73020e+02 5.16823e+03 2.19142e-05 +7.87872e-02
 2.15443e+02 5.25510e+03 2.36350e-05 +7.88759e-02
 2.68270e+02 5.34618e+03 2.54746e-05 +7.89559e-02
 3.34048e+02 5.44136e+03 2.74313e-05 +7.90275e-02
 4.15956e+02 5.54056e+03 2.94961e-05 +7.90917e-02
 5.17947e+02 5.64356e+03 3.16551e-05 +7.91497e-02
 6.44947e+02 5.75003e+03 3.38968e-05 +7.92019e-02
 8.03086e+02 5.85954e+03 3.62004e-05 +7.92496e-02
 1.00000e+03 5.97139e+03 3.85480e-05 +7.92932e-02
