#n1=128 n2=4 Teff=03800 R=1.3432e+10 L=2.6811e+31 logg=+5.50
#   tau          T          rho         Fconv
 0.00000e+00 3.29291e+03 4.46105e-21 +0.00000e+00
 1.00000e-09 3.29291e+03 6.15006e-12 +0.00000e+00
 1.24520e-09 3.29144e+03 7.66238e-12 +0.00000e+00
 1.55052e-09 3.28977e+03 9.54695e-12 +0.00000e+00
 1.93070e-09 3.28791e+03 1.18955e-11 +0.00000e+00
 2.40410e-09 3.28581e+03 1.48226e-11 +0.00000e+00
 2.99358e-09 3.28346e+03 1.84710e-11 +0.00000e+00
 3.72759e-09 3.28080e+03 2.30192e-11 +0.00000e+00
 4.64159e-09 3.27784e+03 2.86893e-11 +0.00000e+00
 5.77969e-09 3.27447e+03 3.57600e-11 +0.00000e+00
 7.19686e-09 3.27073e+03 4.45775e-11 +0.00000e+00
 8.96151e-09 3.26649e+03 5.55767e-11 +0.00000e+00
 1.11588e-08 3.26181e+03 6.92979e-11 +0.00000e+00
 1.38950e-08 3.25661e+03 8.64186e-11 +0.00000e+00
 1.73020e-08 3.25102e+03 1.07780e-10 +0.00000e+00
 2.15443e-08 3.24516e+03 1.34429e-10 +0.00000e+00
 2.68270e-08 3.23929e+03 1.67661e-10 +0.00000e+00
 3.34048e-08 3.23374e+03 2.09081e-10 +0.00000e+00
 4.15956e-08 3.22873e+03 2.60675e-10 +0.00000e+00
 5.17947e-08 3.22449e+03 3.24902e-10 +0.00000e+00
 6.44947e-08 3.22109e+03 4.04813e-10 +0.00000e+00
 8.03086e-08 3.21851e+03 5.04195e-10 +0.00000e+00
 1.00000e-07 3.21678e+03 6.27730e-10 +0.00000e+00
 1.24520e-07 3.21577e+03 7.81230e-10 +0.00000e+00
 1.55052e-07 3.21556e+03 9.71843e-10 +0.00000e+00
 1.93070e-07 3.21604e+03 1.20842e-09 +0.00000e+00
 2.40410e-07 3.21738e+03 1.50180e-09 +0.00000e+00
 2.99358e-07 3.21956e+03 1.86531e-09 +0.00000e+00
 3.72759e-07 3.22277e+03 2.31517e-09 +0.00000e+00
 4.64159e-07 3.22711e+03 2.87122e-09 +0.00000e+00
 5.77969e-07 3.23277e+03 3.55738e-09 +0.00000e+00
 7.19686e-07 3.23991e+03 4.40268e-09 +0.00000e+00
 8.96151e-07 3.24870e+03 5.44171e-09 +0.00000e+00
 1.11588e-06 3.25930e+03 6.71618e-09 +0.00000e+00
 1.38950e-06 3.27181e+03 8.27484e-09 +0.00000e+00
 1.73020e-06 3.28629e+03 1.01764e-08 +0.00000e+00
 2.15443e-06 3.30266e+03 1.24885e-08 +0.00000e+00
 2.68270e-06 3.32075e+03 1.52924e-08 +0.00000e+00
 3.34048e-06 3.34032e+03 1.86805e-08 +0.00000e+00
 4.15956e-06 3.36103e+03 2.27617e-08 +0.00000e+00
 5.17947e-06 3.38256e+03 2.76615e-08 +0.00000e+00
 6.44947e-06 3.40450e+03 3.35207e-08 +0.00000e+00
 8.03086e-06 3.42645e+03 4.05082e-08 +0.00000e+00
 1.00000e-05 3.44801e+03 4.88058e-08 +0.00000e+00
 1.24520e-05 3.46875e+03 5.86365e-08 +0.00000e+00
 1.55052e-05 3.48829e+03 7.02502e-08 +0.00000e+00
 1.93070e-05 3.50625e+03 8.39305e-08 +0.00000e+00
 2.40410e-05 3.52239e+03 1.00043e-07 +0.00000e+00
 2.99358e-05 3.53653e+03 1.18983e-07 +0.00000e+00
 3.72759e-05 3.54864e+03 1.41248e-07 +0.00000e+00
 4.64159e-05 3.55886e+03 1.67439e-07 +0.00000e+00
 5.77969e-05 3.56738e+03 1.98194e-07 +0.00000e+00
 7.19686e-05 3.57453e+03 2.34363e-07 +0.00000e+00
 8.96151e-05 3.58059e+03 2.76937e-07 +0.00000e+00
 1.11588e-04 3.58573e+03 3.26886e-07 +0.00000e+00
 1.38950e-04 3.59002e+03 3.85753e-07 +0.00000e+00
 1.73020e-04 3.59342e+03 4.55296e-07 +0.00000e+00
 2.15443e-04 3.59576e+03 5.37173e-07 +0.00000e+00
 2.68270e-04 3.59671e+03 6.34567e-07 +0.00000e+00
 3.34048e-04 3.59576e+03 7.51245e-07 +0.00000e+00
 4.15956e-04 3.59200e+03 8.91128e-07 +0.00000e+00
 5.17947e-04 3.58386e+03 1.06299e-06 +0.00000e+00
 6.44947e-04 3.56820e+03 1.28054e-06 +0.00000e+00
 8.03086e-04 3.53897e+03 1.56663e-06 +0.00000e+00
 1.00000e-03 3.48186e+03 1.98740e-06 +0.00000e+00
 1.24520e-03 3.36096e+03 2.73807e-06 -2.54505e-07
 1.55052e-03 3.10661e+03 4.50587e-06 -3.16910e-07
 1.93070e-03 2.85108e+03 7.82101e-06 -3.94615e-07
 2.40410e-03 2.77136e+03 1.18780e-05 -4.91374e-07
 2.99358e-03 2.76547e+03 1.65616e-05 -6.11857e-07
 3.72759e-03 2.79845e+03 2.18367e-05 -7.61883e-07
 4.64159e-03 2.86162e+03 2.74600e-05 -9.48696e-07
 5.77969e-03 2.94174e+03 3.32036e-05 +7.62600e-02
 7.19686e-03 3.02142e+03 3.90457e-05 +4.56851e-01
 8.96151e-03 3.09206e+03 4.50777e-05 +1.34803e-01
 1.11588e-02 3.15572e+03 5.13066e-05 +1.22492e-01
 1.38950e-02 3.21387e+03 5.76926e-05 +1.02669e-01
 1.73020e-02 3.26751e+03 6.42402e-05 +8.10415e-02
 2.15443e-02 3.31743e+03 7.09595e-05 +7.66233e-02
 2.68270e-02 3.36427e+03 7.78574e-05 +6.38329e-02
 3.34048e-02 3.40849e+03 8.48804e-05 +2.92196e-02
 4.15956e-02 3.45049e+03 9.20835e-05 +2.13701e-02
 5.17947e-02 3.49064e+03 9.94824e-05 +1.60298e-02
 6.44947e-02 3.52923e+03 1.07099e-04 +1.25983e-02
 8.03086e-02 3.56651e+03 1.14946e-04 +1.05951e-02
 1.00000e-01 3.60267e+03 1.22964e-04 +9.75722e-03
 1.24520e-01 3.63788e+03 1.31235e-04 +9.65372e-03
 1.55052e-01 3.67231e+03 1.39784e-04 +1.02422e-02
 1.93070e-01 3.70617e+03 1.48631e-04 +1.10857e-02
 2.40410e-01 3.73953e+03 1.57802e-04 +1.26033e-02
 2.99358e-01 3.77245e+03 1.67331e-04 +1.43984e-02
 3.72759e-01 3.80501e+03 1.77133e-04 +1.65772e-02
 4.64159e-01 3.83729e+03 1.87310e-04 +1.91310e-02
 5.77969e-01 3.86937e+03 1.97904e-04 +2.21217e-02
 7.19686e-01 3.90132e+03 2.08951e-04 +2.56175e-02
 8.96151e-01 3.93321e+03 2.20489e-04 +2.97182e-02
 1.11588e+00 3.96510e+03 2.32553e-04 +3.45623e-02
 1.38950e+00 3.99702e+03 2.45183e-04 +4.03339e-02
 1.73020e+00 4.02902e+03 2.58259e-04 +4.72892e-02
 2.15443e+00 4.06113e+03 2.71914e-04 +5.57669e-02
 2.68270e+00 4.09341e+03 2.86222e-04 +6.62333e-02
 3.34048e+00 4.12587e+03 3.01223e-04 +7.31502e-02
 4.15956e+00 4.15855e+03 3.16975e-04 +7.42520e-02
 5.17947e+00 4.19146e+03 3.33530e-04 +7.51602e-02
 6.44947e+00 4.22464e+03 3.50941e-04 +7.59095e-02
 8.03086e+00 4.25813e+03 3.69167e-04 +7.65285e-02
 1.00000e+01 4.29194e+03 3.88137e-04 +7.70403e-02
 1.24520e+01 4.32610e+03 4.08089e-04 +7.74641e-02
 1.55052e+01 4.36065e+03 4.29081e-04 +7.78150e-02
 1.93070e+01 4.39561e+03 4.51185e-04 +7.81061e-02
 2.40410e+01 4.43100e+03 4.74477e-04 +7.83479e-02
 2.99358e+01 4.46682e+03 4.99036e-04 +7.85489e-02
 3.72759e+01 4.50311e+03 5.24934e-04 +7.87160e-02
 4.64159e+01 4.53988e+03 5.51894e-04 +7.88550e-02
 5.77969e+01 4.57714e+03 5.80183e-04 +7.89706e-02
 7.19686e+01 4.61492e+03 6.10008e-04 +7.90668e-02
 8.96151e+01 4.65324e+03 6.41461e-04 +7.91469e-02
 1.11588e+02 4.69213e+03 6.74649e-04 +7.92136e-02
 1.38950e+02 4.73159e+03 7.09691e-04 +7.92692e-02
 1.73020e+02 4.77165e+03 7.46703e-04 +7.93156e-02
 2.15443e+02 4.81233e+03 7.85635e-04 +7.93544e-02
 2.68270e+02 4.85364e+03 8.26128e-04 +7.93867e-02
 3.34048e+02 4.89562e+03 8.68854e-04 +7.94136e-02
 4.15956e+02 4.93828e+03 9.13961e-04 +7.94362e-02
 5.17947e+02 4.98164e+03 9.61605e-04 +7.94550e-02
 6.44947e+02 5.02574e+03 1.01194e-03 +7.94708e-02
 8.03086e+02 5.07059e+03 1.06515e-03 +7.94840e-02
 1.00000e+03 5.11622e+03 1.12142e-03 +7.94950e-02
