#n1=128 n2=4 Teff=03400 R=2.7049e+13 L=6.9536e+37 logg=-0.50
#   tau          T          rho         Fconv
 0.00000e+00 1.54831e+03 9.65882e-21 +0.00000e+00
 1.00000e-09 1.54831e+03 5.52264e-18 +0.00000e+00
 1.24520e-09 1.55542e+03 6.90048e-18 +0.00000e+00
 1.55052e-09 1.56238e+03 8.62370e-18 +0.00000e+00
 1.93070e-09 1.56932e+03 1.07780e-17 +0.00000e+00
 2.40410e-09 1.57637e+03 1.34705e-17 +0.00000e+00
 2.99358e-09 1.58346e+03 1.68361e-17 +0.00000e+00
 3.72759e-09 1.59063e+03 2.10425e-17 +0.00000e+00
 4.64159e-09 1.59787e+03 2.62998e-17 +0.00000e+00
 5.77969e-09 1.60539e+03 3.28660e-17 +0.00000e+00
 7.19686e-09 1.61276e+03 4.10774e-17 +0.00000e+00
 8.96151e-09 1.62016e+03 5.13413e-17 +0.00000e+00
 1.11588e-08 1.62768e+03 6.41666e-17 +0.00000e+00
 1.38950e-08 1.63522e+03 8.01984e-17 +0.00000e+00
 1.73020e-08 1.64292e+03 1.00229e-16 +0.00000e+00
 2.15443e-08 1.65060e+03 1.25267e-16 +0.00000e+00
 2.68270e-08 1.65847e+03 1.56547e-16 +0.00000e+00
 3.34048e-08 1.66630e+03 1.95649e-16 +0.00000e+00
 4.15956e-08 1.67434e+03 2.44494e-16 +0.00000e+00
 5.17947e-08 1.68231e+03 3.05559e-16 +0.00000e+00
 6.44947e-08 1.69052e+03 3.81829e-16 +0.00000e+00
 8.03086e-08 1.69866e+03 4.77179e-16 +0.00000e+00
 1.00000e-07 1.70707e+03 5.96254e-16 +0.00000e+00
 1.24520e-07 1.71538e+03 7.45124e-16 +0.00000e+00
 1.55052e-07 1.72400e+03 9.31007e-16 +0.00000e+00
 1.93070e-07 1.73250e+03 1.16341e-15 +0.00000e+00
 2.40410e-07 1.74136e+03 1.45354e-15 +0.00000e+00
 2.99358e-07 1.75006e+03 1.81630e-15 +0.00000e+00
 3.72759e-07 1.75917e+03 2.26909e-15 +0.00000e+00
 4.64159e-07 1.76812e+03 2.83518e-15 +0.00000e+00
 5.77969e-07 1.77750e+03 3.54167e-15 +0.00000e+00
 7.19686e-07 1.78666e+03 4.42510e-15 +0.00000e+00
 8.96151e-07 1.79630e+03 5.52739e-15 +0.00000e+00
 1.11588e-06 1.80576e+03 6.90551e-15 +0.00000e+00
 1.38950e-06 1.81577e+03 8.62453e-15 +0.00000e+00
 1.73020e-06 1.82560e+03 1.07735e-14 +0.00000e+00
 2.15443e-06 1.83602e+03 1.34534e-14 +0.00000e+00
 2.68270e-06 1.84619e+03 1.68039e-14 +0.00000e+00
 3.34048e-06 1.85705e+03 2.09807e-14 +0.00000e+00
 4.15956e-06 1.86774e+03 2.62004e-14 +0.00000e+00
 5.17947e-06 1.87915e+03 3.27052e-14 +0.00000e+00
 6.44947e-06 1.89035e+03 4.08342e-14 +0.00000e+00
 8.03086e-06 1.90241e+03 5.09591e-14 +0.00000e+00
 1.00000e-05 1.91429e+03 6.36071e-14 +0.00000e+00
 1.24520e-05 1.92702e+03 7.93573e-14 +0.00000e+00
 1.55052e-05 1.93965e+03 9.90225e-14 +0.00000e+00
 1.93070e-05 1.95313e+03 1.23505e-13 +0.00000e+00
 2.40410e-05 1.96652e+03 1.54065e-13 +0.00000e+00
 2.99358e-05 1.98078e+03 1.92100e-13 +0.00000e+00
 3.72759e-05 1.99492e+03 2.39567e-13 +0.00000e+00
 4.64159e-05 2.00997e+03 2.98626e-13 +0.00000e+00
 5.77969e-05 2.02503e+03 3.72284e-13 +0.00000e+00
 7.19686e-05 2.04119e+03 4.63849e-13 +0.00000e+00
 8.96151e-05 2.05771e+03 5.77878e-13 +0.00000e+00
 1.11588e-04 2.07538e+03 7.19546e-13 +0.00000e+00
 1.38950e-04 2.09356e+03 8.95791e-13 +0.00000e+00
 1.73020e-04 2.11255e+03 1.11488e-12 +0.00000e+00
 2.15443e-04 2.13139e+03 1.38789e-12 +0.00000e+00
 2.68270e-04 2.14990e+03 1.72838e-12 +0.00000e+00
 3.34048e-04 2.16794e+03 2.15325e-12 +0.00000e+00
 4.15956e-04 2.18563e+03 2.68344e-12 +0.00000e+00
 5.17947e-04 2.20294e+03 3.34519e-12 +0.00000e+00
 6.44947e-04 2.22007e+03 4.17095e-12 +0.00000e+00
 8.03086e-04 2.23684e+03 5.20190e-12 +0.00000e+00
 1.00000e-03 2.25379e+03 6.48756e-12 +0.00000e+00
 1.24520e-03 2.27096e+03 8.09015e-12 -2.55038e-07
 1.55052e-03 2.28856e+03 1.00870e-11 -3.17573e-07
 1.93070e-03 2.30659e+03 1.25737e-11 -3.95440e-07
 2.40410e-03 2.32543e+03 1.56674e-11 -4.92401e-07
 2.99358e-03 2.34506e+03 1.95135e-11 -6.13137e-07
 3.72759e-03 2.36563e+03 2.42927e-11 -7.63475e-07
 4.64159e-03 2.38739e+03 3.02211e-11 -9.50677e-07
 5.77969e-03 2.41043e+03 3.75721e-11 -1.18378e-06
 7.19686e-03 2.43477e+03 4.66747e-11 -1.47405e-06
 8.96151e-03 2.45982e+03 5.79614e-11 -1.83547e-06
 1.11588e-02 2.48547e+03 7.19434e-11 -2.28552e-06
 1.38950e-02 2.51137e+03 8.92758e-11 -2.84592e-06
 1.73020e-02 2.53761e+03 1.10727e-10 -3.54374e-06
 2.15443e-02 2.56413e+03 1.37263e-10 -4.41266e-06
 2.68270e-02 2.59097e+03 1.70027e-10 -5.49463e-06
 3.34048e-02 2.61819e+03 2.10429e-10 -6.84189e-06
 4.15956e-02 2.64589e+03 2.60111e-10 -8.51950e-06
 5.17947e-02 2.67468e+03 3.20984e-10 -1.06085e-05
 6.44947e-02 2.70385e+03 3.95437e-10 -1.32096e-05
 8.03086e-02 2.73327e+03 4.86248e-10 -1.64486e-05
 1.00000e-01 2.76310e+03 5.96492e-10 -2.04817e-05
 1.24520e-01 2.79360e+03 7.29648e-10 -2.55038e-05
 1.55052e-01 2.82514e+03 8.89391e-10 -3.17573e-05
 1.93070e-01 2.85825e+03 1.07952e-09 -3.95440e-05
 2.40410e-01 2.89370e+03 1.30356e-09 -4.92401e-05
 2.99358e-01 2.93382e+03 1.56318e-09 -6.13137e-05
 3.72759e-01 2.97783e+03 1.86090e-09 -7.63475e-05
 4.64159e-01 3.02761e+03 2.19562e-09 -9.50677e-05
 5.77969e-01 3.08345e+03 2.56552e-09 -1.18378e-04
 7.19686e-01 3.14482e+03 2.96845e-09 -1.47405e-04
 8.96151e-01 3.22574e+03 3.38048e-09 -1.83547e-04
 1.11588e+00 3.32147e+03 3.79642e-09 -2.28552e-04
 1.38950e+00 3.43372e+03 4.20956e-09 -2.84592e-04
 1.73020e+00 3.56392e+03 4.62144e-09 -3.54374e-04
 2.15443e+00 3.71238e+03 5.04436e-09 -4.41265e-04
 2.68270e+00 3.88201e+03 5.49196e-09 -5.49461e-04
 3.34048e+00 4.07508e+03 5.97890e-09 -6.14450e-04
 4.15956e+00 4.29576e+03 6.46920e-09 -6.14440e-04
 5.17947e+00 4.55562e+03 6.78782e-09 -6.13703e-04
 6.44947e+00 4.85989e+03 6.80708e-09 -5.40707e-04
 8.03086e+00 5.21113e+03 6.57919e-09 +2.93254e-03
 1.00000e+01 5.49064e+03 6.37565e-09 +1.79960e-02
 1.24520e+01 5.71970e+03 6.21041e-09 +3.45469e-02
 1.55052e+01 5.90741e+03 6.08402e-09 +4.62097e-02
 1.93070e+01 6.06839e+03 5.98377e-09 +5.41465e-02
 2.40410e+01 6.21197e+03 5.90117e-09 +5.97515e-02
 2.99358e+01 6.34373e+03 5.83120e-09 +6.38687e-02
 3.72759e+01 6.46711e+03 5.77087e-09 +6.69885e-02
 4.64159e+01 6.58432e+03 5.71829e-09 +6.94085e-02
 5.77969e+01 6.69685e+03 5.67223e-09 +7.13186e-02
 7.19686e+01 6.80574e+03 5.63189e-09 +7.28451e-02
 8.96151e+01 6.91173e+03 5.59671e-09 +7.40770e-02
 1.11588e+02 7.01536e+03 5.56632e-09 +7.50779e-02
 1.38950e+02 7.11704e+03 5.54046e-09 +7.58947e-02
 1.73020e+02 7.21709e+03 5.51898e-09 +7.65640e-02
 2.15443e+02 7.31575e+03 5.50177e-09 +7.71139e-02
 2.68270e+02 7.41323e+03 5.48879e-09 +7.75665e-02
 3.34048e+02 7.50970e+03 5.48005e-09 +7.79392e-02
 4.15956e+02 7.60530e+03 5.47557e-09 +7.82468e-02
 5.17947e+02 7.70015e+03 5.47543e-09 +7.85006e-02
 6.44947e+02 7.79439e+03 5.47974e-09 +7.87103e-02
 8.03086e+02 7.88810e+03 5.48866e-09 +7.88834e-02
 1.00000e+03 7.98141e+03 5.50233e-09 +7.90266e-02
