#n1=128 n2=4 Teff=03600 R=4.7595e+11 L=2.7123e+34 logg=+2.50
#   tau          T          rho         Fconv
 0.00000e+00 2.19078e+03 6.82078e-21 +0.00000e+00
 1.00000e-09 2.19078e+03 8.88241e-15 +0.00000e+00
 1.24520e-09 2.19874e+03 1.10252e-14 +0.00000e+00
 1.55052e-09 2.20641e+03 1.36868e-14 +0.00000e+00
 1.93070e-09 2.21422e+03 1.69900e-14 +0.00000e+00
 2.40410e-09 2.22167e+03 2.10943e-14 +0.00000e+00
 2.99358e-09 2.22928e+03 2.61885e-14 +0.00000e+00
 3.72759e-09 2.23648e+03 3.25193e-14 +0.00000e+00
 4.64159e-09 2.24375e+03 4.03798e-14 +0.00000e+00
 5.77969e-09 2.25067e+03 5.01488e-14 +0.00000e+00
 7.19686e-09 2.25756e+03 6.22826e-14 +0.00000e+00
 8.96151e-09 2.26408e+03 7.73659e-14 +0.00000e+00
 1.11588e-08 2.27054e+03 9.61060e-14 +0.00000e+00
 1.38950e-08 2.27662e+03 1.19407e-13 +0.00000e+00
 1.73020e-08 2.28254e+03 1.48368e-13 +0.00000e+00
 2.15443e-08 2.28815e+03 1.84382e-13 +0.00000e+00
 2.68270e-08 2.29350e+03 2.29166e-13 +0.00000e+00
 3.34048e-08 2.29860e+03 2.84862e-13 +0.00000e+00
 4.15956e-08 2.30340e+03 3.54146e-13 +0.00000e+00
 5.17947e-08 2.30801e+03 4.40322e-13 +0.00000e+00
 6.44947e-08 2.31232e+03 5.47550e-13 +0.00000e+00
 8.03086e-08 2.31653e+03 6.80931e-13 +0.00000e+00
 1.00000e-07 2.32045e+03 8.46925e-13 +0.00000e+00
 1.24520e-07 2.32444e+03 1.05338e-12 +0.00000e+00
 1.55052e-07 2.32818e+03 1.31033e-12 +0.00000e+00
 1.93070e-07 2.33218e+03 1.62983e-12 +0.00000e+00
 2.40410e-07 2.33605e+03 2.02741e-12 +0.00000e+00
 2.99358e-07 2.34032e+03 2.52164e-12 +0.00000e+00
 3.72759e-07 2.34471e+03 3.13632e-12 +0.00000e+00
 4.64159e-07 2.34961e+03 3.90015e-12 +0.00000e+00
 5.77969e-07 2.35489e+03 4.84942e-12 +0.00000e+00
 7.19686e-07 2.36082e+03 6.02838e-12 +0.00000e+00
 8.96151e-07 2.36736e+03 7.49228e-12 +0.00000e+00
 1.11588e-06 2.37470e+03 9.30904e-12 +0.00000e+00
 1.38950e-06 2.38282e+03 1.15628e-11 +0.00000e+00
 1.73020e-06 2.39184e+03 1.43574e-11 +0.00000e+00
 2.15443e-06 2.40178e+03 1.78206e-11 +0.00000e+00
 2.68270e-06 2.41266e+03 2.21117e-11 +0.00000e+00
 3.34048e-06 2.42448e+03 2.74249e-11 +0.00000e+00
 4.15956e-06 2.43718e+03 3.40043e-11 +0.00000e+00
 5.17947e-06 2.45074e+03 4.21465e-11 +0.00000e+00
 6.44947e-06 2.46499e+03 5.22271e-11 +0.00000e+00
 8.03086e-06 2.47987e+03 6.47023e-11 +0.00000e+00
 1.00000e-05 2.49515e+03 8.01531e-11 +0.00000e+00
 1.24520e-05 2.51074e+03 9.92860e-11 +0.00000e+00
 1.55052e-05 2.52634e+03 1.23003e-10 +0.00000e+00
 1.93070e-05 2.54189e+03 1.52410e-10 +0.00000e+00
 2.40410e-05 2.55708e+03 1.88903e-10 +0.00000e+00
 2.99358e-05 2.57195e+03 2.34221e-10 +0.00000e+00
 3.72759e-05 2.58632e+03 2.90512e-10 +0.00000e+00
 4.64159e-05 2.60045e+03 3.60465e-10 +0.00000e+00
 5.77969e-05 2.61454e+03 4.47287e-10 +0.00000e+00
 7.19686e-05 2.62916e+03 5.54991e-10 +0.00000e+00
 8.96151e-05 2.64479e+03 6.88179e-10 +0.00000e+00
 1.11588e-04 2.66193e+03 8.52777e-10 +0.00000e+00
 1.38950e-04 2.68071e+03 1.05558e-09 +0.00000e+00
 1.73020e-04 2.70094e+03 1.30582e-09 +0.00000e+00
 2.15443e-04 2.72212e+03 1.61439e-09 +0.00000e+00
 2.68270e-04 2.74333e+03 1.99652e-09 +0.00000e+00
 3.34048e-04 2.76352e+03 2.47099e-09 +0.00000e+00
 4.15956e-04 2.78093e+03 3.06484e-09 +0.00000e+00
 5.17947e-04 2.79432e+03 3.81270e-09 +0.00000e+00
 6.44947e-04 2.80086e+03 4.76782e-09 +0.00000e+00
 8.03086e-04 2.79917e+03 6.00528e-09 +0.00000e+00
 1.00000e-03 2.78703e+03 7.63674e-09 +0.00000e+00
 1.24520e-03 2.76364e+03 9.84311e-09 -2.54444e-07
 1.55052e-03 2.73446e+03 1.27773e-08 -3.16832e-07
 1.93070e-03 2.70560e+03 1.66197e-08 -3.94518e-07
 2.40410e-03 2.68862e+03 2.12758e-08 -4.91253e-07
 2.99358e-03 2.68775e+03 2.67394e-08 -6.11707e-07
 3.72759e-03 2.69337e+03 3.33555e-08 -7.61696e-07
 4.64159e-03 2.70578e+03 4.13086e-08 -9.48461e-07
 5.77969e-03 2.71802e+03 5.12593e-08 -1.18102e-06
 7.19686e-03 2.73227e+03 6.34371e-08 -1.47060e-06
 8.96151e-03 2.74597e+03 7.87458e-08 -1.83119e-06
 1.11588e-02 2.76733e+03 9.68066e-08 -2.28020e-06
 1.38950e-02 2.79489e+03 1.18576e-07 -2.83929e-06
 1.73020e-02 2.83403e+03 1.43436e-07 -3.53548e-06
 2.15443e-02 2.87869e+03 1.72920e-07 +5.97171e-03
 2.68270e-02 2.92330e+03 2.08348e-07 -5.48182e-06
 3.34048e-02 2.96697e+03 2.51293e-07 -6.82594e-06
 4.15956e-02 3.01022e+03 3.02807e-07 -8.49963e-06
 5.17947e-02 3.05333e+03 3.64129e-07 -1.05838e-05
 6.44947e-02 3.09596e+03 4.37343e-07 -1.31788e-05
 8.03086e-02 3.13968e+03 5.22258e-07 -1.64102e-05
 1.00000e-01 3.18398e+03 6.21913e-07 -2.04340e-05
 1.24520e-01 3.23001e+03 7.34653e-07 -2.54444e-05
 1.55052e-01 3.27754e+03 8.62821e-07 -3.16832e-05
 1.93070e-01 3.32740e+03 1.00492e-06 +2.26175e-03
 2.40410e-01 3.37576e+03 1.16261e-06 +2.10288e-03
 2.99358e-01 3.42375e+03 1.33726e-06 +4.30090e-03
 3.72759e-01 3.47184e+03 1.52522e-06 +5.14282e-03
 4.64159e-01 3.52000e+03 1.72457e-06 +8.90229e-03
 5.77969e-01 3.56666e+03 1.93773e-06 +1.25073e-02
 7.19686e-01 3.61178e+03 2.16250e-06 +1.70390e-02
 8.96151e-01 3.65550e+03 2.39463e-06 +2.19062e-02
 1.11588e+00 3.69793e+03 2.63709e-06 +2.70719e-02
 1.38950e+00 3.73923e+03 2.88887e-06 +3.38151e-02
 1.73020e+00 3.77958e+03 3.14917e-06 +4.18897e-02
 2.15443e+00 3.81905e+03 3.41348e-06 +5.17098e-02
 2.68270e+00 3.85772e+03 3.68649e-06 +6.37660e-02
 3.34048e+00 3.89568e+03 3.96886e-06 +7.18203e-02
 4.15956e+00 3.93285e+03 4.26217e-06 +7.32834e-02
 5.17947e+00 3.96941e+03 4.56773e-06 +7.44393e-02
 6.44947e+00 4.00556e+03 4.88017e-06 +7.53730e-02
 8.03086e+00 4.04142e+03 5.20540e-06 +7.61214e-02
 1.00000e+01 4.07714e+03 5.54438e-06 +7.67244e-02
 1.24520e+01 4.11288e+03 5.89821e-06 +7.72130e-02
 1.55052e+01 4.14874e+03 6.26802e-06 +7.76113e-02
 1.93070e+01 4.18482e+03 6.65505e-06 +7.79378e-02
 2.40410e+01 4.22111e+03 7.05387e-06 +7.82131e-02
 2.99358e+01 4.25754e+03 7.47026e-06 +7.84406e-02
 3.72759e+01 4.29415e+03 7.90642e-06 +7.86282e-02
 4.64159e+01 4.33098e+03 8.36422e-06 +7.87824e-02
 5.77969e+01 4.36810e+03 8.84549e-06 +7.89089e-02
 7.19686e+01 4.40562e+03 9.35196e-06 +7.90125e-02
 8.96151e+01 4.44365e+03 9.88313e-06 +7.90981e-02
 1.11588e+02 4.48218e+03 1.04349e-05 +7.91697e-02
 1.38950e+02 4.52131e+03 1.10129e-05 +7.92284e-02
 1.73020e+02 4.56114e+03 1.16185e-05 +7.92771e-02
 2.15443e+02 4.60176e+03 1.22530e-05 +7.93177e-02
 2.68270e+02 4.64323e+03 1.29178e-05 +7.93516e-02
 3.34048e+02 4.68559e+03 1.36142e-05 +7.93801e-02
 4.15956e+02 4.72886e+03 1.43416e-05 +7.94042e-02
 5.17947e+02 4.77290e+03 1.50959e-05 +7.94249e-02
 6.44947e+02 4.81769e+03 1.58840e-05 +7.94422e-02
 8.03086e+02 4.86326e+03 1.67083e-05 +7.94566e-02
 1.00000e+03 4.90970e+03 1.75712e-05 +7.94687e-02
