#n1=128 n2=4 Teff=03700 R=1.6542e+13 L=3.6512e+37 logg=+0.00
#   tau          T          rho         Fconv
 0.00000e+00 1.66715e+03 8.97030e-21 +0.00000e+00
 1.00000e-09 1.66715e+03 2.50076e-17 +0.00000e+00
 1.24520e-09 1.67460e+03 3.11136e-17 +0.00000e+00
 1.55052e-09 1.68205e+03 3.87120e-17 +0.00000e+00
 1.93070e-09 1.68946e+03 4.81685e-17 +0.00000e+00
 2.40410e-09 1.69706e+03 5.99304e-17 +0.00000e+00
 2.99358e-09 1.70459e+03 7.45700e-17 +0.00000e+00
 3.72759e-09 1.71236e+03 9.27756e-17 +0.00000e+00
 4.64159e-09 1.72002e+03 1.15438e-16 +0.00000e+00
 5.77969e-09 1.72796e+03 1.43616e-16 +0.00000e+00
 7.19686e-09 1.73574e+03 1.78695e-16 +0.00000e+00
 8.96151e-09 1.74387e+03 2.22305e-16 +0.00000e+00
 1.11588e-08 1.75178e+03 2.76603e-16 +0.00000e+00
 1.38950e-08 1.76009e+03 3.44093e-16 +0.00000e+00
 1.73020e-08 1.76815e+03 4.28131e-16 +0.00000e+00
 2.15443e-08 1.77666e+03 5.32569e-16 +0.00000e+00
 2.68270e-08 1.78486e+03 6.62629e-16 +0.00000e+00
 3.34048e-08 1.79353e+03 8.24255e-16 +0.00000e+00
 4.15956e-08 1.80194e+03 1.02550e-15 +0.00000e+00
 5.17947e-08 1.81078e+03 1.27561e-15 +0.00000e+00
 6.44947e-08 1.81939e+03 1.58698e-15 +0.00000e+00
 8.03086e-08 1.82839e+03 1.97401e-15 +0.00000e+00
 1.00000e-07 1.83724e+03 2.45572e-15 +0.00000e+00
 1.24520e-07 1.84642e+03 3.05453e-15 +0.00000e+00
 1.55052e-07 1.85550e+03 3.79972e-15 +0.00000e+00
 1.93070e-07 1.86490e+03 4.72610e-15 +0.00000e+00
 2.40410e-07 1.87425e+03 5.87869e-15 +0.00000e+00
 2.99358e-07 1.88388e+03 7.31159e-15 +0.00000e+00
 3.72759e-07 1.89354e+03 9.09394e-15 +0.00000e+00
 4.64159e-07 1.90344e+03 1.13098e-14 +0.00000e+00
 5.77969e-07 1.91346e+03 1.40654e-14 +0.00000e+00
 7.19686e-07 1.92364e+03 1.74916e-14 +0.00000e+00
 8.96151e-07 1.93404e+03 2.17507e-14 +0.00000e+00
 1.11588e-06 1.94469e+03 2.70447e-14 +0.00000e+00
 1.38950e-06 1.95582e+03 3.36201e-14 +0.00000e+00
 1.73020e-06 1.96784e+03 4.17764e-14 +0.00000e+00
 2.15443e-06 1.98169e+03 5.18628e-14 +0.00000e+00
 2.68270e-06 2.00095e+03 6.42042e-14 +0.00000e+00
 3.34048e-06 2.02471e+03 7.93062e-14 +0.00000e+00
 4.15956e-06 2.05221e+03 9.77961e-14 +0.00000e+00
 5.17947e-06 2.08543e+03 1.20288e-13 +0.00000e+00
 6.44947e-06 2.12290e+03 1.47707e-13 +0.00000e+00
 8.03086e-06 2.15713e+03 1.81738e-13 +0.00000e+00
 1.00000e-05 2.19559e+03 2.23249e-13 +0.00000e+00
 1.24520e-05 2.23326e+03 2.74448e-13 +0.00000e+00
 1.55052e-05 2.27055e+03 3.37563e-13 +0.00000e+00
 1.93070e-05 2.30157e+03 4.16474e-13 +0.00000e+00
 2.40410e-05 2.33259e+03 5.13943e-13 +0.00000e+00
 2.99358e-05 2.36138e+03 6.34955e-13 +0.00000e+00
 3.72759e-05 2.38773e+03 7.85411e-13 +0.00000e+00
 4.64159e-05 2.41222e+03 9.72416e-13 +0.00000e+00
 5.77969e-05 2.43417e+03 1.20536e-12 +0.00000e+00
 7.19686e-05 2.45558e+03 1.49459e-12 +0.00000e+00
 8.96151e-05 2.47418e+03 1.85550e-12 +0.00000e+00
 1.11588e-04 2.49155e+03 2.30487e-12 +0.00000e+00
 1.38950e-04 2.50669e+03 2.86579e-12 +0.00000e+00
 1.73020e-04 2.52067e+03 3.56499e-12 +0.00000e+00
 2.15443e-04 2.53330e+03 4.43726e-12 +0.00000e+00
 2.68270e-04 2.54482e+03 5.52544e-12 +0.00000e+00
 3.34048e-04 2.55546e+03 6.88279e-12 +0.00000e+00
 4.15956e-04 2.56556e+03 8.57519e-12 +0.00000e+00
 5.17947e-04 2.57538e+03 1.06844e-11 +0.00000e+00
 6.44947e-04 2.58511e+03 1.33121e-11 +0.00000e+00
 8.03086e-04 2.59509e+03 1.65829e-11 +0.00000e+00
 1.00000e-03 2.60547e+03 2.06517e-11 +0.00000e+00
 1.24520e-03 2.61639e+03 2.57094e-11 -2.54766e-07
 1.55052e-03 2.62795e+03 3.19920e-11 -3.17235e-07
 1.93070e-03 2.64038e+03 3.97866e-11 -3.95020e-07
 2.40410e-03 2.65377e+03 4.94473e-11 -4.91877e-07
 2.99358e-03 2.66817e+03 6.14066e-11 -6.12484e-07
 3.72759e-03 2.68362e+03 7.61934e-11 -7.62663e-07
 4.64159e-03 2.70034e+03 9.44411e-11 -9.49662e-07
 5.77969e-03 2.71852e+03 1.16913e-10 -1.18253e-06
 7.19686e-03 2.73800e+03 1.44537e-10 -1.47247e-06
 8.96151e-03 2.75898e+03 1.78405e-10 -1.83352e-06
 1.11588e-02 2.78165e+03 2.19789e-10 -2.28309e-06
 1.38950e-02 2.80598e+03 2.70194e-10 -2.84290e-06
 1.73020e-02 2.83210e+03 3.31329e-10 -3.53997e-06
 2.15443e-02 2.86013e+03 4.05112e-10 -4.40796e-06
 2.68270e-02 2.88915e+03 4.93878e-10 -5.48878e-06
 3.34048e-02 2.91833e+03 6.00299e-10 -6.83461e-06
 4.15956e-02 2.94789e+03 7.27180e-10 -8.51043e-06
 5.17947e-02 2.97813e+03 8.77438e-10 -1.05972e-05
 6.44947e-02 3.00931e+03 1.05416e-09 -1.31956e-05
 8.03086e-02 3.04100e+03 1.26073e-09 -1.64311e-05
 1.00000e-01 3.07369e+03 1.50031e-09 -2.04600e-05
 1.24520e-01 3.10770e+03 1.77596e-09 -2.54766e-05
 1.55052e-01 3.14352e+03 2.09022e-09 -3.17235e-05
 1.93070e-01 3.18243e+03 2.44466e-09 -3.95020e-05
 2.40410e-01 3.22607e+03 2.83890e-09 -4.91877e-05
 2.99358e-01 3.27847e+03 3.26755e-09 -6.12484e-05
 3.72759e-01 3.33578e+03 3.73349e-09 -7.62663e-05
 4.64159e-01 3.39965e+03 4.23452e-09 -9.49662e-05
 5.77969e-01 3.47223e+03 4.76793e-09 -1.18253e-04
 7.19686e-01 3.55599e+03 5.33217e-09 -1.47247e-04
 8.96151e-01 3.65312e+03 5.92689e-09 -1.83352e-04
 1.11588e+00 3.76422e+03 6.55828e-09 -2.28309e-04
 1.38950e+00 3.88357e+03 7.24996e-09 -2.84290e-04
 1.73020e+00 4.04393e+03 7.95346e-09 -3.53997e-04
 2.15443e+00 4.22553e+03 8.69574e-09 -4.40796e-04
 2.68270e+00 4.42668e+03 9.37256e-09 -5.48876e-04
 3.34048e+00 4.64865e+03 9.80731e-09 -6.13305e-04
 4.15956e+00 4.92079e+03 9.85555e-09 -5.72699e-04
 5.17947e+00 5.20550e+03 9.67446e-09 +7.35125e-04
 6.44947e+00 5.52827e+03 9.31251e-09 +1.29284e-02
 8.03086e+00 5.75382e+03 9.08355e-09 +2.85694e-02
 1.00000e+01 5.94446e+03 8.90002e-09 +4.10568e-02
 1.24520e+01 6.10973e+03 8.75198e-09 +4.99678e-02
 1.55052e+01 6.25770e+03 8.62923e-09 +5.63812e-02
 1.93070e+01 6.39368e+03 8.52501e-09 +6.11329e-02
 2.40410e+01 6.52108e+03 8.43507e-09 +6.47488e-02
 2.99358e+01 6.64213e+03 8.35666e-09 +6.75611e-02
 3.72759e+01 6.75836e+03 8.28801e-09 +6.97849e-02
 4.64159e+01 6.87085e+03 8.22789e-09 +7.15648e-02
 5.77969e+01 6.98034e+03 8.17549e-09 +7.30034e-02
 7.19686e+01 7.08741e+03 8.13026e-09 +7.41733e-02
 8.96151e+01 7.19247e+03 8.09182e-09 +7.51297e-02
 1.11588e+02 7.29585e+03 8.05994e-09 +7.59146e-02
 1.38950e+02 7.39781e+03 8.03446e-09 +7.65595e-02
 1.73020e+02 7.49857e+03 8.01531e-09 +7.70910e-02
 2.15443e+02 7.59828e+03 8.00248e-09 +7.75296e-02
 2.68270e+02 7.69711e+03 7.99603e-09 +7.78919e-02
 3.34048e+02 7.79516e+03 7.99606e-09 +7.81913e-02
 4.15956e+02 7.89257e+03 8.00275e-09 +7.84387e-02
 5.17947e+02 7.98943e+03 8.01627e-09 +7.86434e-02
 6.44947e+02 8.08585e+03 8.03689e-09 +7.88127e-02
 8.03086e+02 8.18193e+03 8.06492e-09 +7.89527e-02
 1.00000e+03 8.27776e+03 8.10072e-09 +7.90687e-02
