#n1=128 n2=4 Teff=03100 R=6.9483e+12 L=3.1760e+36 logg=+0.50
#   tau          T          rho         Fconv
 0.00000e+00 1.43157e+03 1.08631e-20 +0.00000e+00
 1.00000e-09 1.43157e+03 1.30185e-16 +0.00000e+00
 1.24520e-09 1.43799e+03 1.61237e-16 +0.00000e+00
 1.55052e-09 1.44509e+03 1.99609e-16 +0.00000e+00
 1.93070e-09 1.45157e+03 2.47647e-16 +0.00000e+00
 2.40410e-09 1.45903e+03 3.06875e-16 +0.00000e+00
 2.99358e-09 1.46564e+03 3.81106e-16 +0.00000e+00
 3.72759e-09 1.47339e+03 4.72505e-16 +0.00000e+00
 4.64159e-09 1.48031e+03 5.86930e-16 +0.00000e+00
 5.77969e-09 1.48831e+03 7.27929e-16 +0.00000e+00
 7.19686e-09 1.49576e+03 9.03813e-16 +0.00000e+00
 8.96151e-09 1.50409e+03 1.12094e-15 +0.00000e+00
 1.11588e-08 1.51217e+03 1.39070e-15 +0.00000e+00
 1.38950e-08 1.52096e+03 1.72412e-15 +0.00000e+00
 1.73020e-08 1.52985e+03 2.13636e-15 +0.00000e+00
 2.15443e-08 1.53935e+03 2.64578e-15 +0.00000e+00
 2.68270e-08 1.54921e+03 3.27409e-15 +0.00000e+00
 3.34048e-08 1.55964e+03 4.04880e-15 +0.00000e+00
 4.15956e-08 1.57077e+03 5.00063e-15 +0.00000e+00
 5.17947e-08 1.58249e+03 6.17187e-15 +0.00000e+00
 6.44947e-08 1.59530e+03 7.60387e-15 +0.00000e+00
 8.03086e-08 1.60889e+03 9.35959e-15 +0.00000e+00
 1.00000e-07 1.62404e+03 1.14947e-14 +0.00000e+00
 1.24520e-07 1.64052e+03 1.40943e-14 +0.00000e+00
 1.55052e-07 1.65926e+03 1.72384e-14 +0.00000e+00
 1.93070e-07 1.68015e+03 2.10429e-14 +0.00000e+00
 2.40410e-07 1.70325e+03 2.56712e-14 +0.00000e+00
 2.99358e-07 1.72794e+03 3.13366e-14 +0.00000e+00
 3.72759e-07 1.75427e+03 3.82930e-14 +0.00000e+00
 4.64159e-07 1.78033e+03 4.69350e-14 +0.00000e+00
 5.77969e-07 1.80670e+03 5.76258e-14 +0.00000e+00
 7.19686e-07 1.83252e+03 7.08863e-14 +0.00000e+00
 8.96151e-07 1.85799e+03 8.73028e-14 +0.00000e+00
 1.11588e-06 1.88219e+03 1.07687e-13 +0.00000e+00
 1.38950e-06 1.90486e+03 1.33009e-13 +0.00000e+00
 1.73020e-06 1.92689e+03 1.64350e-13 +0.00000e+00
 2.15443e-06 1.94790e+03 2.03201e-13 +0.00000e+00
 2.68270e-06 1.96773e+03 2.51389e-13 +0.00000e+00
 3.34048e-06 1.98649e+03 3.11162e-13 +0.00000e+00
 4.15956e-06 2.00393e+03 3.85381e-13 +0.00000e+00
 5.17947e-06 2.02011e+03 4.77585e-13 +0.00000e+00
 6.44947e-06 2.03499e+03 5.92178e-13 +0.00000e+00
 8.03086e-06 2.04952e+03 7.34245e-13 +0.00000e+00
 1.00000e-05 2.06353e+03 9.10418e-13 +0.00000e+00
 1.24520e-05 2.07710e+03 1.12892e-12 +0.00000e+00
 1.55052e-05 2.09066e+03 1.39937e-12 +0.00000e+00
 1.93070e-05 2.10441e+03 1.73393e-12 +0.00000e+00
 2.40410e-05 2.11814e+03 2.14761e-12 +0.00000e+00
 2.99358e-05 2.13235e+03 2.65821e-12 +0.00000e+00
 3.72759e-05 2.14692e+03 3.28767e-12 +0.00000e+00
 4.64159e-05 2.16193e+03 4.06303e-12 +0.00000e+00
 5.77969e-05 2.17761e+03 5.01551e-12 +0.00000e+00
 7.19686e-05 2.19366e+03 6.18548e-12 +0.00000e+00
 8.96151e-05 2.21019e+03 7.61892e-12 +0.00000e+00
 1.11588e-04 2.22725e+03 9.37207e-12 +0.00000e+00
 1.38950e-04 2.24456e+03 1.15130e-11 +0.00000e+00
 1.73020e-04 2.26211e+03 1.41212e-11 +0.00000e+00
 2.15443e-04 2.28011e+03 1.72887e-11 +0.00000e+00
 2.68270e-04 2.29838e+03 2.11233e-11 +0.00000e+00
 3.34048e-04 2.31695e+03 2.57533e-11 +0.00000e+00
 4.15956e-04 2.33594e+03 3.13158e-11 +0.00000e+00
 5.17947e-04 2.35506e+03 3.79848e-11 +0.00000e+00
 6.44947e-04 2.37454e+03 4.59340e-11 +0.00000e+00
 8.03086e-04 2.39445e+03 5.53705e-11 +0.00000e+00
 1.00000e-03 2.41490e+03 6.65123e-11 +0.00000e+00
 1.24520e-03 2.43591e+03 7.95985e-11 -2.54636e-07
 1.55052e-03 2.45767e+03 9.48930e-11 -3.17072e-07
 1.93070e-03 2.47984e+03 1.12687e-10 -3.94817e-07
 2.40410e-03 2.50209e+03 1.33340e-10 -4.91626e-07
 2.99358e-03 2.52452e+03 1.57196e-10 -6.12171e-07
 3.72759e-03 2.54727e+03 1.84617e-10 -7.62273e-07
 4.64159e-03 2.57042e+03 2.16037e-10 -9.49180e-07
 5.77969e-03 2.59382e+03 2.51908e-10 -1.18192e-06
 7.19686e-03 2.61763e+03 2.92725e-10 -1.47172e-06
 8.96151e-03 2.64199e+03 3.39027e-10 -1.83258e-06
 1.11588e-02 2.66687e+03 3.91382e-10 -2.28193e-06
 1.38950e-02 2.69217e+03 4.50506e-10 -2.84144e-06
 1.73020e-02 2.71805e+03 5.17109e-10 -3.53816e-06
 2.15443e-02 2.74464e+03 5.91920e-10 -4.40571e-06
 2.68270e-02 2.77186e+03 6.75859e-10 -5.48596e-06
 3.34048e-02 2.79967e+03 7.69944e-10 -6.83111e-06
 4.15956e-02 2.82824e+03 8.75144e-10 -8.50608e-06
 5.17947e-02 2.85771e+03 9.92534e-10 -1.05917e-05
 6.44947e-02 2.88808e+03 1.12340e-09 -1.31888e-05
 8.03086e-02 2.91929e+03 1.26905e-09 -1.64227e-05
 1.00000e-01 2.95151e+03 1.43080e-09 -2.04494e-05
 1.24520e-01 2.98494e+03 1.61000e-09 -2.54636e-05
 1.55052e-01 3.01986e+03 1.80788e-09 -3.17072e-05
 1.93070e-01 3.05655e+03 2.02561e-09 -3.94817e-05
 2.40410e-01 3.09697e+03 2.26257e-09 -4.91626e-05
 2.99358e-01 3.14624e+03 2.51336e-09 -6.12171e-05
 3.72759e-01 3.19719e+03 2.78294e-09 -7.62273e-05
 4.64159e-01 3.24876e+03 3.07250e-09 -9.49180e-05
 5.77969e-01 3.30439e+03 3.37739e-09 -1.18192e-04
 7.19686e-01 3.36523e+03 3.69340e-09 -1.47172e-04
 8.96151e-01 3.43305e+03 4.01415e-09 -1.83258e-04
 1.11588e+00 3.51028e+03 4.33049e-09 -2.28193e-04
 1.38950e+00 3.59992e+03 4.63078e-09 -2.84144e-04
 1.73020e+00 3.70577e+03 4.90213e-09 -3.53816e-04
 2.15443e+00 3.83230e+03 5.13217e-09 -4.40569e-04
 2.68270e+00 3.96439e+03 5.34768e-09 -5.48572e-04
 3.34048e+00 4.15779e+03 5.47558e-09 -6.13390e-04
 4.15956e+00 4.36328e+03 5.60234e-09 -6.13353e-04
 5.17947e+00 4.59703e+03 5.73835e-09 -6.13434e-04
 6.44947e+00 4.85849e+03 5.92382e-09 -6.13479e-04
 8.03086e+00 5.14579e+03 6.18617e-09 -6.13483e-04
 1.00000e+01 5.47993e+03 6.43629e-09 -6.13477e-04
 1.24520e+01 5.79706e+03 6.62287e-09 -6.12114e-04
 1.55052e+01 6.22740e+03 6.52594e-09 -4.16752e-04
 1.93070e+01 6.67439e+03 6.28022e-09 +7.09478e-03
 2.40410e+01 6.88966e+03 6.22760e-09 +2.09322e-02
 2.99358e+01 7.07973e+03 6.18361e-09 +3.54967e-02
 3.72759e+01 7.24354e+03 6.15545e-09 +4.67241e-02
 4.64159e+01 7.38712e+03 6.14181e-09 +5.47366e-02
 5.77969e+01 7.51617e+03 6.14032e-09 +6.04604e-02
 7.19686e+01 7.63486e+03 6.14920e-09 +6.46288e-02
 8.96151e+01 7.74608e+03 6.16735e-09 +6.77377e-02
 1.11588e+02 7.85185e+03 6.19414e-09 +7.01037e-02
 1.38950e+02 7.95360e+03 6.22931e-09 +7.19360e-02
 1.73020e+02 8.05237e+03 6.27283e-09 +7.33748e-02
 2.15443e+02 8.14894e+03 6.32490e-09 +7.45169e-02
 2.68270e+02 8.24390e+03 6.38580e-09 +7.54331e-02
 3.34048e+02 8.33770e+03 6.45599e-09 +7.61723e-02
 4.15956e+02 8.43069e+03 6.53598e-09 +7.67731e-02
 5.17947e+02 8.52315e+03 6.62647e-09 +7.72629e-02
 6.44947e+02 8.61534e+03 6.72819e-09 +7.76638e-02
 8.03086e+02 8.70749e+03 6.84214e-09 +7.79924e-02
 1.00000e+03 8.79979e+03 6.96930e-09 +7.82633e-02
