#n1=128 n2=4 Teff=03200 R=7.1908e+12 L=3.8569e+36 logg=+0.50
#   tau          T          rho         Fconv
 0.00000e+00 1.44723e+03 1.04583e-20 +0.00000e+00
 1.00000e-09 1.44723e+03 1.19465e-16 +0.00000e+00
 1.24520e-09 1.45409e+03 1.47944e-16 +0.00000e+00
 1.55052e-09 1.46143e+03 1.83221e-16 +0.00000e+00
 1.93070e-09 1.46837e+03 2.27224e-16 +0.00000e+00
 2.40410e-09 1.47598e+03 2.81672e-16 +0.00000e+00
 2.99358e-09 1.48307e+03 3.49596e-16 +0.00000e+00
 3.72759e-09 1.49084e+03 4.33686e-16 +0.00000e+00
 4.64159e-09 1.49822e+03 5.38409e-16 +0.00000e+00
 5.77969e-09 1.50615e+03 6.68221e-16 +0.00000e+00
 7.19686e-09 1.51385e+03 8.29591e-16 +0.00000e+00
 8.96151e-09 1.52199e+03 1.02983e-15 +0.00000e+00
 1.11588e-08 1.53009e+03 1.27828e-15 +0.00000e+00
 1.38950e-08 1.53827e+03 1.58759e-15 +0.00000e+00
 1.73020e-08 1.54681e+03 1.96987e-15 +0.00000e+00
 2.15443e-08 1.55559e+03 2.44441e-15 +0.00000e+00
 2.68270e-08 1.56468e+03 3.03126e-15 +0.00000e+00
 3.34048e-08 1.57398e+03 3.75943e-15 +0.00000e+00
 4.15956e-08 1.58378e+03 4.65811e-15 +0.00000e+00
 5.17947e-08 1.59379e+03 5.77144e-15 +0.00000e+00
 6.44947e-08 1.60450e+03 7.14312e-15 +0.00000e+00
 8.03086e-08 1.61546e+03 8.83899e-15 +0.00000e+00
 1.00000e-07 1.62719e+03 1.09274e-14 +0.00000e+00
 1.24520e-07 1.63946e+03 1.34976e-14 +0.00000e+00
 1.55052e-07 1.65288e+03 1.66515e-14 +0.00000e+00
 1.93070e-07 1.66687e+03 2.05250e-14 +0.00000e+00
 2.40410e-07 1.68230e+03 2.52676e-14 +0.00000e+00
 2.99358e-07 1.69849e+03 3.10783e-14 +0.00000e+00
 3.72759e-07 1.71625e+03 3.81898e-14 +0.00000e+00
 4.64159e-07 1.73490e+03 4.68999e-14 +0.00000e+00
 5.77969e-07 1.75503e+03 5.75787e-14 +0.00000e+00
 7.19686e-07 1.77580e+03 7.07107e-14 +0.00000e+00
 8.96151e-07 1.79759e+03 8.68780e-14 +0.00000e+00
 1.11588e-06 1.81943e+03 1.06853e-13 +0.00000e+00
 1.38950e-06 1.84165e+03 1.31538e-13 +0.00000e+00
 1.73020e-06 1.86339e+03 1.62122e-13 +0.00000e+00
 2.15443e-06 1.88490e+03 2.00015e-13 +0.00000e+00
 2.68270e-06 1.90562e+03 2.47008e-13 +0.00000e+00
 3.34048e-06 1.92576e+03 3.05300e-13 +0.00000e+00
 4.15956e-06 1.94503e+03 3.77617e-13 +0.00000e+00
 5.17947e-06 1.96363e+03 4.67360e-13 +0.00000e+00
 6.44947e-06 1.98142e+03 5.78703e-13 +0.00000e+00
 8.03086e-06 1.99873e+03 7.16825e-13 +0.00000e+00
 1.00000e-05 2.01558e+03 8.88010e-13 +0.00000e+00
 1.24520e-05 2.03206e+03 1.10034e-12 +0.00000e+00
 1.55052e-05 2.04825e+03 1.36339e-12 +0.00000e+00
 1.93070e-05 2.06425e+03 1.68945e-12 +0.00000e+00
 2.40410e-05 2.08013e+03 2.09312e-12 +0.00000e+00
 2.99358e-05 2.09595e+03 2.59313e-12 +0.00000e+00
 3.72759e-05 2.11182e+03 3.21157e-12 +0.00000e+00
 4.64159e-05 2.12774e+03 3.97680e-12 +0.00000e+00
 5.77969e-05 2.14388e+03 4.92197e-12 +0.00000e+00
 7.19686e-05 2.16029e+03 6.08912e-12 +0.00000e+00
 8.96151e-05 2.17701e+03 7.52842e-12 +0.00000e+00
 1.11588e-04 2.19420e+03 9.30125e-12 +0.00000e+00
 1.38950e-04 2.21187e+03 1.14822e-11 +0.00000e+00
 1.73020e-04 2.23003e+03 1.41608e-11 +0.00000e+00
 2.15443e-04 2.24885e+03 1.74456e-11 +0.00000e+00
 2.68270e-04 2.26817e+03 2.14653e-11 +0.00000e+00
 3.34048e-04 2.28822e+03 2.63758e-11 +0.00000e+00
 4.15956e-04 2.30882e+03 3.23574e-11 +0.00000e+00
 5.17947e-04 2.33016e+03 3.96292e-11 +0.00000e+00
 6.44947e-04 2.35223e+03 4.84315e-11 +0.00000e+00
 8.03086e-04 2.37507e+03 5.90645e-11 +0.00000e+00
 1.00000e-03 2.39880e+03 7.18395e-11 +0.00000e+00
 1.24520e-03 2.42327e+03 8.71524e-11 -2.54983e-07
 1.55052e-03 2.44706e+03 1.05516e-10 -3.17504e-07
 1.93070e-03 2.47074e+03 1.27418e-10 -3.95357e-07
 2.40410e-03 2.49412e+03 1.53455e-10 -4.92297e-07
 2.99358e-03 2.51765e+03 1.84198e-10 -6.13006e-07
 3.72759e-03 2.54127e+03 2.20386e-10 -7.63313e-07
 4.64159e-03 2.56490e+03 2.62755e-10 -9.50474e-07
 5.77969e-03 2.58869e+03 3.12163e-10 -1.18353e-06
 7.19686e-03 2.61262e+03 3.69515e-10 -1.47373e-06
 8.96151e-03 2.63674e+03 4.35762e-10 -1.83507e-06
 1.11588e-02 2.66117e+03 5.12030e-10 -2.28504e-06
 1.38950e-02 2.68584e+03 5.99446e-10 -2.84533e-06
 1.73020e-02 2.71089e+03 6.99275e-10 -3.54298e-06
 2.15443e-02 2.73631e+03 8.12946e-10 -4.41171e-06
 2.68270e-02 2.76208e+03 9.41907e-10 -5.49346e-06
 3.34048e-02 2.78832e+03 1.08783e-09 -6.84044e-06
 4.15956e-02 2.81488e+03 1.25261e-09 -8.51769e-06
 5.17947e-02 2.84173e+03 1.43821e-09 -1.06062e-05
 6.44947e-02 2.86884e+03 1.64692e-09 -1.32068e-05
 8.03086e-02 2.89593e+03 1.88145e-09 -1.64451e-05
 1.00000e-01 2.92279e+03 2.14478e-09 -2.04773e-05
 1.24520e-01 2.94882e+03 2.44076e-09 -2.54983e-05
 1.55052e-01 2.97283e+03 2.77499e-09 -3.17504e-05
 1.93070e-01 2.99103e+03 3.15858e-09 -3.95357e-05
 2.40410e-01 2.98137e+03 3.64739e-09 -4.90115e-05
 2.99358e-01 3.24003e+03 3.68947e-09 -6.13005e-05
 3.72759e-01 3.25549e+03 4.10169e-09 -7.63313e-05
 4.64159e-01 3.31063e+03 4.49430e-09 -9.50474e-05
 5.77969e-01 3.33563e+03 4.97450e-09 -1.18353e-04
 7.19686e-01 3.38053e+03 5.46894e-09 -1.47373e-04
 8.96151e-01 3.44500e+03 5.95746e-09 -1.83507e-04
 1.11588e+00 3.51992e+03 6.44244e-09 -2.28504e-04
 1.38950e+00 3.61769e+03 6.88499e-09 -2.84533e-04
 1.73020e+00 3.73520e+03 7.27922e-09 -3.54297e-04
 2.15443e+00 3.87259e+03 7.62620e-09 -4.41152e-04
 2.68270e+00 4.03418e+03 7.93038e-09 -5.49272e-04
 3.34048e+00 4.22033e+03 8.21748e-09 -6.14216e-04
 4.15956e+00 4.43232e+03 8.52427e-09 -6.14265e-04
 5.17947e+00 4.65981e+03 8.91671e-09 -6.14307e-04
 6.44947e+00 4.94746e+03 9.32598e-09 -6.14317e-04
 8.03086e+00 5.20956e+03 9.78889e-09 -6.14086e-04
 1.00000e+01 5.53417e+03 9.95987e-09 -5.90659e-04
 1.24520e+01 5.95374e+03 9.69933e-09 +1.09954e-03
 1.55052e+01 6.20359e+03 9.60944e-09 +9.31296e-03
 1.93070e+01 6.43557e+03 9.49868e-09 +2.40570e-02
 2.40410e+01 6.63579e+03 9.40855e-09 +3.78085e-02
 2.99358e+01 6.80809e+03 9.34515e-09 +4.81108e-02
 3.72759e+01 6.95980e+03 9.30457e-09 +5.55202e-02
 4.64159e+01 7.09676e+03 9.28261e-09 +6.09010e-02
 5.77969e+01 7.22304e+03 9.27629e-09 +6.48877e-02
 7.19686e+01 7.34146e+03 9.28371e-09 +6.79030e-02
 8.96151e+01 7.45399e+03 9.30374e-09 +7.02242e-02
 1.11588e+02 7.56203e+03 9.33577e-09 +7.20376e-02
 1.38950e+02 7.66662e+03 9.37953e-09 +7.34715e-02
 1.73020e+02 7.76851e+03 9.43507e-09 +7.46159e-02
 2.15443e+02 7.86830e+03 9.50260e-09 +7.55365e-02
 2.68270e+02 7.96643e+03 9.58255e-09 +7.62813e-02
 3.34048e+02 8.06327e+03 9.67545e-09 +7.68869e-02
 4.15956e+02 8.15910e+03 9.78201e-09 +7.73812e-02
 5.17947e+02 8.25415e+03 9.90302e-09 +7.77859e-02
 6.44947e+02 8.34862e+03 1.00394e-08 +7.81181e-02
 8.03086e+02 8.44268e+03 1.01923e-08 +7.83912e-02
 1.00000e+03 8.53647e+03 1.03629e-08 +7.86161e-02
