#n1=128 n2=4 Teff=03300 R=7.4200e+12 L=4.6458e+36 logg=+0.50
#   tau          T          rho         Fconv
 0.00000e+00 1.64909e+03 9.42980e-21 +0.00000e+00
 1.00000e-09 1.64909e+03 1.02881e-16 +0.00000e+00
 1.24520e-09 1.65548e+03 1.27969e-16 +0.00000e+00
 1.55052e-09 1.66239e+03 1.59114e-16 +0.00000e+00
 1.93070e-09 1.66908e+03 1.97858e-16 +0.00000e+00
 2.40410e-09 1.67638e+03 2.45936e-16 +0.00000e+00
 2.99358e-09 1.68339e+03 3.05749e-16 +0.00000e+00
 3.72759e-09 1.69115e+03 3.79926e-16 +0.00000e+00
 4.64159e-09 1.69855e+03 4.72208e-16 +0.00000e+00
 5.77969e-09 1.70687e+03 5.86568e-16 +0.00000e+00
 7.19686e-09 1.71478e+03 7.28827e-16 +0.00000e+00
 8.96151e-09 1.72378e+03 9.04983e-16 +0.00000e+00
 1.11588e-08 1.73236e+03 1.12404e-15 +0.00000e+00
 1.38950e-08 1.74211e+03 1.39513e-15 +0.00000e+00
 1.73020e-08 1.75167e+03 1.73187e-15 +0.00000e+00
 2.15443e-08 1.76231e+03 2.14851e-15 +0.00000e+00
 2.68270e-08 1.77294e+03 2.66552e-15 +0.00000e+00
 3.34048e-08 1.78467e+03 3.30483e-15 +0.00000e+00
 4.15956e-08 1.79661e+03 4.09716e-15 +0.00000e+00
 5.17947e-08 1.80955e+03 5.07663e-15 +0.00000e+00
 6.44947e-08 1.82288e+03 6.28911e-15 +0.00000e+00
 8.03086e-08 1.83715e+03 7.78735e-15 +0.00000e+00
 1.00000e-07 1.85189e+03 9.64036e-15 +0.00000e+00
 1.24520e-07 1.86742e+03 1.19299e-14 +0.00000e+00
 1.55052e-07 1.88356e+03 1.47588e-14 +0.00000e+00
 1.93070e-07 1.90028e+03 1.82542e-14 +0.00000e+00
 2.40410e-07 1.91768e+03 2.25706e-14 +0.00000e+00
 2.99358e-07 1.93549e+03 2.79038e-14 +0.00000e+00
 3.72759e-07 1.95407e+03 3.44855e-14 +0.00000e+00
 4.64159e-07 1.97323e+03 4.26101e-14 +0.00000e+00
 5.77969e-07 1.99327e+03 5.26285e-14 +0.00000e+00
 7.19686e-07 2.01414e+03 6.49800e-14 +0.00000e+00
 8.96151e-07 2.03678e+03 8.01634e-14 +0.00000e+00
 1.11588e-06 2.06115e+03 9.88178e-14 +0.00000e+00
 1.38950e-06 2.08780e+03 1.21685e-13 +0.00000e+00
 1.73020e-06 2.11722e+03 1.49657e-13 +0.00000e+00
 2.15443e-06 2.14772e+03 1.83985e-13 +0.00000e+00
 2.68270e-06 2.17944e+03 2.26085e-13 +0.00000e+00
 3.34048e-06 2.20940e+03 2.78085e-13 +0.00000e+00
 4.15956e-06 2.23766e+03 3.42347e-13 +0.00000e+00
 5.17947e-06 2.26348e+03 4.21962e-13 +0.00000e+00
 6.44947e-06 2.28665e+03 5.20732e-13 +0.00000e+00
 8.03086e-06 2.30731e+03 6.43347e-13 +0.00000e+00
 1.00000e-05 2.32569e+03 7.95601e-13 +0.00000e+00
 1.24520e-05 2.34210e+03 9.84659e-13 +0.00000e+00
 1.55052e-05 2.35671e+03 1.21942e-12 +0.00000e+00
 1.93070e-05 2.36979e+03 1.51085e-12 +0.00000e+00
 2.40410e-05 2.38162e+03 1.87241e-12 +0.00000e+00
 2.99358e-05 2.39228e+03 2.32082e-12 +0.00000e+00
 3.72759e-05 2.40207e+03 2.87639e-12 +0.00000e+00
 4.64159e-05 2.41125e+03 3.56388e-12 +0.00000e+00
 5.77969e-05 2.41990e+03 4.41362e-12 +0.00000e+00
 7.19686e-05 2.42823e+03 5.46226e-12 +0.00000e+00
 8.96151e-05 2.43651e+03 6.75350e-12 +0.00000e+00
 1.11588e-04 2.44485e+03 8.34030e-12 +0.00000e+00
 1.38950e-04 2.45332e+03 1.02856e-11 +0.00000e+00
 1.73020e-04 2.46220e+03 1.26631e-11 +0.00000e+00
 2.15443e-04 2.47154e+03 1.55600e-11 +0.00000e+00
 2.68270e-04 2.48133e+03 1.90785e-11 +0.00000e+00
 3.34048e-04 2.49173e+03 2.33356e-11 +0.00000e+00
 4.15956e-04 2.50279e+03 2.84651e-11 +0.00000e+00
 5.17947e-04 2.51455e+03 3.46214e-11 +0.00000e+00
 6.44947e-04 2.52705e+03 4.19746e-11 +0.00000e+00
 8.03086e-04 2.54032e+03 5.07199e-11 +0.00000e+00
 1.00000e-03 2.55444e+03 6.10673e-11 +0.00000e+00
 1.24520e-03 2.56951e+03 7.32488e-11 -2.54918e-07
 1.55052e-03 2.58555e+03 8.75218e-11 -3.17423e-07
 1.93070e-03 2.60266e+03 1.04154e-10 -3.95254e-07
 2.40410e-03 2.62089e+03 1.23450e-10 -4.92169e-07
 2.99358e-03 2.64035e+03 1.45719e-10 -6.12846e-07
 3.72759e-03 2.66115e+03 1.71294e-10 -7.63115e-07
 4.64159e-03 2.68341e+03 2.00540e-10 -9.50229e-07
 5.77969e-03 2.70734e+03 2.33809e-10 -1.18322e-06
 7.19686e-03 2.73282e+03 2.71527e-10 -1.47334e-06
 8.96151e-03 2.75846e+03 3.14333e-10 -1.83461e-06
 1.11588e-02 2.78419e+03 3.62797e-10 -2.28444e-06
 1.38950e-02 2.81021e+03 4.17524e-10 -2.84458e-06
 1.73020e-02 2.83664e+03 4.79170e-10 -3.54207e-06
 2.15443e-02 2.86357e+03 5.48435e-10 -4.41056e-06
 2.68270e-02 2.89110e+03 6.26085e-10 -5.49203e-06
 3.34048e-02 2.91935e+03 7.12922e-10 -6.83865e-06
 4.15956e-02 2.94840e+03 8.09804e-10 -8.51548e-06
 5.17947e-02 2.97826e+03 9.17656e-10 -1.06034e-05
 6.44947e-02 3.00896e+03 1.03742e-09 -1.32034e-05
 8.03086e-02 3.04055e+03 1.17010e-09 -1.64408e-05
 1.00000e-01 3.07313e+03 1.31672e-09 -2.04721e-05
 1.24520e-01 3.10693e+03 1.47811e-09 -2.54918e-05
 1.55052e-01 3.14229e+03 1.65498e-09 -3.17423e-05
 1.93070e-01 3.17975e+03 1.84780e-09 -3.95254e-05
 2.40410e-01 3.22003e+03 2.05648e-09 -4.92169e-05
 2.99358e-01 3.26575e+03 2.27835e-09 -6.12846e-05
 3.72759e-01 3.31580e+03 2.51272e-09 -7.63115e-05
 4.64159e-01 3.37047e+03 2.75768e-09 -9.50229e-05
 5.77969e-01 3.43095e+03 3.00979e-09 -1.18322e-04
 7.19686e-01 3.50025e+03 3.26230e-09 -1.47334e-04
 8.96151e-01 3.58080e+03 3.50769e-09 -1.83461e-04
 1.11588e+00 3.67686e+03 3.73561e-09 -2.28444e-04
 1.38950e+00 3.79031e+03 3.93928e-09 -2.84458e-04
 1.73020e+00 3.92358e+03 4.11552e-09 -3.54207e-04
 2.15443e+00 4.08047e+03 4.26564e-09 -4.41055e-04
 2.68270e+00 4.26295e+03 4.39929e-09 -5.49198e-04
 3.34048e+00 4.46960e+03 4.53687e-09 -6.14159e-04
 4.15956e+00 4.71322e+03 4.69297e-09 -6.14161e-04
 5.17947e+00 4.93410e+03 4.95136e-09 -6.14161e-04
 6.44947e+00 5.26968e+03 5.17521e-09 -6.14161e-04
 8.03086e+00 5.55889e+03 5.43184e-09 -6.14159e-04
 1.00000e+01 5.88948e+03 5.54835e-09 -6.13436e-04
 1.24520e+01 6.32057e+03 5.43872e-09 -5.07137e-04
 1.55052e+01 6.76668e+03 5.21735e-09 +4.93021e-03
 1.93070e+01 6.98834e+03 5.15297e-09 +1.81310e-02
 2.40410e+01 7.18470e+03 5.09580e-09 +3.36902e-02
 2.99358e+01 7.35202e+03 5.05377e-09 +4.58268e-02
 3.72759e+01 7.49693e+03 5.02524e-09 +5.43507e-02
 4.64159e+01 7.62607e+03 5.00742e-09 +6.03282e-02
 5.77969e+01 7.74424e+03 4.99822e-09 +6.46117e-02
 7.19686e+01 7.85469e+03 4.99631e-09 +6.77728e-02
 8.96151e+01 7.95963e+03 5.00090e-09 +7.01606e-02
 1.11588e+02 8.06060e+03 5.01154e-09 +7.20002e-02
 1.38950e+02 8.15872e+03 5.02806e-09 +7.34394e-02
 1.73020e+02 8.25480e+03 5.05042e-09 +7.45797e-02
 2.15443e+02 8.34947e+03 5.07872e-09 +7.54932e-02
 2.68270e+02 8.44321e+03 5.11318e-09 +7.62302e-02
 3.34048e+02 8.53639e+03 5.15411e-09 +7.68292e-02
 4.15956e+02 8.62932e+03 5.20186e-09 +7.73188e-02
 5.17947e+02 8.72222e+03 5.25695e-09 +7.77197e-02
 6.44947e+02 8.81532e+03 5.31986e-09 +7.80502e-02
 8.03086e+02 8.90878e+03 5.39120e-09 +7.83228e-02
 1.00000e+03 9.00276e+03 5.47171e-09 +7.85485e-02
