#n1=128 n2=4 Teff=03900 R=8.7669e+12 L=1.2660e+37 logg=+0.50
#   tau          T          rho         Fconv
 0.00000e+00 2.13736e+03 6.99132e-21 +0.00000e+00
 1.00000e-09 2.13736e+03 7.24870e-17 +0.00000e+00
 1.24520e-09 2.10905e+03 9.17082e-17 +0.00000e+00
 1.55052e-09 2.08218e+03 1.15966e-16 +0.00000e+00
 1.93070e-09 1.88077e+03 1.60279e-16 +0.00000e+00
 2.40410e-09 1.88756e+03 1.99362e-16 +0.00000e+00
 2.99358e-09 1.89383e+03 2.48035e-16 +0.00000e+00
 3.72759e-09 1.90060e+03 3.08502e-16 +0.00000e+00
 4.64159e-09 1.90690e+03 3.83801e-16 +0.00000e+00
 5.77969e-09 1.91360e+03 4.77372e-16 +0.00000e+00
 7.19686e-09 1.91994e+03 5.93867e-16 +0.00000e+00
 8.96151e-09 1.92656e+03 7.38679e-16 +0.00000e+00
 1.11588e-08 1.93291e+03 9.18939e-16 +0.00000e+00
 1.38950e-08 1.93948e+03 1.14306e-15 +0.00000e+00
 1.73020e-08 1.94587e+03 1.42199e-15 +0.00000e+00
 2.15443e-08 1.95238e+03 1.76890e-15 +0.00000e+00
 2.68270e-08 1.95883e+03 2.20053e-15 +0.00000e+00
 3.34048e-08 1.96533e+03 2.73744e-15 +0.00000e+00
 4.15956e-08 1.97186e+03 3.40535e-15 +0.00000e+00
 5.17947e-08 1.97840e+03 4.23627e-15 +0.00000e+00
 6.44947e-08 1.98505e+03 5.26974e-15 +0.00000e+00
 8.03086e-08 1.99168e+03 6.55551e-15 +0.00000e+00
 1.00000e-07 1.99848e+03 8.15440e-15 +0.00000e+00
 1.24520e-07 2.00524e+03 1.01437e-14 +0.00000e+00
 1.55052e-07 2.01224e+03 1.26170e-14 +0.00000e+00
 1.93070e-07 2.01921e+03 1.56939e-14 +0.00000e+00
 2.40410e-07 2.02653e+03 1.95182e-14 +0.00000e+00
 2.99358e-07 2.03383e+03 2.42752e-14 +0.00000e+00
 3.72759e-07 2.04158e+03 3.01855e-14 +0.00000e+00
 4.64159e-07 2.04941e+03 3.75344e-14 +0.00000e+00
 5.77969e-07 2.05779e+03 4.66606e-14 +0.00000e+00
 7.19686e-07 2.06633e+03 5.80032e-14 +0.00000e+00
 8.96151e-07 2.07555e+03 7.20809e-14 +0.00000e+00
 1.11588e-06 2.08501e+03 8.95679e-14 +0.00000e+00
 1.38950e-06 2.09520e+03 1.11261e-13 +0.00000e+00
 1.73020e-06 2.10574e+03 1.38189e-13 +0.00000e+00
 2.15443e-06 2.11702e+03 1.71580e-13 +0.00000e+00
 2.68270e-06 2.12871e+03 2.13007e-13 +0.00000e+00
 3.34048e-06 2.14108e+03 2.64360e-13 +0.00000e+00
 4.15956e-06 2.15386e+03 3.28044e-13 +0.00000e+00
 5.17947e-06 2.16723e+03 4.06978e-13 +0.00000e+00
 6.44947e-06 2.18099e+03 5.04836e-13 +0.00000e+00
 8.03086e-06 2.19523e+03 6.26122e-13 +0.00000e+00
 1.00000e-05 2.20983e+03 7.76458e-13 +0.00000e+00
 1.24520e-05 2.22486e+03 9.62764e-13 +0.00000e+00
 1.55052e-05 2.24029e+03 1.19361e-12 +0.00000e+00
 1.93070e-05 2.25615e+03 1.47963e-12 +0.00000e+00
 2.40410e-05 2.27255e+03 1.83385e-12 +0.00000e+00
 2.99358e-05 2.28943e+03 2.27254e-12 +0.00000e+00
 3.72759e-05 2.30701e+03 2.81546e-12 +0.00000e+00
 4.64159e-05 2.32514e+03 3.48753e-12 +0.00000e+00
 5.77969e-05 2.34413e+03 4.31866e-12 +0.00000e+00
 7.19686e-05 2.36370e+03 5.34701e-12 +0.00000e+00
 8.96151e-05 2.38421e+03 6.61798e-12 +0.00000e+00
 1.11588e-04 2.40302e+03 8.19835e-12 +0.00000e+00
 1.38950e-04 2.42361e+03 1.01487e-11 +0.00000e+00
 1.73020e-04 2.44668e+03 1.25506e-11 +0.00000e+00
 2.15443e-04 2.46954e+03 1.55243e-11 +0.00000e+00
 2.68270e-04 2.49443e+03 1.91879e-11 +0.00000e+00
 3.34048e-04 2.51930e+03 2.37197e-11 +0.00000e+00
 4.15956e-04 2.54582e+03 2.93051e-11 +0.00000e+00
 5.17947e-04 2.57221e+03 3.62130e-11 +0.00000e+00
 6.44947e-04 2.60011e+03 4.47271e-11 +0.00000e+00
 8.03086e-04 2.62838e+03 5.52431e-11 +0.00000e+00
 1.00000e-03 2.65706e+03 6.82296e-11 +0.00000e+00
 1.24520e-03 2.68490e+03 8.43097e-11 -2.54749e-07
 1.55052e-03 2.71315e+03 1.04174e-10 -3.17212e-07
 1.93070e-03 2.74179e+03 1.28714e-10 -3.94992e-07
 2.40410e-03 2.76904e+03 1.59136e-10 -4.91842e-07
 2.99358e-03 2.79630e+03 1.96766e-10 -6.12441e-07
 3.72759e-03 2.82143e+03 2.43505e-10 -7.62610e-07
 4.64159e-03 2.84617e+03 3.01405e-10 -9.49595e-07
 5.77969e-03 2.86998e+03 3.73204e-10 -1.18244e-06
 7.19686e-03 2.89192e+03 4.62435e-10 -1.47237e-06
 8.96151e-03 2.91302e+03 5.73150e-10 -1.83339e-06
 1.11588e-02 2.93266e+03 7.10734e-10 -2.28293e-06
 1.38950e-02 2.95116e+03 8.81611e-10 -2.84270e-06
 1.73020e-02 2.96925e+03 1.09363e-09 -3.53972e-06
 2.15443e-02 2.98684e+03 1.35662e-09 -4.40765e-06
 2.68270e-02 3.00427e+03 1.68263e-09 -5.48839e-06
 3.34048e-02 3.02202e+03 2.08611e-09 -6.83413e-06
 4.15956e-02 3.04022e+03 2.58507e-09 -8.50983e-06
 5.17947e-02 3.05917e+03 3.20108e-09 -1.05964e-05
 6.44947e-02 3.07900e+03 3.96051e-09 -1.31946e-05
 8.03086e-02 3.10029e+03 4.89426e-09 -1.64299e-05
 1.00000e-01 3.12359e+03 6.03855e-09 -2.04585e-05
 1.24520e-01 3.14951e+03 7.43598e-09 -2.54749e-05
 1.55052e-01 3.17828e+03 9.13582e-09 -3.17212e-05
 1.93070e-01 3.21087e+03 1.11931e-08 -3.94992e-05
 2.40410e-01 3.24743e+03 1.36698e-08 -4.91842e-05
 2.99358e-01 3.28922e+03 1.66314e-08 -6.12441e-05
 3.72759e-01 3.33753e+03 2.01389e-08 -7.62610e-05
 4.64159e-01 3.39238e+03 2.42651e-08 -9.49595e-05
 5.77969e-01 3.45681e+03 2.90349e-08 -1.18244e-04
 7.19686e-01 3.53137e+03 3.44512e-08 -1.47237e-04
 8.96151e-01 3.62157e+03 4.03364e-08 -1.83339e-04
 1.11588e+00 3.73752e+03 4.61461e-08 -2.28282e-04
 1.38950e+00 3.87860e+03 5.11086e-08 -2.80750e-04
 1.73020e+00 4.05366e+03 5.42058e-08 -1.26406e-04
 2.15443e+00 4.25607e+03 5.52084e-08 +4.56911e-03
 2.68270e+00 4.47209e+03 5.47119e-08 +2.35019e-02
 3.34048e+00 4.64305e+03 5.41369e-08 +4.13554e-02
 4.15956e+00 4.78057e+03 5.36925e-08 +5.16732e-02
 5.17947e+00 4.89888e+03 5.33435e-08 +5.82372e-02
 6.44947e+00 5.00589e+03 5.30573e-08 +6.27236e-02
 8.03086e+00 5.10605e+03 5.28143e-08 +6.59639e-02
 1.00000e+01 5.20202e+03 5.26033e-08 +6.84057e-02
 1.24520e+01 5.29553e+03 5.24173e-08 +7.03025e-02
 1.55052e+01 5.38775e+03 5.22517e-08 +7.18096e-02
 1.93070e+01 5.47955e+03 5.21036e-08 +7.30295e-02
 2.40410e+01 5.57153e+03 5.19713e-08 +7.40308e-02
 2.99358e+01 5.66417e+03 5.18537e-08 +7.48609e-02
 3.72759e+01 5.75785e+03 5.17501e-08 +7.55541e-02
 4.64159e+01 5.85288e+03 5.16601e-08 +7.61389e-02
 5.77969e+01 5.94942e+03 5.15844e-08 +7.66370e-02
 7.19686e+01 6.04758e+03 5.15240e-08 +7.70612e-02
 8.96151e+01 6.14749e+03 5.14798e-08 +7.74243e-02
 1.11588e+02 6.24917e+03 5.14533e-08 +7.77363e-02
 1.38950e+02 6.35255e+03 5.14470e-08 +7.80072e-02
 1.73020e+02 6.45751e+03 5.14637e-08 +7.82406e-02
 2.15443e+02 6.56399e+03 5.15057e-08 +7.84412e-02
 2.68270e+02 6.67195e+03 5.15752e-08 +7.86137e-02
 3.34048e+02 6.78131e+03 5.16748e-08 +7.87617e-02
 4.15956e+02 6.89204e+03 5.18063e-08 +7.88891e-02
 5.17947e+02 7.00398e+03 5.19729e-08 +7.89989e-02
 6.44947e+02 7.11686e+03 5.21786e-08 +7.90943e-02
 8.03086e+02 7.23050e+03 5.24267e-08 +7.91759e-02
 1.00000e+03 7.34472e+03 5.27209e-08 +7.92461e-02
