#n1=128 n2=4 Teff=03400 R=7.6412e+12 L=5.5547e+36 logg=+0.50
#   tau          T          rho         Fconv
 0.00000e+00 1.65789e+03 9.12914e-21 +0.00000e+00
 1.00000e-09 1.65789e+03 9.73058e-17 +0.00000e+00
 1.24520e-09 1.66464e+03 1.20971e-16 +0.00000e+00
 1.55052e-09 1.67190e+03 1.50343e-16 +0.00000e+00
 1.93070e-09 1.67873e+03 1.86899e-16 +0.00000e+00
 2.40410e-09 1.68622e+03 2.32249e-16 +0.00000e+00
 2.99358e-09 1.69316e+03 2.88707e-16 +0.00000e+00
 3.72759e-09 1.70094e+03 3.58709e-16 +0.00000e+00
 4.64159e-09 1.70804e+03 4.45882e-16 +0.00000e+00
 5.77969e-09 1.71604e+03 5.53943e-16 +0.00000e+00
 7.19686e-09 1.72336e+03 6.88503e-16 +0.00000e+00
 8.96151e-09 1.73160e+03 8.55290e-16 +0.00000e+00
 1.11588e-08 1.73928e+03 1.06288e-15 +0.00000e+00
 1.38950e-08 1.74775e+03 1.32026e-15 +0.00000e+00
 1.73020e-08 1.75586e+03 1.64037e-15 +0.00000e+00
 2.15443e-08 1.76464e+03 2.03735e-15 +0.00000e+00
 2.68270e-08 1.77325e+03 2.53074e-15 +0.00000e+00
 3.34048e-08 1.78245e+03 3.14265e-15 +0.00000e+00
 4.15956e-08 1.79165e+03 3.90262e-15 +0.00000e+00
 5.17947e-08 1.80136e+03 4.84513e-15 +0.00000e+00
 6.44947e-08 1.81129e+03 6.01466e-15 +0.00000e+00
 8.03086e-08 1.82164e+03 7.46507e-15 +0.00000e+00
 1.00000e-07 1.83240e+03 9.26320e-15 +0.00000e+00
 1.24520e-07 1.84356e+03 1.14925e-14 +0.00000e+00
 1.55052e-07 1.85532e+03 1.42537e-14 +0.00000e+00
 1.93070e-07 1.86739e+03 1.76763e-14 +0.00000e+00
 2.40410e-07 1.88027e+03 2.19111e-14 +0.00000e+00
 2.99358e-07 1.89343e+03 2.71584e-14 +0.00000e+00
 3.72759e-07 1.90755e+03 3.36448e-14 +0.00000e+00
 4.64159e-07 1.92189e+03 4.16792e-14 +0.00000e+00
 5.77969e-07 1.93730e+03 5.16036e-14 +0.00000e+00
 7.19686e-07 1.95293e+03 6.38894e-14 +0.00000e+00
 8.96151e-07 1.96968e+03 7.90559e-14 +0.00000e+00
 1.11588e-06 1.98649e+03 9.78299e-14 +0.00000e+00
 1.38950e-06 2.00460e+03 1.20986e-13 +0.00000e+00
 1.73020e-06 2.02303e+03 1.49613e-13 +0.00000e+00
 2.15443e-06 2.04258e+03 1.84919e-13 +0.00000e+00
 2.68270e-06 2.06261e+03 2.28524e-13 +0.00000e+00
 3.34048e-06 2.08332e+03 2.82342e-13 +0.00000e+00
 4.15956e-06 2.10490e+03 3.48711e-13 +0.00000e+00
 5.17947e-06 2.12702e+03 4.30612e-13 +0.00000e+00
 6.44947e-06 2.14918e+03 5.31788e-13 +0.00000e+00
 8.03086e-06 2.17092e+03 6.56931e-13 +0.00000e+00
 1.00000e-05 2.19189e+03 8.11871e-13 +0.00000e+00
 1.24520e-05 2.21176e+03 1.00393e-12 +0.00000e+00
 1.55052e-05 2.23050e+03 1.24207e-12 +0.00000e+00
 1.93070e-05 2.24807e+03 1.53753e-12 +0.00000e+00
 2.40410e-05 2.26463e+03 1.90401e-12 +0.00000e+00
 2.99358e-05 2.28028e+03 2.35862e-12 +0.00000e+00
 3.72759e-05 2.29521e+03 2.92225e-12 +0.00000e+00
 4.64159e-05 2.30957e+03 3.62083e-12 +0.00000e+00
 5.77969e-05 2.32353e+03 4.48605e-12 +0.00000e+00
 7.19686e-05 2.33721e+03 5.55701e-12 +0.00000e+00
 8.96151e-05 2.35071e+03 6.88140e-12 +0.00000e+00
 1.11588e-04 2.36420e+03 8.51754e-12 +0.00000e+00
 1.38950e-04 2.37782e+03 1.05358e-11 +0.00000e+00
 1.73020e-04 2.39165e+03 1.30225e-11 +0.00000e+00
 2.15443e-04 2.40584e+03 1.60802e-11 +0.00000e+00
 2.68270e-04 2.42042e+03 1.98334e-11 +0.00000e+00
 3.34048e-04 2.43551e+03 2.44300e-11 +0.00000e+00
 4.15956e-04 2.45120e+03 3.00444e-11 +0.00000e+00
 5.17947e-04 2.46748e+03 3.68856e-11 +0.00000e+00
 6.44947e-04 2.48453e+03 4.51906e-11 +0.00000e+00
 8.03086e-04 2.50234e+03 5.52430e-11 +0.00000e+00
 1.00000e-03 2.52099e+03 6.73586e-11 +0.00000e+00
 1.24520e-03 2.54060e+03 8.19041e-11 -2.54786e-07
 1.55052e-03 2.56118e+03 9.92831e-11 -3.17258e-07
 1.93070e-03 2.58280e+03 1.19956e-10 -3.95049e-07
 2.40410e-03 2.60559e+03 1.44417e-10 -4.91914e-07
 2.99358e-03 2.62944e+03 1.73217e-10 -6.12530e-07
 3.72759e-03 2.65444e+03 2.06958e-10 -7.62720e-07
 4.64159e-03 2.68047e+03 2.46279e-10 -9.49737e-07
 5.77969e-03 2.70752e+03 2.91887e-10 -1.18261e-06
 7.19686e-03 2.73534e+03 3.44550e-10 -1.47259e-06
 8.96151e-03 2.76382e+03 4.05080e-10 -1.83366e-06
 1.11588e-02 2.79270e+03 4.74400e-10 -2.28326e-06
 1.38950e-02 2.82183e+03 5.53468e-10 -2.84311e-06
 1.73020e-02 2.85073e+03 6.43429e-10 -3.54023e-06
 2.15443e-02 2.88030e+03 7.45137e-10 -4.40829e-06
 2.68270e-02 2.91055e+03 8.59672e-10 -5.48919e-06
 3.34048e-02 2.94340e+03 9.87276e-10 -6.83512e-06
 4.15956e-02 2.97799e+03 1.12900e-09 -8.51107e-06
 5.17947e-02 3.01459e+03 1.28548e-09 -1.05980e-05
 6.44947e-02 3.05497e+03 1.45607e-09 -1.31965e-05
 8.03086e-02 3.09918e+03 1.63980e-09 -1.64324e-05
 1.00000e-01 3.12564e+03 1.85386e-09 -2.04614e-05
 1.24520e-01 3.15540e+03 2.08887e-09 -2.54786e-05
 1.55052e-01 3.14795e+03 2.38708e-09 -3.17258e-05
 1.93070e-01 3.12246e+03 2.75998e-09 -3.95049e-05
 2.40410e-01 3.15234e+03 3.12816e-09 -4.91914e-05
 2.99358e-01 3.20282e+03 3.50269e-09 -6.12530e-05
 3.72759e-01 3.28433e+03 3.84954e-09 -7.62720e-05
 4.64159e-01 3.35569e+03 4.21338e-09 -9.49737e-05
 5.77969e-01 3.41623e+03 4.60579e-09 -1.18261e-04
 7.19686e-01 3.48772e+03 4.99667e-09 -1.47259e-04
 8.96151e-01 3.56862e+03 5.38268e-09 -1.83366e-04
 1.11588e+00 3.67607e+03 5.72631e-09 -2.28326e-04
 1.38950e+00 3.80173e+03 6.03510e-09 -2.84311e-04
 1.73020e+00 3.94460e+03 6.31844e-09 -3.54022e-04
 2.15443e+00 4.10913e+03 6.58619e-09 -4.40825e-04
 2.68270e+00 4.29654e+03 6.86158e-09 -5.48915e-04
 3.34048e+00 4.51253e+03 7.17015e-09 -6.13843e-04
 4.15956e+00 4.72452e+03 7.59302e-09 -6.13843e-04
 5.17947e+00 5.02976e+03 7.95120e-09 -6.13843e-04
 6.44947e+00 5.26812e+03 8.36415e-09 -6.13757e-04
 8.03086e+00 5.60309e+03 8.44887e-09 -6.03068e-04
 1.00000e+01 5.99159e+03 8.25964e-09 +7.84469e-05
 1.24520e+01 6.37127e+03 7.96987e-09 +9.69685e-03
 1.55052e+01 6.59099e+03 7.85384e-09 +2.39349e-02
 1.93070e+01 6.78312e+03 7.75790e-09 +3.75356e-02
 2.40410e+01 6.94959e+03 7.68544e-09 +4.78849e-02
 2.99358e+01 7.09660e+03 7.63259e-09 +5.53664e-02
 3.72759e+01 7.22952e+03 7.59538e-09 +6.07969e-02
 4.64159e+01 7.35220e+03 7.57094e-09 +6.48130e-02
 5.77969e+01 7.46738e+03 7.55740e-09 +6.78424e-02
 7.19686e+01 7.57696e+03 7.55357e-09 +7.01690e-02
 8.96151e+01 7.68233e+03 7.55871e-09 +7.19826e-02
 1.11588e+02 7.78450e+03 7.57244e-09 +7.34134e-02
 1.38950e+02 7.88425e+03 7.59458e-09 +7.45523e-02
 1.73020e+02 7.98218e+03 7.62512e-09 +7.54684e-02
 2.15443e+02 8.07872e+03 7.66425e-09 +7.62093e-02
 2.68270e+02 8.17423e+03 7.71223e-09 +7.68123e-02
 3.34048e+02 8.26899e+03 7.76947e-09 +7.73046e-02
 4.15956e+02 8.36323e+03 7.83646e-09 +7.77081e-02
 5.17947e+02 8.45715e+03 7.91377e-09 +7.80398e-02
 6.44947e+02 8.55091e+03 8.00209e-09 +7.83129e-02
 8.03086e+02 8.64465e+03 8.10224e-09 +7.85383e-02
 1.00000e+03 8.73850e+03 8.21508e-09 +7.87244e-02
