#n1=128 n2=4 Teff=03400 R=1.3278e+11 L=1.6783e+33 logg=+3.50
#   tau          T          rho         Fconv
 0.00000e+00 2.05612e+03 7.27328e-21 +0.00000e+00
 1.00000e-09 2.05612e+03 9.78490e-14 +0.00000e+00
 1.24520e-09 2.06172e+03 1.21547e-13 +0.00000e+00
 1.55052e-09 2.06773e+03 1.50960e-13 +0.00000e+00
 1.93070e-09 2.07418e+03 1.87454e-13 +0.00000e+00
 2.40410e-09 2.08086e+03 2.32753e-13 +0.00000e+00
 2.99358e-09 2.08817e+03 2.88916e-13 +0.00000e+00
 3.72759e-09 2.09570e+03 3.58607e-13 +0.00000e+00
 4.64159e-09 2.10387e+03 4.44980e-13 +0.00000e+00
 5.77969e-09 2.11225e+03 5.52122e-13 +0.00000e+00
 7.19686e-09 2.12121e+03 6.84887e-13 +0.00000e+00
 8.96151e-09 2.13041e+03 8.49510e-13 +0.00000e+00
 1.11588e-08 2.14011e+03 1.05349e-12 +0.00000e+00
 1.38950e-08 2.15001e+03 1.30636e-12 +0.00000e+00
 1.73020e-08 2.16026e+03 1.61976e-12 +0.00000e+00
 2.15443e-08 2.17062e+03 2.00828e-12 +0.00000e+00
 2.68270e-08 2.18111e+03 2.49008e-12 +0.00000e+00
 3.34048e-08 2.19176e+03 3.08727e-12 +0.00000e+00
 4.15956e-08 2.20252e+03 3.82785e-12 +0.00000e+00
 5.17947e-08 2.21336e+03 4.74596e-12 +0.00000e+00
 6.44947e-08 2.22419e+03 5.88506e-12 +0.00000e+00
 8.03086e-08 2.23505e+03 7.29754e-12 +0.00000e+00
 1.00000e-07 2.24608e+03 9.04915e-12 +0.00000e+00
 1.24520e-07 2.25746e+03 1.12189e-11 +0.00000e+00
 1.55052e-07 2.26889e+03 1.39098e-11 +0.00000e+00
 1.93070e-07 2.28063e+03 1.72435e-11 +0.00000e+00
 2.40410e-07 2.29230e+03 2.13780e-11 +0.00000e+00
 2.99358e-07 2.30426e+03 2.65010e-11 +0.00000e+00
 3.72759e-07 2.31606e+03 3.28535e-11 +0.00000e+00
 4.64159e-07 2.32811e+03 4.07265e-11 +0.00000e+00
 5.77969e-07 2.34006e+03 5.04829e-11 +0.00000e+00
 7.19686e-07 2.35223e+03 6.25746e-11 +0.00000e+00
 8.96151e-07 2.36436e+03 7.75450e-11 +0.00000e+00
 1.11588e-06 2.37668e+03 9.60951e-11 +0.00000e+00
 1.38950e-06 2.38895e+03 1.19048e-10 +0.00000e+00
 1.73020e-06 2.40131e+03 1.47474e-10 +0.00000e+00
 2.15443e-06 2.41349e+03 1.82645e-10 +0.00000e+00
 2.68270e-06 2.42557e+03 2.26189e-10 +0.00000e+00
 3.34048e-06 2.43736e+03 2.80073e-10 +0.00000e+00
 4.15956e-06 2.44874e+03 3.46765e-10 +0.00000e+00
 5.17947e-06 2.45985e+03 4.29331e-10 +0.00000e+00
 6.44947e-06 2.47022e+03 5.31407e-10 +0.00000e+00
 8.03086e-06 2.48021e+03 6.57954e-10 +0.00000e+00
 1.00000e-05 2.48939e+03 8.14108e-10 +0.00000e+00
 1.24520e-05 2.49779e+03 1.00807e-09 +0.00000e+00
 1.55052e-05 2.50590e+03 1.24664e-09 +0.00000e+00
 1.93070e-05 2.51277e+03 1.54322e-09 +0.00000e+00
 2.40410e-05 2.51994e+03 1.90723e-09 +0.00000e+00
 2.99358e-05 2.52655e+03 2.35555e-09 +0.00000e+00
 3.72759e-05 2.53289e+03 2.90946e-09 +0.00000e+00
 4.64159e-05 2.54002e+03 3.57978e-09 +0.00000e+00
 5.77969e-05 2.54684e+03 4.40713e-09 +0.00000e+00
 7.19686e-05 2.55503e+03 5.40136e-09 +0.00000e+00
 8.96151e-05 2.56350e+03 6.61224e-09 +0.00000e+00
 1.11588e-04 2.57295e+03 8.07233e-09 +0.00000e+00
 1.38950e-04 2.58341e+03 9.81623e-09 +0.00000e+00
 1.73020e-04 2.59424e+03 1.19263e-08 +0.00000e+00
 2.15443e-04 2.60683e+03 1.44008e-08 +0.00000e+00
 2.68270e-04 2.61971e+03 1.73631e-08 +0.00000e+00
 3.34048e-04 2.63338e+03 2.08635e-08 +0.00000e+00
 4.15956e-04 2.64827e+03 2.49475e-08 +0.00000e+00
 5.17947e-04 2.66352e+03 2.97783e-08 +0.00000e+00
 6.44947e-04 2.67977e+03 3.53497e-08 +0.00000e+00
 8.03086e-04 2.69676e+03 4.18254e-08 +0.00000e+00
 1.00000e-03 2.71421e+03 4.93611e-08 +0.00000e+00
 1.24520e-03 2.73277e+03 5.78802e-08 -2.54629e-07
 1.55052e-03 2.75201e+03 6.76871e-08 -3.17063e-07
 1.93070e-03 2.77198e+03 7.88608e-08 -3.94806e-07
 2.40410e-03 2.79305e+03 9.13431e-08 -4.91611e-07
 2.99358e-03 2.81506e+03 1.05454e-07 -6.12153e-07
 3.72759e-03 2.83811e+03 1.21252e-07 -7.62251e-07
 4.64159e-03 2.86255e+03 1.38543e-07 -9.49153e-07
 5.77969e-03 2.88843e+03 1.57685e-07 -1.18188e-06
 7.19686e-03 2.91566e+03 1.78753e-07 -1.47168e-06
 8.96151e-03 2.94363e+03 2.01480e-07 -1.83253e-06
 1.11588e-02 2.97228e+03 2.26410e-07 +1.40380e-02
 1.38950e-02 3.00104e+03 2.53902e-07 +1.57674e-02
 1.73020e-02 3.02990e+03 2.83937e-07 +1.20472e-02
 2.15443e-02 3.05900e+03 3.16548e-07 +9.19165e-03
 2.68270e-02 3.08837e+03 3.52413e-07 +7.23080e-03
 3.34048e-02 3.11795e+03 3.91851e-07 +5.91762e-03
 4.15956e-02 3.14770e+03 4.34589e-07 +4.79947e-03
 5.17947e-02 3.17759e+03 4.81155e-07 +4.05238e-03
 6.44947e-02 3.20757e+03 5.32355e-07 +3.66358e-03
 8.03086e-02 3.23763e+03 5.88671e-07 +3.48281e-03
 1.00000e-01 3.26783e+03 6.49646e-07 +3.45548e-03
 1.24520e-01 3.29831e+03 7.15984e-07 +3.69097e-03
 1.55052e-01 3.32919e+03 7.88598e-07 +4.18655e-03
 1.93070e-01 3.36059e+03 8.67930e-07 +5.00357e-03
 2.40410e-01 3.39265e+03 9.53392e-07 +7.14527e-03
 2.99358e-01 3.42684e+03 1.04379e-06 +6.94414e-03
 3.72759e-01 3.46158e+03 1.14150e-06 +9.10343e-03
 4.64159e-01 3.49654e+03 1.24744e-06 +1.14121e-02
 5.77969e-01 3.53174e+03 1.36203e-06 +1.41819e-02
 7.19686e-01 3.56728e+03 1.48396e-06 +1.74781e-02
 8.96151e-01 3.60322e+03 1.61616e-06 +2.15549e-02
 1.11588e+00 3.63965e+03 1.75942e-06 +2.65268e-02
 1.38950e+00 3.67669e+03 1.91449e-06 +3.26330e-02
 1.73020e+00 3.71452e+03 2.08014e-06 +4.01842e-02
 2.15443e+00 3.75330e+03 2.25738e-06 +4.96023e-02
 2.68270e+00 3.79312e+03 2.44834e-06 +6.14118e-02
 3.34048e+00 3.83396e+03 2.65400e-06 +6.94428e-02
 4.15956e+00 3.87548e+03 2.87608e-06 +7.10491e-02
 5.17947e+00 3.91764e+03 3.11276e-06 +7.23841e-02
 6.44947e+00 3.96056e+03 3.36870e-06 +7.34982e-02
 8.03086e+00 4.00436e+03 3.64597e-06 +7.44238e-02
 1.00000e+01 4.04915e+03 3.94620e-06 +7.51971e-02
 1.24520e+01 4.09509e+03 4.27074e-06 +7.58424e-02
 1.55052e+01 4.14239e+03 4.61724e-06 +7.63761e-02
 1.93070e+01 4.19120e+03 4.99251e-06 +7.68305e-02
 2.40410e+01 4.24158e+03 5.39870e-06 +7.72208e-02
 2.99358e+01 4.29349e+03 5.83852e-06 +7.75592e-02
 3.72759e+01 4.34688e+03 6.31382e-06 +7.78487e-02
 4.64159e+01 4.40192e+03 6.82591e-06 +7.80910e-02
 5.77969e+01 4.45881e+03 7.38254e-06 +7.82945e-02
 7.19686e+01 4.51788e+03 7.98626e-06 +7.84637e-02
 8.96151e+01 4.57947e+03 8.63926e-06 +7.86063e-02
 1.11588e+02 4.64388e+03 9.34122e-06 +7.87272e-02
 1.38950e+02 4.71138e+03 1.00960e-05 +7.88324e-02
 1.73020e+02 4.78194e+03 1.09095e-05 +7.89265e-02
 2.15443e+02 4.85538e+03 1.17837e-05 +7.90109e-02
 2.68270e+02 4.93155e+03 1.27196e-05 +7.90852e-02
 3.34048e+02 5.01046e+03 1.37123e-05 +7.91496e-02
 4.15956e+02 5.09222e+03 1.47601e-05 +7.92056e-02
 5.17947e+02 5.17680e+03 1.58561e-05 +7.92552e-02
 6.44947e+02 5.26384e+03 1.69914e-05 +7.93004e-02
 8.03086e+02 5.35273e+03 1.81575e-05 +7.93413e-02
 1.00000e+03 5.44293e+03 1.93443e-05 +7.93776e-02
