#n1=128 n2=4 Teff=03800 R=2.3890e+10 L=8.4787e+31 logg=+5.00
#   tau          T          rho         Fconv
 0.00000e+00 2.34642e+03 6.36994e-21 +0.00000e+00
 1.00000e-09 2.34642e+03 2.73608e-12 +0.00000e+00
 1.24520e-09 2.34883e+03 3.40451e-12 +0.00000e+00
 1.55052e-09 2.35158e+03 4.23580e-12 +0.00000e+00
 1.93070e-09 2.35467e+03 5.26962e-12 +0.00000e+00
 2.40410e-09 2.35818e+03 6.55489e-12 +0.00000e+00
 2.99358e-09 2.36209e+03 8.15284e-12 +0.00000e+00
 3.72759e-09 2.36653e+03 1.01387e-11 +0.00000e+00
 4.64159e-09 2.37141e+03 1.26067e-11 +0.00000e+00
 5.77969e-09 2.37690e+03 1.56724e-11 +0.00000e+00
 7.19686e-09 2.38291e+03 1.94804e-11 +0.00000e+00
 8.96151e-09 2.38961e+03 2.42084e-11 +0.00000e+00
 1.11588e-08 2.39689e+03 3.00770e-11 +0.00000e+00
 1.38950e-08 2.40488e+03 3.73597e-11 +0.00000e+00
 1.73020e-08 2.41349e+03 4.63919e-11 +0.00000e+00
 2.15443e-08 2.42276e+03 5.75958e-11 +0.00000e+00
 2.68270e-08 2.43261e+03 7.14821e-11 +0.00000e+00
 3.34048e-08 2.44298e+03 8.87029e-11 +0.00000e+00
 4.15956e-08 2.45379e+03 1.10039e-10 +0.00000e+00
 5.17947e-08 2.46490e+03 1.36501e-10 +0.00000e+00
 6.44947e-08 2.47622e+03 1.69295e-10 +0.00000e+00
 8.03086e-08 2.48756e+03 2.09980e-10 +0.00000e+00
 1.00000e-07 2.49886e+03 2.60438e-10 +0.00000e+00
 1.24520e-07 2.51000e+03 3.23038e-10 +0.00000e+00
 1.55052e-07 2.52103e+03 4.00737e-10 +0.00000e+00
 1.93070e-07 2.53195e+03 4.96981e-10 +0.00000e+00
 2.40410e-07 2.54300e+03 6.16356e-10 +0.00000e+00
 2.99358e-07 2.55431e+03 7.63731e-10 +0.00000e+00
 3.72759e-07 2.56618e+03 9.45969e-10 +0.00000e+00
 4.64159e-07 2.57874e+03 1.16990e-09 +0.00000e+00
 5.77969e-07 2.59219e+03 1.44547e-09 +0.00000e+00
 7.19686e-07 2.60662e+03 1.78253e-09 +0.00000e+00
 8.96151e-07 2.62206e+03 2.19466e-09 +0.00000e+00
 1.11588e-06 2.63853e+03 2.69683e-09 +0.00000e+00
 1.38950e-06 2.65600e+03 3.30606e-09 +0.00000e+00
 1.73020e-06 2.67433e+03 4.04665e-09 +0.00000e+00
 2.15443e-06 2.69345e+03 4.93664e-09 +0.00000e+00
 2.68270e-06 2.71306e+03 6.01445e-09 +0.00000e+00
 3.34048e-06 2.73302e+03 7.30427e-09 +0.00000e+00
 4.15956e-06 2.75299e+03 8.85598e-09 +0.00000e+00
 5.17947e-06 2.77273e+03 1.07118e-08 +0.00000e+00
 6.44947e-06 2.79215e+03 1.29232e-08 +0.00000e+00
 8.03086e-06 2.81091e+03 1.55714e-08 +0.00000e+00
 1.00000e-05 2.82920e+03 1.86935e-08 +0.00000e+00
 1.24520e-05 2.84670e+03 2.24154e-08 +0.00000e+00
 1.55052e-05 2.86349e+03 2.68157e-08 +0.00000e+00
 1.93070e-05 2.87971e+03 3.19949e-08 +0.00000e+00
 2.40410e-05 2.89506e+03 3.81428e-08 +0.00000e+00
 2.99358e-05 2.90990e+03 4.53280e-08 +0.00000e+00
 3.72759e-05 2.92401e+03 5.38021e-08 +0.00000e+00
 4.64159e-05 2.93714e+03 6.38430e-08 +0.00000e+00
 5.77969e-05 2.94990e+03 7.54955e-08 +0.00000e+00
 7.19686e-05 2.96168e+03 8.93012e-08 +0.00000e+00
 8.96151e-05 2.97259e+03 1.05614e-07 +0.00000e+00
 1.11588e-04 2.98316e+03 1.24602e-07 +0.00000e+00
 1.38950e-04 2.99289e+03 1.47121e-07 +0.00000e+00
 1.73020e-04 3.00203e+03 1.73669e-07 +0.00000e+00
 2.15443e-04 3.01108e+03 2.04600e-07 +0.00000e+00
 2.68270e-04 3.01965e+03 2.41233e-07 +0.00000e+00
 3.34048e-04 3.02823e+03 2.84206e-07 +0.00000e+00
 4.15956e-04 3.03714e+03 3.34118e-07 +0.00000e+00
 5.17947e-04 3.04620e+03 3.92832e-07 +0.00000e+00
 6.44947e-04 3.05592e+03 4.61124e-07 +0.00000e+00
 8.03086e-04 3.06646e+03 5.39743e-07 +0.00000e+00
 1.00000e-03 3.07771e+03 6.31229e-07 +0.00000e+00
 1.24520e-03 3.09006e+03 7.36511e-07 -2.54585e-07
 1.55052e-03 3.10342e+03 8.56290e-07 -3.17009e-07
 1.93070e-03 3.11779e+03 9.93927e-07 -3.94739e-07
 2.40410e-03 3.13350e+03 1.15069e-06 -4.91528e-07
 2.99358e-03 3.15042e+03 1.32628e-06 -6.12049e-07
 3.72759e-03 3.16845e+03 1.52538e-06 -7.62121e-07
 4.64159e-03 3.18796e+03 1.74986e-06 -9.48993e-07
 5.77969e-03 3.20908e+03 1.99677e-06 -1.18168e-06
 7.19686e-03 3.23154e+03 2.27178e-06 -1.47142e-06
 8.96151e-03 3.25562e+03 2.57669e-06 -1.83222e-06
 1.11588e-02 3.28153e+03 2.90916e-06 -2.28147e-06
 1.38950e-02 3.30920e+03 3.26893e-06 -2.84088e-06
 1.73020e-02 3.33877e+03 3.65940e-06 -3.53745e-06
 2.15443e-02 3.37045e+03 4.08004e-06 -4.40482e-06
 2.68270e-02 3.40470e+03 4.51980e-06 -5.48488e-06
 3.34048e-02 3.43828e+03 4.99438e-06 -6.82975e-06
 4.15956e-02 3.47259e+03 5.50469e-06 -8.50439e-06
 5.17947e-02 3.50715e+03 6.05572e-06 -1.05897e-05
 6.44947e-02 3.54215e+03 6.64064e-06 +2.96995e-03
 8.03086e-02 3.57731e+03 7.26727e-06 +4.31064e-03
 1.00000e-01 3.61264e+03 7.94470e-06 +2.01781e-03
 1.24520e-01 3.64821e+03 8.67779e-06 +2.49498e-03
 1.55052e-01 3.68411e+03 9.46701e-06 +3.29548e-03
 1.93070e-01 3.72037e+03 1.03058e-05 +4.49475e-03
 2.40410e-01 3.75719e+03 1.12120e-05 +5.43595e-03
 2.99358e-01 3.79462e+03 1.21911e-05 +7.44182e-03
 3.72759e-01 3.83243e+03 1.32519e-05 +9.54838e-03
 4.64159e-01 3.87065e+03 1.43859e-05 +1.21398e-02
 5.77969e-01 3.90939e+03 1.56014e-05 +1.51025e-02
 7.19686e-01 3.94871e+03 1.69179e-05 +1.84536e-02
 8.96151e-01 3.98869e+03 1.83442e-05 +2.26354e-02
 1.11588e+00 4.02938e+03 1.98897e-05 +2.76856e-02
 1.38950e+00 4.07082e+03 2.15322e-05 +3.38150e-02
 1.73020e+00 4.11306e+03 2.32996e-05 +4.13400e-02
 2.15443e+00 4.15613e+03 2.52121e-05 +5.06375e-02
 2.68270e+00 4.20002e+03 2.72821e-05 +6.21653e-02
 3.34048e+00 4.24475e+03 2.95228e-05 +6.99191e-02
 4.15956e+00 4.29025e+03 3.18959e-05 +7.14269e-02
 5.17947e+00 4.33657e+03 3.44562e-05 +7.26933e-02
 6.44947e+00 4.38375e+03 3.72247e-05 +7.37600e-02
 8.03086e+00 4.43181e+03 4.02144e-05 +7.46605e-02
 1.00000e+01 4.48074e+03 4.34405e-05 +7.54237e-02
 1.24520e+01 4.53056e+03 4.68405e-05 +7.60677e-02
 1.55052e+01 4.58122e+03 5.04913e-05 +7.66159e-02
 1.93070e+01 4.63266e+03 5.44144e-05 +7.70820e-02
 2.40410e+01 4.68483e+03 5.86214e-05 +7.74762e-02
 2.99358e+01 4.73771e+03 6.31263e-05 +7.78088e-02
 3.72759e+01 4.79130e+03 6.78444e-05 +7.80885e-02
 4.64159e+01 4.84560e+03 7.28511e-05 +7.83247e-02
 5.77969e+01 4.90058e+03 7.81711e-05 +7.85243e-02
 7.19686e+01 4.95619e+03 8.38117e-05 +7.86926e-02
 8.96151e+01 5.01243e+03 8.97861e-05 +7.88345e-02
 1.11588e+02 5.06925e+03 9.60367e-05 +7.89542e-02
 1.38950e+02 5.12657e+03 1.02565e-04 +7.90555e-02
 1.73020e+02 5.18437e+03 1.09447e-04 +7.91402e-02
 2.15443e+02 5.24269e+03 1.16700e-04 +7.92108e-02
 2.68270e+02 5.30164e+03 1.24339e-04 +7.92694e-02
 3.34048e+02 5.36136e+03 1.32382e-04 +7.93180e-02
 4.15956e+02 5.42193e+03 1.40721e-04 +7.93590e-02
 5.17947e+02 5.48332e+03 1.49417e-04 +7.93935e-02
 6.44947e+02 5.54559e+03 1.58538e-04 +7.94224e-02
 8.03086e+02 5.60878e+03 1.68103e-04 +7.94466e-02
 1.00000e+03 5.67298e+03 1.78145e-04 +7.94670e-02
