#n1=128 n2=4 Teff=03500 R=3.9405e+10 L=1.6604e+32 logg=+4.50
#      tau          T          rho         Fconv
  0.00000e+00  2.18492e+03  7.01184e-21 +0.00000e+00
  1.00000e-09  2.18492e+03  9.60357e-13 +0.00000e+00
  1.24520e-09  2.19282e+03  1.19108e-12 +0.00000e+00
  1.55052e-09  2.20174e+03  1.47619e-12 +0.00000e+00
  1.93070e-09  2.21129e+03  1.82850e-12 +0.00000e+00
  2.40410e-09  2.22079e+03  2.26438e-12 +0.00000e+00
  2.99358e-09  2.23073e+03  2.80263e-12 +0.00000e+00
  3.72759e-09  2.24034e+03  3.46819e-12 +0.00000e+00
  4.64159e-09  2.25044e+03  4.28885e-12 +0.00000e+00
  5.77969e-09  2.26013e+03  5.30221e-12 +0.00000e+00
  7.19686e-09  2.27031e+03  6.54958e-12 +0.00000e+00
  8.96151e-09  2.28022e+03  8.08591e-12 +0.00000e+00
  1.11588e-08  2.29051e+03  9.97297e-12 +0.00000e+00
  1.38950e-08  2.30075e+03  1.22890e-11 +0.00000e+00
  1.73020e-08  2.31123e+03  1.51258e-11 +0.00000e+00
  2.15443e-08  2.32191e+03  1.85918e-11 +0.00000e+00
  2.68270e-08  2.33262e+03  2.28217e-11 +0.00000e+00
  3.34048e-08  2.34375e+03  2.79620e-11 +0.00000e+00
  4.15956e-08  2.35473e+03  3.42056e-11 +0.00000e+00
  5.17947e-08  2.36687e+03  4.17318e-11 +0.00000e+00
  6.44947e-08  2.37811e+03  5.08336e-11 +0.00000e+00
  8.03086e-08  2.38981e+03  6.17649e-11 +0.00000e+00
  1.00000e-07  2.40172e+03  7.48424e-11 +0.00000e+00
  1.24520e-07  2.41371e+03  9.04541e-11 +0.00000e+00
  1.55052e-07  2.42634e+03  1.08960e-10 +0.00000e+00
  1.93070e-07  2.43885e+03  1.30880e-10 +0.00000e+00
  2.40410e-07  2.45211e+03  1.56662e-10 +0.00000e+00
  2.99358e-07  2.46551e+03  1.86886e-10 +0.00000e+00
  3.72759e-07  2.47922e+03  2.22219e-10 +0.00000e+00
  4.64159e-07  2.49346e+03  2.63275e-10 +0.00000e+00
  5.77969e-07  2.50750e+03  3.10947e-10 +0.00000e+00
  7.19686e-07  2.52207e+03  3.66014e-10 +0.00000e+00
  8.96151e-07  2.53657e+03  4.29492e-10 +0.00000e+00
  1.11588e-06  2.55106e+03  5.02505e-10 +0.00000e+00
  1.38950e-06  2.56562e+03  5.86327e-10 +0.00000e+00
  1.73020e-06  2.57983e+03  6.82387e-10 +0.00000e+00
  2.15443e-06  2.59389e+03  7.92335e-10 +0.00000e+00
  2.68270e-06  2.60761e+03  9.18254e-10 +0.00000e+00
  3.34048e-06  2.62085e+03  1.06216e-09 +0.00000e+00
  4.15956e-06  2.63368e+03  1.22668e-09 +0.00000e+00
  5.17947e-06  2.64598e+03  1.41511e-09 +0.00000e+00
  6.44947e-06  2.65774e+03  1.63057e-09 +0.00000e+00
  8.03086e-06  2.66895e+03  1.87693e-09 +0.00000e+00
  1.00000e-05  2.67952e+03  2.15975e-09 +0.00000e+00
  1.24520e-05  2.68956e+03  2.48426e-09 +0.00000e+00
  1.55052e-05  2.69900e+03  2.85548e-09 +0.00000e+00
  1.93070e-05  2.70783e+03  3.28315e-09 +0.00000e+00
  2.40410e-05  2.71622e+03  3.77566e-09 +0.00000e+00
  2.99358e-05  2.72413e+03  4.34092e-09 +0.00000e+00
  3.72759e-05  2.73161e+03  4.99285e-09 +0.00000e+00
  4.64159e-05  2.73884e+03  5.74594e-09 +0.00000e+00
  5.77969e-05  2.74581e+03  6.61418e-09 +0.00000e+00
  7.19686e-05  2.75260e+03  7.61335e-09 +0.00000e+00
  8.96151e-05  2.75937e+03  8.76972e-09 +0.00000e+00
  1.11588e-04  2.76618e+03  1.01081e-08 +0.00000e+00
  1.38950e-04  2.77315e+03  1.16403e-08 +0.00000e+00
  1.73020e-04  2.78040e+03  1.34109e-08 +0.00000e+00
  2.15443e-04  2.78807e+03  1.54542e-08 +0.00000e+00
  2.68270e-04  2.79621e+03  1.77931e-08 +0.00000e+00
  3.34048e-04  2.80493e+03  2.04701e-08 +0.00000e+00
  4.15956e-04  2.81437e+03  2.35434e-08 +0.00000e+00
  5.17947e-04  2.82464e+03  2.70550e-08 +0.00000e+00
  6.44947e-04  2.83582e+03  3.10111e-08 +0.00000e+00
  8.03086e-04  2.84791e+03  3.55204e-08 +0.00000e+00
  1.00000e-03  2.86102e+03  4.06387e-08 +0.00000e+00
  1.24520e-03  2.87532e+03  4.63505e-08 -2.54541e-07
  1.55052e-03  2.89074e+03  5.27603e-08 -3.16955e-07
  1.93070e-03  2.90740e+03  5.99567e-08 -3.94671e-07
  2.40410e-03  2.92534e+03  6.79714e-08 -4.91442e-07
  2.99358e-03  2.94465e+03  7.67613e-08 -6.11943e-07
  3.72759e-03  2.96542e+03  8.65118e-08 -7.61990e-07
  4.64159e-03  2.98779e+03  9.72571e-08 -9.48827e-07
  5.77969e-03  3.01203e+03  1.08890e-07 -1.18148e-06
  7.19686e-03  3.03796e+03  1.21495e-07 -1.47117e-06
  8.96151e-03  3.06460e+03  1.35363e-07 -1.83190e-06
  1.11588e-02  3.09193e+03  1.50611e-07 -2.28107e-06
  1.38950e-02  3.11995e+03  1.67132e-07 -2.84039e-06
  1.73020e-02  3.14831e+03  1.85313e-07 -3.53685e-06
  2.15443e-02  3.17738e+03  2.05336e-07 -4.40407e-06
  2.68270e-02  3.20736e+03  2.27326e-07 +3.31308e-04
  3.34048e-02  3.23789e+03  2.51203e-07 +2.61661e-03
  4.15956e-02  3.26894e+03  2.77484e-07 +4.09181e-03
  5.17947e-02  3.30027e+03  3.06567e-07 +4.16112e-03
  6.44947e-02  3.33206e+03  3.38698e-07 +3.30957e-03
  8.03086e-02  3.36454e+03  3.73695e-07 +2.48532e-03
  1.00000e-01  3.39794e+03  4.12124e-07 +1.90832e-03
  1.24520e-01  3.43241e+03  4.54365e-07 +1.95371e-03
  1.55052e-01  3.46803e+03  5.00675e-07 +2.17546e-03
  1.93070e-01  3.50488e+03  5.50855e-07 +2.72343e-03
  2.40410e-01  3.54317e+03  6.05460e-07 +5.10481e-03
  2.99358e-01  3.58494e+03  6.63998e-07 +3.72443e-03
  3.72759e-01  3.62811e+03  7.27455e-07 +6.07010e-03
  4.64159e-01  3.67188e+03  7.96206e-07 +8.21977e-03
  5.77969e-01  3.71639e+03  8.70794e-07 +1.07172e-02
  7.19686e-01  3.76201e+03  9.51871e-07 +1.37235e-02
  8.96151e-01  3.80920e+03  1.03958e-06 +1.73772e-02
  1.11588e+00  3.85833e+03  1.13383e-06 +2.19098e-02
  1.38950e+00  3.90964e+03  1.23433e-06 +2.75699e-02
  1.73020e+00  3.96318e+03  1.34196e-06 +3.46777e-02
  2.15443e+00  4.01894e+03  1.45696e-06 +4.35979e-02
  2.68270e+00  4.07694e+03  1.57955e-06 +5.47387e-02
  3.34048e+00  4.13732e+03  1.70943e-06 +6.26421e-02
  4.15956e+00  4.19984e+03  1.84759e-06 +6.48169e-02
  5.17947e+00  4.26498e+03  1.99427e-06 +6.65876e-02
  6.44947e+00  4.33336e+03  2.14927e-06 +6.80625e-02
  8.03086e+00  4.40535e+03  2.31256e-06 +6.93490e-02
  1.00000e+01  4.48108e+03  2.48401e-06 +7.04862e-02
  1.24520e+01  4.56074e+03  2.66458e-06 +7.14688e-02
  1.55052e+01  4.64485e+03  2.85440e-06 +7.22940e-02
  1.93070e+01  4.73415e+03  3.05344e-06 +7.29796e-02
  2.40410e+01  4.82969e+03  3.26150e-06 +7.35286e-02
  2.99358e+01  4.93283e+03  3.47811e-06 +7.39725e-02
  3.72759e+01  5.04450e+03  3.70393e-06 +7.43670e-02
  4.64159e+01  5.16555e+03  3.93970e-06 +7.46933e-02
  5.77969e+01  5.29743e+03  4.18604e-06 +7.49599e-02
  7.19686e+01  5.44148e+03  4.44423e-06 +7.51809e-02
  8.96151e+01  5.59947e+03  4.71590e-06 +7.53474e-02
  1.11588e+02  5.77327e+03  5.00306e-06 +7.54800e-02
  1.38950e+02  5.96412e+03  5.30654e-06 +7.56115e-02
  1.73020e+02  6.17046e+03  5.62428e-06 +7.58115e-02
  2.15443e+02  6.38758e+03  5.95465e-06 +7.60984e-02
  2.68270e+02  6.60882e+03  6.29004e-06 +7.64772e-02
  3.34048e+02  6.82707e+03  6.62214e-06 +7.69027e-02
  4.15956e+02  7.03787e+03  6.94640e-06 +7.73156e-02
  5.17947e+02  7.23996e+03  7.26240e-06 +7.76801e-02
  6.44947e+02  7.43390e+03  7.57216e-06 +7.79889e-02
  8.03086e+02  7.62102e+03  7.87866e-06 +7.82446e-02
  1.00000e+03  7.80274e+03  8.18493e-06 +7.84559e-02
