#n1=128 n2=4 Teff=03100 R=1.3829e+13 L=1.2576e+37 logg=+0.00
#   tau          T          rho         Fconv
 0.00000e+00 1.37820e+03 1.12844e-20 +0.00000e+00
 1.00000e-09 1.37820e+03 3.67991e-17 +0.00000e+00
 1.24520e-09 1.38442e+03 4.55955e-17 +0.00000e+00
 1.55052e-09 1.39076e+03 5.65247e-17 +0.00000e+00
 1.93070e-09 1.39703e+03 7.01769e-17 +0.00000e+00
 2.40410e-09 1.40373e+03 8.70822e-17 +0.00000e+00
 2.99358e-09 1.41011e+03 1.08245e-16 +0.00000e+00
 3.72759e-09 1.41718e+03 1.34380e-16 +0.00000e+00
 4.64159e-09 1.42373e+03 1.67134e-16 +0.00000e+00
 5.77969e-09 1.43122e+03 2.07504e-16 +0.00000e+00
 7.19686e-09 1.43802e+03 2.58106e-16 +0.00000e+00
 8.96151e-09 1.44598e+03 3.20362e-16 +0.00000e+00
 1.11588e-08 1.45318e+03 3.98298e-16 +0.00000e+00
 1.38950e-08 1.46173e+03 4.93975e-16 +0.00000e+00
 1.73020e-08 1.46952e+03 6.13586e-16 +0.00000e+00
 2.15443e-08 1.47858e+03 7.60640e-16 +0.00000e+00
 2.68270e-08 1.48723e+03 9.43373e-16 +0.00000e+00
 3.34048e-08 1.49708e+03 1.16792e-15 +0.00000e+00
 4.15956e-08 1.50692e+03 1.44549e-15 +0.00000e+00
 5.17947e-08 1.51778e+03 1.78674e-15 +0.00000e+00
 6.44947e-08 1.52883e+03 2.20744e-15 +0.00000e+00
 8.03086e-08 1.54104e+03 2.72327e-15 +0.00000e+00
 1.00000e-07 1.55385e+03 3.35536e-15 +0.00000e+00
 1.24520e-07 1.56801e+03 4.12777e-15 +0.00000e+00
 1.55052e-07 1.58343e+03 5.06752e-15 +0.00000e+00
 1.93070e-07 1.60094e+03 6.20603e-15 +0.00000e+00
 2.40410e-07 1.62080e+03 7.57848e-15 +0.00000e+00
 2.99358e-07 1.64384e+03 9.23225e-15 +0.00000e+00
 3.72759e-07 1.67012e+03 1.12312e-14 +0.00000e+00
 4.64159e-07 1.69830e+03 1.36956e-14 +0.00000e+00
 5.77969e-07 1.72729e+03 1.67523e-14 +0.00000e+00
 7.19686e-07 1.75603e+03 2.05652e-14 +0.00000e+00
 8.96151e-07 1.78393e+03 2.53129e-14 +0.00000e+00
 1.11588e-06 1.80991e+03 3.12434e-14 +0.00000e+00
 1.38950e-06 1.83509e+03 3.85994e-14 +0.00000e+00
 1.73020e-06 1.85936e+03 4.77272e-14 +0.00000e+00
 2.15443e-06 1.88194e+03 5.90776e-14 +0.00000e+00
 2.68270e-06 1.90387e+03 7.31489e-14 +0.00000e+00
 3.34048e-06 1.92425e+03 9.06424e-14 +0.00000e+00
 4.15956e-06 1.94382e+03 1.12357e-13 +0.00000e+00
 5.17947e-06 1.96215e+03 1.39347e-13 +0.00000e+00
 6.44947e-06 1.97916e+03 1.72932e-13 +0.00000e+00
 8.03086e-06 1.99522e+03 2.14689e-13 +0.00000e+00
 1.00000e-05 2.01088e+03 2.66552e-13 +0.00000e+00
 1.24520e-05 2.02599e+03 3.30994e-13 +0.00000e+00
 1.55052e-05 2.04083e+03 4.11028e-13 +0.00000e+00
 1.93070e-05 2.05565e+03 5.10333e-13 +0.00000e+00
 2.40410e-05 2.07032e+03 6.33609e-13 +0.00000e+00
 2.99358e-05 2.08529e+03 7.86377e-13 +0.00000e+00
 3.72759e-05 2.10033e+03 9.75787e-13 +0.00000e+00
 4.64159e-05 2.11590e+03 1.21017e-12 +0.00000e+00
 5.77969e-05 2.13203e+03 1.50000e-12 +0.00000e+00
 7.19686e-05 2.14849e+03 1.85835e-12 +0.00000e+00
 8.96151e-05 2.16539e+03 2.30093e-12 +0.00000e+00
 1.11588e-04 2.18275e+03 2.84699e-12 +0.00000e+00
 1.38950e-04 2.20037e+03 3.52033e-12 +0.00000e+00
 1.73020e-04 2.21820e+03 4.34987e-12 +0.00000e+00
 2.15443e-04 2.23645e+03 5.36962e-12 +0.00000e+00
 2.68270e-04 2.25495e+03 6.62205e-12 +0.00000e+00
 3.34048e-04 2.27372e+03 8.15678e-12 +0.00000e+00
 4.15956e-04 2.29286e+03 1.00337e-11 +0.00000e+00
 5.17947e-04 2.31212e+03 1.23241e-11 +0.00000e+00
 6.44947e-04 2.33170e+03 1.51113e-11 +0.00000e+00
 8.03086e-04 2.35169e+03 1.84903e-11 +0.00000e+00
 1.00000e-03 2.37219e+03 2.25730e-11 +0.00000e+00
 1.24520e-03 2.39322e+03 2.74847e-11 -2.54732e-07
 1.55052e-03 2.41497e+03 3.33678e-11 -3.17191e-07
 1.93070e-03 2.43714e+03 4.03885e-11 -3.94965e-07
 2.40410e-03 2.45940e+03 4.87363e-11 -4.91810e-07
 2.99358e-03 2.48184e+03 5.86180e-11 -6.12400e-07
 3.72759e-03 2.50464e+03 7.02500e-11 -7.62559e-07
 4.64159e-03 2.52785e+03 8.38827e-11 -9.49536e-07
 5.77969e-03 2.55135e+03 9.97846e-11 -1.18236e-06
 7.19686e-03 2.57530e+03 1.18246e-10 -1.47227e-06
 8.96151e-03 2.59984e+03 1.39578e-10 -1.83327e-06
 1.11588e-02 2.62496e+03 1.64114e-10 -2.28278e-06
 1.38950e-02 2.65056e+03 1.92249e-10 -2.84250e-06
 1.73020e-02 2.67679e+03 2.24372e-10 -3.53948e-06
 2.15443e-02 2.70380e+03 2.60900e-10 -4.40736e-06
 2.68270e-02 2.73151e+03 3.02337e-10 -5.48802e-06
 3.34048e-02 2.75987e+03 3.49197e-10 -6.83367e-06
 4.15956e-02 2.78905e+03 4.02017e-10 -8.50927e-06
 5.17947e-02 2.81921e+03 4.61389e-10 -1.05957e-05
 6.44947e-02 2.85031e+03 5.27939e-10 -1.31938e-05
 8.03086e-02 2.88233e+03 6.02351e-10 -1.64288e-05
 1.00000e-01 2.91543e+03 6.85303e-10 -2.04571e-05
 1.24520e-01 2.94981e+03 7.77442e-10 -2.54732e-05
 1.55052e-01 2.98574e+03 8.79368e-10 -3.17191e-05
 1.93070e-01 3.02351e+03 9.91571e-10 -3.94965e-05
 2.40410e-01 3.06503e+03 1.11369e-09 -4.91810e-05
 2.99358e-01 3.11536e+03 1.24295e-09 -6.12400e-05
 3.72759e-01 3.16743e+03 1.38127e-09 -7.62559e-05
 4.64159e-01 3.22029e+03 1.52877e-09 -9.49536e-05
 5.77969e-01 3.27746e+03 1.68292e-09 -1.18236e-04
 7.19686e-01 3.34026e+03 1.84118e-09 -1.47227e-04
 8.96151e-01 3.41071e+03 1.99973e-09 -1.83327e-04
 1.11588e+00 3.49163e+03 2.15340e-09 -2.28278e-04
 1.38950e+00 3.58663e+03 2.29606e-09 -2.84250e-04
 1.73020e+00 3.70023e+03 2.42131e-09 -3.53948e-04
 2.15443e+00 3.83816e+03 2.52359e-09 -4.40736e-04
 2.68270e+00 3.98384e+03 2.61931e-09 -5.48802e-04
 3.34048e+00 4.18860e+03 2.68070e-09 -6.13711e-04
 4.15956e+00 4.40269e+03 2.75420e-09 -6.13713e-04
 5.17947e+00 4.64259e+03 2.84821e-09 -6.13713e-04
 6.44947e+00 4.90843e+03 2.98219e-09 -6.13713e-04
 8.03086e+00 5.19763e+03 3.15007e-09 -6.13713e-04
 1.00000e+01 5.54471e+03 3.26134e-09 -6.13711e-04
 1.24520e+01 5.86498e+03 3.31812e-09 -6.13134e-04
 1.55052e+01 6.30700e+03 3.22921e-09 -5.09897e-04
 1.93070e+01 6.77810e+03 3.06802e-09 +6.72274e-03
 2.40410e+01 6.98466e+03 3.02409e-09 +2.11292e-02
 2.99358e+01 7.16545e+03 2.98644e-09 +3.63830e-02
 3.72759e+01 7.31958e+03 2.95787e-09 +4.78322e-02
 4.64159e+01 7.45377e+03 2.93690e-09 +5.57950e-02
 5.77969e+01 7.57405e+03 2.92183e-09 +6.13732e-02
 7.19686e+01 7.68467e+03 2.91143e-09 +6.53887e-02
 8.96151e+01 7.78849e+03 2.90495e-09 +6.83562e-02
 1.11588e+02 7.88748e+03 2.90191e-09 +7.06021e-02
 1.38950e+02 7.98303e+03 2.90203e-09 +7.23367e-02
 1.73020e+02 8.07616e+03 2.90519e-09 +7.36900e-02
 2.15443e+02 8.16770e+03 2.91128e-09 +7.47638e-02
 2.68270e+02 8.25820e+03 2.92035e-09 +7.56239e-02
 3.34048e+02 8.34811e+03 2.93246e-09 +7.63207e-02
 4.15956e+02 8.43778e+03 2.94775e-09 +7.68876e-02
 5.17947e+02 8.52748e+03 2.96642e-09 +7.73510e-02
 6.44947e+02 8.61745e+03 2.98867e-09 +7.77323e-02
 8.03086e+02 8.70790e+03 3.01475e-09 +7.80468e-02
 1.00000e+03 8.79900e+03 3.04500e-09 +7.83063e-02
