#n1=128 n2=4 Teff=03600 R=7.1956e+10 L=6.1946e+32 logg=+4.00
#      tau          T          rho         Fconv
  0.00000e+00  2.13581e+03  7.17357e-21 +0.00000e+00
  1.00000e-09  2.13581e+03  3.10183e-13 +0.00000e+00
  1.24520e-09  2.14397e+03  3.84857e-13 +0.00000e+00
  1.55052e-09  2.15343e+03  4.77147e-13 +0.00000e+00
  1.93070e-09  2.16326e+03  5.91399e-13 +0.00000e+00
  2.40410e-09  2.17358e+03  7.32733e-13 +0.00000e+00
  2.99358e-09  2.18387e+03  9.07742e-13 +0.00000e+00
  3.72759e-09  2.19466e+03  1.12409e-12 +0.00000e+00
  4.64159e-09  2.20527e+03  1.39189e-12 +0.00000e+00
  5.77969e-09  2.21644e+03  1.72263e-12 +0.00000e+00
  7.19686e-09  2.22741e+03  2.13164e-12 +0.00000e+00
  8.96151e-09  2.23896e+03  2.63622e-12 +0.00000e+00
  1.11588e-08  2.25041e+03  3.25923e-12 +0.00000e+00
  1.38950e-08  2.26242e+03  4.02669e-12 +0.00000e+00
  1.73020e-08  2.27447e+03  4.97219e-12 +0.00000e+00
  2.15443e-08  2.28696e+03  6.13484e-12 +0.00000e+00
  2.68270e-08  2.29962e+03  7.56327e-12 +0.00000e+00
  3.34048e-08  2.31254e+03  9.31582e-12 +0.00000e+00
  4.15956e-08  2.32573e+03  1.14617e-11 +0.00000e+00
  5.17947e-08  2.33897e+03  1.40866e-11 +0.00000e+00
  6.44947e-08  2.35266e+03  1.72863e-11 +0.00000e+00
  8.03086e-08  2.36619e+03  2.11850e-11 +0.00000e+00
  1.00000e-07  2.38037e+03  2.59117e-11 +0.00000e+00
  1.24520e-07  2.39422e+03  3.16405e-11 +0.00000e+00
  1.55052e-07  2.40879e+03  3.85437e-11 +0.00000e+00
  1.93070e-07  2.42328e+03  4.68475e-11 +0.00000e+00
  2.40410e-07  2.43828e+03  5.67889e-11 +0.00000e+00
  2.99358e-07  2.45362e+03  6.86398e-11 +0.00000e+00
  3.72759e-07  2.46900e+03  8.27317e-11 +0.00000e+00
  4.64159e-07  2.48483e+03  9.93927e-11 +0.00000e+00
  5.77969e-07  2.50047e+03  1.19044e-10 +0.00000e+00
  7.19686e-07  2.51649e+03  1.42100e-10 +0.00000e+00
  8.96151e-07  2.53229e+03  1.69073e-10 +0.00000e+00
  1.11588e-06  2.54807e+03  2.00516e-10 +0.00000e+00
  1.38950e-06  2.56372e+03  2.37045e-10 +0.00000e+00
  1.73020e-06  2.57893e+03  2.79372e-10 +0.00000e+00
  2.15443e-06  2.59393e+03  3.28290e-10 +0.00000e+00
  2.68270e-06  2.60837e+03  3.84725e-10 +0.00000e+00
  3.34048e-06  2.62232e+03  4.49665e-10 +0.00000e+00
  4.15956e-06  2.63578e+03  5.24340e-10 +0.00000e+00
  5.17947e-06  2.64859e+03  6.10086e-10 +0.00000e+00
  6.44947e-06  2.66077e+03  7.08408e-10 +0.00000e+00
  8.03086e-06  2.67238e+03  8.21183e-10 +0.00000e+00
  1.00000e-05  2.68327e+03  9.50472e-10 +0.00000e+00
  1.24520e-05  2.69355e+03  1.09848e-09 +0.00000e+00
  1.55052e-05  2.70324e+03  1.26822e-09 +0.00000e+00
  1.93070e-05  2.71226e+03  1.46290e-09 +0.00000e+00
  2.40410e-05  2.72083e+03  1.68569e-09 +0.00000e+00
  2.99358e-05  2.72888e+03  1.94145e-09 +0.00000e+00
  3.72759e-05  2.73650e+03  2.23506e-09 +0.00000e+00
  4.64159e-05  2.74384e+03  2.57138e-09 +0.00000e+00
  5.77969e-05  2.75091e+03  2.95747e-09 +0.00000e+00
  7.19686e-05  2.75777e+03  3.40124e-09 +0.00000e+00
  8.96151e-05  2.76460e+03  3.91042e-09 +0.00000e+00
  1.11588e-04  2.77143e+03  4.49363e-09 +0.00000e+00
  1.38950e-04  2.77837e+03  5.16408e-09 +0.00000e+00
  1.73020e-04  2.78559e+03  5.93351e-09 +0.00000e+00
  2.15443e-04  2.79318e+03  6.81132e-09 +0.00000e+00
  2.68270e-04  2.80119e+03  7.81685e-09 +0.00000e+00
  3.34048e-04  2.80976e+03  8.96775e-09 +0.00000e+00
  4.15956e-04  2.81903e+03  1.02774e-08 +0.00000e+00
  5.17947e-04  2.82911e+03  1.17630e-08 +0.00000e+00
  6.44947e-04  2.84007e+03  1.34528e-08 +0.00000e+00
  8.03086e-04  2.85193e+03  1.53701e-08 +0.00000e+00
  1.00000e-03  2.86483e+03  1.75184e-08 +0.00000e+00
  1.24520e-03  2.87892e+03  1.99399e-08 -2.54641e-07
  1.55052e-03  2.89415e+03  2.26634e-08 -3.17077e-07
  1.93070e-03  2.91064e+03  2.56996e-08 -3.94823e-07
  2.40410e-03  2.92842e+03  2.90693e-08 -4.91634e-07
  2.99358e-03  2.94759e+03  3.28227e-08 -6.12180e-07
  3.72759e-03  2.96825e+03  3.69835e-08 -7.62286e-07
  4.64159e-03  2.99054e+03  4.15318e-08 -9.49195e-07
  5.77969e-03  3.01470e+03  4.65184e-08 -1.18194e-06
  7.19686e-03  3.04058e+03  5.19864e-08 -1.47174e-06
  8.96151e-03  3.06713e+03  5.80159e-08 -1.83260e-06
  1.11588e-02  3.09433e+03  6.46011e-08 -2.28196e-06
  1.38950e-02  3.12217e+03  7.18846e-08 -2.84149e-06
  1.73020e-02  3.15063e+03  7.99334e-08 -3.53821e-06
  2.15443e-02  3.17962e+03  8.88103e-08 -4.40577e-06
  2.68270e-02  3.20904e+03  9.85612e-08 -5.48606e-06
  3.34048e-02  3.23895e+03  1.09367e-07 -6.83122e-06
  4.15956e-02  3.26960e+03  1.21305e-07 -8.50621e-06
  5.17947e-02  3.30086e+03  1.34467e-07 -1.05920e-05
  6.44947e-02  3.33331e+03  1.48861e-07 -1.31890e-05
  8.03086e-02  3.36740e+03  1.64642e-07 -1.64229e-05
  1.00000e-01  3.40366e+03  1.81826e-07 +2.50776e-04
  1.24520e-01  3.44277e+03  2.00351e-07 +1.74402e-03
  1.55052e-01  3.48276e+03  2.20496e-07 +1.29395e-03
  1.93070e-01  3.52464e+03  2.42359e-07 +1.47423e-03
  2.40410e-01  3.56959e+03  2.65837e-07 +3.63645e-03
  2.99358e-01  3.62532e+03  2.89610e-07 +7.35761e-04
  3.72759e-01  3.68388e+03  3.14600e-07 +1.84841e-03
  4.64159e-01  3.74331e+03  3.41305e-07 +3.01643e-03
  5.77969e-01  3.80561e+03  3.69465e-07 +4.63511e-03
  7.19686e-01  3.87187e+03  3.98880e-07 +6.66760e-03
  8.96151e-01  3.94323e+03  4.29243e-07 +9.15126e-03
  1.11588e+00  4.02050e+03  4.60325e-07 +1.23736e-02
  1.38950e+00  4.10421e+03  4.91929e-07 +1.64009e-02
  1.73020e+00  4.19503e+03  5.23825e-07 +2.13531e-02
  2.15443e+00  4.29419e+03  5.55710e-07 +2.71072e-02
  2.68270e+00  4.40380e+03  5.87164e-07 +3.37310e-02
  3.34048e+00  4.52533e+03  6.17978e-07 +3.86843e-02
  4.15956e+00  4.65751e+03  6.48567e-07 +4.08053e-02
  5.17947e+00  4.80090e+03  6.79308e-07 +4.24587e-02
  6.44947e+00  4.95758e+03  7.10547e-07 +4.35957e-02
  8.03086e+00  5.12966e+03  7.42860e-07 +4.43964e-02
  1.00000e+01  5.31902e+03  7.77115e-07 +4.48295e-02
  1.24520e+01  5.52797e+03  8.14193e-07 +4.50970e-02
  1.55052e+01  5.75637e+03  8.54638e-07 +4.57352e-02
  1.93070e+01  5.99859e+03  8.97878e-07 +4.77626e-02
  2.40410e+01  6.24151e+03  9.41906e-07 +5.15888e-02
  2.99358e+01  6.47236e+03  9.84763e-07 +5.61970e-02
  3.72759e+01  6.68604e+03  1.02557e-06 +6.04879e-02
  4.64159e+01  6.88360e+03  1.06459e-06 +6.40473e-02
  5.77969e+01  7.06810e+03  1.10243e-06 +6.68936e-02
  7.19686e+01  7.24253e+03  1.13971e-06 +6.91542e-02
  8.96151e+01  7.40940e+03  1.17698e-06 +7.09622e-02
  1.11588e+02  7.57053e+03  1.21472e-06 +7.24272e-02
  1.38950e+02  7.72721e+03  1.25336e-06 +7.36242e-02
  1.73020e+02  7.88050e+03  1.29329e-06 +7.46028e-02
  2.15443e+02  8.03144e+03  1.33479e-06 +7.54047e-02
  2.68270e+02  8.18076e+03  1.37818e-06 +7.60700e-02
  3.34048e+02  8.32900e+03  1.42373e-06 +7.66245e-02
  4.15956e+02  8.47659e+03  1.47174e-06 +7.70879e-02
  5.17947e+02  8.62395e+03  1.52245e-06 +7.74756e-02
  6.44947e+02  8.77128e+03  1.57616e-06 +7.78048e-02
  8.03086e+02  8.91843e+03  1.63325e-06 +7.80872e-02
  1.00000e+03  9.06500e+03  1.69416e-06 +7.83304e-02
