#n1=128 n2=4 Teff=03000 R=1.3382e+13 L=1.0341e+37 logg=+0.00
#   tau          T          rho         Fconv
 0.00000e+00 1.48160e+03 1.00857e-20 +0.00000e+00
 1.00000e-09 1.48160e+03 3.48712e-17 +0.00000e+00
 1.24520e-09 1.48731e+03 4.34083e-17 +0.00000e+00
 1.55052e-09 1.49287e+03 5.40557e-17 +0.00000e+00
 1.93070e-09 1.49848e+03 6.73204e-17 +0.00000e+00
 2.40410e-09 1.50381e+03 8.38797e-17 +0.00000e+00
 2.99358e-09 1.50940e+03 1.04496e-16 +0.00000e+00
 3.72759e-09 1.51457e+03 1.30260e-16 +0.00000e+00
 4.64159e-09 1.52005e+03 1.62344e-16 +0.00000e+00
 5.77969e-09 1.52480e+03 2.02531e-16 +0.00000e+00
 7.19686e-09 1.53000e+03 2.52595e-16 +0.00000e+00
 8.96151e-09 1.51749e+03 3.23196e-16 +0.00000e+00
 1.11588e-08 1.43669e+03 5.01387e-16 +0.00000e+00
 1.38950e-08 1.41930e+03 6.64926e-16 +0.00000e+00
 1.73020e-08 1.41296e+03 8.46977e-16 +0.00000e+00
 2.15443e-08 1.41033e+03 1.06449e-15 +0.00000e+00
 2.68270e-08 1.40824e+03 1.33632e-15 +0.00000e+00
 3.34048e-08 1.40600e+03 1.68020e-15 +0.00000e+00
 4.15956e-08 1.40535e+03 2.10061e-15 +0.00000e+00
 5.17947e-08 1.40449e+03 2.63307e-15 +0.00000e+00
 6.44947e-08 1.40439e+03 3.28936e-15 +0.00000e+00
 8.03086e-08 1.40454e+03 4.11435e-15 +0.00000e+00
 1.00000e-07 1.40502e+03 5.13885e-15 +0.00000e+00
 1.24520e-07 1.40562e+03 6.42331e-15 +0.00000e+00
 1.55052e-07 1.40637e+03 8.02423e-15 +0.00000e+00
 1.93070e-07 1.40754e+03 1.00196e-14 +0.00000e+00
 2.40410e-07 1.40848e+03 1.25190e-14 +0.00000e+00
 2.99358e-07 1.40950e+03 1.56384e-14 +0.00000e+00
 3.72759e-07 1.41057e+03 1.95389e-14 +0.00000e+00
 4.64159e-07 1.41173e+03 2.44001e-14 +0.00000e+00
 5.77969e-07 1.41293e+03 3.04803e-14 +0.00000e+00
 7.19686e-07 1.41421e+03 3.80492e-14 +0.00000e+00
 8.96151e-07 1.41551e+03 4.75197e-14 +0.00000e+00
 1.11588e-06 1.41690e+03 5.93040e-14 +0.00000e+00
 1.38950e-06 1.41831e+03 7.40452e-14 +0.00000e+00
 1.73020e-06 1.41981e+03 9.23806e-14 +0.00000e+00
 2.15443e-06 1.42135e+03 1.15295e-13 +0.00000e+00
 2.68270e-06 1.42297e+03 1.43820e-13 +0.00000e+00
 3.34048e-06 1.42463e+03 1.79437e-13 +0.00000e+00
 4.15956e-06 1.42639e+03 2.23783e-13 +0.00000e+00
 5.17947e-06 1.42821e+03 2.79102e-13 +0.00000e+00
 6.44947e-06 1.43013e+03 3.48004e-13 +0.00000e+00
 8.03086e-06 1.43213e+03 4.33906e-13 +0.00000e+00
 1.00000e-05 1.43423e+03 5.40881e-13 +0.00000e+00
 1.24520e-05 1.43644e+03 6.74177e-13 +0.00000e+00
 1.55052e-05 1.43877e+03 8.40204e-13 +0.00000e+00
 1.93070e-05 1.44123e+03 1.04692e-12 +0.00000e+00
 2.40410e-05 1.44383e+03 1.30438e-12 +0.00000e+00
 2.99358e-05 1.44657e+03 1.62484e-12 +0.00000e+00
 3.72759e-05 1.44947e+03 2.02383e-12 +0.00000e+00
 4.64159e-05 1.45253e+03 2.52029e-12 +0.00000e+00
 5.77969e-05 1.45576e+03 3.13825e-12 +0.00000e+00
 7.19686e-05 1.45918e+03 3.90687e-12 +0.00000e+00
 8.96151e-05 1.46277e+03 4.86339e-12 +0.00000e+00
 1.11588e-04 1.46657e+03 6.05265e-12 +0.00000e+00
 1.38950e-04 1.47056e+03 7.53231e-12 +0.00000e+00
 1.73020e-04 1.47477e+03 9.37116e-12 +0.00000e+00
 2.15443e-04 1.47921e+03 1.16583e-11 +0.00000e+00
 2.68270e-04 1.48391e+03 1.44993e-11 +0.00000e+00
 3.34048e-04 1.48889e+03 1.80308e-11 +0.00000e+00
 4.15956e-04 1.49419e+03 2.24159e-11 +0.00000e+00
 5.17947e-04 1.49984e+03 2.78625e-11 +0.00000e+00
 6.44947e-04 1.50589e+03 3.46211e-11 +0.00000e+00
 8.03086e-04 1.51215e+03 4.30159e-11 +0.00000e+00
 1.00000e-03 1.51915e+03 5.34177e-11 +0.00000e+00
 1.24520e-03 1.52620e+03 6.63361e-11 -2.54425e-07
 1.55052e-03 1.53435e+03 8.23160e-11 -3.16811e-07
 1.93070e-03 1.54316e+03 1.02104e-10 -3.94490e-07
 2.40410e-03 1.55267e+03 1.26591e-10 -4.91218e-07
 2.99358e-03 1.56294e+03 1.56881e-10 -6.11664e-07
 3.72759e-03 1.57401e+03 1.94321e-10 -7.61642e-07
 4.64159e-03 1.58600e+03 2.40562e-10 -9.48395e-07
 5.77969e-03 1.59883e+03 2.97665e-10 -1.18094e-06
 7.19686e-03 1.61262e+03 3.68112e-10 -1.47050e-06
 8.96151e-03 1.62741e+03 4.54980e-10 -1.83106e-06
 1.11588e-02 1.64284e+03 5.62149e-10 -2.28004e-06
 1.38950e-02 1.65995e+03 6.93895e-10 -2.83909e-06
 1.73020e-02 1.67840e+03 8.55823e-10 -3.53522e-06
 2.15443e-02 1.69830e+03 1.05476e-09 -4.40205e-06
 2.68270e-02 1.71980e+03 1.29866e-09 -5.48142e-06
 3.34048e-02 1.74308e+03 1.59753e-09 -6.82545e-06
 4.15956e-02 1.76811e+03 1.96306e-09 -8.49904e-06
 5.17947e-02 1.79560e+03 2.40916e-09 -1.05830e-05
 6.44947e-02 1.82560e+03 2.95187e-09 -1.31779e-05
 8.03086e-02 1.85772e+03 3.61317e-09 -1.64091e-05
 1.00000e-01 1.89175e+03 4.41711e-09 -2.04325e-05
 1.24520e-01 1.92766e+03 5.39522e-09 -2.54425e-05
 1.55052e-01 1.96545e+03 6.58135e-09 -3.16811e-05
 1.93070e-01 2.00534e+03 8.01964e-09 -3.92667e-05
 2.40410e-01 2.04780e+03 9.75347e-09 -4.37173e-05
 2.99358e-01 2.09326e+03 1.18401e-08 -2.77527e-05
 3.72759e-01 2.14369e+03 1.43160e-08 +8.40523e-05
 4.64159e-01 2.20385e+03 1.71791e-08 +2.78667e-04
 5.77969e-01 2.25320e+03 2.07846e-08 -1.07582e-04
 7.19686e-01 2.32348e+03 2.46991e-08 +1.43000e-04
 8.96151e-01 2.42097e+03 2.85606e-08 +3.45492e-03
 1.11588e+00 2.55247e+03 3.17526e-08 +1.28348e-02
 1.38950e+00 2.67306e+03 3.56011e-08 +2.00810e-02
 1.73020e+00 2.78460e+03 4.04487e-08 +2.73701e-02
 2.15443e+00 2.89374e+03 4.62530e-08 +3.58721e-02
 2.68270e+00 3.00645e+03 5.29380e-08 +4.58691e-02
 3.34048e+00 3.12703e+03 6.03361e-08 +5.20344e-02
 4.15956e+00 3.25511e+03 6.86294e-08 +5.25754e-02
 5.17947e+00 3.40050e+03 7.75358e-08 +5.10072e-02
 6.44947e+00 3.57084e+03 8.67680e-08 +4.76886e-02
 8.03086e+00 3.77480e+03 9.47011e-08 +4.52900e-02
 1.00000e+01 3.97164e+03 1.00008e-07 +5.28587e-02
 1.24520e+01 4.13110e+03 1.03420e-07 +5.99521e-02
 1.55052e+01 4.26250e+03 1.05769e-07 +6.50075e-02
 1.93070e+01 4.37518e+03 1.07561e-07 +6.85037e-02
 2.40410e+01 4.47542e+03 1.09051e-07 +7.09506e-02
 2.99358e+01 4.56736e+03 1.10363e-07 +7.27352e-02
 3.72759e+01 4.65349e+03 1.11573e-07 +7.40690e-02
 4.64159e+01 4.73575e+03 1.12723e-07 +7.50739e-02
 5.77969e+01 4.81564e+03 1.13832e-07 +7.58526e-02
 7.19686e+01 4.89408e+03 1.14919e-07 +7.64723e-02
 8.96151e+01 4.97173e+03 1.15996e-07 +7.69718e-02
 1.11588e+02 5.04913e+03 1.17073e-07 +7.73785e-02
 1.38950e+02 5.12667e+03 1.18158e-07 +7.77143e-02
 1.73020e+02 5.20463e+03 1.19259e-07 +7.79930e-02
 2.15443e+02 5.28327e+03 1.20383e-07 +7.82250e-02
 2.68270e+02 5.36285e+03 1.21533e-07 +7.84191e-02
 3.34048e+02 5.44356e+03 1.22715e-07 +7.85823e-02
 4.15956e+02 5.52557e+03 1.23933e-07 +7.87203e-02
 5.17947e+02 5.60901e+03 1.25191e-07 +7.88372e-02
 6.44947e+02 5.69400e+03 1.26495e-07 +7.89366e-02
 8.03086e+02 5.78064e+03 1.27849e-07 +7.90210e-02
 1.00000e+03 5.86900e+03 1.29258e-07 +7.90933e-02
