#n1=128 n2=4 Teff=03900 R=1.3895e+10 L=3.1823e+31 logg=+5.50
#   tau          T          rho         Fconv
 0.00000e+00 2.43456e+03 6.37943e-21 +0.00000e+00
 1.00000e-09 2.43456e+03 8.38542e-12 +0.00000e+00
 1.24520e-09 2.44204e+03 1.03228e-11 +0.00000e+00
 1.55052e-09 2.45128e+03 1.26777e-11 +0.00000e+00
 1.93070e-09 2.46147e+03 1.55356e-11 +0.00000e+00
 2.40410e-09 2.47192e+03 1.89980e-11 +0.00000e+00
 2.99358e-09 2.48270e+03 2.31786e-11 +0.00000e+00
 3.72759e-09 2.49356e+03 2.82110e-11 +0.00000e+00
 4.64159e-09 2.50455e+03 3.42478e-11 +0.00000e+00
 5.77969e-09 2.51566e+03 4.14596e-11 +0.00000e+00
 7.19686e-09 2.52669e+03 5.00486e-11 +0.00000e+00
 8.96151e-09 2.53796e+03 6.02276e-11 +0.00000e+00
 1.11588e-08 2.54900e+03 7.22565e-11 +0.00000e+00
 1.38950e-08 2.56023e+03 8.64058e-11 +0.00000e+00
 1.73020e-08 2.57145e+03 1.02986e-10 +0.00000e+00
 2.15443e-08 2.58278e+03 1.22345e-10 +0.00000e+00
 2.68270e-08 2.59407e+03 1.44877e-10 +0.00000e+00
 3.34048e-08 2.60505e+03 1.71032e-10 +0.00000e+00
 4.15956e-08 2.61611e+03 2.01290e-10 +0.00000e+00
 5.17947e-08 2.62726e+03 2.36178e-10 +0.00000e+00
 6.44947e-08 2.63821e+03 2.76343e-10 +0.00000e+00
 8.03086e-08 2.64946e+03 3.22427e-10 +0.00000e+00
 1.00000e-07 2.66083e+03 3.75192e-10 +0.00000e+00
 1.24520e-07 2.67238e+03 4.35472e-10 +0.00000e+00
 1.55052e-07 2.68430e+03 5.04206e-10 +0.00000e+00
 1.93070e-07 2.69635e+03 5.82478e-10 +0.00000e+00
 2.40410e-07 2.70868e+03 6.71414e-10 +0.00000e+00
 2.99358e-07 2.72144e+03 7.72345e-10 +0.00000e+00
 3.72759e-07 2.73454e+03 8.86725e-10 +0.00000e+00
 4.64159e-07 2.74822e+03 1.01596e-09 +0.00000e+00
 5.77969e-07 2.76194e+03 1.16232e-09 +0.00000e+00
 7.19686e-07 2.77598e+03 1.32770e-09 +0.00000e+00
 8.96151e-07 2.79026e+03 1.51438e-09 +0.00000e+00
 1.11588e-06 2.80471e+03 1.72511e-09 +0.00000e+00
 1.38950e-06 2.81939e+03 1.96292e-09 +0.00000e+00
 1.73020e-06 2.83417e+03 2.23118e-09 +0.00000e+00
 2.15443e-06 2.84902e+03 2.53352e-09 +0.00000e+00
 2.68270e-06 2.86398e+03 2.87463e-09 +0.00000e+00
 3.34048e-06 2.87897e+03 3.25936e-09 +0.00000e+00
 4.15956e-06 2.89402e+03 3.69286e-09 +0.00000e+00
 5.17947e-06 2.90904e+03 4.18171e-09 +0.00000e+00
 6.44947e-06 2.92406e+03 4.73329e-09 +0.00000e+00
 8.03086e-06 2.93905e+03 5.35549e-09 +0.00000e+00
 1.00000e-05 2.95398e+03 6.05673e-09 +0.00000e+00
 1.24520e-05 2.96885e+03 6.84840e-09 +0.00000e+00
 1.55052e-05 2.98363e+03 7.74242e-09 +0.00000e+00
 1.93070e-05 2.99825e+03 8.75200e-09 +0.00000e+00
 2.40410e-05 3.01268e+03 9.89174e-09 +0.00000e+00
 2.99358e-05 3.02696e+03 1.11811e-08 +0.00000e+00
 3.72759e-05 3.04104e+03 1.26400e-08 +0.00000e+00
 4.64159e-05 3.05480e+03 1.42906e-08 +0.00000e+00
 5.77969e-05 3.06816e+03 1.61615e-08 +0.00000e+00
 7.19686e-05 3.08122e+03 1.82848e-08 +0.00000e+00
 8.96151e-05 3.09396e+03 2.06958e-08 +0.00000e+00
 1.11588e-04 3.10629e+03 2.34313e-08 +0.00000e+00
 1.38950e-04 3.11823e+03 2.65447e-08 +0.00000e+00
 1.73020e-04 3.12985e+03 3.00915e-08 +0.00000e+00
 2.15443e-04 3.14103e+03 3.41362e-08 +0.00000e+00
 2.68270e-04 3.15167e+03 3.87448e-08 +0.00000e+00
 3.34048e-04 3.16202e+03 4.40166e-08 +0.00000e+00
 4.15956e-04 3.17216e+03 5.00476e-08 +0.00000e+00
 5.17947e-04 3.18210e+03 5.69347e-08 +0.00000e+00
 6.44947e-04 3.19201e+03 6.48041e-08 +0.00000e+00
 8.03086e-04 3.20199e+03 7.38197e-08 +0.00000e+00
 1.00000e-03 3.21217e+03 8.41427e-08 +0.00000e+00
 1.24520e-03 3.22260e+03 9.58896e-08 -2.54584e-07
 1.55052e-03 3.23349e+03 1.09319e-07 -3.17006e-07
 1.93070e-03 3.24496e+03 1.24667e-07 -3.94736e-07
 2.40410e-03 3.25714e+03 1.42128e-07 -4.91524e-07
 2.99358e-03 3.27018e+03 1.61891e-07 -6.12044e-07
 3.72759e-03 3.28417e+03 1.84369e-07 -7.62115e-07
 4.64159e-03 3.29934e+03 2.09846e-07 -9.48980e-07
 5.77969e-03 3.31592e+03 2.38373e-07 -1.18167e-06
 7.19686e-03 3.33394e+03 2.70421e-07 -1.47142e-06
 8.96151e-03 3.35356e+03 3.06389e-07 -1.83220e-06
 1.11588e-02 3.37498e+03 3.46506e-07 -2.28145e-06
 1.38950e-02 3.39827e+03 3.90634e-07 -2.84086e-06
 1.73020e-02 3.42355e+03 4.39573e-07 -3.53743e-06
 2.15443e-02 3.45110e+03 4.93500e-07 -4.40479e-06
 2.68270e-02 3.48136e+03 5.52126e-07 -5.48484e-06
 3.34048e-02 3.51498e+03 6.15168e-07 -6.82970e-06
 4.15956e-02 3.55243e+03 6.82840e-07 -8.50432e-06
 5.17947e-02 3.59374e+03 7.54937e-07 +4.61895e-03
 6.44947e-02 3.63422e+03 8.33695e-07 +6.43031e-04
 8.03086e-02 3.67540e+03 9.19284e-07 +1.91981e-03
 1.00000e-01 3.71771e+03 1.01254e-06 +2.30543e-03
 1.24520e-01 3.76027e+03 1.11471e-06 +1.70458e-03
 1.55052e-01 3.80413e+03 1.22533e-06 +1.86368e-03
 1.93070e-01 3.84954e+03 1.34484e-06 +2.34726e-03
 2.40410e-01 3.89671e+03 1.47429e-06 +4.25075e-03
 2.99358e-01 3.94735e+03 1.61255e-06 +3.70780e-03
 3.72759e-01 3.99998e+03 1.76068e-06 +5.70246e-03
 4.64159e-01 4.05408e+03 1.91924e-06 +7.81403e-03
 5.77969e-01 4.10968e+03 2.08990e-06 +1.03235e-02
 7.19686e-01 4.16706e+03 2.27307e-06 +1.33110e-02
 8.96151e-01 4.22665e+03 2.46891e-06 +1.68909e-02
 1.11588e+00 4.28895e+03 2.67652e-06 +2.12428e-02
 1.38950e+00 4.35427e+03 2.89686e-06 +2.66343e-02
 1.73020e+00 4.42277e+03 3.13034e-06 +3.33081e-02
 2.15443e+00 4.49465e+03 3.37712e-06 +4.15210e-02
 2.68270e+00 4.57038e+03 3.63698e-06 +5.15513e-02
 3.34048e+00 4.65052e+03 3.90932e-06 +5.86762e-02
 4.15956e+00 4.73517e+03 4.19545e-06 +6.08452e-02
 5.17947e+00 4.82490e+03 4.49534e-06 +6.26518e-02
 6.44947e+00 4.92056e+03 4.80869e-06 +6.41897e-02
 8.03086e+00 5.02267e+03 5.13571e-06 +6.55428e-02
 1.00000e+01 5.13199e+03 5.47698e-06 +6.66598e-02
 1.24520e+01 5.24984e+03 5.83303e-06 +6.75754e-02
 1.55052e+01 5.37730e+03 6.20458e-06 +6.83688e-02
 1.93070e+01 5.51549e+03 6.59303e-06 +6.90247e-02
 2.40410e+01 5.66586e+03 7.00005e-06 +6.95652e-02
 2.99358e+01 5.83035e+03 7.42794e-06 +6.99567e-02
 3.72759e+01 6.01096e+03 7.87886e-06 +7.03028e-02
 4.64159e+01 6.20780e+03 8.35291e-06 +7.06802e-02
 5.77969e+01 6.42006e+03 8.85536e-06 +7.11109e-02
 7.19686e+01 6.64509e+03 9.38225e-06 +7.16787e-02
 8.96151e+01 6.87737e+03 9.92438e-06 +7.24314e-02
 1.11588e+02 7.10987e+03 1.04700e-05 +7.33164e-02
 1.38950e+02 7.33710e+03 1.10105e-05 +7.42223e-02
 1.73020e+02 7.55641e+03 1.15433e-05 +7.50527e-02
 2.15443e+02 7.76772e+03 1.20697e-05 +7.57698e-02
 2.68270e+02 7.97202e+03 1.25928e-05 +7.63731e-02
 3.34048e+02 8.17060e+03 1.31169e-05 +7.68763e-02
 4.15956e+02 8.36480e+03 1.36463e-05 +7.72941e-02
 5.17947e+02 8.55582e+03 1.41852e-05 +7.76425e-02
 6.44947e+02 8.74461e+03 1.47380e-05 +7.79345e-02
 8.03086e+02 8.93182e+03 1.53089e-05 +7.81815e-02
 1.00000e+03 9.11783e+03 1.59024e-05 +7.83919e-02
