#n1=128 n2=4 Teff=03900 R=7.8198e+09 L=1.0063e+31 logg=+6.00
#      tau          T          rho         Fconv
  0.00000e+00  2.48209e+03  6.16988e-21 +0.00000e+00
  1.00000e-09  2.48209e+03  2.46471e-11 +0.00000e+00
  1.24520e-09  2.48882e+03  3.01857e-11 +0.00000e+00
  1.55052e-09  2.49745e+03  3.68583e-11 +0.00000e+00
  1.93070e-09  2.50692e+03  4.48824e-11 +0.00000e+00
  2.40410e-09  2.51686e+03  5.45054e-11 +0.00000e+00
  2.99358e-09  2.52703e+03  6.60037e-11 +0.00000e+00
  3.72759e-09  2.53725e+03  7.97014e-11 +0.00000e+00
  4.64159e-09  2.54765e+03  9.59460e-11 +0.00000e+00
  5.77969e-09  2.55787e+03  1.15157e-10 +0.00000e+00
  7.19686e-09  2.56822e+03  1.37776e-10 +0.00000e+00
  8.96151e-09  2.57854e+03  1.64310e-10 +0.00000e+00
  1.11588e-08  2.58879e+03  1.95352e-10 +0.00000e+00
  1.38950e-08  2.59922e+03  2.31507e-10 +0.00000e+00
  1.73020e-08  2.60947e+03  2.73524e-10 +0.00000e+00
  2.15443e-08  2.61991e+03  3.22191e-10 +0.00000e+00
  2.68270e-08  2.63045e+03  3.78392e-10 +0.00000e+00
  3.34048e-08  2.64062e+03  4.43248e-10 +0.00000e+00
  4.15956e-08  2.65106e+03  5.17829e-10 +0.00000e+00
  5.17947e-08  2.66200e+03  6.03254e-10 +0.00000e+00
  6.44947e-08  2.67226e+03  7.01394e-10 +0.00000e+00
  8.03086e-08  2.68277e+03  8.13701e-10 +0.00000e+00
  1.00000e-07  2.69342e+03  9.42002e-10 +0.00000e+00
  1.24520e-07  2.70404e+03  1.08841e-09 +0.00000e+00
  1.55052e-07  2.71504e+03  1.25523e-09 +0.00000e+00
  1.93070e-07  2.72629e+03  1.44510e-09 +0.00000e+00
  2.40410e-07  2.73767e+03  1.66082e-09 +0.00000e+00
  2.99358e-07  2.74950e+03  1.90575e-09 +0.00000e+00
  3.72759e-07  2.76177e+03  2.18345e-09 +0.00000e+00
  4.64159e-07  2.77455e+03  2.49735e-09 +0.00000e+00
  5.77969e-07  2.78745e+03  2.85303e-09 +0.00000e+00
  7.19686e-07  2.80077e+03  3.25539e-09 +0.00000e+00
  8.96151e-07  2.81442e+03  3.71001e-09 +0.00000e+00
  1.11588e-06  2.82821e+03  4.22319e-09 +0.00000e+00
  1.38950e-06  2.84234e+03  4.80323e-09 +0.00000e+00
  1.73020e-06  2.85667e+03  5.45856e-09 +0.00000e+00
  2.15443e-06  2.87112e+03  6.19741e-09 +0.00000e+00
  2.68270e-06  2.88570e+03  7.03188e-09 +0.00000e+00
  3.34048e-06  2.90041e+03  7.97502e-09 +0.00000e+00
  4.15956e-06  2.91524e+03  9.04002e-09 +0.00000e+00
  5.17947e-06  2.93003e+03  1.02403e-08 +0.00000e+00
  6.44947e-06  2.94488e+03  1.15983e-08 +0.00000e+00
  8.03086e-06  2.95975e+03  1.31343e-08 +0.00000e+00
  1.00000e-05  2.97459e+03  1.48683e-08 +0.00000e+00
  1.24520e-05  2.98936e+03  1.68279e-08 +0.00000e+00
  1.55052e-05  3.00408e+03  1.90485e-08 +0.00000e+00
  1.93070e-05  3.01868e+03  2.15655e-08 +0.00000e+00
  2.40410e-05  3.03308e+03  2.44089e-08 +0.00000e+00
  2.99358e-05  3.04736e+03  2.76359e-08 +0.00000e+00
  3.72759e-05  3.06144e+03  3.13035e-08 +0.00000e+00
  4.64159e-05  3.07523e+03  3.54721e-08 +0.00000e+00
  5.77969e-05  3.08861e+03  4.02001e-08 +0.00000e+00
  7.19686e-05  3.10171e+03  4.55960e-08 +0.00000e+00
  8.96151e-05  3.11450e+03  5.17585e-08 +0.00000e+00
  1.11588e-04  3.12686e+03  5.87796e-08 +0.00000e+00
  1.38950e-04  3.13884e+03  6.67973e-08 +0.00000e+00
  1.73020e-04  3.15049e+03  7.59947e-08 +0.00000e+00
  2.15443e-04  3.16170e+03  8.65646e-08 +0.00000e+00
  2.68270e-04  3.17237e+03  9.86356e-08 +0.00000e+00
  3.34048e-04  3.18275e+03  1.12537e-07 +0.00000e+00
  4.15956e-04  3.19291e+03  1.28570e-07 +0.00000e+00
  5.17947e-04  3.20288e+03  1.47005e-07 +0.00000e+00
  6.44947e-04  3.21282e+03  1.68123e-07 +0.00000e+00
  8.03086e-04  3.22283e+03  1.92518e-07 +0.00000e+00
  1.00000e-03  3.23304e+03  2.20670e-07 +0.00000e+00
  1.24520e-03  3.24352e+03  2.52793e-07 -2.54988e-07
  1.55052e-03  3.25448e+03  2.89719e-07 -3.17510e-07
  1.93070e-03  3.26600e+03  3.32230e-07 -3.95363e-07
  2.40410e-03  3.27827e+03  3.80806e-07 -4.92304e-07
  2.99358e-03  3.29140e+03  4.35874e-07 -6.13016e-07
  3.72759e-03  3.30550e+03  4.98874e-07 -7.63326e-07
  4.64159e-03  3.32078e+03  5.70672e-07 -9.50487e-07
  5.77969e-03  3.33750e+03  6.50925e-07 -1.18355e-06
  7.19686e-03  3.35568e+03  7.41441e-07 -1.47375e-06
  8.96151e-03  3.37548e+03  8.43352e-07 -1.83511e-06
  1.11588e-02  3.39710e+03  9.56804e-07 -2.28507e-06
  1.38950e-02  3.42064e+03  1.08164e-06 -2.84537e-06
  1.73020e-02  3.44621e+03  1.22010e-06 -3.54304e-06
  2.15443e-02  3.47412e+03  1.37262e-06 -4.41179e-06
  2.68270e-02  3.50482e+03  1.53685e-06 -5.49355e-06
  3.34048e-02  3.53898e+03  1.71294e-06 -6.84055e-06
  4.15956e-02  3.57711e+03  1.90062e-06 +2.79239e-03
  5.17947e-02  3.61670e+03  2.10334e-06 +6.54950e-03
  6.44947e-02  3.65598e+03  2.32171e-06 +2.57749e-03
  8.03086e-02  3.69553e+03  2.56026e-06 +2.16902e-03
  1.00000e-01  3.73576e+03  2.82109e-06 +2.10126e-03
  1.24520e-01  3.77673e+03  3.10617e-06 +2.41358e-03
  1.55052e-01  3.81847e+03  3.41303e-06 +2.98274e-03
  1.93070e-01  3.86098e+03  3.74719e-06 +3.90349e-03
  2.40410e-01  3.90426e+03  4.11260e-06 +5.58017e-03
  2.99358e-01  3.94910e+03  4.50947e-06 +6.35205e-03
  3.72759e-01  3.99486e+03  4.93722e-06 +8.22314e-03
  4.64159e-01  4.04166e+03  5.39946e-06 +1.04035e-02
  5.77969e-01  4.08961e+03  5.90187e-06 +1.30425e-02
  7.19686e-01  4.13884e+03  6.44683e-06 +1.62280e-02
  8.96151e-01  4.18939e+03  7.03470e-06 +2.01229e-02
  1.11588e+00  4.24130e+03  7.66324e-06 +2.48951e-02
  1.38950e+00  4.29447e+03  8.34370e-06 +3.08122e-02
  1.73020e+00  4.34879e+03  9.08023e-06 +3.81090e-02
  2.15443e+00  4.40435e+03  9.87659e-06 +4.70947e-02
  2.68270e+00  4.46140e+03  1.07272e-05 +5.81262e-02
  3.34048e+00  4.52027e+03  1.16413e-05 +6.57448e-02
  4.15956e+00  4.58101e+03  1.26252e-05 +6.76612e-02
  5.17947e+00  4.64373e+03  1.36826e-05 +6.92978e-02
  6.44947e+00  4.70851e+03  1.48154e-05 +7.07059e-02
  8.03086e+00  4.77542e+03  1.60217e-05 +7.19213e-02
  1.00000e+01  4.84442e+03  1.73189e-05 +7.29784e-02
  1.24520e+01  4.91558e+03  1.87135e-05 +7.38799e-02
  1.55052e+01  4.98916e+03  2.02111e-05 +7.46361e-02
  1.93070e+01  5.06562e+03  2.18106e-05 +7.52631e-02
  2.40410e+01  5.14552e+03  2.35174e-05 +7.57923e-02
  2.99358e+01  5.22917e+03  2.53444e-05 +7.62513e-02
  3.72759e+01  5.31677e+03  2.72988e-05 +7.66509e-02
  4.64159e+01  5.40860e+03  2.93884e-05 +7.69953e-02
  5.77969e+01  5.50514e+03  3.16149e-05 +7.72870e-02
  7.19686e+01  5.60705e+03  3.39936e-05 +7.75360e-02
  8.96151e+01  5.71500e+03  3.65365e-05 +7.77467e-02
  1.11588e+02  5.82982e+03  3.92507e-05 +7.79269e-02
  1.38950e+02  5.95212e+03  4.21457e-05 +7.80865e-02
  1.73020e+02  6.08248e+03  4.51509e-05 +7.82247e-02
  2.15443e+02  6.22165e+03  4.83340e-05 +7.83462e-02
  2.68270e+02  6.37022e+03  5.17091e-05 +7.84554e-02
  3.34048e+02  6.52853e+03  5.52718e-05 +7.85554e-02
  4.15956e+02  6.69653e+03  5.90067e-05 +7.86516e-02
  5.17947e+02  6.87337e+03  6.28876e-05 +7.87455e-02
  6.44947e+02  7.05768e+03  6.68763e-05 +7.88417e-02
  8.03086e+02  7.24671e+03  7.09356e-05 +7.89418e-02
  1.00000e+03  7.43786e+03  7.50381e-05 +7.90372e-02
