#n1=128 n2=4 Teff=03900 R=1.7409e+13 L=4.9879e+37 logg=+0.00
#   tau          T          rho         Fconv
 0.00000e+00 1.75975e+03 8.49152e-21 +0.00000e+00
 1.00000e-09 1.75975e+03 2.41629e-17 +0.00000e+00
 1.24520e-09 1.75006e+03 3.03638e-17 +0.00000e+00
 1.55052e-09 1.73518e+03 3.82720e-17 +0.00000e+00
 1.93070e-09 1.63617e+03 5.07531e-17 +0.00000e+00
 2.40410e-09 1.64280e+03 6.31652e-17 +0.00000e+00
 2.99358e-09 1.64946e+03 7.86116e-17 +0.00000e+00
 3.72759e-09 1.65627e+03 9.78264e-17 +0.00000e+00
 4.64159e-09 1.66305e+03 1.21741e-16 +0.00000e+00
 5.77969e-09 1.67000e+03 1.51488e-16 +0.00000e+00
 7.19686e-09 1.67691e+03 1.88513e-16 +0.00000e+00
 8.96151e-09 1.68402e+03 2.34562e-16 +0.00000e+00
 1.11588e-08 1.69105e+03 2.91881e-16 +0.00000e+00
 1.38950e-08 1.69831e+03 3.63165e-16 +0.00000e+00
 1.73020e-08 1.70548e+03 4.51898e-16 +0.00000e+00
 2.15443e-08 1.71288e+03 5.62242e-16 +0.00000e+00
 2.68270e-08 1.72018e+03 6.99605e-16 +0.00000e+00
 3.34048e-08 1.72775e+03 8.70406e-16 +0.00000e+00
 4.15956e-08 1.73518e+03 1.08304e-15 +0.00000e+00
 5.17947e-08 1.74290e+03 1.34743e-15 +0.00000e+00
 6.44947e-08 1.75050e+03 1.67654e-15 +0.00000e+00
 8.03086e-08 1.75836e+03 2.08579e-15 +0.00000e+00
 1.00000e-07 1.76614e+03 2.59517e-15 +0.00000e+00
 1.24520e-07 1.77416e+03 3.22863e-15 +0.00000e+00
 1.55052e-07 1.78214e+03 4.01697e-15 +0.00000e+00
 1.93070e-07 1.79033e+03 4.99740e-15 +0.00000e+00
 2.40410e-07 1.79852e+03 6.21738e-15 +0.00000e+00
 2.99358e-07 1.80691e+03 7.73469e-15 +0.00000e+00
 3.72759e-07 1.81534e+03 9.62242e-15 +0.00000e+00
 4.64159e-07 1.82395e+03 1.19703e-14 +0.00000e+00
 5.77969e-07 1.83266e+03 1.48908e-14 +0.00000e+00
 7.19686e-07 1.84155e+03 1.85231e-14 +0.00000e+00
 8.96151e-07 1.85059e+03 2.30401e-14 +0.00000e+00
 1.11588e-06 1.85980e+03 2.86579e-14 +0.00000e+00
 1.38950e-06 1.86923e+03 3.56416e-14 +0.00000e+00
 1.73020e-06 1.87885e+03 4.43266e-14 +0.00000e+00
 2.15443e-06 1.88874e+03 5.51197e-14 +0.00000e+00
 2.68270e-06 1.89885e+03 6.85383e-14 +0.00000e+00
 3.34048e-06 1.90933e+03 8.52063e-14 +0.00000e+00
 4.15956e-06 1.92005e+03 1.05922e-13 +0.00000e+00
 5.17947e-06 1.93270e+03 1.31507e-13 +0.00000e+00
 6.44947e-06 1.94431e+03 1.63414e-13 +0.00000e+00
 8.03086e-06 1.95649e+03 2.02996e-13 +0.00000e+00
 1.00000e-05 1.96905e+03 2.52130e-13 +0.00000e+00
 1.24520e-05 1.98233e+03 3.13030e-13 +0.00000e+00
 1.55052e-05 1.99610e+03 3.88555e-13 +0.00000e+00
 1.93070e-05 2.01076e+03 4.82067e-13 +0.00000e+00
 2.40410e-05 2.02612e+03 5.97881e-13 +0.00000e+00
 2.99358e-05 2.04258e+03 7.41084e-13 +0.00000e+00
 3.72759e-05 2.05996e+03 9.18162e-13 +0.00000e+00
 4.64159e-05 2.07871e+03 1.13678e-12 +0.00000e+00
 5.77969e-05 2.09862e+03 1.40668e-12 +0.00000e+00
 7.19686e-05 2.12008e+03 1.73945e-12 +0.00000e+00
 8.96151e-05 2.14278e+03 2.14986e-12 +0.00000e+00
 1.11588e-04 2.16704e+03 2.65557e-12 +0.00000e+00
 1.38950e-04 2.19262e+03 3.27874e-12 +0.00000e+00
 1.73020e-04 2.21971e+03 4.04635e-12 +0.00000e+00
 2.15443e-04 2.24783e+03 4.99257e-12 +0.00000e+00
 2.68270e-04 2.27712e+03 6.15884e-12 +0.00000e+00
 3.34048e-04 2.30712e+03 7.59735e-12 +0.00000e+00
 4.15956e-04 2.33787e+03 9.37196e-12 +0.00000e+00
 5.17947e-04 2.36903e+03 1.15623e-11 +0.00000e+00
 6.44947e-04 2.40065e+03 1.42663e-11 +0.00000e+00
 8.03086e-04 2.43225e+03 1.76075e-11 +0.00000e+00
 1.00000e-03 2.46089e+03 2.17669e-11 +0.00000e+00
 1.24520e-03 2.49163e+03 2.68871e-11 -2.54967e-07
 1.55052e-03 2.52227e+03 3.32207e-11 -3.17483e-07
 1.93070e-03 2.55330e+03 4.10462e-11 -3.95329e-07
 2.40410e-03 2.58502e+03 5.07109e-11 -4.92263e-07
 2.99358e-03 2.61517e+03 6.27031e-11 -6.12964e-07
 3.72759e-03 2.64469e+03 7.75647e-11 -7.63262e-07
 4.64159e-03 2.67303e+03 9.60060e-11 -9.50407e-07
 5.77969e-03 2.70121e+03 1.18854e-10 -1.18345e-06
 7.19686e-03 2.72723e+03 1.47281e-10 -1.47363e-06
 8.96151e-03 2.75280e+03 1.82555e-10 -1.83496e-06
 1.11588e-02 2.77640e+03 2.26461e-10 -2.28488e-06
 1.38950e-02 2.79907e+03 2.81044e-10 -2.84513e-06
 1.73020e-02 2.82058e+03 3.48940e-10 -3.54275e-06
 2.15443e-02 2.84150e+03 4.33342e-10 -4.41142e-06
 2.68270e-02 2.86183e+03 5.38263e-10 -5.49309e-06
 3.34048e-02 2.88180e+03 6.68649e-10 -6.83997e-06
 4.15956e-02 2.90204e+03 8.30462e-10 -8.51711e-06
 5.17947e-02 2.92260e+03 1.03118e-09 -1.06055e-05
 6.44947e-02 2.94376e+03 1.27993e-09 -1.32059e-05
 8.03086e-02 2.96603e+03 1.58765e-09 -1.64440e-05
 1.00000e-01 2.99008e+03 1.96747e-09 -2.04760e-05
 1.24520e-01 3.01647e+03 2.43504e-09 -2.54967e-05
 1.55052e-01 3.04545e+03 3.00953e-09 -3.17483e-05
 1.93070e-01 3.07795e+03 3.71240e-09 -3.95329e-05
 2.40410e-01 3.11412e+03 4.57042e-09 -4.92263e-05
 2.99358e-01 3.15514e+03 5.61206e-09 -6.12964e-05
 3.72759e-01 3.20217e+03 6.87032e-09 -7.63262e-05
 4.64159e-01 3.25513e+03 8.38412e-09 -9.50407e-05
 5.77969e-01 3.31661e+03 1.01890e-08 -1.18345e-04
 7.19686e-01 3.38675e+03 1.23258e-08 -1.47363e-04
 8.96151e-01 3.46994e+03 1.48080e-08 -1.83496e-04
 1.11588e+00 3.57453e+03 1.75736e-08 -2.28488e-04
 1.38950e+00 3.69981e+03 2.04814e-08 -2.84513e-04
 1.73020e+00 3.85832e+03 2.30863e-08 -3.54201e-04
 2.15443e+00 4.05343e+03 2.48218e-08 -4.30799e-04
 2.68270e+00 4.30212e+03 2.52407e-08 +4.11324e-04
 3.34048e+00 4.62092e+03 2.43909e-08 +1.84273e-02
 4.15956e+00 4.83139e+03 2.38272e-08 +3.82334e-02
 5.17947e+00 4.99318e+03 2.34196e-08 +5.00350e-02
 6.44947e+00 5.12888e+03 2.31022e-08 +5.72588e-02
 8.03086e+00 5.24987e+03 2.28386e-08 +6.20657e-02
 1.00000e+01 5.36213e+03 2.26097e-08 +6.54841e-02
 1.24520e+01 5.46911e+03 2.24050e-08 +6.80363e-02
 1.55052e+01 5.57295e+03 2.22181e-08 +7.00096e-02
 1.93070e+01 5.67506e+03 2.20451e-08 +7.15768e-02
 2.40410e+01 5.77639e+03 2.18837e-08 +7.28464e-02
 2.99358e+01 5.87764e+03 2.17321e-08 +7.38914e-02
 3.72759e+01 5.97926e+03 2.15897e-08 +7.47620e-02
 4.64159e+01 6.08155e+03 2.14558e-08 +7.54943e-02
 5.77969e+01 6.18473e+03 2.13305e-08 +7.61143e-02
 7.19686e+01 6.28889e+03 2.12139e-08 +7.66430e-02
 8.96151e+01 6.39405e+03 2.11065e-08 +7.70942e-02
 1.11588e+02 6.50017e+03 2.10089e-08 +7.74821e-02
 1.38950e+02 6.60716e+03 2.09217e-08 +7.78150e-02
 1.73020e+02 6.71487e+03 2.08460e-08 +7.81006e-02
 2.15443e+02 6.82316e+03 2.07824e-08 +7.83457e-02
 2.68270e+02 6.93183e+03 2.07321e-08 +7.85557e-02
 3.34048e+02 7.04072e+03 2.06960e-08 +7.87359e-02
 4.15956e+02 7.14963e+03 2.06751e-08 +7.88893e-02
 5.17947e+02 7.25842e+03 2.06703e-08 +7.90191e-02
 6.44947e+02 7.36693e+03 2.06828e-08 +7.91299e-02
 8.03086e+02 7.47505e+03 2.07134e-08 +7.92230e-02
 1.00000e+03 7.58269e+03 2.07631e-08 +7.93017e-02
