#n1=128 n2=4 Teff=03900 R=4.2649e+12 L=2.9972e+36 logg=+1.00
#      tau          T          rho         Fconv
  0.00000e+00  1.87883e+03  8.15624e-21 +0.00000e+00
  1.00000e-09  1.87883e+03  3.04019e-16 +0.00000e+00
  1.24520e-09  1.88722e+03  3.77523e-16 +0.00000e+00
  1.55052e-09  1.89593e+03  4.68703e-16 +0.00000e+00
  1.93070e-09  1.90476e+03  5.81856e-16 +0.00000e+00
  2.40410e-09  1.91380e+03  7.22235e-16 +0.00000e+00
  2.99358e-09  1.92300e+03  8.96403e-16 +0.00000e+00
  3.72759e-09  1.93238e+03  1.11248e-15 +0.00000e+00
  4.64159e-09  1.94199e+03  1.38046e-15 +0.00000e+00
  5.77969e-09  1.95177e+03  1.71290e-15 +0.00000e+00
  7.19686e-09  1.96189e+03  2.12503e-15 +0.00000e+00
  8.96151e-09  1.97214e+03  2.63621e-15 +0.00000e+00
  1.11588e-08  1.98289e+03  3.26958e-15 +0.00000e+00
  1.38950e-08  1.99381e+03  4.05488e-15 +0.00000e+00
  1.73020e-08  2.00549e+03  5.02697e-15 +0.00000e+00
  2.15443e-08  2.01790e+03  6.23002e-15 +0.00000e+00
  2.68270e-08  2.03106e+03  7.71831e-15 +0.00000e+00
  3.34048e-08  2.04527e+03  9.55749e-15 +0.00000e+00
  4.15956e-08  2.06221e+03  1.18194e-14 +0.00000e+00
  5.17947e-08  2.08018e+03  1.46100e-14 +0.00000e+00
  6.44947e-08  2.09910e+03  1.80521e-14 +0.00000e+00
  8.03086e-08  2.12300e+03  2.22533e-14 +0.00000e+00
  1.00000e-07  2.14457e+03  2.74647e-14 +0.00000e+00
  1.24520e-07  2.17405e+03  3.37742e-14 +0.00000e+00
  1.55052e-07  2.20804e+03  4.14516e-14 +0.00000e+00
  1.93070e-07  2.24512e+03  5.08090e-14 +0.00000e+00
  2.40410e-07  2.27355e+03  6.25279e-14 +0.00000e+00
  2.99358e-07  2.31474e+03  7.65228e-14 +0.00000e+00
  3.72759e-07  2.35593e+03  9.36515e-14 +0.00000e+00
  4.64159e-07  2.39551e+03  1.14687e-13 +0.00000e+00
  5.77969e-07  2.43266e+03  1.40576e-13 +0.00000e+00
  7.19686e-07  2.46724e+03  1.72471e-13 +0.00000e+00
  8.96151e-07  2.49916e+03  2.11807e-13 +0.00000e+00
  1.11588e-06  2.52862e+03  2.60347e-13 +0.00000e+00
  1.38950e-06  2.55585e+03  3.20275e-13 +0.00000e+00
  1.73020e-06  2.58103e+03  3.94302e-13 +0.00000e+00
  2.15443e-06  2.60443e+03  4.85767e-13 +0.00000e+00
  2.68270e-06  2.62631e+03  5.98800e-13 +0.00000e+00
  3.34048e-06  2.64683e+03  7.38503e-13 +0.00000e+00
  4.15956e-06  2.66630e+03  9.11122e-13 +0.00000e+00
  5.17947e-06  2.68480e+03  1.12440e-12 +0.00000e+00
  6.44947e-06  2.70248e+03  1.38783e-12 +0.00000e+00
  8.03086e-06  2.71951e+03  1.71301e-12 +0.00000e+00
  1.00000e-05  2.73597e+03  2.11417e-12 +0.00000e+00
  1.24520e-05  2.75194e+03  2.60866e-12 +0.00000e+00
  1.55052e-05  2.76749e+03  3.21759e-12 +0.00000e+00
  1.93070e-05  2.78259e+03  3.96669e-12 +0.00000e+00
  2.40410e-05  2.79730e+03  4.88698e-12 +0.00000e+00
  2.99358e-05  2.81167e+03  6.01577e-12 +0.00000e+00
  3.72759e-05  2.82571e+03  7.39783e-12 +0.00000e+00
  4.64159e-05  2.83932e+03  9.08705e-12 +0.00000e+00
  5.77969e-05  2.85243e+03  1.11476e-11 +0.00000e+00
  7.19686e-05  2.86518e+03  1.36546e-11 +0.00000e+00
  8.96151e-05  2.87756e+03  1.66966e-11 +0.00000e+00
  1.11588e-04  2.88949e+03  2.03781e-11 +0.00000e+00
  1.38950e-04  2.90101e+03  2.48201e-11 +0.00000e+00
  1.73020e-04  2.91221e+03  3.01613e-11 +0.00000e+00
  2.15443e-04  2.92296e+03  3.65645e-11 +0.00000e+00
  2.68270e-04  2.93316e+03  4.42162e-11 +0.00000e+00
  3.34048e-04  2.94308e+03  5.33257e-11 +0.00000e+00
  4.15956e-04  2.95280e+03  6.41284e-11 +0.00000e+00
  5.17947e-04  2.96232e+03  7.68926e-11 +0.00000e+00
  6.44947e-04  2.97181e+03  9.19167e-11 +0.00000e+00
  8.03086e-04  2.98136e+03  1.09526e-10 +0.00000e+00
  1.00000e-03  2.99110e+03  1.30089e-10 +0.00000e+00
  1.24520e-03  3.00106e+03  1.54006e-10 -2.54657e-07
  1.55052e-03  3.01146e+03  1.81709e-10 -3.17098e-07
  1.93070e-03  3.02239e+03  2.13684e-10 -3.94850e-07
  2.40410e-03  3.03399e+03  2.50426e-10 -4.91666e-07
  2.99358e-03  3.04638e+03  2.92492e-10 -6.12221e-07
  3.72759e-03  3.05966e+03  3.40489e-10 -7.62336e-07
  4.64159e-03  3.07404e+03  3.95002e-10 -9.49255e-07
  5.77969e-03  3.08975e+03  4.56675e-10 -1.18202e-06
  7.19686e-03  3.10679e+03  5.26214e-10 -1.47184e-06
  8.96151e-03  3.12530e+03  6.04268e-10 -1.83273e-06
  1.11588e-02  3.14545e+03  6.91540e-10 -2.28211e-06
  1.38950e-02  3.16728e+03  7.88787e-10 -2.84168e-06
  1.73020e-02  3.19087e+03  8.96670e-10 -3.53845e-06
  2.15443e-02  3.21644e+03  1.01583e-09 -4.40607e-06
  2.68270e-02  3.24431e+03  1.14683e-09 -5.48643e-06
  3.34048e-02  3.27503e+03  1.28990e-09 -6.83168e-06
  4.15956e-02  3.30893e+03  1.44505e-09 -8.50678e-06
  5.17947e-02  3.34585e+03  1.61240e-09 -1.05926e-05
  6.44947e-02  3.38231e+03  1.79454e-09 -1.31899e-05
  8.03086e-02  3.41982e+03  1.99200e-09 -1.64241e-05
  1.00000e-01  3.45801e+03  2.20628e-09 -2.04512e-05
  1.24520e-01  3.49763e+03  2.43825e-09 -2.54657e-05
  1.55052e-01  3.53968e+03  2.68816e-09 -3.17098e-05
  1.93070e-01  3.58588e+03  2.95503e-09 -3.94850e-05
  2.40410e-01  3.63907e+03  3.23576e-09 -4.91666e-05
  2.99358e-01  3.70608e+03  3.52032e-09 -6.12221e-05
  3.72759e-01  3.78243e+03  3.80959e-09 -7.62336e-05
  4.64159e-01  3.87277e+03  4.09715e-09 -9.49255e-05
  5.77969e-01  3.97484e+03  4.38663e-09 -1.18202e-04
  7.19686e-01  4.09044e+03  4.68040e-09 -1.47184e-04
  8.96151e-01  4.22069e+03  4.98469e-09 -1.83273e-04
  1.11588e+00  4.36842e+03  5.30762e-09 -2.28211e-04
  1.38950e+00  4.53497e+03  5.66469e-09 -2.84168e-04
  1.73020e+00  4.72104e+03  6.07858e-09 -3.53845e-04
  2.15443e+00  4.92803e+03  6.56393e-09 -4.40607e-04
  2.68270e+00  5.15895e+03  7.09207e-09 -5.48643e-04
  3.34048e+00  5.41720e+03  7.55840e-09 -6.13535e-04
  4.15956e+00  5.71021e+03  7.83376e-09 -6.13527e-04
  5.17947e+00  6.01877e+03  7.91915e-09 -6.12484e-04
  6.44947e+00  6.35716e+03  7.83455e-09 -5.58374e-04
  8.03086e+00  6.84860e+03  7.43973e-09 +3.62187e-03
  1.00000e+01  7.07204e+03  7.32578e-09 +1.49569e-02
  1.24520e+01  7.27556e+03  7.21926e-09 +3.02575e-02
  1.55052e+01  7.45096e+03  7.13442e-09 +4.30122e-02
  1.93070e+01  7.60314e+03  7.06986e-09 +5.21783e-02
  2.40410e+01  7.73858e+03  7.02128e-09 +5.86516e-02
  2.99358e+01  7.86224e+03  6.98521e-09 +6.33048e-02
  3.72759e+01  7.97757e+03  6.95931e-09 +6.67341e-02
  4.64159e+01  8.08695e+03  6.94212e-09 +6.93188e-02
  5.77969e+01  8.19205e+03  6.93271e-09 +7.13061e-02
  7.19686e+01  8.29408e+03  6.93051e-09 +7.28597e-02
  8.96151e+01  8.39395e+03  6.93526e-09 +7.40873e-02
  1.11588e+02  8.49242e+03  6.94686e-09 +7.50660e-02
  1.38950e+02  8.59000e+03  6.96527e-09 +7.58581e-02
  1.73020e+02  8.68711e+03  6.99077e-09 +7.65012e-02
  2.15443e+02  8.78407e+03  7.02358e-09 +7.70274e-02
  2.68270e+02  8.88115e+03  7.06415e-09 +7.74591e-02
  3.34048e+02  8.97858e+03  7.11296e-09 +7.78152e-02
  4.15956e+02  9.07655e+03  7.17052e-09 +7.81096e-02
  5.17947e+02  9.17525e+03  7.23762e-09 +7.83536e-02
  6.44947e+02  9.27481e+03  7.31492e-09 +7.85565e-02
  8.03086e+02  9.37540e+03  7.40326e-09 +7.87250e-02
  1.00000e+03  9.47714e+03  7.50375e-09 +7.88654e-02
