#n1=128 n2=4 Teff=03600 R=7.1998e+09 L=6.1946e+30 logg=+6.00
#   tau          T          rho         Fconv
 0.00000e+00 2.28422e+03 6.54338e-21 +0.00000e+00
 1.00000e-09 2.28422e+03 2.87941e-11 +0.00000e+00
 1.24520e-09 2.28825e+03 3.59081e-11 +0.00000e+00
 1.55052e-09 2.29274e+03 4.47851e-11 +0.00000e+00
 1.93070e-09 2.29729e+03 5.58769e-11 +0.00000e+00
 2.40410e-09 2.30239e+03 6.97298e-11 +0.00000e+00
 2.99358e-09 2.30733e+03 8.70368e-11 +0.00000e+00
 3.72759e-09 2.31283e+03 1.08678e-10 +0.00000e+00
 4.64159e-09 2.31815e+03 1.35706e-10 +0.00000e+00
 5.77969e-09 2.32389e+03 1.69541e-10 +0.00000e+00
 7.19686e-09 2.32950e+03 2.11781e-10 +0.00000e+00
 8.96151e-09 2.33534e+03 2.64702e-10 +0.00000e+00
 1.11588e-08 2.34115e+03 3.30784e-10 +0.00000e+00
 1.38950e-08 2.34696e+03 4.13530e-10 +0.00000e+00
 1.73020e-08 2.35285e+03 5.17001e-10 +0.00000e+00
 2.15443e-08 2.35854e+03 6.46265e-10 +0.00000e+00
 2.68270e-08 2.36436e+03 8.08415e-10 +0.00000e+00
 3.34048e-08 2.36989e+03 1.01006e-09 +0.00000e+00
 4.15956e-08 2.37543e+03 1.26389e-09 +0.00000e+00
 5.17947e-08 2.38070e+03 1.57851e-09 +0.00000e+00
 6.44947e-08 2.38579e+03 1.97453e-09 +0.00000e+00
 8.03086e-08 2.39058e+03 2.46652e-09 +0.00000e+00
 1.00000e-07 2.39503e+03 3.08366e-09 +0.00000e+00
 1.24520e-07 2.39913e+03 3.85351e-09 +0.00000e+00
 1.55052e-07 2.40287e+03 4.81363e-09 +0.00000e+00
 1.93070e-07 2.40628e+03 6.01542e-09 +0.00000e+00
 2.40410e-07 2.40953e+03 7.50521e-09 +0.00000e+00
 2.99358e-07 2.41260e+03 9.37307e-09 +0.00000e+00
 3.72759e-07 2.41577e+03 1.16725e-08 +0.00000e+00
 4.64159e-07 2.41900e+03 1.45491e-08 +0.00000e+00
 5.77969e-07 2.42248e+03 1.80924e-08 +0.00000e+00
 7.19686e-07 2.42621e+03 2.24964e-08 +0.00000e+00
 8.96151e-07 2.43029e+03 2.79304e-08 +0.00000e+00
 1.11588e-06 2.43482e+03 3.46403e-08 +0.00000e+00
 1.38950e-06 2.43987e+03 4.29191e-08 +0.00000e+00
 1.73020e-06 2.44561e+03 5.30754e-08 +0.00000e+00
 2.15443e-06 2.45213e+03 6.55869e-08 +0.00000e+00
 2.68270e-06 2.45957e+03 8.08268e-08 +0.00000e+00
 3.34048e-06 2.46793e+03 9.95290e-08 +0.00000e+00
 4.15956e-06 2.47723e+03 1.22212e-07 +0.00000e+00
 5.17947e-06 2.48734e+03 1.49867e-07 +0.00000e+00
 6.44947e-06 2.49816e+03 1.83349e-07 +0.00000e+00
 8.03086e-06 2.50952e+03 2.23884e-07 +0.00000e+00
 1.00000e-05 2.52142e+03 2.72847e-07 +0.00000e+00
 1.24520e-05 2.53369e+03 3.31667e-07 +0.00000e+00
 1.55052e-05 2.54629e+03 4.02528e-07 +0.00000e+00
 1.93070e-05 2.55923e+03 4.86990e-07 +0.00000e+00
 2.40410e-05 2.57240e+03 5.88091e-07 +0.00000e+00
 2.99358e-05 2.58591e+03 7.08216e-07 +0.00000e+00
 3.72759e-05 2.59967e+03 8.50659e-07 +0.00000e+00
 4.64159e-05 2.61376e+03 1.01933e-06 +0.00000e+00
 5.77969e-05 2.62827e+03 1.21719e-06 +0.00000e+00
 7.19686e-05 2.64307e+03 1.44988e-06 +0.00000e+00
 8.96151e-05 2.65840e+03 1.72131e-06 +0.00000e+00
 1.11588e-04 2.67417e+03 2.03685e-06 +0.00000e+00
 1.38950e-04 2.69042e+03 2.40311e-06 +0.00000e+00
 1.73020e-04 2.70735e+03 2.82390e-06 +0.00000e+00
 2.15443e-04 2.72481e+03 3.30727e-06 +0.00000e+00
 2.68270e-04 2.74292e+03 3.86021e-06 +0.00000e+00
 3.34048e-04 2.76150e+03 4.48701e-06 +0.00000e+00
 4.15956e-04 2.78065e+03 5.19820e-06 +0.00000e+00
 5.17947e-04 2.80039e+03 6.00149e-06 +0.00000e+00
 6.44947e-04 2.82042e+03 6.90236e-06 +0.00000e+00
 8.03086e-04 2.84092e+03 7.91396e-06 +0.00000e+00
 1.00000e-03 2.86183e+03 9.04694e-06 +0.00000e+00
 1.24520e-03 2.88302e+03 1.03079e-05 -2.54938e-07
 1.55052e-03 2.90466e+03 1.17118e-05 -3.17447e-07
 1.93070e-03 2.92674e+03 1.32731e-05 -3.95284e-07
 2.40410e-03 2.94919e+03 1.50027e-05 -4.92207e-07
 2.99358e-03 2.97224e+03 1.69106e-05 -6.12895e-07
 3.72759e-03 2.99601e+03 1.90156e-05 -7.63175e-07
 4.64159e-03 3.02052e+03 2.13326e-05 -9.50303e-07
 5.77969e-03 3.04604e+03 2.38601e-05 -1.18332e-06
 7.19686e-03 3.07262e+03 2.66144e-05 -1.47346e-06
 8.96151e-03 3.09974e+03 2.96216e-05 -1.83474e-06
 1.11588e-02 3.12750e+03 3.29007e-05 -2.28463e-06
 1.38950e-02 3.15620e+03 3.64460e-05 -2.84481e-06
 1.73020e-02 3.18598e+03 4.02827e-05 -3.54234e-06
 2.15443e-02 3.21698e+03 4.44255e-05 -4.41092e-06
 2.68270e-02 3.24950e+03 4.88794e-05 -5.49246e-06
 3.34048e-02 3.28345e+03 5.36309e-05 -6.83920e-06
 4.15956e-02 3.31944e+03 5.86709e-05 -8.51614e-06
 5.17947e-02 3.35806e+03 6.39819e-05 -1.06043e-05
 6.44947e-02 3.39990e+03 6.95050e-05 +7.37699e-03
 8.03086e-02 3.44046e+03 7.53995e-05 +6.61997e-03
 1.00000e-01 3.48072e+03 8.16390e-05 +6.83999e-03
 1.24520e-01 3.52086e+03 8.83129e-05 +7.31394e-03
 1.55052e-01 3.56099e+03 9.54671e-05 +8.04022e-03
 1.93070e-01 3.60124e+03 1.03147e-04 +9.08422e-03
 2.40410e-01 3.64174e+03 1.11388e-04 +1.01037e-02
 2.99358e-01 3.68249e+03 1.20140e-04 +1.22828e-02
 3.72759e-01 3.72346e+03 1.29526e-04 +1.42490e-02
 4.64159e-01 3.76466e+03 1.39598e-04 +1.57145e-02
 5.77969e-01 3.80613e+03 1.50406e-04 +1.84424e-02
 7.19686e-01 3.84790e+03 1.62008e-04 +2.17141e-02
 8.96151e-01 3.88997e+03 1.74297e-04 +2.56562e-02
 1.11588e+00 3.93233e+03 1.87424e-04 +3.03839e-02
 1.38950e+00 3.97499e+03 2.01466e-04 +3.60790e-02
 1.73020e+00 4.01796e+03 2.16485e-04 +4.29661e-02
 2.15443e+00 4.06124e+03 2.32542e-04 +5.13405e-02
 2.68270e+00 4.10482e+03 2.49551e-04 +6.16061e-02
 3.34048e+00 4.14869e+03 2.67557e-04 +6.87538e-02
 4.15956e+00 4.19280e+03 2.86722e-04 +7.05709e-02
 5.17947e+00 4.23718e+03 3.07122e-04 +7.20854e-02
 6.44947e+00 4.28184e+03 3.28829e-04 +7.33481e-02
 8.03086e+00 4.32677e+03 3.51907e-04 +7.44023e-02
 1.00000e+01 4.37194e+03 3.75978e-04 +7.52871e-02
 1.24520e+01 4.41734e+03 4.01455e-04 +7.60241e-02
 1.55052e+01 4.46297e+03 4.28413e-04 +7.66382e-02
 1.93070e+01 4.50883e+03 4.56932e-04 +7.71496e-02
 2.40410e+01 4.55492e+03 4.87090e-04 +7.75756e-02
 2.99358e+01 4.60125e+03 5.18902e-04 +7.79305e-02
 3.72759e+01 4.64778e+03 5.51915e-04 +7.82269e-02
 4.64159e+01 4.69454e+03 5.86692e-04 +7.84726e-02
 5.77969e+01 4.74155e+03 6.23335e-04 +7.86764e-02
 7.19686e+01 4.78885e+03 6.61951e-04 +7.88456e-02
 8.96151e+01 4.83647e+03 7.02664e-04 +7.89861e-02
 1.11588e+02 4.88443e+03 7.45608e-04 +7.91029e-02
 1.38950e+02 4.93275e+03 7.90046e-04 +7.92005e-02
 1.73020e+02 4.98144e+03 8.36670e-04 +7.92814e-02
 2.15443e+02 5.03056e+03 8.85747e-04 +7.93485e-02
 2.68270e+02 5.08016e+03 9.37439e-04 +7.94042e-02
 3.34048e+02 5.13029e+03 9.91918e-04 +7.94506e-02
 4.15956e+02 5.18100e+03 1.04937e-03 +7.94893e-02
 5.17947e+02 5.23233e+03 1.10962e-03 +7.95215e-02
 6.44947e+02 5.28433e+03 1.17209e-03 +7.95484e-02
 8.03086e+02 5.33704e+03 1.23792e-03 +7.95708e-02
 1.00000e+03 5.39051e+03 1.30733e-03 +7.95895e-02
