#n1=128 n2=4 Teff=03000 R=1.8446e+12 L=1.9621e+35 logg=+1.50
#   tau          T          rho         Fconv
 0.00000e+00 1.62465e+03 9.19765e-21 +0.00000e+00
 1.00000e-09 1.62465e+03 1.18930e-15 +0.00000e+00
 1.24520e-09 1.63101e+03 1.47668e-15 +0.00000e+00
 1.55052e-09 1.63701e+03 1.83452e-15 +0.00000e+00
 1.93070e-09 1.64335e+03 2.27891e-15 +0.00000e+00
 2.40410e-09 1.64931e+03 2.83245e-15 +0.00000e+00
 2.99358e-09 1.65555e+03 3.52031e-15 +0.00000e+00
 3.72759e-09 1.66148e+03 4.37715e-15 +0.00000e+00
 4.64159e-09 1.66760e+03 5.44316e-15 +0.00000e+00
 5.77969e-09 1.67340e+03 6.77174e-15 +0.00000e+00
 7.19686e-09 1.67920e+03 8.42755e-15 +0.00000e+00
 8.96151e-09 1.68464e+03 1.04939e-14 +0.00000e+00
 1.11588e-08 1.69002e+03 1.30734e-14 +0.00000e+00
 1.38950e-08 1.69508e+03 1.62956e-14 +0.00000e+00
 1.73020e-08 1.69946e+03 2.03416e-14 +0.00000e+00
 2.15443e-08 1.70359e+03 2.54083e-14 +0.00000e+00
 2.68270e-08 1.70642e+03 3.18187e-14 +0.00000e+00
 3.34048e-08 1.70826e+03 3.99411e-14 +0.00000e+00
 4.15956e-08 1.70794e+03 5.03598e-14 +0.00000e+00
 5.17947e-08 1.70656e+03 6.37241e-14 +0.00000e+00
 6.44947e-08 1.70392e+03 8.08206e-14 +0.00000e+00
 8.03086e-08 1.70120e+03 1.02701e-13 +0.00000e+00
 1.00000e-07 1.69867e+03 1.30290e-13 +0.00000e+00
 1.24520e-07 1.69642e+03 1.65330e-13 +0.00000e+00
 1.55052e-07 1.69464e+03 2.09260e-13 +0.00000e+00
 1.93070e-07 1.69318e+03 2.64681e-13 +0.00000e+00
 2.40410e-07 1.69210e+03 3.34230e-13 +0.00000e+00
 2.99358e-07 1.69132e+03 4.21327e-13 +0.00000e+00
 3.72759e-07 1.69078e+03 5.30938e-13 +0.00000e+00
 4.64159e-07 1.69053e+03 6.67350e-13 +0.00000e+00
 5.77969e-07 1.69042e+03 8.39547e-13 +0.00000e+00
 7.19686e-07 1.69059e+03 1.05278e-12 +0.00000e+00
 8.96151e-07 1.69086e+03 1.32159e-12 +0.00000e+00
 1.11588e-06 1.69135e+03 1.65541e-12 +0.00000e+00
 1.38950e-06 1.69194e+03 2.07438e-12 +0.00000e+00
 1.73020e-06 1.69271e+03 2.59603e-12 +0.00000e+00
 2.15443e-06 1.69360e+03 3.24831e-12 +0.00000e+00
 2.68270e-06 1.69463e+03 4.06195e-12 +0.00000e+00
 3.34048e-06 1.69582e+03 5.07647e-12 +0.00000e+00
 4.15956e-06 1.69714e+03 6.34337e-12 +0.00000e+00
 5.17947e-06 1.69862e+03 7.91956e-12 +0.00000e+00
 6.44947e-06 1.70025e+03 9.88852e-12 +0.00000e+00
 8.03086e-06 1.70207e+03 1.23347e-11 +0.00000e+00
 1.00000e-05 1.70406e+03 1.53918e-11 +0.00000e+00
 1.24520e-05 1.70627e+03 1.91850e-11 +0.00000e+00
 1.55052e-05 1.70869e+03 2.39207e-11 +0.00000e+00
 1.93070e-05 1.71136e+03 2.97971e-11 +0.00000e+00
 2.40410e-05 1.71428e+03 3.71252e-11 +0.00000e+00
 2.99358e-05 1.71748e+03 4.62194e-11 +0.00000e+00
 3.72759e-05 1.72099e+03 5.75440e-11 +0.00000e+00
 4.64159e-05 1.72481e+03 7.16010e-11 +0.00000e+00
 5.77969e-05 1.72898e+03 8.90820e-11 +0.00000e+00
 7.19686e-05 1.73351e+03 1.10781e-10 +0.00000e+00
 8.96151e-05 1.73843e+03 1.37733e-10 +0.00000e+00
 1.11588e-04 1.74377e+03 1.71183e-10 +0.00000e+00
 1.38950e-04 1.74955e+03 2.12679e-10 +0.00000e+00
 1.73020e-04 1.75581e+03 2.64162e-10 +0.00000e+00
 2.15443e-04 1.76262e+03 3.27955e-10 +0.00000e+00
 2.68270e-04 1.77001e+03 4.07040e-10 +0.00000e+00
 3.34048e-04 1.77806e+03 5.04899e-10 +0.00000e+00
 4.15956e-04 1.78684e+03 6.26101e-10 +0.00000e+00
 5.17947e-04 1.79643e+03 7.75840e-10 +0.00000e+00
 6.44947e-04 1.80692e+03 9.61072e-10 +0.00000e+00
 8.03086e-04 1.81840e+03 1.18953e-09 +0.00000e+00
 1.00000e-03 1.83096e+03 1.47169e-09 +0.00000e+00
 1.24520e-03 1.84469e+03 1.81909e-09 -2.54779e-07
 1.55052e-03 1.85966e+03 2.24734e-09 -3.17252e-07
 1.93070e-03 1.87595e+03 2.77373e-09 -3.95040e-07
 2.40410e-03 1.89361e+03 3.42140e-09 -4.91902e-07
 2.99358e-03 1.91270e+03 4.21628e-09 -6.12515e-07
 3.72759e-03 1.93321e+03 5.19248e-09 -7.62702e-07
 4.64159e-03 1.95517e+03 6.38887e-09 -9.49715e-07
 5.77969e-03 1.97854e+03 7.85590e-09 -1.18258e-06
 7.19686e-03 2.00330e+03 9.65202e-09 -1.47255e-06
 8.96151e-03 2.02943e+03 1.18510e-08 -1.83361e-06
 1.11588e-02 2.05691e+03 1.45406e-08 -2.28322e-06
 1.38950e-02 2.08576e+03 1.78278e-08 -2.84305e-06
 1.73020e-02 2.11609e+03 2.18427e-08 -3.54014e-06
 2.15443e-02 2.14809e+03 2.67344e-08 -4.40818e-06
 2.68270e-02 2.18207e+03 3.26889e-08 -5.48905e-06
 3.34048e-02 2.21854e+03 3.99011e-08 -6.83496e-06
 4.15956e-02 2.25813e+03 4.86201e-08 -8.51088e-06
 5.17947e-02 2.30137e+03 5.90775e-08 +3.85752e-03
 6.44947e-02 2.34444e+03 7.18369e-08 +3.19640e-03
 8.03086e-02 2.38763e+03 8.72990e-08 +3.60417e-03
 1.00000e-01 2.43118e+03 1.06145e-07 +3.58578e-03
 1.24520e-01 2.47595e+03 1.28819e-07 +1.72071e-03
 1.55052e-01 2.52186e+03 1.56334e-07 +2.65727e-03
 1.93070e-01 2.56818e+03 1.89424e-07 +2.96837e-03
 2.40410e-01 2.61499e+03 2.29564e-07 +3.27585e-03
 2.99358e-01 2.66266e+03 2.77588e-07 +3.81045e-03
 3.72759e-01 2.71142e+03 3.35317e-07 +4.90682e-03
 4.64159e-01 2.76180e+03 4.03657e-07 +8.18766e-03
 5.77969e-01 2.81970e+03 4.82112e-07 +6.72256e-03
 7.19686e-01 2.87796e+03 5.73460e-07 +1.09019e-02
 8.96151e-01 2.93468e+03 6.79759e-07 +1.51669e-02
 1.11588e+00 2.99006e+03 8.02483e-07 +2.04275e-02
 1.38950e+00 3.04429e+03 9.40650e-07 +2.72598e-02
 1.73020e+00 3.09720e+03 1.09670e-06 +3.58406e-02
 2.15443e+00 3.14865e+03 1.26806e-06 +4.63311e-02
 2.68270e+00 3.19876e+03 1.45588e-06 +5.90375e-02
 3.34048e+00 3.24753e+03 1.66124e-06 +6.78076e-02
 4.15956e+00 3.29459e+03 1.88005e-06 +7.00496e-02
 5.17947e+00 3.34016e+03 2.11671e-06 +7.18598e-02
 6.44947e+00 3.38434e+03 2.37266e-06 +7.33373e-02
 8.03086e+00 3.42722e+03 2.64512e-06 +7.45289e-02
 1.00000e+01 3.46899e+03 2.93685e-06 +7.54862e-02
 1.24520e+01 3.50983e+03 3.25172e-06 +7.62563e-02
 1.55052e+01 3.54989e+03 3.59144e-06 +7.68754e-02
 1.93070e+01 3.58941e+03 3.94974e-06 +7.73681e-02
 2.40410e+01 3.62858e+03 4.33320e-06 +7.77693e-02
 2.99358e+01 3.66747e+03 4.74409e-06 +7.80994e-02
 3.72759e+01 3.70609e+03 5.18342e-06 +7.83723e-02
 4.64159e+01 3.74442e+03 5.64609e-06 +7.85970e-02
 5.77969e+01 3.78248e+03 6.13373e-06 +7.87831e-02
 7.19686e+01 3.82020e+03 6.65237e-06 +7.89378e-02
 8.96151e+01 3.85753e+03 7.20330e-06 +7.90650e-02
 1.11588e+02 3.89447e+03 7.78802e-06 +7.91692e-02
 1.38950e+02 3.93112e+03 8.39717e-06 +7.92533e-02
 1.73020e+02 3.96757e+03 9.03768e-06 +7.93218e-02
 2.15443e+02 4.00390e+03 9.71416e-06 +7.93778e-02
 2.68270e+02 4.04017e+03 1.04278e-05 +7.94233e-02
 3.34048e+02 4.07645e+03 1.11803e-05 +7.94608e-02
 4.15956e+02 4.11279e+03 1.19678e-05 +7.94917e-02
 5.17947e+02 4.14919e+03 1.27849e-05 +7.95172e-02
 6.44947e+02 4.18566e+03 1.36450e-05 +7.95381e-02
 8.03086e+02 4.22223e+03 1.45510e-05 +7.95556e-02
 1.00000e+03 4.25892e+03 1.55063e-05 +7.95697e-02
