#n1=128 n2=4 Teff=03400 R=1.2120e+10 L=1.3986e+31 logg=+5.50
#   tau          T          rho         Fconv
 0.00000e+00 2.16531e+03 6.90273e-21 +0.00000e+00
 1.00000e-09 2.16531e+03 9.64990e-12 +0.00000e+00
 1.24520e-09 2.17104e+03 1.20181e-11 +0.00000e+00
 1.55052e-09 2.17655e+03 1.49777e-11 +0.00000e+00
 1.93070e-09 2.18240e+03 1.86716e-11 +0.00000e+00
 2.40410e-09 2.18776e+03 2.32940e-11 +0.00000e+00
 2.99358e-09 2.19348e+03 2.90742e-11 +0.00000e+00
 3.72759e-09 2.19853e+03 3.63153e-11 +0.00000e+00
 4.64159e-09 2.20379e+03 4.53957e-11 +0.00000e+00
 5.77969e-09 2.20840e+03 5.67818e-11 +0.00000e+00
 7.19686e-09 2.21288e+03 7.11094e-11 +0.00000e+00
 8.96151e-09 2.21685e+03 8.90998e-11 +0.00000e+00
 1.11588e-08 2.22032e+03 1.11801e-10 +0.00000e+00
 1.38950e-08 2.22339e+03 1.40368e-10 +0.00000e+00
 1.73020e-08 2.22590e+03 1.76399e-10 +0.00000e+00
 2.15443e-08 2.22810e+03 2.21888e-10 +0.00000e+00
 2.68270e-08 2.22987e+03 2.78987e-10 +0.00000e+00
 3.34048e-08 2.23137e+03 3.51386e-10 +0.00000e+00
 4.15956e-08 2.23272e+03 4.41595e-10 +0.00000e+00
 5.17947e-08 2.23373e+03 5.56093e-10 +0.00000e+00
 6.44947e-08 2.23468e+03 6.98748e-10 +0.00000e+00
 8.03086e-08 2.23530e+03 8.79066e-10 +0.00000e+00
 1.00000e-07 2.23578e+03 1.10439e-09 +0.00000e+00
 1.24520e-07 2.23609e+03 1.38748e-09 +0.00000e+00
 1.55052e-07 2.23627e+03 1.74214e-09 +0.00000e+00
 1.93070e-07 2.23649e+03 2.18490e-09 +0.00000e+00
 2.40410e-07 2.23669e+03 2.74036e-09 +0.00000e+00
 2.99358e-07 2.23715e+03 3.43005e-09 +0.00000e+00
 3.72759e-07 2.23772e+03 4.29586e-09 +0.00000e+00
 4.64159e-07 2.23867e+03 5.36663e-09 +0.00000e+00
 5.77969e-07 2.23983e+03 6.70812e-09 +0.00000e+00
 7.19686e-07 2.24135e+03 8.36915e-09 +0.00000e+00
 8.96151e-07 2.24319e+03 1.04425e-08 +0.00000e+00
 1.11588e-06 2.24541e+03 1.30130e-08 +0.00000e+00
 1.38950e-06 2.24803e+03 1.62104e-08 +0.00000e+00
 1.73020e-06 2.25113e+03 2.01752e-08 +0.00000e+00
 2.15443e-06 2.25474e+03 2.50912e-08 +0.00000e+00
 2.68270e-06 2.25895e+03 3.11863e-08 +0.00000e+00
 3.34048e-06 2.26378e+03 3.87205e-08 +0.00000e+00
 4.15956e-06 2.26928e+03 4.80544e-08 +0.00000e+00
 5.17947e-06 2.27558e+03 5.95576e-08 +0.00000e+00
 6.44947e-06 2.28315e+03 7.37590e-08 +0.00000e+00
 8.03086e-06 2.29096e+03 9.12454e-08 +0.00000e+00
 1.00000e-05 2.29966e+03 1.12813e-07 +0.00000e+00
 1.24520e-05 2.30751e+03 1.39427e-07 +0.00000e+00
 1.55052e-05 2.31722e+03 1.72079e-07 +0.00000e+00
 1.93070e-05 2.32802e+03 2.12029e-07 +0.00000e+00
 2.40410e-05 2.33930e+03 2.61011e-07 +0.00000e+00
 2.99358e-05 2.35113e+03 3.20874e-07 +0.00000e+00
 3.72759e-05 2.36330e+03 3.93991e-07 +0.00000e+00
 4.64159e-05 2.37652e+03 4.82929e-07 +0.00000e+00
 5.77969e-05 2.39058e+03 5.90728e-07 +0.00000e+00
 7.19686e-05 2.40549e+03 7.21222e-07 +0.00000e+00
 8.96151e-05 2.42135e+03 8.78149e-07 +0.00000e+00
 1.11588e-04 2.43824e+03 1.06653e-06 +0.00000e+00
 1.38950e-04 2.45613e+03 1.29099e-06 +0.00000e+00
 1.73020e-04 2.47512e+03 1.55744e-06 +0.00000e+00
 2.15443e-04 2.49525e+03 1.87136e-06 +0.00000e+00
 2.68270e-04 2.51633e+03 2.23884e-06 +0.00000e+00
 3.34048e-04 2.53831e+03 2.66674e-06 +0.00000e+00
 4.15956e-04 2.56118e+03 3.15970e-06 +0.00000e+00
 5.17947e-04 2.58467e+03 3.72555e-06 +0.00000e+00
 6.44947e-04 2.60872e+03 4.36989e-06 +0.00000e+00
 8.03086e-04 2.63325e+03 5.09800e-06 +0.00000e+00
 1.00000e-03 2.65802e+03 5.91805e-06 +0.00000e+00
 1.24520e-03 2.68312e+03 6.83464e-06 -2.54580e-07
 1.55052e-03 2.70849e+03 7.85380e-06 -3.17002e-07
 1.93070e-03 2.73407e+03 8.98410e-06 -3.94730e-07
 2.40410e-03 2.76000e+03 1.02302e-05 -4.91517e-07
 2.99358e-03 2.78634e+03 1.15959e-05 -6.12035e-07
 3.72759e-03 2.81319e+03 1.30898e-05 -7.62104e-07
 4.64159e-03 2.84078e+03 1.47158e-05 -9.48970e-07
 5.77969e-03 2.86930e+03 1.64687e-05 -1.18165e-06
 7.19686e-03 2.89874e+03 1.83543e-05 -1.47140e-06
 8.96151e-03 2.92871e+03 2.03813e-05 -1.83218e-06
 1.11588e-02 2.95932e+03 2.25552e-05 -2.28141e-06
 1.38950e-02 2.99069e+03 2.48677e-05 -2.84081e-06
 1.73020e-02 3.02279e+03 2.73337e-05 -3.53737e-06
 2.15443e-02 3.05579e+03 2.99573e-05 -4.40473e-06
 2.68270e-02 3.08998e+03 3.27387e-05 -5.48476e-06
 3.34048e-02 3.12569e+03 3.56598e-05 -6.82960e-06
 4.15956e-02 3.16312e+03 3.87122e-05 +6.00825e-03
 5.17947e-02 3.20082e+03 4.19326e-05 +1.59315e-02
 6.44947e-02 3.23806e+03 4.53629e-05 +7.38739e-03
 8.03086e-02 3.27506e+03 4.90313e-05 +7.26063e-03
 1.00000e-01 3.31198e+03 5.29437e-05 +7.43158e-03
 1.24520e-01 3.34896e+03 5.71368e-05 +7.85268e-03
 1.55052e-01 3.38610e+03 6.16504e-05 +8.53075e-03
 1.93070e-01 3.42347e+03 6.65150e-05 +9.61640e-03
 2.40410e-01 3.46129e+03 7.17572e-05 +1.05525e-02
 2.99358e-01 3.49942e+03 7.73798e-05 +1.24370e-02
 3.72759e-01 3.53786e+03 8.34171e-05 +1.43188e-02
 4.64159e-01 3.57664e+03 8.99272e-05 +1.59713e-02
 5.77969e-01 3.61577e+03 9.69476e-05 +1.86474e-02
 7.19686e-01 3.65529e+03 1.04517e-04 +2.18749e-02
 8.96151e-01 3.69518e+03 1.12634e-04 +2.57575e-02
 1.11588e+00 3.73545e+03 1.21308e-04 +3.04260e-02
 1.38950e+00 3.77609e+03 1.30628e-04 +3.60464e-02
 1.73020e+00 3.81710e+03 1.40645e-04 +4.28360e-02
 2.15443e+00 3.85850e+03 1.51404e-04 +5.10827e-02
 2.68270e+00 3.90029e+03 1.62921e-04 +6.11791e-02
 3.34048e+00 3.94243e+03 1.75131e-04 +6.82516e-02
 4.15956e+00 3.98488e+03 1.88193e-04 +7.01159e-02
 5.17947e+00 4.02765e+03 2.02171e-04 +7.16742e-02
 6.44947e+00 4.07073e+03 2.17130e-04 +7.29765e-02
 8.03086e+00 4.11412e+03 2.33135e-04 +7.40647e-02
 1.00000e+01 4.15781e+03 2.49997e-04 +7.49779e-02
 1.24520e+01 4.20179e+03 2.67922e-04 +7.57399e-02
 1.55052e+01 4.24605e+03 2.87010e-04 +7.63754e-02
 1.93070e+01 4.29062e+03 3.07321e-04 +7.69054e-02
 2.40410e+01 4.33550e+03 3.28929e-04 +7.73484e-02
 2.99358e+01 4.38067e+03 3.51788e-04 +7.77190e-02
 3.72759e+01 4.42609e+03 3.75706e-04 +7.80295e-02
 4.64159e+01 4.47176e+03 4.01012e-04 +7.82884e-02
 5.77969e+01 4.51767e+03 4.27788e-04 +7.85040e-02
 7.19686e+01 4.56383e+03 4.56115e-04 +7.86836e-02
 8.96151e+01 4.61024e+03 4.86079e-04 +7.88330e-02
 1.11588e+02 4.65691e+03 5.17520e-04 +7.89578e-02
 1.38950e+02 4.70381e+03 5.50263e-04 +7.90616e-02
 1.73020e+02 4.75097e+03 5.84763e-04 +7.91478e-02
 2.15443e+02 4.79843e+03 6.21123e-04 +7.92194e-02
 2.68270e+02 4.84622e+03 6.59460e-04 +7.92788e-02
 3.34048e+02 4.89436e+03 6.99897e-04 +7.93281e-02
 4.15956e+02 4.94289e+03 7.42463e-04 +7.93693e-02
 5.17947e+02 4.99181e+03 7.86449e-04 +7.94036e-02
 6.44947e+02 5.04115e+03 8.32738e-04 +7.94320e-02
 8.03086e+02 5.09099e+03 8.81487e-04 +7.94556e-02
 1.00000e+03 5.14136e+03 9.32862e-04 +7.94753e-02
