#n1=128 n2=4 Teff=03300 R=2.4696e+11 L=5.1586e+33 logg=+3.00
#   tau          T          rho         Fconv
 0.00000e+00 1.85467e+03 8.05687e-21 +0.00000e+00
 1.00000e-09 1.85467e+03 3.43051e-14 +0.00000e+00
 1.24520e-09 1.85866e+03 4.26726e-14 +0.00000e+00
 1.55052e-09 1.86300e+03 5.30759e-14 +0.00000e+00
 1.93070e-09 1.86730e+03 6.60323e-14 +0.00000e+00
 2.40410e-09 1.87198e+03 8.21433e-14 +0.00000e+00
 2.99358e-09 1.87652e+03 1.02218e-13 +0.00000e+00
 3.72759e-09 1.88149e+03 1.27188e-13 +0.00000e+00
 4.64159e-09 1.88631e+03 1.58309e-13 +0.00000e+00
 5.77969e-09 1.89151e+03 1.97045e-13 +0.00000e+00
 7.19686e-09 1.89661e+03 2.45323e-13 +0.00000e+00
 8.96151e-09 1.90199e+03 3.05480e-13 +0.00000e+00
 1.11588e-08 1.90732e+03 3.80460e-13 +0.00000e+00
 1.38950e-08 1.91281e+03 4.74018e-13 +0.00000e+00
 1.73020e-08 1.91825e+03 5.90680e-13 +0.00000e+00
 2.15443e-08 1.92375e+03 7.36437e-13 +0.00000e+00
 2.68270e-08 1.92919e+03 9.18379e-13 +0.00000e+00
 3.34048e-08 1.93452e+03 1.14604e-12 +0.00000e+00
 4.15956e-08 1.93985e+03 1.43063e-12 +0.00000e+00
 5.17947e-08 1.94481e+03 1.78738e-12 +0.00000e+00
 6.44947e-08 1.94989e+03 2.23424e-12 +0.00000e+00
 8.03086e-08 1.95432e+03 2.79522e-12 +0.00000e+00
 1.00000e-07 1.95897e+03 3.50017e-12 +0.00000e+00
 1.24520e-07 1.96278e+03 4.38508e-12 +0.00000e+00
 1.55052e-07 1.96673e+03 5.50090e-12 +0.00000e+00
 1.93070e-07 1.97005e+03 6.90103e-12 +0.00000e+00
 2.40410e-07 1.97331e+03 8.66972e-12 +0.00000e+00
 2.99358e-07 1.97618e+03 1.08899e-11 +0.00000e+00
 3.72759e-07 1.97889e+03 1.36912e-11 +0.00000e+00
 4.64159e-07 1.98142e+03 1.72105e-11 +0.00000e+00
 5.77969e-07 1.98374e+03 2.16392e-11 +0.00000e+00
 7.19686e-07 1.98604e+03 2.72126e-11 +0.00000e+00
 8.96151e-07 1.98816e+03 3.41867e-11 +0.00000e+00
 1.11588e-06 1.99034e+03 4.29868e-11 +0.00000e+00
 1.38950e-06 1.99239e+03 5.39434e-11 +0.00000e+00
 1.73020e-06 1.99454e+03 6.77805e-11 +0.00000e+00
 2.15443e-06 1.99665e+03 8.49598e-11 +0.00000e+00
 2.68270e-06 1.99884e+03 1.06597e-10 +0.00000e+00
 3.34048e-06 2.00106e+03 1.33523e-10 +0.00000e+00
 4.15956e-06 2.00335e+03 1.67303e-10 +0.00000e+00
 5.17947e-06 2.00570e+03 2.09412e-10 +0.00000e+00
 6.44947e-06 2.00813e+03 2.62030e-10 +0.00000e+00
 8.03086e-06 2.01064e+03 3.27757e-10 +0.00000e+00
 1.00000e-05 2.01324e+03 4.09647e-10 +0.00000e+00
 1.24520e-05 2.01598e+03 5.11999e-10 +0.00000e+00
 1.55052e-05 2.01884e+03 6.39189e-10 +0.00000e+00
 1.93070e-05 2.02191e+03 7.98310e-10 +0.00000e+00
 2.40410e-05 2.02519e+03 9.95554e-10 +0.00000e+00
 2.99358e-05 2.02876e+03 1.24217e-09 +0.00000e+00
 3.72759e-05 2.03263e+03 1.54766e-09 +0.00000e+00
 4.64159e-05 2.03690e+03 1.92879e-09 +0.00000e+00
 5.77969e-05 2.04156e+03 2.40125e-09 +0.00000e+00
 7.19686e-05 2.04671e+03 2.98929e-09 +0.00000e+00
 8.96151e-05 2.05236e+03 3.71838e-09 +0.00000e+00
 1.11588e-04 2.05855e+03 4.62426e-09 +0.00000e+00
 1.38950e-04 2.06533e+03 5.74718e-09 +0.00000e+00
 1.73020e-04 2.07278e+03 7.13991e-09 +0.00000e+00
 2.15443e-04 2.08092e+03 8.86585e-09 +0.00000e+00
 2.68270e-04 2.08980e+03 1.10029e-08 +0.00000e+00
 3.34048e-04 2.09951e+03 1.36494e-08 +0.00000e+00
 4.15956e-04 2.11003e+03 1.69212e-08 +0.00000e+00
 5.17947e-04 2.12142e+03 2.09715e-08 +0.00000e+00
 6.44947e-04 2.13361e+03 2.59728e-08 +0.00000e+00
 8.03086e-04 2.14667e+03 3.21624e-08 +0.00000e+00
 1.00000e-03 2.16042e+03 3.97994e-08 +0.00000e+00
 1.24520e-03 2.17480e+03 4.92548e-08 -2.54316e-07
 1.55052e-03 2.18956e+03 6.09233e-08 -3.16674e-07
 1.93070e-03 2.20451e+03 7.53849e-08 -3.94321e-07
 2.40410e-03 2.21932e+03 9.32628e-08 -4.91008e-07
 2.99358e-03 2.23380e+03 1.15448e-07 -6.11400e-07
 3.72759e-03 2.24778e+03 1.42925e-07 -7.61315e-07
 4.64159e-03 2.26080e+03 1.77085e-07 -9.47987e-07
 5.77969e-03 2.27298e+03 2.19475e-07 -1.18043e-06
 7.19686e-03 2.28455e+03 2.72137e-07 -1.46987e-06
 8.96151e-03 2.29594e+03 3.37419e-07 -1.83028e-06
 1.11588e-02 2.30784e+03 4.18245e-07 -2.27905e-06
 1.38950e-02 2.32182e+03 5.17811e-07 -2.83787e-06
 1.73020e-02 2.33906e+03 6.39925e-07 -3.53371e-06
 2.15443e-02 2.36181e+03 7.88564e-07 -4.40016e-06
 2.68270e-02 2.39244e+03 9.67648e-07 -5.47907e-06
 3.34048e-02 2.43441e+03 1.18049e-06 -6.82252e-06
 4.15956e-02 2.48990e+03 1.42957e-06 -8.49539e-06
 5.17947e-02 2.56169e+03 1.71586e-06 +2.84160e-02
 6.44947e-02 2.62690e+03 2.06457e-06 +1.87426e-02
 8.03086e-02 2.69131e+03 2.48382e-06 +2.16487e-02
 1.00000e-01 2.75524e+03 2.98290e-06 +2.53909e-02
 1.24520e-01 2.81873e+03 3.57782e-06 +2.36376e-02
 1.55052e-01 2.88164e+03 4.27765e-06 +1.32038e-02
 1.93070e-01 2.94384e+03 5.09809e-06 +1.01211e-02
 2.40410e-01 3.00502e+03 6.04503e-06 +7.95192e-03
 2.99358e-01 3.06486e+03 7.12443e-06 +7.13086e-03
 3.72759e-01 3.12303e+03 8.33875e-06 +7.96759e-03
 4.64159e-01 3.17983e+03 9.66751e-06 +9.15161e-03
 5.77969e-01 3.23460e+03 1.11106e-05 +1.25204e-02
 7.19686e-01 3.28665e+03 1.26499e-05 +1.65846e-02
 8.96151e-01 3.33598e+03 1.42647e-05 +2.16342e-02
 1.11588e+00 3.38263e+03 1.59562e-05 +2.76939e-02
 1.38950e+00 3.42678e+03 1.77170e-05 +3.47953e-02
 1.73020e+00 3.46865e+03 1.95128e-05 +4.30274e-02
 2.15443e+00 3.50853e+03 2.13629e-05 +5.26012e-02
 2.68270e+00 3.54669e+03 2.32701e-05 +6.38505e-02
 3.34048e+00 3.58336e+03 2.52364e-05 +7.13545e-02
 4.15956e+00 3.61869e+03 2.72507e-05 +7.29938e-02
 5.17947e+00 3.65289e+03 2.93133e-05 +7.42809e-02
 6.44947e+00 3.68618e+03 3.14497e-05 +7.52978e-02
 8.03086e+00 3.71871e+03 3.36678e-05 +7.61052e-02
 1.00000e+01 3.75064e+03 3.59762e-05 +7.67488e-02
 1.24520e+01 3.78208e+03 3.83837e-05 +7.72639e-02
 1.55052e+01 3.81315e+03 4.08583e-05 +7.76762e-02
 1.93070e+01 3.84398e+03 4.34362e-05 +7.80084e-02
 2.40410e+01 3.87463e+03 4.61360e-05 +7.82773e-02
 2.99358e+01 3.90519e+03 4.89667e-05 +7.84955e-02
 3.72759e+01 3.93570e+03 5.19394e-05 +7.86734e-02
 4.64159e+01 3.96623e+03 5.50662e-05 +7.88187e-02
 5.77969e+01 3.99682e+03 5.83350e-05 +7.89374e-02
 7.19686e+01 4.02752e+03 6.17282e-05 +7.90344e-02
 8.96151e+01 4.05838e+03 6.53044e-05 +7.91140e-02
 1.11588e+02 4.08943e+03 6.90755e-05 +7.91797e-02
 1.38950e+02 4.12070e+03 7.30556e-05 +7.92336e-02
 1.73020e+02 4.15221e+03 7.72608e-05 +7.92782e-02
 2.15443e+02 4.18400e+03 8.17052e-05 +7.93149e-02
 2.68270e+02 4.21609e+03 8.63572e-05 +7.93452e-02
 3.34048e+02 4.24855e+03 9.12146e-05 +7.93702e-02
 4.15956e+02 4.28141e+03 9.63476e-05 +7.93908e-02
 5.17947e+02 4.31468e+03 1.01774e-04 +7.94080e-02
 6.44947e+02 4.34839e+03 1.07514e-04 +7.94223e-02
 8.03086e+02 4.38254e+03 1.13586e-04 +7.94340e-02
 1.00000e+03 4.41715e+03 1.20011e-04 +7.94440e-02
