#n1=128 n2=4 Teff=03600 R=4.0458e+10 L=1.9589e+32 logg=+4.50
#   tau          T          rho         Fconv
 0.00000e+00 2.20053e+03 6.79592e-21 +0.00000e+00
 1.00000e-09 2.20053e+03 9.22646e-13 +0.00000e+00
 1.24520e-09 2.20570e+03 1.14657e-12 +0.00000e+00
 1.55052e-09 2.21128e+03 1.42465e-12 +0.00000e+00
 1.93070e-09 2.21743e+03 1.76976e-12 +0.00000e+00
 2.40410e-09 2.22397e+03 2.19819e-12 +0.00000e+00
 2.99358e-09 2.23115e+03 2.72958e-12 +0.00000e+00
 3.72759e-09 2.23868e+03 3.38908e-12 +0.00000e+00
 4.64159e-09 2.24689e+03 4.20668e-12 +0.00000e+00
 5.77969e-09 2.25542e+03 5.22098e-12 +0.00000e+00
 7.19686e-09 2.26457e+03 6.47816e-12 +0.00000e+00
 8.96151e-09 2.27401e+03 8.03714e-12 +0.00000e+00
 1.11588e-08 2.28393e+03 9.96952e-12 +0.00000e+00
 1.38950e-08 2.29406e+03 1.23653e-11 +0.00000e+00
 1.73020e-08 2.30449e+03 1.53358e-11 +0.00000e+00
 2.15443e-08 2.31499e+03 1.90189e-11 +0.00000e+00
 2.68270e-08 2.32561e+03 2.35878e-11 +0.00000e+00
 3.34048e-08 2.33620e+03 2.92534e-11 +0.00000e+00
 4.15956e-08 2.34676e+03 3.62847e-11 +0.00000e+00
 5.17947e-08 2.35730e+03 4.50034e-11 +0.00000e+00
 6.44947e-08 2.36776e+03 5.58240e-11 +0.00000e+00
 8.03086e-08 2.37834e+03 6.92345e-11 +0.00000e+00
 1.00000e-07 2.38886e+03 8.58685e-11 +0.00000e+00
 1.24520e-07 2.39974e+03 1.06462e-10 +0.00000e+00
 1.55052e-07 2.41072e+03 1.31957e-10 +0.00000e+00
 1.93070e-07 2.42189e+03 1.63529e-10 +0.00000e+00
 2.40410e-07 2.43279e+03 2.02600e-10 +0.00000e+00
 2.99358e-07 2.44415e+03 2.50908e-10 +0.00000e+00
 3.72759e-07 2.45553e+03 3.10497e-10 +0.00000e+00
 4.64159e-07 2.46739e+03 3.84032e-10 +0.00000e+00
 5.77969e-07 2.47958e+03 4.74386e-10 +0.00000e+00
 7.19686e-07 2.49228e+03 5.85497e-10 +0.00000e+00
 8.96151e-07 2.50559e+03 7.21441e-10 +0.00000e+00
 1.11588e-06 2.51940e+03 8.87744e-10 +0.00000e+00
 1.38950e-06 2.53392e+03 1.09056e-09 +0.00000e+00
 1.73020e-06 2.54879e+03 1.33697e-09 +0.00000e+00
 2.15443e-06 2.56408e+03 1.63712e-09 +0.00000e+00
 2.68270e-06 2.57953e+03 1.99923e-09 +0.00000e+00
 3.34048e-06 2.59492e+03 2.43926e-09 +0.00000e+00
 4.15956e-06 2.61021e+03 2.96874e-09 +0.00000e+00
 5.17947e-06 2.62509e+03 3.60843e-09 +0.00000e+00
 6.44947e-06 2.63948e+03 4.37931e-09 +0.00000e+00
 8.03086e-06 2.65338e+03 5.30183e-09 +0.00000e+00
 1.00000e-05 2.66638e+03 6.41624e-09 +0.00000e+00
 1.24520e-05 2.67878e+03 7.74291e-09 +0.00000e+00
 1.55052e-05 2.69034e+03 9.33721e-09 +0.00000e+00
 1.93070e-05 2.70090e+03 1.12493e-08 +0.00000e+00
 2.40410e-05 2.71101e+03 1.35178e-08 +0.00000e+00
 2.99358e-05 2.72012e+03 1.62484e-08 +0.00000e+00
 3.72759e-05 2.72870e+03 1.94884e-08 +0.00000e+00
 4.64159e-05 2.73686e+03 2.33468e-08 +0.00000e+00
 5.77969e-05 2.74432e+03 2.79786e-08 +0.00000e+00
 7.19686e-05 2.75198e+03 3.34076e-08 +0.00000e+00
 8.96151e-05 2.75931e+03 3.98904e-08 +0.00000e+00
 1.11588e-04 2.76669e+03 4.75894e-08 +0.00000e+00
 1.38950e-04 2.77471e+03 5.65657e-08 +0.00000e+00
 1.73020e-04 2.78283e+03 6.72226e-08 +0.00000e+00
 2.15443e-04 2.79181e+03 7.96796e-08 +0.00000e+00
 2.68270e-04 2.80162e+03 9.41308e-08 +0.00000e+00
 3.34048e-04 2.81190e+03 1.11093e-07 +0.00000e+00
 4.15956e-04 2.82352e+03 1.30610e-07 +0.00000e+00
 5.17947e-04 2.83607e+03 1.53044e-07 +0.00000e+00
 6.44947e-04 2.84935e+03 1.79013e-07 +0.00000e+00
 8.03086e-04 2.86397e+03 2.08496e-07 +0.00000e+00
 1.00000e-03 2.87954e+03 2.41978e-07 +0.00000e+00
 1.24520e-03 2.89602e+03 2.80189e-07 -2.54568e-07
 1.55052e-03 2.91378e+03 3.23081e-07 -3.16987e-07
 1.93070e-03 2.93265e+03 3.71005e-07 -3.94711e-07
 2.40410e-03 2.95253e+03 4.24938e-07 -4.91493e-07
 2.99358e-03 2.97372e+03 4.84947e-07 -6.12005e-07
 3.72759e-03 2.99634e+03 5.50590e-07 -7.62068e-07
 4.64159e-03 3.02030e+03 6.23232e-07 -9.48924e-07
 5.77969e-03 3.04594e+03 7.02951e-07 -1.18160e-06
 7.19686e-03 3.07327e+03 7.88580e-07 -1.47132e-06
 8.96151e-03 3.10126e+03 8.81908e-07 -1.83208e-06
 1.11588e-02 3.12989e+03 9.84065e-07 -2.28131e-06
 1.38950e-02 3.15932e+03 1.09563e-06 -2.84068e-06
 1.73020e-02 3.18958e+03 1.21450e-06 +9.85506e-05
 2.15443e-02 3.22057e+03 1.34383e-06 +7.65356e-03
 2.68270e-02 3.25164e+03 1.48528e-06 +5.99657e-03
 3.34048e-02 3.28289e+03 1.64008e-06 +4.06883e-03
 4.15956e-02 3.31439e+03 1.80552e-06 +3.56652e-03
 5.17947e-02 3.34621e+03 1.98625e-06 +4.40568e-03
 6.44947e-02 3.37832e+03 2.18376e-06 +4.24038e-03
 8.03086e-02 3.41067e+03 2.39985e-06 +2.93445e-03
 1.00000e-01 3.44326e+03 2.63175e-06 +3.02069e-03
 1.24520e-01 3.47611e+03 2.88393e-06 +3.39137e-03
 1.55052e-01 3.50927e+03 3.15943e-06 +4.03569e-03
 1.93070e-01 3.54280e+03 3.46037e-06 +5.01005e-03
 2.40410e-01 3.57686e+03 3.78514e-06 +5.21538e-03
 2.99358e-01 3.61207e+03 4.13165e-06 +7.59178e-03
 3.72759e-01 3.64778e+03 4.50785e-06 +9.51868e-03
 4.64159e-01 3.68403e+03 4.91616e-06 +1.18689e-02
 5.77969e-01 3.72084e+03 5.35939e-06 +1.46899e-02
 7.19686e-01 3.75823e+03 5.82954e-06 +1.80284e-02
 8.96151e-01 3.79618e+03 6.33829e-06 +2.21428e-02
 1.11588e+00 3.83467e+03 6.89023e-06 +2.71587e-02
 1.38950e+00 3.87371e+03 7.48934e-06 +3.33063e-02
 1.73020e+00 3.91333e+03 8.13544e-06 +4.08859e-02
 2.15443e+00 3.95368e+03 8.82419e-06 +5.02771e-02
 2.68270e+00 3.99488e+03 9.57039e-06 +6.19681e-02
 3.34048e+00 4.03703e+03 1.03782e-05 +6.98348e-02
 4.15956e+00 4.08003e+03 1.12530e-05 +7.13411e-02
 5.17947e+00 4.12388e+03 1.21899e-05 +7.26055e-02
 6.44947e+00 4.16866e+03 1.31947e-05 +7.36708e-02
 8.03086e+00 4.21438e+03 1.42841e-05 +7.45742e-02
 1.00000e+01 4.26101e+03 1.54664e-05 +7.53431e-02
 1.24520e+01 4.30853e+03 1.67504e-05 +7.59947e-02
 1.55052e+01 4.35700e+03 1.81249e-05 +7.65361e-02
 1.93070e+01 4.40660e+03 1.96102e-05 +7.69880e-02
 2.40410e+01 4.45747e+03 2.12233e-05 +7.73670e-02
 2.99358e+01 4.50974e+03 2.29740e-05 +7.76869e-02
 3.72759e+01 4.56347e+03 2.48711e-05 +7.79592e-02
 4.64159e+01 4.61876e+03 2.68932e-05 +7.81891e-02
 5.77969e+01 4.67568e+03 2.90815e-05 +7.83866e-02
 7.19686e+01 4.73421e+03 3.14521e-05 +7.85562e-02
 8.96151e+01 4.79435e+03 3.40173e-05 +7.87019e-02
 1.11588e+02 4.85609e+03 3.67849e-05 +7.88265e-02
 1.38950e+02 4.91954e+03 3.97273e-05 +7.89318e-02
 1.73020e+02 4.98478e+03 4.28963e-05 +7.90224e-02
 2.15443e+02 5.05176e+03 4.62978e-05 +7.91006e-02
 2.68270e+02 5.12040e+03 4.99367e-05 +7.91686e-02
 3.34048e+02 5.19055e+03 5.38055e-05 +7.92274e-02
 4.15956e+02 5.26208e+03 5.78731e-05 +7.92784e-02
 5.17947e+02 5.33488e+03 6.21774e-05 +7.93221e-02
 6.44947e+02 5.40893e+03 6.67121e-05 +7.93592e-02
 8.03086e+02 5.48421e+03 7.14700e-05 +7.93909e-02
 1.00000e+03 5.56072e+03 7.64432e-05 +7.94179e-02
