#n1=128 n2=4 Teff=03700 R=1.0433e+12 L=1.4534e+35 logg=+2.00
#   tau          T          rho         Fconv
 0.00000e+00 1.90942e+03 7.92583e-21 +0.00000e+00
 1.00000e-09 1.90942e+03 3.23824e-15 +0.00000e+00
 1.24520e-09 1.91768e+03 4.01790e-15 +0.00000e+00
 1.55052e-09 1.92645e+03 4.98388e-15 +0.00000e+00
 1.93070e-09 1.93512e+03 6.18245e-15 +0.00000e+00
 2.40410e-09 1.94421e+03 7.66760e-15 +0.00000e+00
 2.99358e-09 1.95317e+03 9.51024e-15 +0.00000e+00
 3.72759e-09 1.96253e+03 1.17934e-14 +0.00000e+00
 4.64159e-09 1.97179e+03 1.46256e-14 +0.00000e+00
 5.77969e-09 1.98141e+03 1.81350e-14 +0.00000e+00
 7.19686e-09 1.99102e+03 2.24870e-14 +0.00000e+00
 8.96151e-09 2.00093e+03 2.78797e-14 +0.00000e+00
 1.11588e-08 2.01092e+03 3.45648e-14 +0.00000e+00
 1.38950e-08 2.02117e+03 4.28484e-14 +0.00000e+00
 1.73020e-08 2.03160e+03 5.31132e-14 +0.00000e+00
 2.15443e-08 2.04227e+03 6.58307e-14 +0.00000e+00
 2.68270e-08 2.05326e+03 8.15813e-14 +0.00000e+00
 3.34048e-08 2.06453e+03 1.01089e-13 +0.00000e+00
 4.15956e-08 2.07630e+03 1.25232e-13 +0.00000e+00
 5.17947e-08 2.08860e+03 1.55102e-13 +0.00000e+00
 6.44947e-08 2.10177e+03 1.92015e-13 +0.00000e+00
 8.03086e-08 2.11653e+03 2.37530e-13 +0.00000e+00
 1.00000e-07 2.13256e+03 2.93653e-13 +0.00000e+00
 1.24520e-07 2.15121e+03 3.62574e-13 +0.00000e+00
 1.55052e-07 2.17163e+03 4.47301e-13 +0.00000e+00
 1.93070e-07 2.19353e+03 5.51458e-13 +0.00000e+00
 2.40410e-07 2.20682e+03 6.82701e-13 +0.00000e+00
 2.99358e-07 2.23140e+03 8.40623e-13 +0.00000e+00
 3.72759e-07 2.25869e+03 1.03381e-12 +0.00000e+00
 4.64159e-07 2.28707e+03 1.27083e-12 +0.00000e+00
 5.77969e-07 2.31603e+03 1.56186e-12 +0.00000e+00
 7.19686e-07 2.34454e+03 1.91992e-12 +0.00000e+00
 8.96151e-07 2.37093e+03 2.36219e-12 +0.00000e+00
 1.11588e-06 2.39807e+03 2.90508e-12 +0.00000e+00
 1.38950e-06 2.42422e+03 3.57371e-12 +0.00000e+00
 1.73020e-06 2.44899e+03 4.39780e-12 +0.00000e+00
 2.15443e-06 2.47227e+03 5.41365e-12 +0.00000e+00
 2.68270e-06 2.49407e+03 6.66559e-12 +0.00000e+00
 3.34048e-06 2.51435e+03 8.20818e-12 +0.00000e+00
 4.15956e-06 2.53335e+03 1.01069e-11 +0.00000e+00
 5.17947e-06 2.55111e+03 1.24422e-11 +0.00000e+00
 6.44947e-06 2.56774e+03 1.53110e-11 +0.00000e+00
 8.03086e-06 2.58323e+03 1.88312e-11 +0.00000e+00
 1.00000e-05 2.59792e+03 2.31411e-11 +0.00000e+00
 1.24520e-05 2.61206e+03 2.84057e-11 +0.00000e+00
 1.55052e-05 2.62548e+03 3.48247e-11 +0.00000e+00
 1.93070e-05 2.63818e+03 4.26327e-11 +0.00000e+00
 2.40410e-05 2.65047e+03 5.20987e-11 +0.00000e+00
 2.99358e-05 2.66237e+03 6.35395e-11 +0.00000e+00
 3.72759e-05 2.67385e+03 7.73229e-11 +0.00000e+00
 4.64159e-05 2.68515e+03 9.38606e-11 +0.00000e+00
 5.77969e-05 2.69641e+03 1.13623e-10 +0.00000e+00
 7.19686e-05 2.70723e+03 1.37167e-10 +0.00000e+00
 8.96151e-05 2.71775e+03 1.65103e-10 +0.00000e+00
 1.11588e-04 2.72834e+03 1.98092e-10 +0.00000e+00
 1.38950e-04 2.73901e+03 2.36886e-10 +0.00000e+00
 1.73020e-04 2.74969e+03 2.82344e-10 +0.00000e+00
 2.15443e-04 2.76054e+03 3.35386e-10 +0.00000e+00
 2.68270e-04 2.77167e+03 3.97031e-10 +0.00000e+00
 3.34048e-04 2.78291e+03 4.68473e-10 +0.00000e+00
 4.15956e-04 2.79433e+03 5.50985e-10 +0.00000e+00
 5.17947e-04 2.80624e+03 6.45911e-10 +0.00000e+00
 6.44947e-04 2.81867e+03 7.54804e-10 +0.00000e+00
 8.03086e-04 2.83167e+03 8.79340e-10 +0.00000e+00
 1.00000e-03 2.84520e+03 1.02141e-09 +0.00000e+00
 1.24520e-03 2.85924e+03 1.18317e-09 -2.54587e-07
 1.55052e-03 2.87405e+03 1.36673e-09 -3.17011e-07
 1.93070e-03 2.88966e+03 1.57454e-09 -3.94741e-07
 2.40410e-03 2.90601e+03 1.80943e-09 -4.91530e-07
 2.99358e-03 2.92316e+03 2.07431e-09 -6.12052e-07
 3.72759e-03 2.94126e+03 2.37224e-09 -7.62125e-07
 4.64159e-03 2.96012e+03 2.70702e-09 -9.48992e-07
 5.77969e-03 2.97975e+03 3.08262e-09 -1.18169e-06
 7.19686e-03 3.00028e+03 3.50303e-09 -1.47143e-06
 8.96151e-03 3.02170e+03 3.97285e-09 -1.83223e-06
 1.11588e-02 3.04377e+03 4.49769e-09 -2.28148e-06
 1.38950e-02 3.06653e+03 5.08319e-09 -2.84090e-06
 1.73020e-02 3.08976e+03 5.73587e-09 -3.53747e-06
 2.15443e-02 3.11432e+03 6.46022e-09 -4.40485e-06
 2.68270e-02 3.14049e+03 7.26163e-09 -5.48491e-06
 3.34048e-02 3.17005e+03 8.13890e-09 -6.82979e-06
 4.15956e-02 3.20178e+03 9.09907e-09 -8.50443e-06
 5.17947e-02 3.23461e+03 1.01506e-08 -1.05897e-05
 6.44947e-02 3.25855e+03 1.13530e-08 -1.31862e-05
 8.03086e-02 3.27161e+03 1.27600e-08 -1.64195e-05
 1.00000e-01 3.28684e+03 1.43400e-08 -2.04455e-05
 1.24520e-01 3.30775e+03 1.60817e-08 -2.54587e-05
 1.55052e-01 3.34208e+03 1.79193e-08 -3.17011e-05
 1.93070e-01 3.39510e+03 1.97626e-08 -3.94741e-05
 2.40410e-01 3.45252e+03 2.16776e-08 -4.91530e-05
 2.99358e-01 3.51100e+03 2.36846e-08 -6.12052e-05
 3.72759e-01 3.56019e+03 2.59036e-08 -7.62125e-05
 4.64159e-01 3.61930e+03 2.81874e-08 -9.48992e-05
 5.77969e-01 3.72426e+03 3.00872e-08 -1.18168e-04
 7.19686e-01 3.82502e+03 3.20002e-08 -1.47143e-04
 8.96151e-01 3.93035e+03 3.38892e-08 -1.83217e-04
 1.11588e+00 4.05911e+03 3.55842e-08 -2.28016e-04
 1.38950e+00 4.20645e+03 3.71527e-08 -2.83533e-04
 1.73020e+00 4.37328e+03 3.86638e-08 -3.52627e-04
 2.15443e+00 4.55993e+03 4.02276e-08 -4.39732e-04
 2.68270e+00 4.76948e+03 4.19560e-08 -5.48233e-04
 3.34048e+00 4.99625e+03 4.40134e-08 -6.13316e-04
 4.15956e+00 5.28805e+03 4.58453e-08 -6.13174e-04
 5.17947e+00 5.49981e+03 4.82760e-08 -5.95868e-04
 6.44947e+00 5.92584e+03 4.78594e-08 +9.18608e-04
 8.03086e+00 6.16279e+03 4.82746e-08 +8.19187e-03
 1.00000e+01 6.38928e+03 4.84207e-08 +2.10859e-02
 1.24520e+01 6.59267e+03 4.85210e-08 +3.36563e-02
 1.55052e+01 6.77443e+03 4.86552e-08 +4.35402e-02
 1.93070e+01 6.93979e+03 4.88407e-08 +5.09886e-02
 2.40410e+01 7.09294e+03 4.90817e-08 +5.67054e-02
 2.99358e+01 7.23690e+03 4.93803e-08 +6.11023e-02
 3.72759e+01 7.37393e+03 4.97368e-08 +6.45771e-02
 4.64159e+01 7.50517e+03 5.01566e-08 +6.73914e-02
 5.77969e+01 7.63130e+03 5.06466e-08 +6.96716e-02
 7.19686e+01 7.75305e+03 5.12126e-08 +7.15029e-02
 8.96151e+01 7.87125e+03 5.18589e-08 +7.29685e-02
 1.11588e+02 7.98676e+03 5.25885e-08 +7.41399e-02
 1.38950e+02 8.10038e+03 5.34042e-08 +7.50850e-02
 1.73020e+02 8.21266e+03 5.43099e-08 +7.58550e-02
 2.15443e+02 8.32400e+03 5.53100e-08 +7.64860e-02
 2.68270e+02 8.43473e+03 5.64093e-08 +7.70052e-02
 3.34048e+02 8.54523e+03 5.76123e-08 +7.74287e-02
 4.15956e+02 8.65595e+03 5.89218e-08 +7.77789e-02
 5.17947e+02 8.76696e+03 6.03438e-08 +7.80736e-02
 6.44947e+02 8.87805e+03 6.18877e-08 +7.83247e-02
 8.03086e+02 8.98880e+03 6.35672e-08 +7.85384e-02
 1.00000e+03 9.09893e+03 6.53978e-08 +7.87173e-02
