#n1=128 n2=4 Teff=03700 R=1.0441e+12 L=1.4534e+35 logg=+2.00
#   tau          T          rho         Fconv
 0.00000e+00 2.03402e+03 7.34831e-21 +0.00000e+00
 1.00000e-09 2.03402e+03 2.96669e-15 +0.00000e+00
 1.24520e-09 2.03693e+03 3.69118e-15 +0.00000e+00
 1.55052e-09 2.04000e+03 4.59224e-15 +0.00000e+00
 1.93070e-09 2.04322e+03 5.71287e-15 +0.00000e+00
 2.40410e-09 2.04672e+03 7.10597e-15 +0.00000e+00
 2.99358e-09 2.05044e+03 8.83787e-15 +0.00000e+00
 3.72759e-09 2.05449e+03 1.09902e-14 +0.00000e+00
 4.64159e-09 2.05883e+03 1.36648e-14 +0.00000e+00
 5.77969e-09 2.06354e+03 1.69873e-14 +0.00000e+00
 7.19686e-09 2.06862e+03 2.11141e-14 +0.00000e+00
 8.96151e-09 2.07414e+03 2.62381e-14 +0.00000e+00
 1.11588e-08 2.08010e+03 3.25989e-14 +0.00000e+00
 1.38950e-08 2.08658e+03 4.04924e-14 +0.00000e+00
 1.73020e-08 2.09358e+03 5.02849e-14 +0.00000e+00
 2.15443e-08 2.10113e+03 6.24303e-14 +0.00000e+00
 2.68270e-08 2.10926e+03 7.74888e-14 +0.00000e+00
 3.34048e-08 2.11795e+03 9.61559e-14 +0.00000e+00
 4.15956e-08 2.12721e+03 1.19290e-13 +0.00000e+00
 5.17947e-08 2.13698e+03 1.47957e-13 +0.00000e+00
 6.44947e-08 2.14726e+03 1.83474e-13 +0.00000e+00
 8.03086e-08 2.15793e+03 2.27483e-13 +0.00000e+00
 1.00000e-07 2.16898e+03 2.82005e-13 +0.00000e+00
 1.24520e-07 2.18026e+03 3.49569e-13 +0.00000e+00
 1.55052e-07 2.19183e+03 4.33277e-13 +0.00000e+00
 1.93070e-07 2.20356e+03 5.37009e-13 +0.00000e+00
 2.40410e-07 2.21563e+03 6.65495e-13 +0.00000e+00
 2.99358e-07 2.22806e+03 8.24616e-13 +0.00000e+00
 3.72759e-07 2.24112e+03 1.02152e-12 +0.00000e+00
 4.64159e-07 2.25495e+03 1.26504e-12 +0.00000e+00
 5.77969e-07 2.26984e+03 1.56592e-12 +0.00000e+00
 7.19686e-07 2.28590e+03 1.93738e-12 +0.00000e+00
 8.96151e-07 2.30331e+03 2.39561e-12 +0.00000e+00
 1.11588e-06 2.32204e+03 2.96060e-12 +0.00000e+00
 1.38950e-06 2.34204e+03 3.65703e-12 +0.00000e+00
 1.73020e-06 2.36311e+03 4.51539e-12 +0.00000e+00
 2.15443e-06 2.38500e+03 5.57369e-12 +0.00000e+00
 2.68270e-06 2.40770e+03 6.87805e-12 +0.00000e+00
 3.34048e-06 2.43074e+03 8.48717e-12 +0.00000e+00
 4.15956e-06 2.45414e+03 1.04718e-11 +0.00000e+00
 5.17947e-06 2.47745e+03 1.29219e-11 +0.00000e+00
 6.44947e-06 2.50048e+03 1.59477e-11 +0.00000e+00
 8.03086e-06 2.52294e+03 1.96876e-11 +0.00000e+00
 1.00000e-05 2.54338e+03 2.43251e-11 +0.00000e+00
 1.24520e-05 2.56427e+03 3.00487e-11 +0.00000e+00
 1.55052e-05 2.58342e+03 3.71441e-11 +0.00000e+00
 1.93070e-05 2.60190e+03 4.59241e-11 +0.00000e+00
 2.40410e-05 2.61963e+03 5.67909e-11 +0.00000e+00
 2.99358e-05 2.63724e+03 7.02226e-11 +0.00000e+00
 3.72759e-05 2.65345e+03 8.68671e-11 +0.00000e+00
 4.64159e-05 2.66927e+03 1.07450e-10 +0.00000e+00
 5.77969e-05 2.68414e+03 1.32930e-10 +0.00000e+00
 7.19686e-05 2.69801e+03 1.64470e-10 +0.00000e+00
 8.96151e-05 2.71092e+03 2.03510e-10 +0.00000e+00
 1.11588e-04 2.72237e+03 2.51870e-10 +0.00000e+00
 1.38950e-04 2.73362e+03 3.11624e-10 +0.00000e+00
 1.73020e-04 2.74402e+03 3.85491e-10 +0.00000e+00
 2.15443e-04 2.75376e+03 4.76764e-10 +0.00000e+00
 2.68270e-04 2.76289e+03 5.89433e-10 +0.00000e+00
 3.34048e-04 2.77154e+03 7.28425e-10 +0.00000e+00
 4.15956e-04 2.77996e+03 8.99599e-10 +0.00000e+00
 5.17947e-04 2.78832e+03 1.11011e-09 +0.00000e+00
 6.44947e-04 2.79684e+03 1.36851e-09 +0.00000e+00
 8.03086e-04 2.80576e+03 1.68476e-09 +0.00000e+00
 1.00000e-03 2.81535e+03 2.07098e-09 +0.00000e+00
 1.24520e-03 2.82567e+03 2.54067e-09 -2.54978e-07
 1.55052e-03 2.83682e+03 3.11075e-09 -3.17498e-07
 1.93070e-03 2.84918e+03 3.79833e-09 -3.95348e-07
 2.40410e-03 2.86267e+03 4.62490e-09 -4.92285e-07
 2.99358e-03 2.87742e+03 5.61372e-09 -6.12992e-07
 3.72759e-03 2.89346e+03 6.78790e-09 -7.63296e-07
 4.64159e-03 2.91087e+03 8.17788e-09 -9.50450e-07
 5.77969e-03 2.92997e+03 9.80532e-09 -1.18351e-06
 7.19686e-03 2.95048e+03 1.17044e-08 -1.47369e-06
 8.96151e-03 2.97254e+03 1.39033e-08 -1.83504e-06
 1.11588e-02 2.99642e+03 1.64179e-08 -2.28498e-06
 1.38950e-02 3.02201e+03 1.92837e-08 -2.84526e-06
 1.73020e-02 3.04942e+03 2.25114e-08 -3.54291e-06
 2.15443e-02 3.07879e+03 2.61107e-08 -4.41162e-06
 2.68270e-02 3.10917e+03 3.01228e-08 -5.49334e-06
 3.34048e-02 3.13967e+03 3.45788e-08 -6.84028e-06
 4.15956e-02 3.17056e+03 3.95049e-08 -8.51749e-06
 5.17947e-02 3.20220e+03 4.49319e-08 -1.06060e-05
 6.44947e-02 3.23489e+03 5.08660e-08 -1.32065e-05
 8.03086e-02 3.26757e+03 5.73613e-08 -1.64448e-05
 1.00000e-01 3.30092e+03 6.44632e-08 -2.04769e-05
 1.24520e-01 3.33522e+03 7.21942e-08 -2.54978e-05
 1.55052e-01 3.37079e+03 8.05555e-08 -3.17498e-05
 1.93070e-01 3.40802e+03 8.95817e-08 -3.95348e-05
 2.40410e-01 3.44777e+03 9.92659e-08 -4.92285e-05
 2.99358e-01 3.49283e+03 1.09433e-07 -6.12528e-05
 3.72759e-01 3.54092e+03 1.20174e-07 -7.50387e-05
 4.64159e-01 3.59243e+03 1.31541e-07 -8.45021e-05
 5.77969e-01 3.64866e+03 1.43502e-07 -5.04215e-05
 7.19686e-01 3.71101e+03 1.56008e-07 +1.81203e-04
 8.96151e-01 3.78062e+03 1.69067e-07 +8.93000e-04
 1.11588e+00 3.87947e+03 1.81300e-07 +3.04741e-03
 1.38950e+00 4.00438e+03 1.93004e-07 +5.85268e-03
 1.73020e+00 4.15613e+03 2.04257e-07 +5.67440e-03
 2.15443e+00 4.32945e+03 2.14895e-07 +6.74486e-03
 2.68270e+00 4.51292e+03 2.23824e-07 +1.34278e-02
 3.34048e+00 4.68840e+03 2.30354e-07 +2.63719e-02
 4.15956e+00 4.84359e+03 2.35199e-07 +3.84227e-02
 5.17947e+00 4.97989e+03 2.39110e-07 +4.77507e-02
 6.44947e+00 5.10238e+03 2.42507e-07 +5.45669e-02
 8.03086e+00 5.21522e+03 2.45620e-07 +5.96151e-02
 1.00000e+01 5.32150e+03 2.48577e-07 +6.33863e-02
 1.24520e+01 5.42358e+03 2.51446e-07 +6.62765e-02
 1.55052e+01 5.52298e+03 2.54275e-07 +6.85510e-02
 1.93070e+01 5.62080e+03 2.57101e-07 +7.03700e-02
 2.40410e+01 5.71788e+03 2.59952e-07 +7.18455e-02
 2.99358e+01 5.81482e+03 2.62850e-07 +7.30581e-02
 3.72759e+01 5.91208e+03 2.65816e-07 +7.40635e-02
 4.64159e+01 6.01005e+03 2.68867e-07 +7.49027e-02
 5.77969e+01 6.10900e+03 2.72018e-07 +7.56080e-02
 7.19686e+01 6.20919e+03 2.75287e-07 +7.62034e-02
 8.96151e+01 6.31079e+03 2.78693e-07 +7.67083e-02
 1.11588e+02 6.41396e+03 2.82249e-07 +7.71368e-02
 1.38950e+02 6.51886e+03 2.85972e-07 +7.75021e-02
 1.73020e+02 6.62553e+03 2.89879e-07 +7.78157e-02
 2.15443e+02 6.73395e+03 2.93993e-07 +7.80861e-02
 2.68270e+02 6.84405e+03 2.98342e-07 +7.83186e-02
 3.34048e+02 6.95580e+03 3.02949e-07 +7.85184e-02
 4.15956e+02 7.06912e+03 3.07844e-07 +7.86903e-02
 5.17947e+02 7.18396e+03 3.13057e-07 +7.88380e-02
 6.44947e+02 7.30024e+03 3.18618e-07 +7.89648e-02
 8.03086e+02 7.41785e+03 3.24563e-07 +7.90738e-02
 1.00000e+03 7.53666e+03 3.30931e-07 +7.91677e-02
