#n1=128 n2=4 Teff=03500 R=9.9173e+11 L=1.0501e+35 logg=+2.00
#   tau          T          rho         Fconv
 0.00000e+00 1.90312e+03 7.85802e-21 +0.00000e+00
 1.00000e-09 1.90312e+03 3.18121e-15 +0.00000e+00
 1.24520e-09 1.90869e+03 3.95217e-15 +0.00000e+00
 1.55052e-09 1.91471e+03 4.90885e-15 +0.00000e+00
 1.93070e-09 1.92074e+03 6.09717e-15 +0.00000e+00
 2.40410e-09 1.92730e+03 7.57116e-15 +0.00000e+00
 2.99358e-09 1.93395e+03 9.40125e-15 +0.00000e+00
 3.72759e-09 1.94108e+03 1.16710e-14 +0.00000e+00
 4.64159e-09 1.94832e+03 1.44880e-14 +0.00000e+00
 5.77969e-09 1.95604e+03 1.79811e-14 +0.00000e+00
 7.19686e-09 1.96394e+03 2.23147e-14 +0.00000e+00
 8.96151e-09 1.97225e+03 2.76877e-14 +0.00000e+00
 1.11588e-08 1.98079e+03 3.43511e-14 +0.00000e+00
 1.38950e-08 1.98966e+03 4.26120e-14 +0.00000e+00
 1.73020e-08 1.99880e+03 5.28539e-14 +0.00000e+00
 2.15443e-08 2.00819e+03 6.55513e-14 +0.00000e+00
 2.68270e-08 2.01785e+03 8.12900e-14 +0.00000e+00
 3.34048e-08 2.02767e+03 1.00804e-13 +0.00000e+00
 4.15956e-08 2.03776e+03 1.24987e-13 +0.00000e+00
 5.17947e-08 2.04795e+03 1.54973e-13 +0.00000e+00
 6.44947e-08 2.05845e+03 1.92127e-13 +0.00000e+00
 8.03086e-08 2.06902e+03 2.38192e-13 +0.00000e+00
 1.00000e-07 2.08003e+03 2.95246e-13 +0.00000e+00
 1.24520e-07 2.09116e+03 3.65961e-13 +0.00000e+00
 1.55052e-07 2.10291e+03 4.53484e-13 +0.00000e+00
 1.93070e-07 2.11491e+03 5.61893e-13 +0.00000e+00
 2.40410e-07 2.12773e+03 6.95952e-13 +0.00000e+00
 2.99358e-07 2.14092e+03 8.61869e-13 +0.00000e+00
 3.72759e-07 2.15503e+03 1.06689e-12 +0.00000e+00
 4.64159e-07 2.16980e+03 1.32028e-12 +0.00000e+00
 5.77969e-07 2.18572e+03 1.63300e-12 +0.00000e+00
 7.19686e-07 2.20245e+03 2.01903e-12 +0.00000e+00
 8.96151e-07 2.22018e+03 2.49527e-12 +0.00000e+00
 1.11588e-06 2.23896e+03 3.08234e-12 +0.00000e+00
 1.38950e-06 2.25877e+03 3.80596e-12 +0.00000e+00
 1.73020e-06 2.27937e+03 4.69795e-12 +0.00000e+00
 2.15443e-06 2.30049e+03 5.79816e-12 +0.00000e+00
 2.68270e-06 2.32192e+03 7.15540e-12 +0.00000e+00
 3.34048e-06 2.34321e+03 8.83191e-12 +0.00000e+00
 4.15956e-06 2.36398e+03 1.09044e-11 +0.00000e+00
 5.17947e-06 2.38436e+03 1.34664e-11 +0.00000e+00
 6.44947e-06 2.40404e+03 1.66356e-11 +0.00000e+00
 8.03086e-06 2.42275e+03 2.05603e-11 +0.00000e+00
 1.00000e-05 2.44041e+03 2.54216e-11 +0.00000e+00
 1.24520e-05 2.45695e+03 3.14471e-11 +0.00000e+00
 1.55052e-05 2.47244e+03 3.89152e-11 +0.00000e+00
 1.93070e-05 2.48670e+03 4.81781e-11 +0.00000e+00
 2.40410e-05 2.49995e+03 5.96648e-11 +0.00000e+00
 2.99358e-05 2.51135e+03 7.39413e-11 +0.00000e+00
 3.72759e-05 2.52264e+03 9.16179e-11 +0.00000e+00
 4.64159e-05 2.53304e+03 1.13535e-10 +0.00000e+00
 5.77969e-05 2.54270e+03 1.40711e-10 +0.00000e+00
 7.19686e-05 2.55116e+03 1.74432e-10 +0.00000e+00
 8.96151e-05 2.55954e+03 2.16172e-10 +0.00000e+00
 1.11588e-04 2.56761e+03 2.67795e-10 +0.00000e+00
 1.38950e-04 2.57538e+03 3.31653e-10 +0.00000e+00
 1.73020e-04 2.58307e+03 4.10470e-10 +0.00000e+00
 2.15443e-04 2.59116e+03 5.07536e-10 +0.00000e+00
 2.68270e-04 2.59953e+03 6.26894e-10 +0.00000e+00
 3.34048e-04 2.60834e+03 7.73247e-10 +0.00000e+00
 4.15956e-04 2.61829e+03 9.52031e-10 +0.00000e+00
 5.17947e-04 2.62892e+03 1.16956e-09 +0.00000e+00
 6.44947e-04 2.64052e+03 1.43398e-09 +0.00000e+00
 8.03086e-04 2.65328e+03 1.75282e-09 +0.00000e+00
 1.00000e-03 2.66692e+03 2.13738e-09 +0.00000e+00
 1.24520e-03 2.68177e+03 2.59765e-09 -2.54932e-07
 1.55052e-03 2.69773e+03 3.14606e-09 -3.17441e-07
 1.93070e-03 2.71471e+03 3.79863e-09 -3.95277e-07
 2.40410e-03 2.73294e+03 4.56517e-09 -4.92197e-07
 2.99358e-03 2.75233e+03 5.46709e-09 -6.12882e-07
 3.72759e-03 2.77297e+03 6.51706e-09 -7.63159e-07
 4.64159e-03 2.79507e+03 7.73088e-09 -9.50284e-07
 5.77969e-03 2.81874e+03 9.12878e-09 -1.18329e-06
 7.19686e-03 2.84390e+03 1.07162e-08 -1.47343e-06
 8.96151e-03 2.86981e+03 1.25265e-08 -1.83471e-06
 1.11588e-02 2.89634e+03 1.45813e-08 -2.28457e-06
 1.38950e-02 2.92358e+03 1.68812e-08 -2.84475e-06
 1.73020e-02 2.95159e+03 1.94625e-08 -3.54227e-06
 2.15443e-02 2.97995e+03 2.23499e-08 -4.41083e-06
 2.68270e-02 3.00861e+03 2.55433e-08 -5.49235e-06
 3.34048e-02 3.03759e+03 2.90904e-08 -6.83905e-06
 4.15956e-02 3.06702e+03 3.30113e-08 -8.51597e-06
 5.17947e-02 3.09813e+03 3.72650e-08 -1.06041e-05
 6.44947e-02 3.12890e+03 4.19440e-08 -1.32041e-05
 8.03086e-02 3.15984e+03 4.70740e-08 -1.64417e-05
 1.00000e-01 3.19101e+03 5.26782e-08 -2.04732e-05
 1.24520e-01 3.22266e+03 5.87630e-08 -2.54932e-05
 1.55052e-01 3.25518e+03 6.53725e-08 -3.17441e-05
 1.93070e-01 3.28903e+03 7.25087e-08 -3.95277e-05
 2.40410e-01 3.32486e+03 8.01392e-08 -4.92197e-05
 2.99358e-01 3.36541e+03 8.80895e-08 -5.93892e-05
 3.72759e-01 3.40888e+03 9.64320e-08 -5.14665e-05
 4.64159e-01 3.45487e+03 1.05177e-07 +5.09300e-05
 5.77969e-01 3.50381e+03 1.14295e-07 +4.45865e-04
 7.19686e-01 3.55629e+03 1.23769e-07 +2.22718e-03
 8.96151e-01 3.63025e+03 1.32416e-07 +6.18561e-03
 1.11588e+00 3.71756e+03 1.40561e-07 +9.52115e-03
 1.38950e+00 3.81848e+03 1.48274e-07 +1.22204e-02
 1.73020e+00 3.93448e+03 1.55668e-07 +1.42630e-02
 2.15443e+00 4.07045e+03 1.62800e-07 +1.44808e-02
 2.68270e+00 4.23281e+03 1.69712e-07 +1.32418e-02
 3.34048e+00 4.42322e+03 1.76547e-07 +1.16283e-02
 4.15956e+00 4.63197e+03 1.83230e-07 +1.37634e-02
 5.17947e+00 4.83918e+03 1.88973e-07 +2.30691e-02
 6.44947e+00 5.02537e+03 1.93475e-07 +3.53316e-02
 8.03086e+00 5.18671e+03 1.97134e-07 +4.56456e-02
 1.00000e+01 5.32874e+03 2.00325e-07 +5.31776e-02
 1.24520e+01 5.45770e+03 2.03246e-07 +5.86143e-02
 1.55052e+01 5.57794e+03 2.06012e-07 +6.26509e-02
 1.93070e+01 5.69239e+03 2.08697e-07 +6.57254e-02
 2.40410e+01 5.80305e+03 2.11351e-07 +6.81249e-02
 2.99358e+01 5.91134e+03 2.14011e-07 +7.00351e-02
 3.72759e+01 6.01827e+03 2.16704e-07 +7.15795e-02
 4.64159e+01 6.12459e+03 2.19453e-07 +7.28437e-02
 5.77969e+01 6.23087e+03 2.22282e-07 +7.38895e-02
 7.19686e+01 6.33754e+03 2.25208e-07 +7.47616e-02
 8.96151e+01 6.44496e+03 2.28249e-07 +7.54911e-02
 1.11588e+02 6.55340e+03 2.31421e-07 +7.61075e-02
 1.38950e+02 6.66300e+03 2.34743e-07 +7.66332e-02
 1.73020e+02 6.77376e+03 2.38239e-07 +7.70831e-02
 2.15443e+02 6.88568e+03 2.41932e-07 +7.74672e-02
 2.68270e+02 6.99876e+03 2.45847e-07 +7.77956e-02
 3.34048e+02 7.11298e+03 2.50011e-07 +7.80768e-02
 4.15956e+02 7.22830e+03 2.54449e-07 +7.83170e-02
 5.17947e+02 7.34465e+03 2.59191e-07 +7.85227e-02
 6.44947e+02 7.46196e+03 2.64268e-07 +7.86986e-02
 8.03086e+02 7.58011e+03 2.69714e-07 +7.88495e-02
 1.00000e+03 7.69892e+03 2.75569e-07 +7.89787e-02
