#n1=128 n2=4 Teff=03500 R=9.9106e+11 L=1.0501e+35 logg=+2.00
#      tau          T          rho         Fconv
  0.00000e+00  1.88353e+03  8.13587e-21 +0.00000e+00
  1.00000e-09  1.88353e+03  3.34938e-15 +0.00000e+00
  1.24520e-09  1.89160e+03  4.15702e-15 +0.00000e+00
  1.55052e-09  1.90033e+03  5.15732e-15 +0.00000e+00
  1.93070e-09  1.90886e+03  6.39887e-15 +0.00000e+00
  2.40410e-09  1.91801e+03  7.93645e-15 +0.00000e+00
  2.99358e-09  1.92692e+03  9.84471e-15 +0.00000e+00
  3.72759e-09  1.93641e+03  1.22079e-14 +0.00000e+00
  4.64159e-09  1.94574e+03  1.51398e-14 +0.00000e+00
  5.77969e-09  1.95566e+03  1.87701e-14 +0.00000e+00
  7.19686e-09  1.96555e+03  2.32712e-14 +0.00000e+00
  8.96151e-09  1.97607e+03  2.88426e-14 +0.00000e+00
  1.11588e-08  1.98774e+03  3.57264e-14 +0.00000e+00
  1.38950e-08  1.99914e+03  4.42600e-14 +0.00000e+00
  1.73020e-08  2.01101e+03  5.48192e-14 +0.00000e+00
  2.15443e-08  2.02365e+03  6.78720e-14 +0.00000e+00
  2.68270e-08  2.03706e+03  8.39989e-14 +0.00000e+00
  3.34048e-08  2.05108e+03  1.03928e-13 +0.00000e+00
  4.15956e-08  2.06898e+03  1.28329e-13 +0.00000e+00
  5.17947e-08  2.08590e+03  1.58545e-13 +0.00000e+00
  6.44947e-08  2.10371e+03  1.95789e-13 +0.00000e+00
  8.03086e-08  2.12264e+03  2.41653e-13 +0.00000e+00
  1.00000e-07  2.14322e+03  2.98020e-13 +0.00000e+00
  1.24520e-07  2.16532e+03  3.67273e-13 +0.00000e+00
  1.55052e-07  2.18825e+03  4.52441e-13 +0.00000e+00
  1.93070e-07  2.21179e+03  5.57207e-13 +0.00000e+00
  2.40410e-07  2.23438e+03  6.86530e-13 +0.00000e+00
  2.99358e-07  2.25577e+03  8.46307e-13 +0.00000e+00
  3.72759e-07  2.27829e+03  1.04266e-12 +0.00000e+00
  4.64159e-07  2.30260e+03  1.28338e-12 +0.00000e+00
  5.77969e-07  2.32656e+03  1.57973e-12 +0.00000e+00
  7.19686e-07  2.35092e+03  1.94381e-12 +0.00000e+00
  8.96151e-07  2.37415e+03  2.39245e-12 +0.00000e+00
  1.11588e-06  2.39624e+03  2.94518e-12 +0.00000e+00
  1.38950e-06  2.41717e+03  3.62605e-12 +0.00000e+00
  1.73020e-06  2.43677e+03  4.46468e-12 +0.00000e+00
  2.15443e-06  2.45530e+03  5.49660e-12 +0.00000e+00
  2.68270e-06  2.47263e+03  6.76562e-12 +0.00000e+00
  3.34048e-06  2.48889e+03  8.32450e-12 +0.00000e+00
  4.15956e-06  2.50418e+03  1.02364e-11 +0.00000e+00
  5.17947e-06  2.51847e+03  1.25785e-11 +0.00000e+00
  6.44947e-06  2.53184e+03  1.54416e-11 +0.00000e+00
  8.03086e-06  2.54438e+03  1.89343e-11 +0.00000e+00
  1.00000e-05  2.55602e+03  2.31857e-11 +0.00000e+00
  1.24520e-05  2.56689e+03  2.83460e-11 +0.00000e+00
  1.55052e-05  2.57702e+03  3.45919e-11 +0.00000e+00
  1.93070e-05  2.58639e+03  4.21282e-11 +0.00000e+00
  2.40410e-05  2.59519e+03  5.11895e-11 +0.00000e+00
  2.99358e-05  2.60341e+03  6.20451e-11 +0.00000e+00
  3.72759e-05  2.61112e+03  7.50050e-11 +0.00000e+00
  4.64159e-05  2.61853e+03  9.04125e-11 +0.00000e+00
  5.77969e-05  2.62563e+03  1.08662e-10 +0.00000e+00
  7.19686e-05  2.63251e+03  1.30200e-10 +0.00000e+00
  8.96151e-05  2.63934e+03  1.55511e-10 +0.00000e+00
  1.11588e-04  2.64621e+03  1.85159e-10 +0.00000e+00
  1.38950e-04  2.65317e+03  2.19763e-10 +0.00000e+00
  1.73020e-04  2.66042e+03  2.59992e-10 +0.00000e+00
  2.15443e-04  2.66807e+03  3.06627e-10 +0.00000e+00
  2.68270e-04  2.67614e+03  3.60510e-10 +0.00000e+00
  3.34048e-04  2.68475e+03  4.22563e-10 +0.00000e+00
  4.15956e-04  2.69407e+03  4.93834e-10 +0.00000e+00
  5.17947e-04  2.70416e+03  5.75422e-10 +0.00000e+00
  6.44947e-04  2.71509e+03  6.68539e-10 +0.00000e+00
  8.03086e-04  2.72688e+03  7.74624e-10 +0.00000e+00
  1.00000e-03  2.73964e+03  8.95080e-10 +0.00000e+00
  1.24520e-03  2.75350e+03  1.03140e-09 -2.54588e-07
  1.55052e-03  2.76842e+03  1.18550e-09 -3.17012e-07
  1.93070e-03  2.78452e+03  1.35913e-09 -3.94743e-07
  2.40410e-03  2.80181e+03  1.55421e-09 -4.91532e-07
  2.99358e-03  2.82037e+03  1.77307e-09 -6.12054e-07
  3.72759e-03  2.84032e+03  2.01796e-09 -7.62128e-07
  4.64159e-03  2.86177e+03  2.29109e-09 -9.49000e-07
  5.77969e-03  2.88496e+03  2.59490e-09 -1.18169e-06
  7.19686e-03  2.90973e+03  2.93253e-09 -1.47144e-06
  8.96151e-03  2.93513e+03  3.30869e-09 -1.83223e-06
  1.11588e-02  2.96115e+03  3.72730e-09 -2.28149e-06
  1.38950e-02  2.98775e+03  4.19326e-09 -2.84091e-06
  1.73020e-02  3.01459e+03  4.71231e-09 -3.53749e-06
  2.15443e-02  3.04201e+03  5.28920e-09 -4.40487e-06
  2.68270e-02  3.07073e+03  5.92754e-09 -5.48493e-06
  3.34048e-02  3.09931e+03  6.63785e-09 -6.82982e-06
  4.15956e-02  3.12866e+03  7.42474e-09 -8.50447e-06
  5.17947e-02  3.15867e+03  8.29575e-09 -1.05897e-05
  6.44947e-02  3.18998e+03  9.25586e-09 -1.31863e-05
  8.03086e-02  3.22159e+03  1.03172e-08 -1.64195e-05
  1.00000e-01  3.25423e+03  1.14859e-08 -2.04455e-05
  1.24520e-01  3.28825e+03  1.27685e-08 -2.54588e-05
  1.55052e-01  3.32393e+03  1.41707e-08 -3.17012e-05
  1.93070e-01  3.36180e+03  1.56965e-08 -3.94743e-05
  2.40410e-01  3.40287e+03  1.73443e-08 -4.91532e-05
  2.99358e-01  3.45098e+03  1.90837e-08 -6.12054e-05
  3.72759e-01  3.50457e+03  2.09104e-08 -7.62128e-05
  4.64159e-01  3.56296e+03  2.28182e-08 -9.49000e-05
  5.77969e-01  3.62726e+03  2.47855e-08 -1.18169e-04
  7.19686e-01  3.69953e+03  2.67760e-08 -1.47144e-04
  8.96151e-01  3.78230e+03  2.87405e-08 -1.83223e-04
  1.11588e+00  3.87807e+03  3.06266e-08 -2.28149e-04
  1.38950e+00  3.98792e+03  3.24038e-08 -2.84002e-04
  1.73020e+00  4.12931e+03  3.38915e-08 -3.51955e-04
  2.15443e+00  4.29478e+03  3.51632e-08 -4.32704e-04
  2.68270e+00  4.48291e+03  3.63122e-08 -5.33770e-04
  3.34048e+00  4.69381e+03  3.74673e-08 -6.04182e-04
  4.15956e+00  4.92938e+03  3.87707e-08 -6.08913e-04
  5.17947e+00  5.19228e+03  4.03455e-08 -6.12032e-04
  6.44947e+00  5.48430e+03  4.20940e-08 -6.10644e-04
  8.03086e+00  5.80439e+03  4.34694e-08 -5.14930e-04
  1.00000e+01  6.17698e+03  4.36427e-08 +2.40903e-03
  1.24520e+01  6.42628e+03  4.41267e-08 +1.25590e-02
  1.55052e+01  6.65523e+03  4.44369e-08 +2.63980e-02
  1.93070e+01  6.85762e+03  4.47319e-08 +3.82129e-02
  2.40410e+01  7.03821e+03  4.50600e-08 +4.72530e-02
  2.99358e+01  7.20220e+03  4.54371e-08 +5.40659e-02
  3.72759e+01  7.35396e+03  4.58678e-08 +5.92451e-02
  4.64159e+01  7.49604e+03  4.63587e-08 +6.33312e-02
  5.77969e+01  7.62992e+03  4.69192e-08 +6.65692e-02
  7.19686e+01  7.75702e+03  4.75560e-08 +6.91098e-02
  8.96151e+01  7.87878e+03  4.82739e-08 +7.10984e-02
  1.11588e+02  7.99657e+03  4.90760e-08 +7.26565e-02
  1.38950e+02  8.11153e+03  4.99653e-08 +7.38956e-02
  1.73020e+02  8.22446e+03  5.09460e-08 +7.48929e-02
  2.15443e+02  8.33594e+03  5.20230e-08 +7.57023e-02
  2.68270e+02  8.44644e+03  5.32016e-08 +7.63621e-02
  3.34048e+02  8.55649e+03  5.44862e-08 +7.68972e-02
  4.15956e+02  8.66655e+03  5.58806e-08 +7.73380e-02
  5.17947e+02  8.77677e+03  5.73913e-08 +7.77078e-02
  6.44947e+02  8.88696e+03  5.90280e-08 +7.80216e-02
  8.03086e+02  8.99675e+03  6.08047e-08 +7.82879e-02
  1.00000e+03  9.10591e+03  6.27367e-08 +7.85106e-02
