#n1=128 n2=4 Teff=03000 R=5.9880e+10 L=2.0681e+32 logg=+4.00
#   tau          T          rho         Fconv
 0.00000e+00 1.60035e+03 9.33722e-21 +0.00000e+00
 1.00000e-09 1.60035e+03 5.21618e-13 +0.00000e+00
 1.24520e-09 1.59949e+03 6.54063e-13 +0.00000e+00
 1.55052e-09 1.59880e+03 8.18799e-13 +0.00000e+00
 1.93070e-09 1.59817e+03 1.02514e-12 +0.00000e+00
 2.40410e-09 1.59771e+03 1.28146e-12 +0.00000e+00
 2.99358e-09 1.59726e+03 1.60257e-12 +0.00000e+00
 3.72759e-09 1.59694e+03 2.00129e-12 +0.00000e+00
 4.64159e-09 1.59664e+03 2.50018e-12 +0.00000e+00
 5.77969e-09 1.59643e+03 3.12056e-12 +0.00000e+00
 7.19686e-09 1.59625e+03 3.89542e-12 +0.00000e+00
 8.96151e-09 1.59612e+03 4.85994e-12 +0.00000e+00
 1.11588e-08 1.59602e+03 6.06313e-12 +0.00000e+00
 1.38950e-08 1.59596e+03 7.56179e-12 +0.00000e+00
 1.73020e-08 1.59592e+03 9.42965e-12 +0.00000e+00
 2.15443e-08 1.59592e+03 1.17571e-11 +0.00000e+00
 2.68270e-08 1.59594e+03 1.46561e-11 +0.00000e+00
 3.34048e-08 1.59599e+03 1.82692e-11 +0.00000e+00
 4.15956e-08 1.59606e+03 2.27679e-11 +0.00000e+00
 5.17947e-08 1.59614e+03 2.83750e-11 +0.00000e+00
 6.44947e-08 1.59625e+03 3.53547e-11 +0.00000e+00
 8.03086e-08 1.59637e+03 4.40543e-11 +0.00000e+00
 1.00000e-07 1.59652e+03 5.48816e-11 +0.00000e+00
 1.24520e-07 1.59667e+03 6.83762e-11 +0.00000e+00
 1.55052e-07 1.59685e+03 8.51698e-11 +0.00000e+00
 1.93070e-07 1.59704e+03 1.06096e-10 +0.00000e+00
 2.40410e-07 1.59725e+03 1.32143e-10 +0.00000e+00
 2.99358e-07 1.59747e+03 1.64591e-10 +0.00000e+00
 3.72759e-07 1.59771e+03 2.04983e-10 +0.00000e+00
 4.64159e-07 1.59797e+03 2.55290e-10 +0.00000e+00
 5.77969e-07 1.59824e+03 3.17920e-10 +0.00000e+00
 7.19686e-07 1.59854e+03 3.95910e-10 +0.00000e+00
 8.96151e-07 1.59885e+03 4.93007e-10 +0.00000e+00
 1.11588e-06 1.59919e+03 6.13900e-10 +0.00000e+00
 1.38950e-06 1.59956e+03 7.64409e-10 +0.00000e+00
 1.73020e-06 1.59996e+03 9.51782e-10 +0.00000e+00
 2.15443e-06 1.60039e+03 1.18505e-09 +0.00000e+00
 2.68270e-06 1.60086e+03 1.47542e-09 +0.00000e+00
 3.34048e-06 1.60137e+03 1.83688e-09 +0.00000e+00
 4.15956e-06 1.60193e+03 2.28677e-09 +0.00000e+00
 5.17947e-06 1.60256e+03 2.84676e-09 +0.00000e+00
 6.44947e-06 1.60325e+03 3.54364e-09 +0.00000e+00
 8.03086e-06 1.60402e+03 4.41093e-09 +0.00000e+00
 1.00000e-05 1.60489e+03 5.49004e-09 +0.00000e+00
 1.24520e-05 1.60586e+03 6.83276e-09 +0.00000e+00
 1.55052e-05 1.60696e+03 8.50303e-09 +0.00000e+00
 1.93070e-05 1.60821e+03 1.05807e-08 +0.00000e+00
 2.40410e-05 1.60962e+03 1.31644e-08 +0.00000e+00
 2.99358e-05 1.61124e+03 1.63772e-08 +0.00000e+00
 3.72759e-05 1.61309e+03 2.03709e-08 +0.00000e+00
 4.64159e-05 1.61520e+03 2.53343e-08 +0.00000e+00
 5.77969e-05 1.61762e+03 3.15011e-08 +0.00000e+00
 7.19686e-05 1.62036e+03 3.91611e-08 +0.00000e+00
 8.96151e-05 1.62347e+03 4.86729e-08 +0.00000e+00
 1.11588e-04 1.62695e+03 6.04813e-08 +0.00000e+00
 1.38950e-04 1.63079e+03 7.51377e-08 +0.00000e+00
 1.73020e-04 1.63496e+03 9.33275e-08 +0.00000e+00
 2.15443e-04 1.63941e+03 1.15902e-07 +0.00000e+00
 2.68270e-04 1.64402e+03 1.43924e-07 +0.00000e+00
 3.34048e-04 1.64871e+03 1.78714e-07 +0.00000e+00
 4.15956e-04 1.65333e+03 2.21924e-07 +0.00000e+00
 5.17947e-04 1.65780e+03 2.75608e-07 +0.00000e+00
 6.44947e-04 1.66204e+03 3.42328e-07 +0.00000e+00
 8.03086e-04 1.66600e+03 4.25277e-07 +0.00000e+00
 1.00000e-03 1.66964e+03 5.28429e-07 +0.00000e+00
 1.24520e-03 1.67294e+03 6.56738e-07 -2.54725e-07
 1.55052e-03 1.67599e+03 8.16318e-07 -3.17185e-07
 1.93070e-03 1.67888e+03 1.01479e-06 -3.94956e-07
 2.40410e-03 1.68185e+03 1.26144e-06 -4.91798e-07
 2.99358e-03 1.68522e+03 1.56768e-06 -6.12386e-07
 3.72759e-03 1.68945e+03 1.94728e-06 -7.62541e-07
 4.64159e-03 1.69516e+03 2.41669e-06 -9.49515e-07
 5.77969e-03 1.70311e+03 2.99532e-06 -1.18233e-06
 7.19686e-03 1.71436e+03 3.70545e-06 -1.47224e-06
 8.96151e-03 1.73026e+03 4.57175e-06 -1.83323e-06
 1.11588e-02 1.75271e+03 5.61992e-06 -2.28273e-06
 1.38950e-02 1.78393e+03 6.87545e-06 -2.84245e-06
 1.73020e-02 1.82718e+03 8.35839e-06 -3.53940e-06
 2.15443e-02 1.88636e+03 1.00803e-05 -4.40725e-06
 2.68270e-02 1.96537e+03 1.20443e-05 -5.48789e-06
 3.34048e-02 2.06732e+03 1.42492e-05 +2.40546e-03
 4.15956e-02 2.18067e+03 1.67987e-05 +4.13536e-02
 5.17947e-02 2.28817e+03 1.98889e-05 +3.22167e-02
 6.44947e-02 2.39400e+03 2.35761e-05 +2.71327e-02
 8.03086e-02 2.49728e+03 2.79586e-05 +1.99195e-02
 1.00000e-01 2.59726e+03 3.31199e-05 +1.33853e-02
 1.24520e-01 2.69333e+03 3.91357e-05 +2.89367e-02
 1.55052e-01 2.78510e+03 4.60474e-05 +3.54354e-02
 1.93070e-01 2.91331e+03 5.28049e-05 +1.48703e-02
 2.40410e-01 2.99239e+03 6.11400e-05 +7.05712e-02
 2.99358e-01 3.06698e+03 7.01871e-05 +8.78769e-02
 3.72759e-01 3.21376e+03 7.60883e-05 +2.11422e-02
 4.64159e-01 3.26713e+03 8.41955e-05 +2.02106e-02
 5.77969e-01 3.31662e+03 9.24239e-05 +2.03806e-02
 7.19686e-01 3.36254e+03 1.00741e-04 +2.19332e-02
 8.96151e-01 3.40535e+03 1.09121e-04 +2.56862e-02
 1.11588e+00 3.44550e+03 1.17565e-04 +3.06145e-02
 1.38950e+00 3.48343e+03 1.26040e-04 +3.65648e-02
 1.73020e+00 3.51951e+03 1.34586e-04 +4.35836e-02
 2.15443e+00 3.55408e+03 1.43258e-04 +5.18355e-02
 2.68270e+00 3.58745e+03 1.52093e-04 +6.16587e-02
 3.34048e+00 3.61986e+03 1.61133e-04 +6.86778e-02
 4.15956e+00 3.65149e+03 1.70416e-04 +7.07956e-02
 5.17947e+00 3.68251e+03 1.79945e-04 +7.24786e-02
 6.44947e+00 3.71304e+03 1.89719e-04 +7.38225e-02
 8.03086e+00 3.74320e+03 1.99829e-04 +7.48983e-02
 1.00000e+01 3.77311e+03 2.10316e-04 +7.57635e-02
 1.24520e+01 3.80286e+03 2.21219e-04 +7.64626e-02
 1.55052e+01 3.83251e+03 2.32573e-04 +7.70295e-02
 1.93070e+01 3.86214e+03 2.44421e-04 +7.74908e-02
 2.40410e+01 3.89181e+03 2.56808e-04 +7.78673e-02
 2.99358e+01 3.92155e+03 2.69631e-04 +7.81758e-02
 3.72759e+01 3.95140e+03 2.83019e-04 +7.84283e-02
 4.64159e+01 3.98141e+03 2.97041e-04 +7.86357e-02
 5.77969e+01 4.01160e+03 3.11734e-04 +7.88061e-02
 7.19686e+01 4.04202e+03 3.27154e-04 +7.89464e-02
 8.96151e+01 4.07268e+03 3.43352e-04 +7.90621e-02
 1.11588e+02 4.10362e+03 3.60374e-04 +7.91577e-02
 1.38950e+02 4.13486e+03 3.78283e-04 +7.92366e-02
 1.73020e+02 4.16642e+03 3.96884e-04 +7.93019e-02
 2.15443e+02 4.19832e+03 4.16413e-04 +7.93560e-02
 2.68270e+02 4.23059e+03 4.36958e-04 +7.94006e-02
 3.34048e+02 4.26325e+03 4.58579e-04 +7.94379e-02
 4.15956e+02 4.29632e+03 4.81342e-04 +7.94686e-02
 5.17947e+02 4.32982e+03 5.05325e-04 +7.94941e-02
 6.44947e+02 4.36377e+03 5.30604e-04 +7.95152e-02
 8.03086e+02 4.39818e+03 5.57238e-04 +7.95329e-02
 1.00000e+03 4.43306e+03 5.84887e-04 +7.95477e-02
