#n1=128 n2=4 Teff=03900 R=5.1841e+11 L=4.4276e+34 logg=+2.50
#   tau          T          rho         Fconv
 0.00000e+00 2.14640e+03 6.96354e-21 +0.00000e+00
 1.00000e-09 2.14640e+03 9.08950e-15 +0.00000e+00
 1.24520e-09 2.14898e+03 1.13098e-14 +0.00000e+00
 1.55052e-09 2.15163e+03 1.40718e-14 +0.00000e+00
 1.93070e-09 2.15459e+03 1.75061e-14 +0.00000e+00
 2.40410e-09 2.15777e+03 2.17760e-14 +0.00000e+00
 2.99358e-09 2.16134e+03 2.70828e-14 +0.00000e+00
 3.72759e-09 2.16526e+03 3.36774e-14 +0.00000e+00
 4.64159e-09 2.16964e+03 4.18689e-14 +0.00000e+00
 5.77969e-09 2.17449e+03 5.20419e-14 +0.00000e+00
 7.19686e-09 2.17990e+03 6.46705e-14 +0.00000e+00
 8.96151e-09 2.18586e+03 8.03434e-14 +0.00000e+00
 1.11588e-08 2.19246e+03 9.97869e-14 +0.00000e+00
 1.38950e-08 2.19969e+03 1.23901e-13 +0.00000e+00
 1.73020e-08 2.20760e+03 1.53796e-13 +0.00000e+00
 2.15443e-08 2.21618e+03 1.90850e-13 +0.00000e+00
 2.68270e-08 2.22542e+03 2.36764e-13 +0.00000e+00
 3.34048e-08 2.23530e+03 2.93644e-13 +0.00000e+00
 4.15956e-08 2.24576e+03 3.64103e-13 +0.00000e+00
 5.17947e-08 2.25672e+03 4.51375e-13 +0.00000e+00
 6.44947e-08 2.26806e+03 5.59487e-13 +0.00000e+00
 8.03086e-08 2.27969e+03 6.93421e-13 +0.00000e+00
 1.00000e-07 2.29146e+03 8.59397e-13 +0.00000e+00
 1.24520e-07 2.30327e+03 1.06511e-12 +0.00000e+00
 1.55052e-07 2.31502e+03 1.32013e-12 +0.00000e+00
 1.93070e-07 2.32677e+03 1.63627e-12 +0.00000e+00
 2.40410e-07 2.33856e+03 2.02815e-12 +0.00000e+00
 2.99358e-07 2.35065e+03 2.51362e-12 +0.00000e+00
 3.72759e-07 2.36323e+03 3.11469e-12 +0.00000e+00
 4.64159e-07 2.37662e+03 3.85823e-12 +0.00000e+00
 5.77969e-07 2.39100e+03 4.77733e-12 +0.00000e+00
 7.19686e-07 2.40652e+03 5.91258e-12 +0.00000e+00
 8.96151e-07 2.42322e+03 7.31401e-12 +0.00000e+00
 1.11588e-06 2.44119e+03 9.04293e-12 +0.00000e+00
 1.38950e-06 2.46035e+03 1.11750e-11 +0.00000e+00
 1.73020e-06 2.48054e+03 1.38042e-11 +0.00000e+00
 2.15443e-06 2.50177e+03 1.70446e-11 +0.00000e+00
 2.68270e-06 2.52380e+03 2.10390e-11 +0.00000e+00
 3.34048e-06 2.54635e+03 2.59635e-11 +0.00000e+00
 4.15956e-06 2.56917e+03 3.20368e-11 +0.00000e+00
 5.17947e-06 2.59202e+03 3.95281e-11 +0.00000e+00
 6.44947e-06 2.61465e+03 4.87726e-11 +0.00000e+00
 8.03086e-06 2.63690e+03 6.01805e-11 +0.00000e+00
 1.00000e-05 2.65860e+03 7.42626e-11 +0.00000e+00
 1.24520e-05 2.67973e+03 9.16412e-11 +0.00000e+00
 1.55052e-05 2.70023e+03 1.13086e-10 +0.00000e+00
 1.93070e-05 2.72011e+03 1.39537e-10 +0.00000e+00
 2.40410e-05 2.73937e+03 1.72150e-10 +0.00000e+00
 2.99358e-05 2.75806e+03 2.12331e-10 +0.00000e+00
 3.72759e-05 2.77612e+03 2.61805e-10 +0.00000e+00
 4.64159e-05 2.79351e+03 3.22683e-10 +0.00000e+00
 5.77969e-05 2.81014e+03 3.97523e-10 +0.00000e+00
 7.19686e-05 2.82614e+03 4.89424e-10 +0.00000e+00
 8.96151e-05 2.84149e+03 6.02101e-10 +0.00000e+00
 1.11588e-04 2.85616e+03 7.40107e-10 +0.00000e+00
 1.38950e-04 2.87019e+03 9.08801e-10 +0.00000e+00
 1.73020e-04 2.88362e+03 1.11469e-09 +0.00000e+00
 2.15443e-04 2.89637e+03 1.36548e-09 +0.00000e+00
 2.68270e-04 2.90837e+03 1.67050e-09 +0.00000e+00
 3.34048e-04 2.91985e+03 2.04053e-09 +0.00000e+00
 4.15956e-04 2.93089e+03 2.48821e-09 +0.00000e+00
 5.17947e-04 2.94154e+03 3.02882e-09 +0.00000e+00
 6.44947e-04 2.95196e+03 3.67931e-09 +0.00000e+00
 8.03086e-04 2.96226e+03 4.46035e-09 +0.00000e+00
 1.00000e-03 2.97261e+03 5.39464e-09 +0.00000e+00
 1.24520e-03 2.98308e+03 6.50860e-09 -2.54702e-07
 1.55052e-03 2.99386e+03 7.83296e-09 -3.17154e-07
 1.93070e-03 3.00508e+03 9.39895e-09 -3.94919e-07
 2.40410e-03 3.01692e+03 1.12456e-08 -4.91752e-07
 2.99358e-03 3.02949e+03 1.34129e-08 -6.12328e-07
 3.72759e-03 3.04291e+03 1.59400e-08 -7.62470e-07
 4.64159e-03 3.05740e+03 1.88784e-08 -9.49421e-07
 5.77969e-03 3.07317e+03 2.22668e-08 -1.18222e-06
 7.19686e-03 3.09027e+03 2.61517e-08 -1.47210e-06
 8.96151e-03 3.10882e+03 3.05862e-08 -1.83305e-06
 1.11588e-02 3.12901e+03 3.55963e-08 -2.28251e-06
 1.38950e-02 3.15092e+03 4.12242e-08 -2.84218e-06
 1.73020e-02 3.17462e+03 4.75124e-08 -3.53907e-06
 2.15443e-02 3.20036e+03 5.44571e-08 -4.40684e-06
 2.68270e-02 3.22853e+03 6.20581e-08 -5.48739e-06
 3.34048e-02 3.25967e+03 7.03030e-08 -6.83288e-06
 4.15956e-02 3.29410e+03 7.91283e-08 -8.50827e-06
 5.17947e-02 3.32809e+03 8.87101e-08 -1.05945e-05
 6.44947e-02 3.36314e+03 9.90818e-08 -1.31922e-05
 8.03086e-02 3.39953e+03 1.10261e-07 -1.64269e-05
 1.00000e-01 3.43763e+03 1.22236e-07 -2.04548e-05
 1.24520e-01 3.47687e+03 1.35103e-07 -2.54702e-05
 1.55052e-01 3.51828e+03 1.48880e-07 -3.17154e-05
 1.93070e-01 3.56194e+03 1.63608e-07 -3.76384e-05
 2.40410e-01 3.61259e+03 1.78857e-07 +6.70666e-04
 2.99358e-01 3.67191e+03 1.94393e-07 -2.88992e-05
 3.72759e-01 3.73252e+03 2.10977e-07 -1.77072e-05
 4.64159e-01 3.79822e+03 2.28439e-07 +9.11634e-05
 5.77969e-01 3.87160e+03 2.46678e-07 +3.85585e-04
 7.19686e-01 3.95483e+03 2.65657e-07 +8.22964e-04
 8.96151e-01 4.05597e+03 2.84815e-07 +1.50982e-03
 1.11588e+00 4.17617e+03 3.04060e-07 +2.64956e-03
 1.38950e+00 4.31605e+03 3.22877e-07 +3.98921e-03
 1.73020e+00 4.47051e+03 3.40162e-07 +7.34010e-03
 2.15443e+00 4.62889e+03 3.54548e-07 +1.50793e-02
 2.68270e+00 4.78001e+03 3.65815e-07 +2.71525e-02
 3.34048e+00 4.91984e+03 3.74664e-07 +3.95385e-02
 4.15956e+00 5.04706e+03 3.82082e-07 +4.78890e-02
 5.17947e+00 5.16417e+03 3.88659e-07 +5.42769e-02
 6.44947e+00 5.27388e+03 3.94741e-07 +5.91175e-02
 8.03086e+00 5.37858e+03 4.00518e-07 +6.28107e-02
 1.00000e+01 5.47998e+03 4.06113e-07 +6.57106e-02
 1.24520e+01 5.57927e+03 4.11621e-07 +6.80199e-02
 1.55052e+01 5.67738e+03 4.17106e-07 +6.98802e-02
 1.93070e+01 5.77503e+03 4.22618e-07 +7.14019e-02
 2.40410e+01 5.87275e+03 4.28201e-07 +7.26579e-02
 2.99358e+01 5.97095e+03 4.33892e-07 +7.37023e-02
 3.72759e+01 6.06998e+03 4.39718e-07 +7.45764e-02
 4.64159e+01 6.17013e+03 4.45715e-07 +7.53126e-02
 5.77969e+01 6.27160e+03 4.51913e-07 +7.59350e-02
 7.19686e+01 6.37458e+03 4.58341e-07 +7.64628e-02
 8.96151e+01 6.47925e+03 4.65026e-07 +7.69113e-02
 1.11588e+02 6.58573e+03 4.71998e-07 +7.72950e-02
 1.38950e+02 6.69406e+03 4.79289e-07 +7.76245e-02
 1.73020e+02 6.80423e+03 4.86939e-07 +7.79082e-02
 2.15443e+02 6.91626e+03 4.94986e-07 +7.81508e-02
 2.68270e+02 7.03014e+03 5.03473e-07 +7.83598e-02
 3.34048e+02 7.14583e+03 5.12444e-07 +7.85398e-02
 4.15956e+02 7.26329e+03 5.21948e-07 +7.86946e-02
 5.17947e+02 7.38248e+03 5.32035e-07 +7.88273e-02
 6.44947e+02 7.50328e+03 5.42765e-07 +7.89425e-02
 8.03086e+02 7.62548e+03 5.54209e-07 +7.90417e-02
 1.00000e+03 7.74886e+03 5.66446e-07 +7.91279e-02
