#n1=128 n2=4 Teff=03900 R=5.1821e+11 L=4.4276e+34 logg=+2.50
#   tau          T          rho         Fconv
 0.00000e+00 2.02085e+03 7.48849e-21 +0.00000e+00
 1.00000e-09 2.02085e+03 9.86103e-15 +0.00000e+00
 1.24520e-09 2.02903e+03 1.22366e-14 +0.00000e+00
 1.55052e-09 2.03760e+03 1.51814e-14 +0.00000e+00
 1.93070e-09 2.04685e+03 1.88282e-14 +0.00000e+00
 2.40410e-09 2.05619e+03 2.33501e-14 +0.00000e+00
 2.99358e-09 2.06574e+03 2.89549e-14 +0.00000e+00
 3.72759e-09 2.07570e+03 3.58980e-14 +0.00000e+00
 4.64159e-09 2.08623e+03 4.44938e-14 +0.00000e+00
 5.77969e-09 2.09694e+03 5.51438e-14 +0.00000e+00
 7.19686e-09 2.10813e+03 6.83277e-14 +0.00000e+00
 8.96151e-09 2.11959e+03 8.46537e-14 +0.00000e+00
 1.11588e-08 2.13155e+03 1.04856e-13 +0.00000e+00
 1.38950e-08 2.14388e+03 1.29860e-13 +0.00000e+00
 1.73020e-08 2.15620e+03 1.60828e-13 +0.00000e+00
 2.15443e-08 2.16979e+03 1.99061e-13 +0.00000e+00
 2.68270e-08 2.18429e+03 2.46282e-13 +0.00000e+00
 3.34048e-08 2.19980e+03 3.04561e-13 +0.00000e+00
 4.15956e-08 2.21634e+03 3.76453e-13 +0.00000e+00
 5.17947e-08 2.23378e+03 4.65122e-13 +0.00000e+00
 6.44947e-08 2.25280e+03 5.74261e-13 +0.00000e+00
 8.03086e-08 2.27328e+03 7.08535e-13 +0.00000e+00
 1.00000e-07 2.29488e+03 8.73757e-13 +0.00000e+00
 1.24520e-07 2.31736e+03 1.07707e-12 +0.00000e+00
 1.55052e-07 2.33973e+03 1.32771e-12 +0.00000e+00
 1.93070e-07 2.36335e+03 1.63569e-12 +0.00000e+00
 2.40410e-07 2.38738e+03 2.01458e-12 +0.00000e+00
 2.99358e-07 2.41151e+03 2.48084e-12 +0.00000e+00
 3.72759e-07 2.43551e+03 3.05469e-12 +0.00000e+00
 4.64159e-07 2.45924e+03 3.76090e-12 +0.00000e+00
 5.77969e-07 2.48251e+03 4.62995e-12 +0.00000e+00
 7.19686e-07 2.50525e+03 5.69897e-12 +0.00000e+00
 8.96151e-07 2.52742e+03 7.01333e-12 +0.00000e+00
 1.11588e-06 2.54892e+03 8.62845e-12 +0.00000e+00
 1.38950e-06 2.56968e+03 1.06116e-11 +0.00000e+00
 1.73020e-06 2.58955e+03 1.30448e-11 +0.00000e+00
 2.15443e-06 2.60859e+03 1.60263e-11 +0.00000e+00
 2.68270e-06 2.62694e+03 1.96729e-11 +0.00000e+00
 3.34048e-06 2.64449e+03 2.41265e-11 +0.00000e+00
 4.15956e-06 2.66140e+03 2.95525e-11 +0.00000e+00
 5.17947e-06 2.67764e+03 3.61487e-11 +0.00000e+00
 6.44947e-06 2.69329e+03 4.41451e-11 +0.00000e+00
 8.03086e-06 2.70851e+03 5.38071e-11 +0.00000e+00
 1.00000e-05 2.72326e+03 6.54458e-11 +0.00000e+00
 1.24520e-05 2.73769e+03 7.94113e-11 +0.00000e+00
 1.55052e-05 2.75166e+03 9.61145e-11 +0.00000e+00
 1.93070e-05 2.76521e+03 1.16012e-10 +0.00000e+00
 2.40410e-05 2.77856e+03 1.39614e-10 +0.00000e+00
 2.99358e-05 2.79165e+03 1.67500e-10 +0.00000e+00
 3.72759e-05 2.80443e+03 2.00319e-10 +0.00000e+00
 4.64159e-05 2.81701e+03 2.38794e-10 +0.00000e+00
 5.77969e-05 2.82945e+03 2.83711e-10 +0.00000e+00
 7.19686e-05 2.84158e+03 3.35997e-10 +0.00000e+00
 8.96151e-05 2.85343e+03 3.96657e-10 +0.00000e+00
 1.11588e-04 2.86526e+03 4.66764e-10 +0.00000e+00
 1.38950e-04 2.87701e+03 5.47585e-10 +0.00000e+00
 1.73020e-04 2.88861e+03 6.40520e-10 +0.00000e+00
 2.15443e-04 2.90026e+03 7.47079e-10 +0.00000e+00
 2.68270e-04 2.91212e+03 8.68956e-10 +0.00000e+00
 3.34048e-04 2.92389e+03 1.00816e-09 +0.00000e+00
 4.15956e-04 2.93562e+03 1.16689e-09 +0.00000e+00
 5.17947e-04 2.94768e+03 1.34746e-09 +0.00000e+00
 6.44947e-04 2.96009e+03 1.55246e-09 +0.00000e+00
 8.03086e-04 2.97285e+03 1.78486e-09 +0.00000e+00
 1.00000e-03 2.98610e+03 2.04791e-09 +0.00000e+00
 1.24520e-03 2.99983e+03 2.34517e-09 -2.54506e-07
 1.55052e-03 3.01417e+03 2.68052e-09 -3.16910e-07
 1.93070e-03 3.02919e+03 3.05830e-09 -3.94615e-07
 2.40410e-03 3.04503e+03 3.48307e-09 -4.91374e-07
 2.99358e-03 3.06178e+03 3.95968e-09 -6.11857e-07
 3.72759e-03 3.07961e+03 4.49344e-09 -7.61883e-07
 4.64159e-03 3.09840e+03 5.09051e-09 -9.48691e-07
 5.77969e-03 3.11820e+03 5.75700e-09 -1.18131e-06
 7.19686e-03 3.13916e+03 6.49947e-09 -1.47097e-06
 8.96151e-03 3.16127e+03 7.32533e-09 -1.83164e-06
 1.11588e-02 3.18427e+03 8.24336e-09 -2.28075e-06
 1.38950e-02 3.20814e+03 9.26212e-09 -2.83999e-06
 1.73020e-02 3.23265e+03 1.03927e-08 -3.53635e-06
 2.15443e-02 3.25850e+03 1.16428e-08 -4.40345e-06
 2.68270e-02 3.28597e+03 1.30201e-08 -5.48316e-06
 3.34048e-02 3.31666e+03 1.45226e-08 -6.82762e-06
 4.15956e-02 3.34929e+03 1.61631e-08 -8.50172e-06
 5.17947e-02 3.38206e+03 1.79620e-08 -1.05863e-05
 6.44947e-02 3.40691e+03 2.00054e-08 -1.31821e-05
 8.03086e-02 3.42104e+03 2.23902e-08 -1.64143e-05
 1.00000e-01 3.43752e+03 2.50680e-08 -2.04390e-05
 1.24520e-01 3.46051e+03 2.80103e-08 -2.54506e-05
 1.55052e-01 3.49748e+03 3.11027e-08 -3.16910e-05
 1.93070e-01 3.55399e+03 3.41852e-08 -3.94615e-05
 2.40410e-01 3.61684e+03 3.73415e-08 -4.91374e-05
 2.99358e-01 3.68292e+03 4.05921e-08 -6.11857e-05
 3.72759e-01 3.74181e+03 4.41191e-08 -7.61883e-05
 4.64159e-01 3.81176e+03 4.76981e-08 -9.48691e-05
 5.77969e-01 3.92061e+03 5.07880e-08 -1.18131e-04
 7.19686e-01 4.03065e+03 5.38721e-08 -1.47095e-04
 8.96151e-01 4.15077e+03 5.68847e-08 -1.83136e-04
 1.11588e+00 4.28913e+03 5.97599e-08 -2.27919e-04
 1.38950e+00 4.44165e+03 6.26595e-08 -2.83545e-04
 1.73020e+00 4.62583e+03 6.54650e-08 -3.52840e-04
 2.15443e+00 4.83118e+03 6.85184e-08 -4.40080e-04
 2.68270e+00 5.04614e+03 7.21528e-08 -5.48274e-04
 3.34048e+00 5.32718e+03 7.54150e-08 -6.13136e-04
 4.15956e+00 5.52982e+03 7.97926e-08 -5.98101e-04
 5.17947e+00 5.94997e+03 7.96089e-08 +9.22807e-04
 6.44947e+00 6.18218e+03 8.07791e-08 +8.25973e-03
 8.03086e+00 6.40512e+03 8.14560e-08 +2.07616e-02
 1.00000e+01 6.60767e+03 8.19879e-08 +3.28207e-02
 1.24520e+01 6.79065e+03 8.25224e-08 +4.25677e-02
 1.55052e+01 6.95811e+03 8.31133e-08 +5.00682e-02
 1.93070e+01 7.11375e+03 8.37821e-08 +5.58674e-02
 2.40410e+01 7.26041e+03 8.45408e-08 +6.03727e-02
 2.99358e+01 7.40022e+03 8.53975e-08 +6.39350e-02
 3.72759e+01 7.53457e+03 8.63616e-08 +6.67897e-02
 4.64159e+01 7.66446e+03 8.74434e-08 +6.90931e-02
 5.77969e+01 7.79074e+03 8.86522e-08 +7.09522e-02
 7.19686e+01 7.91420e+03 8.99958e-08 +7.24524e-02
 8.96151e+01 8.03562e+03 9.14803e-08 +7.36666e-02
 1.11588e+02 8.15561e+03 9.31124e-08 +7.46595e-02
 1.38950e+02 8.27460e+03 9.49000e-08 +7.54777e-02
 1.73020e+02 8.39286e+03 9.68523e-08 +7.61555e-02
 2.15443e+02 8.51065e+03 9.89789e-08 +7.67141e-02
 2.68270e+02 8.62843e+03 1.01286e-07 +7.71745e-02
 3.34048e+02 8.74630e+03 1.03783e-07 +7.75632e-02
 4.15956e+02 8.86399e+03 1.06488e-07 +7.78955e-02
 5.17947e+02 8.98100e+03 1.09428e-07 +7.81798e-02
 6.44947e+02 9.09690e+03 1.12633e-07 +7.84183e-02
 8.03086e+02 9.21153e+03 1.16133e-07 +7.86180e-02
 1.00000e+03 9.32486e+03 1.19964e-07 +7.87827e-02
