#n1=128 n2=4 Teff=03100 R=6.2059e+10 L=2.5327e+32 logg=+4.00
#   tau          T          rho         Fconv
 0.00000e+00 2.00342e+03 7.46460e-21 +0.00000e+00
 1.00000e-09 2.00342e+03 3.21652e-13 +0.00000e+00
 1.24520e-09 2.01069e+03 3.99328e-13 +0.00000e+00
 1.55052e-09 2.01833e+03 4.95704e-13 +0.00000e+00
 1.93070e-09 2.02576e+03 6.15543e-13 +0.00000e+00
 2.40410e-09 2.03366e+03 7.64210e-13 +0.00000e+00
 2.99358e-09 2.04120e+03 9.49181e-13 +0.00000e+00
 3.72759e-09 2.04927e+03 1.17869e-12 +0.00000e+00
 4.64159e-09 2.05683e+03 1.46444e-12 +0.00000e+00
 5.77969e-09 2.06494e+03 1.81914e-12 +0.00000e+00
 7.19686e-09 2.07257e+03 2.26086e-12 +0.00000e+00
 8.96151e-09 2.08052e+03 2.80998e-12 +0.00000e+00
 1.11588e-08 2.08790e+03 3.49445e-12 +0.00000e+00
 1.38950e-08 2.09526e+03 4.34752e-12 +0.00000e+00
 1.73020e-08 2.10199e+03 5.41251e-12 +0.00000e+00
 2.15443e-08 2.10817e+03 6.74544e-12 +0.00000e+00
 2.68270e-08 2.11358e+03 8.41452e-12 +0.00000e+00
 3.34048e-08 2.11771e+03 1.05179e-11 +0.00000e+00
 4.15956e-08 2.12065e+03 1.31701e-11 +0.00000e+00
 5.17947e-08 2.12175e+03 1.65392e-11 +0.00000e+00
 6.44947e-08 2.12159e+03 2.08221e-11 +0.00000e+00
 8.03086e-08 2.11987e+03 2.62813e-11 +0.00000e+00
 1.00000e-07 2.11693e+03 3.32838e-11 +0.00000e+00
 1.24520e-07 2.11352e+03 4.21459e-11 +0.00000e+00
 1.55052e-07 2.10904e+03 5.35577e-11 +0.00000e+00
 1.93070e-07 2.10440e+03 6.79600e-11 +0.00000e+00
 2.40410e-07 2.09870e+03 8.64730e-11 +0.00000e+00
 2.99358e-07 2.09232e+03 1.09945e-10 +0.00000e+00
 3.72759e-07 2.08953e+03 1.38835e-10 +0.00000e+00
 4.64159e-07 2.07934e+03 1.77375e-10 +0.00000e+00
 5.77969e-07 2.07069e+03 2.25348e-10 +0.00000e+00
 7.19686e-07 2.06621e+03 2.84239e-10 +0.00000e+00
 8.96151e-07 2.06463e+03 3.56167e-10 +0.00000e+00
 1.11588e-06 2.06415e+03 4.46151e-10 +0.00000e+00
 1.38950e-06 2.06625e+03 5.55999e-10 +0.00000e+00
 1.73020e-06 2.06869e+03 6.93542e-10 +0.00000e+00
 2.15443e-06 2.07301e+03 8.62474e-10 +0.00000e+00
 2.68270e-06 2.07776e+03 1.07292e-09 +0.00000e+00
 3.34048e-06 2.08363e+03 1.33290e-09 +0.00000e+00
 4.15956e-06 2.09025e+03 1.65505e-09 +0.00000e+00
 5.17947e-06 2.09761e+03 2.05407e-09 +0.00000e+00
 6.44947e-06 2.10592e+03 2.54639e-09 +0.00000e+00
 8.03086e-06 2.11483e+03 3.15676e-09 +0.00000e+00
 1.00000e-05 2.12476e+03 3.90748e-09 +0.00000e+00
 1.24520e-05 2.13519e+03 4.83837e-09 +0.00000e+00
 1.55052e-05 2.14664e+03 5.98003e-09 +0.00000e+00
 1.93070e-05 2.15861e+03 7.39332e-09 +0.00000e+00
 2.40410e-05 2.17142e+03 9.12448e-09 +0.00000e+00
 2.99358e-05 2.18489e+03 1.12600e-08 +0.00000e+00
 3.72759e-05 2.19902e+03 1.38750e-08 +0.00000e+00
 4.64159e-05 2.21387e+03 1.70862e-08 +0.00000e+00
 5.77969e-05 2.22934e+03 2.10120e-08 +0.00000e+00
 7.19686e-05 2.24548e+03 2.58103e-08 +0.00000e+00
 8.96151e-05 2.26220e+03 3.16610e-08 +0.00000e+00
 1.11588e-04 2.27954e+03 3.87721e-08 +0.00000e+00
 1.38950e-04 2.29743e+03 4.74098e-08 +0.00000e+00
 1.73020e-04 2.31589e+03 5.78330e-08 +0.00000e+00
 2.15443e-04 2.33489e+03 7.04350e-08 +0.00000e+00
 2.68270e-04 2.35440e+03 8.55029e-08 +0.00000e+00
 3.34048e-04 2.37437e+03 1.03574e-07 +0.00000e+00
 4.15956e-04 2.39490e+03 1.25020e-07 +0.00000e+00
 5.17947e-04 2.41585e+03 1.50435e-07 +0.00000e+00
 6.44947e-04 2.43727e+03 1.80361e-07 +0.00000e+00
 8.03086e-04 2.45926e+03 2.15291e-07 +0.00000e+00
 1.00000e-03 2.48173e+03 2.55999e-07 +0.00000e+00
 1.24520e-03 2.50477e+03 3.02797e-07 -2.54724e-07
 1.55052e-03 2.52856e+03 3.56430e-07 -3.17181e-07
 1.93070e-03 2.55305e+03 4.17398e-07 -3.94953e-07
 2.40410e-03 2.57837e+03 4.85766e-07 -4.91795e-07
 2.99358e-03 2.60465e+03 5.62173e-07 -6.12381e-07
 3.72759e-03 2.63109e+03 6.47059e-07 -7.62535e-07
 4.64159e-03 2.65796e+03 7.40353e-07 -9.49507e-07
 5.77969e-03 2.68509e+03 8.43023e-07 -1.18232e-06
 7.19686e-03 2.71219e+03 9.55685e-07 -1.47222e-06
 8.96151e-03 2.73928e+03 1.07801e-06 -1.83321e-06
 1.11588e-02 2.76644e+03 1.21159e-06 -2.28271e-06
 1.38950e-02 2.79381e+03 1.35709e-06 -2.84241e-06
 1.73020e-02 2.82154e+03 1.51420e-06 -3.53937e-06
 2.15443e-02 2.84978e+03 1.68328e-06 -4.40722e-06
 2.68270e-02 2.87869e+03 1.86552e-06 -5.48785e-06
 3.34048e-02 2.90846e+03 2.06113e-06 +1.05799e-03
 4.15956e-02 2.93892e+03 2.26909e-06 +1.08095e-02
 5.17947e-02 2.96871e+03 2.49308e-06 +1.11929e-02
 6.44947e-02 2.99835e+03 2.73580e-06 +9.63120e-03
 8.03086e-02 3.02790e+03 2.99942e-06 +8.60990e-03
 1.00000e-01 3.05745e+03 3.28511e-06 +8.11976e-03
 1.24520e-01 3.08710e+03 3.59296e-06 +8.00138e-03
 1.55052e-01 3.11695e+03 3.92843e-06 +8.29317e-03
 1.93070e-01 3.14707e+03 4.29429e-06 +9.00668e-03
 2.40410e-01 3.17758e+03 4.69325e-06 +8.47041e-03
 2.99358e-01 3.20917e+03 5.11984e-06 +1.11304e-02
 3.72759e-01 3.24102e+03 5.58303e-06 +1.28619e-02
 4.64159e-01 3.27316e+03 6.08799e-06 +1.48984e-02
 5.77969e-01 3.30565e+03 6.63895e-06 +1.75082e-02
 7.19686e-01 3.33850e+03 7.23777e-06 +2.06896e-02
 8.96151e-01 3.37174e+03 7.88220e-06 +2.45448e-02
 1.11588e+00 3.40538e+03 8.58492e-06 +2.92504e-02
 1.38950e+00 3.43943e+03 9.35147e-06 +3.50022e-02
 1.73020e+00 3.47392e+03 1.01880e-05 +4.20688e-02
 2.15443e+00 3.50887e+03 1.10886e-05 +5.07924e-02
 2.68270e+00 3.54433e+03 1.20616e-05 +6.16304e-02
 3.34048e+00 3.58034e+03 1.31195e-05 +6.91041e-02
 4.15956e+00 3.61677e+03 1.42703e-05 +7.08127e-02
 5.17947e+00 3.65364e+03 1.55233e-05 +7.22435e-02
 6.44947e+00 3.69093e+03 1.68571e-05 +7.34409e-02
 8.03086e+00 3.72867e+03 1.83047e-05 +7.44443e-02
 1.00000e+01 3.76684e+03 1.98771e-05 +7.52847e-02
 1.24520e+01 3.80546e+03 2.15854e-05 +7.59889e-02
 1.55052e+01 3.84452e+03 2.34321e-05 +7.65774e-02
 1.93070e+01 3.88407e+03 2.54023e-05 +7.70683e-02
 2.40410e+01 3.92414e+03 2.75390e-05 +7.74780e-02
 2.99358e+01 3.96477e+03 2.98567e-05 +7.78207e-02
 3.72759e+01 4.00599e+03 3.23716e-05 +7.81079e-02
 4.64159e+01 4.04780e+03 3.50730e-05 +7.83492e-02
 5.77969e+01 4.09023e+03 3.79625e-05 +7.85514e-02
 7.19686e+01 4.13330e+03 4.10938e-05 +7.87209e-02
 8.96151e+01 4.17705e+03 4.44891e-05 +7.88631e-02
 1.11588e+02 4.22150e+03 4.81731e-05 +7.89821e-02
 1.38950e+02 4.26672e+03 5.21136e-05 +7.90819e-02
 1.73020e+02 4.31276e+03 5.63342e-05 +7.91654e-02
 2.15443e+02 4.35969e+03 6.09039e-05 +7.92357e-02
 2.68270e+02 4.40754e+03 6.58513e-05 +7.92949e-02
 3.34048e+02 4.45632e+03 7.12068e-05 +7.93450e-02
 4.15956e+02 4.50603e+03 7.69124e-05 +7.93874e-02
 5.17947e+02 4.55669e+03 8.30257e-05 +7.94233e-02
 6.44947e+02 4.60830e+03 8.96363e-05 +7.94537e-02
 8.03086e+02 4.66088e+03 9.67822e-05 +7.94793e-02
 1.00000e+03 4.71446e+03 1.04504e-04 +7.95009e-02
