#n1=128 n2=4 Teff=03100 R=8.7817e+11 L=5.0653e+34 logg=+2.00
#   tau          T          rho         Fconv
 0.00000e+00 1.80086e+03 8.30422e-21 +0.00000e+00
 1.00000e-09 1.80086e+03 3.37758e-15 +0.00000e+00
 1.24520e-09 1.80832e+03 4.19124e-15 +0.00000e+00
 1.55052e-09 1.81625e+03 5.19965e-15 +0.00000e+00
 1.93070e-09 1.82379e+03 6.45252e-15 +0.00000e+00
 2.40410e-09 1.83183e+03 8.00523e-15 +0.00000e+00
 2.99358e-09 1.83955e+03 9.93396e-15 +0.00000e+00
 3.72759e-09 1.84769e+03 1.23248e-14 +0.00000e+00
 4.64159e-09 1.85559e+03 1.52940e-14 +0.00000e+00
 5.77969e-09 1.86383e+03 1.89755e-14 +0.00000e+00
 7.19686e-09 1.87193e+03 2.35464e-14 +0.00000e+00
 8.96151e-09 1.88028e+03 2.92156e-14 +0.00000e+00
 1.11588e-08 1.88857e+03 3.62525e-14 +0.00000e+00
 1.38950e-08 1.89703e+03 4.49831e-14 +0.00000e+00
 1.73020e-08 1.90552e+03 5.58170e-14 +0.00000e+00
 2.15443e-08 1.91407e+03 6.92638e-14 +0.00000e+00
 2.68270e-08 1.92276e+03 8.59458e-14 +0.00000e+00
 3.34048e-08 1.93139e+03 1.06661e-13 +0.00000e+00
 4.15956e-08 1.94025e+03 1.32353e-13 +0.00000e+00
 5.17947e-08 1.94892e+03 1.64273e-13 +0.00000e+00
 6.44947e-08 1.95794e+03 2.03852e-13 +0.00000e+00
 8.03086e-08 1.96664e+03 2.53055e-13 +0.00000e+00
 1.00000e-07 1.97581e+03 3.14050e-13 +0.00000e+00
 1.24520e-07 1.98450e+03 3.89926e-13 +0.00000e+00
 1.55052e-07 1.99382e+03 4.83963e-13 +0.00000e+00
 1.93070e-07 2.00247e+03 6.01032e-13 +0.00000e+00
 2.40410e-07 2.01177e+03 7.46170e-13 +0.00000e+00
 2.99358e-07 2.02041e+03 9.26895e-13 +0.00000e+00
 3.72759e-07 2.02952e+03 1.15120e-12 +0.00000e+00
 4.64159e-07 2.03791e+03 1.43071e-12 +0.00000e+00
 5.77969e-07 2.04629e+03 1.77861e-12 +0.00000e+00
 7.19686e-07 2.05361e+03 2.21330e-12 +0.00000e+00
 8.96151e-07 2.06098e+03 2.75510e-12 +0.00000e+00
 1.11588e-06 2.06777e+03 3.43166e-12 +0.00000e+00
 1.38950e-06 2.07355e+03 4.28071e-12 +0.00000e+00
 1.73020e-06 2.07748e+03 5.35162e-12 +0.00000e+00
 2.15443e-06 2.07918e+03 6.71177e-12 +0.00000e+00
 2.68270e-06 2.07784e+03 8.45493e-12 +0.00000e+00
 3.34048e-06 2.07535e+03 1.06770e-11 +0.00000e+00
 4.15956e-06 2.07135e+03 1.35301e-11 +0.00000e+00
 5.17947e-06 2.06991e+03 1.70795e-11 +0.00000e+00
 6.44947e-06 2.06873e+03 2.15847e-11 +0.00000e+00
 8.03086e-06 2.07160e+03 2.70549e-11 +0.00000e+00
 1.00000e-05 2.07522e+03 3.39301e-11 +0.00000e+00
 1.24520e-05 2.08167e+03 4.22962e-11 +0.00000e+00
 1.55052e-05 2.08918e+03 5.27166e-11 +0.00000e+00
 1.93070e-05 2.09871e+03 6.54500e-11 +0.00000e+00
 2.40410e-05 2.10922e+03 8.12180e-11 +0.00000e+00
 2.99358e-05 2.12063e+03 1.00681e-10 +0.00000e+00
 3.72759e-05 2.13365e+03 1.24524e-10 +0.00000e+00
 4.64159e-05 2.14704e+03 1.54132e-10 +0.00000e+00
 5.77969e-05 2.16198e+03 1.90207e-10 +0.00000e+00
 7.19686e-05 2.17736e+03 2.35063e-10 +0.00000e+00
 8.96151e-05 2.19462e+03 2.89228e-10 +0.00000e+00
 1.11588e-04 2.21179e+03 3.56876e-10 +0.00000e+00
 1.38950e-04 2.23035e+03 4.38619e-10 +0.00000e+00
 1.73020e-04 2.24921e+03 5.40079e-10 +0.00000e+00
 2.15443e-04 2.26913e+03 6.62931e-10 +0.00000e+00
 2.68270e-04 2.28960e+03 8.14266e-10 +0.00000e+00
 3.34048e-04 2.31085e+03 9.97832e-10 +0.00000e+00
 4.15956e-04 2.33275e+03 1.22228e-09 +0.00000e+00
 5.17947e-04 2.35528e+03 1.49450e-09 +0.00000e+00
 6.44947e-04 2.37844e+03 1.82453e-09 +0.00000e+00
 8.03086e-04 2.40219e+03 2.22420e-09 +0.00000e+00
 1.00000e-03 2.42602e+03 2.70577e-09 +0.00000e+00
 1.24520e-03 2.45089e+03 3.28605e-09 -2.55032e-07
 1.55052e-03 2.47668e+03 3.97120e-09 -3.17565e-07
 1.93070e-03 2.50252e+03 4.79670e-09 -3.95431e-07
 2.40410e-03 2.52961e+03 5.75941e-09 -4.92390e-07
 2.99358e-03 2.55660e+03 6.90484e-09 -6.13123e-07
 3.72759e-03 2.58343e+03 8.24966e-09 -7.63459e-07
 4.64159e-03 2.61019e+03 9.82163e-09 -9.50657e-07
 5.77969e-03 2.63679e+03 1.16680e-08 -1.18375e-06
 7.19686e-03 2.66335e+03 1.37822e-08 -1.47401e-06
 8.96151e-03 2.68984e+03 1.62427e-08 -1.83543e-06
 1.11588e-02 2.71655e+03 1.90557e-08 -2.28548e-06
 1.38950e-02 2.74380e+03 2.22429e-08 -2.84585e-06
 1.73020e-02 2.77135e+03 2.58799e-08 -3.54366e-06
 2.15443e-02 2.79903e+03 2.99589e-08 -4.41256e-06
 2.68270e-02 2.82703e+03 3.45460e-08 -5.49450e-06
 3.34048e-02 2.85536e+03 3.97093e-08 -6.84174e-06
 4.15956e-02 2.88461e+03 4.53839e-08 -8.51931e-06
 5.17947e-02 2.91408e+03 5.16875e-08 -1.06082e-05
 6.44947e-02 2.94396e+03 5.86889e-08 -1.32093e-05
 8.03086e-02 2.97453e+03 6.63396e-08 +1.50401e-03
 1.00000e-01 3.00590e+03 7.46695e-08 +3.99341e-03
 1.24520e-01 3.03702e+03 8.38694e-08 +4.66103e-03
 1.55052e-01 3.06839e+03 9.39603e-08 +3.41788e-03
 1.93070e-01 3.10030e+03 1.04809e-07 +3.59730e-03
 2.40410e-01 3.13398e+03 1.16489e-07 +8.19627e-03
 2.99358e-01 3.17193e+03 1.28667e-07 +1.85797e-03
 3.72759e-01 3.21373e+03 1.41126e-07 +3.45600e-03
 4.64159e-01 3.25565e+03 1.54187e-07 +6.48672e-03
 5.77969e-01 3.29749e+03 1.68070e-07 +9.76963e-03
 7.19686e-01 3.33906e+03 1.82878e-07 +1.31484e-02
 8.96151e-01 3.38071e+03 1.98649e-07 +1.70183e-02
 1.11588e+00 3.42306e+03 2.15226e-07 +2.16927e-02
 1.38950e+00 3.46674e+03 2.32757e-07 +2.74369e-02
 1.73020e+00 3.51230e+03 2.51188e-07 +3.45651e-02
 2.15443e+00 3.56014e+03 2.70476e-07 +4.35271e-02
 2.68270e+00 3.61051e+03 2.90566e-07 +5.48177e-02
 3.34048e+00 3.66356e+03 3.11478e-07 +6.29098e-02
 4.15956e+00 3.71836e+03 3.33567e-07 +6.51513e-02
 5.17947e+00 3.77521e+03 3.56948e-07 +6.69360e-02
 6.44947e+00 3.83505e+03 3.81635e-07 +6.82984e-02
 8.03086e+00 3.89905e+03 4.07584e-07 +6.93307e-02
 1.00000e+01 3.96848e+03 4.34798e-07 +7.01328e-02
 1.24520e+01 4.04428e+03 4.63423e-07 +7.08056e-02
 1.55052e+01 4.12746e+03 4.93577e-07 +7.13442e-02
 1.93070e+01 4.21937e+03 5.25393e-07 +7.17429e-02
 2.40410e+01 4.32223e+03 5.58896e-07 +7.19415e-02
 2.99358e+01 4.43926e+03 5.93916e-07 +7.19976e-02
 3.72759e+01 4.57173e+03 6.30208e-07 +7.21407e-02
 4.64159e+01 4.71720e+03 6.67040e-07 +7.25340e-02
 5.77969e+01 4.86936e+03 7.02867e-07 +7.32637e-02
 7.19686e+01 5.01988e+03 7.36064e-07 +7.42425e-02
 8.96151e+01 5.16245e+03 7.66077e-07 +7.52462e-02
 1.11588e+02 5.29535e+03 7.93280e-07 +7.61016e-02
 1.38950e+02 5.41991e+03 8.18314e-07 +7.67848e-02
 1.73020e+02 5.53787e+03 8.41813e-07 +7.73239e-02
 2.15443e+02 5.65098e+03 8.64271e-07 +7.77460e-02
 2.68270e+02 5.76076e+03 8.86048e-07 +7.80812e-02
 3.34048e+02 5.86832e+03 9.07436e-07 +7.83507e-02
 4.15956e+02 5.97455e+03 9.28662e-07 +7.85694e-02
 5.17947e+02 6.08014e+03 9.49882e-07 +7.87489e-02
 6.44947e+02 6.18563e+03 9.71280e-07 +7.88975e-02
 8.03086e+02 6.29144e+03 9.93002e-07 +7.90211e-02
 1.00000e+03 6.39798e+03 1.01516e-06 +7.91242e-02
