#n1=128 n2=4 Teff=03100 R=4.0993e+11 L=1.1047e+34 logg=+2.50
#   tau          T          rho         Fconv
 0.00000e+00 1.85128e+03 8.07805e-21 +0.00000e+00
 1.00000e-09 1.85128e+03 1.06234e-14 +0.00000e+00
 1.24520e-09 1.85921e+03 1.31782e-14 +0.00000e+00
 1.55052e-09 1.86686e+03 1.63514e-14 +0.00000e+00
 1.93070e-09 1.87500e+03 2.02838e-14 +0.00000e+00
 2.40410e-09 1.88275e+03 2.51692e-14 +0.00000e+00
 2.99358e-09 1.89104e+03 3.12229e-14 +0.00000e+00
 3.72759e-09 1.89897e+03 3.87432e-14 +0.00000e+00
 4.64159e-09 1.90739e+03 4.80635e-14 +0.00000e+00
 5.77969e-09 1.91555e+03 5.96389e-14 +0.00000e+00
 7.19686e-09 1.92411e+03 7.39891e-14 +0.00000e+00
 8.96151e-09 1.93248e+03 9.18068e-14 +0.00000e+00
 1.11588e-08 1.94117e+03 1.13904e-13 +0.00000e+00
 1.38950e-08 1.94976e+03 1.41334e-13 +0.00000e+00
 1.73020e-08 1.95855e+03 1.75368e-13 +0.00000e+00
 2.15443e-08 1.96731e+03 2.17610e-13 +0.00000e+00
 2.68270e-08 1.97612e+03 2.70052e-13 +0.00000e+00
 3.34048e-08 1.98499e+03 3.35132e-13 +0.00000e+00
 4.15956e-08 1.99377e+03 4.15987e-13 +0.00000e+00
 5.17947e-08 2.00271e+03 5.16315e-13 +0.00000e+00
 6.44947e-08 2.01139e+03 6.41066e-13 +0.00000e+00
 8.03086e-08 2.02036e+03 7.95842e-13 +0.00000e+00
 1.00000e-07 2.02887e+03 9.88497e-13 +0.00000e+00
 1.24520e-07 2.03782e+03 1.22752e-12 +0.00000e+00
 1.55052e-07 2.04608e+03 1.52540e-12 +0.00000e+00
 1.93070e-07 2.05492e+03 1.89503e-12 +0.00000e+00
 2.40410e-07 2.06276e+03 2.35647e-12 +0.00000e+00
 2.99358e-07 2.07115e+03 2.92975e-12 +0.00000e+00
 3.72759e-07 2.07847e+03 3.64630e-12 +0.00000e+00
 4.64159e-07 2.08581e+03 4.53997e-12 +0.00000e+00
 5.77969e-07 2.09167e+03 5.66141e-12 +0.00000e+00
 7.19686e-07 2.09630e+03 7.07381e-12 +0.00000e+00
 8.96151e-07 2.09592e+03 8.89235e-12 +0.00000e+00
 1.11588e-06 2.08461e+03 1.13580e-11 +0.00000e+00
 1.38950e-06 2.06400e+03 1.47531e-11 +0.00000e+00
 1.73020e-06 2.04455e+03 1.91948e-11 +0.00000e+00
 2.15443e-06 2.03484e+03 2.45657e-11 +0.00000e+00
 2.68270e-06 2.03088e+03 3.10736e-11 +0.00000e+00
 3.34048e-06 2.03067e+03 3.90961e-11 +0.00000e+00
 4.15956e-06 2.03400e+03 4.87776e-11 +0.00000e+00
 5.17947e-06 2.03841e+03 6.08987e-11 +0.00000e+00
 6.44947e-06 2.04504e+03 7.56577e-11 +0.00000e+00
 8.03086e-06 2.05243e+03 9.40724e-11 +0.00000e+00
 1.00000e-05 2.06137e+03 1.16655e-10 +0.00000e+00
 1.24520e-05 2.07118e+03 1.44629e-10 +0.00000e+00
 1.55052e-05 2.08209e+03 1.79127e-10 +0.00000e+00
 1.93070e-05 2.09418e+03 2.21522e-10 +0.00000e+00
 2.40410e-05 2.10690e+03 2.74104e-10 +0.00000e+00
 2.99358e-05 2.12068e+03 3.38455e-10 +0.00000e+00
 3.72759e-05 2.13511e+03 4.18370e-10 +0.00000e+00
 4.64159e-05 2.15063e+03 5.15667e-10 +0.00000e+00
 5.77969e-05 2.16667e+03 6.36670e-10 +0.00000e+00
 7.19686e-05 2.18381e+03 7.83450e-10 +0.00000e+00
 8.96151e-05 2.20140e+03 9.65492e-10 +0.00000e+00
 1.11588e-04 2.22000e+03 1.18661e-09 +0.00000e+00
 1.38950e-04 2.23911e+03 1.45924e-09 +0.00000e+00
 1.73020e-04 2.25916e+03 1.79032e-09 +0.00000e+00
 2.15443e-04 2.27980e+03 2.19563e-09 +0.00000e+00
 2.68270e-04 2.30132e+03 2.68759e-09 +0.00000e+00
 3.34048e-04 2.32350e+03 3.28459e-09 +0.00000e+00
 4.15956e-04 2.34639e+03 4.00844e-09 +0.00000e+00
 5.17947e-04 2.37003e+03 4.87728e-09 +0.00000e+00
 6.44947e-04 2.39414e+03 5.92941e-09 +0.00000e+00
 8.03086e-04 2.41914e+03 7.17452e-09 +0.00000e+00
 1.00000e-03 2.44402e+03 8.67826e-09 +0.00000e+00
 1.24520e-03 2.47015e+03 1.04340e-08 -2.54811e-07
 1.55052e-03 2.49687e+03 1.25124e-08 -3.17290e-07
 1.93070e-03 2.52424e+03 1.49332e-08 -3.95088e-07
 2.40410e-03 2.55226e+03 1.77343e-08 -4.91963e-07
 2.99358e-03 2.58020e+03 2.10021e-08 -6.12591e-07
 3.72759e-03 2.60816e+03 2.47128e-08 -7.62796e-07
 4.64159e-03 2.63592e+03 2.89999e-08 -9.49831e-07
 5.77969e-03 2.66360e+03 3.38727e-08 -1.18273e-06
 7.19686e-03 2.69122e+03 3.93762e-08 -1.47273e-06
 8.96151e-03 2.71877e+03 4.56366e-08 -1.83384e-06
 1.11588e-02 2.74659e+03 5.26053e-08 -2.28349e-06
 1.38950e-02 2.77495e+03 6.03649e-08 +6.27642e-03
 1.73020e-02 2.80366e+03 6.90468e-08 +1.05433e-02
 2.15443e-02 2.83244e+03 7.86083e-08 +1.65660e-02
 2.68270e-02 2.86182e+03 8.91226e-08 +9.44940e-03
 3.34048e-02 2.89099e+03 1.00838e-07 +1.30939e-02
 4.15956e-02 2.91984e+03 1.13792e-07 +9.09095e-03
 5.17947e-02 2.94855e+03 1.27993e-07 +7.48125e-03
 6.44947e-02 2.97725e+03 1.43763e-07 +6.42849e-03
 8.03086e-02 3.00607e+03 1.61231e-07 +5.77222e-03
 1.00000e-01 3.03515e+03 1.80168e-07 +5.24960e-03
 1.24520e-01 3.06467e+03 2.00942e-07 +5.11057e-03
 1.55052e-01 3.09470e+03 2.23747e-07 +5.28257e-03
 1.93070e-01 3.12529e+03 2.48657e-07 +5.85550e-03
 2.40410e-01 3.15661e+03 2.75286e-07 +8.16763e-03
 2.99358e-01 3.19057e+03 3.03663e-07 +4.80025e-03
 3.72759e-01 3.22636e+03 3.33789e-07 +8.60199e-03
 4.64159e-01 3.26167e+03 3.66394e-07 +1.10706e-02
 5.77969e-01 3.29648e+03 4.01212e-07 +1.36951e-02
 7.19686e-01 3.33114e+03 4.39015e-07 +1.68628e-02
 8.96151e-01 3.36601e+03 4.79953e-07 +2.07550e-02
 1.11588e+00 3.40142e+03 5.24126e-07 +2.55314e-02
 1.38950e+00 3.43758e+03 5.70911e-07 +3.14291e-02
 1.73020e+00 3.47462e+03 6.20945e-07 +3.88009e-02
 2.15443e+00 3.51258e+03 6.74557e-07 +4.80752e-02
 2.68270e+00 3.55146e+03 7.31917e-07 +5.97734e-02
 3.34048e+00 3.59114e+03 7.93047e-07 +6.79734e-02
 4.15956e+00 3.63106e+03 8.58211e-07 +6.99144e-02
 5.17947e+00 3.67121e+03 9.28630e-07 +7.15054e-02
 6.44947e+00 3.71179e+03 1.00475e-06 +7.27970e-02
 8.03086e+00 3.75307e+03 1.08690e-06 +7.38424e-02
 1.00000e+01 3.79535e+03 1.17488e-06 +7.46908e-02
 1.24520e+01 3.83893e+03 1.26911e-06 +7.53963e-02
 1.55052e+01 3.88391e+03 1.37057e-06 +7.59975e-02
 1.93070e+01 3.93034e+03 1.47980e-06 +7.65136e-02
 2.40410e+01 3.97823e+03 1.59740e-06 +7.69561e-02
 2.99358e+01 4.02763e+03 1.72352e-06 +7.73325e-02
 3.72759e+01 4.07865e+03 1.85950e-06 +7.76517e-02
 4.64159e+01 4.13148e+03 2.00660e-06 +7.79192e-02
 5.77969e+01 4.18646e+03 2.16552e-06 +7.81400e-02
 7.19686e+01 4.24404e+03 2.33687e-06 +7.83221e-02
 8.96151e+01 4.30475e+03 2.52073e-06 +7.84729e-02
 1.11588e+02 4.36904e+03 2.71883e-06 +7.86033e-02
 1.38950e+02 4.43708e+03 2.93248e-06 +7.87180e-02
 1.73020e+02 4.50912e+03 3.16272e-06 +7.88172e-02
 2.15443e+02 4.58560e+03 3.41027e-06 +7.89017e-02
 2.68270e+02 4.66715e+03 3.67507e-06 +7.89728e-02
 3.34048e+02 4.75429e+03 3.95753e-06 +7.90359e-02
 4.15956e+02 4.84730e+03 4.25572e-06 +7.90925e-02
 5.17947e+02 4.94602e+03 4.56618e-06 +7.91479e-02
 6.44947e+02 5.04931e+03 4.88445e-06 +7.92045e-02
 8.03086e+02 5.15583e+03 5.20482e-06 +7.92594e-02
 1.00000e+03 5.26434e+03 5.52174e-06 +7.93115e-02
