#n1=128 n2=4 Teff=03900 R=1.0991e+12 L=1.9908e+35 logg=+2.00
#   tau          T          rho         Fconv
 0.00000e+00 1.99647e+03 7.78605e-21 +0.00000e+00
 1.00000e-09 1.99647e+03 3.22081e-15 +0.00000e+00
 1.24520e-09 2.00530e+03 3.99753e-15 +0.00000e+00
 1.55052e-09 2.01492e+03 4.95917e-15 +0.00000e+00
 1.93070e-09 2.02457e+03 6.15168e-15 +0.00000e+00
 2.40410e-09 2.03476e+03 7.62854e-15 +0.00000e+00
 2.99358e-09 2.04487e+03 9.46001e-15 +0.00000e+00
 3.72759e-09 2.05553e+03 1.17277e-14 +0.00000e+00
 4.64159e-09 2.06622e+03 1.45386e-14 +0.00000e+00
 5.77969e-09 2.07757e+03 1.80170e-14 +0.00000e+00
 7.19686e-09 2.08898e+03 2.23270e-14 +0.00000e+00
 8.96151e-09 2.10096e+03 2.76603e-14 +0.00000e+00
 1.11588e-08 2.11339e+03 3.42599e-14 +0.00000e+00
 1.38950e-08 2.12668e+03 4.24168e-14 +0.00000e+00
 1.73020e-08 2.14081e+03 5.24943e-14 +0.00000e+00
 2.15443e-08 2.15618e+03 6.49278e-14 +0.00000e+00
 2.68270e-08 2.17302e+03 8.02497e-14 +0.00000e+00
 3.34048e-08 2.19162e+03 9.91055e-14 +0.00000e+00
 4.15956e-08 2.21222e+03 1.22276e-13 +0.00000e+00
 5.17947e-08 2.23341e+03 1.50822e-13 +0.00000e+00
 6.44947e-08 2.25449e+03 1.86039e-13 +0.00000e+00
 8.03086e-08 2.27844e+03 2.29180e-13 +0.00000e+00
 1.00000e-07 2.30547e+03 2.81931e-13 +0.00000e+00
 1.24520e-07 2.33450e+03 3.46505e-13 +0.00000e+00
 1.55052e-07 2.36468e+03 4.25633e-13 +0.00000e+00
 1.93070e-07 2.39476e+03 5.22804e-13 +0.00000e+00
 2.40410e-07 2.42483e+03 6.42077e-13 +0.00000e+00
 2.99358e-07 2.45405e+03 7.88702e-13 +0.00000e+00
 3.72759e-07 2.48251e+03 9.68881e-13 +0.00000e+00
 4.64159e-07 2.50983e+03 1.19041e-12 +0.00000e+00
 5.77969e-07 2.53592e+03 1.46278e-12 +0.00000e+00
 7.19686e-07 2.56081e+03 1.79753e-12 +0.00000e+00
 8.96151e-07 2.58441e+03 2.20884e-12 +0.00000e+00
 1.11588e-06 2.60680e+03 2.71389e-12 +0.00000e+00
 1.38950e-06 2.62811e+03 3.33339e-12 +0.00000e+00
 1.73020e-06 2.64834e+03 4.09263e-12 +0.00000e+00
 2.15443e-06 2.66769e+03 5.02155e-12 +0.00000e+00
 2.68270e-06 2.68625e+03 6.15630e-12 +0.00000e+00
 3.34048e-06 2.70410e+03 7.53964e-12 +0.00000e+00
 4.15956e-06 2.72144e+03 9.22201e-12 +0.00000e+00
 5.17947e-06 2.73825e+03 1.12629e-11 +0.00000e+00
 6.44947e-06 2.75460e+03 1.37318e-11 +0.00000e+00
 8.03086e-06 2.77060e+03 1.67087e-11 +0.00000e+00
 1.00000e-05 2.78626e+03 2.02858e-11 +0.00000e+00
 1.24520e-05 2.80160e+03 2.45693e-11 +0.00000e+00
 1.55052e-05 2.81668e+03 2.96777e-11 +0.00000e+00
 1.93070e-05 2.83142e+03 3.57487e-11 +0.00000e+00
 2.40410e-05 2.84584e+03 4.29335e-11 +0.00000e+00
 2.99358e-05 2.86001e+03 5.14029e-11 +0.00000e+00
 3.72759e-05 2.87389e+03 6.13494e-11 +0.00000e+00
 4.64159e-05 2.88739e+03 7.29857e-11 +0.00000e+00
 5.77969e-05 2.90041e+03 8.65605e-11 +0.00000e+00
 7.19686e-05 2.91310e+03 1.02336e-10 +0.00000e+00
 8.96151e-05 2.92545e+03 1.20613e-10 +0.00000e+00
 1.11588e-04 2.93737e+03 1.41743e-10 +0.00000e+00
 1.38950e-04 2.94888e+03 1.66097e-10 +0.00000e+00
 1.73020e-04 2.96009e+03 1.94106e-10 +0.00000e+00
 2.15443e-04 2.97085e+03 2.26274e-10 +0.00000e+00
 2.68270e-04 2.98107e+03 2.63152e-10 +0.00000e+00
 3.34048e-04 2.99102e+03 3.05355e-10 +0.00000e+00
 4.15956e-04 3.00076e+03 3.53588e-10 +0.00000e+00
 5.17947e-04 3.01032e+03 4.08609e-10 +0.00000e+00
 6.44947e-04 3.01984e+03 4.71289e-10 +0.00000e+00
 8.03086e-04 3.02944e+03 5.42616e-10 +0.00000e+00
 1.00000e-03 3.03922e+03 6.23611e-10 +0.00000e+00
 1.24520e-03 3.04924e+03 7.15485e-10 -2.54626e-07
 1.55052e-03 3.05970e+03 8.19558e-10 -3.17059e-07
 1.93070e-03 3.07068e+03 9.37233e-10 -3.94802e-07
 2.40410e-03 3.08235e+03 1.07004e-09 -4.91606e-07
 2.99358e-03 3.09481e+03 1.21973e-09 -6.12146e-07
 3.72759e-03 3.10817e+03 1.38818e-09 -7.62243e-07
 4.64159e-03 3.12263e+03 1.57723e-09 -9.49139e-07
 5.77969e-03 3.13842e+03 1.78896e-09 -1.18187e-06
 7.19686e-03 3.15555e+03 2.02572e-09 -1.47166e-06
 8.96151e-03 3.17416e+03 2.28971e-09 -1.83251e-06
 1.11588e-02 3.19441e+03 2.58330e-09 -2.28183e-06
 1.38950e-02 3.21635e+03 2.90912e-09 -2.84133e-06
 1.73020e-02 3.24005e+03 3.26984e-09 -3.53802e-06
 2.15443e-02 3.26572e+03 3.66763e-09 -4.40553e-06
 2.68270e-02 3.29370e+03 4.10463e-09 -5.48576e-06
 3.34048e-02 3.32454e+03 4.58221e-09 -6.83085e-06
 4.15956e-02 3.35855e+03 5.10108e-09 -8.50574e-06
 5.17947e-02 3.39556e+03 5.66183e-09 -1.05913e-05
 6.44947e-02 3.43201e+03 6.27413e-09 -1.31883e-05
 8.03086e-02 3.46937e+03 6.93992e-09 -1.64220e-05
 1.00000e-01 3.50719e+03 7.66457e-09 -2.04487e-05
 1.24520e-01 3.54613e+03 8.45095e-09 -2.54626e-05
 1.55052e-01 3.58710e+03 9.30067e-09 -3.17059e-05
 1.93070e-01 3.63167e+03 1.02109e-08 -3.94802e-05
 2.40410e-01 3.68261e+03 1.11702e-08 -4.91606e-05
 2.99358e-01 3.74666e+03 1.21421e-08 -6.12146e-05
 3.72759e-01 3.81909e+03 1.31265e-08 -7.62243e-05
 4.64159e-01 3.90437e+03 1.40942e-08 -9.49139e-05
 5.77969e-01 4.00007e+03 1.50444e-08 -1.18187e-04
 7.19686e-01 4.10809e+03 1.59686e-08 -1.47166e-04
 8.96151e-01 4.23023e+03 1.68683e-08 -1.83251e-04
 1.11588e+00 4.37060e+03 1.77429e-08 -2.28183e-04
 1.38950e+00 4.53192e+03 1.86110e-08 -2.84132e-04
 1.73020e+00 4.71542e+03 1.95159e-08 -3.53801e-04
 2.15443e+00 4.92191e+03 2.05235e-08 -4.40553e-04
 2.68270e+00 5.15315e+03 2.17083e-08 -5.48576e-04
 3.34048e+00 5.41177e+03 2.30691e-08 -6.13460e-04
 4.15956e+00 5.69988e+03 2.43849e-08 -6.13460e-04
 5.17947e+00 6.00239e+03 2.53734e-08 -6.12987e-04
 6.44947e+00 6.37222e+03 2.55803e-08 -5.35993e-04
 8.03086e+00 6.79078e+03 2.50729e-08 +2.52922e-03
 1.00000e+01 7.02642e+03 2.50624e-08 +1.12084e-02
 1.24520e+01 7.25184e+03 2.49919e-08 +2.38654e-02
 1.55052e+01 7.45594e+03 2.49314e-08 +3.64071e-02
 1.93070e+01 7.63463e+03 2.49220e-08 +4.72181e-02
 2.40410e+01 7.79114e+03 2.49736e-08 +5.51293e-02
 2.99358e+01 7.93138e+03 2.50807e-08 +6.07841e-02
 3.72759e+01 8.06018e+03 2.52373e-08 +6.48626e-02
 4.64159e+01 8.18099e+03 2.54393e-08 +6.78850e-02
 5.77969e+01 8.29619e+03 2.56848e-08 +7.01779e-02
 7.19686e+01 8.40745e+03 2.59734e-08 +7.19503e-02
 8.96151e+01 8.51604e+03 2.63050e-08 +7.33361e-02
 1.11588e+02 8.62302e+03 2.66799e-08 +7.44330e-02
 1.38950e+02 8.72914e+03 2.70990e-08 +7.53165e-02
 1.73020e+02 8.83492e+03 2.75640e-08 +7.60380e-02
 2.15443e+02 8.94059e+03 2.80777e-08 +7.66353e-02
 2.68270e+02 9.04630e+03 2.86433e-08 +7.71286e-02
 3.34048e+02 9.15226e+03 2.92643e-08 +7.75366e-02
 4.15956e+02 9.25854e+03 2.99447e-08 +7.78782e-02
 5.17947e+02 9.36510e+03 3.06898e-08 +7.81641e-02
 6.44947e+02 9.47181e+03 3.15065e-08 +7.84043e-02
 8.03086e+02 9.57858e+03 3.24025e-08 +7.86049e-02
 1.00000e+03 9.68535e+03 3.33859e-08 +7.87726e-02
