#n1=128 n2=4 Teff=03400 R=1.3278e+11 L=1.6783e+33 logg=+3.50
#   tau          T          rho         Fconv
 0.00000e+00 1.93091e+03 7.73882e-21 +0.00000e+00
 1.00000e-09 1.93091e+03 1.04923e-13 +0.00000e+00
 1.24520e-09 1.93483e+03 1.30524e-13 +0.00000e+00
 1.55052e-09 1.93870e+03 1.62415e-13 +0.00000e+00
 1.93070e-09 1.94291e+03 2.02088e-13 +0.00000e+00
 2.40410e-09 1.94699e+03 2.51541e-13 +0.00000e+00
 2.99358e-09 1.95148e+03 3.13073e-13 +0.00000e+00
 3.72759e-09 1.95577e+03 3.89820e-13 +0.00000e+00
 4.64159e-09 1.96050e+03 4.85371e-13 +0.00000e+00
 5.77969e-09 1.96507e+03 6.04566e-13 +0.00000e+00
 7.19686e-09 1.97002e+03 7.53115e-13 +0.00000e+00
 8.96151e-09 1.97486e+03 9.38444e-13 +0.00000e+00
 1.11588e-08 1.97998e+03 1.16969e-12 +0.00000e+00
 1.38950e-08 1.98503e+03 1.45830e-12 +0.00000e+00
 1.73020e-08 1.99024e+03 1.81895e-12 +0.00000e+00
 2.15443e-08 1.99541e+03 2.26931e-12 +0.00000e+00
 2.68270e-08 2.00055e+03 2.83305e-12 +0.00000e+00
 3.34048e-08 2.00570e+03 3.53779e-12 +0.00000e+00
 4.15956e-08 2.01059e+03 4.42158e-12 +0.00000e+00
 5.17947e-08 2.01558e+03 5.52810e-12 +0.00000e+00
 6.44947e-08 2.02002e+03 6.91818e-12 +0.00000e+00
 8.03086e-08 2.02469e+03 8.66346e-12 +0.00000e+00
 1.00000e-07 2.02857e+03 1.08558e-11 +0.00000e+00
 1.24520e-07 2.03266e+03 1.36187e-11 +0.00000e+00
 1.55052e-07 2.03606e+03 1.70839e-11 +0.00000e+00
 1.93070e-07 2.03949e+03 2.14613e-11 +0.00000e+00
 2.40410e-07 2.04253e+03 2.69484e-11 +0.00000e+00
 2.99358e-07 2.04546e+03 3.38743e-11 +0.00000e+00
 3.72759e-07 2.04822e+03 4.25632e-11 +0.00000e+00
 4.64159e-07 2.05085e+03 5.34980e-11 +0.00000e+00
 5.77969e-07 2.05346e+03 6.72287e-11 +0.00000e+00
 7.19686e-07 2.05597e+03 8.44241e-11 +0.00000e+00
 8.96151e-07 2.05852e+03 1.06086e-10 +0.00000e+00
 1.11588e-06 2.06101e+03 1.33063e-10 +0.00000e+00
 1.38950e-06 2.06356e+03 1.67112e-10 +0.00000e+00
 1.73020e-06 2.06608e+03 2.09344e-10 +0.00000e+00
 2.15443e-06 2.06864e+03 2.62601e-10 +0.00000e+00
 2.68270e-06 2.07122e+03 3.28778e-10 +0.00000e+00
 3.34048e-06 2.07385e+03 4.11852e-10 +0.00000e+00
 4.15956e-06 2.07654e+03 5.15320e-10 +0.00000e+00
 5.17947e-06 2.07935e+03 6.44707e-10 +0.00000e+00
 6.44947e-06 2.08231e+03 8.05991e-10 +0.00000e+00
 8.03086e-06 2.08548e+03 1.00693e-09 +0.00000e+00
 1.00000e-05 2.08891e+03 1.25776e-09 +0.00000e+00
 1.24520e-05 2.09264e+03 1.56916e-09 +0.00000e+00
 1.55052e-05 2.09673e+03 1.95800e-09 +0.00000e+00
 1.93070e-05 2.10123e+03 2.43969e-09 +0.00000e+00
 2.40410e-05 2.10619e+03 3.04104e-09 +0.00000e+00
 2.99358e-05 2.11158e+03 3.78476e-09 +0.00000e+00
 3.72759e-05 2.11750e+03 4.71226e-09 +0.00000e+00
 4.64159e-05 2.12398e+03 5.85918e-09 +0.00000e+00
 5.77969e-05 2.13116e+03 7.28565e-09 +0.00000e+00
 7.19686e-05 2.13907e+03 9.04971e-09 +0.00000e+00
 8.96151e-05 2.14782e+03 1.12382e-08 +0.00000e+00
 1.11588e-04 2.15751e+03 1.39429e-08 +0.00000e+00
 1.38950e-04 2.16795e+03 1.72933e-08 +0.00000e+00
 1.73020e-04 2.17930e+03 2.14343e-08 +0.00000e+00
 2.15443e-04 2.19211e+03 2.65420e-08 +0.00000e+00
 2.68270e-04 2.20581e+03 3.28534e-08 +0.00000e+00
 3.34048e-04 2.22084e+03 4.06280e-08 +0.00000e+00
 4.15956e-04 2.23704e+03 5.02192e-08 +0.00000e+00
 5.17947e-04 2.25465e+03 6.20090e-08 +0.00000e+00
 6.44947e-04 2.27309e+03 7.65604e-08 +0.00000e+00
 8.03086e-04 2.29244e+03 9.44483e-08 +0.00000e+00
 1.00000e-03 2.31217e+03 1.16552e-07 +0.00000e+00
 1.24520e-03 2.33208e+03 1.43752e-07 -2.54629e-07
 1.55052e-03 2.35228e+03 1.77367e-07 -3.17063e-07
 1.93070e-03 2.37243e+03 2.18735e-07 -3.94806e-07
 2.40410e-03 2.39182e+03 2.70000e-07 -4.91611e-07
 2.99358e-03 2.41057e+03 3.33247e-07 -6.12153e-07
 3.72759e-03 2.42893e+03 4.11486e-07 -7.62251e-07
 4.64159e-03 2.44662e+03 5.08056e-07 -9.49153e-07
 5.77969e-03 2.46584e+03 6.26722e-07 -1.18188e-06
 7.19686e-03 2.48625e+03 7.72210e-07 -1.47168e-06
 8.96151e-03 2.51016e+03 9.49309e-07 -1.83253e-06
 1.11588e-02 2.53895e+03 1.16316e-06 -2.28185e-06
 1.38950e-02 2.57595e+03 1.41740e-06 -2.84136e-06
 1.73020e-02 2.62327e+03 1.71512e-06 -3.53805e-06
 2.15443e-02 2.68111e+03 2.05792e-06 +3.44889e-03
 2.68270e-02 2.74385e+03 2.45489e-06 +4.06539e-02
 3.34048e-02 2.80258e+03 2.92141e-06 +2.94895e-02
 4.15956e-02 2.86030e+03 3.46428e-06 +2.93914e-02
 5.17947e-02 2.91693e+03 4.08529e-06 +2.67422e-02
 6.44947e-02 2.97227e+03 4.79166e-06 +2.30028e-02
 8.03086e-02 3.02608e+03 5.58513e-06 +2.17904e-02
 1.00000e-01 3.07817e+03 6.46158e-06 +1.84832e-02
 1.24520e-01 3.12845e+03 7.42625e-06 +1.09970e-02
 1.55052e-01 3.17689e+03 8.47134e-06 +9.47068e-03
 1.93070e-01 3.22357e+03 9.59232e-06 +8.85429e-03
 2.40410e-01 3.26861e+03 1.07948e-05 +9.16254e-03
 2.99358e-01 3.31220e+03 1.20744e-05 +9.34708e-03
 3.72759e-01 3.35494e+03 1.34127e-05 +1.19207e-02
 4.64159e-01 3.39621e+03 1.48290e-05 +1.44257e-02
 5.77969e-01 3.43620e+03 1.63281e-05 +1.75695e-02
 7.19686e-01 3.47511e+03 1.79050e-05 +2.13766e-02
 8.96151e-01 3.51310e+03 1.95496e-05 +2.58942e-02
 1.11588e+00 3.55030e+03 2.12826e-05 +3.12229e-02
 1.38950e+00 3.58684e+03 2.31085e-05 +3.75051e-02
 1.73020e+00 3.62280e+03 2.50325e-05 +4.49473e-02
 2.15443e+00 3.65826e+03 2.70350e-05 +5.38373e-02
 2.68270e+00 3.69329e+03 2.91238e-05 +6.45916e-02
 3.34048e+00 3.72795e+03 3.13177e-05 +7.17918e-02
 4.15956e+00 3.76220e+03 3.36242e-05 +7.32256e-02
 5.17947e+00 3.79609e+03 3.60505e-05 +7.43905e-02
 6.44947e+00 3.82968e+03 3.85935e-05 +7.53374e-02
 8.03086e+00 3.86304e+03 4.12244e-05 +7.61060e-02
 1.00000e+01 3.89622e+03 4.39903e-05 +7.67323e-02
 1.24520e+01 3.92928e+03 4.68999e-05 +7.72435e-02
 1.55052e+01 3.96226e+03 4.99625e-05 +7.76616e-02
 1.93070e+01 3.99519e+03 5.31875e-05 +7.80040e-02
 2.40410e+01 4.02810e+03 5.65775e-05 +7.82846e-02
 2.99358e+01 4.06105e+03 6.00834e-05 +7.85139e-02
 3.72759e+01 4.09408e+03 6.37787e-05 +7.87021e-02
 4.64159e+01 4.12723e+03 6.76750e-05 +7.88567e-02
 5.77969e+01 4.16053e+03 7.17865e-05 +7.89838e-02
 7.19686e+01 4.19401e+03 7.61284e-05 +7.90885e-02
 8.96151e+01 4.22772e+03 8.07164e-05 +7.91747e-02
 1.11588e+02 4.26169e+03 8.54950e-05 +7.92456e-02
 1.38950e+02 4.29598e+03 9.04959e-05 +7.93039e-02
 1.73020e+02 4.33063e+03 9.57781e-05 +7.93524e-02
 2.15443e+02 4.36565e+03 1.01359e-04 +7.93925e-02
 2.68270e+02 4.40106e+03 1.07256e-04 +7.94259e-02
 3.34048e+02 4.43688e+03 1.13491e-04 +7.94535e-02
 4.15956e+02 4.47312e+03 1.20088e-04 +7.94766e-02
 5.17947e+02 4.50980e+03 1.26930e-04 +7.94956e-02
 6.44947e+02 4.54695e+03 1.34135e-04 +7.95115e-02
 8.03086e+02 4.58459e+03 1.41758e-04 +7.95247e-02
 1.00000e+03 4.62274e+03 1.49826e-04 +7.95356e-02
