#n1=128 n2=4 Teff=03300 R=7.4230e+12 L=4.6458e+36 logg=+0.50
#   tau          T          rho         Fconv
 0.00000e+00 1.66212e+03 8.99743e-21 +0.00000e+00
 1.00000e-09 1.66212e+03 9.40840e-17 +0.00000e+00
 1.24520e-09 1.66914e+03 1.16937e-16 +0.00000e+00
 1.55052e-09 1.67647e+03 1.45316e-16 +0.00000e+00
 1.93070e-09 1.68355e+03 1.80619e-16 +0.00000e+00
 2.40410e-09 1.69104e+03 2.24446e-16 +0.00000e+00
 2.99358e-09 1.69820e+03 2.78975e-16 +0.00000e+00
 3.72759e-09 1.70584e+03 3.46662e-16 +0.00000e+00
 4.64159e-09 1.71311e+03 4.30880e-16 +0.00000e+00
 5.77969e-09 1.72084e+03 5.35430e-16 +0.00000e+00
 7.19686e-09 1.72826e+03 6.65492e-16 +0.00000e+00
 8.96151e-09 1.73610e+03 8.26969e-16 +0.00000e+00
 1.11588e-08 1.74370e+03 1.02781e-15 +0.00000e+00
 1.38950e-08 1.75166e+03 1.27721e-15 +0.00000e+00
 1.73020e-08 1.75944e+03 1.58733e-15 +0.00000e+00
 2.15443e-08 1.76751e+03 1.97251e-15 +0.00000e+00
 2.68270e-08 1.77549e+03 2.45137e-15 +0.00000e+00
 3.34048e-08 1.78368e+03 3.04622e-15 +0.00000e+00
 4.15956e-08 1.79185e+03 3.78560e-15 +0.00000e+00
 5.17947e-08 1.80017e+03 4.70427e-15 +0.00000e+00
 6.44947e-08 1.80855e+03 5.84585e-15 +0.00000e+00
 8.03086e-08 1.81699e+03 7.26459e-15 +0.00000e+00
 1.00000e-07 1.82559e+03 9.02709e-15 +0.00000e+00
 1.24520e-07 1.83418e+03 1.12180e-14 +0.00000e+00
 1.55052e-07 1.84301e+03 1.39390e-14 +0.00000e+00
 1.93070e-07 1.85175e+03 1.73223e-14 +0.00000e+00
 2.40410e-07 1.86084e+03 2.15228e-14 +0.00000e+00
 2.99358e-07 1.86973e+03 2.67471e-14 +0.00000e+00
 3.72759e-07 1.87907e+03 3.32318e-14 +0.00000e+00
 4.64159e-07 1.88813e+03 4.12988e-14 +0.00000e+00
 5.77969e-07 1.89776e+03 5.13081e-14 +0.00000e+00
 7.19686e-07 1.90703e+03 6.37631e-14 +0.00000e+00
 8.96151e-07 1.91700e+03 7.92105e-14 +0.00000e+00
 1.11588e-06 1.92651e+03 9.84370e-14 +0.00000e+00
 1.38950e-06 1.93679e+03 1.22277e-13 +0.00000e+00
 1.73020e-06 1.94668e+03 1.51941e-13 +0.00000e+00
 2.15443e-06 1.95732e+03 1.88724e-13 +0.00000e+00
 2.68270e-06 1.96765e+03 2.34475e-13 +0.00000e+00
 3.34048e-06 1.97868e+03 2.91211e-13 +0.00000e+00
 4.15956e-06 1.98961e+03 3.61717e-13 +0.00000e+00
 5.17947e-06 2.00121e+03 4.49149e-13 +0.00000e+00
 6.44947e-06 2.01285e+03 5.57720e-13 +0.00000e+00
 8.03086e-06 2.02508e+03 6.92353e-13 +0.00000e+00
 1.00000e-05 2.03757e+03 8.59366e-13 +0.00000e+00
 1.24520e-05 2.05063e+03 1.06642e-12 +0.00000e+00
 1.55052e-05 2.06412e+03 1.32299e-12 +0.00000e+00
 1.93070e-05 2.07820e+03 1.64093e-12 +0.00000e+00
 2.40410e-05 2.09285e+03 2.03449e-12 +0.00000e+00
 2.99358e-05 2.10801e+03 2.52208e-12 +0.00000e+00
 3.72759e-05 2.12372e+03 3.12545e-12 +0.00000e+00
 4.64159e-05 2.13969e+03 3.87330e-12 +0.00000e+00
 5.77969e-05 2.15596e+03 4.79943e-12 +0.00000e+00
 7.19686e-05 2.17175e+03 5.95021e-12 +0.00000e+00
 8.96151e-05 2.18741e+03 7.37813e-12 +0.00000e+00
 1.11588e-04 2.20231e+03 9.15503e-12 +0.00000e+00
 1.38950e-04 2.21668e+03 1.13650e-11 +0.00000e+00
 1.73020e-04 2.23055e+03 1.41140e-11 +0.00000e+00
 2.15443e-04 2.24385e+03 1.75371e-11 +0.00000e+00
 2.68270e-04 2.25673e+03 2.17959e-11 +0.00000e+00
 3.34048e-04 2.26968e+03 2.70906e-11 +0.00000e+00
 4.15956e-04 2.28284e+03 3.36600e-11 +0.00000e+00
 5.17947e-04 2.29653e+03 4.18112e-11 +0.00000e+00
 6.44947e-04 2.31084e+03 5.18966e-11 +0.00000e+00
 8.03086e-04 2.32593e+03 6.43839e-11 +0.00000e+00
 1.00000e-03 2.34195e+03 7.97856e-11 +0.00000e+00
 1.24520e-03 2.35900e+03 9.88037e-11 -2.55124e-07
 1.55052e-03 2.37695e+03 1.22213e-10 -3.17680e-07
 1.93070e-03 2.39597e+03 1.51044e-10 -3.95574e-07
 2.40410e-03 2.41599e+03 1.86432e-10 -4.92567e-07
 2.99358e-03 2.43696e+03 2.29912e-10 -6.13342e-07
 3.72759e-03 2.45906e+03 2.83107e-10 -7.63733e-07
 4.64159e-03 2.48230e+03 3.48158e-10 -9.50998e-07
 5.77969e-03 2.50667e+03 4.27473e-10 -1.18418e-06
 7.19686e-03 2.53235e+03 5.23899e-10 -1.47454e-06
 8.96151e-03 2.55866e+03 6.41253e-10 -1.83609e-06
 1.11588e-02 2.58506e+03 7.83756e-10 -2.28629e-06
 1.38950e-02 2.61184e+03 9.56509e-10 -2.84688e-06
 1.73020e-02 2.63883e+03 1.16465e-09 -3.54493e-06
 2.15443e-02 2.66602e+03 1.41534e-09 -4.41413e-06
 2.68270e-02 2.69354e+03 1.71477e-09 -5.49647e-06
 3.34048e-02 2.72148e+03 2.07152e-09 -6.84419e-06
 4.15956e-02 2.74989e+03 2.49334e-09 -8.52237e-06
 5.17947e-02 2.77888e+03 2.98917e-09 -1.06120e-05
 6.44947e-02 2.80852e+03 3.56862e-09 -1.32141e-05
 8.03086e-02 2.83886e+03 4.23895e-09 -1.64541e-05
 1.00000e-01 2.87000e+03 5.01101e-09 -2.04886e-05
 1.24520e-01 2.90211e+03 5.89091e-09 -2.55124e-05
 1.55052e-01 2.93548e+03 6.88491e-09 -3.17680e-05
 1.93070e-01 2.97054e+03 7.99709e-09 -3.95574e-05
 2.40410e-01 3.00806e+03 9.22330e-09 -4.92567e-05
 2.99358e-01 3.05011e+03 1.05483e-08 -6.13342e-05
 3.72759e-01 3.09628e+03 1.19638e-08 -7.63733e-05
 4.64159e-01 3.14710e+03 1.34504e-08 -9.50994e-05
 5.77969e-01 3.20258e+03 1.49941e-08 -1.18409e-04
 7.19686e-01 3.26223e+03 1.65886e-08 -1.47322e-04
 8.96151e-01 3.34047e+03 1.80943e-08 -1.82696e-04
 1.11588e+00 3.42966e+03 1.95408e-08 -2.25638e-04
 1.38950e+00 3.54346e+03 2.08219e-08 -2.78209e-04
 1.73020e+00 3.67831e+03 2.19767e-08 -3.48813e-04
 2.15443e+00 3.78919e+03 2.33911e-08 -4.32015e-04
 2.68270e+00 3.94836e+03 2.46450e-08 -5.35944e-04
 3.34048e+00 4.12984e+03 2.59684e-08 -6.01924e-04
 4.15956e+00 4.33534e+03 2.73559e-08 -5.96669e-04
 5.17947e+00 4.56748e+03 2.85048e-08 -4.50354e-04
 6.44947e+00 4.82733e+03 2.89193e-08 +2.87180e-03
 8.03086e+00 5.07801e+03 2.87892e-08 +1.83879e-02
 1.00000e+01 5.28308e+03 2.85849e-08 +3.49456e-02
 1.24520e+01 5.45210e+03 2.84230e-08 +4.62719e-02
 1.55052e+01 5.59882e+03 2.83033e-08 +5.38566e-02
 1.93070e+01 5.73178e+03 2.82158e-08 +5.91785e-02
 2.40410e+01 5.85600e+03 2.81536e-08 +6.30908e-02
 2.99358e+01 5.97478e+03 2.81114e-08 +6.57104e-02
 3.72759e+01 6.09246e+03 2.80745e-08 +6.81375e-02
 4.64159e+01 6.20736e+03 2.80554e-08 +7.00809e-02
 5.77969e+01 6.32024e+03 2.80547e-08 +7.16822e-02
 7.19686e+01 6.43143e+03 2.80743e-08 +7.30191e-02
 8.96151e+01 6.54124e+03 2.81158e-08 +7.41199e-02
 1.11588e+02 6.65024e+03 2.81794e-08 +7.50194e-02
 1.38950e+02 6.75908e+03 2.82643e-08 +7.57552e-02
 1.73020e+02 6.86829e+03 2.83697e-08 +7.63667e-02
 2.15443e+02 6.97807e+03 2.84960e-08 +7.68851e-02
 2.68270e+02 7.08834e+03 2.86449e-08 +7.73294e-02
 3.34048e+02 7.19902e+03 2.88177e-08 +7.77033e-02
 4.15956e+02 7.31021e+03 2.90152e-08 +7.80224e-02
 5.17947e+02 7.42148e+03 2.92403e-08 +7.83017e-02
 6.44947e+02 7.53194e+03 2.94987e-08 +7.85475e-02
 8.03086e+02 7.64078e+03 2.97967e-08 +7.87581e-02
 1.00000e+03 7.74768e+03 3.01394e-08 +7.89340e-02
