#n1=128 n2=4 Teff=03500 R=7.0130e+09 L=5.2506e+30 logg=+6.00
#   tau          T          rho         Fconv
 0.00000e+00 2.34171e+03 6.46083e-21 +0.00000e+00
 1.00000e-09 2.34171e+03 2.69678e-11 +0.00000e+00
 1.24520e-09 2.34841e+03 3.32548e-11 +0.00000e+00
 1.55052e-09 2.35632e+03 4.09318e-11 +0.00000e+00
 1.93070e-09 2.36452e+03 5.03036e-11 +0.00000e+00
 2.40410e-09 2.37315e+03 6.17220e-11 +0.00000e+00
 2.99358e-09 2.38173e+03 7.56049e-11 +0.00000e+00
 3.72759e-09 2.39032e+03 9.24626e-11 +0.00000e+00
 4.64159e-09 2.39883e+03 1.12863e-10 +0.00000e+00
 5.77969e-09 2.40703e+03 1.37530e-10 +0.00000e+00
 7.19686e-09 2.41531e+03 1.67245e-10 +0.00000e+00
 8.96151e-09 2.42291e+03 2.02998e-10 +0.00000e+00
 1.11588e-08 2.43047e+03 2.45932e-10 +0.00000e+00
 1.38950e-08 2.43758e+03 2.97326e-10 +0.00000e+00
 1.73020e-08 2.44432e+03 3.58848e-10 +0.00000e+00
 2.15443e-08 2.45107e+03 4.32245e-10 +0.00000e+00
 2.68270e-08 2.45707e+03 5.19648e-10 +0.00000e+00
 3.34048e-08 2.46311e+03 6.23781e-10 +0.00000e+00
 4.15956e-08 2.46891e+03 7.47344e-10 +0.00000e+00
 5.17947e-08 2.47441e+03 8.93961e-10 +0.00000e+00
 6.44947e-08 2.48016e+03 1.06777e-09 +0.00000e+00
 8.03086e-08 2.48547e+03 1.27303e-09 +0.00000e+00
 1.00000e-07 2.49082e+03 1.51593e-09 +0.00000e+00
 1.24520e-07 2.49659e+03 1.80278e-09 +0.00000e+00
 1.55052e-07 2.50219e+03 2.13866e-09 +0.00000e+00
 1.93070e-07 2.50819e+03 2.53446e-09 +0.00000e+00
 2.40410e-07 2.51468e+03 2.99956e-09 +0.00000e+00
 2.99358e-07 2.52157e+03 3.53773e-09 +0.00000e+00
 3.72759e-07 2.52916e+03 4.16722e-09 +0.00000e+00
 4.64159e-07 2.53722e+03 4.90140e-09 +0.00000e+00
 5.77969e-07 2.54591e+03 5.74287e-09 +0.00000e+00
 7.19686e-07 2.55515e+03 6.72113e-09 +0.00000e+00
 8.96151e-07 2.56467e+03 7.85629e-09 +0.00000e+00
 1.11588e-06 2.57463e+03 9.14957e-09 +0.00000e+00
 1.38950e-06 2.58473e+03 1.06510e-08 +0.00000e+00
 1.73020e-06 2.59482e+03 1.23943e-08 +0.00000e+00
 2.15443e-06 2.60508e+03 1.43755e-08 +0.00000e+00
 2.68270e-06 2.61504e+03 1.66812e-08 +0.00000e+00
 3.34048e-06 2.62474e+03 1.93652e-08 +0.00000e+00
 4.15956e-06 2.63425e+03 2.24387e-08 +0.00000e+00
 5.17947e-06 2.64336e+03 2.60175e-08 +0.00000e+00
 6.44947e-06 2.65202e+03 3.02052e-08 +0.00000e+00
 8.03086e-06 2.66034e+03 3.50452e-08 +0.00000e+00
 1.00000e-05 2.66819e+03 4.06892e-08 +0.00000e+00
 1.24520e-05 2.67556e+03 4.73283e-08 +0.00000e+00
 1.55052e-05 2.68255e+03 5.50749e-08 +0.00000e+00
 1.93070e-05 2.68918e+03 6.41196e-08 +0.00000e+00
 2.40410e-05 2.69546e+03 7.47980e-08 +0.00000e+00
 2.99358e-05 2.70154e+03 8.73333e-08 +0.00000e+00
 3.72759e-05 2.70752e+03 1.01963e-07 +0.00000e+00
 4.64159e-05 2.71344e+03 1.19246e-07 +0.00000e+00
 5.77969e-05 2.71947e+03 1.39555e-07 +0.00000e+00
 7.19686e-05 2.72575e+03 1.63188e-07 +0.00000e+00
 8.96151e-05 2.73236e+03 1.90991e-07 +0.00000e+00
 1.11588e-04 2.73937e+03 2.23540e-07 +0.00000e+00
 1.38950e-04 2.74697e+03 2.61175e-07 +0.00000e+00
 1.73020e-04 2.75522e+03 3.05111e-07 +0.00000e+00
 2.15443e-04 2.76407e+03 3.56158e-07 +0.00000e+00
 2.68270e-04 2.77376e+03 4.14620e-07 +0.00000e+00
 3.34048e-04 2.78419e+03 4.82222e-07 +0.00000e+00
 4.15956e-04 2.79547e+03 5.59978e-07 +0.00000e+00
 5.17947e-04 2.80775e+03 6.47971e-07 +0.00000e+00
 6.44947e-04 2.82093e+03 7.48473e-07 +0.00000e+00
 8.03086e-04 2.83514e+03 8.62660e-07 +0.00000e+00
 1.00000e-03 2.85041e+03 9.90334e-07 +0.00000e+00
 1.24520e-03 2.86687e+03 1.13380e-06 -2.54957e-07
 1.55052e-03 2.88454e+03 1.29444e-06 -3.17472e-07
 1.93070e-03 2.90351e+03 1.47189e-06 -3.95315e-07
 2.40410e-03 2.92396e+03 1.66718e-06 -4.92245e-07
 2.99358e-03 2.94591e+03 1.88191e-06 -6.12942e-07
 3.72759e-03 2.96963e+03 2.11608e-06 -7.63234e-07
 4.64159e-03 2.99516e+03 2.36635e-06 -9.50376e-07
 5.77969e-03 3.02063e+03 2.64017e-06 -1.18341e-06
 7.19686e-03 3.04660e+03 2.93919e-06 -1.47357e-06
 8.96151e-03 3.07319e+03 3.26456e-06 -1.83489e-06
 1.11588e-02 3.10051e+03 3.61498e-06 -2.28480e-06
 1.38950e-02 3.12873e+03 3.99598e-06 -2.84503e-06
 1.73020e-02 3.15795e+03 4.40930e-06 -3.54262e-06
 2.15443e-02 3.18828e+03 4.85605e-06 -4.41126e-06
 2.68270e-02 3.21923e+03 5.33354e-06 -5.49289e-06
 3.34048e-02 3.25105e+03 5.85049e-06 +5.65760e-04
 4.15956e-02 3.28400e+03 6.40825e-06 +6.52141e-03
 5.17947e-02 3.31676e+03 7.01709e-06 +4.78392e-03
 6.44947e-02 3.34978e+03 7.67280e-06 +4.15966e-03
 8.03086e-02 3.38314e+03 8.38540e-06 +3.99559e-03
 1.00000e-01 3.41687e+03 9.16465e-06 +4.11266e-03
 1.24520e-01 3.45100e+03 1.00178e-05 +4.49189e-03
 1.55052e-01 3.48558e+03 1.09480e-05 +5.12950e-03
 1.93070e-01 3.52072e+03 1.19523e-05 +6.01238e-03
 2.40410e-01 3.55651e+03 1.30518e-05 +6.56940e-03
 2.99358e-01 3.59329e+03 1.42523e-05 +8.55450e-03
 3.72759e-01 3.63069e+03 1.55670e-05 +1.04068e-02
 4.64159e-01 3.66874e+03 1.69832e-05 +1.25676e-02
 5.77969e-01 3.70750e+03 1.85256e-05 +1.51611e-02
 7.19686e-01 3.74698e+03 2.02136e-05 +1.83591e-02
 8.96151e-01 3.78718e+03 2.20619e-05 +2.22568e-02
 1.11588e+00 3.82809e+03 2.40735e-05 +2.70218e-02
 1.38950e+00 3.86978e+03 2.62391e-05 +3.28711e-02
 1.73020e+00 3.91229e+03 2.86062e-05 +4.01144e-02
 2.15443e+00 3.95565e+03 3.11936e-05 +4.91069e-02
 2.68270e+00 3.99986e+03 3.40216e-05 +6.02743e-02
 3.34048e+00 4.04494e+03 3.70539e-05 +6.79629e-02
 4.15956e+00 4.09083e+03 4.03477e-05 +6.97786e-02
 5.17947e+00 4.13751e+03 4.39442e-05 +7.13133e-02
 6.44947e+00 4.18500e+03 4.78718e-05 +7.26080e-02
 8.03086e+00 4.23333e+03 5.21335e-05 +7.36971e-02
 1.00000e+01 4.28257e+03 5.66958e-05 +7.46118e-02
 1.24520e+01 4.33277e+03 6.16628e-05 +7.53838e-02
 1.55052e+01 4.38396e+03 6.70688e-05 +7.60370e-02
 1.93070e+01 4.43617e+03 7.29535e-05 +7.65912e-02
 2.40410e+01 4.48940e+03 7.92449e-05 +7.70608e-02
 2.99358e+01 4.54366e+03 8.60265e-05 +7.74600e-02
 3.72759e+01 4.59895e+03 9.33929e-05 +7.77984e-02
 4.64159e+01 4.65529e+03 1.01398e-04 +7.80844e-02
 5.77969e+01 4.71274e+03 1.10085e-04 +7.83258e-02
 7.19686e+01 4.77141e+03 1.19289e-04 +7.85284e-02
 8.96151e+01 4.83140e+03 1.29263e-04 +7.86999e-02
 1.11588e+02 4.89277e+03 1.40071e-04 +7.88455e-02
 1.38950e+02 4.95557e+03 1.51782e-04 +7.89697e-02
 1.73020e+02 5.01981e+03 1.64360e-04 +7.90753e-02
 2.15443e+02 5.08557e+03 1.77760e-04 +7.91652e-02
 2.68270e+02 5.15287e+03 1.92267e-04 +7.92417e-02
 3.34048e+02 5.22179e+03 2.07973e-04 +7.93067e-02
 4.15956e+02 5.29245e+03 2.24973e-04 +7.93618e-02
 5.17947e+02 5.36498e+03 2.43103e-04 +7.94083e-02
 6.44947e+02 5.43957e+03 2.62504e-04 +7.94479e-02
 8.03086e+02 5.51631e+03 2.83464e-04 +7.94820e-02
 1.00000e+03 5.59525e+03 3.06100e-04 +7.95112e-02
