#n1=128 n2=4 Teff=03200 R=1.2464e+11 L=1.1602e+33 logg=+3.50
#   tau          T          rho         Fconv
 0.00000e+00 1.94408e+03 7.68825e-21 +0.00000e+00
 1.00000e-09 1.94408e+03 1.04065e-13 +0.00000e+00
 1.24520e-09 1.95144e+03 1.29153e-13 +0.00000e+00
 1.55052e-09 1.95866e+03 1.60327e-13 +0.00000e+00
 1.93070e-09 1.96621e+03 1.99003e-13 +0.00000e+00
 2.40410e-09 1.97352e+03 2.47083e-13 +0.00000e+00
 2.99358e-09 1.98130e+03 3.06721e-13 +0.00000e+00
 3.72759e-09 1.98875e+03 3.80886e-13 +0.00000e+00
 4.64159e-09 1.99668e+03 4.72895e-13 +0.00000e+00
 5.77969e-09 2.00432e+03 5.87320e-13 +0.00000e+00
 7.19686e-09 2.01236e+03 7.29361e-13 +0.00000e+00
 8.96151e-09 2.02016e+03 9.06003e-13 +0.00000e+00
 1.11588e-08 2.02829e+03 1.12541e-12 +0.00000e+00
 1.38950e-08 2.03626e+03 1.39824e-12 +0.00000e+00
 1.73020e-08 2.04444e+03 1.73745e-12 +0.00000e+00
 2.15443e-08 2.05251e+03 2.15932e-12 +0.00000e+00
 2.68270e-08 2.06061e+03 2.68449e-12 +0.00000e+00
 3.34048e-08 2.06859e+03 3.33803e-12 +0.00000e+00
 4.15956e-08 2.07633e+03 4.15325e-12 +0.00000e+00
 5.17947e-08 2.08396e+03 5.16891e-12 +0.00000e+00
 6.44947e-08 2.09100e+03 6.43930e-12 +0.00000e+00
 8.03086e-08 2.09784e+03 8.02619e-12 +0.00000e+00
 1.00000e-07 2.10347e+03 1.00207e-11 +0.00000e+00
 1.24520e-07 2.10866e+03 1.25263e-11 +0.00000e+00
 1.55052e-07 2.11188e+03 1.56969e-11 +0.00000e+00
 1.93070e-07 2.11382e+03 1.97281e-11 +0.00000e+00
 2.40410e-07 2.11290e+03 2.48899e-11 +0.00000e+00
 2.99358e-07 2.10918e+03 3.15889e-11 +0.00000e+00
 3.72759e-07 2.10272e+03 4.02469e-11 +0.00000e+00
 4.64159e-07 2.09441e+03 5.14917e-11 +0.00000e+00
 5.77969e-07 2.08636e+03 6.57689e-11 +0.00000e+00
 7.19686e-07 2.08003e+03 8.36803e-11 +0.00000e+00
 8.96151e-07 2.07546e+03 1.06049e-10 +0.00000e+00
 1.11588e-06 2.07278e+03 1.33734e-10 +0.00000e+00
 1.38950e-06 2.07120e+03 1.68467e-10 +0.00000e+00
 1.73020e-06 2.07109e+03 2.11210e-10 +0.00000e+00
 2.15443e-06 2.07166e+03 2.64923e-10 +0.00000e+00
 2.68270e-06 2.07329e+03 3.31168e-10 +0.00000e+00
 3.34048e-06 2.07549e+03 4.14123e-10 +0.00000e+00
 4.15956e-06 2.07868e+03 5.16738e-10 +0.00000e+00
 5.17947e-06 2.08228e+03 6.44724e-10 +0.00000e+00
 6.44947e-06 2.08658e+03 8.03648e-10 +0.00000e+00
 8.03086e-06 2.09154e+03 1.00087e-09 +0.00000e+00
 1.00000e-05 2.09721e+03 1.24606e-09 +0.00000e+00
 1.24520e-05 2.10393e+03 1.54870e-09 +0.00000e+00
 1.55052e-05 2.11110e+03 1.92569e-09 +0.00000e+00
 1.93070e-05 2.11914e+03 2.39040e-09 +0.00000e+00
 2.40410e-05 2.12798e+03 2.96832e-09 +0.00000e+00
 2.99358e-05 2.13785e+03 3.67829e-09 +0.00000e+00
 3.72759e-05 2.14861e+03 4.55944e-09 +0.00000e+00
 4.64159e-05 2.16048e+03 5.64140e-09 +0.00000e+00
 5.77969e-05 2.17336e+03 6.97953e-09 +0.00000e+00
 7.19686e-05 2.18737e+03 8.62218e-09 +0.00000e+00
 8.96151e-05 2.20245e+03 1.06459e-08 +0.00000e+00
 1.11588e-04 2.21864e+03 1.31284e-08 +0.00000e+00
 1.38950e-04 2.23593e+03 1.61751e-08 +0.00000e+00
 1.73020e-04 2.25430e+03 1.99065e-08 +0.00000e+00
 2.15443e-04 2.27375e+03 2.44669e-08 +0.00000e+00
 2.68270e-04 2.29358e+03 3.00572e-08 +0.00000e+00
 3.34048e-04 2.31517e+03 3.68351e-08 +0.00000e+00
 4.15956e-04 2.33782e+03 4.50886e-08 +0.00000e+00
 5.17947e-04 2.36083e+03 5.50805e-08 +0.00000e+00
 6.44947e-04 2.38549e+03 6.71624e-08 +0.00000e+00
 8.03086e-04 2.41117e+03 8.16073e-08 +0.00000e+00
 1.00000e-03 2.43704e+03 9.90127e-08 +0.00000e+00
 1.24520e-03 2.46442e+03 1.19618e-07 -2.54670e-07
 1.55052e-03 2.49206e+03 1.44093e-07 -3.17114e-07
 1.93070e-03 2.52111e+03 1.72773e-07 -3.94871e-07
 2.40410e-03 2.55094e+03 2.06125e-07 -4.91692e-07
 2.99358e-03 2.58153e+03 2.44825e-07 -6.12253e-07
 3.72759e-03 2.61230e+03 2.88954e-07 -7.62375e-07
 4.64159e-03 2.64328e+03 3.39447e-07 -9.49307e-07
 5.77969e-03 2.67434e+03 3.96538e-07 -1.18208e-06
 7.19686e-03 2.70524e+03 4.60600e-07 -1.47192e-06
 8.96151e-03 2.73594e+03 5.32619e-07 -1.83282e-06
 1.11588e-02 2.76655e+03 6.12588e-07 -2.28224e-06
 1.38950e-02 2.79724e+03 7.00993e-07 -2.84183e-06
 1.73020e-02 2.82816e+03 7.98839e-07 -3.53863e-06
 2.15443e-02 2.85955e+03 9.05802e-07 -4.40629e-06
 2.68270e-02 2.89167e+03 1.02176e-06 -5.48671e-06
 3.34048e-02 2.92479e+03 1.14763e-06 +9.03803e-03
 4.15956e-02 2.95732e+03 1.28540e-06 +9.16916e-03
 5.17947e-02 2.98952e+03 1.43376e-06 +7.20430e-03
 6.44947e-02 3.02149e+03 1.59609e-06 +6.13515e-03
 8.03086e-02 3.05325e+03 1.77381e-06 +5.58328e-03
 1.00000e-01 3.08486e+03 1.96779e-06 +5.42269e-03
 1.24520e-01 3.11643e+03 2.17725e-06 +5.54986e-03
 1.55052e-01 3.14805e+03 2.40636e-06 +6.04151e-03
 1.93070e-01 3.17977e+03 2.65679e-06 +6.86278e-03
 2.40410e-01 3.21173e+03 2.92931e-06 +8.71953e-03
 2.99358e-01 3.24486e+03 3.21925e-06 +9.15526e-03
 3.72759e-01 3.27818e+03 3.53393e-06 +1.12693e-02
 4.64159e-01 3.31157e+03 3.87594e-06 +1.35908e-02
 5.77969e-01 3.34505e+03 4.24777e-06 +1.63168e-02
 7.19686e-01 3.37866e+03 4.64362e-06 +1.97138e-02
 8.96151e-01 3.41239e+03 5.07272e-06 +2.38136e-02
 1.11588e+00 3.44626e+03 5.53858e-06 +2.87695e-02
 1.38950e+00 3.48033e+03 6.04460e-06 +3.47935e-02
 1.73020e+00 3.51467e+03 6.58811e-06 +4.21632e-02
 2.15443e+00 3.54934e+03 7.16978e-06 +5.12461e-02
 2.68270e+00 3.58444e+03 7.79901e-06 +6.25141e-02
 3.34048e+00 3.62000e+03 8.47977e-06 +7.01592e-02
 4.15956e+00 3.65591e+03 9.21744e-06 +7.17186e-02
 5.17947e+00 3.69217e+03 1.00011e-05 +7.30160e-02
 6.44947e+00 3.72879e+03 1.08457e-05 +7.40976e-02
 8.03086e+00 3.76581e+03 1.17607e-05 +7.50008e-02
 1.00000e+01 3.80320e+03 1.27529e-05 +7.57570e-02
 1.24520e+01 3.84099e+03 1.38293e-05 +7.63878e-02
 1.55052e+01 3.87921e+03 1.49701e-05 +7.69096e-02
 1.93070e+01 3.91794e+03 1.62075e-05 +7.73430e-02
 2.40410e+01 3.95725e+03 1.75502e-05 +7.77038e-02
 2.99358e+01 3.99720e+03 1.90073e-05 +7.80053e-02
 3.72759e+01 4.03782e+03 2.05830e-05 +7.82582e-02
 4.64159e+01 4.07915e+03 2.22560e-05 +7.84694e-02
 5.77969e+01 4.12122e+03 2.40701e-05 +7.86474e-02
 7.19686e+01 4.16405e+03 2.60377e-05 +7.87977e-02
 8.96151e+01 4.20763e+03 2.81722e-05 +7.89242e-02
 1.11588e+02 4.25197e+03 3.04734e-05 +7.90307e-02
 1.38950e+02 4.29713e+03 3.29211e-05 +7.91197e-02
 1.73020e+02 4.34316e+03 3.55720e-05 +7.91948e-02
 2.15443e+02 4.39007e+03 3.84393e-05 +7.92579e-02
 2.68270e+02 4.43789e+03 4.15381e-05 +7.93114e-02
 3.34048e+02 4.48660e+03 4.48615e-05 +7.93568e-02
 4.15956e+02 4.53621e+03 4.83800e-05 +7.93952e-02
 5.17947e+02 4.58667e+03 5.21669e-05 +7.94278e-02
 6.44947e+02 4.63790e+03 5.62359e-05 +7.94556e-02
 8.03086e+02 4.68986e+03 6.06004e-05 +7.94790e-02
 1.00000e+03 4.74253e+03 6.52524e-05 +7.94988e-02
