#n1=128 n2=4 Teff=03900 R=2.3995e+12 L=9.4781e+35 logg=+1.50
#      tau          T          rho         Fconv
  0.00000e+00  1.94337e+03  7.88494e-21 +0.00000e+00
  1.00000e-09  1.94337e+03  9.95955e-16 +0.00000e+00
  1.24520e-09  1.95180e+03  1.23623e-15 +0.00000e+00
  1.55052e-09  1.96032e+03  1.53435e-15 +0.00000e+00
  1.93070e-09  1.96944e+03  1.90370e-15 +0.00000e+00
  2.40410e-09  1.97855e+03  2.36194e-15 +0.00000e+00
  2.99358e-09  1.98815e+03  2.92971e-15 +0.00000e+00
  3.72759e-09  1.99782e+03  3.63382e-15 +0.00000e+00
  4.64159e-09  2.00800e+03  4.50602e-15 +0.00000e+00
  5.77969e-09  2.01854e+03  5.58658e-15 +0.00000e+00
  7.19686e-09  2.02990e+03  6.92347e-15 +0.00000e+00
  8.96151e-09  2.04119e+03  8.58075e-15 +0.00000e+00
  1.11588e-08  2.05315e+03  1.06314e-14 +0.00000e+00
  1.38950e-08  2.06590e+03  1.31672e-14 +0.00000e+00
  1.73020e-08  2.08066e+03  1.62922e-14 +0.00000e+00
  2.15443e-08  2.09576e+03  2.01562e-14 +0.00000e+00
  2.68270e-08  2.11225e+03  2.49206e-14 +0.00000e+00
  3.34048e-08  2.13263e+03  3.07552e-14 +0.00000e+00
  4.15956e-08  2.15302e+03  3.79573e-14 +0.00000e+00
  5.17947e-08  2.17697e+03  4.67705e-14 +0.00000e+00
  6.44947e-08  2.19559e+03  5.77758e-14 +0.00000e+00
  8.03086e-08  2.21996e+03  7.11862e-14 +0.00000e+00
  1.00000e-07  2.23620e+03  8.80392e-14 +0.00000e+00
  1.24520e-07  2.26668e+03  1.08193e-13 +0.00000e+00
  1.55052e-07  2.29916e+03  1.32850e-13 +0.00000e+00
  1.93070e-07  2.33268e+03  1.63060e-13 +0.00000e+00
  2.40410e-07  2.36636e+03  2.00128e-13 +0.00000e+00
  2.99358e-07  2.39952e+03  2.45675e-13 +0.00000e+00
  3.72759e-07  2.43168e+03  3.01699e-13 +0.00000e+00
  4.64159e-07  2.46252e+03  3.70669e-13 +0.00000e+00
  5.77969e-07  2.49175e+03  4.55658e-13 +0.00000e+00
  7.19686e-07  2.51944e+03  5.60407e-13 +0.00000e+00
  8.96151e-07  2.54548e+03  6.89595e-13 +0.00000e+00
  1.11588e-06  2.57000e+03  8.48934e-13 +0.00000e+00
  1.38950e-06  2.59312e+03  1.04548e-12 +0.00000e+00
  1.73020e-06  2.61487e+03  1.28793e-12 +0.00000e+00
  2.15443e-06  2.63548e+03  1.58691e-12 +0.00000e+00
  2.68270e-06  2.65506e+03  1.95546e-12 +0.00000e+00
  3.34048e-06  2.67373e+03  2.40954e-12 +0.00000e+00
  4.15956e-06  2.69170e+03  2.96847e-12 +0.00000e+00
  5.17947e-06  2.70900e+03  3.65595e-12 +0.00000e+00
  6.44947e-06  2.72570e+03  4.50057e-12 +0.00000e+00
  8.03086e-06  2.74198e+03  5.53673e-12 +0.00000e+00
  1.00000e-05  2.75782e+03  6.80598e-12 +0.00000e+00
  1.24520e-05  2.77330e+03  8.35785e-12 +0.00000e+00
  1.55052e-05  2.78846e+03  1.02514e-11 +0.00000e+00
  1.93070e-05  2.80325e+03  1.25567e-11 +0.00000e+00
  2.40410e-05  2.81770e+03  1.53564e-11 +0.00000e+00
  2.99358e-05  2.83187e+03  1.87464e-11 +0.00000e+00
  3.72759e-05  2.84574e+03  2.28391e-11 +0.00000e+00
  4.64159e-05  2.85922e+03  2.77646e-11 +0.00000e+00
  5.77969e-05  2.87221e+03  3.36746e-11 +0.00000e+00
  7.19686e-05  2.88486e+03  4.07387e-11 +0.00000e+00
  8.96151e-05  2.89718e+03  4.91516e-11 +0.00000e+00
  1.11588e-04  2.90904e+03  5.91382e-11 +0.00000e+00
  1.38950e-04  2.92051e+03  7.09461e-11 +0.00000e+00
  1.73020e-04  2.93166e+03  8.48593e-11 +0.00000e+00
  2.15443e-04  2.94237e+03  1.01197e-10 +0.00000e+00
  2.68270e-04  2.95254e+03  1.20325e-10 +0.00000e+00
  3.34048e-04  2.96244e+03  1.42646e-10 +0.00000e+00
  4.15956e-04  2.97213e+03  1.68596e-10 +0.00000e+00
  5.17947e-04  2.98163e+03  1.98688e-10 +0.00000e+00
  6.44947e-04  2.99110e+03  2.33473e-10 +0.00000e+00
  8.03086e-04  3.00064e+03  2.73550e-10 +0.00000e+00
  1.00000e-03  3.01037e+03  3.19612e-10 +0.00000e+00
  1.24520e-03  3.02033e+03  3.72406e-10 -2.54902e-07
  1.55052e-03  3.03073e+03  4.32719e-10 -3.17403e-07
  1.93070e-03  3.04165e+03  5.01480e-10 -3.95230e-07
  2.40410e-03  3.05325e+03  5.79637e-10 -4.92139e-07
  2.99358e-03  3.06564e+03  6.68210e-10 -6.12810e-07
  3.72759e-03  3.07892e+03  7.68380e-10 -7.63069e-07
  4.64159e-03  3.09331e+03  8.81330e-10 -9.50168e-07
  5.77969e-03  3.10902e+03  1.00822e-09 -1.18315e-06
  7.19686e-03  3.12607e+03  1.15045e-09 -1.47326e-06
  8.96151e-03  3.14459e+03  1.30944e-09 -1.83450e-06
  1.11588e-02  3.16477e+03  1.48647e-09 -2.28431e-06
  1.38950e-02  3.18663e+03  1.68303e-09 -2.84441e-06
  1.73020e-02  3.21025e+03  1.90069e-09 -3.54185e-06
  2.15443e-02  3.23586e+03  2.14070e-09 -4.41031e-06
  2.68270e-02  3.26379e+03  2.40409e-09 -5.49170e-06
  3.34048e-02  3.29459e+03  2.69149e-09 -6.83825e-06
  4.15956e-02  3.32857e+03  3.00322e-09 -8.51496e-06
  5.17947e-02  3.36558e+03  3.33937e-09 -1.06028e-05
  6.44947e-02  3.40211e+03  3.70540e-09 -1.32026e-05
  8.03086e-02  3.43961e+03  4.10243e-09 -1.64398e-05
  1.00000e-01  3.47768e+03  4.53356e-09 -2.04708e-05
  1.24520e-01  3.51701e+03  5.00048e-09 -2.54902e-05
  1.55052e-01  3.55854e+03  5.50398e-09 -3.17403e-05
  1.93070e-01  3.60390e+03  6.04225e-09 -3.95230e-05
  2.40410e-01  3.65589e+03  6.60861e-09 -4.92139e-05
  2.99358e-01  3.72127e+03  7.18207e-09 -6.12810e-05
  3.72759e-01  3.79545e+03  7.76416e-09 -7.63069e-05
  4.64159e-01  3.88295e+03  8.34006e-09 -9.50168e-05
  5.77969e-01  3.98140e+03  8.91304e-09 -1.18315e-04
  7.19686e-01  4.09266e+03  9.48314e-09 -1.47326e-04
  8.96151e-01  4.21824e+03  1.00579e-08 -1.83450e-04
  1.11588e+00  4.36176e+03  1.06465e-08 -2.28431e-04
  1.38950e+00  4.52536e+03  1.12695e-08 -2.84441e-04
  1.73020e+00  4.70998e+03  1.19621e-08 -3.54185e-04
  2.15443e+00  4.91653e+03  1.27655e-08 -4.41031e-04
  2.68270e+00  5.14719e+03  1.36849e-08 -5.49170e-04
  3.34048e+00  5.40488e+03  1.45959e-08 -6.14125e-04
  4.15956e+00  5.69280e+03  1.52561e-08 -6.14114e-04
  5.17947e+00  5.99344e+03  1.55876e-08 -6.11174e-04
  6.44947e+00  6.35522e+03  1.54665e-08 -4.20795e-04
  8.03086e+00  6.79551e+03  1.49011e-08 +5.61496e-03
  1.00000e+01  7.01615e+03  1.47647e-08 +1.75735e-02
  1.24520e+01  7.21727e+03  1.46391e-08 +3.16116e-02
  1.55052e+01  7.39397e+03  1.45470e-08 +4.32350e-02
  1.93070e+01  7.55024e+03  1.44888e-08 +5.18584e-02
  2.40410e+01  7.69121e+03  1.44597e-08 +5.81428e-02
  2.99358e+01  7.82102e+03  1.44555e-08 +6.27740e-02
  3.72759e+01  7.94265e+03  1.44733e-08 +6.62532e-02
  4.64159e+01  8.05825e+03  1.45114e-08 +6.89111e-02
  5.77969e+01  8.16936e+03  1.45687e-08 +7.09756e-02
  7.19686e+01  8.27713e+03  1.46448e-08 +7.26002e-02
  8.96151e+01  8.38240e+03  1.47401e-08 +7.38924e-02
  1.11588e+02  8.48584e+03  1.48547e-08 +7.49301e-02
  1.38950e+02  8.58792e+03  1.49896e-08 +7.57692e-02
  1.73020e+02  8.68906e+03  1.51457e-08 +7.64511e-02
  2.15443e+02  8.78956e+03  1.53242e-08 +7.70092e-02
  2.68270e+02  8.88969e+03  1.55267e-08 +7.74656e-02
  3.34048e+02  8.98965e+03  1.57546e-08 +7.78420e-02
  4.15956e+02  9.08967e+03  1.60103e-08 +7.81511e-02
  5.17947e+02  9.18993e+03  1.62960e-08 +7.84061e-02
  6.44947e+02  9.29057e+03  1.66139e-08 +7.86183e-02
  8.03086e+02  9.39333e+03  1.69611e-08 +7.87656e-02
  1.00000e+03  9.49861e+03  1.73364e-08 +7.89099e-02
