#n1=128 n2=4 Teff=03200 R=1.9662e+12 L=2.8849e+35 logg=+1.50
#      tau          T          rho         Fconv
  0.00000e+00  1.69772e+03  9.02743e-21 +0.00000e+00
  1.00000e-09  1.69772e+03  1.15325e-15 +0.00000e+00
  1.24520e-09  1.70395e+03  1.43253e-15 +0.00000e+00
  1.55052e-09  1.70960e+03  1.78020e-15 +0.00000e+00
  1.93070e-09  1.71659e+03  2.21028e-15 +0.00000e+00
  2.40410e-09  1.72262e+03  2.74621e-15 +0.00000e+00
  2.99358e-09  1.72914e+03  3.41111e-15 +0.00000e+00
  3.72759e-09  1.73552e+03  4.23758e-15 +0.00000e+00
  4.64159e-09  1.74236e+03  5.26293e-15 +0.00000e+00
  5.77969e-09  1.74923e+03  6.53644e-15 +0.00000e+00
  7.19686e-09  1.75653e+03  8.11633e-15 +0.00000e+00
  8.96151e-09  1.76436e+03  1.00743e-14 +0.00000e+00
  1.11588e-08  1.77228e+03  1.25051e-14 +0.00000e+00
  1.38950e-08  1.78060e+03  1.55180e-14 +0.00000e+00
  1.73020e-08  1.78933e+03  1.92529e-14 +0.00000e+00
  2.15443e-08  1.79870e+03  2.38750e-14 +0.00000e+00
  2.68270e-08  1.80974e+03  2.95707e-14 +0.00000e+00
  3.34048e-08  1.82040e+03  3.66389e-14 +0.00000e+00
  4.15956e-08  1.83157e+03  4.53841e-14 +0.00000e+00
  5.17947e-08  1.84380e+03  5.61714e-14 +0.00000e+00
  6.44947e-08  1.85657e+03  6.95032e-14 +0.00000e+00
  8.03086e-08  1.87048e+03  8.59293e-14 +0.00000e+00
  1.00000e-07  1.88510e+03  1.06195e-13 +0.00000e+00
  1.24520e-07  1.90107e+03  1.31124e-13 +0.00000e+00
  1.55052e-07  1.91752e+03  1.61875e-13 +0.00000e+00
  1.93070e-07  1.93538e+03  1.99672e-13 +0.00000e+00
  2.40410e-07  1.95394e+03  2.46216e-13 +0.00000e+00
  2.99358e-07  1.97172e+03  3.03863e-13 +0.00000e+00
  3.72759e-07  1.99186e+03  3.74416e-13 +0.00000e+00
  4.64159e-07  2.01244e+03  4.61337e-13 +0.00000e+00
  5.77969e-07  2.03332e+03  5.68402e-13 +0.00000e+00
  7.19686e-07  2.05345e+03  7.00779e-13 +0.00000e+00
  8.96151e-07  2.07518e+03  8.63114e-13 +0.00000e+00
  1.11588e-06  2.09552e+03  1.06408e-12 +0.00000e+00
  1.38950e-06  2.11479e+03  1.31258e-12 +0.00000e+00
  1.73020e-06  2.13416e+03  1.61889e-12 +0.00000e+00
  2.15443e-06  2.15150e+03  1.99867e-12 +0.00000e+00
  2.68270e-06  2.16821e+03  2.46792e-12 +0.00000e+00
  3.34048e-06  2.18328e+03  3.04923e-12 +0.00000e+00
  4.15956e-06  2.19654e+03  3.77022e-12 +0.00000e+00
  5.17947e-06  2.20889e+03  4.66189e-12 +0.00000e+00
  6.44947e-06  2.21996e+03  5.76611e-12 +0.00000e+00
  8.03086e-06  2.23040e+03  7.13028e-12 +0.00000e+00
  1.00000e-05  2.24039e+03  8.81361e-12 +0.00000e+00
  1.24520e-05  2.24991e+03  1.08896e-11 +0.00000e+00
  1.55052e-05  2.25980e+03  1.34384e-11 +0.00000e+00
  1.93070e-05  2.27031e+03  1.65609e-11 +0.00000e+00
  2.40410e-05  2.28054e+03  2.03871e-11 +0.00000e+00
  2.99358e-05  2.29145e+03  2.50541e-11 +0.00000e+00
  3.72759e-05  2.30280e+03  3.07296e-11 +0.00000e+00
  4.64159e-05  2.31465e+03  3.76162e-11 +0.00000e+00
  5.77969e-05  2.32724e+03  4.59286e-11 +0.00000e+00
  7.19686e-05  2.34026e+03  5.59414e-11 +0.00000e+00
  8.96151e-05  2.35382e+03  6.79546e-11 +0.00000e+00
  1.11588e-04  2.36796e+03  8.22852e-11 +0.00000e+00
  1.38950e-04  2.38252e+03  9.93524e-11 +0.00000e+00
  1.73020e-04  2.39752e+03  1.19547e-10 +0.00000e+00
  2.15443e-04  2.41304e+03  1.43364e-10 +0.00000e+00
  2.68270e-04  2.42894e+03  1.71328e-10 +0.00000e+00
  3.34048e-04  2.44527e+03  2.03971e-10 +0.00000e+00
  4.15956e-04  2.46216e+03  2.41958e-10 +0.00000e+00
  5.17947e-04  2.47945e+03  2.85904e-10 +0.00000e+00
  6.44947e-04  2.49731e+03  3.36557e-10 +0.00000e+00
  8.03086e-04  2.51577e+03  3.94710e-10 +0.00000e+00
  1.00000e-03  2.53490e+03  4.61018e-10 +0.00000e+00
  1.24520e-03  2.55473e+03  5.36521e-10 -2.54870e-07
  1.55052e-03  2.57544e+03  6.22052e-10 -3.17364e-07
  1.93070e-03  2.59710e+03  7.18338e-10 -3.95182e-07
  2.40410e-03  2.61904e+03  8.27170e-10 -4.92079e-07
  2.99358e-03  2.64113e+03  9.49918e-10 -6.12736e-07
  3.72759e-03  2.66354e+03  1.08774e-09 -7.62976e-07
  4.64159e-03  2.68618e+03  1.24276e-09 -9.50055e-07
  5.77969e-03  2.70916e+03  1.41670e-09 -1.18301e-06
  7.19686e-03  2.73263e+03  1.61114e-09 -1.47308e-06
  8.96151e-03  2.75660e+03  1.82864e-09 -1.83426e-06
  1.11588e-02  2.78059e+03  2.07242e-09 -2.28404e-06
  1.38950e-02  2.80489e+03  2.34480e-09 -2.84407e-06
  1.73020e-02  2.82959e+03  2.64885e-09 -3.54142e-06
  2.15443e-02  2.85478e+03  2.98832e-09 -4.40976e-06
  2.68270e-02  2.88060e+03  3.36655e-09 -5.49104e-06
  3.34048e-02  2.90716e+03  3.78700e-09 -6.83742e-06
  4.15956e-02  2.93455e+03  4.25447e-09 -8.51393e-06
  5.17947e-02  2.96284e+03  4.77353e-09 -1.06015e-05
  6.44947e-02  2.99212e+03  5.34884e-09 -1.32010e-05
  8.03086e-02  3.02246e+03  5.98531e-09 -1.64378e-05
  1.00000e-01  3.05338e+03  6.69117e-09 -2.04683e-05
  1.24520e-01  3.08661e+03  7.46636e-09 -2.54870e-05
  1.55052e-01  3.12077e+03  8.32108e-09 -3.17364e-05
  1.93070e-01  3.15683e+03  9.25787e-09 -3.95182e-05
  2.40410e-01  3.19545e+03  1.02791e-08 -4.92079e-05
  2.99358e-01  3.23889e+03  1.13764e-08 -6.12736e-05
  3.72759e-01  3.28622e+03  1.25528e-08 -7.62976e-05
  4.64159e-01  3.33778e+03  1.38032e-08 -9.50055e-05
  5.77969e-01  3.39459e+03  1.51162e-08 -1.18301e-04
  7.19686e-01  3.45842e+03  1.64698e-08 -1.47308e-04
  8.96151e-01  3.53055e+03  1.78373e-08 -1.83426e-04
  1.11588e+00  3.61234e+03  1.91857e-08 -2.28404e-04
  1.38950e+00  3.70587e+03  2.04755e-08 -2.84399e-04
  1.73020e+00  3.81401e+03  2.16634e-08 -3.53906e-04
  2.15443e+00  3.94045e+03  2.27082e-08 -4.38605e-04
  2.68270e+00  4.08929e+03  2.35822e-08 -5.36651e-04
  3.34048e+00  4.25287e+03  2.43707e-08 -5.76064e-04
  4.15956e+00  4.47047e+03  2.48995e-08 -5.61873e-04
  5.17947e+00  4.70627e+03  2.54861e-08 -5.81601e-04
  6.44947e+00  4.96817e+03  2.62212e-08 -6.05232e-04
  8.03086e+00  5.25888e+03  2.71675e-08 -6.11321e-04
  1.00000e+01  5.57872e+03  2.80970e-08 -5.91435e-04
  1.24520e+01  5.92223e+03  2.85635e-08 +2.73721e-04
  1.55052e+01  6.33241e+03  2.80963e-08 +1.07964e-02
  1.93070e+01  6.54800e+03  2.82459e-08 +2.44568e-02
  2.40410e+01  6.74037e+03  2.83916e-08 +3.65576e-02
  2.99358e+01  6.91337e+03  2.85590e-08 +4.57395e-02
  3.72759e+01  7.07182e+03  2.87543e-08 +5.27517e-02
  4.64159e+01  7.21923e+03  2.89807e-08 +5.80739e-02
  5.77969e+01  7.35857e+03  2.92379e-08 +6.22397e-02
  7.19686e+01  7.49083e+03  2.95314e-08 +6.56637e-02
  8.96151e+01  7.61618e+03  2.98695e-08 +6.84608e-02
  1.11588e+02  7.73529e+03  3.02584e-08 +7.06818e-02
  1.38950e+02  7.84923e+03  3.07022e-08 +7.24263e-02
  1.73020e+02  7.95915e+03  3.12038e-08 +7.37892e-02
  2.15443e+02  8.06618e+03  3.17656e-08 +7.48646e-02
  2.68270e+02  8.17111e+03  3.23907e-08 +7.57251e-02
  3.34048e+02  8.27455e+03  3.30826e-08 +7.64184e-02
  4.15956e+02  8.37699e+03  3.38454e-08 +7.69803e-02
  5.17947e+02  8.47887e+03  3.46829e-08 +7.74367e-02
  6.44947e+02  8.58070e+03  3.55985e-08 +7.78070e-02
  8.03086e+02  8.68288e+03  3.65956e-08 +7.81121e-02
  1.00000e+03  8.78557e+03  3.76784e-08 +7.83669e-02
