#n1=128 n2=4 Teff=03100 R=1.2119e+11 L=9.6653e+32 logg=+3.50
#   tau          T          rho         Fconv
 0.00000e+00 1.73611e+03 8.60709e-21 +0.00000e+00
 1.00000e-09 1.73611e+03 1.27350e-13 +0.00000e+00
 1.24520e-09 1.73539e+03 1.60855e-13 +0.00000e+00
 1.55052e-09 1.73399e+03 2.03282e-13 +0.00000e+00
 1.93070e-09 1.73246e+03 2.57391e-13 +0.00000e+00
 2.40410e-09 1.73091e+03 3.25451e-13 +0.00000e+00
 2.99358e-09 1.72943e+03 4.11722e-13 +0.00000e+00
 3.72759e-09 1.72811e+03 5.20038e-13 +0.00000e+00
 4.64159e-09 1.72696e+03 6.56302e-13 +0.00000e+00
 5.77969e-09 1.72595e+03 8.27790e-13 +0.00000e+00
 7.19686e-09 1.72515e+03 1.04196e-12 +0.00000e+00
 8.96151e-09 1.72441e+03 1.31222e-12 +0.00000e+00
 1.11588e-08 1.72390e+03 1.64778e-12 +0.00000e+00
 1.38950e-08 1.72341e+03 2.07130e-12 +0.00000e+00
 1.73020e-08 1.72309e+03 2.59686e-12 +0.00000e+00
 2.15443e-08 1.72282e+03 3.25788e-12 +0.00000e+00
 2.68270e-08 1.72265e+03 4.08051e-12 +0.00000e+00
 3.34048e-08 1.72254e+03 5.11093e-12 +0.00000e+00
 4.15956e-08 1.72249e+03 6.39616e-12 +0.00000e+00
 5.17947e-08 1.72251e+03 8.00094e-12 +0.00000e+00
 6.44947e-08 1.72256e+03 1.00055e-11 +0.00000e+00
 8.03086e-08 1.72268e+03 1.25028e-11 +0.00000e+00
 1.00000e-07 1.72283e+03 1.56248e-11 +0.00000e+00
 1.24520e-07 1.72303e+03 1.95088e-11 +0.00000e+00
 1.55052e-07 1.72326e+03 2.43662e-11 +0.00000e+00
 1.93070e-07 1.72354e+03 3.04033e-11 +0.00000e+00
 2.40410e-07 1.72385e+03 3.79514e-11 +0.00000e+00
 2.99358e-07 1.72420e+03 4.73325e-11 +0.00000e+00
 3.72759e-07 1.72459e+03 5.90496e-11 +0.00000e+00
 4.64159e-07 1.72501e+03 7.36241e-11 +0.00000e+00
 5.77969e-07 1.72548e+03 9.18062e-11 +0.00000e+00
 7.19686e-07 1.72599e+03 1.14435e-10 +0.00000e+00
 8.96151e-07 1.72654e+03 1.42640e-10 +0.00000e+00
 1.11588e-06 1.72714e+03 1.77754e-10 +0.00000e+00
 1.38950e-06 1.72780e+03 2.21492e-10 +0.00000e+00
 1.73020e-06 1.72851e+03 2.75954e-10 +0.00000e+00
 2.15443e-06 1.72929e+03 3.43757e-10 +0.00000e+00
 2.68270e-06 1.73014e+03 4.28186e-10 +0.00000e+00
 3.34048e-06 1.73107e+03 5.33250e-10 +0.00000e+00
 4.15956e-06 1.73209e+03 6.64073e-10 +0.00000e+00
 5.17947e-06 1.73321e+03 8.26819e-10 +0.00000e+00
 6.44947e-06 1.73444e+03 1.02943e-09 +0.00000e+00
 8.03086e-06 1.73580e+03 1.28141e-09 +0.00000e+00
 1.00000e-05 1.73731e+03 1.59503e-09 +0.00000e+00
 1.24520e-05 1.73898e+03 1.98491e-09 +0.00000e+00
 1.55052e-05 1.74084e+03 2.46999e-09 +0.00000e+00
 1.93070e-05 1.74291e+03 3.07288e-09 +0.00000e+00
 2.40410e-05 1.74523e+03 3.82258e-09 +0.00000e+00
 2.99358e-05 1.74781e+03 4.75401e-09 +0.00000e+00
 3.72759e-05 1.75070e+03 5.91153e-09 +0.00000e+00
 4.64159e-05 1.75393e+03 7.34908e-09 +0.00000e+00
 5.77969e-05 1.75754e+03 9.13429e-09 +0.00000e+00
 7.19686e-05 1.76157e+03 1.13501e-08 +0.00000e+00
 8.96151e-05 1.76606e+03 1.40998e-08 +0.00000e+00
 1.11588e-04 1.77104e+03 1.75105e-08 +0.00000e+00
 1.38950e-04 1.77658e+03 2.17393e-08 +0.00000e+00
 1.73020e-04 1.78270e+03 2.69805e-08 +0.00000e+00
 2.15443e-04 1.78944e+03 3.34734e-08 +0.00000e+00
 2.68270e-04 1.79685e+03 4.15141e-08 +0.00000e+00
 3.34048e-04 1.80493e+03 5.14669e-08 +0.00000e+00
 4.15956e-04 1.81366e+03 6.37845e-08 +0.00000e+00
 5.17947e-04 1.82300e+03 7.90240e-08 +0.00000e+00
 6.44947e-04 1.83287e+03 9.78801e-08 +0.00000e+00
 8.03086e-04 1.84305e+03 1.21216e-07 +0.00000e+00
 1.00000e-03 1.85338e+03 1.50112e-07 +0.00000e+00
 1.24520e-03 1.86365e+03 1.85904e-07 -2.54543e-07
 1.55052e-03 1.87361e+03 2.30284e-07 -3.16957e-07
 1.93070e-03 1.88304e+03 2.85341e-07 -3.94673e-07
 2.40410e-03 1.89187e+03 3.53696e-07 -4.91446e-07
 2.99358e-03 1.90007e+03 4.38573e-07 -6.11948e-07
 3.72759e-03 1.90778e+03 5.43981e-07 -7.61995e-07
 4.64159e-03 1.91528e+03 6.74794e-07 -9.48834e-07
 5.77969e-03 1.92308e+03 8.36950e-07 -1.18148e-06
 7.19686e-03 1.93190e+03 1.03752e-06 -1.47118e-06
 8.96151e-03 1.94265e+03 1.28486e-06 -1.83191e-06
 1.11588e-02 1.95664e+03 1.58853e-06 -2.28110e-06
 1.38950e-02 1.97555e+03 1.95905e-06 -2.84040e-06
 1.73020e-02 2.00175e+03 2.40720e-06 -3.53686e-06
 2.15443e-02 2.03802e+03 2.94329e-06 -4.40410e-06
 2.68270e-02 2.08761e+03 3.57602e-06 -5.48396e-06
 3.34048e-02 2.15443e+03 4.31025e-06 -6.82862e-06
 4.15956e-02 2.24188e+03 5.14755e-06 -8.50298e-06
 5.17947e-02 2.35045e+03 6.09010e-06 +6.41068e-02
 6.44947e-02 2.44235e+03 7.26175e-06 +3.02391e-02
 8.03086e-02 2.53100e+03 8.66285e-06 +2.99479e-02
 1.00000e-01 2.61667e+03 1.03316e-05 +2.43999e-02
 1.24520e-01 2.69946e+03 1.23024e-05 +1.27270e-02
 1.55052e-01 2.77953e+03 1.46189e-05 +8.19696e-03
 1.93070e-01 2.85697e+03 1.73101e-05 +5.19482e-03
 2.40410e-01 2.93184e+03 2.04042e-05 +4.11215e-03
 2.99358e-01 3.00382e+03 2.39057e-05 +4.37746e-03
 3.72759e-01 3.07251e+03 2.77863e-05 +5.97242e-03
 4.64159e-01 3.13784e+03 3.20059e-05 +8.03585e-03
 5.77969e-01 3.19896e+03 3.64786e-05 +1.14467e-02
 7.19686e-01 3.25571e+03 4.11412e-05 +1.57710e-02
 8.96151e-01 3.30824e+03 4.59432e-05 +2.10234e-02
 1.11588e+00 3.35686e+03 5.08245e-05 +2.71786e-02
 1.38950e+00 3.40200e+03 5.57412e-05 +3.42401e-02
 1.73020e+00 3.44415e+03 6.07118e-05 +4.22781e-02
 2.15443e+00 3.48379e+03 6.57445e-05 +5.14777e-02
 2.68270e+00 3.52135e+03 7.08516e-05 +6.21751e-02
 3.34048e+00 3.55722e+03 7.60046e-05 +6.95790e-02
 4.15956e+00 3.59164e+03 8.12466e-05 +7.16140e-02
 5.17947e+00 3.62491e+03 8.66141e-05 +7.32010e-02
 6.44947e+00 3.65726e+03 9.21315e-05 +7.44470e-02
 8.03086e+00 3.68888e+03 9.78228e-05 +7.54319e-02
 1.00000e+01 3.71993e+03 1.03713e-04 +7.62152e-02
 1.24520e+01 3.75054e+03 1.09775e-04 +7.68419e-02
 1.55052e+01 3.78083e+03 1.16036e-04 +7.73447e-02
 1.93070e+01 3.81089e+03 1.22551e-04 +7.77497e-02
 2.40410e+01 3.84081e+03 1.29345e-04 +7.80776e-02
 2.99358e+01 3.87067e+03 1.36442e-04 +7.83437e-02
 3.72759e+01 3.90051e+03 1.43867e-04 +7.85605e-02
 4.64159e+01 3.93041e+03 1.51650e-04 +7.87377e-02
 5.77969e+01 3.96039e+03 1.59761e-04 +7.88826e-02
 7.19686e+01 3.99050e+03 1.68196e-04 +7.90014e-02
 8.96151e+01 4.02078e+03 1.77051e-04 +7.90992e-02
 1.11588e+02 4.05126e+03 1.86356e-04 +7.91795e-02
 1.38950e+02 4.08197e+03 1.96141e-04 +7.92456e-02
 1.73020e+02 4.11293e+03 2.06445e-04 +7.93002e-02
 2.15443e+02 4.14419e+03 2.17297e-04 +7.93453e-02
 2.68270e+02 4.17575e+03 2.28739e-04 +7.93825e-02
 3.34048e+02 4.20764e+03 2.40611e-04 +7.94133e-02
 4.15956e+02 4.23990e+03 2.53100e-04 +7.94387e-02
 5.17947e+02 4.27255e+03 2.66265e-04 +7.94599e-02
 6.44947e+02 4.30561e+03 2.80149e-04 +7.94774e-02
 8.03086e+02 4.33910e+03 2.94791e-04 +7.94919e-02
 1.00000e+03 4.37303e+03 3.10245e-04 +7.95040e-02
