#n1=128 n2=4 Teff=03000 R=2.3793e+13 L=3.2700e+37 logg=-0.50
#   tau          T          rho         Fconv
 0.00000e+00 1.22901e+03 1.22487e-20 +0.00000e+00
 1.00000e-09 1.22901e+03 1.53172e-17 +0.00000e+00
 1.24520e-09 1.24172e+03 1.85272e-17 +0.00000e+00
 1.55052e-09 1.24339e+03 2.32343e-17 +0.00000e+00
 1.93070e-09 1.24502e+03 2.91763e-17 +0.00000e+00
 2.40410e-09 1.24850e+03 3.63910e-17 +0.00000e+00
 2.99358e-09 1.25009e+03 4.56851e-17 +0.00000e+00
 3.72759e-09 1.25166e+03 5.72963e-17 +0.00000e+00
 4.64159e-09 1.25202e+03 7.20825e-17 +0.00000e+00
 5.77969e-09 1.25357e+03 9.03241e-17 +0.00000e+00
 7.19686e-09 1.25531e+03 1.13112e-16 +0.00000e+00
 8.96151e-09 1.25641e+03 1.41812e-16 +0.00000e+00
 1.11588e-08 1.25812e+03 1.77499e-16 +0.00000e+00
 1.38950e-08 1.25985e+03 2.22127e-16 +0.00000e+00
 1.73020e-08 1.26162e+03 2.77841e-16 +0.00000e+00
 2.15443e-08 1.26339e+03 3.47580e-16 +0.00000e+00
 2.68270e-08 1.26519e+03 4.34578e-16 +0.00000e+00
 3.34048e-08 1.26698e+03 5.43440e-16 +0.00000e+00
 4.15956e-08 1.26880e+03 6.79195e-16 +0.00000e+00
 5.17947e-08 1.27112e+03 8.48476e-16 +0.00000e+00
 6.44947e-08 1.27296e+03 1.06010e-15 +0.00000e+00
 8.03086e-08 1.27479e+03 1.32503e-15 +0.00000e+00
 1.00000e-07 1.27664e+03 1.65509e-15 +0.00000e+00
 1.24520e-07 1.27900e+03 2.06655e-15 +0.00000e+00
 1.55052e-07 1.28178e+03 2.57785e-15 +0.00000e+00
 1.93070e-07 1.28364e+03 3.22041e-15 +0.00000e+00
 2.40410e-07 1.28552e+03 4.02138e-15 +0.00000e+00
 2.99358e-07 1.28740e+03 5.02243e-15 +0.00000e+00
 3.72759e-07 1.28929e+03 6.27056e-15 +0.00000e+00
 4.64159e-07 1.29121e+03 7.82936e-15 +0.00000e+00
 5.77969e-07 1.29313e+03 9.77364e-15 +0.00000e+00
 7.19686e-07 1.29507e+03 1.22009e-14 +0.00000e+00
 8.96151e-07 1.29703e+03 1.52282e-14 +0.00000e+00
 1.11588e-06 1.29900e+03 1.90067e-14 +0.00000e+00
 1.38950e-06 1.30100e+03 2.37200e-14 +0.00000e+00
 1.73020e-06 1.30302e+03 2.96002e-14 +0.00000e+00
 2.15443e-06 1.30507e+03 3.69359e-14 +0.00000e+00
 2.68270e-06 1.30714e+03 4.60858e-14 +0.00000e+00
 3.34048e-06 1.30925e+03 5.74994e-14 +0.00000e+00
 4.15956e-06 1.31140e+03 7.17337e-14 +0.00000e+00
 5.17947e-06 1.31358e+03 8.94885e-14 +0.00000e+00
 6.44947e-06 1.31581e+03 1.11625e-13 +0.00000e+00
 8.03086e-06 1.31808e+03 1.39238e-13 +0.00000e+00
 1.00000e-05 1.32042e+03 1.73656e-13 +0.00000e+00
 1.24520e-05 1.32281e+03 2.16581e-13 +0.00000e+00
 1.55052e-05 1.32527e+03 2.70081e-13 +0.00000e+00
 1.93070e-05 1.32782e+03 3.36789e-13 +0.00000e+00
 2.40410e-05 1.33044e+03 4.19917e-13 +0.00000e+00
 2.99358e-05 1.33316e+03 5.23544e-13 +0.00000e+00
 3.72759e-05 1.33599e+03 6.52649e-13 +0.00000e+00
 4.64159e-05 1.33893e+03 8.13555e-13 +0.00000e+00
 5.77969e-05 1.34199e+03 1.01398e-12 +0.00000e+00
 7.19686e-05 1.34519e+03 1.26369e-12 +0.00000e+00
 8.96151e-05 1.34853e+03 1.57467e-12 +0.00000e+00
 1.11588e-04 1.35203e+03 1.96201e-12 +0.00000e+00
 1.38950e-04 1.35568e+03 2.44426e-12 +0.00000e+00
 1.73020e-04 1.35951e+03 3.04474e-12 +0.00000e+00
 2.15443e-04 1.36351e+03 3.79218e-12 +0.00000e+00
 2.68270e-04 1.36769e+03 4.72260e-12 +0.00000e+00
 3.34048e-04 1.37206e+03 5.88040e-12 +0.00000e+00
 4.15956e-04 1.37662e+03 7.32114e-12 +0.00000e+00
 5.17947e-04 1.38140e+03 9.11351e-12 +0.00000e+00
 6.44947e-04 1.38640e+03 1.13430e-11 +0.00000e+00
 8.03086e-04 1.39166e+03 1.41154e-11 +0.00000e+00
 1.00000e-03 1.39719e+03 1.75623e-11 +0.00000e+00
 1.24520e-03 1.40304e+03 2.18463e-11 -2.54349e-07
 1.55052e-03 1.40923e+03 2.71689e-11 -3.16717e-07
 1.93070e-03 1.41579e+03 3.37806e-11 -3.94374e-07
 2.40410e-03 1.42282e+03 4.19878e-11 -4.91073e-07
 2.99358e-03 1.43033e+03 5.21732e-11 -6.11483e-07
 3.72759e-03 1.43809e+03 6.48200e-11 -7.61417e-07
 4.64159e-03 1.44669e+03 8.04879e-11 -9.48114e-07
 5.77969e-03 1.45591e+03 9.99031e-11 -1.18059e-06
 7.19686e-03 1.46577e+03 1.23955e-10 -1.47007e-06
 8.96151e-03 1.47629e+03 1.53731e-10 -1.83052e-06
 1.11588e-02 1.48751e+03 1.90587e-10 -2.27937e-06
 1.38950e-02 1.49942e+03 2.36177e-10 -2.83825e-06
 1.73020e-02 1.51168e+03 2.92635e-10 -3.53418e-06
 2.15443e-02 1.52512e+03 3.62320e-10 -4.40075e-06
 2.68270e-02 1.53943e+03 4.48393e-10 -5.47980e-06
 3.34048e-02 1.55469e+03 5.54603e-10 -6.82343e-06
 4.15956e-02 1.57102e+03 6.85591e-10 -8.49653e-06
 5.17947e-02 1.58856e+03 8.46919e-10 -1.05799e-05
 6.44947e-02 1.60751e+03 1.04544e-09 -1.31740e-05
 8.03086e-02 1.62805e+03 1.28932e-09 -1.64042e-05
 1.00000e-01 1.65048e+03 1.58850e-09 -2.04265e-05
 1.24520e-01 1.67502e+03 1.95477e-09 -2.54349e-05
 1.55052e-01 1.70136e+03 2.40337e-09 -3.16717e-05
 1.93070e-01 1.73128e+03 2.94882e-09 -3.94374e-05
 2.40410e-01 1.76466e+03 3.61122e-09 -4.91073e-05
 2.99358e-01 1.80222e+03 4.41187e-09 -6.11483e-05
 3.72759e-01 1.84532e+03 5.37281e-09 -7.61095e-05
 4.64159e-01 1.89623e+03 6.51151e-09 -9.42569e-05
 5.77969e-01 1.95482e+03 7.85234e-09 -1.18022e-04
 7.19686e-01 2.02357e+03 9.40061e-09 -1.45954e-04
 8.96151e-01 2.10497e+03 1.11375e-08 -1.54835e-04
 1.11588e+00 2.20929e+03 1.29126e-08 +6.60469e-04
 1.38950e+00 2.43236e+03 1.31176e-08 +1.18101e-02
 1.73020e+00 2.63319e+03 1.33132e-08 +1.89842e-02
 2.15443e+00 2.84128e+03 1.38749e-08 +1.49420e-02
 2.68270e+00 3.08672e+03 1.51690e-08 +1.38123e-03
 3.34048e+00 3.12112e+03 1.93684e-08 +1.04778e-02
 4.15956e+00 2.76743e+03 3.43210e-08 +6.38990e-02
 5.17947e+00 2.89470e+03 3.83953e-08 +6.50200e-02
 6.44947e+00 3.02831e+03 4.34249e-08 +6.49258e-02
 8.03086e+00 3.18080e+03 4.94217e-08 +6.33320e-02
 1.00000e+01 3.37383e+03 5.60455e-08 +5.88248e-02
 1.24520e+01 3.63303e+03 6.22658e-08 +5.21439e-02
 1.55052e+01 3.92391e+03 6.56504e-08 +5.56425e-02
 1.93070e+01 4.13670e+03 6.72289e-08 +6.37489e-02
 2.40410e+01 4.29276e+03 6.81562e-08 +6.85868e-02
 2.99358e+01 4.41827e+03 6.88265e-08 +7.15167e-02
 3.72759e+01 4.52624e+03 6.93777e-08 +7.34151e-02
 4.64159e+01 4.62328e+03 6.98701e-08 +7.47417e-02
 5.77969e+01 4.71324e+03 7.03340e-08 +7.56952e-02
 7.19686e+01 4.79879e+03 7.07813e-08 +7.64021e-02
 8.96151e+01 4.88161e+03 7.12200e-08 +7.69485e-02
 1.11588e+02 4.96276e+03 7.16568e-08 +7.73797e-02
 1.38950e+02 5.04306e+03 7.20963e-08 +7.77256e-02
 1.73020e+02 5.12309e+03 7.25420e-08 +7.80074e-02
 2.15443e+02 5.20329e+03 7.29973e-08 +7.82393e-02
 2.68270e+02 5.28399e+03 7.34652e-08 +7.84316e-02
 3.34048e+02 5.36550e+03 7.39481e-08 +7.85919e-02
 4.15956e+02 5.44804e+03 7.44484e-08 +7.87266e-02
 5.17947e+02 5.53181e+03 7.49685e-08 +7.88402e-02
 6.44947e+02 5.61696e+03 7.55107e-08 +7.89363e-02
 8.03086e+02 5.70362e+03 7.60777e-08 +7.90179e-02
 1.00000e+03 5.79193e+03 7.66716e-08 +7.90873e-02
