#n1=128 n2=4 Teff=03700 R=2.9431e+13 L=1.1545e+38 logg=-0.50
#   tau          T          rho         Fconv
 0.00000e+00 1.47280e+03 1.01460e-20 +0.00000e+00
 1.00000e-09 1.47280e+03 6.89017e-18 +0.00000e+00
 1.24520e-09 1.47895e+03 8.59833e-18 +0.00000e+00
 1.55052e-09 1.48509e+03 1.07312e-17 +0.00000e+00
 1.93070e-09 1.49112e+03 1.33956e-17 +0.00000e+00
 2.40410e-09 1.49738e+03 1.67198e-17 +0.00000e+00
 2.99358e-09 1.50352e+03 2.08729e-17 +0.00000e+00
 3.72759e-09 1.50989e+03 2.60543e-17 +0.00000e+00
 4.64159e-09 1.51613e+03 3.25279e-17 +0.00000e+00
 5.77969e-09 1.52264e+03 4.06033e-17 +0.00000e+00
 7.19686e-09 1.52897e+03 5.06942e-17 +0.00000e+00
 8.96151e-09 1.53561e+03 6.32807e-17 +0.00000e+00
 1.11588e-08 1.54204e+03 7.90108e-17 +0.00000e+00
 1.38950e-08 1.54881e+03 9.86280e-17 +0.00000e+00
 1.73020e-08 1.55532e+03 1.23151e-16 +0.00000e+00
 2.15443e-08 1.56220e+03 1.53733e-16 +0.00000e+00
 2.68270e-08 1.56879e+03 1.91967e-16 +0.00000e+00
 3.34048e-08 1.57578e+03 2.39643e-16 +0.00000e+00
 4.15956e-08 1.58249e+03 2.99250e-16 +0.00000e+00
 5.17947e-08 1.58959e+03 3.73584e-16 +0.00000e+00
 6.44947e-08 1.59643e+03 4.66516e-16 +0.00000e+00
 8.03086e-08 1.60363e+03 5.82425e-16 +0.00000e+00
 1.00000e-07 1.61060e+03 7.27327e-16 +0.00000e+00
 1.24520e-07 1.61792e+03 9.08083e-16 +0.00000e+00
 1.55052e-07 1.62502e+03 1.13404e-15 +0.00000e+00
 1.93070e-07 1.63244e+03 1.41596e-15 +0.00000e+00
 2.40410e-07 1.63968e+03 1.76835e-15 +0.00000e+00
 2.99358e-07 1.64722e+03 2.20812e-15 +0.00000e+00
 3.72759e-07 1.65458e+03 2.75777e-15 +0.00000e+00
 4.64159e-07 1.66224e+03 3.44388e-15 +0.00000e+00
 5.77969e-07 1.66975e+03 4.30134e-15 +0.00000e+00
 7.19686e-07 1.67752e+03 5.37198e-15 +0.00000e+00
 8.96151e-07 1.68518e+03 6.70987e-15 +0.00000e+00
 1.11588e-06 1.69307e+03 8.38088e-15 +0.00000e+00
 1.38950e-06 1.70089e+03 1.04687e-14 +0.00000e+00
 1.73020e-06 1.70890e+03 1.30772e-14 +0.00000e+00
 2.15443e-06 1.71690e+03 1.63358e-14 +0.00000e+00
 2.68270e-06 1.72503e+03 2.04087e-14 +0.00000e+00
 3.34048e-06 1.73322e+03 2.54949e-14 +0.00000e+00
 4.15956e-06 1.74149e+03 3.18551e-14 +0.00000e+00
 5.17947e-06 1.74988e+03 3.97950e-14 +0.00000e+00
 6.44947e-06 1.75830e+03 4.97281e-14 +0.00000e+00
 8.03086e-06 1.76694e+03 6.21224e-14 +0.00000e+00
 1.00000e-05 1.77551e+03 7.76356e-14 +0.00000e+00
 1.24520e-05 1.78444e+03 9.69802e-14 +0.00000e+00
 1.55052e-05 1.79321e+03 1.21204e-13 +0.00000e+00
 1.93070e-05 1.80248e+03 1.51388e-13 +0.00000e+00
 2.40410e-05 1.81144e+03 1.89208e-13 +0.00000e+00
 2.99358e-05 1.82106e+03 2.36300e-13 +0.00000e+00
 3.72759e-05 1.83030e+03 2.95300e-13 +0.00000e+00
 4.64159e-05 1.84040e+03 3.68697e-13 +0.00000e+00
 5.77969e-05 1.85000e+03 4.60646e-13 +0.00000e+00
 7.19686e-05 1.86069e+03 5.74907e-13 +0.00000e+00
 8.96151e-05 1.87072e+03 7.18049e-13 +0.00000e+00
 1.11588e-04 1.88195e+03 8.95863e-13 +0.00000e+00
 1.38950e-04 1.89256e+03 1.11822e-12 +0.00000e+00
 1.73020e-04 1.90449e+03 1.39433e-12 +0.00000e+00
 2.15443e-04 1.91588e+03 1.73910e-12 +0.00000e+00
 2.68270e-04 1.92853e+03 2.16713e-12 +0.00000e+00
 3.34048e-04 1.94096e+03 2.70012e-12 +0.00000e+00
 4.15956e-04 1.95455e+03 3.36165e-12 +0.00000e+00
 5.17947e-04 1.96821e+03 4.18305e-12 +0.00000e+00
 6.44947e-04 1.98310e+03 5.20101e-12 +0.00000e+00
 8.03086e-04 1.99830e+03 6.46135e-12 +0.00000e+00
 1.00000e-03 2.01498e+03 8.01900e-12 +0.00000e+00
 1.24520e-03 2.03251e+03 9.93755e-12 -2.55047e-07
 1.55052e-03 2.05163e+03 1.23023e-11 -3.17585e-07
 1.93070e-03 2.07249e+03 1.51929e-11 -3.95456e-07
 2.40410e-03 2.09574e+03 1.87285e-11 -4.92420e-07
 2.99358e-03 2.12079e+03 2.30490e-11 +1.24292e-05
 3.72759e-03 2.14936e+03 2.82903e-11 +5.60295e-05
 4.64159e-03 2.17945e+03 3.47163e-11 +4.07553e-05
 5.77969e-03 2.21162e+03 4.26066e-11 +6.42463e-06
 7.19686e-03 2.24239e+03 5.24733e-11 -1.47410e-06
 8.96151e-03 2.27230e+03 6.48029e-11 -1.83554e-06
 1.11588e-02 2.30432e+03 7.99155e-11 -2.28561e-06
 1.38950e-02 2.33656e+03 9.86828e-11 -2.84604e-06
 1.73020e-02 2.36810e+03 1.22027e-10 -3.54387e-06
 2.15443e-02 2.39912e+03 1.51108e-10 -4.41282e-06
 2.68270e-02 2.43017e+03 1.87164e-10 -5.49484e-06
 3.34048e-02 2.45993e+03 2.32218e-10 -6.84215e-06
 4.15956e-02 2.48942e+03 2.88172e-10 -8.51982e-06
 5.17947e-02 2.51915e+03 3.57671e-10 -1.06089e-05
 6.44947e-02 2.54915e+03 4.43817e-10 -1.32101e-05
 8.03086e-02 2.57984e+03 5.50624e-10 -1.64493e-05
 1.00000e-01 2.61172e+03 6.82542e-10 -2.04825e-05
 1.24520e-01 2.64291e+03 8.46814e-10 -2.55047e-05
 1.55052e-01 2.67499e+03 1.04989e-09 -3.17585e-05
 1.93070e-01 2.70901e+03 1.30036e-09 -3.95456e-05
 2.40410e-01 2.74530e+03 1.60822e-09 -4.92420e-05
 2.99358e-01 2.78469e+03 1.98583e-09 -6.13160e-05
 3.72759e-01 2.82716e+03 2.44788e-09 -7.63504e-05
 4.64159e-01 2.87379e+03 3.01154e-09 -9.50709e-05
 5.77969e-01 2.92473e+03 3.69701e-09 -1.18383e-04
 7.19686e-01 2.98081e+03 4.52838e-09 -1.47410e-04
 8.96151e-01 3.05243e+03 5.50724e-09 -1.83553e-04
 1.11588e+00 3.14444e+03 6.64671e-09 -2.28557e-04
 1.38950e+00 3.24776e+03 7.99992e-09 -2.84595e-04
 1.73020e+00 3.35594e+03 9.62183e-09 -3.54362e-04
 2.15443e+00 3.47224e+03 1.15287e-08 -4.41146e-04
 2.68270e+00 3.64356e+03 1.34799e-08 -5.48946e-04
 3.34048e+00 3.84916e+03 1.52466e-08 -6.09824e-04
 4.15956e+00 4.15131e+03 1.59693e-08 -3.88833e-04
 5.17947e+00 4.59170e+03 1.51706e-08 +1.70633e-02
 6.44947e+00 4.85132e+03 1.46817e-08 +4.07184e-02
 8.03086e+00 5.03454e+03 1.43634e-08 +5.29680e-02
 1.00000e+01 5.18236e+03 1.41266e-08 +5.98811e-02
 1.24520e+01 5.31157e+03 1.39339e-08 +6.42969e-02
 1.55052e+01 5.43007e+03 1.37682e-08 +6.73679e-02
 1.93070e+01 5.54213e+03 1.36208e-08 +6.96314e-02
 2.40410e+01 5.65028e+03 1.34866e-08 +7.13689e-02
 2.99358e+01 5.75612e+03 1.33625e-08 +7.27427e-02
 3.72759e+01 5.86072e+03 1.32468e-08 +7.38533e-02
 4.64159e+01 5.96479e+03 1.31382e-08 +7.47660e-02
 5.77969e+01 6.06879e+03 1.30362e-08 +7.55258e-02
 7.19686e+01 6.17302e+03 1.29403e-08 +7.61642e-02
 8.96151e+01 6.27764e+03 1.28506e-08 +7.67045e-02
 1.11588e+02 6.38272e+03 1.27671e-08 +7.71636e-02
 1.38950e+02 6.48825e+03 1.26900e-08 +7.75554e-02
 1.73020e+02 6.59414e+03 1.26197e-08 +7.78897e-02
 2.15443e+02 6.70030e+03 1.25566e-08 +7.81755e-02
 2.68270e+02 6.80659e+03 1.25009e-08 +7.84192e-02
 3.34048e+02 6.91286e+03 1.24533e-08 +7.86269e-02
 4.15956e+02 7.01898e+03 1.24141e-08 +7.88035e-02
 5.17947e+02 7.12479e+03 1.23838e-08 +7.89530e-02
 6.44947e+02 7.23020e+03 1.23627e-08 +7.90794e-02
 8.03086e+02 7.33509e+03 1.23513e-08 +7.91860e-02
 1.00000e+03 7.43941e+03 1.23501e-08 +7.92755e-02
