#n1=128 n2=4 Teff=03900 R=1.1000e+12 L=1.9908e+35 logg=+2.00
#   tau          T          rho         Fconv
 0.00000e+00 2.93635e+03 5.08478e-21 +0.00000e+00
 1.00000e-09 2.93635e+03 2.01648e-15 +0.00000e+00
 1.24520e-09 2.93661e+03 2.51375e-15 +0.00000e+00
 1.55052e-09 2.93688e+03 3.13349e-15 +0.00000e+00
 1.93070e-09 2.93715e+03 3.90588e-15 +0.00000e+00
 2.40410e-09 2.93741e+03 4.86850e-15 +0.00000e+00
 2.99358e-09 2.93765e+03 6.06819e-15 +0.00000e+00
 3.72759e-09 2.93788e+03 7.56335e-15 +0.00000e+00
 4.64159e-09 2.93810e+03 9.42672e-15 +0.00000e+00
 5.77969e-09 2.93829e+03 1.17490e-14 +0.00000e+00
 7.19686e-09 2.93847e+03 1.46432e-14 +0.00000e+00
 8.96151e-09 2.93861e+03 1.82501e-14 +0.00000e+00
 1.11588e-08 2.93873e+03 2.27454e-14 +0.00000e+00
 1.38950e-08 2.93882e+03 2.83479e-14 +0.00000e+00
 1.73020e-08 2.93886e+03 3.53304e-14 +0.00000e+00
 2.15443e-08 2.93886e+03 4.40331e-14 +0.00000e+00
 2.68270e-08 2.93881e+03 5.48798e-14 +0.00000e+00
 3.34048e-08 2.93869e+03 6.83994e-14 +0.00000e+00
 4.15956e-08 2.93850e+03 8.52509e-14 +0.00000e+00
 5.17947e-08 2.93821e+03 1.06257e-13 +0.00000e+00
 6.44947e-08 2.93783e+03 1.32442e-13 +0.00000e+00
 8.03086e-08 2.93731e+03 1.65087e-13 +0.00000e+00
 1.00000e-07 2.93665e+03 2.05787e-13 +0.00000e+00
 1.24520e-07 2.93580e+03 2.56536e-13 +0.00000e+00
 1.55052e-07 2.93474e+03 3.19822e-13 +0.00000e+00
 1.93070e-07 2.93341e+03 3.98756e-13 +0.00000e+00
 2.40410e-07 2.93175e+03 4.97225e-13 +0.00000e+00
 2.99358e-07 2.92968e+03 6.20095e-13 +0.00000e+00
 3.72759e-07 2.92712e+03 7.73457e-13 +0.00000e+00
 4.64159e-07 2.92392e+03 9.64956e-13 +0.00000e+00
 5.77969e-07 2.91994e+03 1.20419e-12 +0.00000e+00
 7.19686e-07 2.91497e+03 1.50324e-12 +0.00000e+00
 8.96151e-07 2.90877e+03 1.87736e-12 +0.00000e+00
 1.11588e-06 2.90111e+03 2.34576e-12 +0.00000e+00
 1.38950e-06 2.89175e+03 2.93278e-12 +0.00000e+00
 1.73020e-06 2.88067e+03 3.66893e-12 +0.00000e+00
 2.15443e-06 2.86813e+03 4.59224e-12 +0.00000e+00
 2.68270e-06 2.85499e+03 5.74925e-12 +0.00000e+00
 3.34048e-06 2.84329e+03 7.19426e-12 +0.00000e+00
 4.15956e-06 2.83446e+03 8.99352e-12 +0.00000e+00
 5.17947e-06 2.83049e+03 1.12235e-11 +0.00000e+00
 6.44947e-06 2.83019e+03 1.39882e-11 +0.00000e+00
 8.03086e-06 2.83352e+03 1.74116e-11 +0.00000e+00
 1.00000e-05 2.83858e+03 2.16596e-11 +0.00000e+00
 1.24520e-05 2.84577e+03 2.69239e-11 +0.00000e+00
 1.55052e-05 2.85396e+03 3.34561e-11 +0.00000e+00
 1.93070e-05 2.86387e+03 4.15483e-11 +0.00000e+00
 2.40410e-05 2.87467e+03 5.15822e-11 +0.00000e+00
 2.99358e-05 2.88705e+03 6.40053e-11 +0.00000e+00
 3.72759e-05 2.90038e+03 7.93951e-11 +0.00000e+00
 4.64159e-05 2.91515e+03 9.84378e-11 +0.00000e+00
 5.77969e-05 2.93100e+03 1.22005e-10 +0.00000e+00
 7.19686e-05 2.94829e+03 1.51143e-10 +0.00000e+00
 8.96151e-05 2.96679e+03 1.87167e-10 +0.00000e+00
 1.11588e-04 2.98665e+03 2.31673e-10 +0.00000e+00
 1.38950e-04 3.00773e+03 2.86652e-10 +0.00000e+00
 1.73020e-04 3.02998e+03 3.54544e-10 +0.00000e+00
 2.15443e-04 3.05323e+03 4.38379e-10 +0.00000e+00
 2.68270e-04 3.07726e+03 5.41897e-10 +0.00000e+00
 3.34048e-04 3.10185e+03 6.69740e-10 +0.00000e+00
 4.15956e-04 3.12659e+03 8.27683e-10 +0.00000e+00
 5.17947e-04 3.15119e+03 1.02288e-09 +0.00000e+00
 6.44947e-04 3.17502e+03 1.26434e-09 +0.00000e+00
 8.03086e-04 3.19780e+03 1.56316e-09 +0.00000e+00
 1.00000e-03 3.21901e+03 1.93330e-09 +0.00000e+00
 1.24520e-03 3.23882e+03 2.39172e-09 -2.55042e-07
 1.55052e-03 3.25707e+03 2.95958e-09 -3.17578e-07
 1.93070e-03 3.27427e+03 3.66242e-09 -3.95447e-07
 2.40410e-03 3.29023e+03 4.53234e-09 -4.92410e-07
 2.99358e-03 3.30525e+03 5.60819e-09 -6.13147e-07
 3.72759e-03 3.31896e+03 6.93902e-09 -7.63489e-07
 4.64159e-03 3.33147e+03 8.58415e-09 -9.50690e-07
 5.77969e-03 3.34253e+03 1.06182e-08 -1.18380e-06
 7.19686e-03 3.35223e+03 1.31310e-08 -1.47407e-06
 8.96151e-03 3.36057e+03 1.62350e-08 -1.83551e-06
 1.11588e-02 3.36775e+03 2.00647e-08 -2.28556e-06
 1.38950e-02 3.37412e+03 2.47862e-08 -2.84598e-06
 1.73020e-02 3.38005e+03 3.05949e-08 -3.54380e-06
 2.15443e-02 3.38604e+03 3.77278e-08 -4.41273e-06
 2.68270e-02 3.39265e+03 4.64595e-08 -5.49472e-06
 3.34048e-02 3.40034e+03 5.71047e-08 -6.84201e-06
 4.15956e-02 3.40945e+03 7.00437e-08 -8.51964e-06
 5.17947e-02 3.42038e+03 8.56634e-08 -1.06087e-05
 6.44947e-02 3.43319e+03 1.04460e-07 -1.32099e-05
 8.03086e-02 3.44844e+03 1.26876e-07 -1.64489e-05
 1.00000e-01 3.46637e+03 1.53412e-07 -2.04821e-05
 1.24520e-01 3.48751e+03 1.84541e-07 -2.55042e-05
 1.55052e-01 3.51309e+03 2.20329e-07 -3.17578e-05
 1.93070e-01 3.54353e+03 2.60986e-07 -3.95447e-05
 2.40410e-01 3.58029e+03 3.05879e-07 -4.92410e-05
 2.99358e-01 3.62394e+03 3.53918e-07 -6.13147e-05
 3.72759e-01 3.67425e+03 4.03774e-07 -7.63489e-05
 4.64159e-01 3.73237e+03 4.52917e-07 +1.63397e-03
 5.77969e-01 3.79739e+03 4.98863e-07 +7.60212e-03
 7.19686e-01 3.86129e+03 5.42214e-07 +1.25225e-02
 8.96151e-01 3.92304e+03 5.83058e-07 +1.74771e-02
 1.11588e+00 3.98308e+03 6.21473e-07 +2.33330e-02
 1.38950e+00 4.04170e+03 6.57624e-07 +3.00535e-02
 1.73020e+00 4.09934e+03 6.91895e-07 +3.78685e-02
 2.15443e+00 4.15667e+03 7.24456e-07 +4.77205e-02
 2.68270e+00 4.21445e+03 7.55358e-07 +5.98117e-02
 3.34048e+00 4.27325e+03 7.84602e-07 +6.80844e-02
 4.15956e+00 4.33237e+03 8.12543e-07 +6.99235e-02
 5.17947e+00 4.39204e+03 8.39350e-07 +7.14260e-02
 6.44947e+00 4.45248e+03 8.65149e-07 +7.26875e-02
 8.03086e+00 4.51372e+03 8.90089e-07 +7.37612e-02
 1.00000e+01 4.57574e+03 9.14341e-07 +7.46682e-02
 1.24520e+01 4.63863e+03 9.38030e-07 +7.54318e-02
 1.55052e+01 4.70249e+03 9.61252e-07 +7.60718e-02
 1.93070e+01 4.76753e+03 9.84065e-07 +7.66062e-02
 2.40410e+01 4.83396e+03 1.00650e-06 +7.70546e-02
 2.99358e+01 4.90192e+03 1.02859e-06 +7.74357e-02
 3.72759e+01 4.97147e+03 1.05037e-06 +7.77618e-02
 4.64159e+01 5.04261e+03 1.07192e-06 +7.80429e-02
 5.77969e+01 5.11527e+03 1.09329e-06 +7.82842e-02
 7.19686e+01 5.18944e+03 1.11458e-06 +7.84912e-02
 8.96151e+01 5.26513e+03 1.13585e-06 +7.86684e-02
 1.11588e+02 5.34240e+03 1.15717e-06 +7.88197e-02
 1.38950e+02 5.42127e+03 1.17861e-06 +7.89487e-02
 1.73020e+02 5.50172e+03 1.20024e-06 +7.90602e-02
 2.15443e+02 5.58379e+03 1.22215e-06 +7.91542e-02
 2.68270e+02 5.66761e+03 1.24437e-06 +7.92344e-02
 3.34048e+02 5.75326e+03 1.26697e-06 +7.93039e-02
 4.15956e+02 5.84079e+03 1.29002e-06 +7.93627e-02
 5.17947e+02 5.93025e+03 1.31357e-06 +7.94131e-02
 6.44947e+02 6.02172e+03 1.33768e-06 +7.94559e-02
 8.03086e+02 6.11523e+03 1.36238e-06 +7.94933e-02
 1.00000e+03 6.21078e+03 1.38782e-06 +7.95246e-02
