#n1=128 n2=4 Teff=03600 R=1.2794e+10 L=1.9588e+31 logg=+5.50
#   tau          T          rho         Fconv
 0.00000e+00 2.33863e+03 6.38958e-21 +0.00000e+00
 1.00000e-09 2.33863e+03 8.72562e-12 +0.00000e+00
 1.24520e-09 2.33837e+03 1.08797e-11 +0.00000e+00
 1.55052e-09 2.33814e+03 1.35695e-11 +0.00000e+00
 1.93070e-09 2.33792e+03 1.69296e-11 +0.00000e+00
 2.40410e-09 2.33768e+03 2.11310e-11 +0.00000e+00
 2.99358e-09 2.33740e+03 2.63882e-11 +0.00000e+00
 3.72759e-09 2.33704e+03 3.29730e-11 +0.00000e+00
 4.64159e-09 2.33655e+03 4.12344e-11 +0.00000e+00
 5.77969e-09 2.33587e+03 5.16061e-11 +0.00000e+00
 7.19686e-09 2.33489e+03 6.46695e-11 +0.00000e+00
 8.96151e-09 2.33353e+03 8.11254e-11 +0.00000e+00
 1.11588e-08 2.33154e+03 1.01970e-10 +0.00000e+00
 1.38950e-08 2.32872e+03 1.28386e-10 +0.00000e+00
 1.73020e-08 2.32496e+03 1.62079e-10 +0.00000e+00
 2.15443e-08 2.32029e+03 2.05020e-10 +0.00000e+00
 2.68270e-08 2.31504e+03 2.59873e-10 +0.00000e+00
 3.34048e-08 2.30878e+03 3.30160e-10 +0.00000e+00
 4.15956e-08 2.30405e+03 4.18514e-10 +0.00000e+00
 5.17947e-08 2.29938e+03 5.31075e-10 +0.00000e+00
 6.44947e-08 2.29667e+03 6.70662e-10 +0.00000e+00
 8.03086e-08 2.29422e+03 8.47913e-10 +0.00000e+00
 1.00000e-07 2.29313e+03 1.06745e-09 +0.00000e+00
 1.24520e-07 2.29258e+03 1.34422e-09 +0.00000e+00
 1.55052e-07 2.29276e+03 1.68867e-09 +0.00000e+00
 1.93070e-07 2.29355e+03 2.12000e-09 +0.00000e+00
 2.40410e-07 2.29480e+03 2.65885e-09 +0.00000e+00
 2.99358e-07 2.29659e+03 3.33022e-09 +0.00000e+00
 3.72759e-07 2.29880e+03 4.17098e-09 +0.00000e+00
 4.64159e-07 2.30147e+03 5.21438e-09 +0.00000e+00
 5.77969e-07 2.30460e+03 6.52254e-09 +0.00000e+00
 7.19686e-07 2.30814e+03 8.14085e-09 +0.00000e+00
 8.96151e-07 2.31217e+03 1.01689e-08 +0.00000e+00
 1.11588e-06 2.31660e+03 1.26786e-08 +0.00000e+00
 1.38950e-06 2.32150e+03 1.58155e-08 +0.00000e+00
 1.73020e-06 2.32675e+03 1.97051e-08 +0.00000e+00
 2.15443e-06 2.33235e+03 2.45551e-08 +0.00000e+00
 2.68270e-06 2.33816e+03 3.05809e-08 +0.00000e+00
 3.34048e-06 2.34407e+03 3.80854e-08 +0.00000e+00
 4.15956e-06 2.34987e+03 4.74303e-08 +0.00000e+00
 5.17947e-06 2.35532e+03 5.90694e-08 +0.00000e+00
 6.44947e-06 2.36014e+03 7.36058e-08 +0.00000e+00
 8.03086e-06 2.36395e+03 9.17352e-08 +0.00000e+00
 1.00000e-05 2.36640e+03 1.14459e-07 +0.00000e+00
 1.24520e-05 2.36709e+03 1.42861e-07 +0.00000e+00
 1.55052e-05 2.36573e+03 1.78576e-07 +0.00000e+00
 1.93070e-05 2.36209e+03 2.23307e-07 +0.00000e+00
 2.40410e-05 2.35617e+03 2.79632e-07 +0.00000e+00
 2.99358e-05 2.34814e+03 3.50266e-07 +0.00000e+00
 3.72759e-05 2.33847e+03 4.39072e-07 +0.00000e+00
 4.64159e-05 2.32766e+03 5.50362e-07 +0.00000e+00
 5.77969e-05 2.31627e+03 6.89917e-07 +0.00000e+00
 7.19686e-05 2.30463e+03 8.64593e-07 +0.00000e+00
 8.96151e-05 2.29308e+03 1.08325e-06 +0.00000e+00
 1.11588e-04 2.28202e+03 1.35654e-06 +0.00000e+00
 1.38950e-04 2.27227e+03 1.69746e-06 +0.00000e+00
 1.73020e-04 2.26617e+03 2.12005e-06 +0.00000e+00
 2.15443e-04 2.26690e+03 2.63887e-06 +0.00000e+00
 2.68270e-04 2.25541e+03 3.30410e-06 +0.00000e+00
 3.34048e-04 2.24607e+03 4.13241e-06 +0.00000e+00
 4.15956e-04 2.24184e+03 5.15578e-06 +0.00000e+00
 5.17947e-04 2.24024e+03 6.42416e-06 +0.00000e+00
 6.44947e-04 2.24092e+03 7.99604e-06 +0.00000e+00
 8.03086e-04 2.24483e+03 9.93682e-06 +0.00000e+00
 1.00000e-03 2.25384e+03 1.23193e-05 +0.00000e+00
 1.24520e-03 2.26638e+03 1.52466e-05 -2.54583e-07
 1.55052e-03 2.28507e+03 1.88153e-05 -3.17006e-07
 1.93070e-03 2.31236e+03 2.31247e-05 -3.94734e-07
 2.40410e-03 2.35014e+03 2.82817e-05 -4.91523e-07
 2.99358e-03 2.40217e+03 3.43548e-05 -6.12042e-07
 3.72759e-03 2.47303e+03 4.13521e-05 -7.62113e-07
 4.64159e-03 2.56022e+03 4.93251e-05 -9.48981e-07
 5.77969e-03 2.66711e+03 5.80857e-05 +3.27192e-01
 7.19686e-03 2.76385e+03 6.82151e-05 +3.34090e-01
 8.96151e-03 2.85528e+03 7.96078e-05 +3.07099e-01
 1.11588e-02 2.94131e+03 9.22270e-05 +1.93090e-01
 1.38950e-02 3.02168e+03 1.05908e-04 +1.45158e-01
 1.73020e-02 3.09603e+03 1.20443e-04 +1.07088e-01
 2.15443e-02 3.16403e+03 1.35523e-04 +7.77897e-02
 2.68270e-02 3.22566e+03 1.50755e-04 +5.71174e-02
 3.34048e-02 3.28129e+03 1.65941e-04 +4.17343e-02
 4.15956e-02 3.33165e+03 1.80963e-04 +3.07785e-02
 5.17947e-02 3.37760e+03 1.95803e-04 +2.30505e-02
 6.44947e-02 3.41992e+03 2.10417e-04 +1.81352e-02
 8.03086e-02 3.45929e+03 2.24911e-04 +1.49718e-02
 1.00000e-01 3.49635e+03 2.39392e-04 +1.31727e-02
 1.24520e-01 3.53158e+03 2.53949e-04 +1.24036e-02
 1.55052e-01 3.56538e+03 2.68666e-04 +1.21668e-02
 1.93070e-01 3.59814e+03 2.83615e-04 +1.29606e-02
 2.40410e-01 3.62999e+03 2.98809e-04 +1.40800e-02
 2.99358e-01 3.66112e+03 3.14312e-04 +1.56512e-02
 3.72759e-01 3.69172e+03 3.30238e-04 +1.76632e-02
 4.64159e-01 3.72191e+03 3.46654e-04 +2.01177e-02
 5.77969e-01 3.75184e+03 3.63625e-04 +2.30391e-02
 7.19686e-01 3.78158e+03 3.81214e-04 +2.64768e-02
 8.96151e-01 3.81124e+03 3.99482e-04 +3.05131e-02
 1.11588e+00 3.84088e+03 4.18495e-04 +3.52660e-02
 1.38950e+00 3.87054e+03 4.38185e-04 +4.09128e-02
 1.73020e+00 3.90027e+03 4.58640e-04 +4.76883e-02
 2.15443e+00 3.93012e+03 4.79983e-04 +5.59305e-02
 2.68270e+00 3.96013e+03 5.02277e-04 +6.61046e-02
 3.34048e+00 3.99034e+03 5.25589e-04 +7.28810e-02
 4.15956e+00 4.02077e+03 5.50002e-04 +7.40337e-02
 5.17947e+00 4.05145e+03 5.75586e-04 +7.49836e-02
 6.44947e+00 4.08240e+03 6.02423e-04 +7.57674e-02
 8.03086e+00 4.11365e+03 6.30508e-04 +7.64161e-02
 1.00000e+01 4.14521e+03 6.59740e-04 +7.69536e-02
 1.24520e+01 4.17710e+03 6.90405e-04 +7.73978e-02
 1.55052e+01 4.20934e+03 7.22602e-04 +7.77655e-02
 1.93070e+01 4.24196e+03 7.56417e-04 +7.80700e-02
 2.40410e+01 4.27499e+03 7.91959e-04 +7.83226e-02
 2.99358e+01 4.30844e+03 8.29339e-04 +7.85322e-02
 3.72759e+01 4.34233e+03 8.68668e-04 +7.87064e-02
 4.64159e+01 4.37669e+03 9.10057e-04 +7.88513e-02
 5.77969e+01 4.41150e+03 9.53052e-04 +7.89722e-02
 7.19686e+01 4.44679e+03 9.98251e-04 +7.90727e-02
 8.96151e+01 4.48256e+03 1.04578e-03 +7.91563e-02
 1.11588e+02 4.51885e+03 1.09580e-03 +7.92258e-02
 1.38950e+02 4.55566e+03 1.14847e-03 +7.92837e-02
 1.73020e+02 4.59301e+03 1.20396e-03 +7.93320e-02
 2.15443e+02 4.63092e+03 1.26243e-03 +7.93723e-02
 2.68270e+02 4.66941e+03 1.32409e-03 +7.94058e-02
 3.34048e+02 4.70847e+03 1.38817e-03 +7.94339e-02
 4.15956e+02 4.74813e+03 1.45558e-03 +7.94573e-02
 5.17947e+02 4.78841e+03 1.52659e-03 +7.94768e-02
 6.44947e+02 4.82932e+03 1.60141e-03 +7.94930e-02
 8.03086e+02 4.87089e+03 1.68031e-03 +7.95067e-02
 1.00000e+03 4.91315e+03 1.76353e-03 +7.95180e-02
