#n1=128 n2=4 Teff=03700 R=2.3328e+10 L=7.2665e+31 logg=+5.00
#   tau          T          rho         Fconv
 0.00000e+00 2.32006e+03 6.69528e-21 +0.00000e+00
 1.00000e-09 2.32006e+03 2.87596e-12 +0.00000e+00
 1.24520e-09 2.32790e+03 3.55834e-12 +0.00000e+00
 1.55052e-09 2.33748e+03 4.39564e-12 +0.00000e+00
 1.93070e-09 2.34755e+03 5.42400e-12 +0.00000e+00
 2.40410e-09 2.35814e+03 6.68464e-12 +0.00000e+00
 2.99358e-09 2.36865e+03 8.22931e-12 +0.00000e+00
 3.72759e-09 2.37955e+03 1.01161e-11 +0.00000e+00
 4.64159e-09 2.39030e+03 1.24185e-11 +0.00000e+00
 5.77969e-09 2.40134e+03 1.52182e-11 +0.00000e+00
 7.19686e-09 2.41231e+03 1.86158e-11 +0.00000e+00
 8.96151e-09 2.42343e+03 2.27254e-11 +0.00000e+00
 1.11588e-08 2.43463e+03 2.76792e-11 +0.00000e+00
 1.38950e-08 2.44573e+03 3.36351e-11 +0.00000e+00
 1.73020e-08 2.45713e+03 4.07602e-11 +0.00000e+00
 2.15443e-08 2.46810e+03 4.92702e-11 +0.00000e+00
 2.68270e-08 2.47942e+03 5.93754e-11 +0.00000e+00
 3.34048e-08 2.49048e+03 7.13446e-11 +0.00000e+00
 4.15956e-08 2.50187e+03 8.54495e-11 +0.00000e+00
 5.17947e-08 2.51317e+03 1.02021e-10 +0.00000e+00
 6.44947e-08 2.52411e+03 1.21442e-10 +0.00000e+00
 8.03086e-08 2.53550e+03 1.44072e-10 +0.00000e+00
 1.00000e-07 2.54676e+03 1.70384e-10 +0.00000e+00
 1.24520e-07 2.55825e+03 2.00863e-10 +0.00000e+00
 1.55052e-07 2.57024e+03 2.36018e-10 +0.00000e+00
 1.93070e-07 2.58231e+03 2.76481e-10 +0.00000e+00
 2.40410e-07 2.59484e+03 3.22907e-10 +0.00000e+00
 2.99358e-07 2.60773e+03 3.76034e-10 +0.00000e+00
 3.72759e-07 2.62084e+03 4.36687e-10 +0.00000e+00
 4.64159e-07 2.63452e+03 5.05754e-10 +0.00000e+00
 5.77969e-07 2.64862e+03 5.84249e-10 +0.00000e+00
 7.19686e-07 2.66275e+03 6.73388e-10 +0.00000e+00
 8.96151e-07 2.67714e+03 7.74509e-10 +0.00000e+00
 1.11588e-06 2.69164e+03 8.89121e-10 +0.00000e+00
 1.38950e-06 2.70625e+03 1.01878e-09 +0.00000e+00
 1.73020e-06 2.72087e+03 1.16555e-09 +0.00000e+00
 2.15443e-06 2.73549e+03 1.33162e-09 +0.00000e+00
 2.68270e-06 2.75003e+03 1.51939e-09 +0.00000e+00
 3.34048e-06 2.76443e+03 1.73166e-09 +0.00000e+00
 4.15956e-06 2.77873e+03 1.97184e-09 +0.00000e+00
 5.17947e-06 2.79283e+03 2.24357e-09 +0.00000e+00
 6.44947e-06 2.80674e+03 2.55060e-09 +0.00000e+00
 8.03086e-06 2.82048e+03 2.89815e-09 +0.00000e+00
 1.00000e-05 2.83398e+03 3.29172e-09 +0.00000e+00
 1.24520e-05 2.84718e+03 3.73728e-09 +0.00000e+00
 1.55052e-05 2.86007e+03 4.24184e-09 +0.00000e+00
 1.93070e-05 2.87262e+03 4.81454e-09 +0.00000e+00
 2.40410e-05 2.88479e+03 5.46482e-09 +0.00000e+00
 2.99358e-05 2.89659e+03 6.20233e-09 +0.00000e+00
 3.72759e-05 2.90796e+03 7.04126e-09 +0.00000e+00
 4.64159e-05 2.91884e+03 7.99728e-09 +0.00000e+00
 5.77969e-05 2.92921e+03 9.08747e-09 +0.00000e+00
 7.19686e-05 2.93902e+03 1.03294e-08 +0.00000e+00
 8.96151e-05 2.94831e+03 1.17512e-08 +0.00000e+00
 1.11588e-04 2.95711e+03 1.33800e-08 +0.00000e+00
 1.38950e-04 2.96548e+03 1.52438e-08 +0.00000e+00
 1.73020e-04 2.97340e+03 1.73807e-08 +0.00000e+00
 2.15443e-04 2.98106e+03 1.98380e-08 +0.00000e+00
 2.68270e-04 2.98850e+03 2.26651e-08 +0.00000e+00
 3.34048e-04 2.99588e+03 2.58996e-08 +0.00000e+00
 4.15956e-04 3.00337e+03 2.96212e-08 +0.00000e+00
 5.17947e-04 3.01114e+03 3.39014e-08 +0.00000e+00
 6.44947e-04 3.01933e+03 3.88026e-08 +0.00000e+00
 8.03086e-04 3.02820e+03 4.43921e-08 +0.00000e+00
 1.00000e-03 3.03782e+03 5.07953e-08 +0.00000e+00
 1.24520e-03 3.04833e+03 5.81106e-08 -2.54584e-07
 1.55052e-03 3.05979e+03 6.63704e-08 -3.17008e-07
 1.93070e-03 3.07235e+03 7.57513e-08 -3.94737e-07
 2.40410e-03 3.08616e+03 8.63824e-08 -4.91525e-07
 2.99358e-03 3.10122e+03 9.83403e-08 -6.12046e-07
 3.72759e-03 3.11756e+03 1.11703e-07 -7.62118e-07
 4.64159e-03 3.13537e+03 1.26706e-07 -9.48983e-07
 5.77969e-03 3.15493e+03 1.43445e-07 -1.18168e-06
 7.19686e-03 3.17602e+03 1.61883e-07 -1.47142e-06
 8.96151e-03 3.19881e+03 1.82267e-07 -1.83221e-06
 1.11588e-02 3.22355e+03 2.04755e-07 -2.28146e-06
 1.38950e-02 3.25022e+03 2.29432e-07 -2.84087e-06
 1.73020e-02 3.27893e+03 2.56041e-07 -3.53744e-06
 2.15443e-02 3.30978e+03 2.85060e-07 -4.40481e-06
 2.68270e-02 3.34341e+03 3.16378e-07 -5.48486e-06
 3.34048e-02 3.37645e+03 3.50934e-07 -6.82973e-06
 4.15956e-02 3.41035e+03 3.88471e-07 -8.50435e-06
 5.17947e-02 3.44559e+03 4.29556e-07 -1.05896e-05
 6.44947e-02 3.48228e+03 4.74400e-07 +3.20539e-04
 8.03086e-02 3.52045e+03 5.23085e-07 +2.81652e-03
 1.00000e-01 3.55949e+03 5.75895e-07 +3.21887e-03
 1.24520e-01 3.59932e+03 6.33790e-07 +1.62732e-03
 1.55052e-01 3.63978e+03 6.97283e-07 +2.06837e-03
 1.93070e-01 3.68097e+03 7.66759e-07 +2.65804e-03
 2.40410e-01 3.72337e+03 8.41969e-07 +4.74841e-03
 2.99358e-01 3.76950e+03 9.22617e-07 +3.34523e-03
 3.72759e-01 3.81793e+03 1.00945e-06 +5.29843e-03
 4.64159e-01 3.86827e+03 1.10296e-06 +7.20309e-03
 5.77969e-01 3.92063e+03 1.20277e-06 +9.52079e-03
 7.19686e-01 3.97504e+03 1.30985e-06 +1.24567e-02
 8.96151e-01 4.03144e+03 1.42463e-06 +1.61398e-02
 1.11588e+00 4.08981e+03 1.54745e-06 +2.06830e-02
 1.38950e+00 4.15039e+03 1.67822e-06 +2.62223e-02
 1.73020e+00 4.21373e+03 1.81694e-06 +3.29666e-02
 2.15443e+00 4.28059e+03 1.96357e-06 +4.11719e-02
 2.68270e+00 4.35175e+03 2.11752e-06 +5.12530e-02
 3.34048e+00 4.42758e+03 2.27838e-06 +5.85031e-02
 4.15956e+00 4.50751e+03 2.44643e-06 +6.08004e-02
 5.17947e+00 4.59164e+03 2.62234e-06 +6.27722e-02
 6.44947e+00 4.68056e+03 2.80615e-06 +6.44249e-02
 8.03086e+00 4.77513e+03 2.99761e-06 +6.57847e-02
 1.00000e+01 4.87658e+03 3.19618e-06 +6.68655e-02
 1.24520e+01 4.98609e+03 3.40139e-06 +6.77888e-02
 1.55052e+01 5.10433e+03 3.61394e-06 +6.86098e-02
 1.93070e+01 5.23232e+03 3.83438e-06 +6.92839e-02
 2.40410e+01 5.37134e+03 4.06349e-06 +6.98569e-02
 2.99358e+01 5.52270e+03 4.30266e-06 +7.03202e-02
 3.72759e+01 5.68814e+03 4.55358e-06 +7.06790e-02
 4.64159e+01 5.86980e+03 4.81864e-06 +7.09448e-02
 5.77969e+01 6.06896e+03 5.09933e-06 +7.12189e-02
 7.19686e+01 6.28443e+03 5.39722e-06 +7.15810e-02
 8.96151e+01 6.51319e+03 5.71195e-06 +7.20820e-02
 1.11588e+02 6.74910e+03 6.03746e-06 +7.27879e-02
 1.38950e+02 6.98418e+03 6.36536e-06 +7.36505e-02
 1.73020e+02 7.21224e+03 6.68939e-06 +7.45353e-02
 2.15443e+02 7.43073e+03 7.00745e-06 +7.53453e-02
 2.68270e+02 7.63962e+03 7.32066e-06 +7.60408e-02
 3.34048e+02 7.84017e+03 7.63159e-06 +7.66211e-02
 4.15956e+02 8.03400e+03 7.94314e-06 +7.70997e-02
 5.17947e+02 8.22259e+03 8.25803e-06 +7.74946e-02
 6.44947e+02 8.40732e+03 8.57902e-06 +7.78206e-02
 8.03086e+02 8.58936e+03 8.90859e-06 +7.80907e-02
 1.00000e+03 8.76963e+03 9.24910e-06 +7.83167e-02
