#n1=128 n2=4 Teff=03600 R=8.0924e+12 L=7.8354e+36 logg=+0.50
#      tau          T          rho         Fconv
  0.00000e+00  1.75025e+03  8.75619e-21 +0.00000e+00
  1.00000e-09  1.75025e+03  9.39069e-17 +0.00000e+00
  1.24520e-09  1.75818e+03  1.16707e-16 +0.00000e+00
  1.55052e-09  1.76636e+03  1.45017e-16 +0.00000e+00
  1.93070e-09  1.77443e+03  1.80201e-16 +0.00000e+00
  2.40410e-09  1.78287e+03  2.23872e-16 +0.00000e+00
  2.99358e-09  1.79113e+03  2.78152e-16 +0.00000e+00
  3.72759e-09  1.79985e+03  3.45506e-16 +0.00000e+00
  4.64159e-09  1.80834e+03  4.29229e-16 +0.00000e+00
  5.77969e-09  1.81737e+03  5.33084e-16 +0.00000e+00
  7.19686e-09  1.82612e+03  6.62184e-16 +0.00000e+00
  8.96151e-09  1.83544e+03  8.22306e-16 +0.00000e+00
  1.11588e-08  1.84454e+03  1.02129e-15 +0.00000e+00
  1.38950e-08  1.85420e+03  1.26807e-15 +0.00000e+00
  1.73020e-08  1.86376e+03  1.57461e-15 +0.00000e+00
  2.15443e-08  1.87386e+03  1.95474e-15 +0.00000e+00
  2.68270e-08  1.88398e+03  2.42667e-15 +0.00000e+00
  3.34048e-08  1.89465e+03  3.01175e-15 +0.00000e+00
  4.15956e-08  1.90547e+03  3.73772e-15 +0.00000e+00
  5.17947e-08  1.91686e+03  4.63742e-15 +0.00000e+00
  6.44947e-08  1.92867e+03  5.75264e-15 +0.00000e+00
  8.03086e-08  1.94109e+03  7.13398e-15 +0.00000e+00
  1.00000e-07  1.95425e+03  8.84396e-15 +0.00000e+00
  1.24520e-07  1.96883e+03  1.09562e-14 +0.00000e+00
  1.55052e-07  1.98463e+03  1.35648e-14 +0.00000e+00
  1.93070e-07  2.00238e+03  1.67789e-14 +0.00000e+00
  2.40410e-07  2.02450e+03  2.07096e-14 +0.00000e+00
  2.99358e-07  2.04886e+03  2.55351e-14 +0.00000e+00
  3.72759e-07  2.08189e+03  3.13545e-14 +0.00000e+00
  4.64159e-07  2.11915e+03  3.84298e-14 +0.00000e+00
  5.77969e-07  2.15865e+03  4.70639e-14 +0.00000e+00
  7.19686e-07  2.19858e+03  5.76431e-14 +0.00000e+00
  8.96151e-07  2.24048e+03  7.05563e-14 +0.00000e+00
  1.11588e-06  2.28243e+03  8.63815e-14 +0.00000e+00
  1.38950e-06  2.32238e+03  1.05869e-13 +0.00000e+00
  1.73020e-06  2.35825e+03  1.29996e-13 +0.00000e+00
  2.15443e-06  2.39024e+03  1.59897e-13 +0.00000e+00
  2.68270e-06  2.41855e+03  1.96991e-13 +0.00000e+00
  3.34048e-06  2.44368e+03  2.43022e-13 +0.00000e+00
  4.15956e-06  2.46614e+03  3.00160e-13 +0.00000e+00
  5.17947e-06  2.48621e+03  3.71118e-13 +0.00000e+00
  6.44947e-06  2.50428e+03  4.59258e-13 +0.00000e+00
  8.03086e-06  2.52065e+03  5.68754e-13 +0.00000e+00
  1.00000e-05  2.53544e+03  7.04837e-13 +0.00000e+00
  1.24520e-05  2.54893e+03  8.73947e-13 +0.00000e+00
  1.55052e-05  2.56127e+03  1.08412e-12 +0.00000e+00
  1.93070e-05  2.57252e+03  1.34531e-12 +0.00000e+00
  2.40410e-05  2.58293e+03  1.66978e-12 +0.00000e+00
  2.99358e-05  2.59255e+03  2.07274e-12 +0.00000e+00
  3.72759e-05  2.60150e+03  2.57296e-12 +0.00000e+00
  4.64159e-05  2.60998e+03  3.19331e-12 +0.00000e+00
  5.77969e-05  2.61802e+03  3.96210e-12 +0.00000e+00
  7.19686e-05  2.62574e+03  4.91373e-12 +0.00000e+00
  8.96151e-05  2.63330e+03  6.09002e-12 +0.00000e+00
  1.11588e-04  2.64079e+03  7.54160e-12 +0.00000e+00
  1.38950e-04  2.64831e+03  9.32963e-12 +0.00000e+00
  1.73020e-04  2.65603e+03  1.15268e-11 +0.00000e+00
  2.15443e-04  2.66406e+03  1.42199e-11 +0.00000e+00
  2.68270e-04  2.67244e+03  1.75115e-11 +0.00000e+00
  3.34048e-04  2.68132e+03  2.15213e-11 +0.00000e+00
  4.15956e-04  2.69084e+03  2.63881e-11 +0.00000e+00
  5.17947e-04  2.70108e+03  3.22709e-11 +0.00000e+00
  6.44947e-04  2.71213e+03  3.93524e-11 +0.00000e+00
  8.03086e-04  2.72401e+03  4.78372e-11 +0.00000e+00
  1.00000e-03  2.73683e+03  5.79551e-11 +0.00000e+00
  1.24520e-03  2.75074e+03  6.99564e-11 -2.54625e-07
  1.55052e-03  2.76569e+03  8.41201e-11 -3.17057e-07
  1.93070e-03  2.78180e+03  1.00747e-10 -3.94799e-07
  2.40410e-03  2.79908e+03  1.20159e-10 -4.91603e-07
  2.99358e-03  2.81763e+03  1.42703e-10 -6.12142e-07
  3.72759e-03  2.83754e+03  1.68737e-10 -7.62238e-07
  4.64159e-03  2.85891e+03  1.98635e-10 -9.49135e-07
  5.77969e-03  2.88198e+03  2.32777e-10 -1.18186e-06
  7.19686e-03  2.90659e+03  2.71553e-10 -1.47165e-06
  8.96151e-03  2.93177e+03  3.15505e-10 -1.83249e-06
  1.11588e-02  2.95750e+03  3.65143e-10 -2.28182e-06
  1.38950e-02  2.98372e+03  4.20974e-10 -2.84131e-06
  1.73020e-02  3.01041e+03  4.83590e-10 -3.53799e-06
  2.15443e-02  3.03747e+03  5.53636e-10 -4.40550e-06
  2.68270e-02  3.06479e+03  6.31763e-10 -5.48572e-06
  3.34048e-02  3.09239e+03  7.18731e-10 -6.83079e-06
  4.15956e-02  3.12054e+03  8.15291e-10 -8.50568e-06
  5.17947e-02  3.14908e+03  9.22244e-10 -1.05913e-05
  6.44947e-02  3.17861e+03  1.04026e-09 -1.31882e-05
  8.03086e-02  3.20959e+03  1.16998e-09 -1.64219e-05
  1.00000e-01  3.24265e+03  1.31170e-09 -2.04486e-05
  1.24520e-01  3.27698e+03  1.46631e-09 -2.54625e-05
  1.55052e-01  3.31326e+03  1.63415e-09 -3.17057e-05
  1.93070e-01  3.35209e+03  1.81532e-09 -3.94799e-05
  2.40410e-01  3.39518e+03  2.00871e-09 -4.91603e-05
  2.99358e-01  3.44832e+03  2.20856e-09 -6.12142e-05
  3.72759e-01  3.50867e+03  2.41375e-09 -7.62238e-05
  4.64159e-01  3.57585e+03  2.62264e-09 -9.49135e-05
  5.77969e-01  3.65301e+03  2.83099e-09 -1.18186e-04
  7.19686e-01  3.74374e+03  3.03401e-09 -1.47165e-04
  8.96151e-01  3.85140e+03  3.22774e-09 -1.83249e-04
  1.11588e+00  3.97856e+03  3.41136e-09 -2.28182e-04
  1.38950e+00  4.12629e+03  3.58956e-09 -2.84131e-04
  1.73020e+00  4.29150e+03  3.77598e-09 -3.53799e-04
  2.15443e+00  4.48312e+03  3.97935e-09 -4.40550e-04
  2.68270e+00  4.69291e+03  4.22794e-09 -5.48572e-04
  3.34048e+00  4.92436e+03  4.53082e-09 -6.13456e-04
  4.15956e+00  5.18261e+03  4.85012e-09 -6.13456e-04
  5.17947e+00  5.46922e+03  5.09127e-09 -6.13454e-04
  6.44947e+00  5.80547e+03  5.16066e-09 -6.13240e-04
  8.03086e+00  6.10622e+03  5.16417e-09 -6.02659e-04
  1.00000e+01  6.61367e+03  4.89756e-09 +1.00296e-03
  1.24520e+01  6.85118e+03  4.81545e-09 +8.96063e-03
  1.55052e+01  7.07370e+03  4.73099e-09 +2.48714e-02
  1.93070e+01  7.26282e+03  4.66241e-09 +3.97392e-02
  2.40410e+01  7.42250e+03  4.61035e-09 +5.03588e-02
  2.99358e+01  7.56137e+03  4.57090e-09 +5.76402e-02
  3.72759e+01  7.68602e+03  4.54082e-09 +6.27339e-02
  4.64159e+01  7.80086e+03  4.51799e-09 +6.64064e-02
  5.77969e+01  7.90882e+03  4.50107e-09 +6.91297e-02
  7.19686e+01  8.01189e+03  4.48925e-09 +7.11971e-02
  8.96151e+01  8.11147e+03  4.48201e-09 +7.27970e-02
  1.11588e+02  8.20861e+03  4.47905e-09 +7.40515e-02
  1.38950e+02  8.30412e+03  4.48021e-09 +7.50470e-02
  1.73020e+02  8.39859e+03  4.48543e-09 +7.58482e-02
  2.15443e+02  8.49245e+03  4.49479e-09 +7.64962e-02
  2.68270e+02  8.58607e+03  4.50840e-09 +7.70252e-02
  3.34048e+02  8.67973e+03  4.52647e-09 +7.74579e-02
  4.15956e+02  8.77367e+03  4.54925e-09 +7.78140e-02
  5.17947e+02  8.86812e+03  4.57702e-09 +7.81079e-02
  6.44947e+02  8.96324e+03  4.61021e-09 +7.83510e-02
  8.03086e+02  9.05922e+03  4.64921e-09 +7.85525e-02
  1.00000e+03  9.15620e+03  4.69446e-09 +7.87203e-02
