#n1=128 n2=4 Teff=03800 R=2.8456e+11 L=1.2028e+34 logg=+3.00
#      tau          T          rho         Fconv
  0.00000e+00  2.08975e+03  7.33193e-21 +0.00000e+00
  1.00000e-09  2.08975e+03  3.12079e-14 +0.00000e+00
  1.24520e-09  2.09748e+03  3.87419e-14 +0.00000e+00
  1.55052e-09  2.10693e+03  4.80518e-14 +0.00000e+00
  1.93070e-09  2.11717e+03  5.95733e-14 +0.00000e+00
  2.40410e-09  2.12818e+03  7.38269e-14 +0.00000e+00
  2.99358e-09  2.13943e+03  9.14766e-14 +0.00000e+00
  3.72759e-09  2.14995e+03  1.13382e-13 +0.00000e+00
  4.64159e-09  2.16207e+03  1.40423e-13 +0.00000e+00
  5.77969e-09  2.17494e+03  1.73844e-13 +0.00000e+00
  7.19686e-09  2.18807e+03  2.15187e-13 +0.00000e+00
  8.96151e-09  2.20189e+03  2.66266e-13 +0.00000e+00
  1.11588e-08  2.21599e+03  3.29411e-13 +0.00000e+00
  1.38950e-08  2.22924e+03  4.07672e-13 +0.00000e+00
  1.73020e-08  2.24211e+03  5.04581e-13 +0.00000e+00
  2.15443e-08  2.25591e+03  6.24212e-13 +0.00000e+00
  2.68270e-08  2.27252e+03  7.71131e-13 +0.00000e+00
  3.34048e-08  2.28996e+03  9.52164e-13 +0.00000e+00
  4.15956e-08  2.30800e+03  1.17519e-12 +0.00000e+00
  5.17947e-08  2.32652e+03  1.44990e-12 +0.00000e+00
  6.44947e-08  2.34554e+03  1.78802e-12 +0.00000e+00
  8.03086e-08  2.36474e+03  2.20424e-12 +0.00000e+00
  1.00000e-07  2.38449e+03  2.71581e-12 +0.00000e+00
  1.24520e-07  2.40424e+03  3.34482e-12 +0.00000e+00
  1.55052e-07  2.42448e+03  4.11668e-12 +0.00000e+00
  1.93070e-07  2.44467e+03  5.06396e-12 +0.00000e+00
  2.40410e-07  2.46512e+03  6.22433e-12 +0.00000e+00
  2.99358e-07  2.48546e+03  7.64486e-12 +0.00000e+00
  3.72759e-07  2.50572e+03  9.38112e-12 +0.00000e+00
  4.64159e-07  2.52583e+03  1.14998e-11 +0.00000e+00
  5.77969e-07  2.54551e+03  1.40814e-11 +0.00000e+00
  7.19686e-07  2.56492e+03  1.72192e-11 +0.00000e+00
  8.96151e-07  2.58380e+03  2.10255e-11 +0.00000e+00
  1.11588e-06  2.60220e+03  2.56295e-11 +0.00000e+00
  1.38950e-06  2.62014e+03  3.11815e-11 +0.00000e+00
  1.73020e-06  2.63753e+03  3.78554e-11 +0.00000e+00
  2.15443e-06  2.65448e+03  4.58485e-11 +0.00000e+00
  2.68270e-06  2.67094e+03  5.53865e-11 +0.00000e+00
  3.34048e-06  2.68694e+03  6.67237e-11 +0.00000e+00
  4.15956e-06  2.70253e+03  8.01448e-11 +0.00000e+00
  5.17947e-06  2.71768e+03  9.59704e-11 +0.00000e+00
  6.44947e-06  2.73243e+03  1.14558e-10 +0.00000e+00
  8.03086e-06  2.74685e+03  1.36301e-10 +0.00000e+00
  1.00000e-05  2.76086e+03  1.61647e-10 +0.00000e+00
  1.24520e-05  2.77443e+03  1.91097e-10 +0.00000e+00
  1.55052e-05  2.78761e+03  2.25203e-10 +0.00000e+00
  1.93070e-05  2.80033e+03  2.64595e-10 +0.00000e+00
  2.40410e-05  2.81260e+03  3.09975e-10 +0.00000e+00
  2.99358e-05  2.82445e+03  3.62133e-10 +0.00000e+00
  3.72759e-05  2.83584e+03  4.21975e-10 +0.00000e+00
  4.64159e-05  2.84669e+03  4.90528e-10 +0.00000e+00
  5.77969e-05  2.85700e+03  5.68961e-10 +0.00000e+00
  7.19686e-05  2.86673e+03  6.58617e-10 +0.00000e+00
  8.96151e-05  2.87594e+03  7.61003e-10 +0.00000e+00
  1.11588e-04  2.88465e+03  8.77831e-10 +0.00000e+00
  1.38950e-04  2.89291e+03  1.01106e-09 +0.00000e+00
  1.73020e-04  2.90073e+03  1.16295e-09 +0.00000e+00
  2.15443e-04  2.90828e+03  1.33596e-09 +0.00000e+00
  2.68270e-04  2.91560e+03  1.53293e-09 +0.00000e+00
  3.34048e-04  2.92285e+03  1.75705e-09 +0.00000e+00
  4.15956e-04  2.93020e+03  2.01183e-09 +0.00000e+00
  5.17947e-04  2.93780e+03  2.30114e-09 +0.00000e+00
  6.44947e-04  2.94580e+03  2.62938e-09 +0.00000e+00
  8.03086e-04  2.95445e+03  3.00123e-09 +0.00000e+00
  1.00000e-03  2.96381e+03  3.42191e-09 +0.00000e+00
  1.24520e-03  2.97402e+03  3.89708e-09 -2.54615e-07
  1.55052e-03  2.98514e+03  4.43338e-09 -3.17047e-07
  1.93070e-03  2.99731e+03  5.03747e-09 -3.94785e-07
  2.40410e-03  3.01069e+03  5.71621e-09 -4.91586e-07
  2.99358e-03  3.02530e+03  6.47808e-09 -6.12121e-07
  3.72759e-03  3.04114e+03  7.33205e-09 -7.62211e-07
  4.64159e-03  3.05842e+03  8.28672e-09 -9.49105e-07
  5.77969e-03  3.07741e+03  9.34991e-09 -1.18182e-06
  7.19686e-03  3.09789e+03  1.05342e-08 -1.47160e-06
  8.96151e-03  3.12002e+03  1.18498e-08 -1.83244e-06
  1.11588e-02  3.14403e+03  1.33061e-08 -2.28174e-06
  1.38950e-02  3.16989e+03  1.49151e-08 -2.84122e-06
  1.73020e-02  3.19766e+03  1.66895e-08 -3.53787e-06
  2.15443e-02  3.22741e+03  1.86414e-08 -4.40535e-06
  2.68270e-02  3.25974e+03  2.07755e-08 -5.48553e-06
  3.34048e-02  3.29113e+03  2.31435e-08 -6.83056e-06
  4.15956e-02  3.32293e+03  2.57579e-08 -8.50539e-06
  5.17947e-02  3.35545e+03  2.86387e-08 -1.05909e-05
  6.44947e-02  3.38899e+03  3.18042e-08 -1.31878e-05
  8.03086e-02  3.42389e+03  3.52722e-08 -1.64214e-05
  1.00000e-01  3.46055e+03  3.90585e-08 -2.04478e-05
  1.24520e-01  3.49942e+03  4.31744e-08 -2.54615e-05
  1.55052e-01  3.54112e+03  4.76205e-08 -3.17047e-05
  1.93070e-01  3.58659e+03  5.23828e-08 -3.94785e-05
  2.40410e-01  3.63752e+03  5.74193e-08 -4.91586e-05
  2.99358e-01  3.69735e+03  6.26173e-08 -6.12121e-05
  3.72759e-01  3.76665e+03  6.78908e-08 -7.62211e-05
  4.64159e-01  3.84156e+03  7.32714e-08 -9.49105e-05
  5.77969e-01  3.92502e+03  7.86543e-08 -1.18182e-04
  7.19686e-01  4.01765e+03  8.39805e-08 -1.47160e-04
  8.96151e-01  4.12198e+03  8.91544e-08 -1.83192e-04
  1.11588e+00  4.24087e+03  9.40838e-08 -2.27052e-04
  1.38950e+00  4.37734e+03  9.87174e-08 -2.76761e-04
  1.73020e+00  4.53469e+03  1.03056e-07 -3.27480e-04
  2.15443e+00  4.71575e+03  1.07200e-07 -3.85241e-04
  2.68270e+00  4.92269e+03  1.11367e-07 -5.00054e-04
  3.34048e+00  5.15779e+03  1.15851e-07 -5.93645e-04
  4.15956e+00  5.42110e+03  1.20921e-07 -6.05078e-04
  5.17947e+00  5.69293e+03  1.26681e-07 -5.67008e-04
  6.44947e+00  6.04221e+03  1.30104e-07 +6.77919e-04
  8.03086e+00  6.43825e+03  1.30100e-07 +1.14741e-02
  1.00000e+01  6.65048e+03  1.32563e-07 +2.33849e-02
  1.24520e+01  6.84607e+03  1.34796e-07 +3.44713e-02
  1.55052e+01  7.02565e+03  1.36988e-07 +4.34951e-02
  1.93070e+01  7.19208e+03  1.39233e-07 +5.05952e-02
  2.40410e+01  7.34822e+03  1.41588e-07 +5.61467e-02
  2.99358e+01  7.49639e+03  1.44089e-07 +6.05238e-02
  3.72759e+01  7.63833e+03  1.46768e-07 +6.40135e-02
  4.64159e+01  7.77528e+03  1.49652e-07 +6.68123e-02
  5.77969e+01  7.90838e+03  1.52764e-07 +6.90590e-02
  7.19686e+01  8.03863e+03  1.56123e-07 +7.08697e-02
  8.96151e+01  8.16680e+03  1.59747e-07 +7.23480e-02
  1.11588e+02  8.29340e+03  1.63657e-07 +7.35641e-02
  1.38950e+02  8.41881e+03  1.67874e-07 +7.45694e-02
  1.73020e+02  8.54339e+03  1.72421e-07 +7.53948e-02
  2.15443e+02  8.66758e+03  1.77315e-07 +7.60795e-02
  2.68270e+02  8.79144e+03  1.82584e-07 +7.66585e-02
  3.34048e+02  8.91462e+03  1.88270e-07 +7.71533e-02
  4.15956e+02  9.03663e+03  1.94427e-07 +7.75740e-02
  5.17947e+02  9.15715e+03  2.01116e-07 +7.79265e-02
  6.44947e+02  9.27611e+03  2.08399e-07 +7.82183e-02
  8.03086e+02  9.39367e+03  2.16340e-07 +7.84577e-02
  1.00000e+03  9.51017e+03  2.25002e-07 +7.86529e-02
