#n1=128 n2=4 Teff=03600 R=1.6093e+13 L=3.0973e+37 logg=+0.00
#      tau          T          rho         Fconv
  0.00000e+00  1.69725e+03  9.02992e-21 +0.00000e+00
  1.00000e-09  1.69725e+03  2.57801e-17 +0.00000e+00
  1.24520e-09  1.70514e+03  3.20829e-17 +0.00000e+00
  1.55052e-09  1.71301e+03  3.99260e-17 +0.00000e+00
  1.93070e-09  1.72098e+03  4.96826e-17 +0.00000e+00
  2.40410e-09  1.72907e+03  6.18187e-17 +0.00000e+00
  2.99358e-09  1.73722e+03  7.69166e-17 +0.00000e+00
  3.72759e-09  1.74555e+03  9.56924e-17 +0.00000e+00
  4.64159e-09  1.75391e+03  1.19052e-16 +0.00000e+00
  5.77969e-09  1.76252e+03  1.48094e-16 +0.00000e+00
  7.19686e-09  1.77111e+03  1.84228e-16 +0.00000e+00
  8.96151e-09  1.78003e+03  2.29139e-16 +0.00000e+00
  1.11588e-08  1.78890e+03  2.85015e-16 +0.00000e+00
  1.38950e-08  1.79819e+03  3.54442e-16 +0.00000e+00
  1.73020e-08  1.80740e+03  4.40816e-16 +0.00000e+00
  2.15443e-08  1.81713e+03  5.48093e-16 +0.00000e+00
  2.68270e-08  1.82675e+03  6.81544e-16 +0.00000e+00
  3.34048e-08  1.83698e+03  8.47233e-16 +0.00000e+00
  4.15956e-08  1.84714e+03  1.05328e-15 +0.00000e+00
  5.17947e-08  1.85806e+03  1.30895e-15 +0.00000e+00
  6.44947e-08  1.86905e+03  1.62667e-15 +0.00000e+00
  8.03086e-08  1.88082e+03  2.02074e-15 +0.00000e+00
  1.00000e-07  1.89286e+03  2.51004e-15 +0.00000e+00
  1.24520e-07  1.90590e+03  3.11627e-15 +0.00000e+00
  1.55052e-07  1.91964e+03  3.86767e-15 +0.00000e+00
  1.93070e-07  1.93491e+03  4.79663e-15 +0.00000e+00
  2.40410e-07  1.95312e+03  5.93991e-15 +0.00000e+00
  2.99358e-07  1.97371e+03  7.34723e-15 +0.00000e+00
  3.72759e-07  2.00247e+03  9.05101e-15 +0.00000e+00
  4.64159e-07  2.03646e+03  1.11227e-14 +0.00000e+00
  5.77969e-07  2.07617e+03  1.36336e-14 +0.00000e+00
  7.19686e-07  2.11946e+03  1.66882e-14 +0.00000e+00
  8.96151e-07  2.16625e+03  2.04012e-14 +0.00000e+00
  1.11588e-06  2.21418e+03  2.49365e-14 +0.00000e+00
  1.38950e-06  2.25498e+03  3.05871e-14 +0.00000e+00
  1.73020e-06  2.29520e+03  3.75339e-14 +0.00000e+00
  2.15443e-06  2.33374e+03  4.60962e-14 +0.00000e+00
  2.68270e-06  2.36751e+03  5.67299e-14 +0.00000e+00
  3.34048e-06  2.39708e+03  6.99457e-14 +0.00000e+00
  4.15956e-06  2.42306e+03  8.63775e-14 +0.00000e+00
  5.17947e-06  2.44596e+03  1.06822e-13 +0.00000e+00
  6.44947e-06  2.46628e+03  1.32269e-13 +0.00000e+00
  8.03086e-06  2.48447e+03  1.63956e-13 +0.00000e+00
  1.00000e-05  2.50073e+03  2.03440e-13 +0.00000e+00
  1.24520e-05  2.51542e+03  2.52650e-13 +0.00000e+00
  1.55052e-05  2.52873e+03  3.14004e-13 +0.00000e+00
  1.93070e-05  2.54081e+03  3.90525e-13 +0.00000e+00
  2.40410e-05  2.55191e+03  4.85959e-13 +0.00000e+00
  2.99358e-05  2.56212e+03  6.04996e-13 +0.00000e+00
  3.72759e-05  2.57159e+03  7.53462e-13 +0.00000e+00
  4.64159e-05  2.58051e+03  9.38564e-13 +0.00000e+00
  5.77969e-05  2.58895e+03  1.16929e-12 +0.00000e+00
  7.19686e-05  2.59703e+03  1.45676e-12 +0.00000e+00
  8.96151e-05  2.60492e+03  1.81465e-12 +0.00000e+00
  1.11588e-04  2.61271e+03  2.25988e-12 +0.00000e+00
  1.38950e-04  2.62050e+03  2.81326e-12 +0.00000e+00
  1.73020e-04  2.62847e+03  3.50016e-12 +0.00000e+00
  2.15443e-04  2.63672e+03  4.35162e-12 +0.00000e+00
  2.68270e-04  2.64531e+03  5.40543e-12 +0.00000e+00
  3.34048e-04  2.65437e+03  6.70728e-12 +0.00000e+00
  4.15956e-04  2.66404e+03  8.31177e-12 +0.00000e+00
  5.17947e-04  2.67442e+03  1.02846e-11 +0.00000e+00
  6.44947e-04  2.68559e+03  1.27033e-11 +0.00000e+00
  8.03086e-04  2.69758e+03  1.56600e-11 +0.00000e+00
  1.00000e-03  2.71049e+03  1.92610e-11 +0.00000e+00
  1.24520e-03  2.72446e+03  2.36297e-11 -2.54740e-07
  1.55052e-03  2.73948e+03  2.89069e-11 -3.17201e-07
  1.93070e-03  2.75563e+03  3.52522e-11 -3.94978e-07
  2.40410e-03  2.77294e+03  4.28432e-11 -4.91826e-07
  2.99358e-03  2.79151e+03  5.18741e-11 -6.12419e-07
  3.72759e-03  2.81143e+03  6.25571e-11 -7.62584e-07
  4.64159e-03  2.83280e+03  7.51118e-11 -9.49566e-07
  5.77969e-03  2.85585e+03  8.97693e-11 -1.18240e-06
  7.19686e-03  2.88043e+03  1.06767e-10 -1.47231e-06
  8.96151e-03  2.90558e+03  1.26398e-10 -1.83332e-06
  1.11588e-02  2.93128e+03  1.48951e-10 -2.28285e-06
  1.38950e-02  2.95746e+03  1.74710e-10 -2.84260e-06
  1.73020e-02  2.98412e+03  2.03997e-10 -3.53960e-06
  2.15443e-02  3.01116e+03  2.37139e-10 -4.40750e-06
  2.68270e-02  3.03845e+03  2.74486e-10 -5.48821e-06
  3.34048e-02  3.06605e+03  3.16430e-10 -6.83389e-06
  4.15956e-02  3.09421e+03  3.63323e-10 -8.50954e-06
  5.17947e-02  3.12280e+03  4.15582e-10 -1.05961e-05
  6.44947e-02  3.15242e+03  4.73559e-10 -1.31942e-05
  8.03086e-02  3.18355e+03  5.37529e-10 -1.64294e-05
  1.00000e-01  3.21687e+03  6.07612e-10 -2.04578e-05
  1.24520e-01  3.25161e+03  6.84236e-10 -2.54740e-05
  1.55052e-01  3.28854e+03  7.67492e-10 -3.17201e-05
  1.93070e-01  3.32834e+03  8.57324e-10 -3.94978e-05
  2.40410e-01  3.37285e+03  9.53116e-10 -4.91826e-05
  2.99358e-01  3.42796e+03  1.05195e-09 -6.12419e-05
  3.72759e-01  3.49109e+03  1.15306e-09 -7.62584e-05
  4.64159e-01  3.56215e+03  1.25564e-09 -9.49566e-05
  5.77969e-01  3.64450e+03  1.35777e-09 -1.18240e-04
  7.19686e-01  3.74184e+03  1.45746e-09 -1.47231e-04
  8.96151e-01  3.85729e+03  1.55376e-09 -1.83332e-04
  1.11588e+00  3.99270e+03  1.64809e-09 -2.28285e-04
  1.38950e+00  4.14798e+03  1.74513e-09 -2.84260e-04
  1.73020e+00  4.31878e+03  1.85394e-09 -3.53960e-04
  2.15443e+00  4.51341e+03  1.98105e-09 -4.40750e-04
  2.68270e+00  4.72476e+03  2.13904e-09 -5.48821e-04
  3.34048e+00  4.95826e+03  2.32008e-09 -6.13734e-04
  4.15956e+00  5.22036e+03  2.48282e-09 -6.13734e-04
  5.17947e+00  5.50975e+03  2.58168e-09 -6.13733e-04
  6.44947e+00  5.86215e+03  2.58047e-09 -6.13641e-04
  8.03086e+00  6.16032e+03  2.55965e-09 -6.09499e-04
  1.00000e+01  6.67262e+03  2.41134e-09 +4.31495e-04
  1.24520e+01  7.06056e+03  2.29316e-09 +1.73289e-02
  1.55052e+01  7.23793e+03  2.25041e-09 +3.29038e-02
  1.93070e+01  7.39038e+03  2.21488e-09 +4.52537e-02
  2.40410e+01  7.52307e+03  2.18548e-09 +5.39303e-02
  2.99358e+01  7.64183e+03  2.16067e-09 +5.99880e-02
  3.72759e+01  7.75098e+03  2.13921e-09 +6.43238e-02
  4.64159e+01  7.85347e+03  2.12033e-09 +6.75114e-02
  5.77969e+01  7.95135e+03  2.10346e-09 +6.99153e-02
  7.19686e+01  8.04604e+03  2.08826e-09 +7.17641e-02
  8.96151e+01  8.13862e+03  2.07447e-09 +7.32100e-02
  1.11588e+02  8.22985e+03  2.06195e-09 +7.43568e-02
  1.38950e+02  8.32035e+03  2.05056e-09 +7.52771e-02
  1.73020e+02  8.41060e+03  2.04028e-09 +7.60194e-02
  2.15443e+02  8.50098e+03  2.03105e-09 +7.66250e-02
  2.68270e+02  8.59184e+03  2.02288e-09 +7.71212e-02
  3.34048e+02  8.68346e+03  2.01581e-09 +7.75284e-02
  4.15956e+02  8.77610e+03  2.00986e-09 +7.78652e-02
  5.17947e+02  8.87002e+03  2.00510e-09 +7.81447e-02
  6.44947e+02  8.96544e+03  2.00165e-09 +7.83760e-02
  8.03086e+02  9.06261e+03  1.99958e-09 +7.85690e-02
  1.00000e+03  9.16178e+03  1.99898e-09 +7.87302e-02
