#n1=128 n2=4 Teff=03000 R=1.1589e+11 L=7.7507e+32 logg=+3.50
#      tau          T          rho         Fconv
  0.00000e+00  1.65443e+03  9.26385e-21 +0.00000e+00
  1.00000e-09  1.65443e+03  1.53221e-13 +0.00000e+00
  1.24520e-09  1.65626e+03  1.92219e-13 +0.00000e+00
  1.55052e-09  1.65817e+03  2.40791e-13 +0.00000e+00
  1.93070e-09  1.66023e+03  3.01766e-13 +0.00000e+00
  2.40410e-09  1.66246e+03  3.77800e-13 +0.00000e+00
  2.99358e-09  1.66496e+03  4.72703e-13 +0.00000e+00
  3.72759e-09  1.66781e+03  5.91168e-13 +0.00000e+00
  4.64159e-09  1.67115e+03  7.37905e-13 +0.00000e+00
  5.77969e-09  1.67506e+03  9.21116e-13 +0.00000e+00
  7.19686e-09  1.67969e+03  1.14657e-12 +0.00000e+00
  8.96151e-09  1.68510e+03  1.42779e-12 +0.00000e+00
  1.11588e-08  1.69135e+03  1.77255e-12 +0.00000e+00
  1.38950e-08  1.69844e+03  2.20149e-12 +0.00000e+00
  1.73020e-08  1.70630e+03  2.72809e-12 +0.00000e+00
  2.15443e-08  1.71486e+03  3.38164e-12 +0.00000e+00
  2.68270e-08  1.72404e+03  4.18595e-12 +0.00000e+00
  3.34048e-08  1.73376e+03  5.18261e-12 +0.00000e+00
  4.15956e-08  1.74399e+03  6.41166e-12 +0.00000e+00
  5.17947e-08  1.75475e+03  7.93042e-12 +0.00000e+00
  6.44947e-08  1.76609e+03  9.80299e-12 +0.00000e+00
  8.03086e-08  1.77805e+03  1.21099e-11 +0.00000e+00
  1.00000e-07  1.79068e+03  1.49528e-11 +0.00000e+00
  1.24520e-07  1.80400e+03  1.84427e-11 +0.00000e+00
  1.55052e-07  1.81797e+03  2.27460e-11 +0.00000e+00
  1.93070e-07  1.83258e+03  2.80114e-11 +0.00000e+00
  2.40410e-07  1.84775e+03  3.45112e-11 +0.00000e+00
  2.99358e-07  1.86343e+03  4.24448e-11 +0.00000e+00
  3.72759e-07  1.87953e+03  5.22516e-11 +0.00000e+00
  4.64159e-07  1.89595e+03  6.41894e-11 +0.00000e+00
  5.77969e-07  1.91258e+03  7.89411e-11 +0.00000e+00
  7.19686e-07  1.92935e+03  9.69199e-11 +0.00000e+00
  8.96151e-07  1.94627e+03  1.19066e-10 +0.00000e+00
  1.11588e-06  1.96327e+03  1.46047e-10 +0.00000e+00
  1.38950e-06  1.98071e+03  1.79054e-10 +0.00000e+00
  1.73020e-06  1.99791e+03  2.19307e-10 +0.00000e+00
  2.15443e-06  2.01515e+03  2.68399e-10 +0.00000e+00
  2.68270e-06  2.03249e+03  3.28043e-10 +0.00000e+00
  3.34048e-06  2.04988e+03  4.00177e-10 +0.00000e+00
  4.15956e-06  2.06739e+03  4.87582e-10 +0.00000e+00
  5.17947e-06  2.08497e+03  5.92231e-10 +0.00000e+00
  6.44947e-06  2.10269e+03  7.18571e-10 +0.00000e+00
  8.03086e-06  2.12056e+03  8.67967e-10 +0.00000e+00
  1.00000e-05  2.13858e+03  1.04650e-09 +0.00000e+00
  1.24520e-05  2.15679e+03  1.25644e-09 +0.00000e+00
  1.55052e-05  2.17521e+03  1.50304e-09 +0.00000e+00
  1.93070e-05  2.19387e+03  1.79162e-09 +0.00000e+00
  2.40410e-05  2.21277e+03  2.12369e-09 +0.00000e+00
  2.99358e-05  2.23193e+03  2.50844e-09 +0.00000e+00
  3.72759e-05  2.25137e+03  2.94610e-09 +0.00000e+00
  4.64159e-05  2.27112e+03  3.44277e-09 +0.00000e+00
  5.77969e-05  2.29117e+03  4.00633e-09 +0.00000e+00
  7.19686e-05  2.31153e+03  4.63090e-09 +0.00000e+00
  8.96151e-05  2.33222e+03  5.32846e-09 +0.00000e+00
  1.11588e-04  2.35323e+03  6.10501e-09 +0.00000e+00
  1.38950e-04  2.37461e+03  6.94926e-09 +0.00000e+00
  1.73020e-04  2.39637e+03  7.87636e-09 +0.00000e+00
  2.15443e-04  2.41852e+03  8.89239e-09 +0.00000e+00
  2.68270e-04  2.44114e+03  9.98658e-09 +0.00000e+00
  3.34048e-04  2.46423e+03  1.11644e-08 +0.00000e+00
  4.15956e-04  2.48785e+03  1.24394e-08 +0.00000e+00
  5.17947e-04  2.51201e+03  1.38150e-08 +0.00000e+00
  6.44947e-04  2.53684e+03  1.52610e-08 +0.00000e+00
  8.03086e-04  2.56233e+03  1.68099e-08 +0.00000e+00
  1.00000e-03  2.58848e+03  1.84689e-08 +0.00000e+00
  1.24520e-03  2.61496e+03  2.02469e-08 +1.72018e+00
  1.55052e-03  2.63361e+03  2.23803e-08 +1.22357e-02
  1.93070e-03  2.65269e+03  2.47707e-08 +2.96726e-02
  2.40410e-03  2.67221e+03  2.74440e-08 +3.04726e-02
  2.99358e-03  2.69218e+03  3.04290e-08 +1.64057e-02
  3.72759e-03  2.71264e+03  3.36869e-08 +4.52684e-02
  4.64159e-03  2.73341e+03  3.73120e-08 +5.54779e-02
  5.77969e-03  2.75451e+03  4.13533e-08 +4.55273e-02
  7.19686e-03  2.77606e+03  4.58418e-08 +3.40790e-02
  8.96151e-03  2.79801e+03  5.07345e-08 +3.58818e-02
  1.11588e-02  2.82018e+03  5.61688e-08 +3.02744e-02
  1.38950e-02  2.84270e+03  6.22106e-08 +2.57676e-02
  1.73020e-02  2.86569e+03  6.89109e-08 +1.97686e-02
  2.15443e-02  2.88922e+03  7.61998e-08 +4.25868e-02
  2.68270e-02  2.91353e+03  8.42206e-08 +4.01212e-02
  3.34048e-02  2.93796e+03  9.31373e-08 +1.37681e-02
  4.15956e-02  2.96253e+03  1.03046e-07 +1.19429e-02
  5.17947e-02  2.98749e+03  1.13859e-07 +1.04023e-02
  6.44947e-02  3.01301e+03  1.25786e-07 +9.43528e-03
  8.03086e-02  3.03918e+03  1.38980e-07 +8.69134e-03
  1.00000e-01  3.06606e+03  1.53544e-07 +8.07427e-03
  1.24520e-01  3.09373e+03  1.69362e-07 +7.31595e-03
  1.55052e-01  3.12231e+03  1.86679e-07 +6.65939e-03
  1.93070e-01  3.15181e+03  2.05719e-07 +6.46169e-03
  2.40410e-01  3.18236e+03  2.26589e-07 +8.17494e-03
  2.99358e-01  3.21653e+03  2.48554e-07 +3.55388e-03
  3.72759e-01  3.25206e+03  2.72197e-07 +6.79799e-03
  4.64159e-01  3.28798e+03  2.98092e-07 +9.84239e-03
  5.77969e-01  3.32408e+03  3.26555e-07 +1.25188e-02
  7.19686e-01  3.36060e+03  3.57586e-07 +1.52876e-02
  8.96151e-01  3.39799e+03  3.91274e-07 +1.86087e-02
  1.11588e+00  3.43660e+03  4.28088e-07 +2.28114e-02
  1.38950e+00  3.47663e+03  4.68151e-07 +2.81707e-02
  1.73020e+00  3.51822e+03  5.11552e-07 +3.50266e-02
  2.15443e+00  3.56141e+03  5.58116e-07 +4.37942e-02
  2.68270e+00  3.60609e+03  6.08653e-07 +5.50463e-02
  3.34048e+00  3.65204e+03  6.63490e-07 +6.33089e-02
  4.15956e+00  3.69872e+03  7.23167e-07 +6.57928e-02
  5.17947e+00  3.74631e+03  7.87497e-07 +6.77954e-02
  6.44947e+00  3.79528e+03  8.57080e-07 +6.94100e-02
  8.03086e+00  3.84606e+03  9.32077e-07 +7.07466e-02
  1.00000e+01  3.89888e+03  1.01258e-06 +7.18883e-02
  1.24520e+01  3.95382e+03  1.09854e-06 +7.28875e-02
  1.55052e+01  4.01077e+03  1.19018e-06 +7.37768e-02
  1.93070e+01  4.06955e+03  1.28824e-06 +7.45623e-02
  2.40410e+01  4.13016e+03  1.39306e-06 +7.52297e-02
  2.99358e+01  4.19296e+03  1.50476e-06 +7.57782e-02
  3.72759e+01  4.25858e+03  1.62303e-06 +7.62180e-02
  4.64159e+01  4.32789e+03  1.74785e-06 +7.65767e-02
  5.77969e+01  4.40140e+03  1.87912e-06 +7.68885e-02
  7.19686e+01  4.47928e+03  2.01692e-06 +7.71703e-02
  8.96151e+01  4.56160e+03  2.16149e-06 +7.74183e-02
  1.11588e+02  4.64884e+03  2.31285e-06 +7.76271e-02
  1.38950e+02  4.74183e+03  2.47130e-06 +7.78002e-02
  1.73020e+02  4.84180e+03  2.63665e-06 +7.79339e-02
  2.15443e+02  4.95036e+03  2.80849e-06 +7.80422e-02
  2.68270e+02  5.06842e+03  2.98710e-06 +7.81401e-02
  3.34048e+02  5.19687e+03  3.17330e-06 +7.82194e-02
  4.15956e+02  5.33736e+03  3.36827e-06 +7.82839e-02
  5.17947e+02  5.49135e+03  3.57342e-06 +7.83355e-02
  6.44947e+02  5.66058e+03  3.79022e-06 +7.83764e-02
  8.03086e+02  5.84647e+03  4.01993e-06 +7.84121e-02
  1.00000e+03  6.04902e+03  4.26256e-06 +7.84585e-02
