#n1=128 n2=4 Teff=03900 R=7.8139e+10 L=1.0063e+33 logg=+4.00
#   tau          T          rho         Fconv
 0.00000e+00 3.12830e+03 4.75488e-21 +0.00000e+00
 1.00000e-09 3.12830e+03 2.02992e-13 +0.00000e+00
 1.24520e-09 3.12784e+03 2.52890e-13 +0.00000e+00
 1.55052e-09 3.12732e+03 3.15050e-13 +0.00000e+00
 1.93070e-09 3.12673e+03 3.92489e-13 +0.00000e+00
 2.40410e-09 3.12606e+03 4.88967e-13 +0.00000e+00
 2.99358e-09 3.12529e+03 6.09166e-13 +0.00000e+00
 3.72759e-09 3.12441e+03 7.58927e-13 +0.00000e+00
 4.64159e-09 3.12342e+03 9.45528e-13 +0.00000e+00
 5.77969e-09 3.12230e+03 1.17804e-12 +0.00000e+00
 7.19686e-09 3.12102e+03 1.46779e-12 +0.00000e+00
 8.96151e-09 3.11958e+03 1.82888e-12 +0.00000e+00
 1.11588e-08 3.11795e+03 2.27893e-12 +0.00000e+00
 1.38950e-08 3.11610e+03 2.83989e-12 +0.00000e+00
 1.73020e-08 3.11401e+03 3.53919e-12 +0.00000e+00
 2.15443e-08 3.11163e+03 4.41105e-12 +0.00000e+00
 2.68270e-08 3.10893e+03 5.49824e-12 +0.00000e+00
 3.34048e-08 3.10585e+03 6.85418e-12 +0.00000e+00
 4.15956e-08 3.10233e+03 8.54571e-12 +0.00000e+00
 5.17947e-08 3.09829e+03 1.06565e-11 +0.00000e+00
 6.44947e-08 3.09363e+03 1.32912e-11 +0.00000e+00
 8.03086e-08 3.08818e+03 1.65815e-11 +0.00000e+00
 1.00000e-07 3.08181e+03 2.06926e-11 +0.00000e+00
 1.24520e-07 3.07423e+03 2.58333e-11 +0.00000e+00
 1.55052e-07 3.06530e+03 3.22655e-11 +0.00000e+00
 1.93070e-07 3.05526e+03 4.03144e-11 +0.00000e+00
 2.40410e-07 3.04484e+03 5.03784e-11 +0.00000e+00
 2.99358e-07 3.03546e+03 6.29341e-11 +0.00000e+00
 3.72759e-07 3.02742e+03 7.85851e-11 +0.00000e+00
 4.64159e-07 3.02167e+03 9.80551e-11 +0.00000e+00
 5.77969e-07 3.01737e+03 1.22291e-10 +0.00000e+00
 7.19686e-07 3.01490e+03 1.52425e-10 +0.00000e+00
 8.96151e-07 3.01351e+03 1.89918e-10 +0.00000e+00
 1.11588e-06 3.01341e+03 2.36530e-10 +0.00000e+00
 1.38950e-06 3.01422e+03 2.94497e-10 +0.00000e+00
 1.73020e-06 3.01611e+03 3.66536e-10 +0.00000e+00
 2.15443e-06 3.01902e+03 4.56047e-10 +0.00000e+00
 2.68270e-06 3.02311e+03 5.67184e-10 +0.00000e+00
 3.34048e-06 3.02853e+03 7.05093e-10 +0.00000e+00
 4.15956e-06 3.03546e+03 8.76059e-10 +0.00000e+00
 5.17947e-06 3.04407e+03 1.08784e-09 +0.00000e+00
 6.44947e-06 3.05450e+03 1.34988e-09 +0.00000e+00
 8.03086e-06 3.06689e+03 1.67382e-09 +0.00000e+00
 1.00000e-05 3.08124e+03 2.07385e-09 +0.00000e+00
 1.24520e-05 3.09754e+03 2.56745e-09 +0.00000e+00
 1.55052e-05 3.11566e+03 3.17594e-09 +0.00000e+00
 1.93070e-05 3.13541e+03 3.92563e-09 +0.00000e+00
 2.40410e-05 3.15652e+03 4.84867e-09 +0.00000e+00
 2.99358e-05 3.17870e+03 5.98453e-09 +0.00000e+00
 3.72759e-05 3.20158e+03 7.38184e-09 +0.00000e+00
 4.64159e-05 3.22479e+03 9.09958e-09 +0.00000e+00
 5.77969e-05 3.24788e+03 1.12112e-08 +0.00000e+00
 7.19686e-05 3.27042e+03 1.38048e-08 +0.00000e+00
 8.96151e-05 3.29193e+03 1.69913e-08 +0.00000e+00
 1.11588e-04 3.31198e+03 2.09021e-08 +0.00000e+00
 1.38950e-04 3.33020e+03 2.57038e-08 +0.00000e+00
 1.73020e-04 3.34643e+03 3.15914e-08 +0.00000e+00
 2.15443e-04 3.36074e+03 3.88078e-08 +0.00000e+00
 2.68270e-04 3.37338e+03 4.76380e-08 +0.00000e+00
 3.34048e-04 3.38470e+03 5.84208e-08 +0.00000e+00
 4.15956e-04 3.39489e+03 7.15815e-08 +0.00000e+00
 5.17947e-04 3.40408e+03 8.75909e-08 +0.00000e+00
 6.44947e-04 3.41210e+03 1.07101e-07 +0.00000e+00
 8.03086e-04 3.41885e+03 1.30821e-07 +0.00000e+00
 1.00000e-03 3.42419e+03 1.59706e-07 +0.00000e+00
 1.24520e-03 3.42788e+03 1.94960e-07 -2.54603e-07
 1.55052e-03 3.43008e+03 2.37814e-07 -3.17030e-07
 1.93070e-03 3.43043e+03 2.90382e-07 -3.94766e-07
 2.40410e-03 3.42920e+03 3.54563e-07 -4.91561e-07
 2.99358e-03 3.42629e+03 4.33350e-07 -6.12090e-07
 3.72759e-03 3.42150e+03 5.30731e-07 -7.62173e-07
 4.64159e-03 3.41559e+03 6.49692e-07 -9.49052e-07
 5.77969e-03 3.40792e+03 7.97754e-07 -1.18176e-06
 7.19686e-03 3.39938e+03 9.80476e-07 -1.47153e-06
 8.96151e-03 3.39064e+03 1.20595e-06 -1.83234e-06
 1.11588e-02 3.38227e+03 1.48612e-06 -2.28162e-06
 1.38950e-02 3.37742e+03 1.82350e-06 -2.84107e-06
 1.73020e-02 3.37688e+03 2.23069e-06 -3.53770e-06
 2.15443e-02 3.38324e+03 2.70793e-06 -4.40513e-06
 2.68270e-02 3.39833e+03 3.24917e-06 -5.48525e-06
 3.34048e-02 3.42193e+03 3.85275e-06 -6.83022e-06
 4.15956e-02 3.45396e+03 4.49263e-06 -8.50496e-06
 5.17947e-02 3.49236e+03 5.15886e-06 -1.05904e-05
 6.44947e-02 3.53525e+03 5.83898e-06 +1.14740e-03
 8.03086e-02 3.58128e+03 6.50535e-06 +1.41566e-02
 1.00000e-01 3.62163e+03 7.20044e-06 +5.47126e-03
 1.24520e-01 3.66026e+03 7.92039e-06 +5.91961e-03
 1.55052e-01 3.69745e+03 8.66654e-06 +6.91815e-03
 1.93070e-01 3.73346e+03 9.43094e-06 +8.41179e-03
 2.40410e-01 3.76883e+03 1.02139e-05 +9.49731e-03
 2.99358e-01 3.80354e+03 1.10263e-05 +1.17625e-02
 3.72759e-01 3.83752e+03 1.18725e-05 +1.53188e-02
 4.64159e-01 3.87091e+03 1.27561e-05 +1.81156e-02
 5.77969e-01 3.90383e+03 1.36732e-05 +1.92845e-02
 7.19686e-01 3.93647e+03 1.46193e-05 +2.27748e-02
 8.96151e-01 3.96897e+03 1.56114e-05 +2.69274e-02
 1.11588e+00 4.00144e+03 1.66527e-05 +3.19117e-02
 1.38950e+00 4.03396e+03 1.77462e-05 +3.79664e-02
 1.73020e+00 4.06659e+03 1.88958e-05 +4.53974e-02
 2.15443e+00 4.09938e+03 2.00952e-05 +5.45878e-02
 2.68270e+00 4.13242e+03 2.13375e-05 +6.60195e-02
 3.34048e+00 4.16572e+03 2.26448e-05 +7.34899e-02
 4.15956e+00 4.19921e+03 2.40230e-05 +7.45408e-02
 5.17947e+00 4.23292e+03 2.54780e-05 +7.54056e-02
 6.44947e+00 4.26690e+03 2.70158e-05 +7.61185e-02
 8.03086e+00 4.30117e+03 2.86421e-05 +7.67052e-02
 1.00000e+01 4.33581e+03 3.03273e-05 +7.71902e-02
 1.24520e+01 4.37083e+03 3.21034e-05 +7.75905e-02
 1.55052e+01 4.40630e+03 3.39816e-05 +7.79221e-02
 1.93070e+01 4.44224e+03 3.59673e-05 +7.81974e-02
 2.40410e+01 4.47870e+03 3.80679e-05 +7.84261e-02
 2.99358e+01 4.51570e+03 4.02913e-05 +7.86160e-02
 3.72759e+01 4.55328e+03 4.26377e-05 +7.87746e-02
 4.64159e+01 4.59142e+03 4.50728e-05 +7.89072e-02
 5.77969e+01 4.63012e+03 4.76474e-05 +7.90186e-02
 7.19686e+01 4.66941e+03 5.03710e-05 +7.91108e-02
 8.96151e+01 4.70932e+03 5.32531e-05 +7.91878e-02
 1.11588e+02 4.74991e+03 5.63038e-05 +7.92511e-02
 1.38950e+02 4.79123e+03 5.95341e-05 +7.93045e-02
 1.73020e+02 4.83333e+03 6.29278e-05 +7.93495e-02
 2.15443e+02 4.87619e+03 6.64652e-05 +7.93868e-02
 2.68270e+02 4.91983e+03 7.02004e-05 +7.94181e-02
 3.34048e+02 4.96429e+03 7.41450e-05 +7.94448e-02
 4.15956e+02 5.00960e+03 7.83120e-05 +7.94661e-02
 5.17947e+02 5.05581e+03 8.27162e-05 +7.94852e-02
 6.44947e+02 5.10294e+03 8.73751e-05 +7.95004e-02
 8.03086e+02 5.15101e+03 9.22515e-05 +7.95134e-02
 1.00000e+03 5.19993e+03 9.73500e-05 +7.95248e-02
