#n1=128 n2=4 Teff=04500 R=2.8453e+10 L=2.3654e+32 logg=+5.00
#   tau          T          rho         Fconv
 0.00000e+00 2.40869e+03 6.21919e-21 +0.00000e+00
 1.00000e-09 2.40869e+03 2.66471e-12 +0.00000e+00
 1.24520e-09 2.41603e+03 3.30789e-12 +0.00000e+00
 1.55052e-09 2.42421e+03 4.10452e-12 +0.00000e+00
 1.93070e-09 2.43305e+03 5.09116e-12 +0.00000e+00
 2.40410e-09 2.44264e+03 6.31233e-12 +0.00000e+00
 2.99358e-09 2.45272e+03 7.82391e-12 +0.00000e+00
 3.72759e-09 2.46343e+03 9.69358e-12 +0.00000e+00
 4.64159e-09 2.47443e+03 1.20068e-11 +0.00000e+00
 5.77969e-09 2.48579e+03 1.48669e-11 +0.00000e+00
 7.19686e-09 2.49718e+03 1.84041e-11 +0.00000e+00
 8.96151e-09 2.50866e+03 2.27761e-11 +0.00000e+00
 1.11588e-08 2.51999e+03 2.81798e-11 +0.00000e+00
 1.38950e-08 2.53124e+03 3.48541e-11 +0.00000e+00
 1.73020e-08 2.54235e+03 4.30928e-11 +0.00000e+00
 2.15443e-08 2.55348e+03 5.32518e-11 +0.00000e+00
 2.68270e-08 2.56472e+03 6.57617e-11 +0.00000e+00
 3.34048e-08 2.57616e+03 8.11462e-11 +0.00000e+00
 4.15956e-08 2.58790e+03 1.00031e-10 +0.00000e+00
 5.17947e-08 2.59986e+03 1.23180e-10 +0.00000e+00
 6.44947e-08 2.61214e+03 1.51490e-10 +0.00000e+00
 8.03086e-08 2.62446e+03 1.86065e-10 +0.00000e+00
 1.00000e-07 2.63698e+03 2.28173e-10 +0.00000e+00
 1.24520e-07 2.64853e+03 2.79480e-10 +0.00000e+00
 1.55052e-07 2.66112e+03 3.41526e-10 +0.00000e+00
 1.93070e-07 2.67370e+03 4.16475e-10 +0.00000e+00
 2.40410e-07 2.68635e+03 5.06739e-10 +0.00000e+00
 2.99358e-07 2.69902e+03 6.15040e-10 +0.00000e+00
 3.72759e-07 2.71151e+03 7.44647e-10 +0.00000e+00
 4.64159e-07 2.72420e+03 8.99011e-10 +0.00000e+00
 5.77969e-07 2.73644e+03 1.08247e-09 +0.00000e+00
 7.19686e-07 2.74934e+03 1.29912e-09 +0.00000e+00
 8.96151e-07 2.76157e+03 1.55493e-09 +0.00000e+00
 1.11588e-06 2.77349e+03 1.85595e-09 +0.00000e+00
 1.38950e-06 2.78561e+03 2.20849e-09 +0.00000e+00
 1.73020e-06 2.79715e+03 2.62077e-09 +0.00000e+00
 2.15443e-06 2.80885e+03 3.10122e-09 +0.00000e+00
 2.68270e-06 2.82061e+03 3.65942e-09 +0.00000e+00
 3.34048e-06 2.83188e+03 4.30741e-09 +0.00000e+00
 4.15956e-06 2.84350e+03 5.05699e-09 +0.00000e+00
 5.17947e-06 2.85495e+03 5.92332e-09 +0.00000e+00
 6.44947e-06 2.86749e+03 6.91516e-09 +0.00000e+00
 8.03086e-06 2.87921e+03 8.06213e-09 +0.00000e+00
 1.00000e-05 2.89058e+03 9.38331e-09 +0.00000e+00
 1.24520e-05 2.90219e+03 1.08973e-08 +0.00000e+00
 1.55052e-05 2.91539e+03 1.26197e-08 +0.00000e+00
 1.93070e-05 2.92767e+03 1.46015e-08 +0.00000e+00
 2.40410e-05 2.94050e+03 1.68544e-08 +0.00000e+00
 2.99358e-05 2.95434e+03 1.94161e-08 +0.00000e+00
 3.72759e-05 2.96923e+03 2.23192e-08 +0.00000e+00
 4.64159e-05 2.98554e+03 2.55669e-08 +0.00000e+00
 5.77969e-05 3.00387e+03 2.91963e-08 +0.00000e+00
 7.19686e-05 3.02439e+03 3.32265e-08 +0.00000e+00
 8.96151e-05 3.04730e+03 3.76464e-08 +0.00000e+00
 1.11588e-04 3.07284e+03 4.24641e-08 +0.00000e+00
 1.38950e-04 3.10100e+03 4.76973e-08 +0.00000e+00
 1.73020e-04 3.13174e+03 5.33482e-08 +0.00000e+00
 2.15443e-04 3.16487e+03 5.93711e-08 +0.00000e+00
 2.68270e-04 3.20056e+03 6.57996e-08 +0.00000e+00
 3.34048e-04 3.23750e+03 7.26964e-08 +0.00000e+00
 4.15956e-04 3.27567e+03 8.00720e-08 +0.00000e+00
 5.17947e-04 3.31462e+03 8.79347e-08 +0.00000e+00
 6.44947e-04 3.35391e+03 9.63895e-08 +0.00000e+00
 8.03086e-04 3.39309e+03 1.05515e-07 +0.00000e+00
 1.00000e-03 3.43153e+03 1.15422e-07 +0.00000e+00
 1.24520e-03 3.46850e+03 1.26234e-07 -2.54565e-07
 1.55052e-03 3.50329e+03 1.38180e-07 -3.16984e-07
 1.93070e-03 3.53544e+03 1.51501e-07 -3.94707e-07
 2.40410e-03 3.56478e+03 1.66458e-07 -4.91488e-07
 2.99358e-03 3.59142e+03 1.83318e-07 -6.12000e-07
 3.72759e-03 3.61568e+03 2.02388e-07 -7.62060e-07
 4.64159e-03 3.63808e+03 2.24026e-07 -9.48914e-07
 5.77969e-03 3.65922e+03 2.48575e-07 -1.18159e-06
 7.19686e-03 3.67964e+03 2.76383e-07 -1.47131e-06
 8.96151e-03 3.69987e+03 3.07763e-07 -1.83207e-06
 1.11588e-02 3.72033e+03 3.43191e-07 -2.28128e-06
 1.38950e-02 3.74146e+03 3.83058e-07 -2.84065e-06
 1.73020e-02 3.76368e+03 4.27727e-07 -3.53717e-06
 2.15443e-02 3.78744e+03 4.77392e-07 -4.40445e-06
 2.68270e-02 3.81316e+03 5.32518e-07 -5.48441e-06
 3.34048e-02 3.84131e+03 5.93297e-07 -6.82918e-06
 4.15956e-02 3.87235e+03 6.59801e-07 -8.50371e-06
 5.17947e-02 3.90677e+03 7.31770e-07 -1.05888e-05
 6.44947e-02 3.94506e+03 8.09350e-07 -1.31851e-05
 8.03086e-02 3.98780e+03 8.92191e-07 -1.64181e-05
 1.00000e-01 4.03541e+03 9.79882e-07 -2.04437e-05
 1.24520e-01 4.08850e+03 1.07162e-06 -2.54565e-05
 1.55052e-01 4.14452e+03 1.16898e-06 -3.16984e-05
 1.93070e-01 4.20358e+03 1.27240e-06 -3.94707e-05
 2.40410e-01 4.26903e+03 1.38046e-06 -2.31641e-05
 2.99358e-01 4.34363e+03 1.49147e-06 +3.20306e-04
 3.72759e-01 4.42322e+03 1.60818e-06 +5.85498e-04
 4.64159e-01 4.51038e+03 1.73022e-06 +1.32394e-03
 5.77969e-01 4.60351e+03 1.85947e-06 +2.31294e-03
 7.19686e-01 4.70537e+03 1.99564e-06 +3.73240e-03
 8.96151e-01 4.81776e+03 2.13883e-06 +5.15582e-03
 1.11588e+00 4.94305e+03 2.28872e-06 +6.67642e-03
 1.38950e+00 5.08224e+03 2.44396e-06 +9.00765e-03
 1.73020e+00 5.23398e+03 2.60190e-06 +1.26098e-02
 2.15443e+00 5.39462e+03 2.75777e-06 +1.85132e-02
 2.68270e+00 5.55847e+03 2.90619e-06 +2.75249e-02
 3.34048e+00 5.72032e+03 3.04363e-06 +3.71253e-02
 4.15956e+00 5.87633e+03 3.17031e-06 +4.41469e-02
 5.17947e+00 6.02577e+03 3.28791e-06 +5.01901e-02
 6.44947e+00 6.16908e+03 3.39842e-06 +5.52316e-02
 8.03086e+00 6.30742e+03 3.50450e-06 +5.93115e-02
 1.00000e+01 6.44221e+03 3.60769e-06 +6.26064e-02
 1.24520e+01 6.57459e+03 3.70927e-06 +6.52988e-02
 1.55052e+01 6.70549e+03 3.81029e-06 +6.75074e-02
 1.93070e+01 6.83573e+03 3.91164e-06 +6.93340e-02
 2.40410e+01 6.96591e+03 4.01407e-06 +7.08561e-02
 2.99358e+01 7.09656e+03 4.11830e-06 +7.21321e-02
 3.72759e+01 7.22809e+03 4.22492e-06 +7.32069e-02
 4.64159e+01 7.36083e+03 4.33454e-06 +7.41187e-02
 5.77969e+01 7.49501e+03 4.44777e-06 +7.48959e-02
 7.19686e+01 7.63077e+03 4.56523e-06 +7.55613e-02
 8.96151e+01 7.76821e+03 4.68758e-06 +7.61303e-02
 1.11588e+02 7.90745e+03 4.81544e-06 +7.66167e-02
 1.38950e+02 8.04865e+03 4.94939e-06 +7.70335e-02
 1.73020e+02 8.19188e+03 5.09010e-06 +7.73913e-02
 2.15443e+02 8.33720e+03 5.23823e-06 +7.76984e-02
 2.68270e+02 8.48468e+03 5.39448e-06 +7.79620e-02
 3.34048e+02 8.63439e+03 5.55956e-06 +7.81887e-02
 4.15956e+02 8.78631e+03 5.73425e-06 +7.83848e-02
 5.17947e+02 8.94023e+03 5.91954e-06 +7.85556e-02
 6.44947e+02 9.09578e+03 6.11665e-06 +7.87040e-02
 8.03086e+02 9.25264e+03 6.32690e-06 +7.88326e-02
 1.00000e+03 9.41072e+03 6.55161e-06 +7.89422e-02
