#n1=128 n2=4 Teff=04000 R=2.5240e+10 L=1.1620e+32 logg=+5.00
#   tau          T          rho         Fconv
 0.00000e+00 2.34981e+03 6.43856e-21 +0.00000e+00
 1.00000e-09 2.34981e+03 2.75586e-12 +0.00000e+00
 1.24520e-09 2.35669e+03 3.41776e-12 +0.00000e+00
 1.55052e-09 2.36509e+03 4.23437e-12 +0.00000e+00
 1.93070e-09 2.37433e+03 5.24228e-12 +0.00000e+00
 2.40410e-09 2.38427e+03 6.48523e-12 +0.00000e+00
 2.99358e-09 2.39454e+03 8.01782e-12 +0.00000e+00
 3.72759e-09 2.40527e+03 9.90479e-12 +0.00000e+00
 4.64159e-09 2.41616e+03 1.22268e-11 +0.00000e+00
 5.77969e-09 2.42743e+03 1.50789e-11 +0.00000e+00
 7.19686e-09 2.43886e+03 1.85779e-11 +0.00000e+00
 8.96151e-09 2.45064e+03 2.28619e-11 +0.00000e+00
 1.11588e-08 2.46266e+03 2.80960e-11 +0.00000e+00
 1.38950e-08 2.47503e+03 3.44768e-11 +0.00000e+00
 1.73020e-08 2.48780e+03 4.22313e-11 +0.00000e+00
 2.15443e-08 2.50096e+03 5.16317e-11 +0.00000e+00
 2.68270e-08 2.51469e+03 6.29818e-11 +0.00000e+00
 3.34048e-08 2.52879e+03 7.66480e-11 +0.00000e+00
 4.15956e-08 2.54356e+03 9.30279e-11 +0.00000e+00
 5.17947e-08 2.55878e+03 1.12588e-10 +0.00000e+00
 6.44947e-08 2.57440e+03 1.35862e-10 +0.00000e+00
 8.03086e-08 2.59034e+03 1.63430e-10 +0.00000e+00
 1.00000e-07 2.60650e+03 1.95972e-10 +0.00000e+00
 1.24520e-07 2.62288e+03 2.34212e-10 +0.00000e+00
 1.55052e-07 2.63935e+03 2.78975e-10 +0.00000e+00
 1.93070e-07 2.65610e+03 3.31154e-10 +0.00000e+00
 2.40410e-07 2.67282e+03 3.91763e-10 +0.00000e+00
 2.99358e-07 2.68954e+03 4.61953e-10 +0.00000e+00
 3.72759e-07 2.70643e+03 5.42902e-10 +0.00000e+00
 4.64159e-07 2.72333e+03 6.35970e-10 +0.00000e+00
 5.77969e-07 2.74017e+03 7.42783e-10 +0.00000e+00
 7.19686e-07 2.75708e+03 8.64951e-10 +0.00000e+00
 8.96151e-07 2.77377e+03 1.00447e-09 +0.00000e+00
 1.11588e-06 2.79042e+03 1.16351e-09 +0.00000e+00
 1.38950e-06 2.80698e+03 1.34447e-09 +0.00000e+00
 1.73020e-06 2.82335e+03 1.55004e-09 +0.00000e+00
 2.15443e-06 2.83967e+03 1.78336e-09 +0.00000e+00
 2.68270e-06 2.85583e+03 2.04792e-09 +0.00000e+00
 3.34048e-06 2.87191e+03 2.34738e-09 +0.00000e+00
 4.15956e-06 2.88794e+03 2.68625e-09 +0.00000e+00
 5.17947e-06 2.90383e+03 3.06962e-09 +0.00000e+00
 6.44947e-06 2.91960e+03 3.50290e-09 +0.00000e+00
 8.03086e-06 2.93528e+03 3.99230e-09 +0.00000e+00
 1.00000e-05 2.95084e+03 4.54537e-09 +0.00000e+00
 1.24520e-05 2.96629e+03 5.17009e-09 +0.00000e+00
 1.55052e-05 2.98157e+03 5.87516e-09 +0.00000e+00
 1.93070e-05 2.99664e+03 6.67202e-09 +0.00000e+00
 2.40410e-05 3.01147e+03 7.57278e-09 +0.00000e+00
 2.99358e-05 3.02610e+03 8.59052e-09 +0.00000e+00
 3.72759e-05 3.04050e+03 9.74043e-09 +0.00000e+00
 4.64159e-05 3.05454e+03 1.10425e-08 +0.00000e+00
 5.77969e-05 3.06810e+03 1.25182e-08 +0.00000e+00
 7.19686e-05 3.08135e+03 1.41885e-08 +0.00000e+00
 8.96151e-05 3.09427e+03 1.60823e-08 +0.00000e+00
 1.11588e-04 3.10673e+03 1.82336e-08 +0.00000e+00
 1.38950e-04 3.11879e+03 2.06781e-08 +0.00000e+00
 1.73020e-04 3.13053e+03 2.34516e-08 +0.00000e+00
 2.15443e-04 3.14180e+03 2.66116e-08 +0.00000e+00
 2.68270e-04 3.15250e+03 3.02181e-08 +0.00000e+00
 3.34048e-04 3.16290e+03 3.43265e-08 +0.00000e+00
 4.15956e-04 3.17309e+03 3.90087e-08 +0.00000e+00
 5.17947e-04 3.18307e+03 4.43596e-08 +0.00000e+00
 6.44947e-04 3.19302e+03 5.04740e-08 +0.00000e+00
 8.03086e-04 3.20303e+03 5.74319e-08 +0.00000e+00
 1.00000e-03 3.21326e+03 6.53751e-08 +0.00000e+00
 1.24520e-03 3.22372e+03 7.44499e-08 -2.54571e-07
 1.55052e-03 3.23465e+03 8.47868e-08 -3.16991e-07
 1.93070e-03 3.24614e+03 9.65105e-08 -3.94717e-07
 2.40410e-03 3.25837e+03 1.09856e-07 -4.91500e-07
 2.99358e-03 3.27145e+03 1.25018e-07 -6.12014e-07
 3.72759e-03 3.28551e+03 1.42116e-07 -7.62081e-07
 4.64159e-03 3.30077e+03 1.61390e-07 -9.48936e-07
 5.77969e-03 3.31750e+03 1.83099e-07 -1.18161e-06
 7.19686e-03 3.33571e+03 2.07478e-07 -1.47135e-06
 8.96151e-03 3.35558e+03 2.34481e-07 -1.83211e-06
 1.11588e-02 3.37732e+03 2.64571e-07 -2.28134e-06
 1.38950e-02 3.40099e+03 2.97958e-07 -2.84072e-06
 1.73020e-02 3.42672e+03 3.34694e-07 -3.53726e-06
 2.15443e-02 3.45480e+03 3.74758e-07 -4.40458e-06
 2.68270e-02 3.48563e+03 4.18461e-07 -5.48457e-06
 3.34048e-02 3.51989e+03 4.65646e-07 -6.82937e-06
 4.15956e-02 3.55796e+03 5.15784e-07 -8.50389e-06
 5.17947e-02 3.59750e+03 5.69775e-07 -1.05890e-05
 6.44947e-02 3.63746e+03 6.28618e-07 -1.31855e-05
 8.03086e-02 3.67807e+03 6.92652e-07 -1.64185e-05
 1.00000e-01 3.71942e+03 7.61970e-07 -2.04442e-05
 1.24520e-01 3.76180e+03 8.36889e-07 -2.54571e-05
 1.55052e-01 3.80568e+03 9.17910e-07 +3.09928e-05
 1.93070e-01 3.85179e+03 1.00491e-06 +1.07478e-03
 2.40410e-01 3.89959e+03 1.09824e-06 +2.96794e-03
 2.99358e-01 3.95143e+03 1.19637e-06 +2.27354e-03
 3.72759e-01 4.00592e+03 1.30054e-06 +4.35136e-03
 4.64159e-01 4.06228e+03 1.41147e-06 +6.59611e-03
 5.77969e-01 4.12044e+03 1.52963e-06 +9.20978e-03
 7.19686e-01 4.18076e+03 1.65483e-06 +1.22406e-02
 8.96151e-01 4.24387e+03 1.78748e-06 +1.58205e-02
 1.11588e+00 4.31059e+03 1.92748e-06 +2.01043e-02
 1.38950e+00 4.38158e+03 2.07454e-06 +2.53871e-02
 1.73020e+00 4.45729e+03 2.22854e-06 +3.19235e-02
 2.15443e+00 4.53808e+03 2.38938e-06 +3.99221e-02
 2.68270e+00 4.62472e+03 2.55750e-06 +4.96287e-02
 3.34048e+00 4.71818e+03 2.73277e-06 +5.63588e-02
 4.15956e+00 4.81891e+03 2.91570e-06 +5.80767e-02
 5.17947e+00 4.92853e+03 3.10617e-06 +5.94015e-02
 6.44947e+00 5.04843e+03 3.30463e-06 +6.05144e-02
 8.03086e+00 5.17990e+03 3.51248e-06 +6.13971e-02
 1.00000e+01 5.32473e+03 3.73062e-06 +6.20893e-02
 1.24520e+01 5.48441e+03 3.96019e-06 +6.26639e-02
 1.55052e+01 5.66000e+03 4.20157e-06 +6.32221e-02
 1.93070e+01 5.85097e+03 4.45334e-06 +6.39433e-02
 2.40410e+01 6.05326e+03 4.71046e-06 +6.51473e-02
 2.99358e+01 6.25847e+03 4.96573e-06 +6.68484e-02
 3.72759e+01 6.45950e+03 5.21432e-06 +6.86969e-02
 4.64159e+01 6.65271e+03 5.45330e-06 +7.04457e-02
 5.77969e+01 6.83740e+03 5.68310e-06 +7.19628e-02
 7.19686e+01 7.01439e+03 5.90574e-06 +7.32311e-02
 8.96151e+01 7.18516e+03 6.12380e-06 +7.42694e-02
 1.11588e+02 7.35126e+03 6.33981e-06 +7.51195e-02
 1.38950e+02 7.51397e+03 6.55606e-06 +7.58195e-02
 1.73020e+02 7.67437e+03 6.77460e-06 +7.63982e-02
 2.15443e+02 7.83332e+03 6.99727e-06 +7.68798e-02
 2.68270e+02 7.99157e+03 7.22570e-06 +7.72814e-02
 3.34048e+02 8.14973e+03 7.46140e-06 +7.76197e-02
 4.15956e+02 8.30822e+03 7.70579e-06 +7.79049e-02
 5.17947e+02 8.46745e+03 7.96028e-06 +7.81467e-02
 6.44947e+02 8.62775e+03 8.22623e-06 +7.83520e-02
 8.03086e+02 8.78936e+03 8.50507e-06 +7.85277e-02
 1.00000e+03 8.95229e+03 8.79844e-06 +7.86793e-02
