#n1=128 n2=4 Teff=04400 R=3.2787e+11 L=2.8710e+34 logg=+3.00
#      tau          T          rho         Fconv
  0.00000e+00  2.28345e+03  6.70762e-21 +0.00000e+00
  1.00000e-09  2.28345e+03  2.80953e-14 +0.00000e+00
  1.24520e-09  2.28922e+03  3.49684e-14 +0.00000e+00
  1.55052e-09  2.29731e+03  4.34664e-14 +0.00000e+00
  1.93070e-09  2.30692e+03  5.39792e-14 +0.00000e+00
  2.40410e-09  2.31783e+03  6.69812e-14 +0.00000e+00
  2.99358e-09  2.32958e+03  8.30677e-14 +0.00000e+00
  3.72759e-09  2.34232e+03  1.02955e-13 +0.00000e+00
  4.64159e-09  2.35576e+03  1.27546e-13 +0.00000e+00
  5.77969e-09  2.37020e+03  1.57920e-13 +0.00000e+00
  7.19686e-09  2.38535e+03  1.95443e-13 +0.00000e+00
  8.96151e-09  2.40151e+03  2.41748e-13 +0.00000e+00
  1.11588e-08  2.41840e+03  2.98895e-13 +0.00000e+00
  1.38950e-08  2.43627e+03  3.69352e-13 +0.00000e+00
  1.73020e-08  2.45486e+03  4.56216e-13 +0.00000e+00
  2.15443e-08  2.47430e+03  5.63222e-13 +0.00000e+00
  2.68270e-08  2.49439e+03  6.95017e-13 +0.00000e+00
  3.34048e-08  2.51506e+03  8.57266e-13 +0.00000e+00
  4.15956e-08  2.53619e+03  1.05694e-12 +0.00000e+00
  5.17947e-08  2.55755e+03  1.30261e-12 +0.00000e+00
  6.44947e-08  2.57913e+03  1.60469e-12 +0.00000e+00
  8.03086e-08  2.60057e+03  1.97612e-12 +0.00000e+00
  1.00000e-07  2.62205e+03  2.43233e-12 +0.00000e+00
  1.24520e-07  2.64323e+03  2.99248e-12 +0.00000e+00
  1.55052e-07  2.66443e+03  3.67913e-12 +0.00000e+00
  1.93070e-07  2.68532e+03  4.52029e-12 +0.00000e+00
  2.40410e-07  2.70609e+03  5.54887e-12 +0.00000e+00
  2.99358e-07  2.72660e+03  6.80482e-12 +0.00000e+00
  3.72759e-07  2.74684e+03  8.33543e-12 +0.00000e+00
  4.64159e-07  2.76689e+03  1.01964e-11 +0.00000e+00
  5.77969e-07  2.78652e+03  1.24541e-11 +0.00000e+00
  7.19686e-07  2.80598e+03  1.51848e-11 +0.00000e+00
  8.96151e-07  2.82510e+03  1.84778e-11 +0.00000e+00
  1.11588e-06  2.84395e+03  2.24357e-11 +0.00000e+00
  1.38950e-06  2.86263e+03  2.71738e-11 +0.00000e+00
  1.73020e-06  2.88107e+03  3.28253e-11 +0.00000e+00
  2.15443e-06  2.89940e+03  3.95367e-11 +0.00000e+00
  2.68270e-06  2.91758e+03  4.74728e-11 +0.00000e+00
  3.34048e-06  2.93565e+03  5.68178e-11 +0.00000e+00
  4.15956e-06  2.95366e+03  6.77695e-11 +0.00000e+00
  5.17947e-06  2.97157e+03  8.05525e-11 +0.00000e+00
  6.44947e-06  2.98941e+03  9.54093e-11 +0.00000e+00
  8.03086e-06  3.00723e+03  1.12603e-10 +0.00000e+00
  1.00000e-05  3.02502e+03  1.32431e-10 +0.00000e+00
  1.24520e-05  3.04280e+03  1.55207e-10 +0.00000e+00
  1.55052e-05  3.06053e+03  1.81290e-10 +0.00000e+00
  1.93070e-05  3.07817e+03  2.11081e-10 +0.00000e+00
  2.40410e-05  3.09572e+03  2.45011e-10 +0.00000e+00
  2.99358e-05  3.11320e+03  2.83571e-10 +0.00000e+00
  3.72759e-05  3.13064e+03  3.27309e-10 +0.00000e+00
  4.64159e-05  3.14789e+03  3.76840e-10 +0.00000e+00
  5.77969e-05  3.16489e+03  4.32881e-10 +0.00000e+00
  7.19686e-05  3.18167e+03  4.96235e-10 +0.00000e+00
  8.96151e-05  3.19816e+03  5.67792e-10 +0.00000e+00
  1.11588e-04  3.21429e+03  6.48605e-10 +0.00000e+00
  1.38950e-04  3.23010e+03  7.39855e-10 +0.00000e+00
  1.73020e-04  3.24565e+03  8.42840e-10 +0.00000e+00
  2.15443e-04  3.26089e+03  9.59050e-10 +0.00000e+00
  2.68270e-04  3.27581e+03  1.09022e-09 +0.00000e+00
  3.34048e-04  3.29045e+03  1.23828e-09 +0.00000e+00
  4.15956e-04  3.30482e+03  1.40536e-09 +0.00000e+00
  5.17947e-04  3.31898e+03  1.59393e-09 +0.00000e+00
  6.44947e-04  3.33301e+03  1.80671e-09 +0.00000e+00
  8.03086e-04  3.34700e+03  2.04672e-09 +0.00000e+00
  1.00000e-03  3.36105e+03  2.31727e-09 +0.00000e+00
  1.24520e-03  3.37515e+03  2.62220e-09 -2.54552e-07
  1.55052e-03  3.38950e+03  2.96563e-09 -3.16967e-07
  1.93070e-03  3.40412e+03  3.35205e-09 -3.94687e-07
  2.40410e-03  3.41908e+03  3.78656e-09 -4.91465e-07
  2.99358e-03  3.43451e+03  4.27472e-09 -6.11970e-07
  3.72759e-03  3.45049e+03  4.82257e-09 -7.62019e-07
  4.64159e-03  3.46724e+03  5.43630e-09 -9.48868e-07
  5.77969e-03  3.48485e+03  6.12290e-09 -1.18153e-06
  7.19686e-03  3.50351e+03  6.88965e-09 -1.47123e-06
  8.96151e-03  3.52334e+03  7.74416e-09 -1.83198e-06
  1.11588e-02  3.54451e+03  8.69432e-09 -2.28117e-06
  1.38950e-02  3.56714e+03  9.74859e-09 -2.84051e-06
  1.73020e-02  3.59138e+03  1.09156e-08 -3.53699e-06
  2.15443e-02  3.61743e+03  1.22036e-08 -4.40425e-06
  2.68270e-02  3.64550e+03  1.36211e-08 -5.48417e-06
  3.34048e-02  3.67582e+03  1.51760e-08 -6.82887e-06
  4.15956e-02  3.70872e+03  1.68750e-08 -8.50327e-06
  5.17947e-02  3.74489e+03  1.87212e-08 -1.05882e-05
  6.44947e-02  3.78427e+03  2.07207e-08 -1.31844e-05
  8.03086e-02  3.82701e+03  2.28780e-08 -1.64173e-05
  1.00000e-01  3.87374e+03  2.51931e-08 -2.04427e-05
  1.24520e-01  3.92576e+03  2.76586e-08 -2.54552e-05
  1.55052e-01  3.98485e+03  3.02541e-08 -3.16967e-05
  1.93070e-01  4.04283e+03  3.30607e-08 -3.94687e-05
  2.40410e-01  4.11106e+03  3.59914e-08 -4.91465e-05
  2.99358e-01  4.19787e+03  3.89331e-08 -6.11970e-05
  3.72759e-01  4.28725e+03  4.20449e-08 -7.62019e-05
  4.64159e-01  4.38816e+03  4.52695e-08 -9.48868e-05
  5.77969e-01  4.50392e+03  4.85968e-08 -1.18153e-04
  7.19686e-01  4.63781e+03  5.20344e-08 -1.47123e-04
  8.96151e-01  4.79163e+03  5.56436e-08 -1.83198e-04
  1.11588e+00  4.96616e+03  5.95374e-08 -2.28117e-04
  1.38950e+00  5.16179e+03  6.38367e-08 -2.84051e-04
  1.73020e+00  5.37635e+03  6.85920e-08 -3.53699e-04
  2.15443e+00  5.62569e+03  7.32664e-08 -4.40425e-04
  2.68270e+00  5.85928e+03  7.78689e-08 -5.48417e-04
  3.34048e+00  6.20980e+03  7.96842e-08 -5.95342e-04
  4.15956e+00  6.55410e+03  8.00703e-08 +4.56474e-04
  5.17947e+00  6.89108e+03  7.94351e-08 +8.85089e-03
  6.44947e+00  7.10220e+03  7.98406e-08 +2.02978e-02
  8.03086e+00  7.29928e+03  8.02109e-08 +3.19963e-02
  1.00000e+01  7.47997e+03  8.06486e-08 +4.19247e-02
  1.24520e+01  7.64584e+03  8.11955e-08 +4.98066e-02
  1.55052e+01  7.79967e+03  8.18652e-08 +5.58792e-02
  1.93070e+01  7.94429e+03  8.26603e-08 +6.05345e-02
  2.40410e+01  8.08214e+03  8.35794e-08 +6.41284e-02
  2.99358e+01  8.21506e+03  8.46225e-08 +6.69529e-02
  3.72759e+01  8.34431e+03  8.57923e-08 +6.92067e-02
  4.64159e+01  8.47084e+03  8.70933e-08 +7.10187e-02
  5.77969e+01  8.59562e+03  8.85273e-08 +7.24674e-02
  7.19686e+01  8.71933e+03  9.00974e-08 +7.36616e-02
  8.96151e+01  8.84200e+03  9.18146e-08 +7.46685e-02
  1.11588e+02  8.96327e+03  9.36980e-08 +7.55239e-02
  1.38950e+02  9.08283e+03  9.57693e-08 +7.62372e-02
  1.73020e+02  9.20066e+03  9.80502e-08 +7.68273e-02
  2.15443e+02  9.31684e+03  1.00564e-07 +7.73133e-02
  2.68270e+02  9.43156e+03  1.03337e-07 +7.77109e-02
  3.34048e+02  9.54512e+03  1.06393e-07 +7.80360e-02
  4.15956e+02  9.65773e+03  1.09763e-07 +7.83028e-02
  5.17947e+02  9.76961e+03  1.13475e-07 +7.85221e-02
  6.44947e+02  9.88096e+03  1.17566e-07 +7.87023e-02
  8.03086e+02  9.99199e+03  1.22070e-07 +7.88500e-02
  1.00000e+03  1.01029e+04  1.27027e-07 +7.89719e-02
