#n1=128 n2=4 Teff=04100 R=1.8307e+13 L=6.7341e+37 logg=+0.00
#      tau          T          rho         Fconv
  0.00000e+00  1.82012e+03  8.41969e-21 +0.00000e+00
  1.00000e-09  1.82012e+03  2.40214e-17 +0.00000e+00
  1.24520e-09  1.82872e+03  2.98851e-17 +0.00000e+00
  1.55052e-09  1.83756e+03  3.71740e-17 +0.00000e+00
  1.93070e-09  1.84650e+03  4.62373e-17 +0.00000e+00
  2.40410e-09  1.85582e+03  5.74978e-17 +0.00000e+00
  2.99358e-09  1.86515e+03  7.15003e-17 +0.00000e+00
  3.72759e-09  1.87497e+03  8.88896e-17 +0.00000e+00
  4.64159e-09  1.88476e+03  1.10512e-16 +0.00000e+00
  5.77969e-09  1.89518e+03  1.37350e-16 +0.00000e+00
  7.19686e-09  1.90550e+03  1.70718e-16 +0.00000e+00
  8.96151e-09  1.91665e+03  2.12107e-16 +0.00000e+00
  1.11588e-08  1.92778e+03  2.63541e-16 +0.00000e+00
  1.38950e-08  1.93988e+03  3.27293e-16 +0.00000e+00
  1.73020e-08  1.95203e+03  4.06471e-16 +0.00000e+00
  2.15443e-08  1.96542e+03  5.04505e-16 +0.00000e+00
  2.68270e-08  1.97888e+03  6.26186e-16 +0.00000e+00
  3.34048e-08  1.99404e+03  7.76585e-16 +0.00000e+00
  4.15956e-08  2.01036e+03  9.62598e-16 +0.00000e+00
  5.17947e-08  2.03116e+03  1.19057e-15 +0.00000e+00
  6.44947e-08  2.05320e+03  1.47173e-15 +0.00000e+00
  8.03086e-08  2.07929e+03  1.81582e-15 +0.00000e+00
  1.00000e-07  2.10593e+03  2.23994e-15 +0.00000e+00
  1.24520e-07  2.14424e+03  2.74792e-15 +0.00000e+00
  1.55052e-07  2.18922e+03  3.36049e-15 +0.00000e+00
  1.93070e-07  2.23331e+03  4.11063e-15 +0.00000e+00
  2.40410e-07  2.28405e+03  5.01111e-15 +0.00000e+00
  2.99358e-07  2.32889e+03  6.12149e-15 +0.00000e+00
  3.72759e-07  2.37634e+03  7.46452e-15 +0.00000e+00
  4.64159e-07  2.42270e+03  9.09925e-15 +0.00000e+00
  5.77969e-07  2.46540e+03  1.11014e-14 +0.00000e+00
  7.19686e-07  2.50477e+03  1.35571e-14 +0.00000e+00
  8.96151e-07  2.54121e+03  1.65726e-14 +0.00000e+00
  1.11588e-06  2.57493e+03  2.02826e-14 +0.00000e+00
  1.38950e-06  2.60640e+03  2.48516e-14 +0.00000e+00
  1.73020e-06  2.63562e+03  3.04903e-14 +0.00000e+00
  2.15443e-06  2.66300e+03  3.74548e-14 +0.00000e+00
  2.68270e-06  2.68855e+03  4.60717e-14 +0.00000e+00
  3.34048e-06  2.71259e+03  5.67408e-14 +0.00000e+00
  4.15956e-06  2.73523e+03  6.99650e-14 +0.00000e+00
  5.17947e-06  2.75669e+03  8.63667e-14 +0.00000e+00
  6.44947e-06  2.77705e+03  1.06724e-13 +0.00000e+00
  8.03086e-06  2.79660e+03  1.31995e-13 +0.00000e+00
  1.00000e-05  2.81538e+03  1.63380e-13 +0.00000e+00
  1.24520e-05  2.83354e+03  2.02364e-13 +0.00000e+00
  1.55052e-05  2.85117e+03  2.50784e-13 +0.00000e+00
  1.93070e-05  2.86830e+03  3.10938e-13 +0.00000e+00
  2.40410e-05  2.88505e+03  3.85637e-13 +0.00000e+00
  2.99358e-05  2.90147e+03  4.78391e-13 +0.00000e+00
  3.72759e-05  2.91756e+03  5.93502e-13 +0.00000e+00
  4.64159e-05  2.93326e+03  7.36348e-13 +0.00000e+00
  5.77969e-05  2.94854e+03  9.13481e-13 +0.00000e+00
  7.19686e-05  2.96353e+03  1.13299e-12 +0.00000e+00
  8.96151e-05  2.97820e+03  1.40471e-12 +0.00000e+00
  1.11588e-04  2.99245e+03  1.74085e-12 +0.00000e+00
  1.38950e-04  3.00632e+03  2.15603e-12 +0.00000e+00
  1.73020e-04  3.01987e+03  2.66820e-12 +0.00000e+00
  2.15443e-04  3.03303e+03  3.29882e-12 +0.00000e+00
  2.68270e-04  3.04574e+03  4.07412e-12 +0.00000e+00
  3.34048e-04  3.05821e+03  5.02474e-12 +0.00000e+00
  4.15956e-04  3.07045e+03  6.18746e-12 +0.00000e+00
  5.17947e-04  3.08243e+03  7.60588e-12 +0.00000e+00
  6.44947e-04  3.09428e+03  9.33038e-12 +0.00000e+00
  8.03086e-04  3.10613e+03  1.14202e-11 +0.00000e+00
  1.00000e-03  3.11805e+03  1.39424e-11 +0.00000e+00
  1.24520e-03  3.13007e+03  1.69760e-11 -2.55086e-07
  1.55052e-03  3.14233e+03  2.06070e-11 -3.17633e-07
  1.93070e-03  3.15487e+03  2.49368e-11 -3.95515e-07
  2.40410e-03  3.16778e+03  3.00747e-11 -4.92494e-07
  2.99358e-03  3.18123e+03  3.61421e-11 -6.13252e-07
  3.72759e-03  3.19537e+03  4.32737e-11 -7.63620e-07
  4.64159e-03  3.21037e+03  5.16073e-11 -9.50855e-07
  5.77969e-03  3.22639e+03  6.13014e-11 -1.18401e-06
  7.19686e-03  3.24352e+03  7.25135e-11 -1.47432e-06
  8.96151e-03  3.26193e+03  8.54102e-11 -1.83582e-06
  1.11588e-02  3.28183e+03  1.00172e-10 -2.28596e-06
  1.38950e-02  3.30336e+03  1.16964e-10 -2.84647e-06
  1.73020e-02  3.32669e+03  1.35970e-10 -3.54441e-06
  2.15443e-02  3.35198e+03  1.57377e-10 -4.41349e-06
  2.68270e-02  3.37952e+03  1.81334e-10 -5.49566e-06
  3.34048e-02  3.40967e+03  2.08010e-10 -6.84318e-06
  4.15956e-02  3.44294e+03  2.37552e-10 -8.52109e-06
  5.17947e-02  3.48066e+03  2.69957e-10 -1.06105e-05
  6.44947e-02  3.52226e+03  3.05377e-10 -1.32121e-05
  8.03086e-02  3.56765e+03  3.44022e-10 -1.64517e-05
  1.00000e-01  3.61348e+03  3.86521e-10 -2.04856e-05
  1.24520e-01  3.66168e+03  4.33088e-10 -2.55086e-05
  1.55052e-01  3.71334e+03  4.84103e-10 -3.17633e-05
  1.93070e-01  3.76991e+03  5.39856e-10 -3.95515e-05
  2.40410e-01  3.84577e+03  5.98322e-10 -4.92494e-05
  2.99358e-01  3.92871e+03  6.61677e-10 -6.13252e-05
  3.72759e-01  4.02008e+03  7.30947e-10 -7.63620e-05
  4.64159e-01  4.12147e+03  8.07317e-10 -9.50855e-05
  5.77969e-01  4.23543e+03  8.92393e-10 -1.18401e-04
  7.19686e-01  4.36451e+03  9.88694e-10 -1.47432e-04
  8.96151e-01  4.51260e+03  1.09909e-09 -1.83582e-04
  1.11588e+00  4.66876e+03  1.22803e-09 -2.28596e-04
  1.38950e+00  4.84443e+03  1.36947e-09 -2.84647e-04
  1.73020e+00  5.04216e+03  1.50851e-09 -3.54441e-04
  2.15443e+00  5.26602e+03  1.62143e-09 -4.41349e-04
  2.68270e+00  5.51898e+03  1.69044e-09 -5.49566e-04
  3.34048e+00  5.80692e+03  1.71075e-09 -6.14568e-04
  4.15956e+00  6.13258e+03  1.68834e-09 -6.14511e-04
  5.17947e+00  6.45750e+03  1.64640e-09 -6.11253e-04
  6.44947e+00  6.91401e+03  1.55284e-09 +5.92143e-05
  8.03086e+00  7.40155e+03  1.43694e-09 +2.51625e-02
  1.00000e+01  7.54848e+03  1.40734e-09 +3.87546e-02
  1.24520e+01  7.67824e+03  1.38129e-09 +4.89353e-02
  1.55052e+01  7.79490e+03  1.35807e-09 +5.61896e-02
  1.93070e+01  7.90231e+03  1.33693e-09 +6.13842e-02
  2.40410e+01  8.00336e+03  1.31726e-09 +6.51897e-02
  2.99358e+01  8.10012e+03  1.29863e-09 +6.80503e-02
  3.72759e+01  8.19410e+03  1.28075e-09 +7.02423e-02
  4.64159e+01  8.28642e+03  1.26339e-09 +7.19528e-02
  5.77969e+01  8.37793e+03  1.24639e-09 +7.33050e-02
  7.19686e+01  8.46934e+03  1.22960e-09 +7.43907e-02
  8.96151e+01  8.56122e+03  1.21296e-09 +7.52650e-02
  1.11588e+02  8.65406e+03  1.19639e-09 +7.59780e-02
  1.38950e+02  8.74837e+03  1.17981e-09 +7.65634e-02
  1.73020e+02  8.84457e+03  1.16324e-09 +7.70431e-02
  2.15443e+02  8.94313e+03  1.14659e-09 +7.74396e-02
  2.68270e+02  9.04458e+03  1.12986e-09 +7.77685e-02
  3.34048e+02  9.14946e+03  1.11306e-09 +7.80400e-02
  4.15956e+02  9.25846e+03  1.09616e-09 +7.82651e-02
  5.17947e+02  9.37236e+03  1.07916e-09 +7.84521e-02
  6.44947e+02  9.49218e+03  1.06209e-09 +7.86041e-02
  8.03086e+02  9.61925e+03  1.04491e-09 +7.87279e-02
  1.00000e+03  9.75533e+03  1.02760e-09 +7.88267e-02
