#n1=128 n2=4 Teff=04300 R=4.7091e+12 L=5.3992e+36 logg=+1.00
#   tau          T          rho         Fconv
 0.00000e+00 2.10904e+03 7.10295e-21 +0.00000e+00
 1.00000e-09 2.10904e+03 2.57944e-16 +0.00000e+00
 1.24520e-09 2.11473e+03 3.20965e-16 +0.00000e+00
 1.55052e-09 2.12129e+03 3.99197e-16 +0.00000e+00
 1.93070e-09 2.12835e+03 4.96354e-16 +0.00000e+00
 2.40410e-09 2.13584e+03 6.17005e-16 +0.00000e+00
 2.99358e-09 2.14374e+03 7.66814e-16 +0.00000e+00
 3.72759e-09 2.15231e+03 9.52670e-16 +0.00000e+00
 4.64159e-09 2.16153e+03 1.18319e-15 +0.00000e+00
 5.77969e-09 2.17118e+03 1.46919e-15 +0.00000e+00
 7.19686e-09 2.18160e+03 1.82364e-15 +0.00000e+00
 8.96151e-09 2.19250e+03 2.26310e-15 +0.00000e+00
 1.11588e-08 2.20403e+03 2.80766e-15 +0.00000e+00
 1.38950e-08 2.21591e+03 3.48272e-15 +0.00000e+00
 1.73020e-08 2.22831e+03 4.31912e-15 +0.00000e+00
 2.15443e-08 2.24092e+03 5.35597e-15 +0.00000e+00
 2.68270e-08 2.25394e+03 6.64062e-15 +0.00000e+00
 3.34048e-08 2.26709e+03 8.23313e-15 +0.00000e+00
 4.15956e-08 2.28066e+03 1.02059e-14 +0.00000e+00
 5.17947e-08 2.29448e+03 1.26504e-14 +0.00000e+00
 6.44947e-08 2.30893e+03 1.56766e-14 +0.00000e+00
 8.03086e-08 2.32397e+03 1.94223e-14 +0.00000e+00
 1.00000e-07 2.33998e+03 2.40537e-14 +0.00000e+00
 1.24520e-07 2.35697e+03 2.97782e-14 +0.00000e+00
 1.55052e-07 2.37518e+03 3.68472e-14 +0.00000e+00
 1.93070e-07 2.39460e+03 4.55730e-14 +0.00000e+00
 2.40410e-07 2.41529e+03 5.63374e-14 +0.00000e+00
 2.99358e-07 2.43719e+03 6.96127e-14 +0.00000e+00
 3.72759e-07 2.46020e+03 8.59812e-14 +0.00000e+00
 4.64159e-07 2.48422e+03 1.06161e-13 +0.00000e+00
 5.77969e-07 2.50899e+03 1.31045e-13 +0.00000e+00
 7.19686e-07 2.53444e+03 1.61727e-13 +0.00000e+00
 8.96151e-07 2.56021e+03 1.99582e-13 +0.00000e+00
 1.11588e-06 2.58631e+03 2.46281e-13 +0.00000e+00
 1.38950e-06 2.61239e+03 3.03931e-13 +0.00000e+00
 1.73020e-06 2.63857e+03 3.75084e-13 +0.00000e+00
 2.15443e-06 2.66452e+03 4.62967e-13 +0.00000e+00
 2.68270e-06 2.69044e+03 5.71479e-13 +0.00000e+00
 3.34048e-06 2.71600e+03 7.05556e-13 +0.00000e+00
 4.15956e-06 2.74143e+03 8.71164e-13 +0.00000e+00
 5.17947e-06 2.76639e+03 1.07585e-12 +0.00000e+00
 6.44947e-06 2.79109e+03 1.32877e-12 +0.00000e+00
 8.03086e-06 2.81529e+03 1.64142e-12 +0.00000e+00
 1.00000e-05 2.83911e+03 2.02783e-12 +0.00000e+00
 1.24520e-05 2.86240e+03 2.50549e-12 +0.00000e+00
 1.55052e-05 2.88519e+03 3.09589e-12 +0.00000e+00
 1.93070e-05 2.90736e+03 3.82565e-12 +0.00000e+00
 2.40410e-05 2.92893e+03 4.72749e-12 +0.00000e+00
 2.99358e-05 2.94989e+03 5.84162e-12 +0.00000e+00
 3.72759e-05 2.97025e+03 7.21748e-12 +0.00000e+00
 4.64159e-05 2.98994e+03 8.91577e-12 +0.00000e+00
 5.77969e-05 3.00894e+03 1.10109e-11 +0.00000e+00
 7.19686e-05 3.02729e+03 1.35930e-11 +0.00000e+00
 8.96151e-05 3.04502e+03 1.67724e-11 +0.00000e+00
 1.11588e-04 3.06210e+03 2.06820e-11 +0.00000e+00
 1.38950e-04 3.07860e+03 2.54828e-11 +0.00000e+00
 1.73020e-04 3.09464e+03 3.13662e-11 +0.00000e+00
 2.15443e-04 3.11020e+03 3.85628e-11 +0.00000e+00
 2.68270e-04 3.12532e+03 4.73449e-11 +0.00000e+00
 3.34048e-04 3.14004e+03 5.80339e-11 +0.00000e+00
 4.15956e-04 3.15443e+03 7.10068e-11 +0.00000e+00
 5.17947e-04 3.16853e+03 8.66991e-11 +0.00000e+00
 6.44947e-04 3.18246e+03 1.05619e-10 +0.00000e+00
 8.03086e-04 3.19628e+03 1.28336e-10 +0.00000e+00
 1.00000e-03 3.21011e+03 1.55514e-10 +0.00000e+00
 1.24520e-03 3.22395e+03 1.87885e-10 -2.54692e-07
 1.55052e-03 3.23797e+03 2.26281e-10 -3.17143e-07
 1.93070e-03 3.25223e+03 2.71625e-10 -3.94905e-07
 2.40410e-03 3.26677e+03 3.24921e-10 -4.91734e-07
 2.99358e-03 3.28173e+03 3.87317e-10 -6.12307e-07
 3.72759e-03 3.29719e+03 4.60000e-10 -7.62443e-07
 4.64159e-03 3.31335e+03 5.44309e-10 -9.49389e-07
 5.77969e-03 3.33031e+03 6.41689e-10 -1.18218e-06
 7.19686e-03 3.34823e+03 7.53586e-10 -1.47204e-06
 8.96151e-03 3.36725e+03 8.81738e-10 -1.83299e-06
 1.11588e-02 3.38751e+03 1.02783e-09 -2.28243e-06
 1.38950e-02 3.40913e+03 1.19362e-09 -2.84208e-06
 1.73020e-02 3.43226e+03 1.38124e-09 -3.53894e-06
 2.15443e-02 3.45706e+03 1.59266e-09 -4.40668e-06
 2.68270e-02 3.48374e+03 1.82988e-09 -5.48720e-06
 3.34048e-02 3.51250e+03 2.09546e-09 -6.83264e-06
 4.15956e-02 3.54362e+03 2.39166e-09 -8.50798e-06
 5.17947e-02 3.57770e+03 2.72037e-09 -1.05941e-05
 6.44947e-02 3.61465e+03 3.08485e-09 -1.31917e-05
 8.03086e-02 3.65456e+03 3.48826e-09 -1.64263e-05
 1.00000e-01 3.69796e+03 3.93329e-09 -2.04540e-05
 1.24520e-01 3.74597e+03 4.42248e-09 -2.54692e-05
 1.55052e-01 3.79612e+03 4.96412e-09 -3.17143e-05
 1.93070e-01 3.84974e+03 5.56227e-09 -3.94905e-05
 2.40410e-01 3.91506e+03 6.20955e-09 -4.91734e-05
 2.99358e-01 3.99373e+03 6.90830e-09 -6.12307e-05
 3.72759e-01 4.07433e+03 7.68685e-09 -7.62443e-05
 4.64159e-01 4.16355e+03 8.54409e-09 -9.49389e-05
 5.77969e-01 4.26397e+03 9.48564e-09 -1.18218e-04
 7.19686e-01 4.37854e+03 1.05116e-08 -1.47204e-04
 8.96151e-01 4.51002e+03 1.15979e-08 -1.83299e-04
 1.11588e+00 4.65989e+03 1.26726e-08 -2.28243e-04
 1.38950e+00 4.82974e+03 1.36029e-08 -2.84208e-04
 1.73020e+00 5.02089e+03 1.42606e-08 -3.53886e-04
 2.15443e+00 5.23448e+03 1.45987e-08 -4.39905e-04
 2.68270e+00 5.48280e+03 1.46064e-08 -5.22702e-04
 3.34048e+00 5.78146e+03 1.42980e-08 -1.31692e-05
 4.15956e+00 6.08175e+03 1.38818e-08 +5.38149e-03
 5.17947e+00 6.31608e+03 1.35803e-08 +1.72534e-02
 6.44947e+00 6.52732e+03 1.33130e-08 +3.09792e-02
 8.03086e+00 6.71237e+03 1.30936e-08 +4.23380e-02
 1.00000e+01 6.87609e+03 1.29154e-08 +5.08611e-02
 1.24520e+01 7.02388e+03 1.27692e-08 +5.71641e-02
 1.55052e+01 7.15993e+03 1.26480e-08 +6.18794e-02
 1.93070e+01 7.28724e+03 1.25469e-08 +6.54603e-02
 2.40410e+01 7.40796e+03 1.24625e-08 +6.82242e-02
 2.99358e+01 7.52367e+03 1.23926e-08 +7.03867e-02
 3.72759e+01 7.63552e+03 1.23354e-08 +7.20977e-02
 4.64159e+01 7.74439e+03 1.22899e-08 +7.34649e-02
 5.77969e+01 7.85095e+03 1.22555e-08 +7.45668e-02
 7.19686e+01 7.95570e+03 1.22316e-08 +7.54587e-02
 8.96151e+01 8.05904e+03 1.22182e-08 +7.61854e-02
 1.11588e+02 8.16130e+03 1.22150e-08 +7.67805e-02
 1.38950e+02 8.26275e+03 1.22223e-08 +7.72682e-02
 1.73020e+02 8.36361e+03 1.22402e-08 +7.76693e-02
 2.15443e+02 8.46406e+03 1.22690e-08 +7.80001e-02
 2.68270e+02 8.56427e+03 1.23092e-08 +7.82731e-02
 3.34048e+02 8.66439e+03 1.23614e-08 +7.84987e-02
 4.15956e+02 8.76454e+03 1.24261e-08 +7.86855e-02
 5.17947e+02 8.86486e+03 1.25042e-08 +7.88404e-02
 6.44947e+02 8.96545e+03 1.25965e-08 +7.89684e-02
 8.03086e+02 9.06643e+03 1.27040e-08 +7.90752e-02
 1.00000e+03 9.16791e+03 1.28279e-08 +7.91635e-02
