#n1=128 n2=4 Teff=04900 R=1.3834e+12 L=7.8501e+35 logg=+2.00
#   tau          T          rho         Fconv
 0.00000e+00 2.53043e+03 6.13753e-21 +0.00000e+00
 1.00000e-09 2.53043e+03 2.00905e-15 +0.00000e+00
 1.24520e-09 2.53851e+03 2.51696e-15 +0.00000e+00
 1.55052e-09 2.54842e+03 3.14802e-15 +0.00000e+00
 1.93070e-09 2.55977e+03 3.93117e-15 +0.00000e+00
 2.40410e-09 2.57193e+03 4.90315e-15 +0.00000e+00
 2.99358e-09 2.58491e+03 6.10830e-15 +0.00000e+00
 3.72759e-09 2.59835e+03 7.60286e-15 +0.00000e+00
 4.64159e-09 2.61251e+03 9.45417e-15 +0.00000e+00
 5.77969e-09 2.62719e+03 1.17471e-14 +0.00000e+00
 7.19686e-09 2.64283e+03 1.45827e-14 +0.00000e+00
 8.96151e-09 2.65927e+03 1.80876e-14 +0.00000e+00
 1.11588e-08 2.67693e+03 2.24123e-14 +0.00000e+00
 1.38950e-08 2.69556e+03 2.77452e-14 +0.00000e+00
 1.73020e-08 2.71547e+03 3.43115e-14 +0.00000e+00
 2.15443e-08 2.73635e+03 4.23916e-14 +0.00000e+00
 2.68270e-08 2.75834e+03 5.23237e-14 +0.00000e+00
 3.34048e-08 2.78112e+03 6.45266e-14 +0.00000e+00
 4.15956e-08 2.80473e+03 7.95110e-14 +0.00000e+00
 5.17947e-08 2.82885e+03 9.79042e-14 +0.00000e+00
 6.44947e-08 2.85343e+03 1.20479e-13 +0.00000e+00
 8.03086e-08 2.87827e+03 1.48177e-13 +0.00000e+00
 1.00000e-07 2.90323e+03 1.82168e-13 +0.00000e+00
 1.24520e-07 2.92823e+03 2.23862e-13 +0.00000e+00
 1.55052e-07 2.95307e+03 2.75025e-13 +0.00000e+00
 1.93070e-07 2.97780e+03 3.37766e-13 +0.00000e+00
 2.40410e-07 3.00217e+03 4.14727e-13 +0.00000e+00
 2.99358e-07 3.02629e+03 5.09058e-13 +0.00000e+00
 3.72759e-07 3.04992e+03 6.24668e-13 +0.00000e+00
 4.64159e-07 3.07323e+03 7.66233e-13 +0.00000e+00
 5.77969e-07 3.09602e+03 9.39442e-13 +0.00000e+00
 7.19686e-07 3.11844e+03 1.15116e-12 +0.00000e+00
 8.96151e-07 3.14040e+03 1.40953e-12 +0.00000e+00
 1.11588e-06 3.16203e+03 1.72441e-12 +0.00000e+00
 1.38950e-06 3.18341e+03 2.10716e-12 +0.00000e+00
 1.73020e-06 3.20470e+03 2.57148e-12 +0.00000e+00
 2.15443e-06 3.22595e+03 3.13288e-12 +0.00000e+00
 2.68270e-06 3.24718e+03 3.80995e-12 +0.00000e+00
 3.34048e-06 3.26841e+03 4.62366e-12 +0.00000e+00
 4.15956e-06 3.28963e+03 5.59814e-12 +0.00000e+00
 5.17947e-06 3.31086e+03 6.76137e-12 +0.00000e+00
 6.44947e-06 3.33211e+03 8.14360e-12 +0.00000e+00
 8.03086e-06 3.35339e+03 9.78116e-12 +0.00000e+00
 1.00000e-05 3.37473e+03 1.17117e-11 +0.00000e+00
 1.24520e-05 3.39615e+03 1.39798e-11 +0.00000e+00
 1.55052e-05 3.41763e+03 1.66344e-11 +0.00000e+00
 1.93070e-05 3.43916e+03 1.97271e-11 +0.00000e+00
 2.40410e-05 3.46072e+03 2.33220e-11 +0.00000e+00
 2.99358e-05 3.48226e+03 2.74826e-11 +0.00000e+00
 3.72759e-05 3.50378e+03 3.22836e-11 +0.00000e+00
 4.64159e-05 3.52518e+03 3.78138e-11 +0.00000e+00
 5.77969e-05 3.54646e+03 4.41592e-11 +0.00000e+00
 7.19686e-05 3.56752e+03 5.14307e-11 +0.00000e+00
 8.96151e-05 3.58833e+03 5.97507e-11 +0.00000e+00
 1.11588e-04 3.60886e+03 6.92415e-11 +0.00000e+00
 1.38950e-04 3.62910e+03 8.00631e-11 +0.00000e+00
 1.73020e-04 3.64903e+03 9.23899e-11 +0.00000e+00
 2.15443e-04 3.66868e+03 1.06395e-10 +0.00000e+00
 2.68270e-04 3.68804e+03 1.22305e-10 +0.00000e+00
 3.34048e-04 3.70716e+03 1.40374e-10 +0.00000e+00
 4.15956e-04 3.72606e+03 1.60851e-10 +0.00000e+00
 5.17947e-04 3.74476e+03 1.84039e-10 +0.00000e+00
 6.44947e-04 3.76332e+03 2.10321e-10 +0.00000e+00
 8.03086e-04 3.78176e+03 2.40056e-10 +0.00000e+00
 1.00000e-03 3.80017e+03 2.73646e-10 +0.00000e+00
 1.24520e-03 3.81854e+03 3.11649e-10 -2.54918e-07
 1.55052e-03 3.83702e+03 3.54587e-10 -3.17424e-07
 1.93070e-03 3.85565e+03 4.03013e-10 -3.95255e-07
 2.40410e-03 3.87449e+03 4.57655e-10 -4.92171e-07
 2.99358e-03 3.89367e+03 5.19321e-10 -6.12849e-07
 3.72759e-03 3.91324e+03 5.88791e-10 -7.63118e-07
 4.64159e-03 3.93343e+03 6.66932e-10 -9.50232e-07
 5.77969e-03 3.95427e+03 7.54955e-10 -1.18322e-06
 7.19686e-03 3.97600e+03 8.53938e-10 -1.47335e-06
 8.96151e-03 3.99873e+03 9.65030e-10 -1.83461e-06
 1.11588e-02 4.02264e+03 1.08964e-09 -2.28445e-06
 1.38950e-02 4.04790e+03 1.22950e-09 -2.84459e-06
 1.73020e-02 4.07462e+03 1.38617e-09 -3.54209e-06
 2.15443e-02 4.10311e+03 1.56128e-09 -4.41058e-06
 2.68270e-02 4.13358e+03 1.75720e-09 -5.49206e-06
 3.34048e-02 4.16636e+03 1.97609e-09 -6.83869e-06
 4.15956e-02 4.20181e+03 2.22008e-09 -8.51551e-06
 5.17947e-02 4.24037e+03 2.49159e-09 -1.06035e-05
 6.44947e-02 4.28267e+03 2.79389e-09 -1.32034e-05
 8.03086e-02 4.32937e+03 3.12971e-09 -1.64408e-05
 1.00000e-01 4.38146e+03 3.50169e-09 -2.04721e-05
 1.24520e-01 4.43997e+03 3.91357e-09 -2.54918e-05
 1.55052e-01 4.50582e+03 4.37022e-09 -3.17424e-05
 1.93070e-01 4.58011e+03 4.87616e-09 -3.95255e-05
 2.40410e-01 4.66469e+03 5.43645e-09 -4.92171e-05
 2.99358e-01 4.75987e+03 6.06105e-09 -6.12849e-05
 3.72759e-01 4.86758e+03 6.75797e-09 -7.63118e-05
 4.64159e-01 4.98770e+03 7.53638e-09 -9.50232e-05
 5.77969e-01 5.12481e+03 8.39341e-09 -1.18322e-04
 7.19686e-01 5.27888e+03 9.31372e-09 -1.47335e-04
 8.96151e-01 5.45007e+03 1.02502e-08 -1.83461e-04
 1.11588e+00 5.62045e+03 1.11782e-08 -2.28445e-04
 1.38950e+00 5.88369e+03 1.17803e-08 -2.84459e-04
 1.73020e+00 6.08529e+03 1.23520e-08 -3.54206e-04
 2.15443e+00 6.40077e+03 1.24994e-08 -4.40893e-04
 2.68270e+00 6.71970e+03 1.24549e-08 -5.44963e-04
 3.34048e+00 7.09679e+03 1.21556e-08 -4.57764e-04
 4.15956e+00 7.55988e+03 1.15646e-08 +6.16035e-03
 5.17947e+00 7.76611e+03 1.13906e-08 +1.84730e-02
 6.44947e+00 7.95511e+03 1.12285e-08 +3.27313e-02
 8.03086e+00 8.12175e+03 1.10934e-08 +4.43129e-02
 1.00000e+01 8.26985e+03 1.09839e-08 +5.27485e-02
 1.24520e+01 8.40440e+03 1.08952e-08 +5.88211e-02
 1.55052e+01 8.52930e+03 1.08234e-08 +6.32612e-02
 1.93070e+01 8.64745e+03 1.07655e-08 +6.65692e-02
 2.40410e+01 8.76100e+03 1.07195e-08 +6.90903e-02
 2.99358e+01 8.87142e+03 1.06840e-08 +7.10519e-02
 3.72759e+01 8.97980e+03 1.06585e-08 +7.25962e-02
 4.64159e+01 9.08699e+03 1.06424e-08 +7.38318e-02
 5.77969e+01 9.19363e+03 1.06357e-08 +7.48281e-02
 7.19686e+01 9.30027e+03 1.06385e-08 +7.56387e-02
 8.96151e+01 9.40731e+03 1.06511e-08 +7.63023e-02
 1.11588e+02 9.51514e+03 1.06739e-08 +7.68485e-02
 1.38950e+02 9.62407e+03 1.07075e-08 +7.72998e-02
 1.73020e+02 9.73439e+03 1.07527e-08 +7.76750e-02
 2.15443e+02 9.84637e+03 1.08105e-08 +7.79869e-02
 2.68270e+02 9.96027e+03 1.08816e-08 +7.82476e-02
 3.34048e+02 1.00763e+04 1.09673e-08 +7.84655e-02
 4.15956e+02 1.01948e+04 1.10688e-08 +7.86480e-02
 5.17947e+02 1.03159e+04 1.11876e-08 +7.88015e-02
 6.44947e+02 1.04400e+04 1.13250e-08 +7.89305e-02
 8.03086e+02 1.05674e+04 1.14854e-08 +7.90371e-02
 1.00000e+03 1.06991e+04 1.16713e-08 +7.91253e-02
