#n1=128 n2=4 Teff=04600 R=1.2994e+12 L=5.3771e+35 logg=+2.00
#   tau          T          rho         Fconv
 0.00000e+00 2.12608e+03 7.11761e-21 +0.00000e+00
 1.00000e-09 2.12608e+03 2.89225e-15 +0.00000e+00
 1.24520e-09 2.13371e+03 3.59362e-15 +0.00000e+00
 1.55052e-09 2.14241e+03 4.46220e-15 +0.00000e+00
 1.93070e-09 2.15142e+03 5.53927e-15 +0.00000e+00
 2.40410e-09 2.16105e+03 6.87369e-15 +0.00000e+00
 2.99358e-09 2.17076e+03 8.52864e-15 +0.00000e+00
 3.72759e-09 2.18097e+03 1.05790e-14 +0.00000e+00
 4.64159e-09 2.19127e+03 1.31212e-14 +0.00000e+00
 5.77969e-09 2.20209e+03 1.62700e-14 +0.00000e+00
 7.19686e-09 2.21318e+03 2.01715e-14 +0.00000e+00
 8.96151e-09 2.22489e+03 2.50012e-14 +0.00000e+00
 1.11588e-08 2.23709e+03 3.09801e-14 +0.00000e+00
 1.38950e-08 2.25011e+03 3.83746e-14 +0.00000e+00
 1.73020e-08 2.26395e+03 4.75165e-14 +0.00000e+00
 2.15443e-08 2.27890e+03 5.88073e-14 +0.00000e+00
 2.68270e-08 2.29514e+03 7.27397e-14 +0.00000e+00
 3.34048e-08 2.31289e+03 8.99135e-14 +0.00000e+00
 4.15956e-08 2.33241e+03 1.11057e-13 +0.00000e+00
 5.17947e-08 2.35367e+03 1.37069e-13 +0.00000e+00
 6.44947e-08 2.37671e+03 1.69044e-13 +0.00000e+00
 8.03086e-08 2.40113e+03 2.08353e-13 +0.00000e+00
 1.00000e-07 2.42664e+03 2.56680e-13 +0.00000e+00
 1.24520e-07 2.45213e+03 3.16211e-13 +0.00000e+00
 1.55052e-07 2.47901e+03 3.89307e-13 +0.00000e+00
 1.93070e-07 2.50632e+03 4.79184e-13 +0.00000e+00
 2.40410e-07 2.53411e+03 5.89645e-13 +0.00000e+00
 2.99358e-07 2.56224e+03 7.25385e-13 +0.00000e+00
 3.72759e-07 2.59091e+03 8.92048e-13 +0.00000e+00
 4.64159e-07 2.62004e+03 1.09659e-12 +0.00000e+00
 5.77969e-07 2.64969e+03 1.34740e-12 +0.00000e+00
 7.19686e-07 2.67972e+03 1.65483e-12 +0.00000e+00
 8.96151e-07 2.71005e+03 2.03135e-12 +0.00000e+00
 1.11588e-06 2.74051e+03 2.49219e-12 +0.00000e+00
 1.38950e-06 2.77101e+03 3.05575e-12 +0.00000e+00
 1.73020e-06 2.80155e+03 3.74403e-12 +0.00000e+00
 2.15443e-06 2.83181e+03 4.58401e-12 +0.00000e+00
 2.68270e-06 2.86168e+03 5.60767e-12 +0.00000e+00
 3.34048e-06 2.89075e+03 6.85423e-12 +0.00000e+00
 4.15956e-06 2.91897e+03 8.36963e-12 +0.00000e+00
 5.17947e-06 2.94623e+03 1.02087e-11 +0.00000e+00
 6.44947e-06 2.97254e+03 1.24357e-11 +0.00000e+00
 8.03086e-06 2.99785e+03 1.51262e-11 +0.00000e+00
 1.00000e-05 3.02224e+03 1.83676e-11 +0.00000e+00
 1.24520e-05 3.04576e+03 2.22602e-11 +0.00000e+00
 1.55052e-05 3.06843e+03 2.69209e-11 +0.00000e+00
 1.93070e-05 3.09032e+03 3.24796e-11 +0.00000e+00
 2.40410e-05 3.11150e+03 3.90870e-11 +0.00000e+00
 2.99358e-05 3.13202e+03 4.69096e-11 +0.00000e+00
 3.72759e-05 3.15193e+03 5.61341e-11 +0.00000e+00
 4.64159e-05 3.17127e+03 6.69741e-11 +0.00000e+00
 5.77969e-05 3.19005e+03 7.96580e-11 +0.00000e+00
 7.19686e-05 3.20819e+03 9.44585e-11 +0.00000e+00
 8.96151e-05 3.22577e+03 1.11666e-10 +0.00000e+00
 1.11588e-04 3.24299e+03 1.31594e-10 +0.00000e+00
 1.38950e-04 3.25991e+03 1.54617e-10 +0.00000e+00
 1.73020e-04 3.27653e+03 1.81122e-10 +0.00000e+00
 2.15443e-04 3.29305e+03 2.11546e-10 +0.00000e+00
 2.68270e-04 3.30951e+03 2.46394e-10 +0.00000e+00
 3.34048e-04 3.32590e+03 2.86189e-10 +0.00000e+00
 4.15956e-04 3.34231e+03 3.31546e-10 +0.00000e+00
 5.17947e-04 3.35902e+03 3.83121e-10 +0.00000e+00
 6.44947e-04 3.37616e+03 4.41585e-10 +0.00000e+00
 8.03086e-04 3.39383e+03 5.07712e-10 +0.00000e+00
 1.00000e-03 3.41203e+03 5.82403e-10 +0.00000e+00
 1.24520e-03 3.43066e+03 6.66589e-10 -2.55015e-07
 1.55052e-03 3.45021e+03 7.61181e-10 -3.17543e-07
 1.93070e-03 3.47072e+03 8.67346e-10 -3.95404e-07
 2.40410e-03 3.49212e+03 9.86246e-10 -4.92355e-07
 2.99358e-03 3.51455e+03 1.11906e-09 -6.13080e-07
 3.72759e-03 3.53826e+03 1.26722e-09 -7.63407e-07
 4.64159e-03 3.56308e+03 1.43229e-09 -9.50589e-07
 5.77969e-03 3.58906e+03 1.61585e-09 -1.18367e-06
 7.19686e-03 3.61630e+03 1.81963e-09 -1.47390e-06
 8.96151e-03 3.64481e+03 2.04588e-09 -1.83530e-06
 1.11588e-02 3.67434e+03 2.29693e-09 -2.28531e-06
 1.38950e-02 3.70493e+03 2.57514e-09 -2.84567e-06
 1.73020e-02 3.73633e+03 2.88383e-09 -3.54341e-06
 2.15443e-02 3.76952e+03 3.22562e-09 -4.41224e-06
 2.68270e-02 3.80479e+03 3.60323e-09 -5.49413e-06
 3.34048e-02 3.84395e+03 4.01755e-09 -6.84126e-06
 4.15956e-02 3.88624e+03 4.47287e-09 -8.51871e-06
 5.17947e-02 3.92889e+03 4.97720e-09 -1.06075e-05
 6.44947e-02 3.96873e+03 5.54133e-09 -1.32084e-05
 8.03086e-02 4.00075e+03 6.18322e-09 -1.64471e-05
 1.00000e-01 4.03785e+03 6.89366e-09 -2.04799e-05
 1.24520e-01 4.08465e+03 7.66864e-09 -2.55015e-05
 1.55052e-01 4.14746e+03 8.49624e-09 -3.17543e-05
 1.93070e-01 4.22920e+03 9.36963e-09 -3.95404e-05
 2.40410e-01 4.31847e+03 1.03229e-08 -4.92355e-05
 2.99358e-01 4.41318e+03 1.13772e-08 -6.13080e-05
 3.72759e-01 4.50535e+03 1.25727e-08 -7.63407e-05
 4.64159e-01 4.60992e+03 1.38903e-08 -9.50589e-05
 5.77969e-01 4.73236e+03 1.53351e-08 -1.18367e-04
 7.19686e-01 4.87232e+03 1.69145e-08 -1.47390e-04
 8.96151e-01 5.04254e+03 1.85473e-08 -1.83530e-04
 1.11588e+00 5.21738e+03 2.02010e-08 -2.28531e-04
 1.38950e+00 5.37777e+03 2.18303e-08 -2.84567e-04
 1.73020e+00 5.61633e+03 2.28671e-08 -3.54332e-04
 2.15443e+00 5.89810e+03 2.32567e-08 -4.40565e-04
 2.68270e+00 6.07044e+03 2.38527e-08 -5.42144e-04
 3.34048e+00 6.48551e+03 2.31975e-08 -1.71999e-04
 4.15956e+00 6.86402e+03 2.24322e-08 +6.11328e-03
 5.17947e+00 7.07862e+03 2.21594e-08 +1.72569e-02
 6.44947e+00 7.27801e+03 2.19060e-08 +3.04337e-02
 8.03086e+00 7.45650e+03 2.17014e-08 +4.17481e-02
 1.00000e+01 7.61643e+03 2.15464e-08 +5.04027e-02
 1.24520e+01 7.76190e+03 2.14345e-08 +5.68495e-02
 1.55052e+01 7.90148e+03 2.13422e-08 +6.06218e-02
 1.93070e+01 8.03314e+03 2.12776e-08 +6.48956e-02
 2.40410e+01 8.15553e+03 2.12498e-08 +6.80176e-02
 2.99358e+01 8.27151e+03 2.12537e-08 +7.03477e-02
 3.72759e+01 8.38316e+03 2.12860e-08 +7.21253e-02
 4.64159e+01 8.49195e+03 2.13444e-08 +7.35099e-02
 5.77969e+01 8.59892e+03 2.14278e-08 +7.46077e-02
 7.19686e+01 8.70486e+03 2.15358e-08 +7.54868e-02
 8.96151e+01 8.81040e+03 2.16680e-08 +7.61991e-02
 1.11588e+02 8.91595e+03 2.18248e-08 +7.67835e-02
 1.38950e+02 9.02182e+03 2.20067e-08 +7.72645e-02
 1.73020e+02 9.12829e+03 2.22143e-08 +7.76622e-02
 2.15443e+02 9.23555e+03 2.24488e-08 +7.79937e-02
 2.68270e+02 9.34364e+03 2.27117e-08 +7.82722e-02
 3.34048e+02 9.45250e+03 2.30056e-08 +7.85070e-02
 4.15956e+02 9.56206e+03 2.33345e-08 +7.87035e-02
 5.17947e+02 9.67237e+03 2.37018e-08 +7.88681e-02
 6.44947e+02 9.78339e+03 2.41114e-08 +7.90062e-02
 8.03086e+02 9.89502e+03 2.45686e-08 +7.91226e-02
 1.00000e+03 1.00072e+04 2.50792e-08 +7.92204e-02
