#n1=128 n2=4 Teff=04000 R=8.9792e+12 L=1.4699e+37 logg=+0.50
#   tau          T          rho         Fconv
 0.00000e+00 1.85208e+03 8.39465e-21 +0.00000e+00
 1.00000e-09 1.85208e+03 9.13575e-17 +0.00000e+00
 1.24520e-09 1.86066e+03 1.13525e-16 +0.00000e+00
 1.55052e-09 1.86960e+03 1.41036e-16 +0.00000e+00
 1.93070e-09 1.87853e+03 1.75206e-16 +0.00000e+00
 2.40410e-09 1.88783e+03 2.17607e-16 +0.00000e+00
 2.99358e-09 1.89707e+03 2.70272e-16 +0.00000e+00
 3.72759e-09 1.90676e+03 3.35600e-16 +0.00000e+00
 4.64159e-09 1.91636e+03 4.16739e-16 +0.00000e+00
 5.77969e-09 1.92651e+03 5.17348e-16 +0.00000e+00
 7.19686e-09 1.93656e+03 6.42290e-16 +0.00000e+00
 8.96151e-09 1.94727e+03 7.97142e-16 +0.00000e+00
 1.11588e-08 1.95787e+03 9.89408e-16 +0.00000e+00
 1.38950e-08 1.96917e+03 1.22763e-15 +0.00000e+00
 1.73020e-08 1.98056e+03 1.52317e-15 +0.00000e+00
 2.15443e-08 1.99276e+03 1.88915e-15 +0.00000e+00
 2.68270e-08 2.00521e+03 2.34282e-15 +0.00000e+00
 3.34048e-08 2.01869e+03 2.90404e-15 +0.00000e+00
 4.15956e-08 2.03295e+03 3.59841e-15 +0.00000e+00
 5.17947e-08 2.04838e+03 4.45638e-15 +0.00000e+00
 6.44947e-08 2.06536e+03 5.51493e-15 +0.00000e+00
 8.03086e-08 2.08545e+03 6.81486e-15 +0.00000e+00
 1.00000e-07 2.10841e+03 8.40994e-15 +0.00000e+00
 1.24520e-07 2.13632e+03 1.03544e-14 +0.00000e+00
 1.55052e-07 2.16532e+03 1.27429e-14 +0.00000e+00
 1.93070e-07 2.20399e+03 1.56129e-14 +0.00000e+00
 2.40410e-07 2.24565e+03 1.91038e-14 +0.00000e+00
 2.99358e-07 2.29304e+03 2.33130e-14 +0.00000e+00
 3.72759e-07 2.34503e+03 2.83832e-14 +0.00000e+00
 4.64159e-07 2.39474e+03 3.45689e-14 +0.00000e+00
 5.77969e-07 2.44058e+03 4.21411e-14 +0.00000e+00
 7.19686e-07 2.48232e+03 5.14230e-14 +0.00000e+00
 8.96151e-07 2.52025e+03 6.28110e-14 +0.00000e+00
 1.11588e-06 2.55471e+03 7.67992e-14 +0.00000e+00
 1.38950e-06 2.58624e+03 9.39952e-14 +0.00000e+00
 1.73020e-06 2.61506e+03 1.15165e-13 +0.00000e+00
 2.15443e-06 2.64163e+03 1.41250e-13 +0.00000e+00
 2.68270e-06 2.66619e+03 1.73426e-13 +0.00000e+00
 3.34048e-06 2.68904e+03 2.13146e-13 +0.00000e+00
 4.15956e-06 2.71050e+03 2.62202e-13 +0.00000e+00
 5.17947e-06 2.73069e+03 3.22828e-13 +0.00000e+00
 6.44947e-06 2.74982e+03 3.97765e-13 +0.00000e+00
 8.03086e-06 2.76810e+03 4.90398e-13 +0.00000e+00
 1.00000e-05 2.78563e+03 6.04887e-13 +0.00000e+00
 1.24520e-05 2.80252e+03 7.46361e-13 +0.00000e+00
 1.55052e-05 2.81889e+03 9.21071e-13 +0.00000e+00
 1.93070e-05 2.83470e+03 1.13674e-12 +0.00000e+00
 2.40410e-05 2.85006e+03 1.40273e-12 +0.00000e+00
 2.99358e-05 2.86501e+03 1.73046e-12 +0.00000e+00
 3.72759e-05 2.87959e+03 2.13372e-12 +0.00000e+00
 4.64159e-05 2.89369e+03 2.62936e-12 +0.00000e+00
 5.77969e-05 2.90725e+03 3.23774e-12 +0.00000e+00
 7.19686e-05 2.92042e+03 3.98295e-12 +0.00000e+00
 8.96151e-05 2.93320e+03 4.89404e-12 +0.00000e+00
 1.11588e-04 2.94550e+03 6.00549e-12 +0.00000e+00
 1.38950e-04 2.95736e+03 7.35835e-12 +0.00000e+00
 1.73020e-04 2.96889e+03 9.00008e-12 +0.00000e+00
 2.15443e-04 2.97994e+03 1.09877e-11 +0.00000e+00
 2.68270e-04 2.99043e+03 1.33875e-11 +0.00000e+00
 3.34048e-04 3.00062e+03 1.62752e-11 +0.00000e+00
 4.15956e-04 3.01059e+03 1.97381e-11 +0.00000e+00
 5.17947e-04 3.02036e+03 2.38760e-11 +0.00000e+00
 6.44947e-04 3.03008e+03 2.88024e-11 +0.00000e+00
 8.03086e-04 3.03987e+03 3.46433e-11 +0.00000e+00
 1.00000e-03 3.04984e+03 4.15407e-11 +0.00000e+00
 1.24520e-03 3.06004e+03 4.96526e-11 -2.54697e-07
 1.55052e-03 3.07069e+03 5.91492e-11 -3.17149e-07
 1.93070e-03 3.08187e+03 7.02191e-11 -3.94912e-07
 2.40410e-03 3.09374e+03 8.30626e-11 -4.91744e-07
 2.99358e-03 3.10642e+03 9.78955e-11 -6.12318e-07
 3.72759e-03 3.12002e+03 1.14948e-10 -7.62459e-07
 4.64159e-03 3.13476e+03 1.34455e-10 -9.49407e-07
 5.77969e-03 3.15087e+03 1.56653e-10 -1.18220e-06
 7.19686e-03 3.16837e+03 1.81795e-10 -1.47208e-06
 8.96151e-03 3.18742e+03 2.10131e-10 -1.83302e-06
 1.11588e-02 3.20819e+03 2.41900e-10 -2.28248e-06
 1.38950e-02 3.23075e+03 2.77349e-10 -2.84213e-06
 1.73020e-02 3.25518e+03 3.16710e-10 -3.53901e-06
 2.15443e-02 3.28173e+03 3.60189e-10 -4.40677e-06
 2.68270e-02 3.31077e+03 4.07938e-10 -5.48729e-06
 3.34048e-02 3.34287e+03 4.59992e-10 -6.83276e-06
 4.15956e-02 3.37841e+03 5.16329e-10 -8.50811e-06
 5.17947e-02 3.41729e+03 5.76953e-10 -1.05943e-05
 6.44947e-02 3.45602e+03 6.42761e-10 -1.31920e-05
 8.03086e-02 3.49624e+03 7.13909e-10 -1.64266e-05
 1.00000e-01 3.53772e+03 7.90947e-10 -2.04544e-05
 1.24520e-01 3.58141e+03 8.74169e-10 -2.54697e-05
 1.55052e-01 3.62853e+03 9.63602e-10 -3.17149e-05
 1.93070e-01 3.68100e+03 1.05884e-09 -3.94912e-05
 2.40410e-01 3.74182e+03 1.15896e-09 -4.91744e-05
 2.99358e-01 3.81786e+03 1.26113e-09 -6.12318e-05
 3.72759e-01 3.90402e+03 1.36679e-09 -7.62459e-05
 4.64159e-01 4.00365e+03 1.47555e-09 -9.49407e-05
 5.77969e-01 4.12018e+03 1.58770e-09 -1.18220e-04
 7.19686e-01 4.24862e+03 1.70875e-09 -1.47208e-04
 8.96151e-01 4.38983e+03 1.84359e-09 -1.83302e-04
 1.11588e+00 4.54692e+03 1.99807e-09 -2.28248e-04
 1.38950e+00 4.71867e+03 2.18104e-09 -2.84213e-04
 1.73020e+00 4.90985e+03 2.39566e-09 -3.53901e-04
 2.15443e+00 5.12523e+03 2.62950e-09 -4.40677e-04
 2.68270e+00 5.36822e+03 2.84481e-09 -5.48729e-04
 3.34048e+00 5.63941e+03 2.99657e-09 -6.13632e-04
 4.15956e+00 5.96207e+03 3.04748e-09 -6.13629e-04
 5.17947e+00 6.28714e+03 3.03550e-09 -6.13346e-04
 6.44947e+00 6.64254e+03 2.96658e-09 -5.93826e-04
 8.03086e+00 7.20328e+03 2.75598e-09 +4.74731e-03
 1.00000e+01 7.41014e+03 2.69629e-09 +1.82974e-02
 1.24520e+01 7.59355e+03 2.64200e-09 +3.43614e-02
 1.55052e+01 7.74953e+03 2.59679e-09 +4.65702e-02
 1.93070e+01 7.88492e+03 2.55902e-09 +5.49473e-02
 2.40410e+01 8.00626e+03 2.52664e-09 +6.07368e-02
 2.99358e+01 8.11816e+03 2.49817e-09 +6.48601e-02
 3.72759e+01 8.22368e+03 2.47262e-09 +6.78880e-02
 4.64159e+01 8.32492e+03 2.44933e-09 +7.01740e-02
 5.77969e+01 8.42335e+03 2.42788e-09 +7.19344e-02
 7.19686e+01 8.52006e+03 2.40795e-09 +7.33157e-02
 8.96151e+01 8.61586e+03 2.38937e-09 +7.44131e-02
 1.11588e+02 8.71141e+03 2.37199e-09 +7.52974e-02
 1.38950e+02 8.80720e+03 2.35579e-09 +7.60115e-02
 1.73020e+02 8.90370e+03 2.34067e-09 +7.65967e-02
 2.15443e+02 9.00133e+03 2.32675e-09 +7.70737e-02
 2.68270e+02 9.10069e+03 2.31401e-09 +7.74625e-02
 3.34048e+02 9.20222e+03 2.30233e-09 +7.77864e-02
 4.15956e+02 9.30629e+03 2.29189e-09 +7.80546e-02
 5.17947e+02 9.41332e+03 2.28270e-09 +7.82793e-02
 6.44947e+02 9.52377e+03 2.27495e-09 +7.84661e-02
 8.03086e+02 9.63816e+03 2.26866e-09 +7.86225e-02
 1.00000e+03 9.75711e+03 2.26418e-09 +7.87521e-02
