#n1=128 n2=4 Teff=04200 R=5.5752e+11 L=6.8858e+34 logg=+2.50
#   tau          T          rho         Fconv
 0.00000e+00 2.13767e+03 7.27081e-21 +0.00000e+00
 1.00000e-09 2.13767e+03 9.63441e-15 +0.00000e+00
 1.24520e-09 2.14583e+03 1.19684e-14 +0.00000e+00
 1.55052e-09 2.15519e+03 1.48567e-14 +0.00000e+00
 1.93070e-09 2.16566e+03 1.84300e-14 +0.00000e+00
 2.40410e-09 2.17639e+03 2.28572e-14 +0.00000e+00
 2.99358e-09 2.18815e+03 2.83315e-14 +0.00000e+00
 3.72759e-09 2.20006e+03 3.51117e-14 +0.00000e+00
 4.64159e-09 2.21306e+03 4.34898e-14 +0.00000e+00
 5.77969e-09 2.22639e+03 5.38558e-14 +0.00000e+00
 7.19686e-09 2.24092e+03 6.66531e-14 +0.00000e+00
 8.96151e-09 2.25608e+03 8.24636e-14 +0.00000e+00
 1.11588e-08 2.27256e+03 1.01960e-13 +0.00000e+00
 1.38950e-08 2.29002e+03 1.26004e-13 +0.00000e+00
 1.73020e-08 2.30886e+03 1.55615e-13 +0.00000e+00
 2.15443e-08 2.32891e+03 1.92071e-13 +0.00000e+00
 2.68270e-08 2.35025e+03 2.36916e-13 +0.00000e+00
 3.34048e-08 2.37275e+03 2.92062e-13 +0.00000e+00
 4.15956e-08 2.39625e+03 3.59849e-13 +0.00000e+00
 5.17947e-08 2.42057e+03 4.43156e-13 +0.00000e+00
 6.44947e-08 2.44546e+03 5.45523e-13 +0.00000e+00
 8.03086e-08 2.47071e+03 6.71296e-13 +0.00000e+00
 1.00000e-07 2.49614e+03 8.25783e-13 +0.00000e+00
 1.24520e-07 2.52149e+03 1.01553e-12 +0.00000e+00
 1.55052e-07 2.54671e+03 1.24847e-12 +0.00000e+00
 1.93070e-07 2.57155e+03 1.53435e-12 +0.00000e+00
 2.40410e-07 2.59599e+03 1.88495e-12 +0.00000e+00
 2.99358e-07 2.61990e+03 2.31466e-12 +0.00000e+00
 3.72759e-07 2.64318e+03 2.84088e-12 +0.00000e+00
 4.64159e-07 2.66592e+03 3.48437e-12 +0.00000e+00
 5.77969e-07 2.68787e+03 4.27061e-12 +0.00000e+00
 7.19686e-07 2.70927e+03 5.22916e-12 +0.00000e+00
 8.96151e-07 2.72994e+03 6.39618e-12 +0.00000e+00
 1.11588e-06 2.75000e+03 7.81347e-12 +0.00000e+00
 1.38950e-06 2.76952e+03 9.53054e-12 +0.00000e+00
 1.73020e-06 2.78845e+03 1.16050e-11 +0.00000e+00
 2.15443e-06 2.80698e+03 1.41034e-11 +0.00000e+00
 2.68270e-06 2.82506e+03 1.71020e-11 +0.00000e+00
 3.34048e-06 2.84279e+03 2.06880e-11 +0.00000e+00
 4.15956e-06 2.86027e+03 2.49595e-11 +0.00000e+00
 5.17947e-06 2.87745e+03 3.00269e-11 +0.00000e+00
 6.44947e-06 2.89438e+03 3.60152e-11 +0.00000e+00
 8.03086e-06 2.91118e+03 4.30589e-11 +0.00000e+00
 1.00000e-05 2.92779e+03 5.13119e-11 +0.00000e+00
 1.24520e-05 2.94426e+03 6.09428e-11 +0.00000e+00
 1.55052e-05 2.96060e+03 7.21343e-11 +0.00000e+00
 1.93070e-05 2.97676e+03 8.50985e-11 +0.00000e+00
 2.40410e-05 2.99278e+03 1.00058e-10 +0.00000e+00
 2.99358e-05 3.00868e+03 1.17266e-10 +0.00000e+00
 3.72759e-05 3.02441e+03 1.37012e-10 +0.00000e+00
 4.64159e-05 3.03987e+03 1.59609e-10 +0.00000e+00
 5.77969e-05 3.05501e+03 1.85426e-10 +0.00000e+00
 7.19686e-05 3.06994e+03 2.14869e-10 +0.00000e+00
 8.96151e-05 3.08462e+03 2.48378e-10 +0.00000e+00
 1.11588e-04 3.09892e+03 2.86492e-10 +0.00000e+00
 1.38950e-04 3.11288e+03 3.29813e-10 +0.00000e+00
 1.73020e-04 3.12654e+03 3.78981e-10 +0.00000e+00
 2.15443e-04 3.13984e+03 4.34771e-10 +0.00000e+00
 2.68270e-04 3.15271e+03 4.98091e-10 +0.00000e+00
 3.34048e-04 3.16533e+03 5.69870e-10 +0.00000e+00
 4.15956e-04 3.17775e+03 6.51189e-10 +0.00000e+00
 5.17947e-04 3.18991e+03 7.43337e-10 +0.00000e+00
 6.44947e-04 3.20196e+03 8.47692e-10 +0.00000e+00
 8.03086e-04 3.21400e+03 9.65719e-10 +0.00000e+00
 1.00000e-03 3.22613e+03 1.09916e-09 +0.00000e+00
 1.24520e-03 3.23837e+03 1.24998e-09 -2.54777e-07
 1.55052e-03 3.25085e+03 1.42017e-09 -3.17248e-07
 1.93070e-03 3.26362e+03 1.61209e-09 -3.95037e-07
 2.40410e-03 3.27677e+03 1.82838e-09 -4.91898e-07
 2.99358e-03 3.29046e+03 2.07180e-09 -6.12509e-07
 3.72759e-03 3.30485e+03 2.34520e-09 -7.62695e-07
 4.64159e-03 3.32011e+03 2.65184e-09 -9.49707e-07
 5.77969e-03 3.33639e+03 2.99520e-09 -1.18257e-06
 7.19686e-03 3.35378e+03 3.37878e-09 -1.47253e-06
 8.96151e-03 3.37245e+03 3.80633e-09 -1.83360e-06
 1.11588e-02 3.39259e+03 4.28180e-09 -2.28319e-06
 1.38950e-02 3.41435e+03 4.80924e-09 -2.84302e-06
 1.73020e-02 3.43787e+03 5.39241e-09 -3.54012e-06
 2.15443e-02 3.46330e+03 6.03532e-09 -4.40814e-06
 2.68270e-02 3.49091e+03 6.74174e-09 -5.48901e-06
 3.34048e-02 3.52103e+03 7.51456e-09 -6.83490e-06
 4.15956e-02 3.55413e+03 8.35535e-09 -8.51079e-06
 5.17947e-02 3.59149e+03 9.26173e-09 -1.05976e-05
 6.44947e-02 3.63242e+03 1.02353e-08 -1.31961e-05
 8.03086e-02 3.67667e+03 1.12768e-08 -1.64318e-05
 1.00000e-01 3.72054e+03 1.24036e-08 -2.04608e-05
 1.24520e-01 3.76579e+03 1.36187e-08 -2.54777e-05
 1.55052e-01 3.81332e+03 1.49247e-08 -3.17248e-05
 1.93070e-01 3.86450e+03 1.63211e-08 -3.95037e-05
 2.40410e-01 3.93411e+03 1.77220e-08 -4.91898e-05
 2.99358e-01 4.00959e+03 1.91658e-08 -6.12509e-05
 3.72759e-01 4.09250e+03 2.06457e-08 -7.62695e-05
 4.64159e-01 4.18516e+03 2.21512e-08 -9.49707e-05
 5.77969e-01 4.29153e+03 2.36634e-08 -1.18257e-04
 7.19686e-01 4.41575e+03 2.51710e-08 -1.47253e-04
 8.96151e-01 4.56097e+03 2.66798e-08 -1.83360e-04
 1.11588e+00 4.72253e+03 2.82674e-08 -2.28319e-04
 1.38950e+00 4.90616e+03 2.99737e-08 -2.84302e-04
 1.73020e+00 5.11213e+03 3.18913e-08 -3.54012e-04
 2.15443e+00 5.34227e+03 3.40832e-08 -4.40814e-04
 2.68270e+00 5.60560e+03 3.63818e-08 -5.48901e-04
 3.34048e+00 5.85099e+03 3.87686e-08 -6.13825e-04
 4.15956e+00 6.21016e+03 3.98181e-08 -6.11868e-04
 5.17947e+00 6.54950e+03 4.02349e-08 -4.29364e-04
 6.44947e+00 6.95792e+03 3.95214e-08 +4.04714e-03
 8.03086e+00 7.18814e+03 3.95738e-08 +1.40213e-02
 1.00000e+01 7.40543e+03 3.95687e-08 +2.69558e-02
 1.24520e+01 7.60020e+03 3.96046e-08 +3.92091e-02
 1.55052e+01 7.77237e+03 3.97202e-08 +4.87883e-02
 1.93070e+01 7.92678e+03 3.99176e-08 +5.58102e-02
 2.40410e+01 8.06837e+03 4.01901e-08 +6.09270e-02
 2.99358e+01 8.20089e+03 4.05316e-08 +6.47378e-02
 3.72759e+01 8.32695e+03 4.09391e-08 +6.76393e-02
 4.64159e+01 8.44840e+03 4.14117e-08 +6.98868e-02
 5.77969e+01 8.56678e+03 4.19482e-08 +7.16345e-02
 7.19686e+01 8.68329e+03 4.25480e-08 +7.30288e-02
 8.96151e+01 8.79854e+03 4.32131e-08 +7.41678e-02
 1.11588e+02 8.91275e+03 4.39487e-08 +7.51140e-02
 1.38950e+02 9.02590e+03 4.47621e-08 +7.58974e-02
 1.73020e+02 9.13816e+03 4.56599e-08 +7.65429e-02
 2.15443e+02 9.24964e+03 4.66499e-08 +7.70778e-02
 2.68270e+02 9.36038e+03 4.77418e-08 +7.75209e-02
 3.34048e+02 9.47041e+03 4.89462e-08 +7.78879e-02
 4.15956e+02 9.57981e+03 5.02753e-08 +7.81908e-02
 5.17947e+02 9.68865e+03 5.17420e-08 +7.84415e-02
 6.44947e+02 9.79702e+03 5.33611e-08 +7.86486e-02
 8.03086e+02 9.90497e+03 5.51486e-08 +7.88193e-02
 1.00000e+03 1.00126e+04 5.71245e-08 +7.89600e-02
