#n1=128 n2=4 Teff=04600 R=1.7854e+11 L=1.0176e+34 logg=+3.50
#   tau          T          rho         Fconv
 0.00000e+00 3.38600e+03 4.26626e-21 +0.00000e+00
 1.00000e-09 3.38600e+03 5.75684e-14 +0.00000e+00
 1.24520e-09 3.38622e+03 7.18877e-14 +0.00000e+00
 1.55052e-09 3.38645e+03 8.97424e-14 +0.00000e+00
 1.93070e-09 3.38669e+03 1.12003e-13 +0.00000e+00
 2.40410e-09 3.38693e+03 1.39752e-13 +0.00000e+00
 2.99358e-09 3.38718e+03 1.74339e-13 +0.00000e+00
 3.72759e-09 3.38744e+03 2.17446e-13 +0.00000e+00
 4.64159e-09 3.38771e+03 2.71166e-13 +0.00000e+00
 5.77969e-09 3.38799e+03 3.38105e-13 +0.00000e+00
 7.19686e-09 3.38829e+03 4.21511e-13 +0.00000e+00
 8.96151e-09 3.38861e+03 5.25426e-13 +0.00000e+00
 1.11588e-08 3.38894e+03 6.54885e-13 +0.00000e+00
 1.38950e-08 3.38930e+03 8.16157e-13 +0.00000e+00
 1.73020e-08 3.38968e+03 1.01705e-12 +0.00000e+00
 2.15443e-08 3.39010e+03 1.26727e-12 +0.00000e+00
 2.68270e-08 3.39054e+03 1.57893e-12 +0.00000e+00
 3.34048e-08 3.39102e+03 1.96708e-12 +0.00000e+00
 4.15956e-08 3.39154e+03 2.45048e-12 +0.00000e+00
 5.17947e-08 3.39211e+03 3.05246e-12 +0.00000e+00
 6.44947e-08 3.39273e+03 3.80207e-12 +0.00000e+00
 8.03086e-08 3.39339e+03 4.73547e-12 +0.00000e+00
 1.00000e-07 3.39412e+03 5.89766e-12 +0.00000e+00
 1.24520e-07 3.39490e+03 7.34464e-12 +0.00000e+00
 1.55052e-07 3.39575e+03 9.14608e-12 +0.00000e+00
 1.93070e-07 3.39667e+03 1.13887e-11 +0.00000e+00
 2.40410e-07 3.39766e+03 1.41803e-11 +0.00000e+00
 2.99358e-07 3.39872e+03 1.76552e-11 +0.00000e+00
 3.72759e-07 3.39987e+03 2.19802e-11 +0.00000e+00
 4.64159e-07 3.40110e+03 2.73629e-11 +0.00000e+00
 5.77969e-07 3.40242e+03 3.40616e-11 +0.00000e+00
 7.19686e-07 3.40383e+03 4.23970e-11 +0.00000e+00
 8.96151e-07 3.40531e+03 5.27688e-11 +0.00000e+00
 1.11588e-06 3.40686e+03 6.56728e-11 +0.00000e+00
 1.38950e-06 3.40848e+03 8.17264e-11 +0.00000e+00
 1.73020e-06 3.41016e+03 1.01696e-10 +0.00000e+00
 2.15443e-06 3.41191e+03 1.26534e-10 +0.00000e+00
 2.68270e-06 3.41376e+03 1.57420e-10 +0.00000e+00
 3.34048e-06 3.41577e+03 1.95819e-10 +0.00000e+00
 4.15956e-06 3.41808e+03 2.43538e-10 +0.00000e+00
 5.17947e-06 3.42088e+03 3.02805e-10 +0.00000e+00
 6.44947e-06 3.42444e+03 3.76355e-10 +0.00000e+00
 8.03086e-06 3.42913e+03 4.67532e-10 +0.00000e+00
 1.00000e-05 3.43533e+03 5.80409e-10 +0.00000e+00
 1.24520e-05 3.44351e+03 7.19918e-10 +0.00000e+00
 1.55052e-05 3.45401e+03 8.92032e-10 +0.00000e+00
 1.93070e-05 3.46717e+03 1.10392e-09 +0.00000e+00
 2.40410e-05 3.48313e+03 1.36421e-09 +0.00000e+00
 2.99358e-05 3.50194e+03 1.68317e-09 +0.00000e+00
 3.72759e-05 3.52340e+03 2.07305e-09 +0.00000e+00
 4.64159e-05 3.54720e+03 2.54825e-09 +0.00000e+00
 5.77969e-05 3.57280e+03 3.12570e-09 +0.00000e+00
 7.19686e-05 3.59956e+03 3.82502e-09 +0.00000e+00
 8.96151e-05 3.62671e+03 4.66892e-09 +0.00000e+00
 1.11588e-04 3.65348e+03 5.68333e-09 +0.00000e+00
 1.38950e-04 3.67915e+03 6.89805e-09 +0.00000e+00
 1.73020e-04 3.70319e+03 8.34690e-09 +0.00000e+00
 2.15443e-04 3.72527e+03 1.00687e-08 +0.00000e+00
 2.68270e-04 3.74533e+03 1.21076e-08 +0.00000e+00
 3.34048e-04 3.76350e+03 1.45138e-08 +0.00000e+00
 4.15956e-04 3.77995e+03 1.73449e-08 +0.00000e+00
 5.17947e-04 3.79486e+03 2.06661e-08 +0.00000e+00
 6.44947e-04 3.80839e+03 2.45533e-08 +0.00000e+00
 8.03086e-04 3.82066e+03 2.90936e-08 +0.00000e+00
 1.00000e-03 3.83180e+03 3.43872e-08 +0.00000e+00
 1.24520e-03 3.84190e+03 4.05520e-08 -2.54402e-07
 1.55052e-03 3.85111e+03 4.77213e-08 -3.16781e-07
 1.93070e-03 3.85957e+03 5.60501e-08 -3.94454e-07
 2.40410e-03 3.86744e+03 6.57160e-08 -4.91173e-07
 2.99358e-03 3.87490e+03 7.69183e-08 -6.11608e-07
 3.72759e-03 3.88214e+03 8.98830e-08 -7.61574e-07
 4.64159e-03 3.88933e+03 1.04864e-07 -9.48307e-07
 5.77969e-03 3.89665e+03 1.22138e-07 -1.18083e-06
 7.19686e-03 3.90430e+03 1.42013e-07 -1.47036e-06
 8.96151e-03 3.91246e+03 1.64819e-07 -1.83089e-06
 1.11588e-02 3.92133e+03 1.90896e-07 -2.27983e-06
 1.38950e-02 3.93116e+03 2.20611e-07 -2.83883e-06
 1.73020e-02 3.94218e+03 2.54314e-07 -3.53491e-06
 2.15443e-02 3.95468e+03 2.92313e-07 -4.40164e-06
 2.68270e-02 3.96899e+03 3.34890e-07 -5.48093e-06
 3.34048e-02 3.98546e+03 3.82225e-07 -6.82483e-06
 4.15956e-02 4.00448e+03 4.34298e-07 -8.49825e-06
 5.17947e-02 4.02650e+03 4.90958e-07 -1.05820e-05
 6.44947e-02 4.05208e+03 5.51781e-07 -1.31767e-05
 8.03086e-02 4.08183e+03 6.15973e-07 -1.64076e-05
 1.00000e-01 4.11651e+03 6.82272e-07 -2.04307e-05
 1.24520e-01 4.15708e+03 7.49117e-07 -2.54402e-05
 1.55052e-01 4.20467e+03 8.14444e-07 -3.16781e-05
 1.93070e-01 4.26025e+03 8.75984e-07 -3.94454e-05
 2.40410e-01 4.32413e+03 9.31771e-07 +1.48921e-04
 2.99358e-01 4.39766e+03 9.79660e-07 +2.55906e-03
 3.72759e-01 4.46924e+03 1.02338e-06 +4.91857e-03
 4.64159e-01 4.53993e+03 1.06380e-06 +7.77729e-03
 5.77969e-01 4.60984e+03 1.10178e-06 +1.08380e-02
 7.19686e-01 4.67952e+03 1.13784e-06 +1.45583e-02
 8.96151e-01 4.74957e+03 1.17228e-06 +1.85969e-02
 1.11588e+00 4.82047e+03 1.20531e-06 +2.29636e-02
 1.38950e+00 4.89292e+03 1.23698e-06 +2.88822e-02
 1.73020e+00 4.96742e+03 1.26726e-06 +3.61830e-02
 2.15443e+00 5.04422e+03 1.29619e-06 +4.52178e-02
 2.68270e+00 5.12353e+03 1.32376e-06 +5.64142e-02
 3.34048e+00 5.20526e+03 1.35007e-06 +6.43993e-02
 4.15956e+00 5.28786e+03 1.37571e-06 +6.66824e-02
 5.17947e+00 5.37128e+03 1.40095e-06 +6.85979e-02
 6.44947e+00 5.45564e+03 1.42598e-06 +7.02185e-02
 8.03086e+00 5.54109e+03 1.45096e-06 +7.15864e-02
 1.00000e+01 5.62779e+03 1.47600e-06 +7.27382e-02
 1.24520e+01 5.71597e+03 1.50122e-06 +7.37129e-02
 1.55052e+01 5.80574e+03 1.52670e-06 +7.45431e-02
 1.93070e+01 5.89721e+03 1.55256e-06 +7.52505e-02
 2.40410e+01 5.99048e+03 1.57888e-06 +7.58531e-02
 2.99358e+01 6.08564e+03 1.60568e-06 +7.63712e-02
 3.72759e+01 6.18270e+03 1.63316e-06 +7.68148e-02
 4.64159e+01 6.28175e+03 1.66142e-06 +7.71935e-02
 5.77969e+01 6.38293e+03 1.69055e-06 +7.75171e-02
 7.19686e+01 6.48634e+03 1.72064e-06 +7.77946e-02
 8.96151e+01 6.59206e+03 1.75177e-06 +7.80331e-02
 1.11588e+02 6.70014e+03 1.78407e-06 +7.82382e-02
 1.38950e+02 6.81063e+03 1.81765e-06 +7.84150e-02
 1.73020e+02 6.92356e+03 1.85261e-06 +7.85669e-02
 2.15443e+02 7.03896e+03 1.88910e-06 +7.86984e-02
 2.68270e+02 7.15687e+03 1.92726e-06 +7.88114e-02
 3.34048e+02 7.27731e+03 1.96722e-06 +7.89090e-02
 4.15956e+02 7.40030e+03 2.00915e-06 +7.89932e-02
 5.17947e+02 7.52575e+03 2.05323e-06 +7.90664e-02
 6.44947e+02 7.65354e+03 2.09968e-06 +7.91302e-02
 8.03086e+02 7.78353e+03 2.14876e-06 +7.91853e-02
 1.00000e+03 7.91566e+03 2.20073e-06 +7.92326e-02
