#n1=128 n2=4 Teff=04200 R=4.7162e+10 L=4.9317e+32 logg=+4.50
#   tau          T          rho         Fconv
 0.00000e+00 3.35860e+03 4.32712e-21 +0.00000e+00
 1.00000e-09 3.35860e+03 5.97613e-13 +0.00000e+00
 1.24520e-09 3.35851e+03 7.44735e-13 +0.00000e+00
 1.55052e-09 3.35839e+03 9.28012e-13 +0.00000e+00
 1.93070e-09 3.35823e+03 1.15632e-12 +0.00000e+00
 2.40410e-09 3.35804e+03 1.44072e-12 +0.00000e+00
 2.99358e-09 3.35782e+03 1.79498e-12 +0.00000e+00
 3.72759e-09 3.35756e+03 2.23626e-12 +0.00000e+00
 4.64159e-09 3.35726e+03 2.78592e-12 +0.00000e+00
 5.77969e-09 3.35693e+03 3.47057e-12 +0.00000e+00
 7.19686e-09 3.35655e+03 4.32335e-12 +0.00000e+00
 8.96151e-09 3.35612e+03 5.38556e-12 +0.00000e+00
 1.11588e-08 3.35564e+03 6.70862e-12 +0.00000e+00
 1.38950e-08 3.35511e+03 8.35657e-12 +0.00000e+00
 1.73020e-08 3.35451e+03 1.04092e-11 +0.00000e+00
 2.15443e-08 3.35386e+03 1.29659e-11 +0.00000e+00
 2.68270e-08 3.35315e+03 1.61503e-11 +0.00000e+00
 3.34048e-08 3.35237e+03 2.01167e-11 +0.00000e+00
 4.15956e-08 3.35152e+03 2.50571e-11 +0.00000e+00
 5.17947e-08 3.35060e+03 3.12106e-11 +0.00000e+00
 6.44947e-08 3.34961e+03 3.88750e-11 +0.00000e+00
 8.03086e-08 3.34856e+03 4.84212e-11 +0.00000e+00
 1.00000e-07 3.34743e+03 6.03112e-11 +0.00000e+00
 1.24520e-07 3.34623e+03 7.51201e-11 +0.00000e+00
 1.55052e-07 3.34496e+03 9.35643e-11 +0.00000e+00
 1.93070e-07 3.34364e+03 1.16535e-10 +0.00000e+00
 2.40410e-07 3.34226e+03 1.45143e-10 +0.00000e+00
 2.99358e-07 3.34085e+03 1.80770e-10 +0.00000e+00
 3.72759e-07 3.33939e+03 2.25135e-10 +0.00000e+00
 4.64159e-07 3.33793e+03 2.80375e-10 +0.00000e+00
 5.77969e-07 3.33648e+03 3.49154e-10 +0.00000e+00
 7.19686e-07 3.33508e+03 4.34773e-10 +0.00000e+00
 8.96151e-07 3.33377e+03 5.41344e-10 +0.00000e+00
 1.11588e-06 3.33262e+03 6.73958e-10 +0.00000e+00
 1.38950e-06 3.33169e+03 8.38940e-10 +0.00000e+00
 1.73020e-06 3.33108e+03 1.04411e-09 +0.00000e+00
 2.15443e-06 3.33091e+03 1.29916e-09 +0.00000e+00
 2.68270e-06 3.33132e+03 1.61601e-09 +0.00000e+00
 3.34048e-06 3.33250e+03 2.00936e-09 +0.00000e+00
 4.15956e-06 3.33464e+03 2.49726e-09 +0.00000e+00
 5.17947e-06 3.33799e+03 3.10172e-09 +0.00000e+00
 6.44947e-06 3.34279e+03 3.84966e-09 +0.00000e+00
 8.03086e-06 3.34928e+03 4.77357e-09 +0.00000e+00
 1.00000e-05 3.35770e+03 5.91283e-09 +0.00000e+00
 1.24520e-05 3.36824e+03 7.31451e-09 +0.00000e+00
 1.55052e-05 3.38103e+03 9.03497e-09 +0.00000e+00
 1.93070e-05 3.39607e+03 1.11409e-08 +0.00000e+00
 2.40410e-05 3.41329e+03 1.37109e-08 +0.00000e+00
 2.99358e-05 3.43240e+03 1.68376e-08 +0.00000e+00
 3.72759e-05 3.45298e+03 2.06280e-08 +0.00000e+00
 4.64159e-05 3.47448e+03 2.52079e-08 +0.00000e+00
 5.77969e-05 3.49623e+03 3.07208e-08 +0.00000e+00
 7.19686e-05 3.51756e+03 3.73365e-08 +0.00000e+00
 8.96151e-05 3.53778e+03 4.52501e-08 +0.00000e+00
 1.11588e-04 3.55630e+03 5.46960e-08 +0.00000e+00
 1.38950e-04 3.57265e+03 6.59575e-08 +0.00000e+00
 1.73020e-04 3.58661e+03 7.93699e-08 +0.00000e+00
 2.15443e-04 3.59816e+03 9.53580e-08 +0.00000e+00
 2.68270e-04 3.60751e+03 1.14417e-07 +0.00000e+00
 3.34048e-04 3.61509e+03 1.37145e-07 +0.00000e+00
 4.15956e-04 3.62133e+03 1.64266e-07 +0.00000e+00
 5.17947e-04 3.62675e+03 1.96561e-07 +0.00000e+00
 6.44947e-04 3.63168e+03 2.35026e-07 +0.00000e+00
 8.03086e-04 3.63629e+03 2.80822e-07 +0.00000e+00
 1.00000e-03 3.64080e+03 3.35086e-07 +0.00000e+00
 1.24520e-03 3.64514e+03 3.99566e-07 -2.54555e-07
 1.55052e-03 3.64936e+03 4.76028e-07 -3.16971e-07
 1.93070e-03 3.65358e+03 5.66269e-07 -3.94692e-07
 2.40410e-03 3.65768e+03 6.73187e-07 -4.91469e-07
 2.99358e-03 3.66179e+03 7.99249e-07 -6.11974e-07
 3.72759e-03 3.66602e+03 9.47301e-07 -7.62029e-07
 4.64159e-03 3.67026e+03 1.12192e-06 -9.48878e-07
 5.77969e-03 3.67472e+03 1.32615e-06 -1.18154e-06
 7.19686e-03 3.67948e+03 1.56433e-06 -1.47125e-06
 8.96151e-03 3.68451e+03 1.84329e-06 -1.83200e-06
 1.11588e-02 3.69008e+03 2.16638e-06 -2.28120e-06
 1.38950e-02 3.69647e+03 2.53870e-06 -2.84054e-06
 1.73020e-02 3.70386e+03 2.96878e-06 -3.53703e-06
 2.15443e-02 3.71275e+03 3.45878e-06 -4.40430e-06
 2.68270e-02 3.72382e+03 4.00800e-06 -5.48422e-06
 3.34048e-02 3.73752e+03 4.62260e-06 -6.82893e-06
 4.15956e-02 3.75456e+03 5.29898e-06 -8.50336e-06
 5.17947e-02 3.77580e+03 6.01336e-06 -1.05884e-05
 6.44947e-02 3.80175e+03 6.76384e-06 -1.31846e-05
 8.03086e-02 3.83307e+03 7.52903e-06 -1.64175e-05
 1.00000e-01 3.87040e+03 8.28029e-06 -2.04429e-05
 1.24520e-01 3.91418e+03 8.97304e-06 +1.27509e-02
 1.55052e-01 3.95115e+03 9.70514e-06 +6.50803e-03
 1.93070e-01 3.98708e+03 1.04597e-05 +8.57931e-03
 2.40410e-01 4.02279e+03 1.12373e-05 +1.00058e-02
 2.99358e-01 4.05803e+03 1.20441e-05 +1.19281e-02
 3.72759e-01 4.09301e+03 1.28651e-05 +1.53028e-02
 4.64159e-01 4.12784e+03 1.37210e-05 +1.77879e-02
 5.77969e-01 4.16257e+03 1.46161e-05 +1.85483e-02
 7.19686e-01 4.19731e+03 1.55544e-05 +2.18891e-02
 8.96151e-01 4.23220e+03 1.65397e-05 +2.59479e-02
 1.11588e+00 4.26728e+03 1.75766e-05 +3.09062e-02
 1.38950e+00 4.30263e+03 1.86461e-05 +3.70271e-02
 1.73020e+00 4.33826e+03 1.97691e-05 +4.46058e-02
 2.15443e+00 4.37427e+03 2.09511e-05 +5.40312e-02
 2.68270e+00 4.41074e+03 2.21956e-05 +6.57797e-02
 3.34048e+00 4.44777e+03 2.35064e-05 +7.34151e-02
 4.15956e+00 4.48530e+03 2.48892e-05 +7.44273e-02
 5.17947e+00 4.52341e+03 2.63386e-05 +7.52695e-02
 6.44947e+00 4.56205e+03 2.78454e-05 +7.59779e-02
 8.03086e+00 4.60124e+03 2.94326e-05 +7.65674e-02
 1.00000e+01 4.64101e+03 3.11056e-05 +7.70582e-02
 1.24520e+01 4.68139e+03 3.28706e-05 +7.74662e-02
 1.55052e+01 4.72244e+03 3.47339e-05 +7.78057e-02
 1.93070e+01 4.76422e+03 3.67025e-05 +7.80880e-02
 2.40410e+01 4.80677e+03 3.87612e-05 +7.83266e-02
 2.99358e+01 4.85000e+03 4.09120e-05 +7.85272e-02
 3.72759e+01 4.89396e+03 4.31772e-05 +7.86938e-02
 4.64159e+01 4.93874e+03 4.55637e-05 +7.88327e-02
 5.77969e+01 4.98440e+03 4.80791e-05 +7.89483e-02
 7.19686e+01 5.03103e+03 5.07309e-05 +7.90452e-02
 8.96151e+01 5.07868e+03 5.35277e-05 +7.91269e-02
 1.11588e+02 5.12734e+03 5.64463e-05 +7.91966e-02
 1.38950e+02 5.17688e+03 5.94954e-05 +7.92549e-02
 1.73020e+02 5.22734e+03 6.27004e-05 +7.93042e-02
 2.15443e+02 5.27882e+03 6.60711e-05 +7.93456e-02
 2.68270e+02 5.33144e+03 6.96171e-05 +7.93796e-02
 3.34048e+02 5.38532e+03 7.33473e-05 +7.94080e-02
 4.15956e+02 5.44058e+03 7.72698e-05 +7.94323e-02
 5.17947e+02 5.49726e+03 8.13542e-05 +7.94527e-02
 6.44947e+02 5.55521e+03 8.56068e-05 +7.94703e-02
 8.03086e+02 5.61451e+03 9.00566e-05 +7.94850e-02
 1.00000e+03 5.67521e+03 9.47161e-05 +7.94975e-02
