#n1=128 n2=4 Teff=04100 R=1.8305e+13 L=6.7341e+37 logg=+0.00
#   tau          T          rho         Fconv
 0.00000e+00 2.48696e+03 6.00849e-21 +0.00000e+00
 1.00000e-09 2.48696e+03 1.64827e-17 +0.00000e+00
 1.24520e-09 2.47700e+03 2.07100e-17 +0.00000e+00
 1.55052e-09 2.46256e+03 2.60695e-17 +0.00000e+00
 1.93070e-09 2.43469e+03 3.29977e-17 +0.00000e+00
 2.40410e-09 2.38849e+03 4.20925e-17 +0.00000e+00
 2.99358e-09 2.33111e+03 5.39693e-17 +0.00000e+00
 3.72759e-09 2.27180e+03 6.92941e-17 +0.00000e+00
 4.64159e-09 2.21943e+03 8.87466e-17 +0.00000e+00
 5.77969e-09 2.17378e+03 1.13362e-16 +0.00000e+00
 7.19686e-09 2.13419e+03 1.44447e-16 +0.00000e+00
 8.96151e-09 2.09992e+03 1.83635e-16 +0.00000e+00
 1.11588e-08 2.07155e+03 2.32834e-16 +0.00000e+00
 1.38950e-08 2.04765e+03 2.94602e-16 +0.00000e+00
 1.73020e-08 2.02841e+03 3.71923e-16 +0.00000e+00
 2.15443e-08 2.01346e+03 4.68546e-16 +0.00000e+00
 2.68270e-08 2.00216e+03 5.89195e-16 +0.00000e+00
 3.34048e-08 1.99378e+03 7.39802e-16 +0.00000e+00
 4.15956e-08 1.98745e+03 9.27926e-16 +0.00000e+00
 5.17947e-08 1.98266e+03 1.16294e-15 +0.00000e+00
 6.44947e-08 1.97911e+03 1.45652e-15 +0.00000e+00
 8.03086e-08 1.97831e+03 1.82162e-15 +0.00000e+00
 1.00000e-07 1.98046e+03 2.27477e-15 +0.00000e+00
 1.24520e-07 1.98508e+03 2.83705e-15 +0.00000e+00
 1.55052e-07 1.99118e+03 3.53564e-15 +0.00000e+00
 1.93070e-07 1.99865e+03 4.40319e-15 +0.00000e+00
 2.40410e-07 2.00676e+03 5.48189e-15 +0.00000e+00
 2.99358e-07 2.01545e+03 6.82295e-15 +0.00000e+00
 3.72759e-07 2.02433e+03 8.49139e-15 +0.00000e+00
 4.64159e-07 2.03353e+03 1.05664e-14 +0.00000e+00
 5.77969e-07 2.04295e+03 1.31473e-14 +0.00000e+00
 7.19686e-07 2.05261e+03 1.63572e-14 +0.00000e+00
 8.96151e-07 2.06257e+03 2.03484e-14 +0.00000e+00
 1.11588e-06 2.07277e+03 2.53112e-14 +0.00000e+00
 1.38950e-06 2.08341e+03 3.14789e-14 +0.00000e+00
 1.73020e-06 2.09430e+03 3.91460e-14 +0.00000e+00
 2.15443e-06 2.10571e+03 4.86701e-14 +0.00000e+00
 2.68270e-06 2.11739e+03 6.05065e-14 +0.00000e+00
 3.34048e-06 2.12968e+03 7.52029e-14 +0.00000e+00
 4.15956e-06 2.14219e+03 9.34633e-14 +0.00000e+00
 5.17947e-06 2.15536e+03 1.16128e-13 +0.00000e+00
 6.44947e-06 2.16869e+03 1.44285e-13 +0.00000e+00
 8.03086e-06 2.18267e+03 1.79224e-13 +0.00000e+00
 1.00000e-05 2.19673e+03 2.22629e-13 +0.00000e+00
 1.24520e-05 2.21149e+03 2.76474e-13 +0.00000e+00
 1.55052e-05 2.22626e+03 3.43362e-13 +0.00000e+00
 1.93070e-05 2.24176e+03 4.26315e-13 +0.00000e+00
 2.40410e-05 2.25728e+03 5.29345e-13 +0.00000e+00
 2.99358e-05 2.27364e+03 6.57069e-13 +0.00000e+00
 3.72759e-05 2.29008e+03 8.15644e-13 +0.00000e+00
 4.64159e-05 2.30746e+03 1.01214e-12 +0.00000e+00
 5.77969e-05 2.32507e+03 1.25595e-12 +0.00000e+00
 7.19686e-05 2.34369e+03 1.55792e-12 +0.00000e+00
 8.96151e-05 2.36271e+03 1.93234e-12 +0.00000e+00
 1.11588e-04 2.38280e+03 2.39586e-12 +0.00000e+00
 1.38950e-04 2.40144e+03 2.97269e-12 +0.00000e+00
 1.73020e-04 2.42167e+03 3.68623e-12 +0.00000e+00
 2.15443e-04 2.44426e+03 4.56693e-12 +0.00000e+00
 2.68270e-04 2.46807e+03 5.65584e-12 +0.00000e+00
 3.34048e-04 2.49150e+03 7.00636e-12 +0.00000e+00
 4.15956e-04 2.51762e+03 8.67088e-12 +0.00000e+00
 5.17947e-04 2.54488e+03 1.07274e-11 +0.00000e+00
 6.44947e-04 2.57350e+03 1.32665e-11 +0.00000e+00
 8.03086e-04 2.60346e+03 1.64005e-11 +0.00000e+00
 1.00000e-03 2.63477e+03 2.02678e-11 +0.00000e+00
 1.24520e-03 2.66720e+03 2.50408e-11 -2.55030e-07
 1.55052e-03 2.70077e+03 3.09303e-11 -3.17563e-07
 1.93070e-03 2.73373e+03 3.82211e-11 -3.95429e-07
 2.40410e-03 2.76869e+03 4.72044e-11 -4.92387e-07
 2.99358e-03 2.80342e+03 5.83150e-11 -6.13118e-07
 3.72759e-03 2.83656e+03 7.20954e-11 -7.63453e-07
 4.64159e-03 2.87033e+03 8.91262e-11 -9.50647e-07
 5.77969e-03 2.90283e+03 1.10247e-10 -1.18375e-06
 7.19686e-03 2.93371e+03 1.36467e-10 -1.47399e-06
 8.96151e-03 2.96367e+03 1.68995e-10 -1.83542e-06
 1.11588e-02 2.99096e+03 2.09485e-10 -2.28546e-06
 1.38950e-02 3.01799e+03 2.59714e-10 -2.84585e-06
 1.73020e-02 3.04358e+03 3.22152e-10 -3.54364e-06
 2.15443e-02 3.06762e+03 3.99811e-10 -4.41252e-06
 2.68270e-02 3.09065e+03 4.96339e-10 -5.49446e-06
 3.34048e-02 3.11255e+03 6.16367e-10 -6.84168e-06
 4.15956e-02 3.13404e+03 7.65441e-10 -8.51923e-06
 5.17947e-02 3.15534e+03 9.50489e-10 -1.06081e-05
 6.44947e-02 3.17716e+03 1.17984e-09 -1.32092e-05
 8.03086e-02 3.20004e+03 1.46364e-09 -1.64481e-05
 1.00000e-01 3.22451e+03 1.81417e-09 -2.04811e-05
 1.24520e-01 3.25135e+03 2.24598e-09 -2.55030e-05
 1.55052e-01 3.28124e+03 2.77639e-09 -3.17563e-05
 1.93070e-01 3.31510e+03 3.42538e-09 -3.95429e-05
 2.40410e-01 3.35373e+03 4.21595e-09 -4.92387e-05
 2.99358e-01 3.39836e+03 5.17293e-09 -6.13118e-05
 3.72759e-01 3.45003e+03 6.32222e-09 -7.63453e-05
 4.64159e-01 3.51004e+03 7.68637e-09 -9.50647e-05
 5.77969e-01 3.58062e+03 9.27411e-09 -1.18375e-04
 7.19686e-01 3.66491e+03 1.10617e-08 -1.47399e-04
 8.96151e-01 3.76787e+03 1.29564e-08 -1.83542e-04
 1.11588e+00 3.89656e+03 1.47521e-08 -2.28546e-04
 1.38950e+00 4.05817e+03 1.61391e-08 -2.84580e-04
 1.73020e+00 4.25517e+03 1.68736e-08 -3.52497e-04
 2.15443e+00 4.49154e+03 1.69238e-08 -2.62241e-04
 2.68270e+00 4.75763e+03 1.65039e-08 +4.68015e-03
 3.34048e+00 5.00383e+03 1.59970e-08 +2.27616e-02
 4.15956e+00 5.19965e+03 1.56020e-08 +3.87087e-02
 5.17947e+00 5.36080e+03 1.52969e-08 +4.90379e-02
 6.44947e+00 5.50150e+03 1.50474e-08 +5.58830e-02
 8.03086e+00 5.62981e+03 1.48334e-08 +6.06891e-02
 1.00000e+01 5.75039e+03 1.46439e-08 +6.42350e-02
 1.24520e+01 5.86606e+03 1.44721e-08 +6.69530e-02
 1.55052e+01 5.97862e+03 1.43142e-08 +6.90977e-02
 1.93070e+01 6.08925e+03 1.41674e-08 +7.08266e-02
 2.40410e+01 6.19873e+03 1.40304e-08 +7.22441e-02
 2.99358e+01 6.30756e+03 1.39020e-08 +7.34202e-02
 3.72759e+01 6.41607e+03 1.37818e-08 +7.44057e-02
 4.64159e+01 6.52442e+03 1.36695e-08 +7.52360e-02
 5.77969e+01 6.63270e+03 1.35650e-08 +7.59382e-02
 7.19686e+01 6.74090e+03 1.34683e-08 +7.65341e-02
 8.96151e+01 6.84898e+03 1.33797e-08 +7.70400e-02
 1.11588e+02 6.95686e+03 1.32994e-08 +7.74689e-02
 1.38950e+02 7.06445e+03 1.32275e-08 +7.78322e-02
 1.73020e+02 7.17167e+03 1.31643e-08 +7.81392e-02
 2.15443e+02 7.27844e+03 1.31101e-08 +7.83987e-02
 2.68270e+02 7.38468e+03 1.30651e-08 +7.86169e-02
 3.34048e+02 7.49035e+03 1.30296e-08 +7.88001e-02
 4.15956e+02 7.59540e+03 1.30037e-08 +7.89539e-02
 5.17947e+02 7.69983e+03 1.29879e-08 +7.90821e-02
 6.44947e+02 7.80364e+03 1.29824e-08 +7.91896e-02
 8.03086e+02 7.90684e+03 1.29874e-08 +7.92784e-02
 1.00000e+03 8.00948e+03 1.30035e-08 +7.93528e-02
