#n1=128 n2=4 Teff=04300 R=1.5331e+10 L=5.7250e+31 logg=+5.50
#   tau          T          rho         Fconv
 0.00000e+00 2.51828e+03 5.94849e-21 +0.00000e+00
 1.00000e-09 2.51828e+03 8.02934e-12 +0.00000e+00
 1.24520e-09 2.52575e+03 9.96254e-12 +0.00000e+00
 1.55052e-09 2.53406e+03 1.23544e-11 +0.00000e+00
 1.93070e-09 2.54322e+03 1.53115e-11 +0.00000e+00
 2.40410e-09 2.55307e+03 1.89657e-11 +0.00000e+00
 2.99358e-09 2.56365e+03 2.34774e-11 +0.00000e+00
 3.72759e-09 2.57475e+03 2.90453e-11 +0.00000e+00
 4.64159e-09 2.58633e+03 3.59103e-11 +0.00000e+00
 5.77969e-09 2.59816e+03 4.43704e-11 +0.00000e+00
 7.19686e-09 2.61016e+03 5.47866e-11 +0.00000e+00
 8.96151e-09 2.62210e+03 6.76015e-11 +0.00000e+00
 1.11588e-08 2.63391e+03 8.33507e-11 +0.00000e+00
 1.38950e-08 2.64549e+03 1.02682e-10 +0.00000e+00
 1.73020e-08 2.65686e+03 1.26373e-10 +0.00000e+00
 2.15443e-08 2.66812e+03 1.55344e-10 +0.00000e+00
 2.68270e-08 2.67940e+03 1.90690e-10 +0.00000e+00
 3.34048e-08 2.69093e+03 2.33682e-10 +0.00000e+00
 4.15956e-08 2.70279e+03 2.85812e-10 +0.00000e+00
 5.17947e-08 2.71526e+03 3.48777e-10 +0.00000e+00
 6.44947e-08 2.72830e+03 4.24547e-10 +0.00000e+00
 8.03086e-08 2.74183e+03 5.15404e-10 +0.00000e+00
 1.00000e-07 2.75578e+03 6.23899e-10 +0.00000e+00
 1.24520e-07 2.77024e+03 7.52898e-10 +0.00000e+00
 1.55052e-07 2.78525e+03 9.05555e-10 +0.00000e+00
 1.93070e-07 2.80067e+03 1.08543e-09 +0.00000e+00
 2.40410e-07 2.81668e+03 1.29636e-09 +0.00000e+00
 2.99358e-07 2.83308e+03 1.54260e-09 +0.00000e+00
 3.72759e-07 2.84991e+03 1.82882e-09 +0.00000e+00
 4.64159e-07 2.86717e+03 2.16010e-09 +0.00000e+00
 5.77969e-07 2.88458e+03 2.54209e-09 +0.00000e+00
 7.19686e-07 2.90227e+03 2.98103e-09 +0.00000e+00
 8.96151e-07 2.92010e+03 3.48384e-09 +0.00000e+00
 1.11588e-06 2.93798e+03 4.05796e-09 +0.00000e+00
 1.38950e-06 2.95600e+03 4.71191e-09 +0.00000e+00
 1.73020e-06 2.97410e+03 5.45504e-09 +0.00000e+00
 2.15443e-06 2.99226e+03 6.29707e-09 +0.00000e+00
 2.68270e-06 3.01058e+03 7.24978e-09 +0.00000e+00
 3.34048e-06 3.02896e+03 8.32623e-09 +0.00000e+00
 4.15956e-06 3.04742e+03 9.53906e-09 +0.00000e+00
 5.17947e-06 3.06597e+03 1.09053e-08 +0.00000e+00
 6.44947e-06 3.08455e+03 1.24435e-08 +0.00000e+00
 8.03086e-06 3.10317e+03 1.41712e-08 +0.00000e+00
 1.00000e-05 3.12183e+03 1.61118e-08 +0.00000e+00
 1.24520e-05 3.14053e+03 1.82914e-08 +0.00000e+00
 1.55052e-05 3.15922e+03 2.07376e-08 +0.00000e+00
 1.93070e-05 3.17785e+03 2.34803e-08 +0.00000e+00
 2.40410e-05 3.19643e+03 2.65594e-08 +0.00000e+00
 2.99358e-05 3.21497e+03 3.00168e-08 +0.00000e+00
 3.72759e-05 3.23343e+03 3.38925e-08 +0.00000e+00
 4.64159e-05 3.25172e+03 3.82447e-08 +0.00000e+00
 5.77969e-05 3.26978e+03 4.31394e-08 +0.00000e+00
 7.19686e-05 3.28759e+03 4.86485e-08 +0.00000e+00
 8.96151e-05 3.30509e+03 5.48394e-08 +0.00000e+00
 1.11588e-04 3.32221e+03 6.18235e-08 +0.00000e+00
 1.38950e-04 3.33899e+03 6.97115e-08 +0.00000e+00
 1.73020e-04 3.35545e+03 7.86189e-08 +0.00000e+00
 2.15443e-04 3.37156e+03 8.86761e-08 +0.00000e+00
 2.68270e-04 3.38730e+03 1.00072e-07 +0.00000e+00
 3.34048e-04 3.40272e+03 1.12998e-07 +0.00000e+00
 4.15956e-04 3.41784e+03 1.27639e-07 +0.00000e+00
 5.17947e-04 3.43270e+03 1.44248e-07 +0.00000e+00
 6.44947e-04 3.44740e+03 1.63132e-07 +0.00000e+00
 8.03086e-04 3.46201e+03 1.84611e-07 +0.00000e+00
 1.00000e-03 3.47664e+03 2.08930e-07 +0.00000e+00
 1.24520e-03 3.49129e+03 2.36580e-07 -2.54586e-07
 1.55052e-03 3.50613e+03 2.68026e-07 -3.17010e-07
 1.93070e-03 3.52123e+03 3.03741e-07 -3.94740e-07
 2.40410e-03 3.53664e+03 3.44093e-07 -4.91529e-07
 2.99358e-03 3.55249e+03 3.89901e-07 -6.12051e-07
 3.72759e-03 3.56887e+03 4.41857e-07 -7.62124e-07
 4.64159e-03 3.58600e+03 5.00411e-07 -9.48992e-07
 5.77969e-03 3.60398e+03 5.66245e-07 -1.18168e-06
 7.19686e-03 3.62299e+03 6.40398e-07 -1.47143e-06
 8.96151e-03 3.64316e+03 7.23690e-07 -1.83222e-06
 1.11588e-02 3.66463e+03 8.16194e-07 -2.28148e-06
 1.38950e-02 3.68761e+03 9.19099e-07 -2.84089e-06
 1.73020e-02 3.71221e+03 1.03339e-06 -3.53746e-06
 2.15443e-02 3.73865e+03 1.15968e-06 -4.40484e-06
 2.68270e-02 3.76717e+03 1.29690e-06 -5.48490e-06
 3.34048e-02 3.79804e+03 1.44679e-06 -6.82978e-06
 4.15956e-02 3.83164e+03 1.60926e-06 -8.50443e-06
 5.17947e-02 3.86872e+03 1.78325e-06 -1.05897e-05
 6.44947e-02 3.90940e+03 1.96616e-06 -1.31862e-05
 8.03086e-02 3.95407e+03 2.15883e-06 -1.64194e-05
 1.00000e-01 4.00164e+03 2.36192e-06 +1.27624e-03
 1.24520e-01 4.04972e+03 2.57918e-06 +2.50985e-03
 1.55052e-01 4.09831e+03 2.81055e-06 +3.19749e-03
 1.93070e-01 4.14801e+03 3.05862e-06 +2.28670e-03
 2.40410e-01 4.19964e+03 3.32410e-06 +2.05797e-03
 2.99358e-01 4.25383e+03 3.60679e-06 +3.99319e-03
 3.72759e-01 4.30992e+03 3.90852e-06 +5.79543e-03
 4.64159e-01 4.36800e+03 4.23025e-06 +7.91680e-03
 5.77969e-01 4.42821e+03 4.57591e-06 +1.05036e-02
 7.19686e-01 4.49087e+03 4.94717e-06 +1.35834e-02
 8.96151e-01 4.55646e+03 5.34519e-06 +1.72309e-02
 1.11588e+00 4.62559e+03 5.77026e-06 +2.15771e-02
 1.38950e+00 4.69893e+03 6.22455e-06 +2.68566e-02
 1.73020e+00 4.77700e+03 6.71082e-06 +3.33379e-02
 2.15443e+00 4.86028e+03 7.23059e-06 +4.12990e-02
 2.68270e+00 4.94928e+03 7.78530e-06 +5.11079e-02
 3.34048e+00 5.04460e+03 8.37530e-06 +5.79584e-02
 4.15956e+00 5.14677e+03 9.00271e-06 +5.97842e-02
 5.17947e+00 5.25643e+03 9.66480e-06 +6.14362e-02
 6.44947e+00 5.37330e+03 1.03567e-05 +6.30892e-02
 8.03086e+00 5.49638e+03 1.10708e-05 +6.47427e-02
 1.00000e+01 5.62427e+03 1.17954e-05 +6.64137e-02
 1.24520e+01 5.75536e+03 1.25188e-05 +6.80218e-02
 1.55052e+01 5.88845e+03 1.32292e-05 +6.95406e-02
 1.93070e+01 6.02203e+03 1.39189e-05 +7.09754e-02
 2.40410e+01 6.15485e+03 1.45817e-05 +7.22579e-02
 2.99358e+01 6.28666e+03 1.52272e-05 +7.33589e-02
 3.72759e+01 6.41761e+03 1.58582e-05 +7.42937e-02
 4.64159e+01 6.54810e+03 1.64783e-05 +7.50774e-02
 5.77969e+01 6.67860e+03 1.70908e-05 +7.57367e-02
 7.19686e+01 6.80948e+03 1.76997e-05 +7.62944e-02
 8.96151e+01 6.94112e+03 1.83082e-05 +7.67644e-02
 1.11588e+02 7.07387e+03 1.89198e-05 +7.71637e-02
 1.38950e+02 7.20797e+03 1.95378e-05 +7.75047e-02
 1.73020e+02 7.34357e+03 2.01657e-05 +7.77962e-02
 2.15443e+02 7.48092e+03 2.08067e-05 +7.80444e-02
 2.68270e+02 7.62039e+03 2.14630e-05 +7.82538e-02
 3.34048e+02 7.76235e+03 2.21369e-05 +7.84334e-02
 4.15956e+02 7.90706e+03 2.28310e-05 +7.85871e-02
 5.17947e+02 8.05470e+03 2.35477e-05 +7.87192e-02
 6.44947e+02 8.20544e+03 2.42896e-05 +7.88332e-02
 8.03086e+02 8.35941e+03 2.50595e-05 +7.89323e-02
 1.00000e+03 8.51660e+03 2.58607e-05 +7.90184e-02
