#n1=128 n2=4 Teff=04700 R=3.5139e+11 L=4.2915e+34 logg=+3.00
#   tau          T          rho         Fconv
 0.00000e+00 2.26743e+03 6.67280e-21 +0.00000e+00
 1.00000e-09 2.26743e+03 2.80017e-14 +0.00000e+00
 1.24520e-09 2.27359e+03 3.48186e-14 +0.00000e+00
 1.55052e-09 2.28116e+03 4.32611e-14 +0.00000e+00
 1.93070e-09 2.28963e+03 5.37215e-14 +0.00000e+00
 2.40410e-09 2.29897e+03 6.66774e-14 +0.00000e+00
 2.99358e-09 2.30886e+03 8.27295e-14 +0.00000e+00
 3.72759e-09 2.31950e+03 1.02603e-13 +0.00000e+00
 4.64159e-09 2.33060e+03 1.27216e-13 +0.00000e+00
 5.77969e-09 2.34249e+03 1.57669e-13 +0.00000e+00
 7.19686e-09 2.35494e+03 1.95352e-13 +0.00000e+00
 8.96151e-09 2.36828e+03 2.41936e-13 +0.00000e+00
 1.11588e-08 2.38235e+03 2.99519e-13 +0.00000e+00
 1.38950e-08 2.39741e+03 3.70630e-13 +0.00000e+00
 1.73020e-08 2.41331e+03 4.58437e-13 +0.00000e+00
 2.15443e-08 2.43015e+03 5.66781e-13 +0.00000e+00
 2.68270e-08 2.44777e+03 7.00451e-13 +0.00000e+00
 3.34048e-08 2.46616e+03 8.65291e-13 +0.00000e+00
 4.15956e-08 2.48511e+03 1.06856e-12 +0.00000e+00
 5.17947e-08 2.50451e+03 1.31917e-12 +0.00000e+00
 6.44947e-08 2.52416e+03 1.62812e-12 +0.00000e+00
 8.03086e-08 2.54391e+03 2.00894e-12 +0.00000e+00
 1.00000e-07 2.56372e+03 2.47821e-12 +0.00000e+00
 1.24520e-07 2.58351e+03 3.05621e-12 +0.00000e+00
 1.55052e-07 2.60349e+03 3.76743e-12 +0.00000e+00
 1.93070e-07 2.62367e+03 4.64178e-12 +0.00000e+00
 2.40410e-07 2.64444e+03 5.71477e-12 +0.00000e+00
 2.99358e-07 2.66589e+03 7.02949e-12 +0.00000e+00
 3.72759e-07 2.68830e+03 8.63670e-12 +0.00000e+00
 4.64159e-07 2.71179e+03 1.05970e-11 +0.00000e+00
 5.77969e-07 2.73639e+03 1.29817e-11 +0.00000e+00
 7.19686e-07 2.76212e+03 1.58743e-11 +0.00000e+00
 8.96151e-07 2.78890e+03 1.93714e-11 +0.00000e+00
 1.11588e-06 2.81656e+03 2.35851e-11 +0.00000e+00
 1.38950e-06 2.84491e+03 2.86422e-11 +0.00000e+00
 1.73020e-06 2.87375e+03 3.46864e-11 +0.00000e+00
 2.15443e-06 2.90263e+03 4.18810e-11 +0.00000e+00
 2.68270e-06 2.93134e+03 5.04071e-11 +0.00000e+00
 3.34048e-06 2.95957e+03 6.04670e-11 +0.00000e+00
 4.15956e-06 2.98717e+03 7.22828e-11 +0.00000e+00
 5.17947e-06 3.01402e+03 8.60999e-11 +0.00000e+00
 6.44947e-06 3.04008e+03 1.02187e-10 +0.00000e+00
 8.03086e-06 3.06534e+03 1.20841e-10 +0.00000e+00
 1.00000e-05 3.08979e+03 1.42388e-10 +0.00000e+00
 1.24520e-05 3.11341e+03 1.67194e-10 +0.00000e+00
 1.55052e-05 3.13631e+03 1.95655e-10 +0.00000e+00
 1.93070e-05 3.15852e+03 2.28220e-10 +0.00000e+00
 2.40410e-05 3.18007e+03 2.65392e-10 +0.00000e+00
 2.99358e-05 3.20099e+03 3.07722e-10 +0.00000e+00
 3.72759e-05 3.22132e+03 3.55849e-10 +0.00000e+00
 4.64159e-05 3.24109e+03 4.10486e-10 +0.00000e+00
 5.77969e-05 3.26033e+03 4.72418e-10 +0.00000e+00
 7.19686e-05 3.27896e+03 5.42586e-10 +0.00000e+00
 8.96151e-05 3.29704e+03 6.22033e-10 +0.00000e+00
 1.11588e-04 3.31473e+03 7.11879e-10 +0.00000e+00
 1.38950e-04 3.33210e+03 8.13402e-10 +0.00000e+00
 1.73020e-04 3.34918e+03 9.28102e-10 +0.00000e+00
 2.15443e-04 3.36616e+03 1.05752e-09 +0.00000e+00
 2.68270e-04 3.38307e+03 1.20339e-09 +0.00000e+00
 3.34048e-04 3.39993e+03 1.36782e-09 +0.00000e+00
 4.15956e-04 3.41682e+03 1.55300e-09 +0.00000e+00
 5.17947e-04 3.43400e+03 1.76120e-09 +0.00000e+00
 6.44947e-04 3.45160e+03 1.99504e-09 +0.00000e+00
 8.03086e-04 3.46972e+03 2.25741e-09 +0.00000e+00
 1.00000e-03 3.48837e+03 2.55139e-09 +0.00000e+00
 1.24520e-03 3.50747e+03 2.88052e-09 -2.54658e-07
 1.55052e-03 3.52746e+03 3.24839e-09 -3.17099e-07
 1.93070e-03 3.54840e+03 3.65890e-09 -3.94851e-07
 2.40410e-03 3.57022e+03 4.11635e-09 -4.91666e-07
 2.99358e-03 3.59306e+03 4.62532e-09 -6.12224e-07
 3.72759e-03 3.61712e+03 5.19093e-09 -7.62336e-07
 4.64159e-03 3.64229e+03 5.81870e-09 -9.49262e-07
 5.77969e-03 3.66858e+03 6.51441e-09 -1.18202e-06
 7.19686e-03 3.69610e+03 7.28466e-09 -1.47185e-06
 8.96151e-03 3.72486e+03 8.13710e-09 -1.83274e-06
 1.11588e-02 3.75459e+03 9.08023e-09 -2.28212e-06
 1.38950e-02 3.78532e+03 1.01227e-08 -2.84169e-06
 1.73020e-02 3.81682e+03 1.12765e-08 -3.53846e-06
 2.15443e-02 3.85003e+03 1.25504e-08 -4.40607e-06
 2.68270e-02 3.88521e+03 1.39539e-08 -5.48644e-06
 3.34048e-02 3.92409e+03 1.54893e-08 -6.83169e-06
 4.15956e-02 3.96599e+03 1.71693e-08 -8.50680e-06
 5.17947e-02 4.00815e+03 1.90228e-08 -1.05927e-05
 6.44947e-02 4.04790e+03 2.10864e-08 -1.31899e-05
 8.03086e-02 4.08044e+03 2.34268e-08 -1.64241e-05
 1.00000e-01 4.11809e+03 2.60077e-08 -2.04512e-05
 1.24520e-01 4.16539e+03 2.88092e-08 -2.54658e-05
 1.55052e-01 4.22817e+03 3.17795e-08 -3.17099e-05
 1.93070e-01 4.30897e+03 3.48799e-08 -3.94851e-05
 2.40410e-01 4.39747e+03 3.82078e-08 -4.91666e-05
 2.99358e-01 4.49241e+03 4.18227e-08 -6.12224e-05
 3.72759e-01 4.58762e+03 4.58431e-08 -7.62336e-05
 4.64159e-01 4.69673e+03 5.01956e-08 -9.49262e-05
 5.77969e-01 4.82532e+03 5.48809e-08 -1.18202e-04
 7.19686e-01 4.96829e+03 6.00146e-08 -1.47185e-04
 8.96151e-01 5.12903e+03 6.55389e-08 -1.83274e-04
 1.11588e+00 5.30598e+03 7.12724e-08 -2.28212e-04
 1.38950e+00 5.50863e+03 7.65827e-08 -2.84169e-04
 1.73020e+00 5.73548e+03 8.07781e-08 -3.53836e-04
 2.15443e+00 5.93819e+03 8.44259e-08 -4.33245e-04
 2.68270e+00 6.29737e+03 8.44190e-08 +4.74770e-05
 3.34048e+00 6.63695e+03 8.33593e-08 +4.96366e-03
 4.15956e+00 6.85007e+03 8.34296e-08 +1.46412e-02
 5.17947e+00 7.05384e+03 8.33923e-08 +2.64159e-02
 6.44947e+00 7.24213e+03 8.34028e-08 +3.71043e-02
 8.03086e+00 7.41548e+03 8.35158e-08 +4.57799e-02
 1.00000e+01 7.57611e+03 8.37491e-08 +5.26434e-02
 1.24520e+01 7.72642e+03 8.41077e-08 +5.79865e-02
 1.55052e+01 7.86873e+03 8.45899e-08 +6.21379e-02
 1.93070e+01 8.00504e+03 8.51925e-08 +6.53767e-02
 2.40410e+01 8.13701e+03 8.59124e-08 +6.79341e-02
 2.99358e+01 8.26579e+03 8.67494e-08 +6.99848e-02
 3.72759e+01 8.39220e+03 8.77056e-08 +7.16483e-02
 4.64159e+01 8.51691e+03 8.87839e-08 +7.29933e-02
 5.77969e+01 8.64074e+03 8.99836e-08 +7.40871e-02
 7.19686e+01 8.76398e+03 9.13093e-08 +7.50043e-02
 8.96151e+01 8.88640e+03 9.27736e-08 +7.57860e-02
 1.11588e+02 9.00748e+03 9.43958e-08 +7.64499e-02
 1.38950e+02 9.12701e+03 9.61951e-08 +7.70023e-02
 1.73020e+02 9.24500e+03 9.81905e-08 +7.74600e-02
 2.15443e+02 9.36150e+03 1.00403e-07 +7.78368e-02
 2.68270e+02 9.47675e+03 1.02856e-07 +7.81452e-02
 3.34048e+02 9.59098e+03 1.05572e-07 +7.83987e-02
 4.15956e+02 9.70440e+03 1.08576e-07 +7.86069e-02
 5.17947e+02 9.81720e+03 1.11897e-07 +7.87783e-02
 6.44947e+02 9.92958e+03 1.15564e-07 +7.89189e-02
 8.03086e+02 1.00418e+04 1.19611e-07 +7.90350e-02
 1.00000e+03 1.01539e+04 1.24074e-07 +7.91308e-02
