#n1=128 n2=4 Teff=04300 R=9.6599e+12 L=2.2697e+37 logg=+0.50
#   tau          T          rho         Fconv
 0.00000e+00 2.06400e+03 7.24549e-21 +0.00000e+00
 1.00000e-09 2.06400e+03 7.53784e-17 +0.00000e+00
 1.24520e-09 2.07080e+03 9.37815e-17 +0.00000e+00
 1.55052e-09 2.07789e+03 1.16659e-16 +0.00000e+00
 1.93070e-09 2.08476e+03 1.45134e-16 +0.00000e+00
 2.40410e-09 2.09212e+03 1.80516e-16 +0.00000e+00
 2.99358e-09 2.09928e+03 2.24545e-16 +0.00000e+00
 3.72759e-09 2.10696e+03 2.79246e-16 +0.00000e+00
 4.64159e-09 2.11460e+03 3.47282e-16 +0.00000e+00
 5.77969e-09 2.12280e+03 4.31786e-16 +0.00000e+00
 7.19686e-09 2.13115e+03 5.36820e-16 +0.00000e+00
 8.96151e-09 2.14010e+03 6.67224e-16 +0.00000e+00
 1.11588e-08 2.14937e+03 8.29196e-16 +0.00000e+00
 1.38950e-08 2.15928e+03 1.03020e-15 +0.00000e+00
 1.73020e-08 2.16963e+03 1.27970e-15 +0.00000e+00
 2.15443e-08 2.18062e+03 1.58918e-15 +0.00000e+00
 2.68270e-08 2.19212e+03 1.97311e-15 +0.00000e+00
 3.34048e-08 2.20417e+03 2.44923e-15 +0.00000e+00
 4.15956e-08 2.21672e+03 3.03966e-15 +0.00000e+00
 5.17947e-08 2.22968e+03 3.77186e-15 +0.00000e+00
 6.44947e-08 2.24308e+03 4.67966e-15 +0.00000e+00
 8.03086e-08 2.25677e+03 5.80544e-15 +0.00000e+00
 1.00000e-07 2.27083e+03 7.20116e-15 +0.00000e+00
 1.24520e-07 2.28510e+03 8.93206e-15 +0.00000e+00
 1.55052e-07 2.29977e+03 1.10775e-14 +0.00000e+00
 1.93070e-07 2.31468e+03 1.37375e-14 +0.00000e+00
 2.40410e-07 2.32784e+03 1.70499e-14 +0.00000e+00
 2.99358e-07 2.34381e+03 2.11366e-14 +0.00000e+00
 3.72759e-07 2.36068e+03 2.61941e-14 +0.00000e+00
 4.64159e-07 2.37810e+03 3.24561e-14 +0.00000e+00
 5.77969e-07 2.39495e+03 4.02270e-14 +0.00000e+00
 7.19686e-07 2.41419e+03 4.98118e-14 +0.00000e+00
 8.96151e-07 2.43334e+03 6.16868e-14 +0.00000e+00
 1.11588e-06 2.45463e+03 7.63311e-14 +0.00000e+00
 1.38950e-06 2.47717e+03 9.44113e-14 +0.00000e+00
 1.73020e-06 2.50037e+03 1.16753e-13 +0.00000e+00
 2.15443e-06 2.52453e+03 1.44340e-13 +0.00000e+00
 2.68270e-06 2.54923e+03 1.78423e-13 +0.00000e+00
 3.34048e-06 2.57456e+03 2.20521e-13 +0.00000e+00
 4.15956e-06 2.59900e+03 2.72674e-13 +0.00000e+00
 5.17947e-06 2.62527e+03 3.36957e-13 +0.00000e+00
 6.44947e-06 2.65187e+03 4.16384e-13 +0.00000e+00
 8.03086e-06 2.67865e+03 5.14551e-13 +0.00000e+00
 1.00000e-05 2.70444e+03 6.36160e-13 +0.00000e+00
 1.24520e-05 2.73152e+03 7.86205e-13 +0.00000e+00
 1.55052e-05 2.75863e+03 9.71719e-13 +0.00000e+00
 1.93070e-05 2.78557e+03 1.20118e-12 +0.00000e+00
 2.40410e-05 2.81226e+03 1.48507e-12 +0.00000e+00
 2.99358e-05 2.83856e+03 1.83642e-12 +0.00000e+00
 3.72759e-05 2.86439e+03 2.27139e-12 +0.00000e+00
 4.64159e-05 2.88955e+03 2.81013e-12 +0.00000e+00
 5.77969e-05 2.91393e+03 3.47763e-12 +0.00000e+00
 7.19686e-05 2.93740e+03 4.30500e-12 +0.00000e+00
 8.96151e-05 2.95989e+03 5.33077e-12 +0.00000e+00
 1.11588e-04 2.98128e+03 6.60295e-12 +0.00000e+00
 1.38950e-04 3.00162e+03 8.18075e-12 +0.00000e+00
 1.73020e-04 3.02094e+03 1.01375e-11 +0.00000e+00
 2.15443e-04 3.03929e+03 1.25638e-11 +0.00000e+00
 2.68270e-04 3.05671e+03 1.55715e-11 +0.00000e+00
 3.34048e-04 3.07334e+03 1.92981e-11 +0.00000e+00
 4.15956e-04 3.08926e+03 2.39125e-11 +0.00000e+00
 5.17947e-04 3.10459e+03 2.96214e-11 +0.00000e+00
 6.44947e-04 3.11948e+03 3.66768e-11 +0.00000e+00
 8.03086e-04 3.13408e+03 4.53853e-11 +0.00000e+00
 1.00000e-03 3.14850e+03 5.61176e-11 +0.00000e+00
 1.24520e-03 3.16280e+03 6.93229e-11 -2.54945e-07
 1.55052e-03 3.17718e+03 8.55352e-11 -3.17457e-07
 1.93070e-03 3.19170e+03 1.05396e-10 -3.95297e-07
 2.40410e-03 3.20643e+03 1.29659e-10 -4.92222e-07
 2.99358e-03 3.22152e+03 1.59218e-10 -6.12914e-07
 3.72759e-03 3.23705e+03 1.95101e-10 -7.63199e-07
 4.64159e-03 3.25323e+03 2.38503e-10 -9.50330e-07
 5.77969e-03 3.27015e+03 2.90779e-10 -1.18335e-06
 7.19686e-03 3.28799e+03 3.53468e-10 -1.47350e-06
 8.96151e-03 3.30687e+03 4.28289e-10 -1.83480e-06
 1.11588e-02 3.32694e+03 5.17125e-10 -2.28469e-06
 1.38950e-02 3.34832e+03 6.22090e-10 -2.84489e-06
 1.73020e-02 3.37115e+03 7.45393e-10 -3.54245e-06
 2.15443e-02 3.39560e+03 8.89512e-10 -4.41105e-06
 2.68270e-02 3.42186e+03 1.05698e-09 -5.49264e-06
 3.34048e-02 3.45014e+03 1.25051e-09 -6.83941e-06
 4.15956e-02 3.48069e+03 1.47306e-09 -8.51642e-06
 5.17947e-02 3.51411e+03 1.72732e-09 -1.06046e-05
 6.44947e-02 3.55028e+03 2.01674e-09 -1.32048e-05
 8.03086e-02 3.58931e+03 2.34487e-09 -1.64426e-05
 1.00000e-01 3.63168e+03 2.71508e-09 -2.04743e-05
 1.24520e-01 3.67843e+03 3.13106e-09 -2.54945e-05
 1.55052e-01 3.72722e+03 3.59959e-09 -3.17457e-05
 1.93070e-01 3.77934e+03 4.12499e-09 -3.95297e-05
 2.40410e-01 3.84258e+03 4.70480e-09 -4.92222e-05
 2.99358e-01 3.91846e+03 5.34180e-09 -6.12914e-05
 3.72759e-01 3.99638e+03 6.05564e-09 -7.63199e-05
 4.64159e-01 4.08288e+03 6.84188e-09 -9.50330e-05
 5.77969e-01 4.18061e+03 7.69008e-09 -1.18335e-04
 7.19686e-01 4.29257e+03 8.56623e-09 -1.47350e-04
 8.96151e-01 4.42145e+03 9.39949e-09 -1.83480e-04
 1.11588e+00 4.56892e+03 1.00945e-08 -2.28469e-04
 1.38950e+00 4.73826e+03 1.05726e-08 -2.84486e-04
 1.73020e+00 4.94435e+03 1.07640e-08 -3.53868e-04
 2.15443e+00 5.15862e+03 1.07716e-08 -4.30219e-04
 2.68270e+00 5.42452e+03 1.05483e-08 -2.84385e-04
 3.34048e+00 5.68319e+03 1.02714e-08 +2.16500e-03
 4.15956e+00 5.92793e+03 9.99160e-09 +1.16638e-02
 5.17947e+00 6.15216e+03 9.73615e-09 +2.58893e-02
 6.44947e+00 6.34725e+03 9.52514e-09 +3.85354e-02
 8.03086e+00 6.51777e+03 9.35252e-09 +4.80867e-02
 1.00000e+01 6.67009e+03 9.20873e-09 +5.51057e-02
 1.24520e+01 6.80919e+03 9.08645e-09 +6.03170e-02
 1.55052e+01 6.93856e+03 8.98068e-09 +6.42559e-02
 1.93070e+01 7.06067e+03 8.88802e-09 +6.72859e-02
 2.40410e+01 7.17724e+03 8.80613e-09 +6.96516e-02
 2.99358e+01 7.28956e+03 8.73339e-09 +7.15203e-02
 3.72759e+01 7.39855e+03 8.66864e-09 +7.30129e-02
 4.64159e+01 7.50492e+03 8.61105e-09 +7.42141e-02
 5.77969e+01 7.60922e+03 8.56002e-09 +7.51869e-02
 7.19686e+01 7.71186e+03 8.51514e-09 +7.59784e-02
 8.96151e+01 7.81320e+03 8.47611e-09 +7.66257e-02
 1.11588e+02 7.91351e+03 8.44273e-09 +7.71563e-02
 1.38950e+02 8.01301e+03 8.41491e-09 +7.75924e-02
 1.73020e+02 8.11189e+03 8.39262e-09 +7.79514e-02
 2.15443e+02 8.21034e+03 8.37585e-09 +7.82480e-02
 2.68270e+02 8.30849e+03 8.36472e-09 +7.84923e-02
 3.34048e+02 8.40648e+03 8.35936e-09 +7.86949e-02
 4.15956e+02 8.50444e+03 8.35995e-09 +7.88623e-02
 5.17947e+02 8.60250e+03 8.36676e-09 +7.90007e-02
 6.44947e+02 8.70076e+03 8.38008e-09 +7.91159e-02
 8.03086e+02 8.79934e+03 8.40029e-09 +7.92110e-02
 1.00000e+03 8.89836e+03 8.42782e-09 +7.92906e-02
