#n1=128 n2=4 Teff=04000 R=1.7866e+13 L=5.8101e+37 logg=+0.00
#   tau          T          rho         Fconv
 0.00000e+00 2.01991e+03 7.39783e-21 +0.00000e+00
 1.00000e-09 2.01991e+03 2.07302e-17 +0.00000e+00
 1.24520e-09 1.99110e+03 2.62934e-17 +0.00000e+00
 1.55052e-09 1.96252e+03 3.33529e-17 +0.00000e+00
 1.93070e-09 1.93850e+03 4.22164e-17 +0.00000e+00
 2.40410e-09 1.91841e+03 5.33331e-17 +0.00000e+00
 2.99358e-09 1.90175e+03 6.72613e-17 +0.00000e+00
 3.72759e-09 1.88797e+03 8.47015e-17 +0.00000e+00
 4.64159e-09 1.87588e+03 1.06571e-16 +0.00000e+00
 5.77969e-09 1.86446e+03 1.34039e-16 +0.00000e+00
 7.19686e-09 1.85277e+03 1.68614e-16 +0.00000e+00
 8.96151e-09 1.84068e+03 2.12157e-16 +0.00000e+00
 1.11588e-08 1.82979e+03 2.66775e-16 +0.00000e+00
 1.38950e-08 1.82298e+03 3.34706e-16 +0.00000e+00
 1.73020e-08 1.81911e+03 4.19251e-16 +0.00000e+00
 2.15443e-08 1.81757e+03 5.24468e-16 +0.00000e+00
 2.68270e-08 1.81774e+03 6.55461e-16 +0.00000e+00
 3.34048e-08 1.82047e+03 8.18000e-16 +0.00000e+00
 4.15956e-08 1.82507e+03 1.01978e-15 +0.00000e+00
 5.17947e-08 1.83120e+03 1.27025e-15 +0.00000e+00
 6.44947e-08 1.83696e+03 1.58258e-15 +0.00000e+00
 8.03086e-08 1.84486e+03 1.96939e-15 +0.00000e+00
 1.00000e-07 1.85287e+03 2.45065e-15 +0.00000e+00
 1.24520e-07 1.86110e+03 3.04921e-15 +0.00000e+00
 1.55052e-07 1.86935e+03 3.79404e-15 +0.00000e+00
 1.93070e-07 1.87779e+03 4.72045e-15 +0.00000e+00
 2.40410e-07 1.88630e+03 5.87302e-15 +0.00000e+00
 2.99358e-07 1.89500e+03 7.30651e-15 +0.00000e+00
 3.72759e-07 1.90383e+03 9.08950e-15 +0.00000e+00
 4.64159e-07 1.91287e+03 1.13068e-14 +0.00000e+00
 5.77969e-07 1.92212e+03 1.40638e-14 +0.00000e+00
 7.19686e-07 1.93160e+03 1.74917e-14 +0.00000e+00
 8.96151e-07 1.94138e+03 2.17524e-14 +0.00000e+00
 1.11588e-06 1.95143e+03 2.70484e-14 +0.00000e+00
 1.38950e-06 1.96186e+03 3.36279e-14 +0.00000e+00
 1.73020e-06 1.97261e+03 4.18034e-14 +0.00000e+00
 2.15443e-06 1.98383e+03 5.19556e-14 +0.00000e+00
 2.68270e-06 1.99540e+03 6.45650e-14 +0.00000e+00
 3.34048e-06 2.00754e+03 8.02145e-14 +0.00000e+00
 4.15956e-06 2.02003e+03 9.96453e-14 +0.00000e+00
 5.17947e-06 2.03314e+03 1.23749e-13 +0.00000e+00
 6.44947e-06 2.04663e+03 1.53665e-13 +0.00000e+00
 8.03086e-06 2.06076e+03 1.90760e-13 +0.00000e+00
 1.00000e-05 2.07526e+03 2.36784e-13 +0.00000e+00
 1.24520e-05 2.09045e+03 2.93828e-13 +0.00000e+00
 1.55052e-05 2.10600e+03 3.64582e-13 +0.00000e+00
 1.93070e-05 2.12234e+03 4.52225e-13 +0.00000e+00
 2.40410e-05 2.13904e+03 5.60891e-13 +0.00000e+00
 2.99358e-05 2.15668e+03 6.95403e-13 +0.00000e+00
 3.72759e-05 2.17472e+03 8.62095e-13 +0.00000e+00
 4.64159e-05 2.19381e+03 1.06830e-12 +0.00000e+00
 5.77969e-05 2.21340e+03 1.32366e-12 +0.00000e+00
 7.19686e-05 2.23410e+03 1.63939e-12 +0.00000e+00
 8.96151e-05 2.25537e+03 2.03012e-12 +0.00000e+00
 1.11588e-04 2.27778e+03 2.51298e-12 +0.00000e+00
 1.38950e-04 2.30082e+03 3.11022e-12 +0.00000e+00
 1.73020e-04 2.32500e+03 3.84800e-12 +0.00000e+00
 2.15443e-04 2.34985e+03 4.76006e-12 +0.00000e+00
 2.68270e-04 2.37580e+03 5.88645e-12 +0.00000e+00
 3.34048e-04 2.40248e+03 7.27824e-12 +0.00000e+00
 4.15956e-04 2.43018e+03 8.99683e-12 +0.00000e+00
 5.17947e-04 2.45676e+03 1.11287e-11 +0.00000e+00
 6.44947e-04 2.48313e+03 1.37693e-11 +0.00000e+00
 8.03086e-04 2.51331e+03 1.70115e-11 +0.00000e+00
 1.00000e-03 2.54315e+03 2.10245e-11 +0.00000e+00
 1.24520e-03 2.57501e+03 2.59674e-11 -2.55098e-07
 1.55052e-03 2.60624e+03 3.20876e-11 -3.17648e-07
 1.93070e-03 2.63927e+03 3.96290e-11 -3.95534e-07
 2.40410e-03 2.67243e+03 4.89507e-11 -4.92518e-07
 2.99358e-03 2.70435e+03 6.05058e-11 -6.13282e-07
 3.72759e-03 2.73669e+03 7.47896e-11 -7.63659e-07
 4.64159e-03 2.76790e+03 9.24993e-11 -9.50901e-07
 5.77969e-03 2.79899e+03 1.14425e-10 -1.18406e-06
 7.19686e-03 2.82851e+03 1.41647e-10 -1.47439e-06
 8.96151e-03 2.85764e+03 1.75389e-10 -1.83591e-06
 1.11588e-02 2.88421e+03 2.17388e-10 -2.28607e-06
 1.38950e-02 2.90993e+03 2.69543e-10 -2.84660e-06
 1.73020e-02 2.93468e+03 3.34333e-10 -3.54458e-06
 2.15443e-02 2.95751e+03 4.14986e-10 -4.41370e-06
 2.68270e-02 2.97980e+03 5.15173e-10 -5.49593e-06
 3.34048e-02 3.00107e+03 6.39746e-10 -6.84351e-06
 4.15956e-02 3.02215e+03 7.94417e-10 -8.52151e-06
 5.17947e-02 3.04300e+03 9.86438e-10 -1.06110e-05
 6.44947e-02 3.06411e+03 1.22453e-09 -1.32128e-05
 8.03086e-02 3.08632e+03 1.51917e-09 -1.64525e-05
 1.00000e-01 3.11011e+03 1.88310e-09 -2.04866e-05
 1.24520e-01 3.13619e+03 2.33148e-09 -2.55098e-05
 1.55052e-01 3.16524e+03 2.88236e-09 -3.17648e-05
 1.93070e-01 3.19787e+03 3.55698e-09 -3.95534e-05
 2.40410e-01 3.23498e+03 4.37990e-09 -4.92518e-05
 2.99358e-01 3.27773e+03 5.37834e-09 -6.13282e-05
 3.72759e-01 3.32684e+03 6.58377e-09 -7.63659e-05
 4.64159e-01 3.38319e+03 8.02889e-09 -9.50901e-05
 5.77969e-01 3.44946e+03 9.73956e-09 -1.18406e-04
 7.19686e-01 3.52648e+03 1.17327e-08 -1.47439e-04
 8.96151e-01 3.61829e+03 1.39773e-08 -1.83591e-04
 1.11588e+00 3.73418e+03 1.63244e-08 -2.28607e-04
 1.38950e+00 3.87760e+03 1.84904e-08 -2.84660e-04
 1.73020e+00 4.05746e+03 2.00348e-08 -3.54133e-04
 2.15443e+00 4.27627e+03 2.06682e-08 -3.92192e-04
 2.68270e+00 4.53793e+03 2.04365e-08 +2.28596e-03
 3.34048e+00 4.80312e+03 1.98257e-08 +2.06084e-02
 4.15956e+00 5.00686e+03 1.93431e-08 +3.85603e-02
 5.17947e+00 5.16867e+03 1.89836e-08 +4.96328e-02
 6.44947e+00 5.30707e+03 1.86967e-08 +5.66601e-02
 8.03086e+00 5.43186e+03 1.84544e-08 +6.14536e-02
 1.00000e+01 5.54843e+03 1.82416e-08 +6.49218e-02
 1.24520e+01 5.65994e+03 1.80498e-08 +6.75425e-02
 1.55052e+01 5.76838e+03 1.78738e-08 +6.95892e-02
 1.93070e+01 5.87508e+03 1.77103e-08 +7.12268e-02
 2.40410e+01 5.98092e+03 1.75574e-08 +7.25627e-02
 2.99358e+01 6.08648e+03 1.74138e-08 +7.36672e-02
 3.72759e+01 6.19217e+03 1.72788e-08 +7.45916e-02
 4.64159e+01 6.29823e+03 1.71522e-08 +7.53704e-02
 5.77969e+01 6.40478e+03 1.70338e-08 +7.60311e-02
 7.19686e+01 6.51186e+03 1.69239e-08 +7.65944e-02
 8.96151e+01 6.61941e+03 1.68228e-08 +7.70749e-02
 1.11588e+02 6.72737e+03 1.67310e-08 +7.74857e-02
 1.38950e+02 6.83561e+03 1.66489e-08 +7.78371e-02
 1.73020e+02 6.94398e+03 1.65771e-08 +7.81367e-02
 2.15443e+02 7.05235e+03 1.65162e-08 +7.83921e-02
 2.68270e+02 7.16056e+03 1.64667e-08 +7.86089e-02
 3.34048e+02 7.26848e+03 1.64292e-08 +7.87925e-02
 4.15956e+02 7.37600e+03 1.64043e-08 +7.89479e-02
 5.17947e+02 7.48303e+03 1.63924e-08 +7.90784e-02
 6.44947e+02 7.58951e+03 1.63942e-08 +7.91888e-02
 8.03086e+02 7.69538e+03 1.64103e-08 +7.92806e-02
 1.00000e+03 7.80062e+03 1.64412e-08 +7.93580e-02
