#n1=128 n2=4 Teff=04100 R=1.6002e+11 L=5.1546e+33 logg=+3.50
#   tau          T          rho         Fconv
 0.00000e+00 2.18352e+03 6.86059e-21 +0.00000e+00
 1.00000e-09 2.18352e+03 9.22373e-14 +0.00000e+00
 1.24520e-09 2.19050e+03 1.14521e-13 +0.00000e+00
 1.55052e-09 2.19799e+03 1.42152e-13 +0.00000e+00
 1.93070e-09 2.20614e+03 1.76397e-13 +0.00000e+00
 2.40410e-09 2.21476e+03 2.18842e-13 +0.00000e+00
 2.99358e-09 2.22408e+03 2.71414e-13 +0.00000e+00
 3.72759e-09 2.23371e+03 3.36571e-13 +0.00000e+00
 4.64159e-09 2.24390e+03 4.17264e-13 +0.00000e+00
 5.77969e-09 2.25422e+03 5.17278e-13 +0.00000e+00
 7.19686e-09 2.26489e+03 6.41167e-13 +0.00000e+00
 8.96151e-09 2.27556e+03 7.94731e-13 +0.00000e+00
 1.11588e-08 2.28639e+03 9.85016e-13 +0.00000e+00
 1.38950e-08 2.29716e+03 1.22089e-12 +0.00000e+00
 1.73020e-08 2.30805e+03 1.51318e-12 +0.00000e+00
 2.15443e-08 2.31901e+03 1.87537e-12 +0.00000e+00
 2.68270e-08 2.33022e+03 2.32398e-12 +0.00000e+00
 3.34048e-08 2.34171e+03 2.87948e-12 +0.00000e+00
 4.15956e-08 2.35356e+03 3.56712e-12 +0.00000e+00
 5.17947e-08 2.36581e+03 4.41800e-12 +0.00000e+00
 6.44947e-08 2.37838e+03 5.47085e-12 +0.00000e+00
 8.03086e-08 2.39128e+03 6.77311e-12 +0.00000e+00
 1.00000e-07 2.40453e+03 8.38348e-12 +0.00000e+00
 1.24520e-07 2.41817e+03 1.03737e-11 +0.00000e+00
 1.55052e-07 2.43201e+03 1.28337e-11 +0.00000e+00
 1.93070e-07 2.44609e+03 1.58725e-11 +0.00000e+00
 2.40410e-07 2.46030e+03 1.96261e-11 +0.00000e+00
 2.99358e-07 2.47458e+03 2.42601e-11 +0.00000e+00
 3.72759e-07 2.48880e+03 2.99803e-11 +0.00000e+00
 4.64159e-07 2.50303e+03 3.70352e-11 +0.00000e+00
 5.77969e-07 2.51715e+03 4.57320e-11 +0.00000e+00
 7.19686e-07 2.53115e+03 5.64452e-11 +0.00000e+00
 8.96151e-07 2.54481e+03 6.96338e-11 +0.00000e+00
 1.11588e-06 2.55850e+03 8.58411e-11 +0.00000e+00
 1.38950e-06 2.57198e+03 1.05737e-10 +0.00000e+00
 1.73020e-06 2.58548e+03 1.30117e-10 +0.00000e+00
 2.15443e-06 2.59857e+03 1.59960e-10 +0.00000e+00
 2.68270e-06 2.61170e+03 1.96389e-10 +0.00000e+00
 3.34048e-06 2.62445e+03 2.40795e-10 +0.00000e+00
 4.15956e-06 2.63714e+03 2.94759e-10 +0.00000e+00
 5.17947e-06 2.64964e+03 3.60184e-10 +0.00000e+00
 6.44947e-06 2.66120e+03 4.39438e-10 +0.00000e+00
 8.03086e-06 2.67347e+03 5.34757e-10 +0.00000e+00
 1.00000e-05 2.68498e+03 6.49433e-10 +0.00000e+00
 1.24520e-05 2.69672e+03 7.86639e-10 +0.00000e+00
 1.55052e-05 2.70831e+03 9.50335e-10 +0.00000e+00
 1.93070e-05 2.72045e+03 1.14446e-09 +0.00000e+00
 2.40410e-05 2.73218e+03 1.37472e-09 +0.00000e+00
 2.99358e-05 2.74342e+03 1.64681e-09 +0.00000e+00
 3.72759e-05 2.75500e+03 1.96676e-09 +0.00000e+00
 4.64159e-05 2.76737e+03 2.34065e-09 +0.00000e+00
 5.77969e-05 2.78055e+03 2.77524e-09 +0.00000e+00
 7.19686e-05 2.79460e+03 3.27919e-09 +0.00000e+00
 8.96151e-05 2.81007e+03 3.85835e-09 +0.00000e+00
 1.11588e-04 2.82526e+03 4.52700e-09 +0.00000e+00
 1.38950e-04 2.84235e+03 5.28926e-09 +0.00000e+00
 1.73020e-04 2.86150e+03 6.15037e-09 +0.00000e+00
 2.15443e-04 2.88248e+03 7.11996e-09 +0.00000e+00
 2.68270e-04 2.90680e+03 8.19699e-09 +0.00000e+00
 3.34048e-04 2.93334e+03 9.38898e-09 +0.00000e+00
 4.15956e-04 2.96234e+03 1.06992e-08 +0.00000e+00
 5.17947e-04 2.99377e+03 1.21326e-08 +0.00000e+00
 6.44947e-04 3.02673e+03 1.36978e-08 +0.00000e+00
 8.03086e-04 3.06011e+03 1.54084e-08 +0.00000e+00
 1.00000e-03 3.09307e+03 1.72879e-08 +0.00000e+00
 1.24520e-03 3.12509e+03 1.93579e-08 -2.54616e-07
 1.55052e-03 3.15428e+03 2.16644e-08 -3.17048e-07
 1.93070e-03 3.18491e+03 2.41791e-08 -3.94787e-07
 2.40410e-03 3.21221e+03 2.69964e-08 -4.91587e-07
 2.99358e-03 3.23772e+03 3.01443e-08 -6.12123e-07
 3.72759e-03 3.26165e+03 3.36628e-08 -7.62214e-07
 4.64159e-03 3.28428e+03 3.76069e-08 -9.49104e-07
 5.77969e-03 3.30597e+03 4.20326e-08 -1.18183e-06
 7.19686e-03 3.32702e+03 4.69989e-08 -1.47160e-06
 8.96151e-03 3.34774e+03 5.25576e-08 -1.83244e-06
 1.11588e-02 3.36840e+03 5.87849e-08 -2.28175e-06
 1.38950e-02 3.38936e+03 6.57488e-08 -2.84123e-06
 1.73020e-02 3.41110e+03 7.35090e-08 -3.53789e-06
 2.15443e-02 3.43410e+03 8.20988e-08 -4.40536e-06
 2.68270e-02 3.45890e+03 9.15734e-08 -5.48554e-06
 3.34048e-02 3.48574e+03 1.01970e-07 -6.83058e-06
 4.15956e-02 3.51486e+03 1.13312e-07 -8.50540e-06
 5.17947e-02 3.54668e+03 1.25581e-07 -1.05909e-05
 6.44947e-02 3.58155e+03 1.38794e-07 -1.31878e-05
 8.03086e-02 3.62023e+03 1.52889e-07 -1.64214e-05
 1.00000e-01 3.66330e+03 1.67775e-07 -2.04479e-05
 1.24520e-01 3.70733e+03 1.83706e-07 -2.54616e-05
 1.55052e-01 3.75323e+03 2.00739e-07 -3.17048e-05
 1.93070e-01 3.80139e+03 2.18931e-07 -3.94787e-05
 2.40410e-01 3.85781e+03 2.37732e-07 -4.91587e-05
 2.99358e-01 3.92496e+03 2.56712e-07 -6.11270e-05
 3.72759e-01 3.99393e+03 2.76726e-07 -7.62045e-05
 4.64159e-01 4.06846e+03 2.97620e-07 -9.47356e-05
 5.77969e-01 4.15029e+03 3.19361e-07 -1.16269e-04
 7.19686e-01 4.24135e+03 3.41922e-07 -1.29925e-04
 8.96151e-01 4.34428e+03 3.65263e-07 -1.05409e-04
 1.11588e+00 4.46217e+03 3.89417e-07 -9.07603e-06
 1.38950e+00 4.59725e+03 4.14497e-07 +1.71632e-04
 1.73020e+00 4.74933e+03 4.40789e-07 +8.26100e-04
 2.15443e+00 4.93992e+03 4.65752e-07 +2.08672e-03
 2.68270e+00 5.14710e+03 4.89489e-07 +5.50876e-03
 3.34048e+00 5.35590e+03 5.10052e-07 +1.48444e-02
 4.15956e+00 5.55100e+03 5.27057e-07 +2.69285e-02
 5.17947e+00 5.72714e+03 5.41509e-07 +3.76956e-02
 6.44947e+00 5.88703e+03 5.54359e-07 +4.61350e-02
 8.03086e+00 6.03487e+03 5.66241e-07 +5.25585e-02
 1.00000e+01 6.17419e+03 5.77555e-07 +5.74914e-02
 1.24520e+01 6.30762e+03 5.88589e-07 +6.13378e-02
 1.55052e+01 6.43711e+03 5.99531e-07 +6.43848e-02
 1.93070e+01 6.56407e+03 6.10522e-07 +6.68406e-02
 2.40410e+01 6.68950e+03 6.21681e-07 +6.88507e-02
 2.99358e+01 6.81412e+03 6.33115e-07 +7.05106e-02
 3.72759e+01 6.93848e+03 6.44915e-07 +7.18928e-02
 4.64159e+01 7.06301e+03 6.57168e-07 +7.30520e-02
 5.77969e+01 7.18800e+03 6.69958e-07 +7.40290e-02
 7.19686e+01 7.31372e+03 6.83365e-07 +7.48542e-02
 8.96151e+01 7.44028e+03 6.97473e-07 +7.55578e-02
 1.11588e+02 7.56770e+03 7.12380e-07 +7.61608e-02
 1.38950e+02 7.69587e+03 7.28196e-07 +7.66771e-02
 1.73020e+02 7.82473e+03 7.45032e-07 +7.71178e-02
 2.15443e+02 7.95434e+03 7.62991e-07 +7.74905e-02
 2.68270e+02 8.08481e+03 7.82170e-07 +7.78070e-02
 3.34048e+02 8.21617e+03 8.02675e-07 +7.80767e-02
 4.15956e+02 8.34846e+03 8.24618e-07 +7.83051e-02
 5.17947e+02 8.48174e+03 8.48106e-07 +7.84987e-02
 6.44947e+02 8.61621e+03 8.73236e-07 +7.86622e-02
 8.03086e+02 8.75190e+03 9.00117e-07 +7.88020e-02
 1.00000e+03 8.88853e+03 9.28908e-07 +7.89238e-02
