#n1=128 n2=4 Teff=04700 R=5.1442e+12 L=9.1829e+36 logg=+1.00
#      tau          T          rho         Fconv
  0.00000e+00  2.30033e+03  6.65817e-21 +0.00000e+00
  1.00000e-09  2.30033e+03  2.18908e-16 +0.00000e+00
  1.24520e-09  2.30954e+03  2.73516e-16 +0.00000e+00
  1.55052e-09  2.31985e+03  3.41273e-16 +0.00000e+00
  1.93070e-09  2.33131e+03  4.25250e-16 +0.00000e+00
  2.40410e-09  2.34325e+03  5.29402e-16 +0.00000e+00
  2.99358e-09  2.35600e+03  6.58413e-16 +0.00000e+00
  3.72759e-09  2.36904e+03  8.18329e-16 +0.00000e+00
  4.64159e-09  2.38286e+03  1.01627e-15 +0.00000e+00
  5.77969e-09  2.39709e+03  1.26137e-15 +0.00000e+00
  7.19686e-09  2.41231e+03  1.56435e-15 +0.00000e+00
  8.96151e-09  2.42821e+03  1.93888e-15 +0.00000e+00
  1.11588e-08  2.44529e+03  2.40109e-15 +0.00000e+00
  1.38950e-08  2.46331e+03  2.97131e-15 +0.00000e+00
  1.73020e-08  2.48260e+03  3.67380e-15 +0.00000e+00
  2.15443e-08  2.50296e+03  4.53878e-15 +0.00000e+00
  2.68270e-08  2.52452e+03  5.60287e-15 +0.00000e+00
  3.34048e-08  2.54716e+03  6.91103e-15 +0.00000e+00
  4.15956e-08  2.57080e+03  8.51862e-15 +0.00000e+00
  5.17947e-08  2.59539e+03  1.04929e-14 +0.00000e+00
  6.44947e-08  2.62070e+03  1.29180e-14 +0.00000e+00
  8.03086e-08  2.64677e+03  1.58950e-14 +0.00000e+00
  1.00000e-07  2.67328e+03  1.95515e-14 +0.00000e+00
  1.24520e-07  2.70037e+03  2.40401e-14 +0.00000e+00
  1.55052e-07  2.72768e+03  2.95546e-14 +0.00000e+00
  1.93070e-07  2.75544e+03  3.63256e-14 +0.00000e+00
  2.40410e-07  2.78323e+03  4.46473e-14 +0.00000e+00
  2.99358e-07  2.81130e+03  5.48704e-14 +0.00000e+00
  3.72759e-07  2.83924e+03  6.74412e-14 +0.00000e+00
  4.64159e-07  2.86721e+03  8.28978e-14 +0.00000e+00
  5.77969e-07  2.89492e+03  1.01915e-13 +0.00000e+00
  7.19686e-07  2.92238e+03  1.25322e-13 +0.00000e+00
  8.96151e-07  2.94943e+03  1.54142e-13 +0.00000e+00
  1.11588e-06  2.97602e+03  1.89645e-13 +0.00000e+00
  1.38950e-06  3.00210e+03  2.33384e-13 +0.00000e+00
  1.73020e-06  3.02769e+03  2.87288e-13 +0.00000e+00
  2.15443e-06  3.05276e+03  3.53707e-13 +0.00000e+00
  2.68270e-06  3.07732e+03  4.35563e-13 +0.00000e+00
  3.34048e-06  3.10137e+03  5.36393e-13 +0.00000e+00
  4.15956e-06  3.12495e+03  6.60583e-13 +0.00000e+00
  5.17947e-06  3.14810e+03  8.13411e-13 +0.00000e+00
  6.44947e-06  3.17086e+03  1.00139e-12 +0.00000e+00
  8.03086e-06  3.19331e+03  1.23231e-12 +0.00000e+00
  1.00000e-05  3.21548e+03  1.51568e-12 +0.00000e+00
  1.24520e-05  3.23744e+03  1.86286e-12 +0.00000e+00
  1.55052e-05  3.25923e+03  2.28748e-12 +0.00000e+00
  1.93070e-05  3.28087e+03  2.80584e-12 +0.00000e+00
  2.40410e-05  3.30238e+03  3.43705e-12 +0.00000e+00
  2.99358e-05  3.32373e+03  4.20406e-12 +0.00000e+00
  3.72759e-05  3.34495e+03  5.13301e-12 +0.00000e+00
  4.64159e-05  3.36598e+03  6.25533e-12 +0.00000e+00
  5.77969e-05  3.38684e+03  7.60593e-12 +0.00000e+00
  7.19686e-05  3.40744e+03  9.22665e-12 +0.00000e+00
  8.96151e-05  3.42777e+03  1.11635e-11 +0.00000e+00
  1.11588e-04  3.44781e+03  1.34696e-11 +0.00000e+00
  1.38950e-04  3.46754e+03  1.62053e-11 +0.00000e+00
  1.73020e-04  3.48695e+03  1.94354e-11 +0.00000e+00
  2.15443e-04  3.50608e+03  2.32378e-11 +0.00000e+00
  2.68270e-04  3.52493e+03  2.76923e-11 +0.00000e+00
  3.34048e-04  3.54353e+03  3.28936e-11 +0.00000e+00
  4.15956e-04  3.56191e+03  3.89458e-11 +0.00000e+00
  5.17947e-04  3.58010e+03  4.59574e-11 +0.00000e+00
  6.44947e-04  3.59814e+03  5.40648e-11 +0.00000e+00
  8.03086e-04  3.61603e+03  6.34053e-11 +0.00000e+00
  1.00000e-03  3.63385e+03  7.41311e-11 +0.00000e+00
  1.24520e-03  3.65162e+03  8.64349e-11 -2.55061e-07
  1.55052e-03  3.66945e+03  1.00500e-10 -3.17601e-07
  1.93070e-03  3.68739e+03  1.16541e-10 -3.95476e-07
  2.40410e-03  3.70551e+03  1.34828e-10 -4.92444e-07
  2.99358e-03  3.72392e+03  1.55612e-10 -6.13193e-07
  3.72759e-03  3.74267e+03  1.79190e-10 -7.63543e-07
  4.64159e-03  3.76196e+03  2.05934e-10 -9.50765e-07
  5.77969e-03  3.78183e+03  2.36197e-10 -1.18389e-06
  7.19686e-03  3.80251e+03  2.70364e-10 -1.47417e-06
  8.96151e-03  3.82412e+03  3.08955e-10 -1.83564e-06
  1.11588e-02  3.84684e+03  3.52457e-10 -2.28573e-06
  1.38950e-02  3.87085e+03  4.01376e-10 -2.84618e-06
  1.73020e-02  3.89631e+03  4.56392e-10 -3.54406e-06
  2.15443e-02  3.92350e+03  5.18206e-10 -4.41304e-06
  2.68270e-02  3.95264e+03  5.87495e-10 -5.49512e-06
  3.34048e-02  3.98407e+03  6.65049e-10 -6.84251e-06
  4.15956e-02  4.01810e+03  7.51899e-10 -8.52026e-06
  5.17947e-02  4.05518e+03  8.48951e-10 -1.06094e-05
  6.44947e-02  4.09589e+03  9.57168e-10 -1.32108e-05
  8.03086e-02  4.14082e+03  1.07791e-09 -1.64501e-05
  1.00000e-01  4.19094e+03  1.21253e-09 -2.04836e-05
  1.24520e-01  4.24711e+03  1.36237e-09 -2.55061e-05
  1.55052e-01  4.31065e+03  1.52910e-09 -3.17601e-05
  1.93070e-01  4.38255e+03  1.71527e-09 -3.95476e-05
  2.40410e-01  4.46365e+03  1.92353e-09 -4.92444e-05
  2.99358e-01  4.55457e+03  2.15707e-09 -6.13193e-05
  3.72759e-01  4.65703e+03  2.41915e-09 -7.63543e-05
  4.64159e-01  4.77126e+03  2.71203e-09 -9.50765e-05
  5.77969e-01  4.90319e+03  3.03086e-09 -1.18389e-04
  7.19686e-01  5.04764e+03  3.36801e-09 -1.47417e-04
  8.96151e-01  5.21492e+03  3.69215e-09 -1.83564e-04
  1.11588e+00  5.40591e+03  3.96803e-09 -2.28573e-04
  1.38950e+00  5.59100e+03  4.20171e-09 -2.84618e-04
  1.73020e+00  5.87731e+03  4.27925e-09 -3.54405e-04
  2.15443e+00  6.08411e+03  4.35954e-09 -4.41297e-04
  2.68270e+00  6.43111e+03  4.28194e-09 -5.48987e-04
  3.34048e+00  6.73449e+03  4.19511e-09 -6.01391e-04
  4.15956e+00  7.26831e+03  3.91176e-09 +2.19501e-03
  5.17947e+00  7.48028e+03  3.82163e-09 +1.21243e-02
  6.44947e+00  7.67757e+03  3.73387e-09 +2.81250e-02
  8.03086e+00  7.84733e+03  3.65854e-09 +4.19247e-02
  1.00000e+01  7.99378e+03  3.59494e-09 +5.16591e-02
  1.24520e+01  8.12386e+03  3.53997e-09 +5.83784e-02
  1.55052e+01  8.24288e+03  3.49115e-09 +6.31235e-02
  1.93070e+01  8.35445e+03  3.44675e-09 +6.65775e-02
  2.40410e+01  8.46104e+03  3.40563e-09 +6.91605e-02
  2.99358e+01  8.56438e+03  3.36698e-09 +7.11414e-02
  3.72759e+01  8.66572e+03  3.33024e-09 +7.26892e-02
  4.64159e+01  8.76601e+03  3.29508e-09 +7.39124e-02
  5.77969e+01  8.86601e+03  3.26116e-09 +7.48953e-02
  7.19686e+01  8.96632e+03  3.22836e-09 +7.56890e-02
  8.96151e+01  9.06746e+03  3.19652e-09 +7.63376e-02
  1.11588e+02  9.16991e+03  3.16558e-09 +7.68696e-02
  1.38950e+02  9.27408e+03  3.13553e-09 +7.73081e-02
  1.73020e+02  9.38042e+03  3.10632e-09 +7.76717e-02
  2.15443e+02  9.48935e+03  3.07808e-09 +7.79726e-02
  2.68270e+02  9.60136e+03  3.05075e-09 +7.82240e-02
  3.34048e+02  9.71696e+03  3.02453e-09 +7.84329e-02
  4.15956e+02  9.83696e+03  2.99999e-09 +7.86017e-02
  5.17947e+02  9.96269e+03  2.97664e-09 +7.87407e-02
  6.44947e+02  1.00952e+04  2.95445e-09 +7.88559e-02
  8.03086e+02  1.02357e+04  2.93355e-09 +7.89500e-02
  1.00000e+03  1.03861e+04  2.91403e-09 +7.90261e-02
