#n1=128 n2=4 Teff=04900 R=1.7384e+10 L=1.2412e+32 logg=+5.50
#   tau          T          rho         Fconv
 0.00000e+00 2.65449e+03 5.85003e-21 +0.00000e+00
 1.00000e-09 2.65449e+03 7.43242e-12 +0.00000e+00
 1.24520e-09 2.66077e+03 9.17147e-12 +0.00000e+00
 1.55052e-09 2.66935e+03 1.12845e-11 +0.00000e+00
 1.93070e-09 2.67948e+03 1.38452e-11 +0.00000e+00
 2.40410e-09 2.69057e+03 1.69400e-11 +0.00000e+00
 2.99358e-09 2.70253e+03 2.06657e-11 +0.00000e+00
 3.72759e-09 2.71517e+03 2.51350e-11 +0.00000e+00
 4.64159e-09 2.72842e+03 3.04733e-11 +0.00000e+00
 5.77969e-09 2.74235e+03 3.68212e-11 +0.00000e+00
 7.19686e-09 2.75672e+03 4.43379e-11 +0.00000e+00
 8.96151e-09 2.77180e+03 5.31925e-11 +0.00000e+00
 1.11588e-08 2.78734e+03 6.35809e-11 +0.00000e+00
 1.38950e-08 2.80351e+03 7.57046e-11 +0.00000e+00
 1.73020e-08 2.82028e+03 8.97928e-11 +0.00000e+00
 2.15443e-08 2.83747e+03 1.06096e-10 +0.00000e+00
 2.68270e-08 2.85523e+03 1.24875e-10 +0.00000e+00
 3.34048e-08 2.87332e+03 1.46438e-10 +0.00000e+00
 4.15956e-08 2.89174e+03 1.71101e-10 +0.00000e+00
 5.17947e-08 2.91047e+03 1.99221e-10 +0.00000e+00
 6.44947e-08 2.92930e+03 2.31213e-10 +0.00000e+00
 8.03086e-08 2.94823e+03 2.67499e-10 +0.00000e+00
 1.00000e-07 2.96723e+03 3.08579e-10 +0.00000e+00
 1.24520e-07 2.98616e+03 3.55025e-10 +0.00000e+00
 1.55052e-07 3.00505e+03 4.07423e-10 +0.00000e+00
 1.93070e-07 3.02386e+03 4.66475e-10 +0.00000e+00
 2.40410e-07 3.04254e+03 5.32986e-10 +0.00000e+00
 2.99358e-07 3.06111e+03 6.07787e-10 +0.00000e+00
 3.72759e-07 3.07957e+03 6.91854e-10 +0.00000e+00
 4.64159e-07 3.09792e+03 7.86316e-10 +0.00000e+00
 5.77969e-07 3.11618e+03 8.92382e-10 +0.00000e+00
 7.19686e-07 3.13439e+03 1.01136e-09 +0.00000e+00
 8.96151e-07 3.15260e+03 1.14482e-09 +0.00000e+00
 1.11588e-06 3.17086e+03 1.29447e-09 +0.00000e+00
 1.38950e-06 3.18927e+03 1.46205e-09 +0.00000e+00
 1.73020e-06 3.20796e+03 1.64956e-09 +0.00000e+00
 2.15443e-06 3.22698e+03 1.85929e-09 +0.00000e+00
 2.68270e-06 3.24631e+03 2.09372e-09 +0.00000e+00
 3.34048e-06 3.26596e+03 2.35547e-09 +0.00000e+00
 4.15956e-06 3.28590e+03 2.64770e-09 +0.00000e+00
 5.17947e-06 3.30609e+03 2.97398e-09 +0.00000e+00
 6.44947e-06 3.32651e+03 3.33807e-09 +0.00000e+00
 8.03086e-06 3.34715e+03 3.74415e-09 +0.00000e+00
 1.00000e-05 3.36799e+03 4.19716e-09 +0.00000e+00
 1.24520e-05 3.38902e+03 4.70262e-09 +0.00000e+00
 1.55052e-05 3.41019e+03 5.26634e-09 +0.00000e+00
 1.93070e-05 3.43146e+03 5.89511e-09 +0.00000e+00
 2.40410e-05 3.45281e+03 6.59677e-09 +0.00000e+00
 2.99358e-05 3.47419e+03 7.38012e-09 +0.00000e+00
 3.72759e-05 3.49556e+03 8.25460e-09 +0.00000e+00
 4.64159e-05 3.51684e+03 9.23143e-09 +0.00000e+00
 5.77969e-05 3.53801e+03 1.03233e-08 +0.00000e+00
 7.19686e-05 3.55899e+03 1.15449e-08 +0.00000e+00
 8.96151e-05 3.57973e+03 1.29121e-08 +0.00000e+00
 1.11588e-04 3.60021e+03 1.44435e-08 +0.00000e+00
 1.38950e-04 3.62039e+03 1.61603e-08 +0.00000e+00
 1.73020e-04 3.64028e+03 1.80864e-08 +0.00000e+00
 2.15443e-04 3.65989e+03 2.02480e-08 +0.00000e+00
 2.68270e-04 3.67922e+03 2.26756e-08 +0.00000e+00
 3.34048e-04 3.69830e+03 2.54037e-08 +0.00000e+00
 4.15956e-04 3.71715e+03 2.84705e-08 +0.00000e+00
 5.17947e-04 3.73581e+03 3.19189e-08 +0.00000e+00
 6.44947e-04 3.75433e+03 3.57977e-08 +0.00000e+00
 8.03086e-04 3.77273e+03 4.01621e-08 +0.00000e+00
 1.00000e-03 3.79109e+03 4.50725e-08 +0.00000e+00
 1.24520e-03 3.80942e+03 5.05977e-08 -2.54588e-07
 1.55052e-03 3.82784e+03 5.68139e-08 -3.17013e-07
 1.93070e-03 3.84641e+03 6.38066e-08 -3.94743e-07
 2.40410e-03 3.86520e+03 7.16695e-08 -4.91534e-07
 2.99358e-03 3.88431e+03 8.05065e-08 -6.12056e-07
 3.72759e-03 3.90380e+03 9.04349e-08 -7.62130e-07
 4.64159e-03 3.92389e+03 1.01578e-07 -9.49002e-07
 5.77969e-03 3.94462e+03 1.14072e-07 -1.18169e-06
 7.19686e-03 3.96622e+03 1.28064e-07 -1.47144e-06
 8.96151e-03 3.98879e+03 1.43713e-07 -1.83223e-06
 1.11588e-02 4.01252e+03 1.61188e-07 -2.28149e-06
 1.38950e-02 4.03756e+03 1.80663e-07 -2.84091e-06
 1.73020e-02 4.06403e+03 2.02334e-07 -3.53750e-06
 2.15443e-02 4.09223e+03 2.26389e-07 -4.40487e-06
 2.68270e-02 4.12237e+03 2.53020e-07 -5.48495e-06
 3.34048e-02 4.15479e+03 2.82411e-07 -6.82984e-06
 4.15956e-02 4.18985e+03 3.14741e-07 -8.50449e-06
 5.17947e-02 4.22802e+03 3.50149e-07 -1.05897e-05
 6.44947e-02 4.26997e+03 3.88716e-07 -1.31863e-05
 8.03086e-02 4.31642e+03 4.30479e-07 -1.64196e-05
 1.00000e-01 4.36847e+03 4.75353e-07 -2.04456e-05
 1.24520e-01 4.42731e+03 5.23127e-07 -2.54588e-05
 1.55052e-01 4.49410e+03 5.73487e-07 -3.17013e-05
 1.93070e-01 4.57028e+03 6.26041e-07 -3.94743e-05
 2.40410e-01 4.65809e+03 6.80168e-07 -4.91534e-05
 2.99358e-01 4.75835e+03 7.35453e-07 -6.12056e-05
 3.72759e-01 4.87354e+03 7.91270e-07 -7.62130e-05
 4.64159e-01 5.00410e+03 8.47608e-07 -9.49002e-05
 5.77969e-01 5.15497e+03 9.03968e-07 -1.18169e-04
 7.19686e-01 5.32645e+03 9.60978e-07 -1.47144e-04
 8.96151e-01 5.51887e+03 1.01974e-06 -1.83223e-04
 1.11588e+00 5.71456e+03 1.08523e-06 -2.28149e-04
 1.38950e+00 6.00227e+03 1.14066e-06 -2.84091e-04
 1.73020e+00 6.23777e+03 1.21261e-06 -3.53750e-04
 2.15443e+00 6.62388e+03 1.25213e-06 -3.40499e-04
 2.68270e+00 6.89292e+03 1.30507e-06 -3.84836e-04
 3.34048e+00 7.22255e+03 1.33311e-06 +6.62668e-03
 4.15956e+00 7.41323e+03 1.38054e-06 +1.68803e-02
 5.17947e+00 7.59994e+03 1.42667e-06 +2.68307e-02
 6.44947e+00 7.78101e+03 1.47255e-06 +3.55369e-02
 8.03086e+00 7.95663e+03 1.51896e-06 +4.28283e-02
 1.00000e+01 8.12768e+03 1.56647e-06 +4.88704e-02
 1.24520e+01 8.29501e+03 1.61558e-06 +5.38787e-02
 1.55052e+01 8.45938e+03 1.66673e-06 +5.80291e-02
 1.93070e+01 8.62157e+03 1.72029e-06 +6.14641e-02
 2.40410e+01 8.78209e+03 1.77664e-06 +6.43533e-02
 2.99358e+01 8.94098e+03 1.83625e-06 +6.68151e-02
 3.72759e+01 9.09800e+03 1.89967e-06 +6.89152e-02
 4.64159e+01 9.25303e+03 1.96750e-06 +7.06797e-02
 5.77969e+01 9.40636e+03 2.04027e-06 +7.21416e-02
 7.19686e+01 9.55853e+03 2.11845e-06 +7.33504e-02
 8.96151e+01 9.70984e+03 2.20257e-06 +7.43610e-02
 1.11588e+02 9.86057e+03 2.29316e-06 +7.52018e-02
 1.38950e+02 1.00111e+04 2.39066e-06 +7.58975e-02
 1.73020e+02 1.01620e+04 2.49580e-06 +7.64773e-02
 2.15443e+02 1.03134e+04 2.60906e-06 +7.69638e-02
 2.68270e+02 1.04655e+04 2.73110e-06 +7.73750e-02
 3.34048e+02 1.06182e+04 2.86269e-06 +7.77238e-02
 4.15956e+02 1.07714e+04 3.00472e-06 +7.80191e-02
 5.17947e+02 1.09251e+04 3.15817e-06 +7.82675e-02
 6.44947e+02 1.10793e+04 3.32403e-06 +7.84759e-02
 8.03086e+02 1.12342e+04 3.50340e-06 +7.86497e-02
 1.00000e+03 1.13903e+04 3.69747e-06 +7.87953e-02
