#n1=128 n2=4 Teff=04700 R=9.3613e+10 L=3.0456e+33 logg=+4.00
#   tau          T          rho         Fconv
 0.00000e+00 2.53058e+03 5.90950e-21 +0.00000e+00
 1.00000e-09 2.53058e+03 2.51198e-13 +0.00000e+00
 1.24520e-09 2.53441e+03 3.12397e-13 +0.00000e+00
 1.55052e-09 2.53890e+03 3.88395e-13 +0.00000e+00
 1.93070e-09 2.54415e+03 4.82730e-13 +0.00000e+00
 2.40410e-09 2.55023e+03 5.99770e-13 +0.00000e+00
 2.99358e-09 2.55719e+03 7.44914e-13 +0.00000e+00
 3.72759e-09 2.56510e+03 9.24820e-13 +0.00000e+00
 4.64159e-09 2.57397e+03 1.14771e-12 +0.00000e+00
 5.77969e-09 2.58385e+03 1.42374e-12 +0.00000e+00
 7.19686e-09 2.59470e+03 1.76543e-12 +0.00000e+00
 8.96151e-09 2.60649e+03 2.18825e-12 +0.00000e+00
 1.11588e-08 2.61915e+03 2.71134e-12 +0.00000e+00
 1.38950e-08 2.63256e+03 3.35835e-12 +0.00000e+00
 1.73020e-08 2.64656e+03 4.15861e-12 +0.00000e+00
 2.15443e-08 2.66098e+03 5.14844e-12 +0.00000e+00
 2.68270e-08 2.67559e+03 6.37289e-12 +0.00000e+00
 3.34048e-08 2.69018e+03 7.88788e-12 +0.00000e+00
 4.15956e-08 2.70458e+03 9.76261e-12 +0.00000e+00
 5.17947e-08 2.71867e+03 1.20827e-11 +0.00000e+00
 6.44947e-08 2.73246e+03 1.49533e-11 +0.00000e+00
 8.03086e-08 2.74610e+03 1.85032e-11 +0.00000e+00
 1.00000e-07 2.75988e+03 2.28892e-11 +0.00000e+00
 1.24520e-07 2.77412e+03 2.83020e-11 +0.00000e+00
 1.55052e-07 2.78913e+03 3.49725e-11 +0.00000e+00
 1.93070e-07 2.80506e+03 4.31824e-11 +0.00000e+00
 2.40410e-07 2.82197e+03 5.32729e-11 +0.00000e+00
 2.99358e-07 2.83979e+03 6.56588e-11 +0.00000e+00
 3.72759e-07 2.85845e+03 8.08396e-11 +0.00000e+00
 4.64159e-07 2.87779e+03 9.94181e-11 +0.00000e+00
 5.77969e-07 2.89766e+03 1.22115e-10 +0.00000e+00
 7.19686e-07 2.91790e+03 1.49789e-10 +0.00000e+00
 8.96151e-07 2.93836e+03 1.83462e-10 +0.00000e+00
 1.11588e-06 2.95896e+03 2.24325e-10 +0.00000e+00
 1.38950e-06 2.97960e+03 2.73781e-10 +0.00000e+00
 1.73020e-06 3.00028e+03 3.33432e-10 +0.00000e+00
 2.15443e-06 3.02097e+03 4.05143e-10 +0.00000e+00
 2.68270e-06 3.04169e+03 4.91001e-10 +0.00000e+00
 3.34048e-06 3.06243e+03 5.93384e-10 +0.00000e+00
 4.15956e-06 3.08321e+03 7.14949e-10 +0.00000e+00
 5.17947e-06 3.10404e+03 8.58597e-10 +0.00000e+00
 6.44947e-06 3.12492e+03 1.02763e-09 +0.00000e+00
 8.03086e-06 3.14587e+03 1.22553e-09 +0.00000e+00
 1.00000e-05 3.16686e+03 1.45625e-09 +0.00000e+00
 1.24520e-05 3.18791e+03 1.72405e-09 +0.00000e+00
 1.55052e-05 3.20899e+03 2.03344e-09 +0.00000e+00
 1.93070e-05 3.23009e+03 2.38973e-09 +0.00000e+00
 2.40410e-05 3.25119e+03 2.79839e-09 +0.00000e+00
 2.99358e-05 3.27225e+03 3.26551e-09 +0.00000e+00
 3.72759e-05 3.29323e+03 3.79839e-09 +0.00000e+00
 4.64159e-05 3.31409e+03 4.40436e-09 +0.00000e+00
 5.77969e-05 3.33481e+03 5.09200e-09 +0.00000e+00
 7.19686e-05 3.35531e+03 5.87168e-09 +0.00000e+00
 8.96151e-05 3.37556e+03 6.75388e-09 +0.00000e+00
 1.11588e-04 3.39553e+03 7.75081e-09 +0.00000e+00
 1.38950e-04 3.41519e+03 8.87767e-09 +0.00000e+00
 1.73020e-04 3.43454e+03 1.01497e-08 +0.00000e+00
 2.15443e-04 3.45359e+03 1.15840e-08 +0.00000e+00
 2.68270e-04 3.47235e+03 1.32025e-08 +0.00000e+00
 3.34048e-04 3.49085e+03 1.50277e-08 +0.00000e+00
 4.15956e-04 3.50911e+03 1.70839e-08 +0.00000e+00
 5.17947e-04 3.52716e+03 1.94008e-08 +0.00000e+00
 6.44947e-04 3.54504e+03 2.20129e-08 +0.00000e+00
 8.03086e-04 3.56275e+03 2.49550e-08 +0.00000e+00
 1.00000e-03 3.58037e+03 2.82663e-08 +0.00000e+00
 1.24520e-03 3.59791e+03 3.19977e-08 -2.54675e-07
 1.55052e-03 3.61547e+03 3.61995e-08 -3.17121e-07
 1.93070e-03 3.63310e+03 4.09259e-08 -3.94879e-07
 2.40410e-03 3.65086e+03 4.62413e-08 -4.91700e-07
 2.99358e-03 3.66886e+03 5.22227e-08 -6.12266e-07
 3.72759e-03 3.68715e+03 5.89455e-08 -7.62389e-07
 4.64159e-03 3.70590e+03 6.64886e-08 -9.49328e-07
 5.77969e-03 3.72515e+03 7.49557e-08 -1.18210e-06
 7.19686e-03 3.74511e+03 8.44517e-08 -1.47195e-06
 8.96151e-03 3.76586e+03 9.50816e-08 -1.83286e-06
 1.11588e-02 3.78760e+03 1.06957e-07 -2.28227e-06
 1.38950e-02 3.81047e+03 1.20224e-07 -2.84188e-06
 1.73020e-02 3.83459e+03 1.35020e-07 -3.53870e-06
 2.15443e-02 3.86022e+03 1.51475e-07 -4.40637e-06
 2.68270e-02 3.88754e+03 1.69736e-07 -5.48682e-06
 3.34048e-02 3.91682e+03 1.89985e-07 -6.83216e-06
 4.15956e-02 3.94835e+03 2.12373e-07 -8.50738e-06
 5.17947e-02 3.98250e+03 2.37038e-07 -1.05934e-05
 6.44947e-02 4.01976e+03 2.64119e-07 -1.31908e-05
 8.03086e-02 4.06067e+03 2.93802e-07 -1.64252e-05
 1.00000e-01 4.10609e+03 3.26162e-07 -2.04526e-05
 1.24520e-01 4.15685e+03 3.61258e-07 -2.54675e-05
 1.55052e-01 4.21421e+03 3.99116e-07 -3.17121e-05
 1.93070e-01 4.27923e+03 4.39810e-07 -3.94879e-05
 2.40410e-01 4.35292e+03 4.83308e-07 -4.91700e-05
 2.99358e-01 4.43625e+03 5.29526e-07 -6.12266e-05
 3.72759e-01 4.53123e+03 5.78075e-07 -7.62389e-05
 4.64159e-01 4.63899e+03 6.28242e-07 -9.49328e-05
 5.77969e-01 4.76523e+03 6.77512e-07 -1.18210e-04
 7.19686e-01 4.90827e+03 7.23176e-07 -1.43001e-04
 8.96151e-01 5.08028e+03 7.58637e-07 +9.66083e-04
 1.11588e+00 5.23740e+03 7.89008e-07 +4.06196e-03
 1.38950e+00 5.38620e+03 8.14337e-07 +9.86162e-03
 1.73020e+00 5.52687e+03 8.36025e-07 +1.81361e-02
 2.15443e+00 5.66078e+03 8.55184e-07 +2.78163e-02
 2.68270e+00 5.79005e+03 8.72504e-07 +3.91657e-02
 3.34048e+00 5.91628e+03 8.88473e-07 +4.88012e-02
 4.15956e+00 6.03872e+03 9.03791e-07 +5.40322e-02
 5.17947e+00 6.15832e+03 9.18816e-07 +5.82320e-02
 6.44947e+00 6.27616e+03 9.33801e-07 +6.16338e-02
 8.03086e+00 6.39312e+03 9.48906e-07 +6.44144e-02
 1.00000e+01 6.50991e+03 9.64259e-07 +6.67126e-02
 1.24520e+01 6.62705e+03 9.79976e-07 +6.86301e-02
 1.55052e+01 6.74492e+03 9.96164e-07 +7.02413e-02
 1.93070e+01 6.86383e+03 1.01293e-06 +7.16019e-02
 2.40410e+01 6.98403e+03 1.03036e-06 +7.27565e-02
 2.99358e+01 7.10567e+03 1.04856e-06 +7.37403e-02
 3.72759e+01 7.22888e+03 1.06764e-06 +7.45799e-02
 4.64159e+01 7.35376e+03 1.08769e-06 +7.52991e-02
 5.77969e+01 7.48030e+03 1.10884e-06 +7.59182e-02
 7.19686e+01 7.60844e+03 1.13122e-06 +7.64518e-02
 8.96151e+01 7.73805e+03 1.15497e-06 +7.69114e-02
 1.11588e+02 7.86910e+03 1.18025e-06 +7.73048e-02
 1.38950e+02 8.00165e+03 1.20718e-06 +7.76404e-02
 1.73020e+02 8.13572e+03 1.23590e-06 +7.79282e-02
 2.15443e+02 8.27126e+03 1.26657e-06 +7.81744e-02
 2.68270e+02 8.40826e+03 1.29935e-06 +7.83856e-02
 3.34048e+02 8.54671e+03 1.33439e-06 +7.85653e-02
 4.15956e+02 8.68665e+03 1.37187e-06 +7.87197e-02
 5.17947e+02 8.82785e+03 1.41199e-06 +7.88531e-02
 6.44947e+02 8.96982e+03 1.45504e-06 +7.89696e-02
 8.03086e+02 9.11193e+03 1.50141e-06 +7.90708e-02
 1.00000e+03 9.25376e+03 1.55149e-06 +7.91569e-02
