#n1=128 n2=4 Teff=04300 R=4.8479e+10 L=5.7253e+32 logg=+4.50
#   tau          T          rho         Fconv
 0.00000e+00 2.42683e+03 6.16219e-21 +0.00000e+00
 1.00000e-09 2.42683e+03 8.33173e-13 +0.00000e+00
 1.24520e-09 2.43113e+03 1.03579e-12 +0.00000e+00
 1.55052e-09 2.43603e+03 1.28735e-12 +0.00000e+00
 1.93070e-09 2.44160e+03 1.59953e-12 +0.00000e+00
 2.40410e-09 2.44785e+03 1.98681e-12 +0.00000e+00
 2.99358e-09 2.45485e+03 2.46706e-12 +0.00000e+00
 3.72759e-09 2.46259e+03 3.06238e-12 +0.00000e+00
 4.64159e-09 2.47113e+03 3.80003e-12 +0.00000e+00
 5.77969e-09 2.48042e+03 4.71377e-12 +0.00000e+00
 7.19686e-09 2.49047e+03 5.84521e-12 +0.00000e+00
 8.96151e-09 2.50118e+03 7.24595e-12 +0.00000e+00
 1.11588e-08 2.51251e+03 8.97969e-12 +0.00000e+00
 1.38950e-08 2.52429e+03 1.11255e-11 +0.00000e+00
 1.73020e-08 2.53642e+03 1.37812e-11 +0.00000e+00
 2.15443e-08 2.54870e+03 1.70681e-11 +0.00000e+00
 2.68270e-08 2.56097e+03 2.11369e-11 +0.00000e+00
 3.34048e-08 2.57308e+03 2.61738e-11 +0.00000e+00
 4.15956e-08 2.58494e+03 3.24095e-11 +0.00000e+00
 5.17947e-08 2.59656e+03 4.01269e-11 +0.00000e+00
 6.44947e-08 2.60804e+03 4.96741e-11 +0.00000e+00
 8.03086e-08 2.61964e+03 6.14724e-11 +0.00000e+00
 1.00000e-07 2.63165e+03 7.60361e-11 +0.00000e+00
 1.24520e-07 2.64442e+03 9.39816e-11 +0.00000e+00
 1.55052e-07 2.65814e+03 1.16060e-10 +0.00000e+00
 1.93070e-07 2.67303e+03 1.43168e-10 +0.00000e+00
 2.40410e-07 2.68908e+03 1.76393e-10 +0.00000e+00
 2.99358e-07 2.70632e+03 2.17027e-10 +0.00000e+00
 3.72759e-07 2.72462e+03 2.66618e-10 +0.00000e+00
 4.64159e-07 2.74389e+03 3.26999e-10 +0.00000e+00
 5.77969e-07 2.76394e+03 4.00322e-10 +0.00000e+00
 7.19686e-07 2.78455e+03 4.89140e-10 +0.00000e+00
 8.96151e-07 2.80554e+03 5.96374e-10 +0.00000e+00
 1.11588e-06 2.82670e+03 7.25461e-10 +0.00000e+00
 1.38950e-06 2.84787e+03 8.80267e-10 +0.00000e+00
 1.73020e-06 2.86893e+03 1.06523e-09 +0.00000e+00
 2.15443e-06 2.88983e+03 1.28533e-09 +0.00000e+00
 2.68270e-06 2.91051e+03 1.54605e-09 +0.00000e+00
 3.34048e-06 2.93100e+03 1.85361e-09 +0.00000e+00
 4.15956e-06 2.95133e+03 2.21464e-09 +0.00000e+00
 5.17947e-06 2.97150e+03 2.63663e-09 +0.00000e+00
 6.44947e-06 2.99154e+03 3.12766e-09 +0.00000e+00
 8.03086e-06 3.01145e+03 3.69641e-09 +0.00000e+00
 1.00000e-05 3.03125e+03 4.35286e-09 +0.00000e+00
 1.24520e-05 3.05094e+03 5.10752e-09 +0.00000e+00
 1.55052e-05 3.07047e+03 5.97207e-09 +0.00000e+00
 1.93070e-05 3.08982e+03 6.96021e-09 +0.00000e+00
 2.40410e-05 3.10898e+03 8.08630e-09 +0.00000e+00
 2.99358e-05 3.12797e+03 9.36644e-09 +0.00000e+00
 3.72759e-05 3.14681e+03 1.08196e-08 +0.00000e+00
 4.64159e-05 3.16538e+03 1.24667e-08 +0.00000e+00
 5.77969e-05 3.18364e+03 1.43312e-08 +0.00000e+00
 7.19686e-05 3.20159e+03 1.64418e-08 +0.00000e+00
 8.96151e-05 3.21919e+03 1.88299e-08 +0.00000e+00
 1.11588e-04 3.23636e+03 2.15297e-08 +0.00000e+00
 1.38950e-04 3.25315e+03 2.45855e-08 +0.00000e+00
 1.73020e-04 3.26960e+03 2.80437e-08 +0.00000e+00
 2.15443e-04 3.28568e+03 3.19556e-08 +0.00000e+00
 2.68270e-04 3.30138e+03 3.63849e-08 +0.00000e+00
 3.34048e-04 3.31674e+03 4.14054e-08 +0.00000e+00
 4.15956e-04 3.33177e+03 4.70972e-08 +0.00000e+00
 5.17947e-04 3.34654e+03 5.35415e-08 +0.00000e+00
 6.44947e-04 3.36113e+03 6.08546e-08 +0.00000e+00
 8.03086e-04 3.37562e+03 6.91518e-08 +0.00000e+00
 1.00000e-03 3.39011e+03 7.85505e-08 +0.00000e+00
 1.24520e-03 3.40462e+03 8.92007e-08 -2.54553e-07
 1.55052e-03 3.41931e+03 1.01276e-07 -3.16969e-07
 1.93070e-03 3.43423e+03 1.14957e-07 -3.94689e-07
 2.40410e-03 3.44943e+03 1.30401e-07 -4.91465e-07
 2.99358e-03 3.46505e+03 1.47868e-07 -6.11972e-07
 3.72759e-03 3.48116e+03 1.67605e-07 -7.62026e-07
 4.64159e-03 3.49798e+03 1.89831e-07 -9.48870e-07
 5.77969e-03 3.51559e+03 2.14762e-07 -1.18153e-06
 7.19686e-03 3.53416e+03 2.42755e-07 -1.47124e-06
 8.96151e-03 3.55383e+03 2.74091e-07 -1.83198e-06
 1.11588e-02 3.57474e+03 3.08938e-07 -2.28118e-06
 1.38950e-02 3.59702e+03 3.47615e-07 -2.84052e-06
 1.73020e-02 3.62082e+03 3.90479e-07 -3.53700e-06
 2.15443e-02 3.64633e+03 4.37769e-07 -4.40427e-06
 2.68270e-02 3.67377e+03 4.89433e-07 -5.48420e-06
 3.34048e-02 3.70334e+03 5.45840e-07 -6.82890e-06
 4.15956e-02 3.73537e+03 6.07136e-07 -8.50333e-06
 5.17947e-02 3.77051e+03 6.73129e-07 -1.05883e-05
 6.44947e-02 3.80871e+03 7.43479e-07 -1.31845e-05
 8.03086e-02 3.85019e+03 8.18448e-07 -1.64173e-05
 1.00000e-01 3.89371e+03 8.98771e-07 -2.04428e-05
 1.24520e-01 3.93895e+03 9.84945e-07 -2.54553e-05
 1.55052e-01 3.98621e+03 1.07704e-06 -3.16969e-05
 1.93070e-01 4.03606e+03 1.17556e-06 -3.94689e-05
 2.40410e-01 4.09175e+03 1.27912e-06 +7.47891e-05
 2.99358e-01 4.15253e+03 1.38807e-06 +1.04835e-03
 3.72759e-01 4.21640e+03 1.50401e-06 +2.19890e-03
 4.64159e-01 4.28457e+03 1.62701e-06 +3.60197e-03
 5.77969e-01 4.35814e+03 1.75775e-06 +5.40275e-03
 7.19686e-01 4.43797e+03 1.89644e-06 +7.75004e-03
 8.96151e-01 4.52454e+03 2.04345e-06 +1.07068e-02
 1.11588e+00 4.61841e+03 2.19881e-06 +1.41939e-02
 1.38950e+00 4.72040e+03 2.36189e-06 +1.84792e-02
 1.73020e+00 4.83107e+03 2.53038e-06 +2.37926e-02
 2.15443e+00 4.95030e+03 2.69980e-06 +3.07875e-02
 2.68270e+00 5.07574e+03 2.86516e-06 +4.03746e-02
 3.34048e+00 5.20378e+03 3.02227e-06 +4.88061e-02
 4.15956e+00 5.33049e+03 3.16948e-06 +5.35374e-02
 5.17947e+00 5.45421e+03 3.30698e-06 +5.77565e-02
 6.44947e+00 5.57469e+03 3.43592e-06 +6.13375e-02
 8.03086e+00 5.69235e+03 3.55784e-06 +6.43118e-02
 1.00000e+01 5.80783e+03 3.67427e-06 +6.67600e-02
 1.24520e+01 5.92179e+03 3.78660e-06 +6.87827e-02
 1.55052e+01 6.03472e+03 3.89588e-06 +7.04690e-02
 1.93070e+01 6.14698e+03 4.00310e-06 +7.18788e-02
 2.40410e+01 6.25899e+03 4.10975e-06 +7.30482e-02
 2.99358e+01 6.37129e+03 4.21653e-06 +7.40180e-02
 3.72759e+01 6.48433e+03 4.32407e-06 +7.48314e-02
 4.64159e+01 6.59843e+03 4.43297e-06 +7.55165e-02
 5.77969e+01 6.71391e+03 4.54375e-06 +7.60948e-02
 7.19686e+01 6.83103e+03 4.65689e-06 +7.65863e-02
 8.96151e+01 6.94999e+03 4.77287e-06 +7.70047e-02
 1.11588e+02 7.07095e+03 4.89220e-06 +7.73622e-02
 1.38950e+02 7.19408e+03 5.01533e-06 +7.76681e-02
 1.73020e+02 7.31951e+03 5.14276e-06 +7.79306e-02
 2.15443e+02 7.44730e+03 5.27500e-06 +7.81571e-02
 2.68270e+02 7.57749e+03 5.41261e-06 +7.83521e-02
 3.34048e+02 7.71011e+03 5.55621e-06 +7.85202e-02
 4.15956e+02 7.84519e+03 5.70643e-06 +7.86647e-02
 5.17947e+02 7.98278e+03 5.86391e-06 +7.87895e-02
 6.44947e+02 8.12293e+03 6.02931e-06 +7.88973e-02
 8.03086e+02 8.26563e+03 6.20339e-06 +7.89902e-02
 1.00000e+03 8.41090e+03 6.38692e-06 +7.90701e-02
