#n1=128 n2=4 Teff=04400 R=1.7137e+11 L=7.8460e+33 logg=+3.50
#   tau          T          rho         Fconv
 0.00000e+00 3.30611e+03 4.43529e-21 +0.00000e+00
 1.00000e-09 3.30611e+03 5.96266e-14 +0.00000e+00
 1.24520e-09 3.30628e+03 7.43689e-14 +0.00000e+00
 1.55052e-09 3.30645e+03 9.27412e-14 +0.00000e+00
 1.93070e-09 3.30662e+03 1.15636e-13 +0.00000e+00
 2.40410e-09 3.30679e+03 1.44163e-13 +0.00000e+00
 2.99358e-09 3.30696e+03 1.79708e-13 +0.00000e+00
 3.72759e-09 3.30713e+03 2.23994e-13 +0.00000e+00
 4.64159e-09 3.30730e+03 2.79167e-13 +0.00000e+00
 5.77969e-09 3.30747e+03 3.47901e-13 +0.00000e+00
 7.19686e-09 3.30764e+03 4.33527e-13 +0.00000e+00
 8.96151e-09 3.30782e+03 5.40189e-13 +0.00000e+00
 1.11588e-08 3.30800e+03 6.73054e-13 +0.00000e+00
 1.38950e-08 3.30818e+03 8.38551e-13 +0.00000e+00
 1.73020e-08 3.30837e+03 1.04469e-12 +0.00000e+00
 2.15443e-08 3.30856e+03 1.30144e-12 +0.00000e+00
 2.68270e-08 3.30876e+03 1.62123e-12 +0.00000e+00
 3.34048e-08 3.30897e+03 2.01951e-12 +0.00000e+00
 4.15956e-08 3.30918e+03 2.51555e-12 +0.00000e+00
 5.17947e-08 3.30941e+03 3.13332e-12 +0.00000e+00
 6.44947e-08 3.30964e+03 3.90268e-12 +0.00000e+00
 8.03086e-08 3.30988e+03 4.86081e-12 +0.00000e+00
 1.00000e-07 3.31012e+03 6.05400e-12 +0.00000e+00
 1.24520e-07 3.31038e+03 7.53989e-12 +0.00000e+00
 1.55052e-07 3.31063e+03 9.39026e-12 +0.00000e+00
 1.93070e-07 3.31089e+03 1.16944e-11 +0.00000e+00
 2.40410e-07 3.31113e+03 1.45637e-11 +0.00000e+00
 2.99358e-07 3.31139e+03 1.81366e-11 +0.00000e+00
 3.72759e-07 3.31161e+03 2.25856e-11 +0.00000e+00
 4.64159e-07 3.31184e+03 2.81254e-11 +0.00000e+00
 5.77969e-07 3.31203e+03 3.50234e-11 +0.00000e+00
 7.19686e-07 3.31221e+03 4.36123e-11 +0.00000e+00
 8.96151e-07 3.31234e+03 5.43067e-11 +0.00000e+00
 1.11588e-06 3.31246e+03 6.76217e-11 +0.00000e+00
 1.38950e-06 3.31253e+03 8.41994e-11 +0.00000e+00
 1.73020e-06 3.31263e+03 1.04836e-10 +0.00000e+00
 2.15443e-06 3.31278e+03 1.30523e-10 +0.00000e+00
 2.68270e-06 3.31314e+03 1.62486e-10 +0.00000e+00
 3.34048e-06 3.31387e+03 2.02240e-10 +0.00000e+00
 4.15956e-06 3.31526e+03 2.51651e-10 +0.00000e+00
 5.17947e-06 3.31766e+03 3.13011e-10 +0.00000e+00
 6.44947e-06 3.32149e+03 3.89119e-10 +0.00000e+00
 8.03086e-06 3.32722e+03 4.83387e-10 +0.00000e+00
 1.00000e-05 3.33522e+03 5.99971e-10 +0.00000e+00
 1.24520e-05 3.34585e+03 7.43916e-10 +0.00000e+00
 1.55052e-05 3.35928e+03 9.21350e-10 +0.00000e+00
 1.93070e-05 3.37556e+03 1.13971e-09 +0.00000e+00
 2.40410e-05 3.39462e+03 1.40800e-09 +0.00000e+00
 2.99358e-05 3.41619e+03 1.73711e-09 +0.00000e+00
 3.72759e-05 3.43994e+03 2.14015e-09 +0.00000e+00
 4.64159e-05 3.46537e+03 2.63285e-09 +0.00000e+00
 5.77969e-05 3.49195e+03 3.23400e-09 +0.00000e+00
 7.19686e-05 3.51899e+03 3.96590e-09 +0.00000e+00
 8.96151e-05 3.54580e+03 4.85492e-09 +0.00000e+00
 1.11588e-04 3.57166e+03 5.93211e-09 +0.00000e+00
 1.38950e-04 3.59589e+03 7.23406e-09 +0.00000e+00
 1.73020e-04 3.61801e+03 8.80355e-09 +0.00000e+00
 2.15443e-04 3.63777e+03 1.06908e-08 +0.00000e+00
 2.68270e-04 3.65526e+03 1.29538e-08 +0.00000e+00
 3.34048e-04 3.67078e+03 1.56593e-08 +0.00000e+00
 4.15956e-04 3.68475e+03 1.88834e-08 +0.00000e+00
 5.17947e-04 3.69753e+03 2.27124e-08 +0.00000e+00
 6.44947e-04 3.70931e+03 2.72464e-08 +0.00000e+00
 8.03086e-04 3.72019e+03 3.25993e-08 +0.00000e+00
 1.00000e-03 3.73017e+03 3.89039e-08 +0.00000e+00
 1.24520e-03 3.73929e+03 4.63140e-08 -2.54465e-07
 1.55052e-03 3.74763e+03 5.50055e-08 -3.16859e-07
 1.93070e-03 3.75527e+03 6.51859e-08 -3.94552e-07
 2.40410e-03 3.76236e+03 7.70860e-08 -4.91296e-07
 2.99358e-03 3.76905e+03 9.09772e-08 -6.11760e-07
 3.72759e-03 3.77552e+03 1.07164e-07 -7.61758e-07
 4.64159e-03 3.78194e+03 1.25985e-07 -9.48543e-07
 5.77969e-03 3.78846e+03 1.47836e-07 -1.18112e-06
 7.19686e-03 3.79525e+03 1.73142e-07 -1.47073e-06
 8.96151e-03 3.80249e+03 2.02371e-07 -1.83135e-06
 1.11588e-02 3.81037e+03 2.36052e-07 -2.28039e-06
 1.38950e-02 3.81912e+03 2.74719e-07 -2.83953e-06
 1.73020e-02 3.82898e+03 3.18905e-07 -3.53578e-06
 2.15443e-02 3.84019e+03 3.69206e-07 -4.40274e-06
 2.68270e-02 3.85305e+03 4.26120e-07 -5.48228e-06
 3.34048e-02 3.86787e+03 4.89971e-07 -6.82653e-06
 4.15956e-02 3.88502e+03 5.61121e-07 -8.50035e-06
 5.17947e-02 3.90493e+03 6.39634e-07 -1.05846e-05
 6.44947e-02 3.92807e+03 7.24899e-07 -1.31799e-05
 8.03086e-02 3.95502e+03 8.16258e-07 -1.64116e-05
 1.00000e-01 3.98651e+03 9.12368e-07 -2.04357e-05
 1.24520e-01 4.02339e+03 1.01104e-06 -2.54465e-05
 1.55052e-01 4.06652e+03 1.10903e-06 -3.16859e-05
 1.93070e-01 4.11694e+03 1.20315e-06 +4.31666e-04
 2.40410e-01 4.17598e+03 1.28915e-06 +2.88740e-03
 2.99358e-01 4.23237e+03 1.37217e-06 +5.00200e-03
 3.72759e-01 4.28769e+03 1.45267e-06 +7.40065e-03
 4.64159e-01 4.34261e+03 1.53091e-06 +9.98885e-03
 5.77969e-01 4.39756e+03 1.60742e-06 +1.29196e-02
 7.19686e-01 4.45293e+03 1.68248e-06 +1.66746e-02
 8.96151e-01 4.50887e+03 1.75634e-06 +2.08252e-02
 1.11588e+00 4.56554e+03 1.82923e-06 +2.53447e-02
 1.38950e+00 4.62331e+03 1.90117e-06 +3.14618e-02
 1.73020e+00 4.68255e+03 1.97209e-06 +3.89805e-02
 2.15443e+00 4.74363e+03 2.04182e-06 +4.82538e-02
 2.68270e+00 4.80696e+03 2.11005e-06 +5.97028e-02
 3.34048e+00 4.87283e+03 2.17658e-06 +6.75103e-02
 4.15956e+00 4.94038e+03 2.24188e-06 +6.92380e-02
 5.17947e+00 5.00949e+03 2.30618e-06 +7.07182e-02
 6.44947e+00 5.08014e+03 2.36970e-06 +7.19877e-02
 8.03086e+00 5.15237e+03 2.43261e-06 +7.30691e-02
 1.00000e+01 5.22626e+03 2.49507e-06 +7.39914e-02
 1.24520e+01 5.30186e+03 2.55721e-06 +7.47798e-02
 1.55052e+01 5.37921e+03 2.61920e-06 +7.54543e-02
 1.93070e+01 5.45837e+03 2.68119e-06 +7.60319e-02
 2.40410e+01 5.53938e+03 2.74331e-06 +7.65257e-02
 2.99358e+01 5.62233e+03 2.80571e-06 +7.69481e-02
 3.72759e+01 5.70728e+03 2.86850e-06 +7.73094e-02
 4.64159e+01 5.79431e+03 2.93182e-06 +7.76198e-02
 5.77969e+01 5.88346e+03 2.99582e-06 +7.78865e-02
 7.19686e+01 5.97476e+03 3.06065e-06 +7.81160e-02
 8.96151e+01 6.06819e+03 3.12626e-06 +7.83150e-02
 1.11588e+02 6.16368e+03 3.19309e-06 +7.84862e-02
 1.38950e+02 6.26128e+03 3.26147e-06 +7.86329e-02
 1.73020e+02 6.36112e+03 3.33157e-06 +7.87585e-02
 2.15443e+02 6.46329e+03 3.40356e-06 +7.88662e-02
 2.68270e+02 6.56786e+03 3.47764e-06 +7.89589e-02
 3.34048e+02 6.67490e+03 3.55404e-06 +7.90384e-02
 4.15956e+02 6.78449e+03 3.63294e-06 +7.91071e-02
 5.17947e+02 6.89669e+03 3.71459e-06 +7.91659e-02
 6.44947e+02 7.01153e+03 3.79923e-06 +7.92167e-02
 8.03086e+02 7.12906e+03 3.88714e-06 +7.92609e-02
 1.00000e+03 7.24934e+03 3.97860e-06 +7.92990e-02
