#n1=128 n2=4 Teff=04300 R=1.2149e+12 L=3.5887e+35 logg=+2.00
#   tau          T          rho         Fconv
 0.00000e+00 2.05418e+03 7.36694e-21 +0.00000e+00
 1.00000e-09 2.05418e+03 3.00793e-15 +0.00000e+00
 1.24520e-09 2.06166e+03 3.73541e-15 +0.00000e+00
 1.55052e-09 2.07037e+03 4.63581e-15 +0.00000e+00
 1.93070e-09 2.07875e+03 5.75386e-15 +0.00000e+00
 2.40410e-09 2.08805e+03 7.13817e-15 +0.00000e+00
 2.99358e-09 2.09697e+03 8.85691e-15 +0.00000e+00
 3.72759e-09 2.10666e+03 1.09853e-14 +0.00000e+00
 4.64159e-09 2.11614e+03 1.36264e-14 +0.00000e+00
 5.77969e-09 2.12626e+03 1.68974e-14 +0.00000e+00
 7.19686e-09 2.13639e+03 2.09534e-14 +0.00000e+00
 8.96151e-09 2.14713e+03 2.59758e-14 +0.00000e+00
 1.11588e-08 2.15810e+03 3.21987e-14 +0.00000e+00
 1.38950e-08 2.16969e+03 3.99013e-14 +0.00000e+00
 1.73020e-08 2.18181e+03 4.94352e-14 +0.00000e+00
 2.15443e-08 2.19464e+03 6.12280e-14 +0.00000e+00
 2.68270e-08 2.20842e+03 7.58020e-14 +0.00000e+00
 3.34048e-08 2.22318e+03 9.38050e-14 +0.00000e+00
 4.15956e-08 2.23950e+03 1.16004e-13 +0.00000e+00
 5.17947e-08 2.25725e+03 1.43367e-13 +0.00000e+00
 6.44947e-08 2.27714e+03 1.77020e-13 +0.00000e+00
 8.03086e-08 2.29875e+03 2.18412e-13 +0.00000e+00
 1.00000e-07 2.32257e+03 2.69230e-13 +0.00000e+00
 1.24520e-07 2.34780e+03 3.31679e-13 +0.00000e+00
 1.55052e-07 2.37448e+03 4.08370e-13 +0.00000e+00
 1.93070e-07 2.40169e+03 5.02683e-13 +0.00000e+00
 2.40410e-07 2.42932e+03 6.18665e-13 +0.00000e+00
 2.99358e-07 2.45665e+03 7.61474e-13 +0.00000e+00
 3.72759e-07 2.48271e+03 9.37687e-13 +0.00000e+00
 4.64159e-07 2.50967e+03 1.15415e-12 +0.00000e+00
 5.77969e-07 2.53639e+03 1.42054e-12 +0.00000e+00
 7.19686e-07 2.56267e+03 1.74841e-12 +0.00000e+00
 8.96151e-07 2.58851e+03 2.15185e-12 +0.00000e+00
 1.11588e-06 2.61380e+03 2.64818e-12 +0.00000e+00
 1.38950e-06 2.63859e+03 3.25847e-12 +0.00000e+00
 1.73020e-06 2.66274e+03 4.00868e-12 +0.00000e+00
 2.15443e-06 2.68641e+03 4.92990e-12 +0.00000e+00
 2.68270e-06 2.70973e+03 6.05981e-12 +0.00000e+00
 3.34048e-06 2.73244e+03 7.44472e-12 +0.00000e+00
 4.15956e-06 2.75459e+03 9.13993e-12 +0.00000e+00
 5.17947e-06 2.77620e+03 1.12116e-11 +0.00000e+00
 6.44947e-06 2.79724e+03 1.37391e-11 +0.00000e+00
 8.03086e-06 2.81769e+03 1.68165e-11 +0.00000e+00
 1.00000e-05 2.83755e+03 2.05550e-11 +0.00000e+00
 1.24520e-05 2.85684e+03 2.50848e-11 +0.00000e+00
 1.55052e-05 2.87555e+03 3.05579e-11 +0.00000e+00
 1.93070e-05 2.89370e+03 3.71506e-11 +0.00000e+00
 2.40410e-05 2.91140e+03 4.50633e-11 +0.00000e+00
 2.99358e-05 2.92865e+03 5.45273e-11 +0.00000e+00
 3.72759e-05 2.94542e+03 6.58048e-11 +0.00000e+00
 4.64159e-05 2.96180e+03 7.91905e-11 +0.00000e+00
 5.77969e-05 2.97788e+03 9.50127e-11 +0.00000e+00
 7.19686e-05 2.99344e+03 1.13651e-10 +0.00000e+00
 8.96151e-05 3.00856e+03 1.35525e-10 +0.00000e+00
 1.11588e-04 3.02346e+03 1.61087e-10 +0.00000e+00
 1.38950e-04 3.03817e+03 1.90851e-10 +0.00000e+00
 1.73020e-04 3.05266e+03 2.25389e-10 +0.00000e+00
 2.15443e-04 3.06712e+03 2.65313e-10 +0.00000e+00
 2.68270e-04 3.08161e+03 3.11315e-10 +0.00000e+00
 3.34048e-04 3.09605e+03 3.64164e-10 +0.00000e+00
 4.15956e-04 3.11054e+03 4.24704e-10 +0.00000e+00
 5.17947e-04 3.12535e+03 4.93831e-10 +0.00000e+00
 6.44947e-04 3.14061e+03 5.72501e-10 +0.00000e+00
 8.03086e-04 3.15644e+03 6.61760e-10 +0.00000e+00
 1.00000e-03 3.17282e+03 7.62789e-10 +0.00000e+00
 1.24520e-03 3.18964e+03 8.76885e-10 -2.55043e-07
 1.55052e-03 3.20741e+03 1.00527e-09 -3.17579e-07
 1.93070e-03 3.22617e+03 1.14933e-09 -3.95448e-07
 2.40410e-03 3.24583e+03 1.31061e-09 -4.92410e-07
 2.99358e-03 3.26655e+03 1.49064e-09 -6.13148e-07
 3.72759e-03 3.28856e+03 1.69100e-09 -7.63491e-07
 4.64159e-03 3.31171e+03 1.91351e-09 -9.50694e-07
 5.77969e-03 3.33604e+03 2.16004e-09 -1.18380e-06
 7.19686e-03 3.36164e+03 2.43254e-09 -1.47407e-06
 8.96151e-03 3.38853e+03 2.73312e-09 -1.83551e-06
 1.11588e-02 3.41643e+03 3.06436e-09 -2.28557e-06
 1.38950e-02 3.44534e+03 3.42898e-09 -2.84598e-06
 1.73020e-02 3.47502e+03 3.83037e-09 -3.54380e-06
 2.15443e-02 3.50637e+03 4.27045e-09 -4.41274e-06
 2.68270e-02 3.53971e+03 4.75162e-09 -5.49474e-06
 3.34048e-02 3.57678e+03 5.27329e-09 -6.84203e-06
 4.15956e-02 3.61646e+03 5.83846e-09 -8.51968e-06
 5.17947e-02 3.65615e+03 6.45502e-09 -1.06087e-05
 6.44947e-02 3.69021e+03 7.14325e-09 -1.32099e-05
 8.03086e-02 3.71397e+03 7.93418e-09 -1.64489e-05
 1.00000e-01 3.74165e+03 8.81136e-09 -2.04821e-05
 1.24520e-01 3.77797e+03 9.76307e-09 -2.55043e-05
 1.55052e-01 3.83112e+03 1.07554e-08 -3.17579e-05
 1.93070e-01 3.90620e+03 1.17507e-08 -3.95448e-05
 2.40410e-01 3.99000e+03 1.27789e-08 -4.92410e-05
 2.99358e-01 4.07954e+03 1.38586e-08 -6.13148e-05
 3.72759e-01 4.16370e+03 1.50525e-08 -7.63491e-05
 4.64159e-01 4.25987e+03 1.63231e-08 -9.50694e-05
 5.77969e-01 4.38943e+03 1.75987e-08 -1.18380e-04
 7.19686e-01 4.52224e+03 1.90284e-08 -1.47407e-04
 8.96151e-01 4.67145e+03 2.06028e-08 -1.83551e-04
 1.11588e+00 4.83245e+03 2.23831e-08 -2.28557e-04
 1.38950e+00 4.99446e+03 2.44147e-08 -2.84598e-04
 1.73020e+00 5.20826e+03 2.63247e-08 -3.54380e-04
 2.15443e+00 5.43883e+03 2.79818e-08 -4.41274e-04
 2.68270e+00 5.70524e+03 2.89638e-08 -5.49190e-04
 3.34048e+00 5.91496e+03 2.98354e-08 -6.05215e-04
 4.15956e+00 6.29968e+03 2.93478e-08 -3.58129e-05
 5.17947e+00 6.68690e+03 2.84493e-08 +8.07711e-03
 6.44947e+00 6.90022e+03 2.81988e-08 +1.93582e-02
 8.03086e+00 7.09908e+03 2.79611e-08 +3.13739e-02
 1.00000e+01 7.28075e+03 2.77650e-08 +4.13620e-02
 1.24520e+01 7.44724e+03 2.76139e-08 +4.95575e-02
 1.55052e+01 7.59915e+03 2.75149e-08 +5.62560e-02
 1.93070e+01 7.73834e+03 2.74686e-08 +6.13696e-02
 2.40410e+01 7.86762e+03 2.74707e-08 +6.52288e-02
 2.99358e+01 7.98947e+03 2.75170e-08 +6.81469e-02
 3.72759e+01 8.10596e+03 2.76040e-08 +7.03832e-02
 4.64159e+01 8.21859e+03 2.77296e-08 +7.21276e-02
 5.77969e+01 8.32846e+03 2.78930e-08 +7.35060e-02
 7.19686e+01 8.43644e+03 2.80941e-08 +7.46058e-02
 8.96151e+01 8.54327e+03 2.83330e-08 +7.54854e-02
 1.11588e+02 8.64962e+03 2.86094e-08 +7.61982e-02
 1.38950e+02 8.75593e+03 2.89240e-08 +7.67837e-02
 1.73020e+02 8.86241e+03 2.92785e-08 +7.72701e-02
 2.15443e+02 8.96907e+03 2.96754e-08 +7.76768e-02
 2.68270e+02 9.07601e+03 3.01176e-08 +7.80143e-02
 3.34048e+02 9.18333e+03 3.06078e-08 +7.82960e-02
 4.15956e+02 9.29102e+03 3.11499e-08 +7.85317e-02
 5.17947e+02 9.39903e+03 3.17489e-08 +7.87301e-02
 6.44947e+02 9.50720e+03 3.24105e-08 +7.88960e-02
 8.03086e+02 9.61549e+03 3.31414e-08 +7.90351e-02
 1.00000e+03 9.72387e+03 3.39489e-08 +7.91508e-02
