#n1=128 n2=4 Teff=04100 R=1.4485e+10 L=4.2253e+31 logg=+5.50
#   tau          T          rho         Fconv
 0.00000e+00 3.38905e+03 4.25926e-21 +0.00000e+00
 1.00000e-09 3.38905e+03 5.96550e-12 +0.00000e+00
 1.24520e-09 3.38790e+03 7.43243e-12 +0.00000e+00
 1.55052e-09 3.38661e+03 9.26010e-12 +0.00000e+00
 1.93070e-09 3.38518e+03 1.15372e-11 +0.00000e+00
 2.40410e-09 3.38358e+03 1.43745e-11 +0.00000e+00
 2.99358e-09 3.38182e+03 1.79098e-11 +0.00000e+00
 3.72759e-09 3.37986e+03 2.23151e-11 +0.00000e+00
 4.64159e-09 3.37771e+03 2.78046e-11 +0.00000e+00
 5.77969e-09 3.37531e+03 3.46459e-11 +0.00000e+00
 7.19686e-09 3.37269e+03 4.31719e-11 +0.00000e+00
 8.96151e-09 3.36979e+03 5.37987e-11 +0.00000e+00
 1.11588e-08 3.36663e+03 6.70441e-11 +0.00000e+00
 1.38950e-08 3.36314e+03 8.35557e-11 +0.00000e+00
 1.73020e-08 3.35936e+03 1.04139e-10 +0.00000e+00
 2.15443e-08 3.35521e+03 1.29801e-10 +0.00000e+00
 2.68270e-08 3.35075e+03 1.61796e-10 +0.00000e+00
 3.34048e-08 3.34595e+03 2.01687e-10 +0.00000e+00
 4.15956e-08 3.34084e+03 2.51422e-10 +0.00000e+00
 5.17947e-08 3.33549e+03 3.13425e-10 +0.00000e+00
 6.44947e-08 3.33000e+03 3.90706e-10 +0.00000e+00
 8.03086e-08 3.32452e+03 4.86996e-10 +0.00000e+00
 1.00000e-07 3.31923e+03 6.06913e-10 +0.00000e+00
 1.24520e-07 3.31438e+03 7.56151e-10 +0.00000e+00
 1.55052e-07 3.31012e+03 9.41752e-10 +0.00000e+00
 1.93070e-07 3.30666e+03 1.17236e-09 +0.00000e+00
 2.40410e-07 3.30414e+03 1.45864e-09 +0.00000e+00
 2.99358e-07 3.30262e+03 1.81365e-09 +0.00000e+00
 3.72759e-07 3.30229e+03 2.25335e-09 +0.00000e+00
 4.64159e-07 3.30317e+03 2.79727e-09 +0.00000e+00
 5.77969e-07 3.30545e+03 3.46899e-09 +0.00000e+00
 7.19686e-07 3.30921e+03 4.29714e-09 +0.00000e+00
 8.96151e-07 3.31465e+03 5.31590e-09 +0.00000e+00
 1.11588e-06 3.32187e+03 6.56642e-09 +0.00000e+00
 1.38950e-06 3.33104e+03 8.09696e-09 +0.00000e+00
 1.73020e-06 3.34226e+03 9.96507e-09 +0.00000e+00
 2.15443e-06 3.35559e+03 1.22370e-08 +0.00000e+00
 2.68270e-06 3.37098e+03 1.49913e-08 +0.00000e+00
 3.34048e-06 3.38825e+03 1.83173e-08 +0.00000e+00
 4.15956e-06 3.40715e+03 2.23187e-08 +0.00000e+00
 5.17947e-06 3.42733e+03 2.71143e-08 +0.00000e+00
 6.44947e-06 3.44843e+03 3.28360e-08 +0.00000e+00
 8.03086e-06 3.47004e+03 3.96385e-08 +0.00000e+00
 1.00000e-05 3.49174e+03 4.76876e-08 +0.00000e+00
 1.24520e-05 3.51313e+03 5.71798e-08 +0.00000e+00
 1.55052e-05 3.53378e+03 6.83339e-08 +0.00000e+00
 1.93070e-05 3.55334e+03 8.13937e-08 +0.00000e+00
 2.40410e-05 3.57149e+03 9.66639e-08 +0.00000e+00
 2.99358e-05 3.58800e+03 1.14480e-07 +0.00000e+00
 3.72759e-05 3.60275e+03 1.35249e-07 +0.00000e+00
 4.64159e-05 3.61571e+03 1.59473e-07 +0.00000e+00
 5.77969e-05 3.62700e+03 1.87697e-07 +0.00000e+00
 7.19686e-05 3.63684e+03 2.20603e-07 +0.00000e+00
 8.96151e-05 3.64551e+03 2.59002e-07 +0.00000e+00
 1.11588e-04 3.65336e+03 3.03713e-07 +0.00000e+00
 1.38950e-04 3.66071e+03 3.55784e-07 +0.00000e+00
 1.73020e-04 3.66778e+03 4.16478e-07 +0.00000e+00
 2.15443e-04 3.67478e+03 4.86952e-07 +0.00000e+00
 2.68270e-04 3.68183e+03 5.68803e-07 +0.00000e+00
 3.34048e-04 3.68896e+03 6.64021e-07 +0.00000e+00
 4.15956e-04 3.69622e+03 7.74359e-07 +0.00000e+00
 5.17947e-04 3.70364e+03 9.02047e-07 +0.00000e+00
 6.44947e-04 3.71118e+03 1.05040e-06 +0.00000e+00
 8.03086e-04 3.71878e+03 1.22234e-06 +0.00000e+00
 1.00000e-03 3.72636e+03 1.42058e-06 +0.00000e+00
 1.24520e-03 3.73379e+03 1.65118e-06 -2.54513e-07
 1.55052e-03 3.74082e+03 1.91992e-06 -3.16919e-07
 1.93070e-03 3.74716e+03 2.22977e-06 -3.94627e-07
 2.40410e-03 3.75253e+03 2.59308e-06 -4.91388e-07
 2.99358e-03 3.75647e+03 3.02156e-06 -6.11875e-07
 3.72759e-03 3.75844e+03 3.52509e-06 -7.61904e-07
 4.64159e-03 3.75792e+03 4.12642e-06 -9.48719e-07
 5.77969e-03 3.75414e+03 4.85622e-06 -1.18135e-06
 7.19686e-03 3.74633e+03 5.74723e-06 -1.47101e-06
 8.96151e-03 3.73341e+03 6.85574e-06 -1.83169e-06
 1.11588e-02 3.71401e+03 8.27974e-06 -2.28082e-06
 1.38950e-02 3.68754e+03 1.01354e-05 -2.84007e-06
 1.73020e-02 3.65409e+03 1.26163e-05 -3.53645e-06
 2.15443e-02 3.61881e+03 1.59741e-05 -4.40358e-06
 2.68270e-02 3.59694e+03 2.01854e-05 -5.48332e-06
 3.34048e-02 3.60197e+03 2.49791e-05 -6.82781e-06
 4.15956e-02 3.63540e+03 2.97682e-05 -8.50195e-06
 5.17947e-02 3.68456e+03 3.42030e-05 -1.05866e-05
 6.44947e-02 3.73856e+03 3.82269e-05 +1.63534e-02
 8.03086e-02 3.78486e+03 4.21201e-05 +9.28121e-03
 1.00000e-01 3.82745e+03 4.59586e-05 +9.00427e-03
 1.24520e-01 3.86747e+03 4.98249e-05 +9.41606e-03
 1.55052e-01 3.90567e+03 5.37605e-05 +1.02660e-02
 1.93070e-01 3.94257e+03 5.77982e-05 +1.10333e-02
 2.40410e-01 3.97873e+03 6.18830e-05 +1.50916e-02
 2.99358e-01 4.01417e+03 6.60954e-05 +1.71895e-02
 3.72759e-01 4.04905e+03 7.04741e-05 +1.56619e-02
 4.64159e-01 4.08356e+03 7.50418e-05 +1.79747e-02
 5.77969e-01 4.11785e+03 7.98195e-05 +2.07418e-02
 7.19686e-01 4.15203e+03 8.48288e-05 +2.40518e-02
 8.96151e-01 4.18620e+03 9.00003e-05 +2.80244e-02
 1.11588e+00 4.22048e+03 9.54011e-05 +3.28470e-02
 1.38950e+00 4.25493e+03 1.01079e-04 +3.87350e-02
 1.73020e+00 4.28961e+03 1.07054e-04 +4.59696e-02
 2.15443e+00 4.32458e+03 1.13346e-04 +5.49087e-02
 2.68270e+00 4.35987e+03 1.19975e-04 +6.60067e-02
 3.34048e+00 4.39551e+03 1.26954e-04 +7.32732e-02
 4.15956e+00 4.43151e+03 1.34161e-04 +7.43309e-02
 5.17947e+00 4.46789e+03 1.41765e-04 +7.52083e-02
 6.44947e+00 4.50468e+03 1.49793e-04 +7.59365e-02
 8.03086e+00 4.54190e+03 1.58274e-04 +7.65411e-02
 1.00000e+01 4.57956e+03 1.67242e-04 +7.70441e-02
 1.24520e+01 4.61769e+03 1.76730e-04 +7.74615e-02
 1.55052e+01 4.65632e+03 1.86735e-04 +7.78079e-02
 1.93070e+01 4.69549e+03 1.97104e-04 +7.80949e-02
 2.40410e+01 4.73526e+03 2.08070e-04 +7.83339e-02
 2.99358e+01 4.77564e+03 2.19672e-04 +7.85330e-02
 3.72759e+01 4.81667e+03 2.31947e-04 +7.86996e-02
 4.64159e+01 4.85835e+03 2.44939e-04 +7.88387e-02
 5.77969e+01 4.90071e+03 2.58694e-04 +7.89548e-02
 7.19686e+01 4.94377e+03 2.73189e-04 +7.90521e-02
 8.96151e+01 4.98756e+03 2.88227e-04 +7.91326e-02
 1.11588e+02 5.03214e+03 3.04141e-04 +7.92006e-02
 1.38950e+02 5.07749e+03 3.20986e-04 +7.92574e-02
 1.73020e+02 5.12366e+03 3.38820e-04 +7.93049e-02
 2.15443e+02 5.17065e+03 3.57705e-04 +7.93448e-02
 2.68270e+02 5.21850e+03 3.77707e-04 +7.93785e-02
 3.34048e+02 5.26724e+03 3.98755e-04 +7.94066e-02
 4.15956e+02 5.31693e+03 4.20619e-04 +7.94297e-02
 5.17947e+02 5.36761e+03 4.43755e-04 +7.94496e-02
 6.44947e+02 5.41931e+03 4.68234e-04 +7.94659e-02
 8.03086e+02 5.47204e+03 4.94136e-04 +7.94802e-02
 1.00000e+03 5.52585e+03 5.21551e-04 +7.94914e-02
