#n1=128 n2=4 Teff=04500 R=2.8454e+10 L=2.3654e+32 logg=+5.00
#   tau          T          rho         Fconv
 0.00000e+00 3.58936e+03 3.66260e-21 +0.00000e+00
 1.00000e-09 3.58936e+03 1.75005e-12 +0.00000e+00
 1.24520e-09 3.58950e+03 2.18306e-12 +0.00000e+00
 1.55052e-09 3.58961e+03 2.72264e-12 +0.00000e+00
 1.93070e-09 3.58969e+03 3.39493e-12 +0.00000e+00
 2.40410e-09 3.58975e+03 4.23247e-12 +0.00000e+00
 2.99358e-09 3.58980e+03 5.27574e-12 +0.00000e+00
 3.72759e-09 3.58985e+03 6.57516e-12 +0.00000e+00
 4.64159e-09 3.58989e+03 8.19344e-12 +0.00000e+00
 5.77969e-09 3.58992e+03 1.02086e-11 +0.00000e+00
 7.19686e-09 3.58994e+03 1.27178e-11 +0.00000e+00
 8.96151e-09 3.58996e+03 1.58418e-11 +0.00000e+00
 1.11588e-08 3.58996e+03 1.97308e-11 +0.00000e+00
 1.38950e-08 3.58996e+03 2.45717e-11 +0.00000e+00
 1.73020e-08 3.58996e+03 3.05967e-11 +0.00000e+00
 2.15443e-08 3.58995e+03 3.80946e-11 +0.00000e+00
 2.68270e-08 3.58994e+03 4.74242e-11 +0.00000e+00
 3.34048e-08 3.58993e+03 5.90314e-11 +0.00000e+00
 4.15956e-08 3.58992e+03 7.34701e-11 +0.00000e+00
 5.17947e-08 3.58992e+03 9.14280e-11 +0.00000e+00
 6.44947e-08 3.58993e+03 1.13759e-10 +0.00000e+00
 8.03086e-08 3.58995e+03 1.41522e-10 +0.00000e+00
 1.00000e-07 3.58999e+03 1.76031e-10 +0.00000e+00
 1.24520e-07 3.59005e+03 2.18915e-10 +0.00000e+00
 1.55052e-07 3.59013e+03 2.72193e-10 +0.00000e+00
 1.93070e-07 3.59024e+03 3.38363e-10 +0.00000e+00
 2.40410e-07 3.59039e+03 4.20519e-10 +0.00000e+00
 2.99358e-07 3.59058e+03 5.22484e-10 +0.00000e+00
 3.72759e-07 3.59082e+03 6.48981e-10 +0.00000e+00
 4.64159e-07 3.59112e+03 8.05841e-10 +0.00000e+00
 5.77969e-07 3.59151e+03 1.00025e-09 +0.00000e+00
 7.19686e-07 3.59201e+03 1.24104e-09 +0.00000e+00
 8.96151e-07 3.59265e+03 1.53908e-09 +0.00000e+00
 1.11588e-06 3.59347e+03 1.90769e-09 +0.00000e+00
 1.38950e-06 3.59451e+03 2.36316e-09 +0.00000e+00
 1.73020e-06 3.59585e+03 2.92536e-09 +0.00000e+00
 2.15443e-06 3.59755e+03 3.61843e-09 +0.00000e+00
 2.68270e-06 3.59971e+03 4.47161e-09 +0.00000e+00
 3.34048e-06 3.60242e+03 5.52012e-09 +0.00000e+00
 4.15956e-06 3.60581e+03 6.80608e-09 +0.00000e+00
 5.17947e-06 3.61000e+03 8.37962e-09 +0.00000e+00
 6.44947e-06 3.61514e+03 1.02997e-08 +0.00000e+00
 8.03086e-06 3.62135e+03 1.26353e-08 +0.00000e+00
 1.00000e-05 3.62876e+03 1.54656e-08 +0.00000e+00
 1.24520e-05 3.63744e+03 1.88810e-08 +0.00000e+00
 1.55052e-05 3.64748e+03 2.29827e-08 +0.00000e+00
 1.93070e-05 3.65887e+03 2.78824e-08 +0.00000e+00
 2.40410e-05 3.67150e+03 3.37026e-08 +0.00000e+00
 2.99358e-05 3.68522e+03 4.05755e-08 +0.00000e+00
 3.72759e-05 3.69970e+03 4.86459e-08 +0.00000e+00
 4.64159e-05 3.71462e+03 5.80742e-08 +0.00000e+00
 5.77969e-05 3.72958e+03 6.90391e-08 +0.00000e+00
 7.19686e-05 3.74420e+03 8.17511e-08 +0.00000e+00
 8.96151e-05 3.75814e+03 9.64578e-08 +0.00000e+00
 1.11588e-04 3.77111e+03 1.13455e-07 +0.00000e+00
 1.38950e-04 3.78293e+03 1.33111e-07 +0.00000e+00
 1.73020e-04 3.79349e+03 1.55870e-07 +0.00000e+00
 2.15443e-04 3.80279e+03 1.82259e-07 +0.00000e+00
 2.68270e-04 3.81090e+03 2.12935e-07 +0.00000e+00
 3.34048e-04 3.81797e+03 2.48675e-07 +0.00000e+00
 4.15956e-04 3.82416e+03 2.90350e-07 +0.00000e+00
 5.17947e-04 3.82971e+03 3.39048e-07 +0.00000e+00
 6.44947e-04 3.83484e+03 3.96023e-07 +0.00000e+00
 8.03086e-04 3.83974e+03 4.62581e-07 +0.00000e+00
 1.00000e-03 3.84464e+03 5.40343e-07 +0.00000e+00
 1.24520e-03 3.84971e+03 6.31212e-07 -2.54583e-07
 1.55052e-03 3.85495e+03 7.37010e-07 -3.17005e-07
 1.93070e-03 3.86051e+03 8.59962e-07 -3.94734e-07
 2.40410e-03 3.86647e+03 1.00291e-06 -4.91522e-07
 2.99358e-03 3.87274e+03 1.16840e-06 -6.12043e-07
 3.72759e-03 3.87939e+03 1.35907e-06 -7.62112e-07
 4.64159e-03 3.88656e+03 1.57908e-06 -9.48979e-07
 5.77969e-03 3.89416e+03 1.83208e-06 -1.18167e-06
 7.19686e-03 3.90218e+03 2.12028e-06 -1.47141e-06
 8.96151e-03 3.91089e+03 2.44941e-06 -1.83219e-06
 1.11588e-02 3.92038e+03 2.82480e-06 -2.28144e-06
 1.38950e-02 3.93049e+03 3.24591e-06 -2.84085e-06
 1.73020e-02 3.94184e+03 3.71916e-06 -3.53741e-06
 2.15443e-02 3.95471e+03 4.24853e-06 -4.40475e-06
 2.68270e-02 3.96942e+03 4.83293e-06 -5.48479e-06
 3.34048e-02 3.98649e+03 5.46647e-06 -6.82965e-06
 4.15956e-02 4.00682e+03 6.14812e-06 -8.50429e-06
 5.17947e-02 4.03128e+03 6.86792e-06 -1.05895e-05
 6.44947e-02 4.06076e+03 7.60356e-06 -1.31860e-05
 8.03086e-02 4.09646e+03 8.32719e-06 -1.64192e-05
 1.00000e-01 4.14003e+03 9.01021e-06 +5.89457e-03
 1.24520e-01 4.18064e+03 9.70696e-06 +5.80863e-03
 1.55052e-01 4.22020e+03 1.04199e-05 +7.47905e-03
 1.93070e-01 4.25932e+03 1.11462e-05 +8.09439e-03
 2.40410e-01 4.29816e+03 1.18869e-05 +9.83432e-03
 2.99358e-01 4.33655e+03 1.26555e-05 +1.13436e-02
 3.72759e-01 4.37477e+03 1.34562e-05 +1.41528e-02
 4.64159e-01 4.41304e+03 1.42929e-05 +1.63919e-02
 5.77969e-01 4.45152e+03 1.51697e-05 +1.74436e-02
 7.19686e-01 4.49043e+03 1.60844e-05 +2.07392e-02
 8.96151e-01 4.52981e+03 1.70301e-05 +2.48363e-02
 1.11588e+00 4.56973e+03 1.80186e-05 +2.98630e-02
 1.38950e+00 4.61030e+03 1.90528e-05 +3.60532e-02
 1.73020e+00 4.65158e+03 2.01356e-05 +4.37073e-02
 2.15443e+00 4.69367e+03 2.12702e-05 +5.32027e-02
 2.68270e+00 4.73662e+03 2.24597e-05 +6.50009e-02
 3.34048e+00 4.78043e+03 2.36959e-05 +7.27143e-02
 4.15956e+00 4.82483e+03 2.49818e-05 +7.38365e-02
 5.17947e+00 4.86986e+03 2.63289e-05 +7.47643e-02
 6.44947e+00 4.91562e+03 2.77415e-05 +7.55325e-02
 8.03086e+00 4.96224e+03 2.92237e-05 +7.61695e-02
 1.00000e+01 5.00983e+03 3.07791e-05 +7.66990e-02
 1.24520e+01 5.05852e+03 3.24110e-05 +7.71411e-02
 1.55052e+01 5.10833e+03 3.41110e-05 +7.75192e-02
 1.93070e+01 5.15915e+03 3.58777e-05 +7.78405e-02
 2.40410e+01 5.21101e+03 3.77238e-05 +7.81094e-02
 2.99358e+01 5.26401e+03 3.96542e-05 +7.83347e-02
 3.72759e+01 5.31822e+03 4.16734e-05 +7.85236e-02
 4.64159e+01 5.37377e+03 4.37852e-05 +7.86823e-02
 5.77969e+01 5.43074e+03 4.59926e-05 +7.88156e-02
 7.19686e+01 5.48924e+03 4.82925e-05 +7.89292e-02
 8.96151e+01 5.54918e+03 5.06729e-05 +7.90264e-02
 1.11588e+02 5.61063e+03 5.31492e-05 +7.91081e-02
 1.38950e+02 5.67368e+03 5.57263e-05 +7.91773e-02
 1.73020e+02 5.73843e+03 5.84079e-05 +7.92358e-02
 2.15443e+02 5.80498e+03 6.11981e-05 +7.92853e-02
 2.68270e+02 5.87339e+03 6.41002e-05 +7.93275e-02
 3.34048e+02 5.94374e+03 6.71168e-05 +7.93632e-02
 4.15956e+02 6.01609e+03 7.02126e-05 +7.93941e-02
 5.17947e+02 6.09033e+03 7.33374e-05 +7.94204e-02
 6.44947e+02 6.16662e+03 7.65645e-05 +7.94427e-02
 8.03086e+02 6.24516e+03 7.98993e-05 +7.94617e-02
 1.00000e+03 6.32607e+03 8.33468e-05 +7.94776e-02
