#n1=128 n2=4 Teff=04000 R=4.3747e+12 L=3.4861e+36 logg=+1.00
#   tau          T          rho         Fconv
 0.00000e+00 2.68673e+03 5.56142e-21 +0.00000e+00
 1.00000e-09 2.68673e+03 1.97496e-16 +0.00000e+00
 1.24520e-09 2.68680e+03 2.46426e-16 +0.00000e+00
 1.55052e-09 2.68665e+03 3.07502e-16 +0.00000e+00
 1.93070e-09 2.68632e+03 3.83736e-16 +0.00000e+00
 2.40410e-09 2.68577e+03 4.78904e-16 +0.00000e+00
 2.99358e-09 2.68495e+03 5.97732e-16 +0.00000e+00
 3.72759e-09 2.68376e+03 7.46140e-16 +0.00000e+00
 4.64159e-09 2.68209e+03 9.31555e-16 +0.00000e+00
 5.77969e-09 2.67977e+03 1.16332e-15 +0.00000e+00
 7.19686e-09 2.67656e+03 1.45322e-15 +0.00000e+00
 8.96151e-09 2.67210e+03 1.81621e-15 +0.00000e+00
 1.11588e-08 2.66583e+03 2.27140e-15 +0.00000e+00
 1.38950e-08 2.66078e+03 2.83936e-15 +0.00000e+00
 1.73020e-08 2.65144e+03 3.55507e-15 +0.00000e+00
 2.15443e-08 2.63764e+03 4.45873e-15 +0.00000e+00
 2.68270e-08 2.61898e+03 5.60257e-15 +0.00000e+00
 3.34048e-08 2.59505e+03 7.05444e-15 +0.00000e+00
 4.15956e-08 2.56586e+03 8.90139e-15 +0.00000e+00
 5.17947e-08 2.53271e+03 1.12507e-14 +0.00000e+00
 6.44947e-08 2.35805e+03 1.50758e-14 +0.00000e+00
 8.03086e-08 2.29638e+03 1.93129e-14 +0.00000e+00
 1.00000e-07 2.30596e+03 2.39924e-14 +0.00000e+00
 1.24520e-07 2.31550e+03 2.98059e-14 +0.00000e+00
 1.55052e-07 2.32509e+03 3.70268e-14 +0.00000e+00
 1.93070e-07 2.33464e+03 4.59980e-14 +0.00000e+00
 2.40410e-07 2.34422e+03 5.71420e-14 +0.00000e+00
 2.99358e-07 2.35380e+03 7.09866e-14 +0.00000e+00
 3.72759e-07 2.36341e+03 8.81852e-14 +0.00000e+00
 4.64159e-07 2.37308e+03 1.09549e-13 +0.00000e+00
 5.77969e-07 2.38278e+03 1.36089e-13 +0.00000e+00
 7.19686e-07 2.39263e+03 1.69050e-13 +0.00000e+00
 8.96151e-07 2.40254e+03 2.09995e-13 +0.00000e+00
 1.11588e-06 2.41267e+03 2.60836e-13 +0.00000e+00
 1.38950e-06 2.42470e+03 3.23738e-13 +0.00000e+00
 1.73020e-06 2.43525e+03 4.02067e-13 +0.00000e+00
 2.15443e-06 2.44590e+03 4.99340e-13 +0.00000e+00
 2.68270e-06 2.45698e+03 6.20048e-13 +0.00000e+00
 3.34048e-06 2.46825e+03 7.69901e-13 +0.00000e+00
 4.15956e-06 2.48012e+03 9.55762e-13 +0.00000e+00
 5.17947e-06 2.49227e+03 1.18639e-12 +0.00000e+00
 6.44947e-06 2.50328e+03 1.47340e-12 +0.00000e+00
 8.03086e-06 2.51658e+03 1.82820e-12 +0.00000e+00
 1.00000e-05 2.53062e+03 2.26786e-12 +0.00000e+00
 1.24520e-05 2.54510e+03 2.81287e-12 +0.00000e+00
 1.55052e-05 2.56024e+03 3.48808e-12 +0.00000e+00
 1.93070e-05 2.57581e+03 4.32484e-12 +0.00000e+00
 2.40410e-05 2.59197e+03 5.36135e-12 +0.00000e+00
 2.99358e-05 2.60853e+03 6.64554e-12 +0.00000e+00
 3.72759e-05 2.62562e+03 8.23604e-12 +0.00000e+00
 4.64159e-05 2.64316e+03 1.02060e-11 +0.00000e+00
 5.77969e-05 2.66126e+03 1.26450e-11 +0.00000e+00
 7.19686e-05 2.67992e+03 1.56645e-11 +0.00000e+00
 8.96151e-05 2.69922e+03 1.94014e-11 +0.00000e+00
 1.11588e-04 2.71923e+03 2.40247e-11 +0.00000e+00
 1.38950e-04 2.74001e+03 2.97429e-11 +0.00000e+00
 1.73020e-04 2.76167e+03 3.68124e-11 +0.00000e+00
 2.15443e-04 2.78423e+03 4.55502e-11 +0.00000e+00
 2.68270e-04 2.80776e+03 5.63455e-11 +0.00000e+00
 3.34048e-04 2.83219e+03 6.96815e-11 +0.00000e+00
 4.15956e-04 2.85737e+03 8.61562e-11 +0.00000e+00
 5.17947e-04 2.88364e+03 1.06492e-10 +0.00000e+00
 6.44947e-04 2.91057e+03 1.31605e-10 +0.00000e+00
 8.03086e-04 2.93620e+03 1.62724e-10 +0.00000e+00
 1.00000e-03 2.96306e+03 2.01124e-10 +0.00000e+00
 1.24520e-03 2.99059e+03 2.48536e-10 -2.54914e-07
 1.55052e-03 3.01639e+03 3.07317e-10 -3.17418e-07
 1.93070e-03 3.04293e+03 3.79901e-10 -3.95247e-07
 2.40410e-03 3.06828e+03 4.69809e-10 -4.92161e-07
 2.99358e-03 3.09129e+03 5.81416e-10 -6.12838e-07
 3.72759e-03 3.11386e+03 7.19574e-10 -7.63106e-07
 4.64159e-03 3.13413e+03 8.91123e-10 -9.50212e-07
 5.77969e-03 3.15373e+03 1.10361e-09 -1.18320e-06
 7.19686e-03 3.17134e+03 1.36735e-09 -1.47333e-06
 8.96151e-03 3.18836e+03 1.69395e-09 -1.83458e-06
 1.11588e-02 3.20393e+03 2.09878e-09 -2.28441e-06
 1.38950e-02 3.21922e+03 2.59950e-09 -2.84454e-06
 1.73020e-02 3.23399e+03 3.21847e-09 -3.54202e-06
 2.15443e-02 3.24857e+03 3.98268e-09 -4.41051e-06
 2.68270e-02 3.26323e+03 4.92439e-09 -5.49195e-06
 3.34048e-02 3.27833e+03 6.08265e-09 -6.83856e-06
 4.15956e-02 3.29419e+03 7.50342e-09 -8.51533e-06
 5.17947e-02 3.31094e+03 9.24211e-09 -1.06033e-05
 6.44947e-02 3.32890e+03 1.13627e-08 -1.32032e-05
 8.03086e-02 3.34868e+03 1.39375e-08 -1.64406e-05
 1.00000e-01 3.37091e+03 1.70481e-08 -2.04717e-05
 1.24520e-01 3.39625e+03 2.07813e-08 -2.54914e-05
 1.55052e-01 3.42542e+03 2.52304e-08 -3.17418e-05
 1.93070e-01 3.45903e+03 3.04839e-08 -3.95247e-05
 2.40410e-01 3.49819e+03 3.66166e-08 -4.92161e-05
 2.99358e-01 3.54438e+03 4.36585e-08 -6.12838e-05
 3.72759e-01 3.59857e+03 5.15755e-08 -7.63106e-05
 4.64159e-01 3.66180e+03 6.02174e-08 -9.50212e-05
 5.77969e-01 3.73754e+03 6.91698e-08 -1.18320e-04
 7.19686e-01 3.82667e+03 7.78166e-08 -1.47333e-04
 8.96151e-01 3.93222e+03 8.53232e-08 -1.82201e-04
 1.11588e+00 4.06472e+03 9.05801e-08 -7.50578e-05
 1.38950e+00 4.21227e+03 9.35597e-08 +2.31242e-03
 1.73020e+00 4.38059e+03 9.43064e-08 +1.33211e-02
 2.15443e+00 4.52918e+03 9.43545e-08 +2.68047e-02
 2.68270e+00 4.65768e+03 9.42423e-08 +4.09535e-02
 3.34048e+00 4.77346e+03 9.40700e-08 +5.23680e-02
 4.15956e+00 4.87855e+03 9.39272e-08 +5.81938e-02
 5.17947e+00 4.97637e+03 9.38246e-08 +6.24055e-02
 6.44947e+00 5.06963e+03 9.37554e-08 +6.55595e-02
 8.03086e+00 5.16008e+03 9.37151e-08 +6.80019e-02
 1.00000e+01 5.24893e+03 9.37013e-08 +6.99334e-02
 1.24520e+01 5.33705e+03 9.37119e-08 +7.14843e-02
 1.55052e+01 5.42513e+03 9.37456e-08 +7.27495e-02
 1.93070e+01 5.51366e+03 9.38020e-08 +7.37932e-02
 2.40410e+01 5.60302e+03 9.38813e-08 +7.46639e-02
 2.99358e+01 5.69351e+03 9.39842e-08 +7.53931e-02
 3.72759e+01 5.78539e+03 9.41115e-08 +7.60091e-02
 4.64159e+01 5.87885e+03 9.42647e-08 +7.65313e-02
 5.77969e+01 5.97403e+03 9.44458e-08 +7.69770e-02
 7.19686e+01 6.07102e+03 9.46569e-08 +7.73571e-02
 8.96151e+01 6.16993e+03 9.49007e-08 +7.76834e-02
 1.11588e+02 6.27079e+03 9.51804e-08 +7.79635e-02
 1.38950e+02 6.37359e+03 9.54999e-08 +7.82050e-02
 1.73020e+02 6.47837e+03 9.58624e-08 +7.84119e-02
 2.15443e+02 6.58512e+03 9.62720e-08 +7.85913e-02
 2.68270e+02 6.69370e+03 9.67347e-08 +7.87472e-02
 3.34048e+02 6.80389e+03 9.72578e-08 +7.88824e-02
 4.15956e+02 6.91555e+03 9.78485e-08 +7.89990e-02
 5.17947e+02 7.02848e+03 9.85145e-08 +7.90997e-02
 6.44947e+02 7.14247e+03 9.92648e-08 +7.91866e-02
 8.03086e+02 7.25732e+03 1.00108e-07 +7.92618e-02
 1.00000e+03 7.37285e+03 1.01054e-07 +7.93260e-02
