#n1=128 n2=4 Teff=04100 R=1.1584e+12 L=2.6988e+35 logg=+2.00
#   tau          T          rho         Fconv
 0.00000e+00 2.92894e+03 5.09795e-21 +0.00000e+00
 1.00000e-09 2.92894e+03 2.03175e-15 +0.00000e+00
 1.24520e-09 2.92918e+03 2.53262e-15 +0.00000e+00
 1.55052e-09 2.92940e+03 3.15686e-15 +0.00000e+00
 1.93070e-09 2.92960e+03 3.93483e-15 +0.00000e+00
 2.40410e-09 2.92979e+03 4.90439e-15 +0.00000e+00
 2.99358e-09 2.92994e+03 6.11274e-15 +0.00000e+00
 3.72759e-09 2.93007e+03 7.61867e-15 +0.00000e+00
 4.64159e-09 2.93017e+03 9.49550e-15 +0.00000e+00
 5.77969e-09 2.93022e+03 1.18346e-14 +0.00000e+00
 7.19686e-09 2.93023e+03 1.47499e-14 +0.00000e+00
 8.96151e-09 2.93018e+03 1.83834e-14 +0.00000e+00
 1.11588e-08 2.93005e+03 2.29122e-14 +0.00000e+00
 1.38950e-08 2.92985e+03 2.85571e-14 +0.00000e+00
 1.73020e-08 2.92954e+03 3.55937e-14 +0.00000e+00
 2.15443e-08 2.92911e+03 4.43654e-14 +0.00000e+00
 2.68270e-08 2.92852e+03 5.53013e-14 +0.00000e+00
 3.34048e-08 2.92774e+03 6.89368e-14 +0.00000e+00
 4.15956e-08 2.92674e+03 8.59404e-14 +0.00000e+00
 5.17947e-08 2.92543e+03 1.07148e-13 +0.00000e+00
 6.44947e-08 2.92376e+03 1.33606e-13 +0.00000e+00
 8.03086e-08 2.92159e+03 1.66623e-13 +0.00000e+00
 1.00000e-07 2.91883e+03 2.07842e-13 +0.00000e+00
 1.24520e-07 2.91522e+03 2.59331e-13 +0.00000e+00
 1.55052e-07 2.91048e+03 3.23702e-13 +0.00000e+00
 1.93070e-07 2.90335e+03 4.04381e-13 +0.00000e+00
 2.40410e-07 2.88728e+03 5.06736e-13 +0.00000e+00
 2.99358e-07 2.84758e+03 6.40284e-13 +0.00000e+00
 3.72759e-07 2.80817e+03 8.09101e-13 +0.00000e+00
 4.64159e-07 2.77993e+03 1.01851e-12 +0.00000e+00
 5.77969e-07 2.76734e+03 1.27499e-12 +0.00000e+00
 7.19686e-07 2.76399e+03 1.59074e-12 +0.00000e+00
 8.96151e-07 2.76447e+03 1.98193e-12 +0.00000e+00
 1.11588e-06 2.76766e+03 2.46687e-12 +0.00000e+00
 1.38950e-06 2.77231e+03 3.06884e-12 +0.00000e+00
 1.73020e-06 2.77803e+03 3.81624e-12 +0.00000e+00
 2.15443e-06 2.78461e+03 4.74419e-12 +0.00000e+00
 2.68270e-06 2.79194e+03 5.89621e-12 +0.00000e+00
 3.34048e-06 2.80014e+03 7.32574e-12 +0.00000e+00
 4.15956e-06 2.80906e+03 9.09959e-12 +0.00000e+00
 5.17947e-06 2.81900e+03 1.12989e-11 +0.00000e+00
 6.44947e-06 2.82975e+03 1.40259e-11 +0.00000e+00
 8.03086e-06 2.84159e+03 1.74046e-11 +0.00000e+00
 1.00000e-05 2.85431e+03 2.15908e-11 +0.00000e+00
 1.24520e-05 2.86816e+03 2.67736e-11 +0.00000e+00
 1.55052e-05 2.88294e+03 3.31904e-11 +0.00000e+00
 1.93070e-05 2.89888e+03 4.11292e-11 +0.00000e+00
 2.40410e-05 2.91575e+03 5.09513e-11 +0.00000e+00
 2.99358e-05 2.93374e+03 6.30960e-11 +0.00000e+00
 3.72759e-05 2.95256e+03 7.81151e-11 +0.00000e+00
 4.64159e-05 2.97229e+03 9.66810e-11 +0.00000e+00
 5.77969e-05 2.99266e+03 1.19636e-10 +0.00000e+00
 7.19686e-05 3.01370e+03 1.48009e-10 +0.00000e+00
 8.96151e-05 3.03524e+03 1.83081e-10 +0.00000e+00
 1.11588e-04 3.05733e+03 2.26422e-10 +0.00000e+00
 1.38950e-04 3.07992e+03 2.79973e-10 +0.00000e+00
 1.73020e-04 3.10312e+03 3.46110e-10 +0.00000e+00
 2.15443e-04 3.12696e+03 4.27761e-10 +0.00000e+00
 2.68270e-04 3.15152e+03 5.28511e-10 +0.00000e+00
 3.34048e-04 3.17686e+03 6.52766e-10 +0.00000e+00
 4.15956e-04 3.20282e+03 8.05961e-10 +0.00000e+00
 5.17947e-04 3.22929e+03 9.94773e-10 +0.00000e+00
 6.44947e-04 3.25578e+03 1.22751e-09 +0.00000e+00
 8.03086e-04 3.28201e+03 1.51435e-09 +0.00000e+00
 1.00000e-03 3.30733e+03 1.86798e-09 +0.00000e+00
 1.24520e-03 3.33149e+03 2.30384e-09 -2.54845e-07
 1.55052e-03 3.35400e+03 2.84107e-09 -3.17333e-07
 1.93070e-03 3.37487e+03 3.50266e-09 -3.95142e-07
 2.40410e-03 3.39372e+03 4.31716e-09 -4.92030e-07
 2.99358e-03 3.41070e+03 5.31857e-09 -6.12674e-07
 3.72759e-03 3.42579e+03 6.54841e-09 -7.62899e-07
 4.64159e-03 3.43927e+03 8.05599e-09 -9.49958e-07
 5.77969e-03 3.45132e+03 9.90054e-09 -1.18289e-06
 7.19686e-03 3.46225e+03 1.21518e-08 -1.47293e-06
 8.96151e-03 3.47239e+03 1.48922e-08 -1.83409e-06
 1.11588e-02 3.48202e+03 1.82176e-08 -2.28380e-06
 1.38950e-02 3.49152e+03 2.22389e-08 -2.84378e-06
 1.73020e-02 3.50115e+03 2.70835e-08 -3.54107e-06
 2.15443e-02 3.51128e+03 3.28936e-08 -4.40933e-06
 2.68270e-02 3.52221e+03 3.98309e-08 -5.49048e-06
 3.34048e-02 3.53425e+03 4.80680e-08 -6.83672e-06
 4.15956e-02 3.54776e+03 5.77948e-08 -8.51305e-06
 5.17947e-02 3.56313e+03 6.92038e-08 -1.06005e-05
 6.44947e-02 3.58078e+03 8.24803e-08 -1.31996e-05
 8.03086e-02 3.60126e+03 9.78016e-08 -1.64361e-05
 1.00000e-01 3.62514e+03 1.15284e-07 -2.04663e-05
 1.24520e-01 3.65303e+03 1.34981e-07 -2.54845e-05
 1.55052e-01 3.68569e+03 1.56826e-07 -3.17333e-05
 1.93070e-01 3.72409e+03 1.80534e-07 -3.95142e-05
 2.40410e-01 3.76900e+03 2.05606e-07 -4.92030e-05
 2.99358e-01 3.82196e+03 2.31175e-07 -6.12674e-05
 3.72759e-01 3.88344e+03 2.56136e-07 -7.62899e-05
 4.64159e-01 3.95294e+03 2.79364e-07 -8.79547e-05
 5.77969e-01 4.03042e+03 2.99883e-07 +4.50201e-04
 7.19686e-01 4.11776e+03 3.16694e-07 +4.10243e-03
 8.96151e-01 4.21181e+03 3.29750e-07 +1.08238e-02
 1.11588e+00 4.30340e+03 3.40312e-07 +1.70350e-02
 1.38950e+00 4.39135e+03 3.49176e-07 +2.38310e-02
 1.73020e+00 4.47680e+03 3.56769e-07 +3.16774e-02
 2.15443e+00 4.56104e+03 3.63342e-07 +4.10699e-02
 2.68270e+00 4.64499e+03 3.69063e-07 +5.27017e-02
 3.34048e+00 4.72910e+03 3.74076e-07 +6.14184e-02
 4.15956e+00 4.81161e+03 3.78702e-07 +6.45364e-02
 5.17947e+00 4.89277e+03 3.83086e-07 +6.70526e-02
 6.44947e+00 4.97315e+03 3.87308e-07 +6.90970e-02
 8.03086e+00 5.05323e+03 3.91426e-07 +7.07722e-02
 1.00000e+01 5.13333e+03 3.95490e-07 +7.21661e-02
 1.24520e+01 5.21366e+03 3.99545e-07 +7.33252e-02
 1.55052e+01 5.29453e+03 4.03622e-07 +7.42861e-02
 1.93070e+01 5.37624e+03 4.07741e-07 +7.50865e-02
 2.40410e+01 5.45903e+03 4.11920e-07 +7.57613e-02
 2.99358e+01 5.54303e+03 4.16183e-07 +7.63312e-02
 3.72759e+01 5.62842e+03 4.20547e-07 +7.68123e-02
 4.64159e+01 5.71535e+03 4.25027e-07 +7.72203e-02
 5.77969e+01 5.80394e+03 4.29640e-07 +7.75683e-02
 7.19686e+01 5.89429e+03 4.34404e-07 +7.78645e-02
 8.96151e+01 5.98650e+03 4.39335e-07 +7.81175e-02
 1.11588e+02 6.08065e+03 4.44446e-07 +7.83344e-02
 1.38950e+02 6.17681e+03 4.49761e-07 +7.85199e-02
 1.73020e+02 6.27505e+03 4.55302e-07 +7.86793e-02
 2.15443e+02 6.37541e+03 4.61090e-07 +7.88155e-02
 2.68270e+02 6.47798e+03 4.67145e-07 +7.89329e-02
 3.34048e+02 6.58278e+03 4.73491e-07 +7.90342e-02
 4.15956e+02 6.68979e+03 4.80156e-07 +7.91210e-02
 5.17947e+02 6.79896e+03 4.87175e-07 +7.91966e-02
 6.44947e+02 6.91025e+03 4.94583e-07 +7.92616e-02
 8.03086e+02 7.02361e+03 5.02419e-07 +7.93178e-02
 1.00000e+03 7.13897e+03 5.10724e-07 +7.93666e-02
