#n1=128 n2=4 Teff=04400 R=1.2411e+12 L=4.1113e+35 logg=+2.00
#   tau          T          rho         Fconv
 0.00000e+00 2.29309e+03 6.53273e-21 +0.00000e+00
 1.00000e-09 2.29309e+03 2.62024e-15 +0.00000e+00
 1.24520e-09 2.29866e+03 3.25869e-15 +0.00000e+00
 1.55052e-09 2.30502e+03 4.05110e-15 +0.00000e+00
 1.93070e-09 2.31197e+03 5.03466e-15 +0.00000e+00
 2.40410e-09 2.31972e+03 6.25461e-15 +0.00000e+00
 2.99358e-09 2.32812e+03 7.76766e-15 +0.00000e+00
 3.72759e-09 2.33732e+03 9.64317e-15 +0.00000e+00
 4.64159e-09 2.34717e+03 1.19678e-14 +0.00000e+00
 5.77969e-09 2.35772e+03 1.48481e-14 +0.00000e+00
 7.19686e-09 2.36884e+03 1.84168e-14 +0.00000e+00
 8.96151e-09 2.38045e+03 2.28383e-14 +0.00000e+00
 1.11588e-08 2.39239e+03 2.83170e-14 +0.00000e+00
 1.38950e-08 2.40454e+03 3.51070e-14 +0.00000e+00
 1.73020e-08 2.41677e+03 4.35237e-14 +0.00000e+00
 2.15443e-08 2.42894e+03 5.39601e-14 +0.00000e+00
 2.68270e-08 2.44104e+03 6.69013e-14 +0.00000e+00
 3.34048e-08 2.45310e+03 8.29491e-14 +0.00000e+00
 4.15956e-08 2.46533e+03 1.02840e-13 +0.00000e+00
 5.17947e-08 2.47791e+03 1.27485e-13 +0.00000e+00
 6.44947e-08 2.49122e+03 1.57990e-13 +0.00000e+00
 8.03086e-08 2.50539e+03 1.95728e-13 +0.00000e+00
 1.00000e-07 2.52073e+03 2.42369e-13 +0.00000e+00
 1.24520e-07 2.53716e+03 2.99994e-13 +0.00000e+00
 1.55052e-07 2.55487e+03 3.71129e-13 +0.00000e+00
 1.93070e-07 2.57359e+03 4.58948e-13 +0.00000e+00
 2.40410e-07 2.59346e+03 5.67288e-13 +0.00000e+00
 2.99358e-07 2.61407e+03 7.00990e-13 +0.00000e+00
 3.72759e-07 2.63549e+03 8.65920e-13 +0.00000e+00
 4.64159e-07 2.65731e+03 1.06946e-12 +0.00000e+00
 5.77969e-07 2.67950e+03 1.32062e-12 +0.00000e+00
 7.19686e-07 2.70174e+03 1.63063e-12 +0.00000e+00
 8.96151e-07 2.72398e+03 2.01330e-12 +0.00000e+00
 1.11588e-06 2.74606e+03 2.48568e-12 +0.00000e+00
 1.38950e-06 2.76796e+03 3.06877e-12 +0.00000e+00
 1.73020e-06 2.78964e+03 3.78833e-12 +0.00000e+00
 2.15443e-06 2.81111e+03 4.67615e-12 +0.00000e+00
 2.68270e-06 2.83238e+03 5.77103e-12 +0.00000e+00
 3.34048e-06 2.85342e+03 7.12081e-12 +0.00000e+00
 4.15956e-06 2.87429e+03 8.78357e-12 +0.00000e+00
 5.17947e-06 2.89490e+03 1.08309e-11 +0.00000e+00
 6.44947e-06 2.91532e+03 1.33493e-11 +0.00000e+00
 8.03086e-06 2.93549e+03 1.64442e-11 +0.00000e+00
 1.00000e-05 2.95550e+03 2.02425e-11 +0.00000e+00
 1.24520e-05 2.97527e+03 2.48981e-11 +0.00000e+00
 1.55052e-05 2.99485e+03 3.05946e-11 +0.00000e+00
 1.93070e-05 3.01414e+03 3.75526e-11 +0.00000e+00
 2.40410e-05 3.03315e+03 4.60337e-11 +0.00000e+00
 2.99358e-05 3.05192e+03 5.63447e-11 +0.00000e+00
 3.72759e-05 3.07043e+03 6.88487e-11 +0.00000e+00
 4.64159e-05 3.08860e+03 8.39664e-11 +0.00000e+00
 5.77969e-05 3.10637e+03 1.02192e-10 +0.00000e+00
 7.19686e-05 3.12377e+03 1.24084e-10 +0.00000e+00
 8.96151e-05 3.14076e+03 1.50291e-10 +0.00000e+00
 1.11588e-04 3.15730e+03 1.81548e-10 +0.00000e+00
 1.38950e-04 3.17343e+03 2.18677e-10 +0.00000e+00
 1.73020e-04 3.18923e+03 2.62622e-10 +0.00000e+00
 2.15443e-04 3.20467e+03 3.14405e-10 +0.00000e+00
 2.68270e-04 3.21975e+03 3.75230e-10 +0.00000e+00
 3.34048e-04 3.23450e+03 4.46385e-10 +0.00000e+00
 4.15956e-04 3.24897e+03 5.29312e-10 +0.00000e+00
 5.17947e-04 3.26320e+03 6.25687e-10 +0.00000e+00
 6.44947e-04 3.27729e+03 7.37233e-10 +0.00000e+00
 8.03086e-04 3.29131e+03 8.66000e-10 +0.00000e+00
 1.00000e-03 3.30535e+03 1.01421e-09 +0.00000e+00
 1.24520e-03 3.31944e+03 1.18421e-09 -2.54707e-07
 1.55052e-03 3.33374e+03 1.37882e-09 -3.17160e-07
 1.93070e-03 3.34829e+03 1.60103e-09 -3.94927e-07
 2.40410e-03 3.36315e+03 1.85395e-09 -4.91763e-07
 2.99358e-03 3.37846e+03 2.14140e-09 -6.12342e-07
 3.72759e-03 3.39428e+03 2.46731e-09 -7.62482e-07
 4.64159e-03 3.41083e+03 2.83560e-09 -9.49445e-07
 5.77969e-03 3.42822e+03 3.25115e-09 -1.18224e-06
 7.19686e-03 3.44660e+03 3.71889e-09 -1.47213e-06
 8.96151e-03 3.46611e+03 4.24372e-09 -1.83309e-06
 1.11588e-02 3.48689e+03 4.83118e-09 -2.28256e-06
 1.38950e-02 3.50909e+03 5.48773e-09 -2.84223e-06
 1.73020e-02 3.53284e+03 6.21917e-09 -3.53914e-06
 2.15443e-02 3.55832e+03 7.03154e-09 -4.40693e-06
 2.68270e-02 3.58574e+03 7.93260e-09 -5.48750e-06
 3.34048e-02 3.61531e+03 8.92924e-09 -6.83302e-06
 4.15956e-02 3.64732e+03 1.00279e-08 -8.50843e-06
 5.17947e-02 3.68242e+03 1.12345e-08 -1.05947e-05
 6.44947e-02 3.72050e+03 1.25596e-08 -1.31925e-05
 8.03086e-02 3.76168e+03 1.40116e-08 -1.64272e-05
 1.00000e-01 3.80648e+03 1.55984e-08 -2.04551e-05
 1.24520e-01 3.85604e+03 1.73273e-08 -2.54707e-05
 1.55052e-01 3.91192e+03 1.92033e-08 -3.17160e-05
 1.93070e-01 3.96641e+03 2.12850e-08 -3.94927e-05
 2.40410e-01 4.03000e+03 2.35359e-08 -4.91763e-05
 2.99358e-01 4.11024e+03 2.59213e-08 -6.12342e-05
 3.72759e-01 4.19226e+03 2.85595e-08 -7.62482e-05
 4.64159e-01 4.28434e+03 3.14273e-08 -9.49445e-05
 5.77969e-01 4.38964e+03 3.45279e-08 -1.18224e-04
 7.19686e-01 4.51137e+03 3.78514e-08 -1.47213e-04
 8.96151e-01 4.65194e+03 4.13251e-08 -1.83309e-04
 1.11588e+00 4.81466e+03 4.46979e-08 -2.28256e-04
 1.38950e+00 4.99241e+03 4.76439e-08 -2.84223e-04
 1.73020e+00 5.19348e+03 4.96979e-08 -3.52656e-04
 2.15443e+00 5.41401e+03 5.07543e-08 -3.75300e-04
 2.68270e+00 5.65457e+03 5.09118e-08 +6.34041e-04
 3.34048e+00 5.91988e+03 5.02972e-08 +7.76983e-03
 4.15956e+00 6.13520e+03 4.98247e-08 +1.99347e-02
 5.17947e+00 6.33143e+03 4.93667e-08 +3.21410e-02
 6.44947e+00 6.50846e+03 4.89863e-08 +4.20642e-02
 8.03086e+00 6.67037e+03 4.86869e-08 +4.96471e-02
 1.00000e+01 6.82122e+03 4.84584e-08 +5.54126e-02
 1.24520e+01 6.96416e+03 4.82906e-08 +5.98877e-02
 1.55052e+01 7.10113e+03 4.81781e-08 +6.34526e-02
 1.93070e+01 7.23354e+03 4.81174e-08 +6.62864e-02
 2.40410e+01 7.36255e+03 4.81055e-08 +6.85990e-02
 2.99358e+01 7.48850e+03 4.81443e-08 +7.05307e-02
 3.72759e+01 7.61136e+03 4.82381e-08 +7.21400e-02
 4.64159e+01 7.73139e+03 4.83900e-08 +7.34606e-02
 5.77969e+01 7.84901e+03 4.86016e-08 +7.45383e-02
 7.19686e+01 7.96472e+03 4.88740e-08 +7.54144e-02
 8.96151e+01 8.07907e+03 4.92076e-08 +7.61286e-02
 1.11588e+02 8.19249e+03 4.96035e-08 +7.67153e-02
 1.38950e+02 8.30529e+03 5.00635e-08 +7.71993e-02
 1.73020e+02 8.41770e+03 5.05896e-08 +7.76004e-02
 2.15443e+02 8.53002e+03 5.11837e-08 +7.79290e-02
 2.68270e+02 8.64267e+03 5.18461e-08 +7.82011e-02
 3.34048e+02 8.75576e+03 5.25792e-08 +7.84309e-02
 4.15956e+02 8.86906e+03 5.33888e-08 +7.86263e-02
 5.17947e+02 8.98214e+03 5.42835e-08 +7.87934e-02
 6.44947e+02 9.09476e+03 5.52726e-08 +7.89332e-02
 8.03086e+02 9.20683e+03 5.63654e-08 +7.90500e-02
 1.00000e+03 9.31826e+03 5.75728e-08 +7.91475e-02
