#n1=128 n2=4 Teff=04000 R=2.4585e+12 L=1.1024e+36 logg=+1.50
#   tau          T          rho         Fconv
 0.00000e+00 2.03528e+03 7.36042e-21 +0.00000e+00
 1.00000e-09 2.03528e+03 9.15135e-16 +0.00000e+00
 1.24520e-09 2.04109e+03 1.13751e-15 +0.00000e+00
 1.55052e-09 2.04739e+03 1.41354e-15 +0.00000e+00
 1.93070e-09 2.05424e+03 1.75603e-15 +0.00000e+00
 2.40410e-09 2.06153e+03 2.18100e-15 +0.00000e+00
 2.99358e-09 2.06936e+03 2.70807e-15 +0.00000e+00
 3.72759e-09 2.07770e+03 3.36168e-15 +0.00000e+00
 4.64159e-09 2.08657e+03 4.17197e-15 +0.00000e+00
 5.77969e-09 2.09595e+03 5.17633e-15 +0.00000e+00
 7.19686e-09 2.10584e+03 6.42094e-15 +0.00000e+00
 8.96151e-09 2.11621e+03 7.96312e-15 +0.00000e+00
 1.11588e-08 2.12701e+03 9.87382e-15 +0.00000e+00
 1.38950e-08 2.13819e+03 1.22410e-14 +0.00000e+00
 1.73020e-08 2.14968e+03 1.51739e-14 +0.00000e+00
 2.15443e-08 2.16145e+03 1.88075e-14 +0.00000e+00
 2.68270e-08 2.17345e+03 2.33093e-14 +0.00000e+00
 3.34048e-08 2.18578e+03 2.88851e-14 +0.00000e+00
 4.15956e-08 2.19846e+03 3.57901e-14 +0.00000e+00
 5.17947e-08 2.21166e+03 4.43365e-14 +0.00000e+00
 6.44947e-08 2.22388e+03 5.49500e-14 +0.00000e+00
 8.03086e-08 2.23853e+03 6.80319e-14 +0.00000e+00
 1.00000e-07 2.25224e+03 8.42666e-14 +0.00000e+00
 1.24520e-07 2.26768e+03 1.04299e-13 +0.00000e+00
 1.55052e-07 2.28335e+03 1.29086e-13 +0.00000e+00
 1.93070e-07 2.30218e+03 1.59549e-13 +0.00000e+00
 2.40410e-07 2.32291e+03 1.97047e-13 +0.00000e+00
 2.99358e-07 2.34511e+03 2.43219e-13 +0.00000e+00
 3.72759e-07 2.36858e+03 3.00067e-13 +0.00000e+00
 4.64159e-07 2.39309e+03 3.70063e-13 +0.00000e+00
 5.77969e-07 2.41840e+03 4.56265e-13 +0.00000e+00
 7.19686e-07 2.44461e+03 5.62376e-13 +0.00000e+00
 8.96151e-07 2.47092e+03 6.93179e-13 +0.00000e+00
 1.11588e-06 2.49702e+03 8.54523e-13 +0.00000e+00
 1.38950e-06 2.52272e+03 1.05363e-12 +0.00000e+00
 1.73020e-06 2.54791e+03 1.29945e-12 +0.00000e+00
 2.15443e-06 2.57249e+03 1.60301e-12 +0.00000e+00
 2.68270e-06 2.59645e+03 1.97797e-12 +0.00000e+00
 3.34048e-06 2.61980e+03 2.44114e-12 +0.00000e+00
 4.15956e-06 2.64251e+03 3.01336e-12 +0.00000e+00
 5.17947e-06 2.66460e+03 3.72029e-12 +0.00000e+00
 6.44947e-06 2.68599e+03 4.59377e-12 +0.00000e+00
 8.03086e-06 2.70679e+03 5.67273e-12 +0.00000e+00
 1.00000e-05 2.72691e+03 7.00547e-12 +0.00000e+00
 1.24520e-05 2.74644e+03 8.65107e-12 +0.00000e+00
 1.55052e-05 2.76532e+03 1.06824e-11 +0.00000e+00
 1.93070e-05 2.78354e+03 1.31889e-11 +0.00000e+00
 2.40410e-05 2.80109e+03 1.62801e-11 +0.00000e+00
 2.99358e-05 2.81803e+03 2.00892e-11 +0.00000e+00
 3.72759e-05 2.83433e+03 2.47792e-11 +0.00000e+00
 4.64159e-05 2.84993e+03 3.05489e-11 +0.00000e+00
 5.77969e-05 2.86479e+03 3.76390e-11 +0.00000e+00
 7.19686e-05 2.87905e+03 4.63386e-11 +0.00000e+00
 8.96151e-05 2.89273e+03 5.69950e-11 +0.00000e+00
 1.11588e-04 2.90579e+03 7.00281e-11 +0.00000e+00
 1.38950e-04 2.91828e+03 8.59334e-11 +0.00000e+00
 1.73020e-04 2.93031e+03 1.05300e-10 +0.00000e+00
 2.15443e-04 2.94178e+03 1.28828e-10 +0.00000e+00
 2.68270e-04 2.95263e+03 1.57343e-10 +0.00000e+00
 3.34048e-04 2.96312e+03 1.91796e-10 +0.00000e+00
 4.15956e-04 2.97333e+03 2.33288e-10 +0.00000e+00
 5.17947e-04 2.98330e+03 2.83105e-10 +0.00000e+00
 6.44947e-04 2.99318e+03 3.42694e-10 +0.00000e+00
 8.03086e-04 3.00306e+03 4.13716e-10 +0.00000e+00
 1.00000e-03 3.01308e+03 4.98025e-10 +0.00000e+00
 1.24520e-03 3.02330e+03 5.97715e-10 -2.54587e-07
 1.55052e-03 3.03390e+03 7.15087e-10 -3.17011e-07
 1.93070e-03 3.04499e+03 8.52661e-10 -3.94741e-07
 2.40410e-03 3.05674e+03 1.01319e-09 -4.91530e-07
 2.99358e-03 3.06926e+03 1.19962e-09 -6.12052e-07
 3.72759e-03 3.08266e+03 1.41511e-09 -7.62128e-07
 4.64159e-03 3.09716e+03 1.66291e-09 -9.48994e-07
 5.77969e-03 3.11302e+03 1.94632e-09 -1.18169e-06
 7.19686e-03 3.13024e+03 2.26879e-09 -1.47144e-06
 8.96151e-03 3.14898e+03 2.63377e-09 -1.83223e-06
 1.11588e-02 3.16945e+03 3.04451e-09 -2.28148e-06
 1.38950e-02 3.19172e+03 3.50425e-09 -2.84089e-06
 1.73020e-02 3.21590e+03 4.01613e-09 -3.53748e-06
 2.15443e-02 3.24224e+03 4.58267e-09 -4.40485e-06
 2.68270e-02 3.27114e+03 5.20556e-09 -5.48491e-06
 3.34048e-02 3.30319e+03 5.88536e-09 -6.82979e-06
 4.15956e-02 3.33876e+03 6.62134e-09 -8.50442e-06
 5.17947e-02 3.37528e+03 7.42139e-09 -1.05897e-05
 6.44947e-02 3.41296e+03 8.29063e-09 -1.31863e-05
 8.03086e-02 3.45196e+03 9.23412e-09 -1.64195e-05
 1.00000e-01 3.49137e+03 1.02616e-08 -2.04455e-05
 1.24520e-01 3.53198e+03 1.13788e-08 -2.54587e-05
 1.55052e-01 3.57427e+03 1.25939e-08 -3.17011e-05
 1.93070e-01 3.61940e+03 1.39103e-08 -3.94741e-05
 2.40410e-01 3.67070e+03 1.53177e-08 -4.91530e-05
 2.99358e-01 3.73080e+03 1.68025e-08 -6.12052e-05
 3.72759e-01 3.79776e+03 1.83790e-08 -7.62128e-05
 4.64159e-01 3.87294e+03 2.00499e-08 -9.48994e-05
 5.77969e-01 3.95851e+03 2.18157e-08 -1.18169e-04
 7.19686e-01 4.05681e+03 2.36812e-08 -1.47144e-04
 8.96151e-01 4.17033e+03 2.56602e-08 -1.83223e-04
 1.11588e+00 4.30148e+03 2.77729e-08 -2.28148e-04
 1.38950e+00 4.45232e+03 3.00367e-08 -2.84089e-04
 1.73020e+00 4.62280e+03 3.24220e-08 -3.53748e-04
 2.15443e+00 4.79797e+03 3.48422e-08 -4.40484e-04
 2.68270e+00 5.03356e+03 3.64254e-08 -5.46128e-04
 3.34048e+00 5.28436e+03 3.71621e-08 -4.73449e-04
 4.15956e+00 5.58166e+03 3.68373e-08 +2.77336e-03
 5.17947e+00 5.81817e+03 3.65127e-08 +1.36252e-02
 6.44947e+00 6.03259e+03 3.61310e-08 +2.74695e-02
 8.03086e+00 6.22145e+03 3.58026e-08 +3.89603e-02
 1.00000e+01 6.39003e+03 3.55423e-08 +4.77292e-02
 1.24520e+01 6.54351e+03 3.53449e-08 +5.42954e-02
 1.55052e+01 6.68634e+03 3.52000e-08 +5.91987e-02
 1.93070e+01 6.82201e+03 3.50976e-08 +6.29189e-02
 2.40410e+01 6.95285e+03 3.50311e-08 +6.58472e-02
 2.99358e+01 7.08013e+03 3.49980e-08 +6.82213e-02
 3.72759e+01 7.20467e+03 3.49972e-08 +7.01359e-02
 4.64159e+01 7.32734e+03 3.50270e-08 +7.17137e-02
 5.77969e+01 7.44814e+03 3.50894e-08 +7.30586e-02
 7.19686e+01 7.56654e+03 3.51899e-08 +7.42099e-02
 8.96151e+01 7.68226e+03 3.53331e-08 +7.51683e-02
 1.11588e+02 7.79543e+03 3.55218e-08 +7.59551e-02
 1.38950e+02 7.90643e+03 3.57582e-08 +7.65952e-02
 1.73020e+02 8.01574e+03 3.60433e-08 +7.71140e-02
 2.15443e+02 8.12386e+03 3.63784e-08 +7.75370e-02
 2.68270e+02 8.23112e+03 3.67652e-08 +7.78843e-02
 3.34048e+02 8.33783e+03 3.72058e-08 +7.81702e-02
 4.15956e+02 8.44423e+03 3.77023e-08 +7.84051e-02
 5.17947e+02 8.55068e+03 3.82565e-08 +7.85974e-02
 6.44947e+02 8.65755e+03 3.88694e-08 +7.87565e-02
 8.03086e+02 8.76496e+03 3.95435e-08 +7.88902e-02
 1.00000e+03 8.87280e+03 4.02829e-08 +7.90032e-02
