#n1=128 n2=4 Teff=04400 R=5.8290e+11 L=9.0788e+34 logg=+2.50
#   tau          T          rho         Fconv
 0.00000e+00 3.21474e+03 4.60523e-21 +0.00000e+00
 1.00000e-09 3.21474e+03 5.88703e-15 +0.00000e+00
 1.24520e-09 3.21513e+03 7.35101e-15 +0.00000e+00
 1.55052e-09 3.21553e+03 9.17668e-15 +0.00000e+00
 1.93070e-09 3.21594e+03 1.14531e-14 +0.00000e+00
 2.40410e-09 3.21636e+03 1.42914e-14 +0.00000e+00
 2.99358e-09 3.21679e+03 1.78297e-14 +0.00000e+00
 3.72759e-09 3.21723e+03 2.22404e-14 +0.00000e+00
 4.64159e-09 3.21768e+03 2.77381e-14 +0.00000e+00
 5.77969e-09 3.21815e+03 3.45902e-14 +0.00000e+00
 7.19686e-09 3.21863e+03 4.31299e-14 +0.00000e+00
 8.96151e-09 3.21913e+03 5.37721e-14 +0.00000e+00
 1.11588e-08 3.21965e+03 6.70336e-14 +0.00000e+00
 1.38950e-08 3.22020e+03 8.35583e-14 +0.00000e+00
 1.73020e-08 3.22077e+03 1.04148e-13 +0.00000e+00
 2.15443e-08 3.22137e+03 1.29802e-13 +0.00000e+00
 2.68270e-08 3.22200e+03 1.61763e-13 +0.00000e+00
 3.34048e-08 3.22267e+03 2.01582e-13 +0.00000e+00
 4.15956e-08 3.22338e+03 2.51186e-13 +0.00000e+00
 5.17947e-08 3.22413e+03 3.12980e-13 +0.00000e+00
 6.44947e-08 3.22493e+03 3.89954e-13 +0.00000e+00
 8.03086e-08 3.22579e+03 4.85834e-13 +0.00000e+00
 1.00000e-07 3.22670e+03 6.05258e-13 +0.00000e+00
 1.24520e-07 3.22769e+03 7.54001e-13 +0.00000e+00
 1.55052e-07 3.22874e+03 9.39253e-13 +0.00000e+00
 1.93070e-07 3.22987e+03 1.16996e-12 +0.00000e+00
 2.40410e-07 3.23109e+03 1.45727e-12 +0.00000e+00
 2.99358e-07 3.23241e+03 1.81505e-12 +0.00000e+00
 3.72759e-07 3.23383e+03 2.26055e-12 +0.00000e+00
 4.64159e-07 3.23537e+03 2.81525e-12 +0.00000e+00
 5.77969e-07 3.23702e+03 3.50587e-12 +0.00000e+00
 7.19686e-07 3.23881e+03 4.36568e-12 +0.00000e+00
 8.96151e-07 3.24072e+03 5.43607e-12 +0.00000e+00
 1.11588e-06 3.24275e+03 6.76855e-12 +0.00000e+00
 1.38950e-06 3.24490e+03 8.42723e-12 +0.00000e+00
 1.73020e-06 3.24714e+03 1.04919e-11 +0.00000e+00
 2.15443e-06 3.24947e+03 1.30619e-11 +0.00000e+00
 2.68270e-06 3.25187e+03 1.62609e-11 +0.00000e+00
 3.34048e-06 3.25432e+03 2.02428e-11 +0.00000e+00
 4.15956e-06 3.25682e+03 2.51988e-11 +0.00000e+00
 5.17947e-06 3.25940e+03 3.13669e-11 +0.00000e+00
 6.44947e-06 3.26211e+03 3.90425e-11 +0.00000e+00
 8.03086e-06 3.26509e+03 4.85912e-11 +0.00000e+00
 1.00000e-05 3.26849e+03 6.04659e-11 +0.00000e+00
 1.24520e-05 3.27261e+03 7.52237e-11 +0.00000e+00
 1.55052e-05 3.27773e+03 9.35510e-11 +0.00000e+00
 1.93070e-05 3.28429e+03 1.16288e-10 +0.00000e+00
 2.40410e-05 3.29262e+03 1.44463e-10 +0.00000e+00
 2.99358e-05 3.30312e+03 1.79335e-10 +0.00000e+00
 3.72759e-05 3.31605e+03 2.22440e-10 +0.00000e+00
 4.64159e-05 3.33160e+03 2.75656e-10 +0.00000e+00
 5.77969e-05 3.34978e+03 3.41282e-10 +0.00000e+00
 7.19686e-05 3.37048e+03 4.22133e-10 +0.00000e+00
 8.96151e-05 3.39339e+03 5.21663e-10 +0.00000e+00
 1.11588e-04 3.41807e+03 6.44105e-10 +0.00000e+00
 1.38950e-04 3.44392e+03 7.94668e-10 +0.00000e+00
 1.73020e-04 3.47023e+03 9.79745e-10 +0.00000e+00
 2.15443e-04 3.49617e+03 1.20720e-09 +0.00000e+00
 2.68270e-04 3.52091e+03 1.48669e-09 +0.00000e+00
 3.34048e-04 3.54376e+03 1.83004e-09 +0.00000e+00
 4.15956e-04 3.56431e+03 2.25156e-09 +0.00000e+00
 5.17947e-04 3.58252e+03 2.76853e-09 +0.00000e+00
 6.44947e-04 3.59871e+03 3.40147e-09 +0.00000e+00
 8.03086e-04 3.61337e+03 4.17473e-09 +0.00000e+00
 1.00000e-03 3.62689e+03 5.11706e-09 +0.00000e+00
 1.24520e-03 3.63954e+03 6.26246e-09 -2.54429e-07
 1.55052e-03 3.65143e+03 7.65104e-09 -3.16814e-07
 1.93070e-03 3.66256e+03 9.32978e-09 -3.94496e-07
 2.40410e-03 3.67295e+03 1.13540e-08 -4.91227e-07
 2.99358e-03 3.68260e+03 1.37879e-08 -6.11674e-07
 3.72759e-03 3.69159e+03 1.67060e-08 -7.61650e-07
 4.64159e-03 3.70005e+03 2.01939e-08 -9.48409e-07
 5.77969e-03 3.70816e+03 2.43492e-08 -1.18095e-06
 7.19686e-03 3.71610e+03 2.92830e-08 -1.47052e-06
 8.96151e-03 3.72410e+03 3.51183e-08 -1.83109e-06
 1.11588e-02 3.73236e+03 4.19932e-08 -2.28006e-06
 1.38950e-02 3.74113e+03 5.00555e-08 -2.83913e-06
 1.73020e-02 3.75067e+03 5.94651e-08 -3.53528e-06
 2.15443e-02 3.76126e+03 7.03873e-08 -4.40212e-06
 2.68270e-02 3.77321e+03 8.29852e-08 -5.48151e-06
 3.34048e-02 3.78686e+03 9.74162e-08 -6.82556e-06
 4.15956e-02 3.80258e+03 1.13809e-07 -8.49915e-06
 5.17947e-02 3.82082e+03 1.32251e-07 -1.05831e-05
 6.44947e-02 3.84206e+03 1.52767e-07 -1.31781e-05
 8.03086e-02 3.86691e+03 1.75264e-07 -1.64093e-05
 1.00000e-01 3.89606e+03 1.99519e-07 -2.04328e-05
 1.24520e-01 3.93034e+03 2.25126e-07 -2.54429e-05
 1.55052e-01 3.97056e+03 2.51479e-07 -3.16814e-05
 1.93070e-01 4.01761e+03 2.77770e-07 -3.94496e-05
 2.40410e-01 4.07281e+03 3.03009e-07 -4.91227e-05
 2.99358e-01 4.13676e+03 3.26218e-07 -6.11674e-05
 3.72759e-01 4.21096e+03 3.46386e-07 -6.66317e-05
 4.64159e-01 4.29438e+03 3.63046e-07 +4.72326e-04
 5.77969e-01 4.38802e+03 3.75797e-07 +3.59505e-03
 7.19686e-01 4.48195e+03 3.85934e-07 +8.51119e-03
 8.96151e-01 4.57334e+03 3.94350e-07 +1.36078e-02
 1.11588e+00 4.66156e+03 4.01660e-07 +1.91584e-02
 1.38950e+00 4.74765e+03 4.08167e-07 +2.53922e-02
 1.73020e+00 4.83289e+03 4.14026e-07 +3.26941e-02
 2.15443e+00 4.91834e+03 4.19315e-07 +4.18701e-02
 2.68270e+00 5.00490e+03 4.24077e-07 +5.31079e-02
 3.34048e+00 5.09281e+03 4.28374e-07 +6.15140e-02
 4.15956e+00 5.17980e+03 4.32509e-07 +6.45032e-02
 5.17947e+00 5.26598e+03 4.36593e-07 +6.69223e-02
 6.44947e+00 5.35197e+03 4.40669e-07 +6.88886e-02
 8.03086e+00 5.43825e+03 4.44765e-07 +7.05163e-02
 1.00000e+01 5.52514e+03 4.48916e-07 +7.18727e-02
 1.24520e+01 5.61292e+03 4.53146e-07 +7.30056e-02
 1.55052e+01 5.70187e+03 4.57475e-07 +7.39575e-02
 1.93070e+01 5.79220e+03 4.61922e-07 +7.47617e-02
 2.40410e+01 5.88407e+03 4.66509e-07 +7.54445e-02
 2.99358e+01 5.97762e+03 4.71255e-07 +7.60244e-02
 3.72759e+01 6.07299e+03 4.76172e-07 +7.65192e-02
 4.64159e+01 6.17028e+03 4.81286e-07 +7.69420e-02
 5.77969e+01 6.26957e+03 4.86621e-07 +7.73041e-02
 7.19686e+01 6.37095e+03 4.92198e-07 +7.76140e-02
 8.96151e+01 6.47451e+03 4.98038e-07 +7.78802e-02
 1.11588e+02 6.58030e+03 5.04165e-07 +7.81092e-02
 1.38950e+02 6.68830e+03 5.10609e-07 +7.83072e-02
 1.73020e+02 6.79848e+03 5.17405e-07 +7.84779e-02
 2.15443e+02 6.91081e+03 5.24587e-07 +7.86251e-02
 2.68270e+02 7.02525e+03 5.32194e-07 +7.87526e-02
 3.34048e+02 7.14174e+03 5.40270e-07 +7.88626e-02
 4.15956e+02 7.26021e+03 5.48859e-07 +7.89572e-02
 5.17947e+02 7.38060e+03 5.58008e-07 +7.90390e-02
 6.44947e+02 7.50276e+03 5.67777e-07 +7.91100e-02
 8.03086e+02 7.62647e+03 5.78233e-07 +7.91712e-02
 1.00000e+03 7.75148e+03 5.89454e-07 +7.92243e-02
