#n1=128 n2=4 Teff=04500 R=2.7641e+12 L=2.2318e+36 logg=+1.50
#      tau          T          rho         Fconv
  0.00000e+00  2.21641e+03  6.91169e-21 +0.00000e+00
  1.00000e-09  2.21641e+03  8.31163e-16 +0.00000e+00
  1.24520e-09  2.22349e+03  1.03679e-15 +0.00000e+00
  1.55052e-09  2.23207e+03  1.29163e-15 +0.00000e+00
  1.93070e-09  2.24184e+03  1.60734e-15 +0.00000e+00
  2.40410e-09  2.25263e+03  1.99832e-15 +0.00000e+00
  2.99358e-09  2.26441e+03  2.48221e-15 +0.00000e+00
  3.72759e-09  2.27716e+03  3.08077e-15 +0.00000e+00
  4.64159e-09  2.29098e+03  3.82054e-15 +0.00000e+00
  5.77969e-09  2.30595e+03  4.73406e-15 +0.00000e+00
  7.19686e-09  2.32219e+03  5.86101e-15 +0.00000e+00
  8.96151e-09  2.33986e+03  7.24971e-15 +0.00000e+00
  1.11588e-08  2.35901e+03  8.95920e-15 +0.00000e+00
  1.38950e-08  2.37976e+03  1.10610e-14 +0.00000e+00
  1.73020e-08  2.40204e+03  1.36430e-14 +0.00000e+00
  2.15443e-08  2.42589e+03  1.68112e-14 +0.00000e+00
  2.68270e-08  2.45105e+03  2.06973e-14 +0.00000e+00
  3.34048e-08  2.47744e+03  2.54602e-14 +0.00000e+00
  4.15956e-08  2.50462e+03  3.12991e-14 +0.00000e+00
  5.17947e-08  2.53247e+03  3.84544e-14 +0.00000e+00
  6.44947e-08  2.56048e+03  4.72292e-14 +0.00000e+00
  8.03086e-08  2.58858e+03  5.79904e-14 +0.00000e+00
  1.00000e-07  2.61644e+03  7.11968e-14 +0.00000e+00
  1.24520e-07  2.64400e+03  8.74093e-14 +0.00000e+00
  1.55052e-07  2.67116e+03  1.07320e-13 +0.00000e+00
  1.93070e-07  2.69788e+03  1.31782e-13 +0.00000e+00
  2.40410e-07  2.72417e+03  1.61841e-13 +0.00000e+00
  2.99358e-07  2.74998e+03  1.98796e-13 +0.00000e+00
  3.72759e-07  2.77529e+03  2.44232e-13 +0.00000e+00
  4.64159e-07  2.80009e+03  3.00118e-13 +0.00000e+00
  5.77969e-07  2.82433e+03  3.68857e-13 +0.00000e+00
  7.19686e-07  2.84802e+03  4.53427e-13 +0.00000e+00
  8.96151e-07  2.87122e+03  5.57437e-13 +0.00000e+00
  1.11588e-06  2.89383e+03  6.85377e-13 +0.00000e+00
  1.38950e-06  2.91604e+03  8.42632e-13 +0.00000e+00
  1.73020e-06  2.93779e+03  1.03585e-12 +0.00000e+00
  2.15443e-06  2.95920e+03  1.27305e-12 +0.00000e+00
  2.68270e-06  2.98027e+03  1.56394e-12 +0.00000e+00
  3.34048e-06  3.00104e+03  1.92029e-12 +0.00000e+00
  4.15956e-06  3.02154e+03  2.35613e-12 +0.00000e+00
  5.17947e-06  3.04185e+03  2.88837e-12 +0.00000e+00
  6.44947e-06  3.06197e+03  3.53683e-12 +0.00000e+00
  8.03086e-06  3.08191e+03  4.32542e-12 +0.00000e+00
  1.00000e-05  3.10175e+03  5.28149e-12 +0.00000e+00
  1.24520e-05  3.12152e+03  6.43768e-12 +0.00000e+00
  1.55052e-05  3.14124e+03  7.83100e-12 +0.00000e+00
  1.93070e-05  3.16090e+03  9.50465e-12 +0.00000e+00
  2.40410e-05  3.18049e+03  1.15079e-11 +0.00000e+00
  2.99358e-05  3.19998e+03  1.38958e-11 +0.00000e+00
  3.72759e-05  3.21941e+03  1.67325e-11 +0.00000e+00
  4.64159e-05  3.23869e+03  2.00869e-11 +0.00000e+00
  5.77969e-05  3.25775e+03  2.40413e-11 +0.00000e+00
  7.19686e-05  3.27662e+03  2.86824e-11 +0.00000e+00
  8.96151e-05  3.29525e+03  3.41087e-11 +0.00000e+00
  1.11588e-04  3.31355e+03  4.04356e-11 +0.00000e+00
  1.38950e-04  3.33152e+03  4.77804e-11 +0.00000e+00
  1.73020e-04  3.34920e+03  5.62881e-11 +0.00000e+00
  2.15443e-04  3.36658e+03  6.61117e-11 +0.00000e+00
  2.68270e-04  3.38367e+03  7.74157e-11 +0.00000e+00
  3.34048e-04  3.40051e+03  9.04075e-11 +0.00000e+00
  4.15956e-04  3.41712e+03  1.05296e-10 +0.00000e+00
  5.17947e-04  3.43352e+03  1.22314e-10 +0.00000e+00
  6.44947e-04  3.44977e+03  1.41756e-10 +0.00000e+00
  8.03086e-04  3.46591e+03  1.63913e-10 +0.00000e+00
  1.00000e-03  3.48202e+03  1.89107e-10 +0.00000e+00
  1.24520e-03  3.49811e+03  2.17756e-10 -2.54624e-07
  1.55052e-03  3.51432e+03  2.50264e-10 -3.17057e-07
  1.93070e-03  3.53070e+03  2.87068e-10 -3.94799e-07
  2.40410e-03  3.54734e+03  3.28741e-10 -4.91603e-07
  2.99358e-03  3.56434e+03  3.75852e-10 -6.12143e-07
  3.72759e-03  3.58171e+03  4.28994e-10 -7.62237e-07
  4.64159e-03  3.59968e+03  4.88896e-10 -9.49134e-07
  5.77969e-03  3.61830e+03  5.56373e-10 -1.18186e-06
  7.19686e-03  3.63776e+03  6.32185e-10 -1.47165e-06
  8.96151e-03  3.65819e+03  7.17201e-10 -1.83249e-06
  1.11588e-02  3.67981e+03  8.12520e-10 -2.28181e-06
  1.38950e-02  3.70274e+03  9.19134e-10 -2.84131e-06
  1.73020e-02  3.72712e+03  1.03808e-09 -3.53799e-06
  2.15443e-02  3.75320e+03  1.17064e-09 -4.40547e-06
  2.68270e-02  3.78120e+03  1.31819e-09 -5.48569e-06
  3.34048e-02  3.81136e+03  1.48195e-09 -6.83077e-06
  4.15956e-02  3.84398e+03  1.66319e-09 -8.50568e-06
  5.17947e-02  3.87943e+03  1.86371e-09 -1.05913e-05
  6.44947e-02  3.91829e+03  2.08491e-09 -1.31882e-05
  8.03086e-02  3.96148e+03  2.32784e-09 -1.64219e-05
  1.00000e-01  4.00917e+03  2.59421e-09 -2.04485e-05
  1.24520e-01  4.06223e+03  2.88609e-09 -2.54624e-05
  1.55052e-01  4.12096e+03  3.20567e-09 -3.17057e-05
  1.93070e-01  4.18701e+03  3.55437e-09 -3.94799e-05
  2.40410e-01  4.26221e+03  3.93425e-09 -4.91603e-05
  2.99358e-01  4.34961e+03  4.34781e-09 -6.12143e-05
  3.72759e-01  4.45015e+03  4.80024e-09 -7.62237e-05
  4.64159e-01  4.55654e+03  5.30800e-09 -9.49134e-05
  5.77969e-01  4.67960e+03  5.87102e-09 -1.18186e-04
  7.19686e-01  4.81917e+03  6.50108e-09 -1.47165e-04
  8.96151e-01  4.97621e+03  7.19909e-09 -1.83249e-04
  1.11588e+00  5.15058e+03  7.94226e-09 -2.28181e-04
  1.38950e+00  5.34680e+03  8.65595e-09 -2.84131e-04
  1.73020e+00  5.56676e+03  9.24355e-09 -3.53799e-04
  2.15443e+00  5.80382e+03  9.65659e-09 -4.40547e-04
  2.68270e+00  6.09867e+03  9.79307e-09 -5.48478e-04
  3.34048e+00  6.38718e+03  9.79657e-09 -6.10508e-04
  4.15956e+00  6.77074e+03  9.53422e-09 -4.47882e-04
  5.17947e+00  7.22320e+03  9.07195e-09 +6.10628e-03
  6.44947e+00  7.43190e+03  8.92482e-09 +1.86529e-02
  8.03086e+00  7.62141e+03  8.79106e-09 +3.31188e-02
  1.00000e+01  7.78715e+03  8.68117e-09 +4.47465e-02
  1.24520e+01  7.93352e+03  8.59282e-09 +5.31615e-02
  1.55052e+01  8.06581e+03  8.52152e-09 +5.91881e-02
  1.93070e+01  8.18812e+03  8.46368e-09 +6.35786e-02
  2.40410e+01  8.30336e+03  8.41680e-09 +6.68511e-02
  2.99358e+01  8.41360e+03  8.37921e-09 +6.93415e-02
  3.72759e+01  8.52034e+03  8.34984e-09 +7.12722e-02
  4.64159e+01  8.62466e+03  8.32804e-09 +7.27912e-02
  5.77969e+01  8.72739e+03  8.31343e-09 +7.39996e-02
  7.19686e+01  8.82918e+03  8.30582e-09 +7.49735e-02
  8.96151e+01  8.93051e+03  8.30529e-09 +7.57617e-02
  1.11588e+02  9.03180e+03  8.31190e-09 +7.64061e-02
  1.38950e+02  9.13337e+03  8.32601e-09 +7.69339e-02
  1.73020e+02  9.23550e+03  8.34793e-09 +7.73697e-02
  2.15443e+02  9.33844e+03  8.37813e-09 +7.77302e-02
  2.68270e+02  9.44240e+03  8.41726e-09 +7.80288e-02
  3.34048e+02  9.54760e+03  8.46581e-09 +7.82779e-02
  4.15956e+02  9.65421e+03  8.52502e-09 +7.84835e-02
  5.17947e+02  9.76271e+03  8.59600e-09 +7.86534e-02
  6.44947e+02  9.87339e+03  8.67917e-09 +7.87958e-02
  8.03086e+02  9.98643e+03  8.77567e-09 +7.89154e-02
  1.00000e+03  1.01020e+04  8.88669e-09 +7.90161e-02
