#n1=128 n2=4 Teff=04800 R=3.8151e+13 L=5.4927e+38 logg=-0.50
#      tau          T          rho         Fconv
  0.00000e+00  2.04720e+03  7.48448e-21 +0.00000e+00
  1.00000e-09  2.04720e+03  4.02801e-18 +0.00000e+00
  1.24520e-09  2.06164e+03  5.04368e-18 +0.00000e+00
  1.55052e-09  2.07510e+03  6.30985e-18 +0.00000e+00
  1.93070e-09  2.08936e+03  7.88224e-18 +0.00000e+00
  2.40410e-09  2.10378e+03  9.83703e-18 +0.00000e+00
  2.99358e-09  2.11888e+03  1.22635e-17 +0.00000e+00
  3.72759e-09  2.13405e+03  1.52790e-17 +0.00000e+00
  4.64159e-09  2.14993e+03  1.90200e-17 +0.00000e+00
  5.77969e-09  2.16582e+03  2.36676e-17 +0.00000e+00
  7.19686e-09  2.18248e+03  2.94300e-17 +0.00000e+00
  8.96151e-09  2.19917e+03  3.65852e-17 +0.00000e+00
  1.11588e-08  2.21673e+03  4.54505e-17 +0.00000e+00
  1.38950e-08  2.23443e+03  5.64495e-17 +0.00000e+00
  1.73020e-08  2.25309e+03  7.00661e-17 +0.00000e+00
  2.15443e-08  2.27197e+03  8.69449e-17 +0.00000e+00
  2.68270e-08  2.29191e+03  1.07821e-16 +0.00000e+00
  3.34048e-08  2.31219e+03  1.33670e-16 +0.00000e+00
  4.15956e-08  2.33360e+03  1.65610e-16 +0.00000e+00
  5.17947e-08  2.35549e+03  2.05110e-16 +0.00000e+00
  6.44947e-08  2.37857e+03  2.53868e-16 +0.00000e+00
  8.03086e-08  2.40230e+03  3.14088e-16 +0.00000e+00
  1.00000e-07  2.42730e+03  3.88339e-16 +0.00000e+00
  1.24520e-07  2.45314e+03  4.79918e-16 +0.00000e+00
  1.55052e-07  2.48028e+03  5.92719e-16 +0.00000e+00
  1.93070e-07  2.50836e+03  7.31689e-16 +0.00000e+00
  2.40410e-07  2.53805e+03  9.02612e-16 +0.00000e+00
  2.99358e-07  2.56897e+03  1.11284e-15 +0.00000e+00
  3.72759e-07  2.60039e+03  1.37184e-15 +0.00000e+00
  4.64159e-07  2.63432e+03  1.68953e-15 +0.00000e+00
  5.77969e-07  2.66970e+03  2.07985e-15 +0.00000e+00
  7.19686e-07  2.70528e+03  2.56059e-15 +0.00000e+00
  8.96151e-07  2.74216e+03  3.15198e-15 +0.00000e+00
  1.11588e-06  2.77948e+03  3.88087e-15 +0.00000e+00
  1.38950e-06  2.81964e+03  4.77575e-15 +0.00000e+00
  1.73020e-06  2.86013e+03  5.87940e-15 +0.00000e+00
  2.15443e-06  2.90055e+03  7.24321e-15 +0.00000e+00
  2.68270e-06  2.94015e+03  8.93225e-15 +0.00000e+00
  3.34048e-06  2.97667e+03  1.10355e-14 +0.00000e+00
  4.15956e-06  3.01053e+03  1.36566e-14 +0.00000e+00
  5.17947e-06  3.04547e+03  1.69062e-14 +0.00000e+00
  6.44947e-06  3.08010e+03  2.09443e-14 +0.00000e+00
  8.03086e-06  3.11230e+03  2.59828e-14 +0.00000e+00
  1.00000e-05  3.14390e+03  3.22557e-14 +0.00000e+00
  1.24520e-05  3.17420e+03  4.00780e-14 +0.00000e+00
  1.55052e-05  3.20314e+03  4.98375e-14 +0.00000e+00
  1.93070e-05  3.23105e+03  6.20142e-14 +0.00000e+00
  2.40410e-05  3.25794e+03  7.72104e-14 +0.00000e+00
  2.99358e-05  3.28404e+03  9.61750e-14 +0.00000e+00
  3.72759e-05  3.30934e+03  1.19845e-13 +0.00000e+00
  4.64159e-05  3.33400e+03  1.49388e-13 +0.00000e+00
  5.77969e-05  3.35798e+03  1.86259e-13 +0.00000e+00
  7.19686e-05  3.38138e+03  2.32273e-13 +0.00000e+00
  8.96151e-05  3.40415e+03  2.89691e-13 +0.00000e+00
  1.11588e-04  3.42638e+03  3.61322e-13 +0.00000e+00
  1.38950e-04  3.44805e+03  4.50653e-13 +0.00000e+00
  1.73020e-04  3.46923e+03  5.62006e-13 +0.00000e+00
  2.15443e-04  3.48995e+03  7.00718e-13 +0.00000e+00
  2.68270e-04  3.51026e+03  8.73382e-13 +0.00000e+00
  3.34048e-04  3.53020e+03  1.08809e-12 +0.00000e+00
  4.15956e-04  3.54982e+03  1.35475e-12 +0.00000e+00
  5.17947e-04  3.56917e+03  1.68546e-12 +0.00000e+00
  6.44947e-04  3.58831e+03  2.09489e-12 +0.00000e+00
  8.03086e-04  3.60723e+03  2.60076e-12 +0.00000e+00
  1.00000e-03  3.62604e+03  3.22424e-12 +0.00000e+00
  1.24520e-03  3.64474e+03  3.99065e-12 -2.55145e-07
  1.55052e-03  3.66347e+03  4.92960e-12 -3.17706e-07
  1.93070e-03  3.68228e+03  6.07614e-12 -3.95606e-07
  2.40410e-03  3.70123e+03  7.47038e-12 -4.92608e-07
  2.99358e-03  3.72045e+03  9.15912e-12 -6.13394e-07
  3.72759e-03  3.73999e+03  1.11947e-11 -7.63798e-07
  4.64159e-03  3.76006e+03  1.36374e-11 -9.51077e-07
  5.77969e-03  3.78071e+03  1.65534e-11 -1.18428e-06
  7.19686e-03  3.80216e+03  2.00181e-11 -1.47466e-06
  8.96151e-03  3.82455e+03  2.41140e-11 -1.83624e-06
  1.11588e-02  3.84810e+03  2.89318e-11 -2.28648e-06
  1.38950e-02  3.87299e+03  3.45762e-11 -2.84712e-06
  1.73020e-02  3.89938e+03  4.11560e-11 -3.54522e-06
  2.15443e-02  3.92761e+03  4.88014e-11 -4.41450e-06
  2.68270e-02  3.95789e+03  5.76502e-11 -5.49693e-06
  3.34048e-02  3.99061e+03  6.78557e-11 -6.84478e-06
  4.15956e-02  4.02613e+03  7.96001e-11 -8.52307e-06
  5.17947e-02  4.06490e+03  9.30733e-11 -1.06129e-05
  6.44947e-02  4.10753e+03  1.08503e-10 -1.32152e-05
  8.03086e-02  4.15467e+03  1.26148e-10 -1.64555e-05
  1.00000e-01  4.20728e+03  1.46277e-10 -2.04903e-05
  1.24520e-01  4.26624e+03  1.69215e-10 -2.55145e-05
  1.55052e-01  4.33289e+03  1.95282e-10 -3.17706e-05
  1.93070e-01  4.40826e+03  2.24805e-10 -3.95606e-05
  2.40410e-01  4.49328e+03  2.58005e-10 -4.92608e-05
  2.99358e-01  4.58873e+03  2.94821e-10 -6.13394e-05
  3.72759e-01  4.69664e+03  3.34596e-10 -7.63798e-05
  4.64159e-01  4.81761e+03  3.75731e-10 -9.51077e-05
  5.77969e-01  4.95819e+03  4.15056e-10 -1.18428e-04
  7.19686e-01  5.11373e+03  4.49900e-10 -1.47466e-04
  8.96151e-01  5.29521e+03  4.76458e-10 -1.83624e-04
  1.11588e+00  5.50649e+03  4.92270e-10 -2.28648e-04
  1.38950e+00  5.71223e+03  5.01787e-10 -2.84712e-04
  1.73020e+00  6.03022e+03  4.93340e-10 -3.54522e-04
  2.15443e+00  6.28287e+03  4.85428e-10 -4.41450e-04
  2.68270e+00  6.65915e+03  4.62417e-10 -5.49313e-04
  3.34048e+00  6.96477e+03  4.42045e-10 -5.92576e-04
  4.15956e+00  7.62808e+03  3.83867e-10 +2.26798e-02
  5.17947e+00  7.76595e+03  3.71686e-10 +3.63336e-02
  6.44947e+00  7.88975e+03  3.60487e-10 +4.67020e-02
  8.03086e+00  8.00291e+03  3.50077e-10 +5.41138e-02
  1.00000e+01  8.10897e+03  3.40210e-10 +5.94271e-02
  1.24520e+01  8.21072e+03  3.30676e-10 +6.33277e-02
  1.55052e+01  8.31030e+03  3.21327e-10 +6.62474e-02
  1.93070e+01  8.40943e+03  3.12041e-10 +6.84758e-02
  2.40410e+01  8.50958e+03  3.02718e-10 +7.02130e-02
  2.99358e+01  8.61214e+03  2.93308e-10 +7.15590e-02
  3.72759e+01  8.71861e+03  2.83723e-10 +7.26206e-02
  4.64159e+01  8.83065e+03  2.73917e-10 +7.34461e-02
  5.77969e+01  8.95048e+03  2.63846e-10 +7.40618e-02
  7.19686e+01  9.08112e+03  2.53432e-10 +7.44910e-02
  8.96151e+01  9.22715e+03  2.42611e-10 +7.47168e-02
  1.11588e+02  9.39643e+03  2.31221e-10 +7.46915e-02
  1.38950e+02  9.60370e+03  2.19038e-10 +7.42383e-02
  1.73020e+02  9.88404e+03  2.05515e-10 +7.27391e-02
  2.15443e+02  1.03587e+04  1.88819e-10 +6.65305e-02
  2.68270e+02  1.20809e+04  1.57099e-10 +2.72988e-03
  3.34048e+02  2.16630e+04  9.07858e-11 -6.14710e-04
  4.15956e+02  2.37724e+04  9.41081e-11 -6.14710e-04
  5.17947e+02  2.25635e+04  1.13878e-10 -6.14710e-04
  6.44947e+02  2.31344e+04  1.28194e-10 -6.14710e-04
  8.03086e+02  2.52001e+04  1.38803e-10 -6.14710e-04
  1.00000e+03  2.85444e+04  1.49536e-10 -6.14710e-04
