#n1=128 n2=4 Teff=04500 R=1.2726e+12 L=4.7307e+35 logg=+2.00
#      tau          T          rho         Fconv
  0.00000e+00  2.26184e+03  6.77206e-21 +0.00000e+00
  1.00000e-09  2.26184e+03  2.66581e-15 +0.00000e+00
  1.24520e-09  2.26765e+03  3.32559e-15 +0.00000e+00
  1.55052e-09  2.27540e+03  4.14294e-15 +0.00000e+00
  1.93070e-09  2.28464e+03  5.15525e-15 +0.00000e+00
  2.40410e-09  2.29519e+03  6.40830e-15 +0.00000e+00
  2.99358e-09  2.30686e+03  7.95881e-15 +0.00000e+00
  3.72759e-09  2.31966e+03  9.87607e-15 +0.00000e+00
  4.64159e-09  2.33355e+03  1.22455e-14 +0.00000e+00
  5.77969e-09  2.34864e+03  1.51711e-14 +0.00000e+00
  7.19686e-09  2.36495e+03  1.87809e-14 +0.00000e+00
  8.96151e-09  2.38261e+03  2.32304e-14 +0.00000e+00
  1.11588e-08  2.40159e+03  2.87111e-14 +0.00000e+00
  1.38950e-08  2.42195e+03  3.54557e-14 +0.00000e+00
  1.73020e-08  2.44360e+03  4.37507e-14 +0.00000e+00
  2.15443e-08  2.46646e+03  5.39462e-14 +0.00000e+00
  2.68270e-08  2.49036e+03  6.64728e-14 +0.00000e+00
  3.34048e-08  2.51502e+03  8.18629e-14 +0.00000e+00
  4.15956e-08  2.54025e+03  1.00768e-13 +0.00000e+00
  5.17947e-08  2.56567e+03  1.24002e-13 +0.00000e+00
  6.44947e-08  2.59118e+03  1.52554e-13 +0.00000e+00
  8.03086e-08  2.61636e+03  1.87668e-13 +0.00000e+00
  1.00000e-07  2.64133e+03  2.30843e-13 +0.00000e+00
  1.24520e-07  2.66573e+03  2.83968e-13 +0.00000e+00
  1.55052e-07  2.68983e+03  3.49309e-13 +0.00000e+00
  1.93070e-07  2.71342e+03  4.29700e-13 +0.00000e+00
  2.40410e-07  2.73667e+03  5.28573e-13 +0.00000e+00
  2.99358e-07  2.75949e+03  6.50168e-13 +0.00000e+00
  3.72759e-07  2.78190e+03  7.99673e-13 +0.00000e+00
  4.64159e-07  2.80395e+03  9.83389e-13 +0.00000e+00
  5.77969e-07  2.82554e+03  1.20909e-12 +0.00000e+00
  7.19686e-07  2.84680e+03  1.48609e-12 +0.00000e+00
  8.96151e-07  2.86769e+03  1.82583e-12 +0.00000e+00
  1.11588e-06  2.88823e+03  2.24200e-12 +0.00000e+00
  1.38950e-06  2.90851e+03  2.75113e-12 +0.00000e+00
  1.73020e-06  2.92859e+03  3.37287e-12 +0.00000e+00
  2.15443e-06  2.94847e+03  4.13078e-12 +0.00000e+00
  2.68270e-06  2.96826e+03  5.05250e-12 +0.00000e+00
  3.34048e-06  2.98790e+03  6.17070e-12 +0.00000e+00
  4.15956e-06  3.00744e+03  7.52363e-12 +0.00000e+00
  5.17947e-06  3.02694e+03  9.15504e-12 +0.00000e+00
  6.44947e-06  3.04638e+03  1.11163e-11 +0.00000e+00
  8.03086e-06  3.06575e+03  1.34648e-11 +0.00000e+00
  1.00000e-05  3.08510e+03  1.62670e-11 +0.00000e+00
  1.24520e-05  3.10447e+03  1.95959e-11 +0.00000e+00
  1.55052e-05  3.12384e+03  2.35346e-11 +0.00000e+00
  1.93070e-05  3.14321e+03  2.81757e-11 +0.00000e+00
  2.40410e-05  3.16253e+03  3.36193e-11 +0.00000e+00
  2.99358e-05  3.18178e+03  3.99823e-11 +0.00000e+00
  3.72759e-05  3.20101e+03  4.73862e-11 +0.00000e+00
  4.64159e-05  3.22009e+03  5.59712e-11 +0.00000e+00
  5.77969e-05  3.23898e+03  6.58967e-11 +0.00000e+00
  7.19686e-05  3.25769e+03  7.73268e-11 +0.00000e+00
  8.96151e-05  3.27617e+03  9.04629e-11 +0.00000e+00
  1.11588e-04  3.29432e+03  1.05524e-10 +0.00000e+00
  1.38950e-04  3.31215e+03  1.22742e-10 +0.00000e+00
  1.73020e-04  3.32970e+03  1.42409e-10 +0.00000e+00
  2.15443e-04  3.34696e+03  1.64827e-10 +0.00000e+00
  2.68270e-04  3.36394e+03  1.90330e-10 +0.00000e+00
  3.34048e-04  3.38066e+03  2.19332e-10 +0.00000e+00
  4.15956e-04  3.39716e+03  2.52269e-10 +0.00000e+00
  5.17947e-04  3.41345e+03  2.89611e-10 +0.00000e+00
  6.44947e-04  3.42960e+03  3.31940e-10 +0.00000e+00
  8.03086e-04  3.44563e+03  3.79891e-10 +0.00000e+00
  1.00000e-03  3.46164e+03  4.34117e-10 +0.00000e+00
  1.24520e-03  3.47763e+03  4.95408e-10 -2.54627e-07
  1.55052e-03  3.49374e+03  5.64674e-10 -3.17061e-07
  1.93070e-03  3.51001e+03  6.42830e-10 -3.94804e-07
  2.40410e-03  3.52654e+03  7.30890e-10 -4.91609e-07
  2.99358e-03  3.54342e+03  8.30126e-10 -6.12151e-07
  3.72759e-03  3.56068e+03  9.41825e-10 -7.62247e-07
  4.64159e-03  3.57852e+03  1.06729e-09 -9.49146e-07
  5.77969e-03  3.59699e+03  1.20811e-09 -1.18187e-06
  7.19686e-03  3.61630e+03  1.36603e-09 -1.47167e-06
  8.96151e-03  3.63656e+03  1.54275e-09 -1.83252e-06
  1.11588e-02  3.65797e+03  1.74004e-09 -2.28184e-06
  1.38950e-02  3.68068e+03  1.96013e-09 -2.84135e-06
  1.73020e-02  3.70480e+03  2.20522e-09 -3.53804e-06
  2.15443e-02  3.73058e+03  2.47737e-09 -4.40553e-06
  2.68270e-02  3.75822e+03  2.77884e-09 -5.48576e-06
  3.34048e-02  3.78796e+03  3.11248e-09 -6.83086e-06
  4.15956e-02  3.82008e+03  3.48065e-09 -8.50579e-06
  5.17947e-02  3.85494e+03  3.88551e-09 -1.05914e-05
  6.44947e-02  3.89310e+03  4.32938e-09 -1.31884e-05
  8.03086e-02  3.93546e+03  4.81453e-09 -1.64221e-05
  1.00000e-01  3.98217e+03  5.34322e-09 -2.04487e-05
  1.24520e-01  4.03411e+03  5.91679e-09 -2.54627e-05
  1.55052e-01  4.09157e+03  6.53850e-09 -3.17061e-05
  1.93070e-01  4.15625e+03  7.21055e-09 -3.94804e-05
  2.40410e-01  4.23006e+03  7.93353e-09 -4.91609e-05
  2.99358e-01  4.31620e+03  8.70604e-09 -6.12151e-05
  3.72759e-01  4.41567e+03  9.53415e-09 -7.62247e-05
  4.64159e-01  4.52129e+03  1.04493e-08 -9.49146e-05
  5.77969e-01  4.64396e+03  1.14453e-08 -1.18187e-04
  7.19686e-01  4.78358e+03  1.25448e-08 -1.47167e-04
  8.96151e-01  4.94076e+03  1.37717e-08 -1.83252e-04
  1.11588e+00  5.11473e+03  1.51304e-08 -2.28184e-04
  1.38950e+00  5.30944e+03  1.65448e-08 -2.84135e-04
  1.73020e+00  5.52622e+03  1.78549e-08 -3.53804e-04
  2.15443e+00  5.76147e+03  1.88946e-08 -4.40553e-04
  2.68270e+00  6.05636e+03  1.93849e-08 -5.48399e-04
  3.34048e+00  6.35142e+03  1.95490e-08 -6.05771e-04
  4.15956e+00  6.74576e+03  1.91148e-08 -1.96033e-04
  5.17947e+00  7.10824e+03  1.85810e-08 +5.76121e-03
  6.44947e+00  7.32871e+03  1.83758e-08 +1.76478e-02
  8.03086e+00  7.53049e+03  1.81873e-08 +3.16516e-02
  1.00000e+01  7.70823e+03  1.80420e-08 +4.32607e-02
  1.24520e+01  7.86574e+03  1.79392e-08 +5.18613e-02
  1.55052e+01  8.00811e+03  1.78725e-08 +5.81172e-02
  1.93070e+01  8.13948e+03  1.78361e-08 +6.27229e-02
  2.40410e+01  8.26286e+03  1.78260e-08 +6.61770e-02
  2.99358e+01  8.38042e+03  1.78397e-08 +6.88115e-02
  3.72759e+01  8.49380e+03  1.78757e-08 +7.08558e-02
  4.64159e+01  8.60414e+03  1.79332e-08 +7.24665e-02
  5.77969e+01  8.71231e+03  1.80121e-08 +7.37506e-02
  7.19686e+01  8.81895e+03  1.81129e-08 +7.47822e-02
  8.96151e+01  8.92398e+03  1.82382e-08 +7.56753e-02
  1.11588e+02  9.02792e+03  1.83895e-08 +7.63206e-02
  1.38950e+02  9.13271e+03  1.85624e-08 +7.68420e-02
  1.73020e+02  9.23877e+03  1.87566e-08 +7.72769e-02
  2.15443e+02  9.34608e+03  1.89736e-08 +7.76460e-02
  2.68270e+02  9.45449e+03  1.92155e-08 +7.79584e-02
  3.34048e+02  9.56390e+03  1.94849e-08 +7.82216e-02
  4.15956e+02  9.67429e+03  1.97842e-08 +7.84428e-02
  5.17947e+02  9.78560e+03  2.01167e-08 +7.86290e-02
  6.44947e+02  9.89771e+03  2.04861e-08 +7.87865e-02
  8.03086e+02  1.00105e+04  2.08976e-08 +7.89190e-02
  1.00000e+03  1.01237e+04  2.13608e-08 +7.90308e-02
