#n1=128 n2=4 Teff=04200 R=1.6390e+11 L=5.9555e+33 logg=+3.50
#      tau          T          rho         Fconv
  0.00000e+00  2.25209e+03  6.80155e-21 +0.00000e+00
  1.00000e-09  2.25209e+03  9.17930e-14 +0.00000e+00
  1.24520e-09  2.25884e+03  1.14058e-13 +0.00000e+00
  1.55052e-09  2.26765e+03  1.41572e-13 +0.00000e+00
  1.93070e-09  2.27791e+03  1.75584e-13 +0.00000e+00
  2.40410e-09  2.28889e+03  2.17670e-13 +0.00000e+00
  2.99358e-09  2.30072e+03  2.69710e-13 +0.00000e+00
  3.72759e-09  2.31292e+03  3.34097e-13 +0.00000e+00
  4.64159e-09  2.32585e+03  4.13677e-13 +0.00000e+00
  5.77969e-09  2.33909e+03  5.12081e-13 +0.00000e+00
  7.19686e-09  2.35299e+03  6.33627e-13 +0.00000e+00
  8.96151e-09  2.36729e+03  7.83777e-13 +0.00000e+00
  1.11588e-08  2.38221e+03  9.69085e-13 +0.00000e+00
  1.38950e-08  2.39763e+03  1.19772e-12 +0.00000e+00
  1.73020e-08  2.41366e+03  1.47959e-12 +0.00000e+00
  2.15443e-08  2.43020e+03  1.82690e-12 +0.00000e+00
  2.68270e-08  2.44727e+03  2.25451e-12 +0.00000e+00
  3.34048e-08  2.46478e+03  2.78066e-12 +0.00000e+00
  4.15956e-08  2.48271e+03  3.42745e-12 +0.00000e+00
  5.17947e-08  2.50095e+03  4.22187e-12 +0.00000e+00
  6.44947e-08  2.51951e+03  5.19642e-12 +0.00000e+00
  8.03086e-08  2.53824e+03  6.39068e-12 +0.00000e+00
  1.00000e-07  2.55723e+03  7.85162e-12 +0.00000e+00
  1.24520e-07  2.57621e+03  9.63659e-12 +0.00000e+00
  1.55052e-07  2.59531e+03  1.18125e-11 +0.00000e+00
  1.93070e-07  2.61434e+03  1.44599e-11 +0.00000e+00
  2.40410e-07  2.63335e+03  1.76725e-11 +0.00000e+00
  2.99358e-07  2.65230e+03  2.15601e-11 +0.00000e+00
  3.72759e-07  2.67104e+03  2.62515e-11 +0.00000e+00
  4.64159e-07  2.68973e+03  3.18912e-11 +0.00000e+00
  5.77969e-07  2.70805e+03  3.86514e-11 +0.00000e+00
  7.19686e-07  2.72627e+03  4.67181e-11 +0.00000e+00
  8.96151e-07  2.74415e+03  5.63105e-11 +0.00000e+00
  1.11588e-06  2.76177e+03  6.76682e-11 +0.00000e+00
  1.38950e-06  2.77922e+03  8.10554e-11 +0.00000e+00
  1.73020e-06  2.79636e+03  9.67765e-11 +0.00000e+00
  2.15443e-06  2.81338e+03  1.15149e-10 +0.00000e+00
  2.68270e-06  2.83021e+03  1.36543e-10 +0.00000e+00
  3.34048e-06  2.84687e+03  1.61355e-10 +0.00000e+00
  4.15956e-06  2.86349e+03  1.90013e-10 +0.00000e+00
  5.17947e-06  2.87995e+03  2.23023e-10 +0.00000e+00
  6.44947e-06  2.89629e+03  2.60909e-10 +0.00000e+00
  8.03086e-06  2.91261e+03  3.04263e-10 +0.00000e+00
  1.00000e-05  2.92882e+03  3.53770e-10 +0.00000e+00
  1.24520e-05  2.94495e+03  4.10148e-10 +0.00000e+00
  1.55052e-05  2.96101e+03  4.74230e-10 +0.00000e+00
  1.93070e-05  2.97692e+03  5.46986e-10 +0.00000e+00
  2.40410e-05  2.99273e+03  6.29413e-10 +0.00000e+00
  2.99358e-05  3.00845e+03  7.22692e-10 +0.00000e+00
  3.72759e-05  3.02402e+03  8.28196e-10 +0.00000e+00
  4.64159e-05  3.03935e+03  9.47414e-10 +0.00000e+00
  5.77969e-05  3.05436e+03  1.08208e-09 +0.00000e+00
  7.19686e-05  3.06919e+03  1.23414e-09 +0.00000e+00
  8.96151e-05  3.08378e+03  1.40578e-09 +0.00000e+00
  1.11588e-04  3.09799e+03  1.59951e-09 +0.00000e+00
  1.38950e-04  3.11187e+03  1.81822e-09 +0.00000e+00
  1.73020e-04  3.12548e+03  2.06517e-09 +0.00000e+00
  2.15443e-04  3.13872e+03  2.34395e-09 +0.00000e+00
  2.68270e-04  3.15152e+03  2.65886e-09 +0.00000e+00
  3.34048e-04  3.16410e+03  3.01459e-09 +0.00000e+00
  4.15956e-04  3.17647e+03  3.41639e-09 +0.00000e+00
  5.17947e-04  3.18859e+03  3.87019e-09 +0.00000e+00
  6.44947e-04  3.20059e+03  4.38275e-09 +0.00000e+00
  8.03086e-04  3.21260e+03  4.96165e-09 +0.00000e+00
  1.00000e-03  3.22470e+03  5.61487e-09 +0.00000e+00
  1.24520e-03  3.23690e+03  6.35182e-09 -2.54585e-07
  1.55052e-03  3.24936e+03  7.18297e-09 -3.17009e-07
  1.93070e-03  3.26210e+03  8.11999e-09 -3.94739e-07
  2.40410e-03  3.27521e+03  9.17512e-09 -4.91527e-07
  2.99358e-03  3.28889e+03  1.03622e-08 -6.12047e-07
  3.72759e-03  3.30325e+03  1.16968e-08 -7.62120e-07
  4.64159e-03  3.31849e+03  1.31941e-08 -9.48991e-07
  5.77969e-03  3.33475e+03  1.48710e-08 -1.18168e-06
  7.19686e-03  3.35213e+03  1.67467e-08 -1.47142e-06
  8.96151e-03  3.37079e+03  1.88409e-08 -1.83221e-06
  1.11588e-02  3.39095e+03  2.11720e-08 -2.28147e-06
  1.38950e-02  3.41273e+03  2.37610e-08 -2.84087e-06
  1.73020e-02  3.43629e+03  2.66294e-08 -3.53745e-06
  2.15443e-02  3.46179e+03  2.97981e-08 -4.40482e-06
  2.68270e-02  3.48950e+03  3.32844e-08 -5.48487e-06
  3.34048e-02  3.51979e+03  3.71039e-08 -6.82974e-06
  4.15956e-02  3.55311e+03  4.12674e-08 -8.50437e-06
  5.17947e-02  3.59079e+03  4.57612e-08 -1.05896e-05
  6.44947e-02  3.63212e+03  5.05936e-08 -1.31862e-05
  8.03086e-02  3.67686e+03  5.57704e-08 -1.64194e-05
  1.00000e-01  3.72127e+03  6.13866e-08 -2.04454e-05
  1.24520e-01  3.76705e+03  6.74483e-08 -2.54585e-05
  1.55052e-01  3.81505e+03  7.39629e-08 -3.17009e-05
  1.93070e-01  3.86662e+03  8.09233e-08 -3.94739e-05
  2.40410e-01  3.93651e+03  8.78611e-08 -4.91527e-05
  2.99358e-01  4.01192e+03  9.49878e-08 -6.12047e-05
  3.72759e-01  4.09406e+03  1.02257e-07 -7.62120e-05
  4.64159e-01  4.18501e+03  1.09601e-07 -9.48991e-05
  5.77969e-01  4.28886e+03  1.16878e-07 -1.18168e-04
  7.19686e-01  4.41035e+03  1.23926e-07 -1.47142e-04
  8.96151e-01  4.55340e+03  1.30646e-07 -1.83203e-04
  1.11588e+00  4.71404e+03  1.37303e-07 -2.27897e-04
  1.38950e+00  4.89888e+03  1.43972e-07 -2.83548e-04
  1.73020e+00  5.10846e+03  1.50991e-07 -3.53589e-04
  2.15443e+00  5.34360e+03  1.58693e-07 -4.40482e-04
  2.68270e+00  5.60596e+03  1.67014e-07 -5.48487e-04
  3.34048e+00  5.86495e+03  1.75943e-07 -6.13362e-04
  4.15956e+00  6.25409e+03  1.78939e-07 -1.54509e-04
  5.17947e+00  6.54633e+03  1.81974e-07 +5.78775e-03
  6.44947e+00  6.76098e+03  1.85753e-07 +1.66022e-02
  8.03086e+00  6.96337e+03  1.89043e-07 +2.82547e-02
  1.00000e+01  7.15065e+03  1.92197e-07 +3.82958e-02
  1.24520e+01  7.32454e+03  1.95394e-07 +4.63318e-02
  1.55052e+01  7.48766e+03  1.98727e-07 +5.26754e-02
  1.93070e+01  7.64226e+03  2.02258e-07 +5.77040e-02
  2.40410e+01  7.79012e+03  2.06037e-07 +6.17035e-02
  2.99358e+01  7.93279e+03  2.10098e-07 +6.48885e-02
  3.72759e+01  8.07161e+03  2.14468e-07 +6.74415e-02
  4.64159e+01  8.20755e+03  2.19176e-07 +6.95178e-02
  5.77969e+01  8.34128e+03  2.24250e-07 +7.12188e-02
  7.19686e+01  8.47333e+03  2.29721e-07 +7.26166e-02
  8.96151e+01  8.60428e+03  2.35614e-07 +7.37599e-02
  1.11588e+02  8.73451e+03  2.41955e-07 +7.47167e-02
  1.38950e+02  8.86391e+03  2.48792e-07 +7.55296e-02
  1.73020e+02  8.99206e+03  2.56185e-07 +7.62228e-02
  2.15443e+02  9.11856e+03  2.64210e-07 +7.68066e-02
  2.68270e+02  9.24331e+03  2.72946e-07 +7.72913e-02
  3.34048e+02  9.36645e+03  2.82470e-07 +7.76903e-02
  4.15956e+02  9.48829e+03  2.92860e-07 +7.80157e-02
  5.17947e+02  9.60918e+03  3.04196e-07 +7.82838e-02
  6.44947e+02  9.72930e+03  3.16567e-07 +7.85054e-02
  8.03086e+02  9.84887e+03  3.30073e-07 +7.86873e-02
  1.00000e+03  9.96811e+03  3.44816e-07 +7.88376e-02
