#n1=128 n2=4 Teff=04000 R=3.1766e+13 L=1.8373e+38 logg=-0.50
#   tau          T          rho         Fconv
 0.00000e+00 1.58411e+03 9.43534e-21 +0.00000e+00
 1.00000e-09 1.58411e+03 5.65246e-18 +0.00000e+00
 1.24520e-09 1.59136e+03 7.05398e-18 +0.00000e+00
 1.55052e-09 1.59856e+03 8.80398e-18 +0.00000e+00
 1.93070e-09 1.60565e+03 1.09896e-17 +0.00000e+00
 2.40410e-09 1.61297e+03 1.37168e-17 +0.00000e+00
 2.99358e-09 1.62021e+03 1.71225e-17 +0.00000e+00
 3.72759e-09 1.62766e+03 2.13722e-17 +0.00000e+00
 4.64159e-09 1.63505e+03 2.66788e-17 +0.00000e+00
 5.77969e-09 1.64263e+03 3.33007e-17 +0.00000e+00
 7.19686e-09 1.65018e+03 4.15684e-17 +0.00000e+00
 8.96151e-09 1.65789e+03 5.18860e-17 +0.00000e+00
 1.11588e-08 1.66560e+03 6.47666e-17 +0.00000e+00
 1.38950e-08 1.67345e+03 8.08413e-17 +0.00000e+00
 1.73020e-08 1.68133e+03 1.00907e-16 +0.00000e+00
 2.15443e-08 1.68933e+03 1.25950e-16 +0.00000e+00
 2.68270e-08 1.69738e+03 1.57207e-16 +0.00000e+00
 3.34048e-08 1.70553e+03 1.96217e-16 +0.00000e+00
 4.15956e-08 1.71378e+03 2.44901e-16 +0.00000e+00
 5.17947e-08 1.72207e+03 3.05669e-16 +0.00000e+00
 6.44947e-08 1.73049e+03 3.81499e-16 +0.00000e+00
 8.03086e-08 1.73895e+03 4.76149e-16 +0.00000e+00
 1.00000e-07 1.74757e+03 5.94244e-16 +0.00000e+00
 1.24520e-07 1.75620e+03 7.41652e-16 +0.00000e+00
 1.55052e-07 1.76504e+03 9.25549e-16 +0.00000e+00
 1.93070e-07 1.77387e+03 1.15510e-15 +0.00000e+00
 2.40410e-07 1.78295e+03 1.44143e-15 +0.00000e+00
 2.99358e-07 1.79199e+03 1.79885e-15 +0.00000e+00
 3.72759e-07 1.80132e+03 2.24460e-15 +0.00000e+00
 4.64159e-07 1.81060e+03 2.80102e-15 +0.00000e+00
 5.77969e-07 1.82017e+03 3.49492e-15 +0.00000e+00
 7.19686e-07 1.82967e+03 4.36115e-15 +0.00000e+00
 8.96151e-07 1.83954e+03 5.44108e-15 +0.00000e+00
 1.11588e-06 1.84933e+03 6.78912e-15 +0.00000e+00
 1.38950e-06 1.85957e+03 8.46929e-15 +0.00000e+00
 1.73020e-06 1.86972e+03 1.05665e-14 +0.00000e+00
 2.15443e-06 1.88032e+03 1.31801e-14 +0.00000e+00
 2.68270e-06 1.89083e+03 1.64421e-14 +0.00000e+00
 3.34048e-06 1.90193e+03 2.05054e-14 +0.00000e+00
 4.15956e-06 1.91296e+03 2.55756e-14 +0.00000e+00
 5.17947e-06 1.92463e+03 3.18897e-14 +0.00000e+00
 6.44947e-06 1.93628e+03 3.97656e-14 +0.00000e+00
 8.03086e-06 1.94882e+03 4.95644e-14 +0.00000e+00
 1.00000e-05 1.96149e+03 6.17782e-14 +0.00000e+00
 1.24520e-05 1.97568e+03 7.69413e-14 +0.00000e+00
 1.55052e-05 1.99139e+03 9.57536e-14 +0.00000e+00
 1.93070e-05 2.01154e+03 1.18887e-13 +0.00000e+00
 2.40410e-05 2.03832e+03 1.47113e-13 +0.00000e+00
 2.99358e-05 2.07226e+03 1.81430e-13 +0.00000e+00
 3.72759e-05 2.11413e+03 2.22992e-13 +0.00000e+00
 4.64159e-05 2.16173e+03 2.73526e-13 +0.00000e+00
 5.77969e-05 2.21238e+03 3.35306e-13 +0.00000e+00
 7.19686e-05 2.26162e+03 4.11622e-13 +0.00000e+00
 8.96151e-05 2.30983e+03 5.05863e-13 +0.00000e+00
 1.11588e-04 2.35688e+03 6.22340e-13 +0.00000e+00
 1.38950e-04 2.39684e+03 7.68314e-13 +0.00000e+00
 1.73020e-04 2.43904e+03 9.47993e-13 +0.00000e+00
 2.15443e-04 2.47911e+03 1.17115e-12 +0.00000e+00
 2.68270e-04 2.51759e+03 1.44826e-12 +0.00000e+00
 3.34048e-04 2.55324e+03 1.79348e-12 +0.00000e+00
 4.15956e-04 2.58413e+03 2.22571e-12 +0.00000e+00
 5.17947e-04 2.61260e+03 2.76524e-12 +0.00000e+00
 6.44947e-04 2.64254e+03 3.43425e-12 +0.00000e+00
 8.03086e-04 2.67247e+03 4.26583e-12 +0.00000e+00
 1.00000e-03 2.70131e+03 5.30177e-12 +0.00000e+00
 1.24520e-03 2.72814e+03 6.59502e-12 -2.55024e-07
 1.55052e-03 2.75400e+03 8.20745e-12 -3.17556e-07
 1.93070e-03 2.77861e+03 1.02194e-11 -3.95419e-07
 2.40410e-03 2.80210e+03 1.27303e-11 -4.92375e-07
 2.99358e-03 2.82470e+03 1.58632e-11 -6.13104e-07
 3.72759e-03 2.84648e+03 1.97723e-11 -7.63438e-07
 4.64159e-03 2.86761e+03 2.46486e-11 -9.50625e-07
 5.77969e-03 2.88831e+03 3.07286e-11 -1.18372e-06
 7.19686e-03 2.90849e+03 3.83089e-11 -1.47397e-06
 8.96151e-03 2.92839e+03 4.77531e-11 -1.83537e-06
 1.11588e-02 2.94810e+03 5.95121e-11 -2.28541e-06
 1.38950e-02 2.96768e+03 7.41434e-11 -2.84577e-06
 1.73020e-02 2.98734e+03 9.23268e-11 -3.54356e-06
 2.15443e-02 3.00726e+03 1.14896e-10 -4.41242e-06
 2.68270e-02 3.02772e+03 1.42858e-10 -5.49433e-06
 3.34048e-02 3.04909e+03 1.77427e-10 -6.84153e-06
 4.15956e-02 3.07165e+03 2.20057e-10 -8.51903e-06
 5.17947e-02 3.09522e+03 2.72525e-10 -1.06079e-05
 6.44947e-02 3.12032e+03 3.36867e-10 -1.32089e-05
 8.03086e-02 3.14747e+03 4.15461e-10 -1.64477e-05
 1.00000e-01 3.17710e+03 5.11016e-10 -2.04806e-05
 1.24520e-01 3.21055e+03 6.26447e-10 -2.55024e-05
 1.55052e-01 3.24722e+03 7.65281e-10 -3.17556e-05
 1.93070e-01 3.28834e+03 9.31074e-10 -3.95419e-05
 2.40410e-01 3.33497e+03 1.12748e-09 -4.92375e-05
 2.99358e-01 3.38823e+03 1.35827e-09 -6.13104e-05
 3.72759e-01 3.44947e+03 1.62714e-09 -7.63438e-05
 4.64159e-01 3.51914e+03 1.93824e-09 -9.50625e-05
 5.77969e-01 3.59867e+03 2.29571e-09 -1.18372e-04
 7.19686e-01 3.68975e+03 2.70333e-09 -1.47397e-04
 8.96151e-01 3.79456e+03 3.16355e-09 -1.83537e-04
 1.11588e+00 3.91604e+03 3.66991e-09 -2.28541e-04
 1.38950e+00 4.05821e+03 4.18963e-09 -2.84577e-04
 1.73020e+00 4.22547e+03 4.64829e-09 -3.54356e-04
 2.15443e+00 4.43682e+03 4.93254e-09 -4.41240e-04
 2.68270e+00 4.68309e+03 5.01358e-09 -5.49063e-04
 3.34048e+00 4.94790e+03 4.95378e-09 -5.95013e-04
 4.15956e+00 5.26812e+03 4.77028e-09 +1.70273e-04
 5.17947e+00 5.63529e+03 4.51856e-09 +1.10932e-02
 6.44947e+00 5.87509e+03 4.37122e-09 +2.72607e-02
 8.03086e+00 6.07473e+03 4.25579e-09 +4.08033e-02
 1.00000e+01 6.24409e+03 4.16389e-09 +5.04207e-02
 1.24520e+01 6.39267e+03 4.08795e-09 +5.72103e-02
 1.55052e+01 6.52688e+03 4.02313e-09 +6.21242e-02
 1.93070e+01 6.65084e+03 3.96637e-09 +6.57786e-02
 2.40410e+01 6.76730e+03 3.91573e-09 +6.85595e-02
 2.99358e+01 6.87813e+03 3.86992e-09 +7.07140e-02
 3.72759e+01 6.98468e+03 3.82801e-09 +7.24084e-02
 4.64159e+01 7.08788e+03 3.78937e-09 +7.37549e-02
 5.77969e+01 7.18846e+03 3.75353e-09 +7.48357e-02
 7.19686e+01 7.28697e+03 3.72014e-09 +7.57095e-02
 8.96151e+01 7.38383e+03 3.68893e-09 +7.64190e-02
 1.11588e+02 7.47936e+03 3.65969e-09 +7.69973e-02
 1.38950e+02 7.57385e+03 3.63227e-09 +7.74708e-02
 1.73020e+02 7.66751e+03 3.60655e-09 +7.78594e-02
 2.15443e+02 7.76054e+03 3.58244e-09 +7.81789e-02
 2.68270e+02 7.85310e+03 3.55986e-09 +7.84419e-02
 3.34048e+02 7.94534e+03 3.53876e-09 +7.86593e-02
 4.15956e+02 8.03740e+03 3.51913e-09 +7.88380e-02
 5.17947e+02 8.12942e+03 3.50092e-09 +7.89864e-02
 6.44947e+02 8.22151e+03 3.48419e-09 +7.91086e-02
 8.03086e+02 8.31380e+03 3.46889e-09 +7.92100e-02
 1.00000e+03 8.40643e+03 3.45512e-09 +7.92942e-02
