#n1=128 n2=4 Teff=04500 R=2.0086e+13 L=1.1788e+38 logg=+0.00
#   tau          T          rho         Fconv
 0.00000e+00 1.90043e+03 8.18061e-21 +0.00000e+00
 1.00000e-09 1.90043e+03 2.37369e-17 +0.00000e+00
 1.24520e-09 1.90951e+03 2.95512e-17 +0.00000e+00
 1.55052e-09 1.91879e+03 3.67775e-17 +0.00000e+00
 1.93070e-09 1.92837e+03 4.57549e-17 +0.00000e+00
 2.40410e-09 1.93809e+03 5.69119e-17 +0.00000e+00
 2.99358e-09 1.94802e+03 7.07741e-17 +0.00000e+00
 3.72759e-09 1.95816e+03 8.79961e-17 +0.00000e+00
 4.64159e-09 1.96841e+03 1.09396e-16 +0.00000e+00
 5.77969e-09 1.97909e+03 1.35965e-16 +0.00000e+00
 7.19686e-09 1.98986e+03 1.68974e-16 +0.00000e+00
 8.96151e-09 2.00125e+03 2.09929e-16 +0.00000e+00
 1.11588e-08 2.01265e+03 2.60806e-16 +0.00000e+00
 1.38950e-08 2.02481e+03 3.23892e-16 +0.00000e+00
 1.73020e-08 2.03710e+03 4.02212e-16 +0.00000e+00
 2.15443e-08 2.05046e+03 4.99210e-16 +0.00000e+00
 2.68270e-08 2.06401e+03 6.19547e-16 +0.00000e+00
 3.34048e-08 2.07901e+03 7.68353e-16 +0.00000e+00
 4.15956e-08 2.09479e+03 9.52541e-16 +0.00000e+00
 5.17947e-08 2.11292e+03 1.17953e-15 +0.00000e+00
 6.44947e-08 2.13310e+03 1.45914e-15 +0.00000e+00
 8.03086e-08 2.15834e+03 1.80054e-15 +0.00000e+00
 1.00000e-07 2.18904e+03 2.21571e-15 +0.00000e+00
 1.24520e-07 2.22566e+03 2.71812e-15 +0.00000e+00
 1.55052e-07 2.26595e+03 3.32686e-15 +0.00000e+00
 1.93070e-07 2.30892e+03 4.06351e-15 +0.00000e+00
 2.40410e-07 2.35328e+03 4.95479e-15 +0.00000e+00
 2.99358e-07 2.39841e+03 6.03174e-15 +0.00000e+00
 3.72759e-07 2.44197e+03 7.33823e-15 +0.00000e+00
 4.64159e-07 2.48626e+03 8.91407e-15 +0.00000e+00
 5.77969e-07 2.53095e+03 1.08130e-14 +0.00000e+00
 7.19686e-07 2.57353e+03 1.31153e-14 +0.00000e+00
 8.96151e-07 2.61545e+03 1.59016e-14 +0.00000e+00
 1.11588e-06 2.65629e+03 1.92816e-14 +0.00000e+00
 1.38950e-06 2.69632e+03 2.33851e-14 +0.00000e+00
 1.73020e-06 2.73514e+03 2.83804e-14 +0.00000e+00
 2.15443e-06 2.77286e+03 3.44710e-14 +0.00000e+00
 2.68270e-06 2.80917e+03 4.19157e-14 +0.00000e+00
 3.34048e-06 2.84412e+03 5.10337e-14 +0.00000e+00
 4.15956e-06 2.87755e+03 6.22220e-14 +0.00000e+00
 5.17947e-06 2.90952e+03 7.59775e-14 +0.00000e+00
 6.44947e-06 2.94003e+03 9.29092e-14 +0.00000e+00
 8.03086e-06 2.96915e+03 1.13784e-13 +0.00000e+00
 1.00000e-05 2.99700e+03 1.39533e-13 +0.00000e+00
 1.24520e-05 3.02372e+03 1.71328e-13 +0.00000e+00
 1.55052e-05 3.04940e+03 2.10594e-13 +0.00000e+00
 1.93070e-05 3.07416e+03 2.59109e-13 +0.00000e+00
 2.40410e-05 3.09809e+03 3.19046e-13 +0.00000e+00
 2.99358e-05 3.12129e+03 3.93086e-13 +0.00000e+00
 3.72759e-05 3.14386e+03 4.84503e-13 +0.00000e+00
 4.64159e-05 3.16583e+03 5.97308e-13 +0.00000e+00
 5.77969e-05 3.18724e+03 7.36422e-13 +0.00000e+00
 7.19686e-05 3.20814e+03 9.07743e-13 +0.00000e+00
 8.96151e-05 3.22856e+03 1.11854e-12 +0.00000e+00
 1.11588e-04 3.24845e+03 1.37743e-12 +0.00000e+00
 1.38950e-04 3.26785e+03 1.69496e-12 +0.00000e+00
 1.73020e-04 3.28682e+03 2.08335e-12 +0.00000e+00
 2.15443e-04 3.30538e+03 2.55756e-12 +0.00000e+00
 2.68270e-04 3.32353e+03 3.13460e-12 +0.00000e+00
 3.34048e-04 3.34134e+03 3.83504e-12 +0.00000e+00
 4.15956e-04 3.35882e+03 4.68198e-12 +0.00000e+00
 5.17947e-04 3.37603e+03 5.70267e-12 +0.00000e+00
 6.44947e-04 3.39301e+03 6.92800e-12 +0.00000e+00
 8.03086e-04 3.40981e+03 8.39245e-12 +0.00000e+00
 1.00000e-03 3.42653e+03 1.01366e-11 +0.00000e+00
 1.24520e-03 3.44320e+03 1.22031e-11 -2.54562e-07
 1.55052e-03 3.45996e+03 1.46432e-11 -3.16979e-07
 1.93070e-03 3.47688e+03 1.75101e-11 -3.94702e-07
 2.40410e-03 3.49407e+03 2.08644e-11 -4.91482e-07
 2.99358e-03 3.51164e+03 2.47752e-11 -6.11993e-07
 3.72759e-03 3.52965e+03 2.93116e-11 -7.62050e-07
 4.64159e-03 3.54832e+03 3.45598e-11 -9.48901e-07
 5.77969e-03 3.56775e+03 4.06062e-11 -1.18157e-06
 7.19686e-03 3.58816e+03 4.75414e-11 -1.47129e-06
 8.96151e-03 3.60972e+03 5.54821e-11 -1.83204e-06
 1.11588e-02 3.63268e+03 6.45331e-11 -2.28126e-06
 1.38950e-02 3.65724e+03 7.48136e-11 -2.84061e-06
 1.73020e-02 3.68359e+03 8.64764e-11 -3.53712e-06
 2.15443e-02 3.71206e+03 9.96526e-11 -4.40439e-06
 2.68270e-02 3.74296e+03 1.14491e-10 -5.48434e-06
 3.34048e-02 3.77659e+03 1.31192e-10 -6.82910e-06
 4.15956e-02 3.81344e+03 1.49923e-10 -8.50360e-06
 5.17947e-02 3.85383e+03 1.70875e-10 -1.05887e-05
 6.44947e-02 3.89845e+03 1.94319e-10 -1.31850e-05
 8.03086e-02 3.94821e+03 2.20488e-10 -1.64178e-05
 1.00000e-01 4.00325e+03 2.49686e-10 -2.04435e-05
 1.24520e-01 4.06431e+03 2.82338e-10 -2.54562e-05
 1.55052e-01 4.13147e+03 3.19020e-10 -3.16979e-05
 1.93070e-01 4.20596e+03 3.60282e-10 -3.94702e-05
 2.40410e-01 4.28895e+03 4.06921e-10 -4.91482e-05
 2.99358e-01 4.38233e+03 4.59912e-10 -6.11993e-05
 3.72759e-01 4.48601e+03 5.20437e-10 -7.62050e-05
 4.64159e-01 4.59480e+03 5.90138e-10 -9.48901e-05
 5.77969e-01 4.71664e+03 6.68636e-10 -1.18157e-04
 7.19686e-01 4.85442e+03 7.54606e-10 -1.47129e-04
 8.96151e-01 5.01048e+03 8.43772e-10 -1.83204e-04
 1.11588e+00 5.18747e+03 9.27612e-10 -2.28126e-04
 1.38950e+00 5.39058e+03 9.95715e-10 -2.84061e-04
 1.73020e+00 5.62504e+03 1.03976e-09 -3.53712e-04
 2.15443e+00 5.88086e+03 1.06050e-09 -4.40439e-04
 2.68270e+00 6.19689e+03 1.05167e-09 -5.48434e-04
 3.34048e+00 6.55168e+03 1.02039e-09 -6.13188e-04
 4.15956e+00 6.83743e+03 9.92631e-10 -6.08259e-04
 5.17947e+00 7.48217e+03 8.88341e-10 +7.45565e-03
 6.44947e+00 7.66352e+03 8.60843e-10 +2.25949e-02
 8.03086e+00 7.82303e+03 8.35772e-10 +3.76861e-02
 1.00000e+01 7.96092e+03 8.13692e-10 +4.85685e-02
 1.24520e+01 8.08347e+03 7.93861e-10 +5.60098e-02
 1.55052e+01 8.19598e+03 7.75541e-10 +6.11924e-02
 1.93070e+01 8.30214e+03 7.58204e-10 +6.49204e-02
 2.40410e+01 8.40451e+03 7.41469e-10 +6.76919e-02
 2.99358e+01 8.50495e+03 7.25078e-10 +6.98001e-02
 3.72759e+01 8.60489e+03 7.08845e-10 +7.14319e-02
 4.64159e+01 8.70551e+03 6.92608e-10 +7.27222e-02
 5.77969e+01 8.80790e+03 6.76284e-10 +7.37432e-02
 7.19686e+01 8.91309e+03 6.59739e-10 +7.45681e-02
 8.96151e+01 9.02220e+03 6.42956e-10 +7.52235e-02
 1.11588e+02 9.13657e+03 6.25815e-10 +7.57504e-02
 1.38950e+02 9.25778e+03 6.08256e-10 +7.61671e-02
 1.73020e+02 9.38800e+03 5.90216e-10 +7.64850e-02
 2.15443e+02 9.53025e+03 5.71595e-10 +7.67099e-02
 2.68270e+02 9.68925e+03 5.52214e-10 +7.68372e-02
 3.34048e+02 9.87259e+03 5.31890e-10 +7.68381e-02
 4.15956e+02 1.00946e+04 5.10135e-10 +7.66402e-02
 5.17947e+02 1.03864e+04 4.86033e-10 +7.59981e-02
 6.44947e+02 1.08412e+04 4.56718e-10 +7.37690e-02
 8.03086e+02 1.20489e+04 4.05755e-10 +5.25369e-02
 1.00000e+03 2.32815e+04 2.17425e-10 -6.13304e-04
