#n1=128 n2=4 Teff=04000 R=7.9748e+10 L=1.1620e+33 logg=+4.00
#   tau          T          rho         Fconv
 0.00000e+00 2.74120e+03 5.45063e-21 +0.00000e+00
 1.00000e-09 2.74120e+03 2.32312e-13 +0.00000e+00
 1.24520e-09 2.73484e+03 2.89985e-13 +0.00000e+00
 1.55052e-09 2.72647e+03 3.62240e-13 +0.00000e+00
 1.93070e-09 2.72291e+03 4.51704e-13 +0.00000e+00
 2.40410e-09 2.71687e+03 5.63777e-13 +0.00000e+00
 2.99358e-09 2.71431e+03 7.02755e-13 +0.00000e+00
 3.72759e-09 2.71224e+03 8.75834e-13 +0.00000e+00
 4.64159e-09 2.71205e+03 1.09078e-12 +0.00000e+00
 5.77969e-09 2.71201e+03 1.35841e-12 +0.00000e+00
 7.19686e-09 2.71286e+03 1.69113e-12 +0.00000e+00
 8.96151e-09 2.71379e+03 2.10531e-12 +0.00000e+00
 1.11588e-08 2.71508e+03 2.62056e-12 +0.00000e+00
 1.38950e-08 2.71639e+03 3.26190e-12 +0.00000e+00
 1.73020e-08 2.71782e+03 4.06003e-12 +0.00000e+00
 2.15443e-08 2.71925e+03 5.05345e-12 +0.00000e+00
 2.68270e-08 2.72068e+03 6.28994e-12 +0.00000e+00
 3.34048e-08 2.72213e+03 7.82898e-12 +0.00000e+00
 4.15956e-08 2.72360e+03 9.74456e-12 +0.00000e+00
 5.17947e-08 2.72513e+03 1.21286e-11 +0.00000e+00
 6.44947e-08 2.72677e+03 1.50955e-11 +0.00000e+00
 8.03086e-08 2.72858e+03 1.87872e-11 +0.00000e+00
 1.00000e-07 2.73065e+03 2.33795e-11 +0.00000e+00
 1.24520e-07 2.73307e+03 2.90910e-11 +0.00000e+00
 1.55052e-07 2.73599e+03 3.61915e-11 +0.00000e+00
 1.93070e-07 2.73951e+03 4.50159e-11 +0.00000e+00
 2.40410e-07 2.74382e+03 5.59764e-11 +0.00000e+00
 2.99358e-07 2.74901e+03 6.95839e-11 +0.00000e+00
 3.72759e-07 2.75528e+03 8.64658e-11 +0.00000e+00
 4.64159e-07 2.76270e+03 1.07398e-10 +0.00000e+00
 5.77969e-07 2.77143e+03 1.33335e-10 +0.00000e+00
 7.19686e-07 2.78152e+03 1.65451e-10 +0.00000e+00
 8.96151e-07 2.79303e+03 2.05194e-10 +0.00000e+00
 1.11588e-06 2.80595e+03 2.54344e-10 +0.00000e+00
 1.38950e-06 2.82025e+03 3.15101e-10 +0.00000e+00
 1.73020e-06 2.83583e+03 3.90162e-10 +0.00000e+00
 2.15443e-06 2.85257e+03 4.82886e-10 +0.00000e+00
 2.68270e-06 2.87027e+03 5.97377e-10 +0.00000e+00
 3.34048e-06 2.88875e+03 7.38767e-10 +0.00000e+00
 4.15956e-06 2.90776e+03 9.13321e-10 +0.00000e+00
 5.17947e-06 2.92707e+03 1.12890e-09 +0.00000e+00
 6.44947e-06 2.94645e+03 1.39506e-09 +0.00000e+00
 8.03086e-06 2.96570e+03 1.72381e-09 +0.00000e+00
 1.00000e-05 2.98468e+03 2.12965e-09 +0.00000e+00
 1.24520e-05 3.00333e+03 2.63073e-09 +0.00000e+00
 1.55052e-05 3.02172e+03 3.24878e-09 +0.00000e+00
 1.93070e-05 3.03996e+03 4.01052e-09 +0.00000e+00
 2.40410e-05 3.05827e+03 4.94817e-09 +0.00000e+00
 2.99358e-05 3.07677e+03 6.10035e-09 +0.00000e+00
 3.72759e-05 3.09555e+03 7.51465e-09 +0.00000e+00
 4.64159e-05 3.11459e+03 9.24670e-09 +0.00000e+00
 5.77969e-05 3.13379e+03 1.13667e-08 +0.00000e+00
 7.19686e-05 3.15300e+03 1.39541e-08 +0.00000e+00
 8.96151e-05 3.17207e+03 1.71108e-08 +0.00000e+00
 1.11588e-04 3.19078e+03 2.09508e-08 +0.00000e+00
 1.38950e-04 3.20891e+03 2.56186e-08 +0.00000e+00
 1.73020e-04 3.22631e+03 3.12811e-08 +0.00000e+00
 2.15443e-04 3.24279e+03 3.81324e-08 +0.00000e+00
 2.68270e-04 3.25823e+03 4.64243e-08 +0.00000e+00
 3.34048e-04 3.27266e+03 5.64112e-08 +0.00000e+00
 4.15956e-04 3.28613e+03 6.84539e-08 +0.00000e+00
 5.17947e-04 3.29870e+03 8.29176e-08 +0.00000e+00
 6.44947e-04 3.31048e+03 1.00262e-07 +0.00000e+00
 8.03086e-04 3.32157e+03 1.21075e-07 +0.00000e+00
 1.00000e-03 3.33216e+03 1.45867e-07 +0.00000e+00
 1.24520e-03 3.34228e+03 1.75536e-07 -2.54139e-07
 1.55052e-03 3.35215e+03 2.10880e-07 -3.16453e-07
 1.93070e-03 3.36197e+03 2.52778e-07 -3.94046e-07
 2.40410e-03 3.37181e+03 3.02705e-07 -4.90665e-07
 2.99358e-03 3.38196e+03 3.61581e-07 -6.10975e-07
 3.72759e-03 3.39249e+03 4.31100e-07 -7.60786e-07
 4.64159e-03 3.40353e+03 5.13329e-07 -9.47324e-07
 5.77969e-03 3.41555e+03 6.08958e-07 -1.17960e-06
 7.19686e-03 3.42842e+03 7.21000e-07 -1.46885e-06
 8.96151e-03 3.44235e+03 8.51923e-07 -1.82900e-06
 1.11588e-02 3.45781e+03 1.00152e-06 -2.27747e-06
 1.38950e-02 3.47473e+03 1.17423e-06 -2.83589e-06
 1.73020e-02 3.49339e+03 1.37220e-06 -3.53125e-06
 2.15443e-02 3.51416e+03 1.59312e-06 -4.39710e-06
 2.68270e-02 3.53716e+03 1.84179e-06 -5.47525e-06
 3.34048e-02 3.56282e+03 2.11847e-06 -6.81777e-06
 4.15956e-02 3.59137e+03 2.41730e-06 -8.48945e-06
 5.17947e-02 3.62147e+03 2.74390e-06 -1.05711e-05
 6.44947e-02 3.65265e+03 3.10053e-06 -1.31631e-05
 8.03086e-02 3.68571e+03 3.48200e-06 -1.63906e-05
 1.00000e-01 3.72134e+03 3.88143e-06 -2.04095e-05
 1.24520e-01 3.76000e+03 4.29817e-06 -2.54139e-05
 1.55052e-01 3.80146e+03 4.72660e-06 +2.04165e-03
 1.93070e-01 3.84158e+03 5.17461e-06 +3.39221e-03
 2.40410e-01 3.88100e+03 5.63901e-06 +4.69739e-03
 2.99358e-01 3.92029e+03 6.12452e-06 +7.53895e-03
 3.72759e-01 3.95901e+03 6.63374e-06 +1.00835e-02
 4.64159e-01 3.99730e+03 7.16778e-06 +1.28869e-02
 5.77969e-01 4.03538e+03 7.72077e-06 +1.65145e-02
 7.19686e-01 4.07333e+03 8.29399e-06 +2.02294e-02
 8.96151e-01 4.11120e+03 8.89339e-06 +2.38926e-02
 1.11588e+00 4.14909e+03 9.52024e-06 +2.90663e-02
 1.38950e+00 4.18706e+03 1.01762e-05 +3.53368e-02
 1.73020e+00 4.22518e+03 1.08634e-05 +4.30205e-02
 2.15443e+00 4.26344e+03 1.15692e-05 +5.25648e-02
 2.68270e+00 4.30182e+03 1.23076e-05 +6.44250e-02
 3.34048e+00 4.34038e+03 1.30811e-05 +7.22518e-02
 4.15956e+00 4.37904e+03 1.38933e-05 +7.34884e-02
 5.17947e+00 4.41793e+03 1.47475e-05 +7.44947e-02
 6.44947e+00 4.45718e+03 1.56465e-05 +7.53152e-02
 8.03086e+00 4.49689e+03 1.65798e-05 +7.60002e-02
 1.00000e+01 4.53705e+03 1.75539e-05 +7.65676e-02
 1.24520e+01 4.57773e+03 1.85755e-05 +7.70380e-02
 1.55052e+01 4.61900e+03 1.96475e-05 +7.74280e-02
 1.93070e+01 4.66090e+03 2.07733e-05 +7.77533e-02
 2.40410e+01 4.70349e+03 2.19567e-05 +7.80243e-02
 2.99358e+01 4.74682e+03 2.31998e-05 +7.82506e-02
 3.72759e+01 4.79079e+03 2.44874e-05 +7.84452e-02
 4.64159e+01 4.83536e+03 2.58373e-05 +7.86062e-02
 5.77969e+01 4.88061e+03 2.72541e-05 +7.87403e-02
 7.19686e+01 4.92665e+03 2.87419e-05 +7.88510e-02
 8.96151e+01 4.97357e+03 3.03047e-05 +7.89432e-02
 1.11588e+02 5.02151e+03 3.19461e-05 +7.90195e-02
 1.38950e+02 5.07056e+03 3.36664e-05 +7.90842e-02
 1.73020e+02 5.12063e+03 3.54488e-05 +7.91399e-02
 2.15443e+02 5.17169e+03 3.73118e-05 +7.91860e-02
 2.68270e+02 5.22381e+03 3.92606e-05 +7.92252e-02
 3.34048e+02 5.27708e+03 4.13000e-05 +7.92575e-02
 4.15956e+02 5.33159e+03 4.34347e-05 +7.92850e-02
 5.17947e+02 5.38744e+03 4.56683e-05 +7.93084e-02
 6.44947e+02 5.44475e+03 4.80038e-05 +7.93276e-02
 8.03086e+02 5.50347e+03 5.04191e-05 +7.93441e-02
 1.00000e+03 5.56361e+03 5.29331e-05 +7.93579e-02
