#n1=128 n2=4 Teff=04500 R=3.3596e+11 L=3.2962e+34 logg=+3.00
#   tau          T          rho         Fconv
 0.00000e+00 2.29108e+03 6.78064e-21 +0.00000e+00
 1.00000e-09 2.29108e+03 2.84300e-14 +0.00000e+00
 1.24520e-09 2.29778e+03 3.53942e-14 +0.00000e+00
 1.55052e-09 2.30681e+03 4.40011e-14 +0.00000e+00
 1.93070e-09 2.31707e+03 5.46514e-14 +0.00000e+00
 2.40410e-09 2.32855e+03 6.78208e-14 +0.00000e+00
 2.99358e-09 2.34072e+03 8.41147e-14 +0.00000e+00
 3.72759e-09 2.35402e+03 1.04247e-13 +0.00000e+00
 4.64159e-09 2.36795e+03 1.29132e-13 +0.00000e+00
 5.77969e-09 2.38307e+03 1.59844e-13 +0.00000e+00
 7.19686e-09 2.39896e+03 1.97757e-13 +0.00000e+00
 8.96151e-09 2.41611e+03 2.44485e-13 +0.00000e+00
 1.11588e-08 2.43419e+03 3.02076e-13 +0.00000e+00
 1.38950e-08 2.45352e+03 3.72955e-13 +0.00000e+00
 1.73020e-08 2.47386e+03 4.60166e-13 +0.00000e+00
 2.15443e-08 2.49528e+03 5.67359e-13 +0.00000e+00
 2.68270e-08 2.51755e+03 6.99065e-13 +0.00000e+00
 3.34048e-08 2.54048e+03 8.60790e-13 +0.00000e+00
 4.15956e-08 2.56387e+03 1.05930e-12 +0.00000e+00
 5.17947e-08 2.58744e+03 1.30283e-12 +0.00000e+00
 6.44947e-08 2.61106e+03 1.60141e-12 +0.00000e+00
 8.03086e-08 2.63444e+03 1.96729e-12 +0.00000e+00
 1.00000e-07 2.65763e+03 2.41513e-12 +0.00000e+00
 1.24520e-07 2.68037e+03 2.96279e-12 +0.00000e+00
 1.55052e-07 2.70282e+03 3.63139e-12 +0.00000e+00
 1.93070e-07 2.72485e+03 4.44642e-12 +0.00000e+00
 2.40410e-07 2.74656e+03 5.43779e-12 +0.00000e+00
 2.99358e-07 2.76792e+03 6.64100e-12 +0.00000e+00
 3.72759e-07 2.78892e+03 8.09750e-12 +0.00000e+00
 4.64159e-07 2.80965e+03 9.85544e-12 +0.00000e+00
 5.77969e-07 2.83001e+03 1.19706e-11 +0.00000e+00
 7.19686e-07 2.85012e+03 1.45066e-11 +0.00000e+00
 8.96151e-07 2.86996e+03 1.75355e-11 +0.00000e+00
 1.11588e-06 2.88953e+03 2.11393e-11 +0.00000e+00
 1.38950e-06 2.90896e+03 2.54081e-11 +0.00000e+00
 1.73020e-06 2.92827e+03 3.04424e-11 +0.00000e+00
 2.15443e-06 2.94751e+03 3.63534e-11 +0.00000e+00
 2.68270e-06 2.96672e+03 4.32609e-11 +0.00000e+00
 3.34048e-06 2.98588e+03 5.12991e-11 +0.00000e+00
 4.15956e-06 3.00502e+03 6.06125e-11 +0.00000e+00
 5.17947e-06 3.02419e+03 7.13576e-11 +0.00000e+00
 6.44947e-06 3.04335e+03 8.37093e-11 +0.00000e+00
 8.03086e-06 3.06250e+03 9.78557e-11 +0.00000e+00
 1.00000e-05 3.08168e+03 1.14005e-10 +0.00000e+00
 1.24520e-05 3.10090e+03 1.32386e-10 +0.00000e+00
 1.55052e-05 3.12014e+03 1.53248e-10 +0.00000e+00
 1.93070e-05 3.13940e+03 1.76874e-10 +0.00000e+00
 2.40410e-05 3.15863e+03 2.03582e-10 +0.00000e+00
 2.99358e-05 3.17781e+03 2.33721e-10 +0.00000e+00
 3.72759e-05 3.19696e+03 2.67683e-10 +0.00000e+00
 4.64159e-05 3.21599e+03 3.05924e-10 +0.00000e+00
 5.77969e-05 3.23482e+03 3.48952e-10 +0.00000e+00
 7.19686e-05 3.25348e+03 3.97344e-10 +0.00000e+00
 8.96151e-05 3.27192e+03 4.51756e-10 +0.00000e+00
 1.11588e-04 3.29003e+03 5.12947e-10 +0.00000e+00
 1.38950e-04 3.30783e+03 5.81770e-10 +0.00000e+00
 1.73020e-04 3.32535e+03 6.59185e-10 +0.00000e+00
 2.15443e-04 3.34258e+03 7.46279e-10 +0.00000e+00
 2.68270e-04 3.35952e+03 8.44285e-10 +0.00000e+00
 3.34048e-04 3.37622e+03 9.54595e-10 +0.00000e+00
 4.15956e-04 3.39269e+03 1.07877e-09 +0.00000e+00
 5.17947e-04 3.40896e+03 1.21856e-09 +0.00000e+00
 6.44947e-04 3.42509e+03 1.37595e-09 +0.00000e+00
 8.03086e-04 3.44109e+03 1.55316e-09 +0.00000e+00
 1.00000e-03 3.45708e+03 1.75263e-09 +0.00000e+00
 1.24520e-03 3.47304e+03 1.97713e-09 -2.54688e-07
 1.55052e-03 3.48912e+03 2.22971e-09 -3.17136e-07
 1.93070e-03 3.50537e+03 2.51375e-09 -3.94897e-07
 2.40410e-03 3.52188e+03 2.83295e-09 -4.91725e-07
 2.99358e-03 3.53873e+03 3.19141e-09 -6.12295e-07
 3.72759e-03 3.55596e+03 3.59376e-09 -7.62427e-07
 4.64159e-03 3.57376e+03 4.04478e-09 -9.49371e-07
 5.77969e-03 3.59220e+03 4.54978e-09 -1.18215e-06
 7.19686e-03 3.61147e+03 5.11444e-09 -1.47202e-06
 8.96151e-03 3.63168e+03 5.74491e-09 -1.83295e-06
 1.11588e-02 3.65304e+03 6.44737e-09 -2.28238e-06
 1.38950e-02 3.67568e+03 7.22843e-09 -2.84202e-06
 1.73020e-02 3.69972e+03 8.09543e-09 -3.53887e-06
 2.15443e-02 3.72540e+03 9.05534e-09 -4.40657e-06
 2.68270e-02 3.75293e+03 1.01151e-08 -5.48706e-06
 3.34048e-02 3.78253e+03 1.12818e-08 -6.83248e-06
 4.15956e-02 3.81448e+03 1.25626e-08 -8.50781e-06
 5.17947e-02 3.84914e+03 1.39633e-08 -1.05939e-05
 6.44947e-02 3.88705e+03 1.54878e-08 -1.31915e-05
 8.03086e-02 3.92911e+03 1.71367e-08 -1.64260e-05
 1.00000e-01 3.97547e+03 1.89134e-08 -2.04536e-05
 1.24520e-01 4.02701e+03 2.08155e-08 -2.54688e-05
 1.55052e-01 4.08406e+03 2.28419e-08 -3.17136e-05
 1.93070e-01 4.14834e+03 2.49819e-08 -3.94897e-05
 2.40410e-01 4.22185e+03 2.72232e-08 -4.91725e-05
 2.99358e-01 4.30790e+03 2.95384e-08 -6.12295e-05
 3.72759e-01 4.40765e+03 3.19153e-08 -7.62427e-05
 4.64159e-01 4.51409e+03 3.44276e-08 -9.49371e-05
 5.77969e-01 4.63831e+03 3.70269e-08 -1.18215e-04
 7.19686e-01 4.78031e+03 3.97618e-08 -1.47202e-04
 8.96151e-01 4.94064e+03 4.27002e-08 -1.83295e-04
 1.11588e+00 5.11833e+03 4.59477e-08 -2.28238e-04
 1.38950e+00 5.31709e+03 4.95655e-08 -2.84202e-04
 1.73020e+00 5.53817e+03 5.35290e-08 -3.53887e-04
 2.15443e+00 5.77903e+03 5.75552e-08 -4.40657e-04
 2.68270e+00 6.08026e+03 6.05477e-08 -5.48706e-04
 3.34048e+00 6.38181e+03 6.26057e-08 -6.09791e-04
 4.15956e+00 6.77376e+03 6.25789e-08 -1.56608e-04
 5.17947e+00 7.10360e+03 6.22631e-08 +4.96721e-03
 6.44947e+00 7.32907e+03 6.25348e-08 +1.54220e-02
 8.03086e+00 7.54098e+03 6.27392e-08 +2.83850e-02
 1.00000e+01 7.73187e+03 6.30090e-08 +3.98899e-02
 1.24520e+01 7.90356e+03 6.33848e-08 +4.87551e-02
 1.55052e+01 8.06050e+03 6.38692e-08 +5.53379e-02
 1.93070e+01 8.20676e+03 6.44566e-08 +6.02713e-02
 2.40410e+01 8.34525e+03 6.51438e-08 +6.40420e-02
 2.99358e+01 8.47804e+03 6.59300e-08 +6.69633e-02
 3.72759e+01 8.60699e+03 6.68126e-08 +6.92297e-02
 4.64159e+01 8.73336e+03 6.77915e-08 +7.10563e-02
 5.77969e+01 8.85755e+03 6.88736e-08 +7.25667e-02
 7.19686e+01 8.97951e+03 7.00724e-08 +7.38257e-02
 8.96151e+01 9.09929e+03 7.14019e-08 +7.48589e-02
 1.11588e+02 9.21711e+03 7.28753e-08 +7.57061e-02
 1.38950e+02 9.33318e+03 7.45080e-08 +7.64011e-02
 1.73020e+02 9.44770e+03 7.63170e-08 +7.69695e-02
 2.15443e+02 9.56095e+03 7.83195e-08 +7.74342e-02
 2.68270e+02 9.67317e+03 8.05350e-08 +7.78150e-02
 3.34048e+02 9.78457e+03 8.29848e-08 +7.81279e-02
 4.15956e+02 9.89535e+03 8.56922e-08 +7.83843e-02
 5.17947e+02 1.00057e+04 8.86825e-08 +7.85952e-02
 6.44947e+02 1.01158e+04 9.19878e-08 +7.87686e-02
 8.03086e+02 1.02260e+04 9.56429e-08 +7.89114e-02
 1.00000e+03 1.03363e+04 9.96805e-08 +7.90285e-02
