#n1=128 n2=4 Teff=04000 R=1.5605e+11 L=4.4404e+33 logg=+3.50
#   tau          T          rho         Fconv
 0.00000e+00 2.33380e+03 6.40438e-21 +0.00000e+00
 1.00000e-09 2.33380e+03 8.58641e-14 +0.00000e+00
 1.24520e-09 2.33606e+03 1.06836e-13 +0.00000e+00
 1.55052e-09 2.33853e+03 1.32920e-13 +0.00000e+00
 1.93070e-09 2.34134e+03 1.65347e-13 +0.00000e+00
 2.40410e-09 2.34451e+03 2.05653e-13 +0.00000e+00
 2.99358e-09 2.34814e+03 2.55734e-13 +0.00000e+00
 3.72759e-09 2.35225e+03 3.17947e-13 +0.00000e+00
 4.64159e-09 2.35694e+03 3.95197e-13 +0.00000e+00
 5.77969e-09 2.36224e+03 4.91092e-13 +0.00000e+00
 7.19686e-09 2.36823e+03 6.10079e-13 +0.00000e+00
 8.96151e-09 2.37493e+03 7.57668e-13 +0.00000e+00
 1.11588e-08 2.38243e+03 9.40654e-13 +0.00000e+00
 1.38950e-08 2.39072e+03 1.16745e-12 +0.00000e+00
 1.73020e-08 2.39984e+03 1.44843e-12 +0.00000e+00
 2.15443e-08 2.40978e+03 1.79643e-12 +0.00000e+00
 2.68270e-08 2.42051e+03 2.22733e-12 +0.00000e+00
 3.34048e-08 2.43197e+03 2.76077e-12 +0.00000e+00
 4.15956e-08 2.44407e+03 3.42113e-12 +0.00000e+00
 5.17947e-08 2.45667e+03 4.23857e-12 +0.00000e+00
 6.44947e-08 2.46961e+03 5.25068e-12 +0.00000e+00
 8.03086e-08 2.48271e+03 6.50407e-12 +0.00000e+00
 1.00000e-07 2.49577e+03 8.05685e-12 +0.00000e+00
 1.24520e-07 2.50866e+03 9.98105e-12 +0.00000e+00
 1.55052e-07 2.52127e+03 1.23663e-11 +0.00000e+00
 1.93070e-07 2.53363e+03 1.53228e-11 +0.00000e+00
 2.40410e-07 2.54589e+03 1.89867e-11 +0.00000e+00
 2.99358e-07 2.55836e+03 2.35238e-11 +0.00000e+00
 3.72759e-07 2.57137e+03 2.91374e-11 +0.00000e+00
 4.64159e-07 2.58527e+03 3.60751e-11 +0.00000e+00
 5.77969e-07 2.60026e+03 4.46409e-11 +0.00000e+00
 7.19686e-07 2.61647e+03 5.52069e-11 +0.00000e+00
 8.96151e-07 2.63389e+03 6.82295e-11 +0.00000e+00
 1.11588e-06 2.65247e+03 8.42695e-11 +0.00000e+00
 1.38950e-06 2.67207e+03 1.04011e-10 +0.00000e+00
 1.73020e-06 2.69253e+03 1.28297e-10 +0.00000e+00
 2.15443e-06 2.71362e+03 1.58152e-10 +0.00000e+00
 2.68270e-06 2.73513e+03 1.94840e-10 +0.00000e+00
 3.34048e-06 2.75678e+03 2.39887e-10 +0.00000e+00
 4.15956e-06 2.77836e+03 2.95171e-10 +0.00000e+00
 5.17947e-06 2.79967e+03 3.62940e-10 +0.00000e+00
 6.44947e-06 2.82054e+03 4.45943e-10 +0.00000e+00
 8.03086e-06 2.84094e+03 5.47433e-10 +0.00000e+00
 1.00000e-05 2.86081e+03 6.71338e-10 +0.00000e+00
 1.24520e-05 2.88020e+03 8.22277e-10 +0.00000e+00
 1.55052e-05 2.89911e+03 1.00572e-09 +0.00000e+00
 1.93070e-05 2.91755e+03 1.22814e-09 +0.00000e+00
 2.40410e-05 2.93550e+03 1.49698e-09 +0.00000e+00
 2.99358e-05 2.95301e+03 1.82114e-09 +0.00000e+00
 3.72759e-05 2.97003e+03 2.21058e-09 +0.00000e+00
 4.64159e-05 2.98648e+03 2.67730e-09 +0.00000e+00
 5.77969e-05 3.00232e+03 3.23478e-09 +0.00000e+00
 7.19686e-05 3.01762e+03 3.89842e-09 +0.00000e+00
 8.96151e-05 3.03240e+03 4.68627e-09 +0.00000e+00
 1.11588e-04 3.04659e+03 5.61828e-09 +0.00000e+00
 1.38950e-04 3.06024e+03 6.71865e-09 +0.00000e+00
 1.73020e-04 3.07340e+03 8.01369e-09 +0.00000e+00
 2.15443e-04 3.08598e+03 9.53413e-09 +0.00000e+00
 2.68270e-04 3.09791e+03 1.13184e-08 +0.00000e+00
 3.34048e-04 3.10940e+03 1.34052e-08 +0.00000e+00
 4.15956e-04 3.12055e+03 1.58426e-08 +0.00000e+00
 5.17947e-04 3.13138e+03 1.86873e-08 +0.00000e+00
 6.44947e-04 3.14203e+03 2.19962e-08 +0.00000e+00
 8.03086e-04 3.15263e+03 2.58436e-08 +0.00000e+00
 1.00000e-03 3.16330e+03 3.03115e-08 +0.00000e+00
 1.24520e-03 3.17410e+03 3.54784e-08 -2.54648e-07
 1.55052e-03 3.18528e+03 4.14512e-08 -3.17088e-07
 1.93070e-03 3.19689e+03 4.83451e-08 -3.94836e-07
 2.40410e-03 3.20913e+03 5.62510e-08 -4.91649e-07
 2.99358e-03 3.22215e+03 6.53109e-08 -6.12200e-07
 3.72759e-03 3.23602e+03 7.56728e-08 -7.62312e-07
 4.64159e-03 3.25097e+03 8.74263e-08 -9.49223e-07
 5.77969e-03 3.26726e+03 1.00706e-07 -1.18197e-06
 7.19686e-03 3.28488e+03 1.15687e-07 -1.47179e-06
 8.96151e-03 3.30398e+03 1.32451e-07 -1.83267e-06
 1.11588e-02 3.32476e+03 1.51045e-07 -2.28204e-06
 1.38950e-02 3.34731e+03 1.71663e-07 -2.84158e-06
 1.73020e-02 3.37170e+03 1.94386e-07 -3.53833e-06
 2.15443e-02 3.39821e+03 2.19052e-07 -4.40592e-06
 2.68270e-02 3.42725e+03 2.45776e-07 -5.48623e-06
 3.34048e-02 3.45936e+03 2.74442e-07 -6.83144e-06
 4.15956e-02 3.49490e+03 3.04809e-07 -8.50647e-06
 5.17947e-02 3.53163e+03 3.37095e-07 -1.05923e-05
 6.44947e-02 3.56818e+03 3.72120e-07 -1.31895e-05
 8.03086e-02 3.60542e+03 4.09970e-07 -1.64234e-05
 1.00000e-01 3.64328e+03 4.50928e-07 -2.04504e-05
 1.24520e-01 3.68233e+03 4.94879e-07 -2.54648e-05
 1.55052e-01 3.72315e+03 5.42277e-07 -3.17088e-05
 1.93070e-01 3.76643e+03 5.93118e-07 +5.66595e-04
 2.40410e-01 3.81315e+03 6.47205e-07 +2.11631e-04
 2.99358e-01 3.86536e+03 7.03677e-07 +1.46399e-03
 3.72759e-01 3.92152e+03 7.63402e-07 +3.24657e-03
 4.64159e-01 3.98175e+03 8.26762e-07 +5.36032e-03
 5.77969e-01 4.04582e+03 8.94215e-07 +7.70995e-03
 7.19686e-01 4.11382e+03 9.66217e-07 +1.03757e-02
 8.96151e-01 4.18639e+03 1.04299e-06 +1.34380e-02
 1.11588e+00 4.26475e+03 1.12466e-06 +1.70392e-02
 1.38950e+00 4.35050e+03 1.21031e-06 +2.12653e-02
 1.73020e+00 4.44450e+03 1.29849e-06 +2.67263e-02
 2.15443e+00 4.54570e+03 1.38728e-06 +3.42679e-02
 2.68270e+00 4.65180e+03 1.47419e-06 +4.44221e-02
 3.34048e+00 4.76029e+03 1.55673e-06 +5.29033e-02
 4.15956e+00 4.86820e+03 1.63371e-06 +5.69368e-02
 5.17947e+00 4.97447e+03 1.70478e-06 +6.05444e-02
 6.44947e+00 5.07843e+03 1.77049e-06 +6.37051e-02
 8.03086e+00 5.17994e+03 1.83180e-06 +6.63578e-02
 1.00000e+01 5.27936e+03 1.88962e-06 +6.85482e-02
 1.24520e+01 5.37719e+03 1.94476e-06 +7.03486e-02
 1.55052e+01 5.47392e+03 1.99793e-06 +7.18323e-02
 1.93070e+01 5.57002e+03 2.04970e-06 +7.30528e-02
 2.40410e+01 5.66598e+03 2.10054e-06 +7.40597e-02
 2.99358e+01 5.76223e+03 2.15079e-06 +7.48977e-02
 3.72759e+01 5.85907e+03 2.20081e-06 +7.55992e-02
 4.64159e+01 5.95679e+03 2.25087e-06 +7.61884e-02
 5.77969e+01 6.05559e+03 2.30115e-06 +7.66881e-02
 7.19686e+01 6.15557e+03 2.35196e-06 +7.71119e-02
 8.96151e+01 6.25691e+03 2.40365e-06 +7.74710e-02
 1.11588e+02 6.35983e+03 2.45642e-06 +7.77742e-02
 1.38950e+02 6.46454e+03 2.51045e-06 +7.80319e-02
 1.73020e+02 6.57117e+03 2.56593e-06 +7.82518e-02
 2.15443e+02 6.67986e+03 2.62306e-06 +7.84399e-02
 2.68270e+02 6.79073e+03 2.68204e-06 +7.86012e-02
 3.34048e+02 6.90388e+03 2.74306e-06 +7.87390e-02
 4.15956e+02 7.01940e+03 2.80633e-06 +7.88575e-02
 5.17947e+02 7.13735e+03 2.87208e-06 +7.89595e-02
 6.44947e+02 7.25783e+03 2.94053e-06 +7.90470e-02
 8.03086e+02 7.38088e+03 3.01193e-06 +7.91228e-02
 1.00000e+03 7.50645e+03 3.08657e-06 +7.91883e-02
