#n1=128 n2=4 Teff=04000 R=1.7867e+13 L=5.8101e+37 logg=+0.00
#   tau          T          rho         Fconv
 0.00000e+00 2.52163e+03 5.92582e-21 +0.00000e+00
 1.00000e-09 2.52163e+03 1.58814e-17 +0.00000e+00
 1.24520e-09 2.52209e+03 1.98764e-17 +0.00000e+00
 1.55052e-09 2.52193e+03 2.48827e-17 +0.00000e+00
 1.93070e-09 2.52144e+03 3.11541e-17 +0.00000e+00
 2.40410e-09 2.52050e+03 3.90128e-17 +0.00000e+00
 2.99358e-09 2.51896e+03 4.88654e-17 +0.00000e+00
 3.72759e-09 2.51655e+03 6.12266e-17 +0.00000e+00
 4.64159e-09 2.51289e+03 7.67523e-17 +0.00000e+00
 5.77969e-09 2.50731e+03 9.62879e-17 +0.00000e+00
 7.19686e-09 2.50014e+03 1.20871e-16 +0.00000e+00
 8.96151e-09 2.48912e+03 1.51963e-16 +0.00000e+00
 1.11588e-08 2.47231e+03 1.91501e-16 +0.00000e+00
 1.38950e-08 2.44790e+03 2.42079e-16 +0.00000e+00
 1.73020e-08 2.41362e+03 3.07285e-16 +0.00000e+00
 2.15443e-08 2.37330e+03 3.91110e-16 +0.00000e+00
 2.68270e-08 2.33317e+03 4.97879e-16 +0.00000e+00
 3.34048e-08 2.29590e+03 6.33148e-16 +0.00000e+00
 4.15956e-08 2.26267e+03 8.03891e-16 +0.00000e+00
 5.17947e-08 2.23299e+03 1.01921e-15 +0.00000e+00
 6.44947e-08 2.20691e+03 1.29022e-15 +0.00000e+00
 8.03086e-08 2.18380e+03 1.63120e-15 +0.00000e+00
 1.00000e-07 2.16370e+03 2.05952e-15 +0.00000e+00
 1.24520e-07 2.14624e+03 2.59716e-15 +0.00000e+00
 1.55052e-07 2.13152e+03 3.27098e-15 +0.00000e+00
 1.93070e-07 2.11939e+03 4.11456e-15 +0.00000e+00
 2.40410e-07 2.10985e+03 5.16928e-15 +0.00000e+00
 2.99358e-07 2.10277e+03 6.48660e-15 +0.00000e+00
 3.72759e-07 2.09797e+03 8.13055e-15 +0.00000e+00
 4.64159e-07 2.09532e+03 1.01804e-14 +0.00000e+00
 5.77969e-07 2.09470e+03 1.27343e-14 +0.00000e+00
 7.19686e-07 2.09616e+03 1.59127e-14 +0.00000e+00
 8.96151e-07 2.09966e+03 1.98645e-14 +0.00000e+00
 1.11588e-06 2.10505e+03 2.47751e-14 +0.00000e+00
 1.38950e-06 2.11205e+03 3.08757e-14 +0.00000e+00
 1.73020e-06 2.12005e+03 3.84606e-14 +0.00000e+00
 2.15443e-06 2.12896e+03 4.78883e-14 +0.00000e+00
 2.68270e-06 2.13829e+03 5.96161e-14 +0.00000e+00
 3.34048e-06 2.14833e+03 7.41930e-14 +0.00000e+00
 4.15956e-06 2.15854e+03 9.23292e-14 +0.00000e+00
 5.17947e-06 2.16944e+03 1.14865e-13 +0.00000e+00
 6.44947e-06 2.18042e+03 1.42901e-13 +0.00000e+00
 8.03086e-06 2.19214e+03 1.77725e-13 +0.00000e+00
 1.00000e-05 2.20389e+03 2.21043e-13 +0.00000e+00
 1.24520e-05 2.21643e+03 2.74828e-13 +0.00000e+00
 1.55052e-05 2.22896e+03 3.41720e-13 +0.00000e+00
 1.93070e-05 2.24235e+03 4.24745e-13 +0.00000e+00
 2.40410e-05 2.25568e+03 5.27986e-13 +0.00000e+00
 2.99358e-05 2.26984e+03 6.56107e-13 +0.00000e+00
 3.72759e-05 2.28396e+03 8.15385e-13 +0.00000e+00
 4.64159e-05 2.29885e+03 1.01303e-12 +0.00000e+00
 5.77969e-05 2.31376e+03 1.25866e-12 +0.00000e+00
 7.19686e-05 2.32942e+03 1.56344e-12 +0.00000e+00
 8.96151e-05 2.34518e+03 1.94204e-12 +0.00000e+00
 1.11588e-04 2.36171e+03 2.41169e-12 +0.00000e+00
 1.38950e-04 2.37852e+03 2.99477e-12 +0.00000e+00
 1.73020e-04 2.39616e+03 3.71777e-12 +0.00000e+00
 2.15443e-04 2.41430e+03 4.61467e-12 +0.00000e+00
 2.68270e-04 2.43340e+03 5.72610e-12 +0.00000e+00
 3.34048e-04 2.45326e+03 7.10355e-12 +0.00000e+00
 4.15956e-04 2.47424e+03 8.80904e-12 +0.00000e+00
 5.17947e-04 2.49624e+03 1.09204e-11 +0.00000e+00
 6.44947e-04 2.51955e+03 1.35320e-11 +0.00000e+00
 8.03086e-04 2.54413e+03 1.67615e-11 +0.00000e+00
 1.00000e-03 2.57012e+03 2.07526e-11 +0.00000e+00
 1.24520e-03 2.59740e+03 2.56841e-11 -2.55127e-07
 1.55052e-03 2.62590e+03 3.17774e-11 -3.17683e-07
 1.93070e-03 2.65517e+03 3.93103e-11 -3.95578e-07
 2.40410e-03 2.68562e+03 4.86154e-11 -4.92572e-07
 2.99358e-03 2.71689e+03 6.01142e-11 -6.13350e-07
 3.72759e-03 2.74894e+03 7.43247e-11 -7.63743e-07
 4.64159e-03 2.78109e+03 9.19069e-11 -9.51006e-07
 5.77969e-03 2.81358e+03 1.13655e-10 -1.18419e-06
 7.19686e-03 2.84559e+03 1.40597e-10 -1.47456e-06
 8.96151e-03 2.87454e+03 1.74149e-10 -1.83611e-06
 1.11588e-02 2.90161e+03 2.15878e-10 -2.28632e-06
 1.38950e-02 2.92967e+03 2.67540e-10 -2.84691e-06
 1.73020e-02 2.95736e+03 3.31639e-10 -3.54498e-06
 2.15443e-02 2.98297e+03 4.11434e-10 -4.41419e-06
 2.68270e-02 3.00887e+03 5.10405e-10 -5.49653e-06
 3.34048e-02 3.03315e+03 6.33576e-10 -6.84427e-06
 4.15956e-02 3.05745e+03 7.86482e-10 -8.52245e-06
 5.17947e-02 3.08175e+03 9.76296e-10 -1.06121e-05
 6.44947e-02 3.10490e+03 1.21238e-09 -1.32142e-05
 8.03086e-02 3.12844e+03 1.50527e-09 -1.64543e-05
 1.00000e-01 3.15204e+03 1.86872e-09 -2.04888e-05
 1.24520e-01 3.17691e+03 2.31858e-09 -2.55127e-05
 1.55052e-01 3.20337e+03 2.87463e-09 -3.17683e-05
 1.93070e-01 3.23234e+03 3.55997e-09 -3.95578e-05
 2.40410e-01 3.26464e+03 4.40201e-09 -4.92572e-05
 2.99358e-01 3.30129e+03 5.43201e-09 -6.13350e-05
 3.72759e-01 3.34327e+03 6.68538e-09 -7.63743e-05
 4.64159e-01 3.39211e+03 8.19807e-09 -9.51006e-05
 5.77969e-01 3.44924e+03 1.00041e-08 -1.18419e-04
 7.19686e-01 3.51788e+03 1.21175e-08 -1.47456e-04
 8.96151e-01 3.60230e+03 1.45082e-08 -1.83611e-04
 1.11588e+00 3.71026e+03 1.70359e-08 -2.28632e-04
 1.38950e+00 3.85110e+03 1.93749e-08 -2.84691e-04
 1.73020e+00 4.03037e+03 2.10581e-08 -3.54058e-04
 2.15443e+00 4.25826e+03 2.16865e-08 -3.71050e-04
 2.68270e+00 4.51693e+03 2.14491e-08 +2.97361e-03
 3.34048e+00 4.77960e+03 2.08120e-08 +2.26364e-02
 4.15956e+00 4.97879e+03 2.03208e-08 +4.01823e-02
 5.17947e+00 5.13704e+03 1.99556e-08 +5.08041e-02
 6.44947e+00 5.27270e+03 1.96636e-08 +5.75340e-02
 8.03086e+00 5.39529e+03 1.94165e-08 +6.21283e-02
 1.00000e+01 5.51000e+03 1.91991e-08 +6.54552e-02
 1.24520e+01 5.61988e+03 1.90028e-08 +6.79730e-02
 1.55052e+01 5.72689e+03 1.88225e-08 +6.99401e-02
 1.93070e+01 5.83230e+03 1.86547e-08 +7.15150e-02
 2.40410e+01 5.93698e+03 1.84975e-08 +7.27999e-02
 2.99358e+01 6.04152e+03 1.83496e-08 +7.38632e-02
 3.72759e+01 6.14632e+03 1.82104e-08 +7.47525e-02
 4.64159e+01 6.25162e+03 1.80794e-08 +7.55030e-02
 5.77969e+01 6.35755e+03 1.79568e-08 +7.61396e-02
 7.19686e+01 6.46414e+03 1.78426e-08 +7.66830e-02
 8.96151e+01 6.57137e+03 1.77373e-08 +7.71469e-02
 1.11588e+02 6.67916e+03 1.76414e-08 +7.75446e-02
 1.38950e+02 6.78736e+03 1.75554e-08 +7.78850e-02
 1.73020e+02 6.89585e+03 1.74800e-08 +7.81757e-02
 2.15443e+02 7.00445e+03 1.74157e-08 +7.84243e-02
 2.68270e+02 7.11301e+03 1.73632e-08 +7.86355e-02
 3.34048e+02 7.22138e+03 1.73232e-08 +7.88151e-02
 4.15956e+02 7.32944e+03 1.72963e-08 +7.89670e-02
 5.17947e+02 7.43706e+03 1.72832e-08 +7.90954e-02
 6.44947e+02 7.54417e+03 1.72844e-08 +7.92038e-02
 8.03086e+02 7.65070e+03 1.73006e-08 +7.92942e-02
 1.00000e+03 7.75662e+03 1.73324e-08 +7.93702e-02
