#n1=128 n2=4 Teff=04200 R=3.3372e+13 L=2.4659e+38 logg=-0.50
#   tau          T          rho         Fconv
 0.00000e+00 1.68233e+03 8.99641e-21 +0.00000e+00
 1.00000e-09 1.68233e+03 5.32644e-18 +0.00000e+00
 1.24520e-09 1.69133e+03 6.64309e-18 +0.00000e+00
 1.55052e-09 1.69997e+03 8.28750e-18 +0.00000e+00
 1.93070e-09 1.70862e+03 1.03395e-17 +0.00000e+00
 2.40410e-09 1.71754e+03 1.28983e-17 +0.00000e+00
 2.99358e-09 1.72650e+03 1.60907e-17 +0.00000e+00
 3.72759e-09 1.73671e+03 2.00597e-17 +0.00000e+00
 4.64159e-09 1.74609e+03 2.50209e-17 +0.00000e+00
 5.77969e-09 1.75576e+03 3.12056e-17 +0.00000e+00
 7.19686e-09 1.76557e+03 3.89177e-17 +0.00000e+00
 8.96151e-09 1.77568e+03 4.85299e-17 +0.00000e+00
 1.11588e-08 1.78600e+03 6.05120e-17 +0.00000e+00
 1.38950e-08 1.79669e+03 7.54406e-17 +0.00000e+00
 1.73020e-08 1.80766e+03 9.40427e-17 +0.00000e+00
 2.15443e-08 1.81905e+03 1.17210e-16 +0.00000e+00
 2.68270e-08 1.83083e+03 1.46062e-16 +0.00000e+00
 3.34048e-08 1.84316e+03 1.81971e-16 +0.00000e+00
 4.15956e-08 1.85599e+03 2.26661e-16 +0.00000e+00
 5.17947e-08 1.86951e+03 2.82240e-16 +0.00000e+00
 6.44947e-08 1.88375e+03 3.51336e-16 +0.00000e+00
 8.03086e-08 1.89886e+03 4.37181e-16 +0.00000e+00
 1.00000e-07 1.91501e+03 5.43746e-16 +0.00000e+00
 1.24520e-07 1.93238e+03 6.75920e-16 +0.00000e+00
 1.55052e-07 1.95193e+03 8.39364e-16 +0.00000e+00
 1.93070e-07 1.97315e+03 1.04157e-15 +0.00000e+00
 2.40410e-07 1.99913e+03 1.28957e-15 +0.00000e+00
 2.99358e-07 2.02922e+03 1.59363e-15 +0.00000e+00
 3.72759e-07 2.06857e+03 1.96093e-15 +0.00000e+00
 4.64159e-07 2.12104e+03 2.39844e-15 +0.00000e+00
 5.77969e-07 2.17671e+03 2.93011e-15 +0.00000e+00
 7.19686e-07 2.23586e+03 3.57443e-15 +0.00000e+00
 8.96151e-07 2.29636e+03 4.35737e-15 +0.00000e+00
 1.11588e-06 2.35169e+03 5.32241e-15 +0.00000e+00
 1.38950e-06 2.40212e+03 6.51299e-15 +0.00000e+00
 1.73020e-06 2.44590e+03 7.99124e-15 +0.00000e+00
 2.15443e-06 2.48510e+03 9.82443e-15 +0.00000e+00
 2.68270e-06 2.52297e+03 1.20875e-14 +0.00000e+00
 3.34048e-06 2.55967e+03 1.48828e-14 +0.00000e+00
 4.15956e-06 2.59362e+03 1.83512e-14 +0.00000e+00
 5.17947e-06 2.62450e+03 2.26661e-14 +0.00000e+00
 6.44947e-06 2.65410e+03 2.80242e-14 +0.00000e+00
 8.03086e-06 2.68183e+03 3.46926e-14 +0.00000e+00
 1.00000e-05 2.70764e+03 4.30029e-14 +0.00000e+00
 1.24520e-05 2.73197e+03 5.33634e-14 +0.00000e+00
 1.55052e-05 2.75462e+03 6.62963e-14 +0.00000e+00
 1.93070e-05 2.77588e+03 8.24485e-14 +0.00000e+00
 2.40410e-05 2.79597e+03 1.02627e-13 +0.00000e+00
 2.99358e-05 2.81508e+03 1.27846e-13 +0.00000e+00
 3.72759e-05 2.83327e+03 1.59372e-13 +0.00000e+00
 4.64159e-05 2.85070e+03 1.98791e-13 +0.00000e+00
 5.77969e-05 2.86749e+03 2.48079e-13 +0.00000e+00
 7.19686e-05 2.88352e+03 3.09737e-13 +0.00000e+00
 8.96151e-05 2.89890e+03 3.86859e-13 +0.00000e+00
 1.11588e-04 2.91397e+03 4.83284e-13 +0.00000e+00
 1.38950e-04 2.92876e+03 6.03796e-13 +0.00000e+00
 1.73020e-04 2.94328e+03 7.54390e-13 +0.00000e+00
 2.15443e-04 2.95768e+03 9.42420e-13 +0.00000e+00
 2.68270e-04 2.97207e+03 1.17705e-12 +0.00000e+00
 3.34048e-04 2.98635e+03 1.46963e-12 +0.00000e+00
 4.15956e-04 3.00061e+03 1.83414e-12 +0.00000e+00
 5.17947e-04 3.01518e+03 2.28746e-12 +0.00000e+00
 6.44947e-04 3.03016e+03 2.85042e-12 +0.00000e+00
 8.03086e-04 3.04570e+03 3.54805e-12 +0.00000e+00
 1.00000e-03 3.06173e+03 4.41109e-12 +0.00000e+00
 1.24520e-03 3.07818e+03 5.47632e-12 -2.54908e-07
 1.55052e-03 3.09552e+03 6.78697e-12 -3.17410e-07
 1.93070e-03 3.11384e+03 8.39398e-12 -3.95238e-07
 2.40410e-03 3.13304e+03 1.03583e-11 -4.92149e-07
 2.99358e-03 3.15328e+03 1.27490e-11 -6.12822e-07
 3.72759e-03 3.17482e+03 1.56458e-11 -7.63085e-07
 4.64159e-03 3.19747e+03 1.91391e-11 -9.50192e-07
 5.77969e-03 3.22130e+03 2.33314e-11 -1.18317e-06
 7.19686e-03 3.24642e+03 2.83346e-11 -1.47329e-06
 8.96151e-03 3.27284e+03 3.42711e-11 -1.83453e-06
 1.11588e-02 3.30028e+03 4.12823e-11 -2.28436e-06
 1.38950e-02 3.32877e+03 4.95115e-11 -2.84447e-06
 1.73020e-02 3.35808e+03 5.91314e-11 -3.54193e-06
 2.15443e-02 3.38912e+03 7.02923e-11 -4.41040e-06
 2.68270e-02 3.42224e+03 8.31660e-11 -5.49182e-06
 3.34048e-02 3.45923e+03 9.78884e-11 -6.83839e-06
 4.15956e-02 3.49894e+03 1.14655e-10 -8.51514e-06
 5.17947e-02 3.53915e+03 1.33782e-10 -1.06030e-05
 6.44947e-02 3.57308e+03 1.55862e-10 -1.32029e-05
 8.03086e-02 3.59678e+03 1.81592e-10 -1.64402e-05
 1.00000e-01 3.62472e+03 2.10794e-10 -2.04712e-05
 1.24520e-01 3.66132e+03 2.43462e-10 -2.54908e-05
 1.55052e-01 3.71476e+03 2.79157e-10 -3.17410e-05
 1.93070e-01 3.79029e+03 3.17562e-10 -3.95238e-05
 2.40410e-01 3.87369e+03 3.60178e-10 -4.92149e-05
 2.99358e-01 3.96249e+03 4.08098e-10 -6.12822e-05
 3.72759e-01 4.04531e+03 4.63700e-10 -7.63085e-05
 4.64159e-01 4.13826e+03 5.26512e-10 -9.50192e-05
 5.77969e-01 4.26672e+03 5.95118e-10 -1.18317e-04
 7.19686e-01 4.39265e+03 6.75790e-10 -1.47329e-04
 8.96151e-01 4.53184e+03 7.65749e-10 -1.83453e-04
 1.11588e+00 4.69110e+03 8.59385e-10 -2.28436e-04
 1.38950e+00 4.86058e+03 9.48584e-10 -2.84447e-04
 1.73020e+00 5.06893e+03 1.01490e-09 -3.54193e-04
 2.15443e+00 5.29127e+03 1.05654e-09 -4.41040e-04
 2.68270e+00 5.58534e+03 1.05919e-09 -5.49181e-04
 3.34048e+00 5.85082e+03 1.05073e-09 -6.14133e-04
 4.15956e+00 6.19192e+03 1.01692e-09 -6.13594e-04
 5.17947e+00 6.53711e+03 9.75523e-10 -5.74405e-04
 6.44947e+00 7.10738e+03 8.89325e-10 +1.31580e-02
 8.03086e+00 7.28520e+03 8.64820e-10 +3.02168e-02
 1.00000e+01 7.43542e+03 8.43893e-10 +4.40743e-02
 1.24520e+01 7.56386e+03 8.25931e-10 +5.34818e-02
 1.55052e+01 7.67765e+03 8.09989e-10 +5.98406e-02
 1.93070e+01 7.78179e+03 7.95378e-10 +6.42783e-02
 2.40410e+01 7.87960e+03 7.81634e-10 +6.74888e-02
 2.99358e+01 7.97328e+03 7.68452e-10 +6.98833e-02
 3.72759e+01 8.06439e+03 7.55610e-10 +7.17131e-02
 4.64159e+01 8.15405e+03 7.42959e-10 +7.31353e-02
 5.77969e+01 8.24316e+03 7.30377e-10 +7.42608e-02
 7.19686e+01 8.33240e+03 7.17777e-10 +7.51615e-02
 8.96151e+01 8.42238e+03 7.05086e-10 +7.58896e-02
 1.11588e+02 8.51366e+03 6.92247e-10 +7.64816e-02
 1.38950e+02 8.60677e+03 6.79214e-10 +7.69663e-02
 1.73020e+02 8.70223e+03 6.65951e-10 +7.73635e-02
 2.15443e+02 8.80065e+03 6.52432e-10 +7.76904e-02
 2.68270e+02 8.90269e+03 6.38615e-10 +7.79595e-02
 3.34048e+02 9.00920e+03 6.24472e-10 +7.81802e-02
 4.15956e+02 9.12115e+03 6.09995e-10 +7.83601e-02
 5.17947e+02 9.23992e+03 5.95130e-10 +7.85049e-02
 6.44947e+02 9.36731e+03 5.79842e-10 +7.86189e-02
 8.03086e+02 9.50588e+03 5.64075e-10 +7.87029e-02
 1.00000e+03 9.65943e+03 5.47741e-10 +7.87569e-02
