#n1=128 n2=4 Teff=04500 R=1.2738e+12 L=4.7307e+35 logg=+2.00
#   tau          T          rho         Fconv
 0.00000e+00 2.21806e+03 7.00594e-21 +0.00000e+00
 1.00000e-09 2.21806e+03 2.79566e-15 +0.00000e+00
 1.24520e-09 2.22468e+03 3.48606e-15 +0.00000e+00
 1.55052e-09 2.23347e+03 4.34010e-15 +0.00000e+00
 1.93070e-09 2.24365e+03 5.39705e-15 +0.00000e+00
 2.40410e-09 2.25506e+03 6.70448e-15 +0.00000e+00
 2.99358e-09 2.26748e+03 8.32139e-15 +0.00000e+00
 3.72759e-09 2.28106e+03 1.03193e-14 +0.00000e+00
 4.64159e-09 2.29574e+03 1.27865e-14 +0.00000e+00
 5.77969e-09 2.31173e+03 1.58298e-14 +0.00000e+00
 7.19686e-09 2.32907e+03 1.95807e-14 +0.00000e+00
 8.96151e-09 2.34794e+03 2.41981e-14 +0.00000e+00
 1.11588e-08 2.36835e+03 2.98767e-14 +0.00000e+00
 1.38950e-08 2.39038e+03 3.68521e-14 +0.00000e+00
 1.73020e-08 2.41395e+03 4.54133e-14 +0.00000e+00
 2.15443e-08 2.43896e+03 5.59118e-14 +0.00000e+00
 2.68270e-08 2.46522e+03 6.87783e-14 +0.00000e+00
 3.34048e-08 2.49237e+03 8.45431e-14 +0.00000e+00
 4.15956e-08 2.52018e+03 1.03854e-13 +0.00000e+00
 5.17947e-08 2.54819e+03 1.27516e-13 +0.00000e+00
 6.44947e-08 2.57625e+03 1.56504e-13 +0.00000e+00
 8.03086e-08 2.60391e+03 1.92043e-13 +0.00000e+00
 1.00000e-07 2.63125e+03 2.35600e-13 +0.00000e+00
 1.24520e-07 2.65792e+03 2.89018e-13 +0.00000e+00
 1.55052e-07 2.68415e+03 3.54497e-13 +0.00000e+00
 1.93070e-07 2.70972e+03 4.34784e-13 +0.00000e+00
 2.40410e-07 2.73482e+03 5.33181e-13 +0.00000e+00
 2.99358e-07 2.75934e+03 6.53759e-13 +0.00000e+00
 3.72759e-07 2.78330e+03 8.01463e-13 +0.00000e+00
 4.64159e-07 2.80675e+03 9.82268e-13 +0.00000e+00
 5.77969e-07 2.82962e+03 1.20350e-12 +0.00000e+00
 7.19686e-07 2.85201e+03 1.47387e-12 +0.00000e+00
 8.96151e-07 2.87390e+03 1.80398e-12 +0.00000e+00
 1.11588e-06 2.89532e+03 2.20644e-12 +0.00000e+00
 1.38950e-06 2.91636e+03 2.69627e-12 +0.00000e+00
 1.73020e-06 2.93709e+03 3.29118e-12 +0.00000e+00
 2.15443e-06 2.95752e+03 4.01205e-12 +0.00000e+00
 2.68270e-06 2.97778e+03 4.88322e-12 +0.00000e+00
 3.34048e-06 2.99781e+03 5.93277e-12 +0.00000e+00
 4.15956e-06 3.01768e+03 7.19356e-12 +0.00000e+00
 5.17947e-06 3.03746e+03 8.70205e-12 +0.00000e+00
 6.44947e-06 3.05714e+03 1.05010e-11 +0.00000e+00
 8.03086e-06 3.07671e+03 1.26372e-11 +0.00000e+00
 1.00000e-05 3.09625e+03 1.51639e-11 +0.00000e+00
 1.24520e-05 3.11578e+03 1.81404e-11 +0.00000e+00
 1.55052e-05 3.13529e+03 2.16303e-11 +0.00000e+00
 1.93070e-05 3.15479e+03 2.57082e-11 +0.00000e+00
 2.40410e-05 3.17423e+03 3.04524e-11 +0.00000e+00
 2.99358e-05 3.19361e+03 3.59514e-11 +0.00000e+00
 3.72759e-05 3.21293e+03 4.23053e-11 +0.00000e+00
 4.64159e-05 3.23212e+03 4.96190e-11 +0.00000e+00
 5.77969e-05 3.25110e+03 5.80202e-11 +0.00000e+00
 7.19686e-05 3.26990e+03 6.76459e-11 +0.00000e+00
 8.96151e-05 3.28846e+03 7.86424e-11 +0.00000e+00
 1.11588e-04 3.30669e+03 9.11968e-11 +0.00000e+00
 1.38950e-04 3.32461e+03 1.05504e-10 +0.00000e+00
 1.73020e-04 3.34223e+03 1.21774e-10 +0.00000e+00
 2.15443e-04 3.35957e+03 1.40275e-10 +0.00000e+00
 2.68270e-04 3.37661e+03 1.61289e-10 +0.00000e+00
 3.34048e-04 3.39340e+03 1.85117e-10 +0.00000e+00
 4.15956e-04 3.40997e+03 2.12135e-10 +0.00000e+00
 5.17947e-04 3.42633e+03 2.42760e-10 +0.00000e+00
 6.44947e-04 3.44254e+03 2.77421e-10 +0.00000e+00
 8.03086e-04 3.45864e+03 3.16629e-10 +0.00000e+00
 1.00000e-03 3.47471e+03 3.60992e-10 +0.00000e+00
 1.24520e-03 3.49076e+03 4.11124e-10 -2.55108e-07
 1.55052e-03 3.50693e+03 4.67693e-10 -3.17660e-07
 1.93070e-03 3.52327e+03 5.31556e-10 -3.95549e-07
 2.40410e-03 3.53986e+03 6.03569e-10 -4.92537e-07
 2.99358e-03 3.55681e+03 6.84634e-10 -6.13306e-07
 3.72759e-03 3.57414e+03 7.75846e-10 -7.63686e-07
 4.64159e-03 3.59205e+03 8.78415e-10 -9.50938e-07
 5.77969e-03 3.61061e+03 9.93542e-10 -1.18411e-06
 7.19686e-03 3.63001e+03 1.12248e-09 -1.47445e-06
 8.96151e-03 3.65036e+03 1.26684e-09 -1.83597e-06
 1.11588e-02 3.67188e+03 1.42814e-09 -2.28615e-06
 1.38950e-02 3.69472e+03 1.60790e-09 -2.84671e-06
 1.73020e-02 3.71897e+03 1.80782e-09 -3.54472e-06
 2.15443e-02 3.74491e+03 2.02995e-09 -4.41385e-06
 2.68270e-02 3.77274e+03 2.27604e-09 -5.49611e-06
 3.34048e-02 3.80270e+03 2.54781e-09 -6.84375e-06
 4.15956e-02 3.83508e+03 2.84727e-09 -8.52185e-06
 5.17947e-02 3.87025e+03 3.17663e-09 -1.06114e-05
 6.44947e-02 3.90878e+03 3.53733e-09 -1.32133e-05
 8.03086e-02 3.95159e+03 3.93016e-09 -1.64531e-05
 1.00000e-01 3.99886e+03 4.35721e-09 -2.04873e-05
 1.24520e-01 4.05146e+03 4.82001e-09 -2.55108e-05
 1.55052e-01 4.10973e+03 5.32031e-09 -3.17660e-05
 1.93070e-01 4.17535e+03 5.85822e-09 -3.95549e-05
 2.40410e-01 4.25021e+03 6.43456e-09 -4.92537e-05
 2.99358e-01 4.33744e+03 7.04908e-09 -6.13306e-05
 3.72759e-01 4.43805e+03 7.70542e-09 -7.63686e-05
 4.64159e-01 4.54477e+03 8.42686e-09 -9.50938e-05
 5.77969e-01 4.66846e+03 9.20982e-09 -1.18411e-04
 7.19686e-01 4.80891e+03 1.00765e-08 -1.47445e-04
 8.96151e-01 4.96695e+03 1.10491e-08 -1.83597e-04
 1.11588e+00 5.14227e+03 1.21442e-08 -2.28615e-04
 1.38950e+00 5.33933e+03 1.33290e-08 -2.84671e-04
 1.73020e+00 5.55990e+03 1.44938e-08 -3.54472e-04
 2.15443e+00 5.79816e+03 1.54981e-08 -4.41385e-04
 2.68270e+00 6.09433e+03 1.60743e-08 -5.49603e-04
 3.34048e+00 6.38529e+03 1.63790e-08 -6.13806e-04
 4.15956e+00 6.77432e+03 1.61552e-08 -5.48180e-04
 5.17947e+00 7.19931e+03 1.56120e-08 +2.16582e-03
 6.44947e+00 7.42793e+03 1.54516e-08 +1.11468e-02
 8.03086e+00 7.64409e+03 1.52792e-08 +2.57898e-02
 1.00000e+01 7.83388e+03 1.51389e-08 +3.92692e-02
 1.24520e+01 7.99934e+03 1.50375e-08 +4.93046e-02
 1.55052e+01 8.14658e+03 1.49696e-08 +5.64718e-02
 1.93070e+01 8.28085e+03 1.49291e-08 +6.16392e-02
 2.40410e+01 8.40593e+03 1.49120e-08 +6.54416e-02
 2.99358e+01 8.52446e+03 1.49154e-08 +6.83078e-02
 3.72759e+01 8.63831e+03 1.49378e-08 +7.05107e-02
 4.64159e+01 8.74884e+03 1.49784e-08 +7.22317e-02
 5.77969e+01 8.85704e+03 1.50371e-08 +7.35929e-02
 7.19686e+01 8.96367e+03 1.51140e-08 +7.46833e-02
 8.96151e+01 9.06930e+03 1.52096e-08 +7.55639e-02
 1.11588e+02 9.17439e+03 1.53249e-08 +7.62798e-02
 1.38950e+02 9.27933e+03 1.54611e-08 +7.68621e-02
 1.73020e+02 9.38456e+03 1.56194e-08 +7.73396e-02
 2.15443e+02 9.49034e+03 1.58014e-08 +7.77344e-02
 2.68270e+02 9.59686e+03 1.60087e-08 +7.80616e-02
 3.34048e+02 9.70825e+03 1.62282e-08 +7.82715e-02
 4.15956e+02 9.82147e+03 1.64705e-08 +7.85055e-02
 5.17947e+02 9.93573e+03 1.67413e-08 +7.87055e-02
 6.44947e+02 1.00509e+04 1.70441e-08 +7.88736e-02
 8.03086e+02 1.01668e+04 1.73848e-08 +7.90176e-02
 1.00000e+03 1.02829e+04 1.77693e-08 +7.91387e-02
