#n1=128 n2=4 Teff=04100 R=2.5760e+10 L=1.3361e+32 logg=+5.00
#   tau          T          rho         Fconv
 0.00000e+00 2.36599e+03 6.33144e-21 +0.00000e+00
 1.00000e-09 2.36599e+03 2.71586e-12 +0.00000e+00
 1.24520e-09 2.37317e+03 3.37147e-12 +0.00000e+00
 1.55052e-09 2.38117e+03 4.18357e-12 +0.00000e+00
 1.93070e-09 2.38982e+03 5.18949e-12 +0.00000e+00
 2.40410e-09 2.39921e+03 6.43468e-12 +0.00000e+00
 2.99358e-09 2.40911e+03 7.97615e-12 +0.00000e+00
 3.72759e-09 2.41964e+03 9.88299e-12 +0.00000e+00
 4.64159e-09 2.43049e+03 1.22423e-11 +0.00000e+00
 5.77969e-09 2.44176e+03 1.51597e-11 +0.00000e+00
 7.19686e-09 2.45314e+03 1.87677e-11 +0.00000e+00
 8.96151e-09 2.46470e+03 2.32272e-11 +0.00000e+00
 1.11588e-08 2.47621e+03 2.87385e-11 +0.00000e+00
 1.38950e-08 2.48775e+03 3.55457e-11 +0.00000e+00
 1.73020e-08 2.49922e+03 4.39479e-11 +0.00000e+00
 2.15443e-08 2.51075e+03 5.43103e-11 +0.00000e+00
 2.68270e-08 2.52235e+03 6.70733e-11 +0.00000e+00
 3.34048e-08 2.53409e+03 8.27767e-11 +0.00000e+00
 4.15956e-08 2.54606e+03 1.02061e-10 +0.00000e+00
 5.17947e-08 2.55817e+03 1.25718e-10 +0.00000e+00
 6.44947e-08 2.57055e+03 1.54667e-10 +0.00000e+00
 8.03086e-08 2.58295e+03 1.90051e-10 +0.00000e+00
 1.00000e-07 2.59564e+03 2.33170e-10 +0.00000e+00
 1.24520e-07 2.60819e+03 2.85631e-10 +0.00000e+00
 1.55052e-07 2.62097e+03 3.49251e-10 +0.00000e+00
 1.93070e-07 2.63366e+03 4.26194e-10 +0.00000e+00
 2.40410e-07 2.64641e+03 5.18998e-10 +0.00000e+00
 2.99358e-07 2.65919e+03 6.30487e-10 +0.00000e+00
 3.72759e-07 2.67178e+03 7.64137e-10 +0.00000e+00
 4.64159e-07 2.68453e+03 9.23621e-10 +0.00000e+00
 5.77969e-07 2.69681e+03 1.11350e-09 +0.00000e+00
 7.19686e-07 2.70915e+03 1.33875e-09 +0.00000e+00
 8.96151e-07 2.72125e+03 1.60496e-09 +0.00000e+00
 1.11588e-06 2.73307e+03 1.91901e-09 +0.00000e+00
 1.38950e-06 2.74503e+03 2.28788e-09 +0.00000e+00
 1.73020e-06 2.75641e+03 2.72023e-09 +0.00000e+00
 2.15443e-06 2.76782e+03 3.22604e-09 +0.00000e+00
 2.68270e-06 2.77921e+03 3.81548e-09 +0.00000e+00
 3.34048e-06 2.79003e+03 4.50228e-09 +0.00000e+00
 4.15956e-06 2.80113e+03 5.30011e-09 +0.00000e+00
 5.17947e-06 2.81185e+03 6.22587e-09 +0.00000e+00
 6.44947e-06 2.82203e+03 7.30064e-09 +0.00000e+00
 8.03086e-06 2.83279e+03 8.54261e-09 +0.00000e+00
 1.00000e-05 2.84286e+03 9.98147e-09 +0.00000e+00
 1.24520e-05 2.85310e+03 1.16405e-08 +0.00000e+00
 1.55052e-05 2.86346e+03 1.35583e-08 +0.00000e+00
 1.93070e-05 2.87409e+03 1.57628e-08 +0.00000e+00
 2.40410e-05 2.88448e+03 1.83007e-08 +0.00000e+00
 2.99358e-05 2.89482e+03 2.12338e-08 +0.00000e+00
 3.72759e-05 2.90539e+03 2.46086e-08 +0.00000e+00
 4.64159e-05 2.91662e+03 2.84523e-08 +0.00000e+00
 5.77969e-05 2.92957e+03 3.28207e-08 +0.00000e+00
 7.19686e-05 2.94260e+03 3.78300e-08 +0.00000e+00
 8.96151e-05 2.95692e+03 4.34442e-08 +0.00000e+00
 1.11588e-04 2.97143e+03 4.98528e-08 +0.00000e+00
 1.38950e-04 2.98770e+03 5.70668e-08 +0.00000e+00
 1.73020e-04 3.00601e+03 6.50522e-08 +0.00000e+00
 2.15443e-04 3.02630e+03 7.38792e-08 +0.00000e+00
 2.68270e-04 3.04981e+03 8.35274e-08 +0.00000e+00
 3.34048e-04 3.07572e+03 9.40340e-08 +0.00000e+00
 4.15956e-04 3.10424e+03 1.05237e-07 +0.00000e+00
 5.17947e-04 3.13537e+03 1.17275e-07 +0.00000e+00
 6.44947e-04 3.16830e+03 1.30224e-07 +0.00000e+00
 8.03086e-04 3.20192e+03 1.44165e-07 +0.00000e+00
 1.00000e-03 3.23535e+03 1.59247e-07 +0.00000e+00
 1.24520e-03 3.26799e+03 1.75823e-07 +9.38868e-02
 1.55052e-03 3.29834e+03 1.94371e-07 -3.16973e-07
 1.93070e-03 3.32934e+03 2.14577e-07 -3.94693e-07
 2.40410e-03 3.35746e+03 2.37206e-07 -4.91471e-07
 2.99358e-03 3.38378e+03 2.62701e-07 -6.11978e-07
 3.72759e-03 3.40850e+03 2.91502e-07 -7.62033e-07
 4.64159e-03 3.43192e+03 3.23994e-07 -9.48879e-07
 5.77969e-03 3.45437e+03 3.60447e-07 -1.18155e-06
 7.19686e-03 3.47620e+03 4.01691e-07 -1.47125e-06
 8.96151e-03 3.49768e+03 4.48319e-07 -1.83200e-06
 1.11588e-02 3.51914e+03 5.00864e-07 -2.28121e-06
 1.38950e-02 3.54092e+03 5.59467e-07 -2.84055e-06
 1.73020e-02 3.56354e+03 6.25152e-07 -3.53705e-06
 2.15443e-02 3.58749e+03 6.98351e-07 -4.40432e-06
 2.68270e-02 3.61335e+03 7.79101e-07 -5.48424e-06
 3.34048e-02 3.64139e+03 8.66899e-07 -6.82896e-06
 4.15956e-02 3.67189e+03 9.62627e-07 -8.50338e-06
 5.17947e-02 3.70536e+03 1.06593e-06 -1.05884e-05
 6.44947e-02 3.74225e+03 1.17609e-06 -1.31846e-05
 8.03086e-02 3.78344e+03 1.29067e-06 -1.64175e-05
 1.00000e-01 3.82502e+03 1.41407e-06 -2.04431e-05
 1.24520e-01 3.86803e+03 1.54608e-06 +7.41425e-04
 1.55052e-01 3.91299e+03 1.68653e-06 +2.03087e-03
 1.93070e-01 3.95798e+03 1.83689e-06 +2.18220e-03
 2.40410e-01 4.00431e+03 1.99804e-06 +1.74670e-03
 2.99358e-01 4.05331e+03 2.16941e-06 +4.19935e-03
 3.72759e-01 4.10371e+03 2.35292e-06 +6.12900e-03
 4.64159e-01 4.15560e+03 2.54920e-06 +8.29150e-03
 5.77969e-01 4.20940e+03 2.75823e-06 +1.08575e-02
 7.19686e-01 4.26548e+03 2.98213e-06 +1.39745e-02
 8.96151e-01 4.32410e+03 3.22161e-06 +1.77495e-02
 1.11588e+00 4.38544e+03 3.47766e-06 +2.23887e-02
 1.38950e+00 4.44977e+03 3.75083e-06 +2.80309e-02
 1.73020e+00 4.51761e+03 4.04247e-06 +3.48937e-02
 2.15443e+00 4.58960e+03 4.35433e-06 +4.32910e-02
 2.68270e+00 4.66654e+03 4.68698e-06 +5.35813e-02
 3.34048e+00 4.74918e+03 5.04103e-06 +6.06459e-02
 4.15956e+00 4.83776e+03 5.41789e-06 +6.23205e-02
 5.17947e+00 4.93304e+03 5.81975e-06 +6.37610e-02
 6.44947e+00 5.03557e+03 6.24782e-06 +6.50417e-02
 8.03086e+00 5.14603e+03 6.70117e-06 +6.61326e-02
 1.00000e+01 5.26509e+03 7.17616e-06 +6.71518e-02
 1.24520e+01 5.39209e+03 7.66724e-06 +6.82340e-02
 1.55052e+01 5.52533e+03 8.16662e-06 +6.93880e-02
 1.93070e+01 5.66243e+03 8.66417e-06 +7.05988e-02
 2.40410e+01 5.80122e+03 9.15075e-06 +7.17715e-02
 2.99358e+01 5.94014e+03 9.62043e-06 +7.28786e-02
 3.72759e+01 6.07766e+03 1.00695e-05 +7.38966e-02
 4.64159e+01 6.21304e+03 1.05010e-05 +7.47778e-02
 5.77969e+01 6.34650e+03 1.09200e-05 +7.55186e-02
 7.19686e+01 6.47859e+03 1.13297e-05 +7.61371e-02
 8.96151e+01 6.60989e+03 1.17332e-05 +7.66533e-02
 1.11588e+02 6.74093e+03 1.21332e-05 +7.70852e-02
 1.38950e+02 6.87219e+03 1.25325e-05 +7.74484e-02
 1.73020e+02 7.00408e+03 1.29336e-05 +7.77548e-02
 2.15443e+02 7.13699e+03 1.33388e-05 +7.80138e-02
 2.68270e+02 7.27116e+03 1.37503e-05 +7.82348e-02
 3.34048e+02 7.40681e+03 1.41703e-05 +7.84226e-02
 4.15956e+02 7.54425e+03 1.46009e-05 +7.85818e-02
 5.17947e+02 7.68381e+03 1.50438e-05 +7.87178e-02
 6.44947e+02 7.82575e+03 1.55007e-05 +7.88339e-02
 8.03086e+02 7.97027e+03 1.59736e-05 +7.89338e-02
 1.00000e+03 8.11753e+03 1.64643e-05 +7.90193e-02
