#n1=128 n2=4 Teff=04300 R=4.7100e+12 L=5.3992e+36 logg=+1.00
#   tau          T          rho         Fconv
 0.00000e+00 2.14834e+03 6.96101e-21 +0.00000e+00
 1.00000e-09 2.14834e+03 2.52774e-16 +0.00000e+00
 1.24520e-09 2.15453e+03 3.14366e-16 +0.00000e+00
 1.55052e-09 2.16085e+03 3.90936e-16 +0.00000e+00
 1.93070e-09 2.16725e+03 4.86136e-16 +0.00000e+00
 2.40410e-09 2.17376e+03 6.04485e-16 +0.00000e+00
 2.99358e-09 2.18051e+03 7.51564e-16 +0.00000e+00
 3.72759e-09 2.18721e+03 9.34454e-16 +0.00000e+00
 4.64159e-09 2.19441e+03 1.16159e-15 +0.00000e+00
 5.77969e-09 2.20182e+03 1.44380e-15 +0.00000e+00
 7.19686e-09 2.20978e+03 1.79415e-15 +0.00000e+00
 8.96151e-09 2.21799e+03 2.22927e-15 +0.00000e+00
 1.11588e-08 2.22691e+03 2.76907e-15 +0.00000e+00
 1.38950e-08 2.23617e+03 3.43909e-15 +0.00000e+00
 1.73020e-08 2.24615e+03 4.26992e-15 +0.00000e+00
 2.15443e-08 2.25657e+03 5.30051e-15 +0.00000e+00
 2.68270e-08 2.26781e+03 6.57760e-15 +0.00000e+00
 3.34048e-08 2.27936e+03 8.16145e-15 +0.00000e+00
 4.15956e-08 2.29158e+03 1.01239e-14 +0.00000e+00
 5.17947e-08 2.30400e+03 1.25575e-14 +0.00000e+00
 6.44947e-08 2.31699e+03 1.55727e-14 +0.00000e+00
 8.03086e-08 2.33015e+03 1.93111e-14 +0.00000e+00
 1.00000e-07 2.34370e+03 2.39438e-14 +0.00000e+00
 1.24520e-07 2.35740e+03 2.96868e-14 +0.00000e+00
 1.55052e-07 2.37145e+03 3.68032e-14 +0.00000e+00
 1.93070e-07 2.38578e+03 4.56218e-14 +0.00000e+00
 2.40410e-07 2.40064e+03 5.65433e-14 +0.00000e+00
 2.99358e-07 2.41611e+03 7.00641e-14 +0.00000e+00
 3.72759e-07 2.43236e+03 8.67938e-14 +0.00000e+00
 4.64159e-07 2.44956e+03 1.07481e-13 +0.00000e+00
 5.77969e-07 2.46770e+03 1.33055e-13 +0.00000e+00
 7.19686e-07 2.48694e+03 1.64649e-13 +0.00000e+00
 8.96151e-07 2.50709e+03 2.03681e-13 +0.00000e+00
 1.11588e-06 2.52833e+03 2.51872e-13 +0.00000e+00
 1.38950e-06 2.55034e+03 3.11390e-13 +0.00000e+00
 1.73020e-06 2.57330e+03 3.84854e-13 +0.00000e+00
 2.15443e-06 2.59679e+03 4.75585e-13 +0.00000e+00
 2.68270e-06 2.62103e+03 5.87577e-13 +0.00000e+00
 3.34048e-06 2.64552e+03 7.25921e-13 +0.00000e+00
 4.15956e-06 2.67054e+03 8.96722e-13 +0.00000e+00
 5.17947e-06 2.69556e+03 1.10778e-12 +0.00000e+00
 6.44947e-06 2.72087e+03 1.36844e-12 +0.00000e+00
 8.03086e-06 2.74604e+03 1.69061e-12 +0.00000e+00
 1.00000e-05 2.77129e+03 2.08866e-12 +0.00000e+00
 1.24520e-05 2.79631e+03 2.58072e-12 +0.00000e+00
 1.55052e-05 2.82118e+03 3.18891e-12 +0.00000e+00
 1.93070e-05 2.84569e+03 3.94093e-12 +0.00000e+00
 2.40410e-05 2.86984e+03 4.87077e-12 +0.00000e+00
 2.99358e-05 2.89352e+03 6.02067e-12 +0.00000e+00
 3.72759e-05 2.91670e+03 7.44273e-12 +0.00000e+00
 4.64159e-05 2.93924e+03 9.20158e-12 +0.00000e+00
 5.77969e-05 2.96106e+03 1.13771e-11 +0.00000e+00
 7.19686e-05 2.98212e+03 1.40675e-11 +0.00000e+00
 8.96151e-05 3.00235e+03 1.73944e-11 +0.00000e+00
 1.11588e-04 3.02171e+03 2.15071e-11 +0.00000e+00
 1.38950e-04 3.04022e+03 2.65887e-11 +0.00000e+00
 1.73020e-04 3.05797e+03 3.28625e-11 +0.00000e+00
 2.15443e-04 3.07497e+03 4.06022e-11 +0.00000e+00
 2.68270e-04 3.09127e+03 5.01397e-11 +0.00000e+00
 3.34048e-04 3.10697e+03 6.18774e-11 +0.00000e+00
 4.15956e-04 3.12213e+03 7.62992e-11 +0.00000e+00
 5.17947e-04 3.13685e+03 9.39869e-11 +0.00000e+00
 6.44947e-04 3.15126e+03 1.15631e-10 +0.00000e+00
 8.03086e-04 3.16546e+03 1.42051e-10 +0.00000e+00
 1.00000e-03 3.17957e+03 1.74211e-10 +0.00000e+00
 1.24520e-03 3.19363e+03 2.13235e-10 -2.54790e-07
 1.55052e-03 3.20782e+03 2.60427e-10 -3.17264e-07
 1.93070e-03 3.22220e+03 3.17274e-10 -3.95056e-07
 2.40410e-03 3.23683e+03 3.85499e-10 -4.91922e-07
 2.99358e-03 3.25184e+03 4.67000e-10 -6.12540e-07
 3.72759e-03 3.26731e+03 5.63948e-10 -7.62734e-07
 4.64159e-03 3.28346e+03 6.78705e-10 -9.49751e-07
 5.77969e-03 3.30037e+03 8.13846e-10 -1.18263e-06
 7.19686e-03 3.31821e+03 9.72271e-10 -1.47261e-06
 8.96151e-03 3.33711e+03 1.15694e-09 -1.83369e-06
 1.11588e-02 3.35722e+03 1.37121e-09 -2.28330e-06
 1.38950e-02 3.37866e+03 1.61856e-09 -2.84316e-06
 1.73020e-02 3.40156e+03 1.90258e-09 -3.54029e-06
 2.15443e-02 3.42610e+03 2.22742e-09 -4.40837e-06
 2.68270e-02 3.45247e+03 2.59702e-09 -5.48929e-06
 3.34048e-02 3.48088e+03 3.01557e-09 -6.83525e-06
 4.15956e-02 3.51158e+03 3.48799e-09 -8.51123e-06
 5.17947e-02 3.54517e+03 4.01829e-09 -1.05982e-05
 6.44947e-02 3.58156e+03 4.61167e-09 -1.31968e-05
 8.03086e-02 3.62082e+03 5.27457e-09 -1.64326e-05
 1.00000e-01 3.66346e+03 6.01233e-09 -2.04618e-05
 1.24520e-01 3.71054e+03 6.82971e-09 -2.54790e-05
 1.55052e-01 3.75969e+03 7.74047e-09 -3.17264e-05
 1.93070e-01 3.81220e+03 8.75200e-09 -3.95056e-05
 2.40410e-01 3.87595e+03 9.85424e-09 -4.91922e-05
 2.99358e-01 3.95248e+03 1.10512e-08 -6.12540e-05
 3.72759e-01 4.03094e+03 1.23842e-08 -7.62734e-05
 4.64159e-01 4.11785e+03 1.38435e-08 -9.49751e-05
 5.77969e-01 4.21580e+03 1.54159e-08 -1.18263e-04
 7.19686e-01 4.32776e+03 1.70502e-08 -1.47261e-04
 8.96151e-01 4.45646e+03 1.86284e-08 -1.83369e-04
 1.11588e+00 4.60379e+03 1.99776e-08 -2.28330e-04
 1.38950e+00 4.77356e+03 2.09278e-08 -2.84275e-04
 1.73020e+00 4.98053e+03 2.13232e-08 -3.49743e-04
 2.15443e+00 5.19329e+03 2.13695e-08 -3.32704e-04
 2.68270e+00 5.44972e+03 2.09934e-08 +1.26323e-03
 3.34048e+00 5.67940e+03 2.05899e-08 +8.76588e-03
 4.15956e+00 5.89593e+03 2.01721e-08 +2.19909e-02
 5.17947e+00 6.08869e+03 1.98087e-08 +3.45533e-02
 6.44947e+00 6.26011e+03 1.95052e-08 +4.43343e-02
 8.03086e+00 6.41551e+03 1.92506e-08 +5.16799e-02
 1.00000e+01 6.55924e+03 1.90342e-08 +5.72438e-02
 1.24520e+01 6.69439e+03 1.88485e-08 +6.15339e-02
 1.55052e+01 6.82311e+03 1.86884e-08 +6.48977e-02
 1.93070e+01 6.94691e+03 1.85503e-08 +6.75728e-02
 2.40410e+01 7.06688e+03 1.84320e-08 +6.97243e-02
 2.99358e+01 7.18378e+03 1.83317e-08 +7.14695e-02
 3.72759e+01 7.29820e+03 1.82486e-08 +7.28940e-02
 4.64159e+01 7.41056e+03 1.81818e-08 +7.40625e-02
 5.77969e+01 7.52121e+03 1.81310e-08 +7.50234e-02
 7.19686e+01 7.63040e+03 1.80961e-08 +7.58164e-02
 8.96151e+01 7.73835e+03 1.80771e-08 +7.64711e-02
 1.11588e+02 7.84522e+03 1.80741e-08 +7.70133e-02
 1.38950e+02 7.95115e+03 1.80874e-08 +7.74620e-02
 1.73020e+02 8.05628e+03 1.81174e-08 +7.78337e-02
 2.15443e+02 8.16074e+03 1.81646e-08 +7.81414e-02
 2.68270e+02 8.26464e+03 1.82297e-08 +7.83960e-02
 3.34048e+02 8.36808e+03 1.83134e-08 +7.86072e-02
 4.15956e+02 8.47117e+03 1.84166e-08 +7.87827e-02
 5.17947e+02 8.57400e+03 1.85405e-08 +7.89278e-02
 6.44947e+02 8.67634e+03 1.86871e-08 +7.90522e-02
 8.03086e+02 8.77831e+03 1.88583e-08 +7.91503e-02
 1.00000e+03 8.88082e+03 1.90528e-08 +7.92299e-02
