#n1=128 n2=4 Teff=04000 R=1.1295e+12 L=2.3240e+35 logg=+2.00
#      tau          T          rho         Fconv
  0.00000e+00  2.04878e+03  7.47870e-21 +0.00000e+00
  1.00000e-09  2.04878e+03  3.06218e-15 +0.00000e+00
  1.24520e-09  2.05619e+03  3.80365e-15 +0.00000e+00
  1.55052e-09  2.06529e+03  4.72036e-15 +0.00000e+00
  1.93070e-09  2.07485e+03  5.85628e-15 +0.00000e+00
  2.40410e-09  2.08542e+03  7.26163e-15 +0.00000e+00
  2.99358e-09  2.09630e+03  9.00249e-15 +0.00000e+00
  3.72759e-09  2.10813e+03  1.11554e-14 +0.00000e+00
  4.64159e-09  2.12020e+03  1.38212e-14 +0.00000e+00
  5.77969e-09  2.13331e+03  1.71155e-14 +0.00000e+00
  7.19686e-09  2.14672e+03  2.11919e-14 +0.00000e+00
  8.96151e-09  2.16154e+03  2.62220e-14 +0.00000e+00
  1.11588e-08  2.17728e+03  3.24325e-14 +0.00000e+00
  1.38950e-08  2.19688e+03  4.00426e-14 +0.00000e+00
  1.73020e-08  2.21495e+03  4.94738e-14 +0.00000e+00
  2.15443e-08  2.23164e+03  6.11662e-14 +0.00000e+00
  2.68270e-08  2.25210e+03  7.54947e-14 +0.00000e+00
  3.34048e-08  2.27127e+03  9.32351e-14 +0.00000e+00
  4.15956e-08  2.28986e+03  1.15176e-13 +0.00000e+00
  5.17947e-08  2.30902e+03  1.42247e-13 +0.00000e+00
  6.44947e-08  2.33377e+03  1.75252e-13 +0.00000e+00
  8.03086e-08  2.35930e+03  2.15840e-13 +0.00000e+00
  1.00000e-07  2.38546e+03  2.65748e-13 +0.00000e+00
  1.24520e-07  2.41153e+03  3.27189e-13 +0.00000e+00
  1.55052e-07  2.43773e+03  4.02787e-13 +0.00000e+00
  1.93070e-07  2.46347e+03  4.95897e-13 +0.00000e+00
  2.40410e-07  2.48897e+03  6.10519e-13 +0.00000e+00
  2.99358e-07  2.51381e+03  7.51717e-13 +0.00000e+00
  3.72759e-07  2.53808e+03  9.25609e-13 +0.00000e+00
  4.64159e-07  2.56167e+03  1.13978e-12 +0.00000e+00
  5.77969e-07  2.58441e+03  1.40359e-12 +0.00000e+00
  7.19686e-07  2.60645e+03  1.72839e-12 +0.00000e+00
  8.96151e-07  2.62762e+03  2.12824e-12 +0.00000e+00
  1.11588e-06  2.64802e+03  2.62018e-12 +0.00000e+00
  1.38950e-06  2.66771e+03  3.22497e-12 +0.00000e+00
  1.73020e-06  2.68665e+03  3.96797e-12 +0.00000e+00
  2.15443e-06  2.70499e+03  4.87956e-12 +0.00000e+00
  2.68270e-06  2.72277e+03  5.99662e-12 +0.00000e+00
  3.34048e-06  2.74003e+03  7.36316e-12 +0.00000e+00
  4.15956e-06  2.75692e+03  9.03162e-12 +0.00000e+00
  5.17947e-06  2.77339e+03  1.10645e-11 +0.00000e+00
  6.44947e-06  2.78950e+03  1.35356e-11 +0.00000e+00
  8.03086e-06  2.80535e+03  1.65307e-11 +0.00000e+00
  1.00000e-05  2.82090e+03  2.01504e-11 +0.00000e+00
  1.24520e-05  2.83621e+03  2.45109e-11 +0.00000e+00
  1.55052e-05  2.85127e+03  2.97449e-11 +0.00000e+00
  1.93070e-05  2.86604e+03  3.60065e-11 +0.00000e+00
  2.40410e-05  2.88052e+03  4.34677e-11 +0.00000e+00
  2.99358e-05  2.89476e+03  5.23247e-11 +0.00000e+00
  3.72759e-05  2.90875e+03  6.27971e-11 +0.00000e+00
  4.64159e-05  2.92235e+03  7.51340e-11 +0.00000e+00
  5.77969e-05  2.93548e+03  8.96217e-11 +0.00000e+00
  7.19686e-05  2.94830e+03  1.06564e-10 +0.00000e+00
  8.96151e-05  2.96078e+03  1.26317e-10 +0.00000e+00
  1.11588e-04  2.97282e+03  1.49280e-10 +0.00000e+00
  1.38950e-04  2.98447e+03  1.75889e-10 +0.00000e+00
  1.73020e-04  2.99580e+03  2.06651e-10 +0.00000e+00
  2.15443e-04  3.00669e+03  2.42130e-10 +0.00000e+00
  2.68270e-04  3.01702e+03  2.82980e-10 +0.00000e+00
  3.34048e-04  3.02708e+03  3.29925e-10 +0.00000e+00
  4.15956e-04  3.03694e+03  3.83742e-10 +0.00000e+00
  5.17947e-04  3.04661e+03  4.45336e-10 +0.00000e+00
  6.44947e-04  3.05624e+03  5.15738e-10 +0.00000e+00
  8.03086e-04  3.06594e+03  5.96017e-10 +0.00000e+00
  1.00000e-03  3.07584e+03  6.87392e-10 +0.00000e+00
  1.24520e-03  3.08597e+03  7.91292e-10 -2.54901e-07
  1.55052e-03  3.09654e+03  9.09151e-10 -3.17402e-07
  1.93070e-03  3.10765e+03  1.04257e-09 -3.95228e-07
  2.40410e-03  3.11946e+03  1.19338e-09 -4.92137e-07
  2.99358e-03  3.13207e+03  1.36352e-09 -6.12808e-07
  3.72759e-03  3.14559e+03  1.55496e-09 -7.63069e-07
  4.64159e-03  3.16024e+03  1.76994e-09 -9.50166e-07
  5.77969e-03  3.17626e+03  2.01077e-09 -1.18314e-06
  7.19686e-03  3.19365e+03  2.27978e-09 -1.47326e-06
  8.96151e-03  3.21257e+03  2.57948e-09 -1.83449e-06
  1.11588e-02  3.23320e+03  2.91251e-09 -2.28430e-06
  1.38950e-02  3.25559e+03  3.28154e-09 -2.84440e-06
  1.73020e-02  3.27983e+03  3.68899e-09 -3.54185e-06
  2.15443e-02  3.30615e+03  4.13740e-09 -4.41029e-06
  2.68270e-02  3.33492e+03  4.62881e-09 -5.49168e-06
  3.34048e-02  3.36669e+03  5.16391e-09 -6.83823e-06
  4.15956e-02  3.40182e+03  5.74285e-09 -8.51492e-06
  5.17947e-02  3.44014e+03  6.36625e-09 -1.06028e-05
  6.44947e-02  3.47802e+03  7.04459e-09 -1.32026e-05
  8.03086e-02  3.51698e+03  7.77943e-09 -1.64398e-05
  1.00000e-01  3.55657e+03  8.57658e-09 -2.04707e-05
  1.24520e-01  3.59748e+03  9.43948e-09 -2.54901e-05
  1.55052e-01  3.64062e+03  1.03696e-08 -3.17402e-05
  1.93070e-01  3.68761e+03  1.13636e-08 -3.95228e-05
  2.40410e-01  3.74126e+03  1.24102e-08 -4.92137e-05
  2.99358e-01  3.80835e+03  1.34714e-08 -6.12808e-05
  3.72759e-01  3.88383e+03  1.45523e-08 -7.63069e-05
  4.64159e-01  3.97154e+03  1.56306e-08 -9.50166e-05
  5.77969e-01  4.07578e+03  1.66817e-08 -1.18314e-04
  7.19686e-01  4.19248e+03  1.77283e-08 -1.47326e-04
  8.96151e-01  4.32352e+03  1.87828e-08 -1.83449e-04
  1.11588e+00  4.47276e+03  1.98597e-08 -2.28430e-04
  1.38950e+00  4.63857e+03  2.10141e-08 -2.84440e-04
  1.73020e+00  4.82471e+03  2.22957e-08 -3.54185e-04
  2.15443e+00  5.03481e+03  2.37573e-08 -4.41029e-04
  2.68270e+00  5.27066e+03  2.53888e-08 -5.49168e-04
  3.34048e+00  5.53368e+03  2.69686e-08 -6.14123e-04
  4.15956e+00  5.82473e+03  2.81025e-08 -6.13868e-04
  5.17947e+00  6.13485e+03  2.86358e-08 -5.82873e-04
  6.44947e+00  6.55192e+03  2.80763e-08 +1.24891e-03
  8.03086e+00  6.79146e+03  2.80408e-08 +8.48574e-03
  1.00000e+01  7.02325e+03  2.79156e-08 +2.10494e-02
  1.24520e+01  7.23324e+03  2.77991e-08 +3.36343e-02
  1.55052e+01  7.42118e+03  2.77222e-08 +4.39935e-02
  1.93070e+01  7.58856e+03  2.77003e-08 +5.24296e-02
  2.40410e+01  7.73828e+03  2.77384e-08 +5.87468e-02
  2.99358e+01  7.87462e+03  2.78321e-08 +6.33850e-02
  3.72759e+01  8.00125e+03  2.79767e-08 +6.68029e-02
  4.64159e+01  8.12102e+03  2.81681e-08 +6.93740e-02
  5.77969e+01  8.23589e+03  2.84046e-08 +7.13497e-02
  7.19686e+01  8.34729e+03  2.86858e-08 +7.28929e-02
  8.96151e+01  8.45630e+03  2.90120e-08 +7.41118e-02
  1.11588e+02  8.56382e+03  2.93835e-08 +7.50797e-02
  1.38950e+02  8.67063e+03  2.98009e-08 +7.58606e-02
  1.73020e+02  8.77719e+03  3.02654e-08 +7.65007e-02
  2.15443e+02  8.88371e+03  3.07797e-08 +7.70319e-02
  2.68270e+02  8.99024e+03  3.13473e-08 +7.74748e-02
  3.34048e+02  9.09686e+03  3.19721e-08 +7.78418e-02
  4.15956e+02  9.20369e+03  3.26582e-08 +7.81474e-02
  5.17947e+02  9.31070e+03  3.34110e-08 +7.84033e-02
  6.44947e+02  9.41780e+03  3.42369e-08 +7.86185e-02
  8.03086e+02  9.52485e+03  3.51440e-08 +7.87979e-02
  1.00000e+03  9.63182e+03  3.61407e-08 +7.89476e-02
