#n1=128 n2=4 Teff=04000 R=1.1298e+12 L=2.3240e+35 logg=+2.00
#   tau          T          rho         Fconv
 0.00000e+00 2.86731e+03 5.20932e-21 +0.00000e+00
 1.00000e-09 2.86731e+03 2.07889e-15 +0.00000e+00
 1.24520e-09 2.86741e+03 2.59108e-15 +0.00000e+00
 1.55052e-09 2.86746e+03 3.22944e-15 +0.00000e+00
 1.93070e-09 2.86747e+03 4.02505e-15 +0.00000e+00
 2.40410e-09 2.86742e+03 5.01667e-15 +0.00000e+00
 2.99358e-09 2.86730e+03 6.25264e-15 +0.00000e+00
 3.72759e-09 2.86710e+03 7.79322e-15 +0.00000e+00
 4.64159e-09 2.86680e+03 9.71359e-15 +0.00000e+00
 5.77969e-09 2.86638e+03 1.21076e-14 +0.00000e+00
 7.19686e-09 2.86581e+03 1.50922e-14 +0.00000e+00
 8.96151e-09 2.86505e+03 1.88136e-14 +0.00000e+00
 1.11588e-08 2.86406e+03 2.34543e-14 +0.00000e+00
 1.38950e-08 2.86277e+03 2.92426e-14 +0.00000e+00
 1.73020e-08 2.86109e+03 3.64640e-14 +0.00000e+00
 2.15443e-08 2.85893e+03 4.54764e-14 +0.00000e+00
 2.68270e-08 2.85611e+03 5.67289e-14 +0.00000e+00
 3.34048e-08 2.85240e+03 7.07875e-14 +0.00000e+00
 4.15956e-08 2.84748e+03 8.83674e-14 +0.00000e+00
 5.17947e-08 2.84052e+03 1.10392e-13 +0.00000e+00
 6.44947e-08 2.71993e+03 1.43669e-13 +0.00000e+00
 8.03086e-08 2.60707e+03 1.86789e-13 +0.00000e+00
 1.00000e-07 2.59829e+03 2.33556e-13 +0.00000e+00
 1.24520e-07 2.60139e+03 2.90697e-13 +0.00000e+00
 1.55052e-07 2.60394e+03 3.61890e-13 +0.00000e+00
 1.93070e-07 2.60820e+03 4.50221e-13 +0.00000e+00
 2.40410e-07 2.61586e+03 5.59378e-13 +0.00000e+00
 2.99358e-07 2.62394e+03 6.94892e-13 +0.00000e+00
 3.72759e-07 2.63179e+03 8.63317e-13 +0.00000e+00
 4.64159e-07 2.63979e+03 1.07251e-12 +0.00000e+00
 5.77969e-07 2.64766e+03 1.33247e-12 +0.00000e+00
 7.19686e-07 2.65556e+03 1.65543e-12 +0.00000e+00
 8.96151e-07 2.66352e+03 2.05665e-12 +0.00000e+00
 1.11588e-06 2.67159e+03 2.55502e-12 +0.00000e+00
 1.38950e-06 2.67989e+03 3.17392e-12 +0.00000e+00
 1.73020e-06 2.68851e+03 3.94229e-12 +0.00000e+00
 2.15443e-06 2.69760e+03 4.89590e-12 +0.00000e+00
 2.68270e-06 2.70724e+03 6.07899e-12 +0.00000e+00
 3.34048e-06 2.71758e+03 7.54615e-12 +0.00000e+00
 4.15956e-06 2.72868e+03 9.36494e-12 +0.00000e+00
 5.17947e-06 2.74060e+03 1.16188e-11 +0.00000e+00
 6.44947e-06 2.75339e+03 1.44107e-11 +0.00000e+00
 8.03086e-06 2.76709e+03 1.78680e-11 +0.00000e+00
 1.00000e-05 2.78172e+03 2.21478e-11 +0.00000e+00
 1.24520e-05 2.79726e+03 2.74443e-11 +0.00000e+00
 1.55052e-05 2.81370e+03 3.39972e-11 +0.00000e+00
 1.93070e-05 2.83094e+03 4.21041e-11 +0.00000e+00
 2.40410e-05 2.84892e+03 5.21319e-11 +0.00000e+00
 2.99358e-05 2.86750e+03 6.45359e-11 +0.00000e+00
 3.72759e-05 2.88660e+03 7.98787e-11 +0.00000e+00
 4.64159e-05 2.90614e+03 9.88562e-11 +0.00000e+00
 5.77969e-05 2.92608e+03 1.22328e-10 +0.00000e+00
 7.19686e-05 2.94638e+03 1.51355e-10 +0.00000e+00
 8.96151e-05 2.96707e+03 1.87248e-10 +0.00000e+00
 1.11588e-04 2.98818e+03 2.31617e-10 +0.00000e+00
 1.38950e-04 3.00975e+03 2.86451e-10 +0.00000e+00
 1.73020e-04 3.03187e+03 3.54189e-10 +0.00000e+00
 2.15443e-04 3.05457e+03 4.37846e-10 +0.00000e+00
 2.68270e-04 3.07782e+03 5.41120e-10 +0.00000e+00
 3.34048e-04 3.10156e+03 6.68594e-10 +0.00000e+00
 4.15956e-04 3.12555e+03 8.25920e-10 +0.00000e+00
 5.17947e-04 3.14963e+03 1.02009e-09 +0.00000e+00
 6.44947e-04 3.17340e+03 1.25975e-09 +0.00000e+00
 8.03086e-04 3.19666e+03 1.55559e-09 +0.00000e+00
 1.00000e-03 3.21899e+03 1.92083e-09 +0.00000e+00
 1.24520e-03 3.24026e+03 2.37168e-09 -2.55037e-07
 1.55052e-03 3.26010e+03 2.92818e-09 -3.17571e-07
 1.93070e-03 3.27861e+03 3.61461e-09 -3.95438e-07
 2.40410e-03 3.29554e+03 4.46099e-09 -4.92399e-07
 2.99358e-03 3.31112e+03 5.50322e-09 -6.13134e-07
 3.72759e-03 3.32533e+03 6.78533e-09 -7.63474e-07
 4.64159e-03 3.33844e+03 8.35948e-09 -9.50671e-07
 5.77969e-03 3.35069e+03 1.02887e-08 -1.18377e-06
 7.19686e-03 3.36228e+03 1.26471e-08 -1.47404e-06
 8.96151e-03 3.37350e+03 1.55234e-08 -1.83546e-06
 1.11588e-02 3.38461e+03 1.90191e-08 -2.28552e-06
 1.38950e-02 3.39585e+03 2.32553e-08 -2.84591e-06
 1.73020e-02 3.40744e+03 2.83689e-08 -3.54373e-06
 2.15443e-02 3.41969e+03 3.45147e-08 -4.41264e-06
 2.68270e-02 3.43283e+03 4.18717e-08 -5.49460e-06
 3.34048e-02 3.44716e+03 5.06271e-08 -6.84186e-06
 4.15956e-02 3.46294e+03 6.09993e-08 -8.51945e-06
 5.17947e-02 3.48013e+03 7.32159e-08 -1.06084e-05
 6.44947e-02 3.49897e+03 8.75149e-08 -1.32096e-05
 8.03086e-02 3.52013e+03 1.04131e-07 -1.64485e-05
 1.00000e-01 3.54424e+03 1.23231e-07 -2.04816e-05
 1.24520e-01 3.57203e+03 1.44966e-07 -2.55037e-05
 1.55052e-01 3.60420e+03 1.69372e-07 -3.17571e-05
 1.93070e-01 3.64124e+03 1.96304e-07 -3.95438e-05
 2.40410e-01 3.68422e+03 2.25440e-07 -4.92399e-05
 2.99358e-01 3.73460e+03 2.56023e-07 -6.13134e-05
 3.72759e-01 3.79247e+03 2.86996e-07 -7.63474e-05
 4.64159e-01 3.85664e+03 3.17306e-07 -6.69271e-05
 5.77969e-01 3.92835e+03 3.45497e-07 +1.29245e-03
 7.19686e-01 4.01207e+03 3.69414e-07 +6.44337e-03
 8.96151e-01 4.09700e+03 3.89662e-07 +1.23727e-02
 1.11588e+00 4.17937e+03 4.07085e-07 +1.83568e-02
 1.38950e+00 4.25925e+03 4.22288e-07 +2.50287e-02
 1.73020e+00 4.33777e+03 4.35643e-07 +3.28439e-02
 2.15443e+00 4.41589e+03 4.47419e-07 +4.22309e-02
 2.68270e+00 4.49447e+03 4.57804e-07 +5.38730e-02
 3.34048e+00 4.57370e+03 4.66990e-07 +6.25128e-02
 4.15956e+00 4.65166e+03 4.75436e-07 +6.54434e-02
 5.17947e+00 4.72851e+03 4.83370e-07 +6.77989e-02
 6.44947e+00 4.80486e+03 4.90908e-07 +6.97098e-02
 8.03086e+00 4.88111e+03 4.98148e-07 +7.12876e-02
 1.00000e+01 4.95753e+03 5.05170e-07 +7.25969e-02
 1.24520e+01 5.03436e+03 5.12040e-07 +7.36881e-02
 1.55052e+01 5.11177e+03 5.18817e-07 +7.46088e-02
 1.93070e+01 5.18985e+03 5.25560e-07 +7.53832e-02
 2.40410e+01 5.26875e+03 5.32314e-07 +7.60334e-02
 2.99358e+01 5.34869e+03 5.39110e-07 +7.65773e-02
 3.72759e+01 5.42984e+03 5.45977e-07 +7.70383e-02
 4.64159e+01 5.51228e+03 5.52948e-07 +7.74290e-02
 5.77969e+01 5.59614e+03 5.60053e-07 +7.77603e-02
 7.19686e+01 5.68156e+03 5.67314e-07 +7.80412e-02
 8.96151e+01 5.76865e+03 5.74754e-07 +7.82807e-02
 1.11588e+02 5.85751e+03 5.82400e-07 +7.84850e-02
 1.38950e+02 5.94820e+03 5.90278e-07 +7.86589e-02
 1.73020e+02 6.04083e+03 5.98407e-07 +7.88080e-02
 2.15443e+02 6.13546e+03 6.06813e-07 +7.89364e-02
 2.68270e+02 6.23214e+03 6.15533e-07 +7.90454e-02
 3.34048e+02 6.33093e+03 6.24597e-07 +7.91393e-02
 4.15956e+02 6.43191e+03 6.34034e-07 +7.92201e-02
 5.17947e+02 6.53512e+03 6.43876e-07 +7.92898e-02
 6.44947e+02 6.64058e+03 6.54160e-07 +7.93491e-02
 8.03086e+02 6.74828e+03 6.64930e-07 +7.94009e-02
 1.00000e+03 6.85820e+03 6.76232e-07 +7.94451e-02
