#n1=128 n2=4 Teff=04400 R=1.7141e+11 L=7.8460e+33 logg=+3.50
#   tau          T          rho         Fconv
 0.00000e+00 2.37677e+03 6.29199e-21 +0.00000e+00
 1.00000e-09 2.37677e+03 8.42756e-14 +0.00000e+00
 1.24520e-09 2.38084e+03 1.04794e-13 +0.00000e+00
 1.55052e-09 2.38548e+03 1.30274e-13 +0.00000e+00
 1.93070e-09 2.39080e+03 1.61902e-13 +0.00000e+00
 2.40410e-09 2.39681e+03 2.01147e-13 +0.00000e+00
 2.99358e-09 2.40361e+03 2.49822e-13 +0.00000e+00
 3.72759e-09 2.41120e+03 3.10170e-13 +0.00000e+00
 4.64159e-09 2.41964e+03 3.84957e-13 +0.00000e+00
 5.77969e-09 2.42892e+03 4.77609e-13 +0.00000e+00
 7.19686e-09 2.43904e+03 5.92353e-13 +0.00000e+00
 8.96151e-09 2.44993e+03 7.34425e-13 +0.00000e+00
 1.11588e-08 2.46155e+03 9.10303e-13 +0.00000e+00
 1.38950e-08 2.47376e+03 1.12802e-12 +0.00000e+00
 1.73020e-08 2.48642e+03 1.39756e-12 +0.00000e+00
 2.15443e-08 2.49933e+03 1.73132e-12 +0.00000e+00
 2.68270e-08 2.51230e+03 2.14471e-12 +0.00000e+00
 3.34048e-08 2.52513e+03 2.65695e-12 +0.00000e+00
 4.15956e-08 2.53764e+03 3.29187e-12 +0.00000e+00
 5.17947e-08 2.54978e+03 4.07905e-12 +0.00000e+00
 6.44947e-08 2.56158e+03 5.05497e-12 +0.00000e+00
 8.03086e-08 2.57325e+03 6.26441e-12 +0.00000e+00
 1.00000e-07 2.58513e+03 7.76219e-12 +0.00000e+00
 1.24520e-07 2.59761e+03 9.61513e-12 +0.00000e+00
 1.55052e-07 2.61101e+03 1.19051e-11 +0.00000e+00
 1.93070e-07 2.62556e+03 1.47319e-11 +0.00000e+00
 2.40410e-07 2.64136e+03 1.82186e-11 +0.00000e+00
 2.99358e-07 2.65844e+03 2.25153e-11 +0.00000e+00
 3.72759e-07 2.67671e+03 2.78061e-11 +0.00000e+00
 4.64159e-07 2.69605e+03 3.43162e-11 +0.00000e+00
 5.77969e-07 2.71628e+03 4.23215e-11 +0.00000e+00
 7.19686e-07 2.73717e+03 5.21586e-11 +0.00000e+00
 8.96151e-07 2.75849e+03 6.42377e-11 +0.00000e+00
 1.11588e-06 2.78002e+03 7.90583e-11 +0.00000e+00
 1.38950e-06 2.80156e+03 9.72233e-11 +0.00000e+00
 1.73020e-06 2.82299e+03 1.19461e-10 +0.00000e+00
 2.15443e-06 2.84421e+03 1.46640e-10 +0.00000e+00
 2.68270e-06 2.86517e+03 1.79802e-10 +0.00000e+00
 3.34048e-06 2.88588e+03 2.20169e-10 +0.00000e+00
 4.15956e-06 2.90639e+03 2.69186e-10 +0.00000e+00
 5.17947e-06 2.92670e+03 3.28531e-10 +0.00000e+00
 6.44947e-06 2.94684e+03 4.00158e-10 +0.00000e+00
 8.03086e-06 2.96685e+03 4.86303e-10 +0.00000e+00
 1.00000e-05 2.98669e+03 5.89521e-10 +0.00000e+00
 1.24520e-05 3.00640e+03 7.12718e-10 +0.00000e+00
 1.55052e-05 3.02594e+03 8.59129e-10 +0.00000e+00
 1.93070e-05 3.04526e+03 1.03246e-09 +0.00000e+00
 2.40410e-05 3.06439e+03 1.23671e-09 +0.00000e+00
 2.99358e-05 3.08334e+03 1.47640e-09 +0.00000e+00
 3.72759e-05 3.10212e+03 1.75651e-09 +0.00000e+00
 4.64159e-05 3.12062e+03 2.08251e-09 +0.00000e+00
 5.77969e-05 3.13881e+03 2.46073e-09 +0.00000e+00
 7.19686e-05 3.15668e+03 2.89792e-09 +0.00000e+00
 8.96151e-05 3.17417e+03 3.40171e-09 +0.00000e+00
 1.11588e-04 3.19123e+03 3.98112e-09 +0.00000e+00
 1.38950e-04 3.20790e+03 4.64558e-09 +0.00000e+00
 1.73020e-04 3.22422e+03 5.40598e-09 +0.00000e+00
 2.15443e-04 3.24016e+03 6.27512e-09 +0.00000e+00
 2.68270e-04 3.25572e+03 7.26668e-09 +0.00000e+00
 3.34048e-04 3.27093e+03 8.39647e-09 +0.00000e+00
 4.15956e-04 3.28583e+03 9.68313e-09 +0.00000e+00
 5.17947e-04 3.30046e+03 1.11463e-08 +0.00000e+00
 6.44947e-04 3.31493e+03 1.28082e-08 +0.00000e+00
 8.03086e-04 3.32931e+03 1.46955e-08 +0.00000e+00
 1.00000e-03 3.34370e+03 1.68356e-08 +0.00000e+00
 1.24520e-03 3.35811e+03 1.92595e-08 -2.54583e-07
 1.55052e-03 3.37269e+03 2.20036e-08 -3.17006e-07
 1.93070e-03 3.38752e+03 2.51067e-08 -3.94736e-07
 2.40410e-03 3.40263e+03 2.86105e-08 -4.91525e-07
 2.99358e-03 3.41815e+03 3.25615e-08 -6.12045e-07
 3.72759e-03 3.43417e+03 3.70144e-08 -7.62113e-07
 4.64159e-03 3.45088e+03 4.20210e-08 -9.48984e-07
 5.77969e-03 3.46839e+03 4.76359e-08 -1.18167e-06
 7.19686e-03 3.48685e+03 5.39257e-08 -1.47141e-06
 8.96151e-03 3.50638e+03 6.09554e-08 -1.83220e-06
 1.11588e-02 3.52715e+03 6.87871e-08 -2.28145e-06
 1.38950e-02 3.54928e+03 7.74849e-08 -2.84085e-06
 1.73020e-02 3.57290e+03 8.71321e-08 -3.53743e-06
 2.15443e-02 3.59820e+03 9.77936e-08 -4.40479e-06
 2.68270e-02 3.62538e+03 1.09528e-07 -5.48484e-06
 3.34048e-02 3.65466e+03 1.22402e-07 -6.82971e-06
 4.15956e-02 3.68633e+03 1.36489e-07 -8.50431e-06
 5.17947e-02 3.72100e+03 1.51810e-07 -1.05895e-05
 6.44947e-02 3.75861e+03 1.68412e-07 -1.31861e-05
 8.03086e-02 3.79929e+03 1.86373e-07 -1.64193e-05
 1.00000e-01 3.84360e+03 2.05747e-07 -2.04452e-05
 1.24520e-01 3.89268e+03 2.26498e-07 -2.54583e-05
 1.55052e-01 3.94806e+03 2.48518e-07 -3.17006e-05
 1.93070e-01 4.00286e+03 2.72598e-07 -3.94736e-05
 2.40410e-01 4.06707e+03 2.98063e-07 -4.91525e-05
 2.99358e-01 4.14795e+03 3.24143e-07 -6.12045e-05
 3.72759e-01 4.23257e+03 3.52197e-07 -7.62113e-05
 4.64159e-01 4.32692e+03 3.81918e-07 -9.48984e-05
 5.77969e-01 4.43524e+03 4.12993e-07 -1.18167e-04
 7.19686e-01 4.55782e+03 4.45115e-07 -1.47141e-04
 8.96151e-01 4.69325e+03 4.77475e-07 -1.83220e-04
 1.11588e+00 4.84329e+03 5.07812e-07 -1.67049e-04
 1.38950e+00 5.00958e+03 5.32908e-07 +1.73558e-03
 1.73020e+00 5.17624e+03 5.52672e-07 +8.80581e-03
 2.15443e+00 5.33424e+03 5.68323e-07 +1.91307e-02
 2.68270e+00 5.48136e+03 5.81315e-07 +3.13985e-02
 3.34048e+00 5.61964e+03 5.92552e-07 +4.25742e-02
 4.15956e+00 5.74959e+03 6.02851e-07 +4.95087e-02
 5.17947e+00 5.87331e+03 6.12642e-07 +5.48846e-02
 6.44947e+00 5.99280e+03 6.22169e-07 +5.91029e-02
 8.03086e+00 6.10954e+03 6.31581e-07 +6.24718e-02
 1.00000e+01 6.22465e+03 6.41020e-07 +6.51969e-02
 1.24520e+01 6.33896e+03 6.50583e-07 +6.74260e-02
 1.55052e+01 6.45317e+03 6.60348e-07 +6.92660e-02
 1.93070e+01 6.56777e+03 6.70383e-07 +7.08010e-02
 2.40410e+01 6.68314e+03 6.80755e-07 +7.20928e-02
 2.99358e+01 6.79953e+03 6.91530e-07 +7.31854e-02
 3.72759e+01 6.91715e+03 7.02773e-07 +7.41120e-02
 4.64159e+01 7.03615e+03 7.14548e-07 +7.49012e-02
 5.77969e+01 7.15663e+03 7.26925e-07 +7.55755e-02
 7.19686e+01 7.27868e+03 7.39971e-07 +7.61515e-02
 8.96151e+01 7.40233e+03 7.53758e-07 +7.66466e-02
 1.11588e+02 7.52749e+03 7.68375e-07 +7.70734e-02
 1.38950e+02 7.65399e+03 7.83925e-07 +7.74423e-02
 1.73020e+02 7.78167e+03 8.00516e-07 +7.77595e-02
 2.15443e+02 7.91049e+03 8.18252e-07 +7.80301e-02
 2.68270e+02 8.04050e+03 8.37230e-07 +7.82597e-02
 3.34048e+02 8.17172e+03 8.57553e-07 +7.84564e-02
 4.15956e+02 8.30412e+03 8.79330e-07 +7.86244e-02
 5.17947e+02 8.43772e+03 9.02672e-07 +7.87670e-02
 6.44947e+02 8.57262e+03 9.27681e-07 +7.88875e-02
 8.03086e+02 8.70894e+03 9.54456e-07 +7.89905e-02
 1.00000e+03 8.84641e+03 9.83147e-07 +7.90799e-02
