#n1=128 n2=4 Teff=04500 R=1.6001e+10 L=7.4801e+31 logg=+5.50
#   tau          T          rho         Fconv
 0.00000e+00 2.49446e+03 6.00531e-21 +0.00000e+00
 1.00000e-09 2.49446e+03 8.11496e-12 +0.00000e+00
 1.24520e-09 2.50207e+03 1.00682e-11 +0.00000e+00
 1.55052e-09 2.51047e+03 1.24851e-11 +0.00000e+00
 1.93070e-09 2.51970e+03 1.54732e-11 +0.00000e+00
 2.40410e-09 2.52961e+03 1.91663e-11 +0.00000e+00
 2.99358e-09 2.54024e+03 2.37263e-11 +0.00000e+00
 3.72759e-09 2.55134e+03 2.93549e-11 +0.00000e+00
 4.64159e-09 2.56298e+03 3.62953e-11 +0.00000e+00
 5.77969e-09 2.57484e+03 4.48499e-11 +0.00000e+00
 7.19686e-09 2.58692e+03 5.53837e-11 +0.00000e+00
 8.96151e-09 2.59896e+03 6.83457e-11 +0.00000e+00
 1.11588e-08 2.61095e+03 8.42778e-11 +0.00000e+00
 1.38950e-08 2.62274e+03 1.03836e-10 +0.00000e+00
 1.73020e-08 2.63439e+03 1.27809e-10 +0.00000e+00
 2.15443e-08 2.64594e+03 1.57132e-10 +0.00000e+00
 2.68270e-08 2.65748e+03 1.92922e-10 +0.00000e+00
 3.34048e-08 2.66920e+03 2.36475e-10 +0.00000e+00
 4.15956e-08 2.68106e+03 2.89337e-10 +0.00000e+00
 5.17947e-08 2.69328e+03 3.53270e-10 +0.00000e+00
 6.44947e-08 2.70561e+03 4.30367e-10 +0.00000e+00
 8.03086e-08 2.71824e+03 5.22992e-10 +0.00000e+00
 1.00000e-07 2.73095e+03 6.33894e-10 +0.00000e+00
 1.24520e-07 2.74370e+03 7.66234e-10 +0.00000e+00
 1.55052e-07 2.75661e+03 9.23467e-10 +0.00000e+00
 1.93070e-07 2.76941e+03 1.10970e-09 +0.00000e+00
 2.40410e-07 2.78236e+03 1.32935e-09 +0.00000e+00
 2.99358e-07 2.79508e+03 1.58762e-09 +0.00000e+00
 3.72759e-07 2.80777e+03 1.89030e-09 +0.00000e+00
 4.64159e-07 2.82050e+03 2.24370e-09 +0.00000e+00
 5.77969e-07 2.83282e+03 2.65549e-09 +0.00000e+00
 7.19686e-07 2.84535e+03 3.13347e-09 +0.00000e+00
 8.96151e-07 2.85755e+03 3.68761e-09 +0.00000e+00
 1.11588e-06 2.86943e+03 4.32872e-09 +0.00000e+00
 1.38950e-06 2.88142e+03 5.06855e-09 +0.00000e+00
 1.73020e-06 2.89302e+03 5.92174e-09 +0.00000e+00
 2.15443e-06 2.90456e+03 6.90333e-09 +0.00000e+00
 2.68270e-06 2.91623e+03 8.03142e-09 +0.00000e+00
 3.34048e-06 2.92756e+03 9.32740e-09 +0.00000e+00
 4.15956e-06 2.93898e+03 1.08123e-08 +0.00000e+00
 5.17947e-06 2.95053e+03 1.25149e-08 +0.00000e+00
 6.44947e-06 2.96250e+03 1.44584e-08 +0.00000e+00
 8.03086e-06 2.97404e+03 1.66825e-08 +0.00000e+00
 1.00000e-05 2.98559e+03 1.92312e-08 +0.00000e+00
 1.24520e-05 2.99736e+03 2.21454e-08 +0.00000e+00
 1.55052e-05 3.00983e+03 2.54452e-08 +0.00000e+00
 1.93070e-05 3.02208e+03 2.92237e-08 +0.00000e+00
 2.40410e-05 3.03486e+03 3.35287e-08 +0.00000e+00
 2.99358e-05 3.04816e+03 3.84002e-08 +0.00000e+00
 3.72759e-05 3.06241e+03 4.39081e-08 +0.00000e+00
 4.64159e-05 3.07792e+03 5.01207e-08 +0.00000e+00
 5.77969e-05 3.09499e+03 5.70732e-08 +0.00000e+00
 7.19686e-05 3.11387e+03 6.47718e-08 +0.00000e+00
 8.96151e-05 3.13498e+03 7.32906e-08 +0.00000e+00
 1.11588e-04 3.15856e+03 8.26448e-08 +0.00000e+00
 1.38950e-04 3.18455e+03 9.27789e-08 +0.00000e+00
 1.73020e-04 3.21317e+03 1.03719e-07 +0.00000e+00
 2.15443e-04 3.24434e+03 1.15498e-07 +0.00000e+00
 2.68270e-04 3.27853e+03 1.28044e-07 +0.00000e+00
 3.34048e-04 3.31380e+03 1.41422e-07 +0.00000e+00
 4.15956e-04 3.35056e+03 1.55730e-07 +0.00000e+00
 5.17947e-04 3.38833e+03 1.71068e-07 +0.00000e+00
 6.44947e-04 3.42667e+03 1.87550e-07 +0.00000e+00
 8.03086e-04 3.46507e+03 2.05237e-07 +0.00000e+00
 1.00000e-03 3.50290e+03 2.24436e-07 +0.00000e+00
 1.24520e-03 3.53942e+03 2.45489e-07 -2.54586e-07
 1.55052e-03 3.57392e+03 2.68795e-07 -3.17009e-07
 1.93070e-03 3.60591e+03 2.94772e-07 -3.94739e-07
 2.40410e-03 3.63520e+03 3.23922e-07 -4.91529e-07
 2.99358e-03 3.66186e+03 3.56919e-07 -6.12050e-07
 3.72759e-03 3.68621e+03 3.94393e-07 -7.62122e-07
 4.64159e-03 3.70876e+03 4.37009e-07 -9.48991e-07
 5.77969e-03 3.73006e+03 4.85250e-07 -1.18168e-06
 7.19686e-03 3.75068e+03 5.40079e-07 -1.47143e-06
 8.96151e-03 3.77112e+03 6.02270e-07 -1.83222e-06
 1.11588e-02 3.79182e+03 6.72625e-07 -2.28147e-06
 1.38950e-02 3.81322e+03 7.51585e-07 -2.84088e-06
 1.73020e-02 3.83573e+03 8.40240e-07 -3.53746e-06
 2.15443e-02 3.85980e+03 9.39338e-07 -4.40481e-06
 2.68270e-02 3.88588e+03 1.04943e-06 -5.48486e-06
 3.34048e-02 3.91444e+03 1.17022e-06 -6.82974e-06
 4.15956e-02 3.94596e+03 1.30244e-06 -8.50440e-06
 5.17947e-02 3.98099e+03 1.44601e-06 -1.05897e-05
 6.44947e-02 4.02007e+03 1.60027e-06 -1.31862e-05
 8.03086e-02 4.06389e+03 1.76338e-06 -1.64194e-05
 1.00000e-01 4.11304e+03 1.93501e-06 -2.04454e-05
 1.24520e-01 4.16837e+03 2.11335e-06 -2.54586e-05
 1.55052e-01 4.22331e+03 2.30515e-06 -3.17009e-05
 1.93070e-01 4.28172e+03 2.50750e-06 +7.88158e-04
 2.40410e-01 4.34654e+03 2.71784e-06 +1.16954e-03
 2.99358e-01 4.41334e+03 2.94217e-06 +2.09127e-03
 3.72759e-01 4.48335e+03 3.18088e-06 +3.20886e-03
 4.64159e-01 4.55707e+03 3.43501e-06 +4.74100e-03
 5.77969e-01 4.63535e+03 3.70508e-06 +6.61330e-03
 7.19686e-01 4.71917e+03 3.99299e-06 +8.88941e-03
 8.96151e-01 4.80955e+03 4.29937e-06 +1.15724e-02
 1.11588e+00 4.90768e+03 4.62433e-06 +1.47427e-02
 1.38950e+00 5.01444e+03 4.96779e-06 +1.86667e-02
 1.73020e+00 5.13060e+03 5.32908e-06 +2.34176e-02
 2.15443e+00 5.25681e+03 5.70484e-06 +2.94338e-02
 2.68270e+00 5.39227e+03 6.08863e-06 +3.75223e-02
 3.34048e+00 5.53466e+03 6.47192e-06 +4.46843e-02
 4.15956e+00 5.68014e+03 6.84676e-06 +4.90019e-02
 5.17947e+00 5.82579e+03 7.20670e-06 +5.32339e-02
 6.44947e+00 5.96981e+03 7.54895e-06 +5.71851e-02
 8.03086e+00 6.11094e+03 7.87249e-06 +6.07229e-02
 1.00000e+01 6.24895e+03 8.18256e-06 +6.37222e-02
 1.24520e+01 6.38442e+03 8.48286e-06 +6.62126e-02
 1.55052e+01 6.51809e+03 8.77626e-06 +6.82802e-02
 1.93070e+01 6.65065e+03 9.06539e-06 +6.99969e-02
 2.40410e+01 6.78270e+03 9.35254e-06 +7.14300e-02
 2.99358e+01 6.91478e+03 9.63982e-06 +7.26305e-02
 3.72759e+01 7.04736e+03 9.92917e-06 +7.36392e-02
 4.64159e+01 7.18086e+03 1.02223e-05 +7.44908e-02
 5.77969e+01 7.31558e+03 1.05210e-05 +7.52147e-02
 7.19686e+01 7.45180e+03 1.08268e-05 +7.58298e-02
 8.96151e+01 7.58981e+03 1.11412e-05 +7.63524e-02
 1.11588e+02 7.72986e+03 1.14656e-05 +7.67989e-02
 1.38950e+02 7.87216e+03 1.18015e-05 +7.71813e-02
 1.73020e+02 8.01690e+03 1.21503e-05 +7.75099e-02
 2.15443e+02 8.16419e+03 1.25133e-05 +7.77925e-02
 2.68270e+02 8.31415e+03 1.28923e-05 +7.80360e-02
 3.34048e+02 8.46685e+03 1.32887e-05 +7.82459e-02
 4.15956e+02 8.62235e+03 1.37044e-05 +7.84278e-02
 5.17947e+02 8.78063e+03 1.41412e-05 +7.85852e-02
 6.44947e+02 8.94157e+03 1.46015e-05 +7.87224e-02
 8.03086e+02 9.10495e+03 1.50879e-05 +7.88420e-02
 1.00000e+03 9.27055e+03 1.56034e-05 +7.89461e-02
