#n1=128 n2=4 Teff=04200 R=9.4406e+12 L=1.9727e+37 logg=+0.50
#   tau          T          rho         Fconv
 0.00000e+00 1.84293e+03 8.11022e-21 +0.00000e+00
 1.00000e-09 1.84293e+03 8.57279e-17 +0.00000e+00
 1.24520e-09 1.84860e+03 1.06641e-16 +0.00000e+00
 1.55052e-09 1.85427e+03 1.32657e-16 +0.00000e+00
 1.93070e-09 1.86003e+03 1.65013e-16 +0.00000e+00
 2.40410e-09 1.86605e+03 2.05237e-16 +0.00000e+00
 2.99358e-09 1.87212e+03 2.55260e-16 +0.00000e+00
 3.72759e-09 1.87786e+03 3.17536e-16 +0.00000e+00
 4.64159e-09 1.88431e+03 3.94861e-16 +0.00000e+00
 5.77969e-09 1.89106e+03 4.90949e-16 +0.00000e+00
 7.19686e-09 1.89791e+03 6.10392e-16 +0.00000e+00
 8.96151e-09 1.90508e+03 7.58787e-16 +0.00000e+00
 1.11588e-08 1.91206e+03 9.43366e-16 +0.00000e+00
 1.38950e-08 1.91970e+03 1.17246e-15 +0.00000e+00
 1.73020e-08 1.92754e+03 1.45708e-15 +0.00000e+00
 2.15443e-08 1.93570e+03 1.81052e-15 +0.00000e+00
 2.68270e-08 1.94410e+03 2.24947e-15 +0.00000e+00
 3.34048e-08 1.95281e+03 2.79446e-15 +0.00000e+00
 4.15956e-08 1.96182e+03 3.47106e-15 +0.00000e+00
 5.17947e-08 1.97115e+03 4.31090e-15 +0.00000e+00
 6.44947e-08 1.98080e+03 5.35323e-15 +0.00000e+00
 8.03086e-08 1.99076e+03 6.64672e-15 +0.00000e+00
 1.00000e-07 2.00108e+03 8.25158e-15 +0.00000e+00
 1.24520e-07 2.01169e+03 1.02428e-14 +0.00000e+00
 1.55052e-07 2.02266e+03 1.27127e-14 +0.00000e+00
 1.93070e-07 2.03390e+03 1.57768e-14 +0.00000e+00
 2.40410e-07 2.04550e+03 1.95765e-14 +0.00000e+00
 2.99358e-07 2.05737e+03 2.42893e-14 +0.00000e+00
 3.72759e-07 2.06961e+03 3.01324e-14 +0.00000e+00
 4.64159e-07 2.08192e+03 3.73819e-14 +0.00000e+00
 5.77969e-07 2.09513e+03 4.63572e-14 +0.00000e+00
 7.19686e-07 2.10901e+03 5.74719e-14 +0.00000e+00
 8.96151e-07 2.12384e+03 7.12231e-14 +0.00000e+00
 1.11588e-06 2.13960e+03 8.82309e-14 +0.00000e+00
 1.38950e-06 2.15662e+03 1.09242e-13 +0.00000e+00
 1.73020e-06 2.17484e+03 1.35193e-13 +0.00000e+00
 2.15443e-06 2.19390e+03 1.67257e-13 +0.00000e+00
 2.68270e-06 2.21503e+03 2.06748e-13 +0.00000e+00
 3.34048e-06 2.23703e+03 2.55490e-13 +0.00000e+00
 4.15956e-06 2.26110e+03 3.15466e-13 +0.00000e+00
 5.17947e-06 2.28562e+03 3.89496e-13 +0.00000e+00
 6.44947e-06 2.31172e+03 4.80629e-13 +0.00000e+00
 8.03086e-06 2.33775e+03 5.93191e-13 +0.00000e+00
 1.00000e-05 2.36271e+03 7.32554e-13 +0.00000e+00
 1.24520e-05 2.38813e+03 9.04596e-13 +0.00000e+00
 1.55052e-05 2.41382e+03 1.11706e-12 +0.00000e+00
 1.93070e-05 2.44079e+03 1.37887e-12 +0.00000e+00
 2.40410e-05 2.46606e+03 1.70343e-12 +0.00000e+00
 2.99358e-05 2.49186e+03 2.10419e-12 +0.00000e+00
 3.72759e-05 2.51641e+03 2.60082e-12 +0.00000e+00
 4.64159e-05 2.54168e+03 3.21405e-12 +0.00000e+00
 5.77969e-05 2.56699e+03 3.97214e-12 +0.00000e+00
 7.19686e-05 2.59213e+03 4.90981e-12 +0.00000e+00
 8.96151e-05 2.61705e+03 6.06973e-12 +0.00000e+00
 1.11588e-04 2.64195e+03 7.50423e-12 +0.00000e+00
 1.38950e-04 2.66745e+03 9.27601e-12 +0.00000e+00
 1.73020e-04 2.69381e+03 1.14628e-11 +0.00000e+00
 2.15443e-04 2.72108e+03 1.41607e-11 +0.00000e+00
 2.68270e-04 2.74968e+03 1.74848e-11 +0.00000e+00
 3.34048e-04 2.77997e+03 2.15756e-11 +0.00000e+00
 4.15956e-04 2.81167e+03 2.66090e-11 +0.00000e+00
 5.17947e-04 2.84470e+03 3.27985e-11 +0.00000e+00
 6.44947e-04 2.87844e+03 4.04134e-11 +0.00000e+00
 8.03086e-04 2.91210e+03 4.97897e-11 +0.00000e+00
 1.00000e-03 2.94499e+03 6.13443e-11 +0.00000e+00
 1.24520e-03 2.97670e+03 7.55883e-11 -2.54994e-07
 1.55052e-03 3.00581e+03 9.31857e-11 -3.17518e-07
 1.93070e-03 3.03567e+03 1.14794e-10 -3.95373e-07
 2.40410e-03 3.06253e+03 1.41468e-10 -4.92317e-07
 2.99358e-03 3.08758e+03 1.74316e-10 -6.13031e-07
 3.72759e-03 3.11106e+03 2.14707e-10 -7.63345e-07
 4.64159e-03 3.13324e+03 2.64293e-10 -9.50516e-07
 5.77969e-03 3.15446e+03 3.25022e-10 -1.18358e-06
 7.19686e-03 3.17502e+03 3.99220e-10 -1.47379e-06
 8.96151e-03 3.19522e+03 4.89593e-10 -1.83516e-06
 1.11588e-02 3.21533e+03 5.99318e-10 -2.28513e-06
 1.38950e-02 3.23567e+03 7.32008e-10 -2.84544e-06
 1.73020e-02 3.25671e+03 8.91760e-10 -3.54314e-06
 2.15443e-02 3.27888e+03 1.08314e-09 -4.41190e-06
 2.68270e-02 3.30269e+03 1.31109e-09 -5.49369e-06
 3.34048e-02 3.32835e+03 1.58122e-09 -6.84072e-06
 4.15956e-02 3.35608e+03 1.89934e-09 -8.51804e-06
 5.17947e-02 3.38627e+03 2.27184e-09 -1.06066e-05
 6.44947e-02 3.41921e+03 2.70517e-09 -1.32074e-05
 8.03086e-02 3.45556e+03 3.20584e-09 -1.64458e-05
 1.00000e-01 3.49580e+03 3.78074e-09 -2.04782e-05
 1.24520e-01 3.53794e+03 4.43974e-09 -2.54994e-05
 1.55052e-01 3.58283e+03 5.19132e-09 -3.17518e-05
 1.93070e-01 3.63154e+03 6.04328e-09 -3.95373e-05
 2.40410e-01 3.68613e+03 7.00115e-09 -4.92317e-05
 2.99358e-01 3.75327e+03 8.06031e-09 -6.13031e-05
 3.72759e-01 3.82681e+03 9.23935e-09 -7.63345e-05
 4.64159e-01 3.90972e+03 1.05342e-08 -9.50516e-05
 5.77969e-01 4.00409e+03 1.19253e-08 -1.18358e-04
 7.19686e-01 4.11406e+03 1.33442e-08 -1.47379e-04
 8.96151e-01 4.24229e+03 1.46618e-08 -1.83516e-04
 1.11588e+00 4.39001e+03 1.57128e-08 -2.28513e-04
 1.38950e+00 4.55614e+03 1.63958e-08 -2.84467e-04
 1.73020e+00 4.74882e+03 1.66640e-08 -3.48063e-04
 2.15443e+00 4.97537e+03 1.65396e-08 -2.29509e-04
 2.68270e+00 5.20310e+03 1.62411e-08 +2.13512e-03
 3.34048e+00 5.43431e+03 1.58437e-08 +1.26201e-02
 4.15956e+00 5.64252e+03 1.54751e-08 +2.71894e-02
 5.17947e+00 5.82330e+03 1.51688e-08 +3.92174e-02
 6.44947e+00 5.98327e+03 1.49142e-08 +4.80416e-02
 8.03086e+00 6.12881e+03 1.46976e-08 +5.45203e-02
 1.00000e+01 6.26434e+03 1.45092e-08 +5.93966e-02
 1.24520e+01 6.39278e+03 1.43428e-08 +6.31624e-02
 1.55052e+01 6.51606e+03 1.41941e-08 +6.61322e-02
 1.93070e+01 6.63548e+03 1.40606e-08 +6.85128e-02
 2.40410e+01 6.75195e+03 1.39404e-08 +7.04442e-02
 2.99358e+01 6.86609e+03 1.38323e-08 +7.20253e-02
 3.72759e+01 6.97834e+03 1.37355e-08 +7.33289e-02
 4.64159e+01 7.08902e+03 1.36495e-08 +7.44070e-02
 5.77969e+01 7.19834e+03 1.35740e-08 +7.53012e-02
 7.19686e+01 7.30647e+03 1.35087e-08 +7.60449e-02
 8.96151e+01 7.41354e+03 1.34537e-08 +7.66632e-02
 1.11588e+02 7.51965e+03 1.34088e-08 +7.71781e-02
 1.38950e+02 7.62489e+03 1.33742e-08 +7.76056e-02
 1.73020e+02 7.72934e+03 1.33499e-08 +7.79616e-02
 2.15443e+02 7.83305e+03 1.33361e-08 +7.82574e-02
 2.68270e+02 7.93612e+03 1.33331e-08 +7.85032e-02
 3.34048e+02 8.03860e+03 1.33411e-08 +7.87076e-02
 4.15956e+02 8.14058e+03 1.33605e-08 +7.88768e-02
 5.17947e+02 8.24212e+03 1.33918e-08 +7.90176e-02
 6.44947e+02 8.34332e+03 1.34353e-08 +7.91340e-02
 8.03086e+02 8.44425e+03 1.34918e-08 +7.92311e-02
 1.00000e+03 8.54499e+03 1.35619e-08 +7.93111e-02
