#n1=128 n2=4 Teff=04900 R=5.3589e+12 L=1.1775e+37 logg=+1.00
#   tau          T          rho         Fconv
 0.00000e+00 2.28862e+03 6.53434e-21 +0.00000e+00
 1.00000e-09 2.28862e+03 2.39698e-16 +0.00000e+00
 1.24520e-09 2.29711e+03 2.97816e-16 +0.00000e+00
 1.55052e-09 2.30559e+03 3.70024e-16 +0.00000e+00
 1.93070e-09 2.31402e+03 4.59752e-16 +0.00000e+00
 2.40410e-09 2.32246e+03 5.71237e-16 +0.00000e+00
 2.99358e-09 2.33093e+03 7.09751e-16 +0.00000e+00
 3.72759e-09 2.33942e+03 8.81856e-16 +0.00000e+00
 4.64159e-09 2.34801e+03 1.09566e-15 +0.00000e+00
 5.77969e-09 2.35662e+03 1.36129e-15 +0.00000e+00
 7.19686e-09 2.36544e+03 1.69121e-15 +0.00000e+00
 8.96151e-09 2.37430e+03 2.10107e-15 +0.00000e+00
 1.11588e-08 2.38347e+03 2.60996e-15 +0.00000e+00
 1.38950e-08 2.39269e+03 3.24209e-15 +0.00000e+00
 1.73020e-08 2.40237e+03 4.02661e-15 +0.00000e+00
 2.15443e-08 2.41220e+03 5.00074e-15 +0.00000e+00
 2.68270e-08 2.42270e+03 6.20895e-15 +0.00000e+00
 3.34048e-08 2.43345e+03 7.70839e-15 +0.00000e+00
 4.15956e-08 2.44497e+03 9.56714e-15 +0.00000e+00
 5.17947e-08 2.45682e+03 1.18727e-14 +0.00000e+00
 6.44947e-08 2.46939e+03 1.47300e-14 +0.00000e+00
 8.03086e-08 2.48229e+03 1.82729e-14 +0.00000e+00
 1.00000e-07 2.49577e+03 2.26632e-14 +0.00000e+00
 1.24520e-07 2.50948e+03 2.81067e-14 +0.00000e+00
 1.55052e-07 2.52359e+03 3.48530e-14 +0.00000e+00
 1.93070e-07 2.53783e+03 4.32178e-14 +0.00000e+00
 2.40410e-07 2.55232e+03 5.35869e-14 +0.00000e+00
 2.99358e-07 2.56690e+03 6.64432e-14 +0.00000e+00
 3.72759e-07 2.58168e+03 8.23807e-14 +0.00000e+00
 4.64159e-07 2.59665e+03 1.02137e-13 +0.00000e+00
 5.77969e-07 2.61192e+03 1.26621e-13 +0.00000e+00
 7.19686e-07 2.62760e+03 1.56954e-13 +0.00000e+00
 8.96151e-07 2.64376e+03 1.94525e-13 +0.00000e+00
 1.11588e-06 2.66059e+03 2.41037e-13 +0.00000e+00
 1.38950e-06 2.67802e+03 2.98613e-13 +0.00000e+00
 1.73020e-06 2.69625e+03 3.69845e-13 +0.00000e+00
 2.15443e-06 2.71509e+03 4.57982e-13 +0.00000e+00
 2.68270e-06 2.73473e+03 5.66974e-13 +0.00000e+00
 3.34048e-06 2.75490e+03 7.01793e-13 +0.00000e+00
 4.15956e-06 2.77579e+03 8.68467e-13 +0.00000e+00
 5.17947e-06 2.79713e+03 1.07458e-12 +0.00000e+00
 6.44947e-06 2.81915e+03 1.32933e-12 +0.00000e+00
 8.03086e-06 2.84163e+03 1.64424e-12 +0.00000e+00
 1.00000e-05 2.86483e+03 2.03325e-12 +0.00000e+00
 1.24520e-05 2.88868e+03 2.51374e-12 +0.00000e+00
 1.55052e-05 2.91342e+03 3.10680e-12 +0.00000e+00
 1.93070e-05 2.93908e+03 3.83850e-12 +0.00000e+00
 2.40410e-05 2.96585e+03 4.74057e-12 +0.00000e+00
 2.99358e-05 2.99378e+03 5.85205e-12 +0.00000e+00
 3.72759e-05 3.02284e+03 7.22088e-12 +0.00000e+00
 4.64159e-05 3.05295e+03 8.90590e-12 +0.00000e+00
 5.77969e-05 3.08396e+03 1.09795e-11 +0.00000e+00
 7.19686e-05 3.11564e+03 1.35306e-11 +0.00000e+00
 8.96151e-05 3.14796e+03 1.66675e-11 +0.00000e+00
 1.11588e-04 3.18109e+03 2.05207e-11 +0.00000e+00
 1.38950e-04 3.21541e+03 2.52469e-11 +0.00000e+00
 1.73020e-04 3.25146e+03 3.10323e-11 +0.00000e+00
 2.15443e-04 3.28976e+03 3.80990e-11 +0.00000e+00
 2.68270e-04 3.33057e+03 4.67134e-11 +0.00000e+00
 3.34048e-04 3.37374e+03 5.71995e-11 +0.00000e+00
 4.15956e-04 3.41858e+03 6.99540e-11 +0.00000e+00
 5.17947e-04 3.46420e+03 8.54628e-11 +0.00000e+00
 6.44947e-04 3.50939e+03 1.04321e-10 +0.00000e+00
 8.03086e-04 3.55284e+03 1.27256e-10 +0.00000e+00
 1.00000e-03 3.59353e+03 1.55136e-10 +0.00000e+00
 1.24520e-03 3.63111e+03 1.88967e-10 -2.55018e-07
 1.55052e-03 3.66569e+03 2.29905e-10 -3.17549e-07
 1.93070e-03 3.69764e+03 2.79260e-10 -3.95410e-07
 2.40410e-03 3.72729e+03 3.38529e-10 -4.92364e-07
 2.99358e-03 3.75498e+03 4.09384e-10 -6.13089e-07
 3.72759e-03 3.78102e+03 4.93704e-10 -7.63417e-07
 4.64159e-03 3.80573e+03 5.93552e-10 -9.50605e-07
 5.77969e-03 3.82947e+03 7.11195e-10 -1.18369e-06
 7.19686e-03 3.85255e+03 8.49107e-10 -1.47393e-06
 8.96151e-03 3.87528e+03 1.00998e-09 -1.83533e-06
 1.11588e-02 3.89800e+03 1.19672e-09 -2.28535e-06
 1.38950e-02 3.92106e+03 1.41243e-09 -2.84571e-06
 1.73020e-02 3.94489e+03 1.66049e-09 -3.54348e-06
 2.15443e-02 3.96992e+03 1.94438e-09 -4.41231e-06
 2.68270e-02 3.99663e+03 2.26781e-09 -5.49421e-06
 3.34048e-02 4.02553e+03 2.63467e-09 -6.84137e-06
 4.15956e-02 4.05711e+03 3.04857e-09 -8.51885e-06
 5.17947e-02 4.09189e+03 3.51320e-09 -1.06076e-05
 6.44947e-02 4.13036e+03 4.03170e-09 -1.32086e-05
 8.03086e-02 4.17298e+03 4.60546e-09 -1.64473e-05
 1.00000e-01 4.22022e+03 5.23473e-09 -2.04801e-05
 1.24520e-01 4.27263e+03 5.91658e-09 -2.55018e-05
 1.55052e-01 4.33057e+03 6.64256e-09 -3.17549e-05
 1.93070e-01 4.39482e+03 7.39951e-09 -3.95410e-05
 2.40410e-01 4.46643e+03 8.16776e-09 -4.92364e-05
 2.99358e-01 4.54685e+03 8.91979e-09 -6.13089e-05
 3.72759e-01 4.63786e+03 9.62136e-09 -7.63417e-05
 4.64159e-01 4.73906e+03 1.02467e-08 -9.50605e-05
 5.77969e-01 4.85618e+03 1.07581e-08 -1.18369e-04
 7.19686e-01 4.99528e+03 1.11182e-08 -1.47392e-04
 8.96151e-01 5.15396e+03 1.13259e-08 -1.83508e-04
 1.11588e+00 5.35135e+03 1.13372e-08 -2.27876e-04
 1.38950e+00 5.55155e+03 1.12584e-08 -2.76923e-04
 1.73020e+00 5.78124e+03 1.10616e-08 -2.51867e-04
 2.15443e+00 6.06045e+03 1.07292e-08 +8.20115e-04
 2.68270e+00 6.35164e+03 1.03558e-08 +7.10669e-03
 3.34048e+00 6.57214e+03 1.00978e-08 +1.87292e-02
 4.15956e+00 6.77209e+03 9.87200e-09 +3.22134e-02
 5.17947e+00 6.94825e+03 9.68338e-09 +4.34185e-02
 6.44947e+00 7.10451e+03 9.52565e-09 +5.18265e-02
 8.03086e+00 7.24573e+03 9.39146e-09 +5.80244e-02
 1.00000e+01 7.37585e+03 9.27510e-09 +6.26304e-02
 1.24520e+01 7.49778e+03 9.17252e-09 +6.61090e-02
 1.55052e+01 7.61361e+03 9.08088e-09 +6.87809e-02
 1.93070e+01 7.72488e+03 8.99819e-09 +7.08628e-02
 2.40410e+01 7.83271e+03 8.92304e-09 +7.25046e-02
 2.99358e+01 7.93797e+03 8.85441e-09 +7.38126e-02
 3.72759e+01 8.04131e+03 8.79156e-09 +7.48642e-02
 4.64159e+01 8.14325e+03 8.73395e-09 +7.57156e-02
 5.77969e+01 8.24420e+03 8.68119e-09 +7.64091e-02
 7.19686e+01 8.34448e+03 8.63305e-09 +7.69755e-02
 8.96151e+01 8.44438e+03 8.58933e-09 +7.74404e-02
 1.11588e+02 8.54413e+03 8.54995e-09 +7.78235e-02
 1.38950e+02 8.64393e+03 8.51492e-09 +7.81392e-02
 1.73020e+02 8.74396e+03 8.48424e-09 +7.84006e-02
 2.15443e+02 8.84439e+03 8.45807e-09 +7.86170e-02
 2.68270e+02 8.94538e+03 8.43652e-09 +7.87966e-02
 3.34048e+02 9.04708e+03 8.41983e-09 +7.89458e-02
 4.15956e+02 9.14964e+03 8.40828e-09 +7.90697e-02
 5.17947e+02 9.25320e+03 8.40217e-09 +7.91729e-02
 6.44947e+02 9.35792e+03 8.40197e-09 +7.92591e-02
 8.03086e+02 9.46396e+03 8.40798e-09 +7.93311e-02
 1.00000e+03 9.57148e+03 8.42097e-09 +7.93908e-02
