#n1=128 n2=4 Teff=04900 R=3.0914e+10 L=3.9252e+32 logg=+5.00
#   tau          T          rho         Fconv
 0.00000e+00 2.54977e+03 5.86502e-21 +0.00000e+00
 1.00000e-09 2.54977e+03 2.50868e-12 +0.00000e+00
 1.24520e-09 2.55474e+03 3.11774e-12 +0.00000e+00
 1.55052e-09 2.56040e+03 3.87342e-12 +0.00000e+00
 1.93070e-09 2.56676e+03 4.81067e-12 +0.00000e+00
 2.40410e-09 2.57390e+03 5.97252e-12 +0.00000e+00
 2.99358e-09 2.58181e+03 7.41223e-12 +0.00000e+00
 3.72759e-09 2.59056e+03 9.19520e-12 +0.00000e+00
 4.64159e-09 2.60010e+03 1.14025e-11 +0.00000e+00
 5.77969e-09 2.61047e+03 1.41334e-11 +0.00000e+00
 7.19686e-09 2.62158e+03 1.75109e-11 +0.00000e+00
 8.96151e-09 2.63343e+03 2.16859e-11 +0.00000e+00
 1.11588e-08 2.64587e+03 2.68450e-11 +0.00000e+00
 1.38950e-08 2.65881e+03 3.32174e-11 +0.00000e+00
 1.73020e-08 2.67203e+03 4.10864e-11 +0.00000e+00
 2.15443e-08 2.68539e+03 5.08007e-11 +0.00000e+00
 2.68270e-08 2.69866e+03 6.27894e-11 +0.00000e+00
 3.34048e-08 2.71167e+03 7.75813e-11 +0.00000e+00
 4.15956e-08 2.72426e+03 9.58231e-11 +0.00000e+00
 5.17947e-08 2.73632e+03 1.18309e-10 +0.00000e+00
 6.44947e-08 2.74788e+03 1.46000e-10 +0.00000e+00
 8.03086e-08 2.75901e+03 1.80066e-10 +0.00000e+00
 1.00000e-07 2.76998e+03 2.21895e-10 +0.00000e+00
 1.24520e-07 2.78098e+03 2.73164e-10 +0.00000e+00
 1.55052e-07 2.79241e+03 3.35828e-10 +0.00000e+00
 1.93070e-07 2.80425e+03 4.12242e-10 +0.00000e+00
 2.40410e-07 2.81677e+03 5.05128e-10 +0.00000e+00
 2.99358e-07 2.82978e+03 6.17714e-10 +0.00000e+00
 3.72759e-07 2.84335e+03 7.53745e-10 +0.00000e+00
 4.64159e-07 2.85735e+03 9.17514e-10 +0.00000e+00
 5.77969e-07 2.87164e+03 1.11405e-09 +0.00000e+00
 7.19686e-07 2.88624e+03 1.34894e-09 +0.00000e+00
 8.96151e-07 2.90081e+03 1.62877e-09 +0.00000e+00
 1.11588e-06 2.91553e+03 1.96078e-09 +0.00000e+00
 1.38950e-06 2.93013e+03 2.35328e-09 +0.00000e+00
 1.73020e-06 2.94467e+03 2.81566e-09 +0.00000e+00
 2.15443e-06 2.95922e+03 3.35811e-09 +0.00000e+00
 2.68270e-06 2.97361e+03 3.99240e-09 +0.00000e+00
 3.34048e-06 2.98818e+03 4.73117e-09 +0.00000e+00
 4.15956e-06 3.00286e+03 5.58827e-09 +0.00000e+00
 5.17947e-06 3.01776e+03 6.57919e-09 +0.00000e+00
 6.44947e-06 3.03316e+03 7.72014e-09 +0.00000e+00
 8.03086e-06 3.04887e+03 9.02891e-09 +0.00000e+00
 1.00000e-05 3.06524e+03 1.05242e-08 +0.00000e+00
 1.24520e-05 3.08246e+03 1.22255e-08 +0.00000e+00
 1.55052e-05 3.10038e+03 1.41524e-08 +0.00000e+00
 1.93070e-05 3.11946e+03 1.63248e-08 +0.00000e+00
 2.40410e-05 3.13981e+03 1.87626e-08 +0.00000e+00
 2.99358e-05 3.16140e+03 2.14829e-08 +0.00000e+00
 3.72759e-05 3.18444e+03 2.45043e-08 +0.00000e+00
 4.64159e-05 3.20886e+03 2.78487e-08 +0.00000e+00
 5.77969e-05 3.23452e+03 3.15357e-08 +0.00000e+00
 7.19686e-05 3.26130e+03 3.55856e-08 +0.00000e+00
 8.96151e-05 3.28918e+03 4.00299e-08 +0.00000e+00
 1.11588e-04 3.31834e+03 4.48884e-08 +0.00000e+00
 1.38950e-04 3.34913e+03 5.01679e-08 +0.00000e+00
 1.73020e-04 3.38208e+03 5.58755e-08 +0.00000e+00
 2.15443e-04 3.41772e+03 6.20085e-08 +0.00000e+00
 2.68270e-04 3.45628e+03 6.85577e-08 +0.00000e+00
 3.34048e-04 3.49757e+03 7.55244e-08 +0.00000e+00
 4.15956e-04 3.54097e+03 8.29583e-08 +0.00000e+00
 5.17947e-04 3.58550e+03 9.09361e-08 +0.00000e+00
 6.44947e-04 3.62989e+03 9.95724e-08 +0.00000e+00
 8.03086e-04 3.67274e+03 1.09026e-07 +0.00000e+00
 1.00000e-03 3.71298e+03 1.19505e-07 +0.00000e+00
 1.24520e-03 3.75017e+03 1.31224e-07 -2.54583e-07
 1.55052e-03 3.78442e+03 1.44387e-07 -3.17007e-07
 1.93070e-03 3.81608e+03 1.59207e-07 -3.94735e-07
 2.40410e-03 3.84548e+03 1.75926e-07 -4.91524e-07
 2.99358e-03 3.87293e+03 1.94839e-07 -6.12042e-07
 3.72759e-03 3.89876e+03 2.16230e-07 -7.62114e-07
 4.64159e-03 3.92329e+03 2.40411e-07 -9.48982e-07
 5.77969e-03 3.94687e+03 2.67725e-07 -1.18167e-06
 7.19686e-03 3.96981e+03 2.98614e-07 -1.47141e-06
 8.96151e-03 3.99243e+03 3.33493e-07 -1.83220e-06
 1.11588e-02 4.01506e+03 3.72795e-07 -2.28145e-06
 1.38950e-02 4.03808e+03 4.16989e-07 -2.84085e-06
 1.73020e-02 4.06188e+03 4.66668e-07 -3.53743e-06
 2.15443e-02 4.08693e+03 5.22332e-07 -4.40478e-06
 2.68270e-02 4.11371e+03 5.84449e-07 -5.48483e-06
 3.34048e-02 4.14273e+03 6.53486e-07 -6.82969e-06
 4.15956e-02 4.17450e+03 7.30051e-07 -8.50431e-06
 5.17947e-02 4.20958e+03 8.14532e-07 -1.05895e-05
 6.44947e-02 4.24850e+03 9.07230e-07 -1.31860e-05
 8.03086e-02 4.29181e+03 1.00844e-06 -1.64192e-05
 1.00000e-01 4.34008e+03 1.11863e-06 -2.04452e-05
 1.24520e-01 4.39401e+03 1.23788e-06 -2.54583e-05
 1.55052e-01 4.45419e+03 1.36622e-06 -3.17007e-05
 1.93070e-01 4.52166e+03 1.50342e-06 -3.94735e-05
 2.40410e-01 4.59781e+03 1.64902e-06 -4.91524e-05
 2.99358e-01 4.68459e+03 1.80130e-06 -6.12042e-05
 3.72759e-01 4.78445e+03 1.95702e-06 -7.62114e-05
 4.64159e-01 4.89840e+03 2.11174e-06 -9.48982e-05
 5.77969e-01 5.03412e+03 2.25373e-06 +7.05031e-04
 7.19686e-01 5.17143e+03 2.38574e-06 +2.40933e-03
 8.96151e-01 5.30304e+03 2.50876e-06 +5.77154e-03
 1.11588e+00 5.43201e+03 2.62101e-06 +1.07652e-02
 1.38950e+00 5.55770e+03 2.72392e-06 +1.70200e-02
 1.73020e+00 5.68046e+03 2.81913e-06 +2.44737e-02
 2.15443e+00 5.80115e+03 2.90809e-06 +3.34795e-02
 2.68270e+00 5.92070e+03 2.99201e-06 +4.43703e-02
 3.34048e+00 6.03968e+03 3.07183e-06 +5.31778e-02
 4.15956e+00 6.15727e+03 3.14923e-06 +5.73679e-02
 5.17947e+00 6.27386e+03 3.22564e-06 +6.08129e-02
 6.44947e+00 6.39016e+03 3.30177e-06 +6.36507e-02
 8.03086e+00 6.50672e+03 3.37820e-06 +6.60181e-02
 1.00000e+01 6.62397e+03 3.45545e-06 +6.80020e-02
 1.24520e+01 6.74228e+03 3.53398e-06 +6.96703e-02
 1.55052e+01 6.86198e+03 3.61419e-06 +7.10838e-02
 1.93070e+01 6.98329e+03 3.69647e-06 +7.22850e-02
 2.40410e+01 7.10644e+03 3.78120e-06 +7.33081e-02
 2.99358e+01 7.23160e+03 3.86876e-06 +7.41816e-02
 3.72759e+01 7.35893e+03 3.95954e-06 +7.49312e-02
 4.64159e+01 7.48849e+03 4.05395e-06 +7.55774e-02
 5.77969e+01 7.62026e+03 4.15247e-06 +7.61352e-02
 7.19686e+01 7.75424e+03 4.25561e-06 +7.66158e-02
 8.96151e+01 7.89045e+03 4.36388e-06 +7.70295e-02
 1.11588e+02 8.02896e+03 4.47777e-06 +7.73850e-02
 1.38950e+02 8.16980e+03 4.59781e-06 +7.76913e-02
 1.73020e+02 8.31296e+03 4.72456e-06 +7.79556e-02
 2.15443e+02 8.45845e+03 4.85861e-06 +7.81829e-02
 2.68270e+02 8.60633e+03 5.00053e-06 +7.83784e-02
 3.34048e+02 8.75656e+03 5.15099e-06 +7.85473e-02
 4.15956e+02 8.90894e+03 5.31080e-06 +7.86948e-02
 5.17947e+02 9.06306e+03 5.48102e-06 +7.88236e-02
 6.44947e+02 9.21855e+03 5.66284e-06 +7.89353e-02
 8.03086e+02 9.37521e+03 5.85744e-06 +7.90307e-02
 1.00000e+03 9.53310e+03 6.06596e-06 +7.91121e-02
