#n1=128 n2=4 Teff=04000 R=7.9789e+10 L=1.1620e+33 logg=+4.00
#   tau          T          rho         Fconv
 0.00000e+00 3.18845e+03 4.65142e-21 +0.00000e+00
 1.00000e-09 3.18845e+03 1.98890e-13 +0.00000e+00
 1.24520e-09 3.18820e+03 2.47795e-13 +0.00000e+00
 1.55052e-09 3.18792e+03 3.08716e-13 +0.00000e+00
 1.93070e-09 3.18758e+03 3.84607e-13 +0.00000e+00
 2.40410e-09 3.18720e+03 4.79146e-13 +0.00000e+00
 2.99358e-09 3.18676e+03 5.96918e-13 +0.00000e+00
 3.72759e-09 3.18625e+03 7.43633e-13 +0.00000e+00
 4.64159e-09 3.18567e+03 9.26408e-13 +0.00000e+00
 5.77969e-09 3.18502e+03 1.15411e-12 +0.00000e+00
 7.19686e-09 3.18427e+03 1.43779e-12 +0.00000e+00
 8.96151e-09 3.18344e+03 1.79123e-12 +0.00000e+00
 1.11588e-08 3.18249e+03 2.23159e-12 +0.00000e+00
 1.38950e-08 3.18143e+03 2.78027e-12 +0.00000e+00
 1.73020e-08 3.18024e+03 3.46396e-12 +0.00000e+00
 2.15443e-08 3.17891e+03 4.31591e-12 +0.00000e+00
 2.68270e-08 3.17742e+03 5.37762e-12 +0.00000e+00
 3.34048e-08 3.17575e+03 6.70079e-12 +0.00000e+00
 4.15956e-08 3.17390e+03 8.34998e-12 +0.00000e+00
 5.17947e-08 3.17183e+03 1.04057e-11 +0.00000e+00
 6.44947e-08 3.16953e+03 1.29683e-11 +0.00000e+00
 8.03086e-08 3.16696e+03 1.61633e-11 +0.00000e+00
 1.00000e-07 3.16412e+03 2.01471e-11 +0.00000e+00
 1.24520e-07 3.16095e+03 2.51152e-11 +0.00000e+00
 1.55052e-07 3.15744e+03 3.13116e-11 +0.00000e+00
 1.93070e-07 3.15355e+03 3.90416e-11 +0.00000e+00
 2.40410e-07 3.14928e+03 4.86854e-11 +0.00000e+00
 2.99358e-07 3.14457e+03 6.07199e-11 +0.00000e+00
 3.72759e-07 3.13952e+03 7.57373e-11 +0.00000e+00
 4.64159e-07 3.13415e+03 9.44786e-11 +0.00000e+00
 5.77969e-07 3.12868e+03 1.17862e-10 +0.00000e+00
 7.19686e-07 3.12339e+03 1.47024e-10 +0.00000e+00
 8.96151e-07 3.11852e+03 1.83378e-10 +0.00000e+00
 1.11588e-06 3.11449e+03 2.28659e-10 +0.00000e+00
 1.38950e-06 3.11138e+03 2.85037e-10 +0.00000e+00
 1.73020e-06 3.10947e+03 3.55174e-10 +0.00000e+00
 2.15443e-06 3.10872e+03 4.42402e-10 +0.00000e+00
 2.68270e-06 3.10930e+03 5.50804e-10 +0.00000e+00
 3.34048e-06 3.11124e+03 6.85453e-10 +0.00000e+00
 4.15956e-06 3.11469e+03 8.52565e-10 +0.00000e+00
 5.17947e-06 3.11980e+03 1.05981e-09 +0.00000e+00
 6.44947e-06 3.12671e+03 1.31654e-09 +0.00000e+00
 8.03086e-06 3.13563e+03 1.63427e-09 +0.00000e+00
 1.00000e-05 3.14664e+03 2.02699e-09 +0.00000e+00
 1.24520e-05 3.15988e+03 2.51189e-09 +0.00000e+00
 1.55052e-05 3.17527e+03 3.10986e-09 +0.00000e+00
 1.93070e-05 3.19282e+03 3.84648e-09 +0.00000e+00
 2.40410e-05 3.21226e+03 4.75297e-09 +0.00000e+00
 2.99358e-05 3.23341e+03 5.86733e-09 +0.00000e+00
 3.72759e-05 3.25585e+03 7.23624e-09 +0.00000e+00
 4.64159e-05 3.27923e+03 8.91587e-09 +0.00000e+00
 5.77969e-05 3.30303e+03 1.09756e-08 +0.00000e+00
 7.19686e-05 3.32677e+03 1.34981e-08 +0.00000e+00
 8.96151e-05 3.34984e+03 1.65860e-08 +0.00000e+00
 1.11588e-04 3.37168e+03 2.03612e-08 +0.00000e+00
 1.38950e-04 3.39174e+03 2.49753e-08 +0.00000e+00
 1.73020e-04 3.40958e+03 3.06083e-08 +0.00000e+00
 2.15443e-04 3.42504e+03 3.74822e-08 +0.00000e+00
 2.68270e-04 3.43820e+03 4.58611e-08 +0.00000e+00
 3.34048e-04 3.44948e+03 5.60558e-08 +0.00000e+00
 4.15956e-04 3.45926e+03 6.84477e-08 +0.00000e+00
 5.17947e-04 3.46802e+03 8.34620e-08 +0.00000e+00
 6.44947e-04 3.47587e+03 1.01652e-07 +0.00000e+00
 8.03086e-04 3.48285e+03 1.23642e-07 +0.00000e+00
 1.00000e-03 3.48895e+03 1.50212e-07 +0.00000e+00
 1.24520e-03 3.49399e+03 1.82366e-07 -2.54399e-07
 1.55052e-03 3.49815e+03 2.21107e-07 -3.16778e-07
 1.93070e-03 3.50117e+03 2.68034e-07 -3.94450e-07
 2.40410e-03 3.50321e+03 3.24734e-07 -4.91168e-07
 2.99358e-03 3.50438e+03 3.93201e-07 -6.11602e-07
 3.72759e-03 3.50454e+03 4.76376e-07 -7.61566e-07
 4.64159e-03 3.50425e+03 5.76421e-07 -9.48295e-07
 5.77969e-03 3.50332e+03 6.97700e-07 -1.18081e-06
 7.19686e-03 3.50197e+03 8.44699e-07 -1.47035e-06
 8.96151e-03 3.50101e+03 1.02049e-06 -1.83088e-06
 1.11588e-02 3.50042e+03 1.23298e-06 -2.27980e-06
 1.38950e-02 3.50143e+03 1.48589e-06 -2.83880e-06
 1.73020e-02 3.50500e+03 1.78351e-06 -3.53487e-06
 2.15443e-02 3.51184e+03 2.13291e-06 -4.40161e-06
 2.68270e-02 3.52356e+03 2.52966e-06 -5.48087e-06
 3.34048e-02 3.54045e+03 2.97452e-06 -6.82476e-06
 4.15956e-02 3.56261e+03 3.46558e-06 -8.49815e-06
 5.17947e-02 3.58992e+03 3.98682e-06 -1.05819e-05
 6.44947e-02 3.62173e+03 4.53301e-06 -1.31766e-05
 8.03086e-02 3.65781e+03 5.09457e-06 -1.64074e-05
 1.00000e-01 3.69795e+03 5.65372e-06 -2.04304e-05
 1.24520e-01 3.73899e+03 6.20417e-06 +5.33262e-03
 1.55052e-01 3.77696e+03 6.77537e-06 +5.31015e-03
 1.93070e-01 3.81360e+03 7.36568e-06 +7.36644e-03
 2.40410e-01 3.84950e+03 7.97606e-06 +8.74188e-03
 2.99358e-01 3.88472e+03 8.59882e-06 +1.11215e-02
 3.72759e-01 3.91929e+03 9.24202e-06 +1.47824e-02
 4.64159e-01 3.95339e+03 9.91282e-06 +1.75494e-02
 5.77969e-01 3.98714e+03 1.06142e-05 +1.85405e-02
 7.19686e-01 4.02073e+03 1.13487e-05 +2.20004e-02
 8.96151e-01 4.05430e+03 1.21175e-05 +2.61221e-02
 1.11588e+00 4.08797e+03 1.29063e-05 +3.11055e-02
 1.38950e+00 4.12178e+03 1.37334e-05 +3.72016e-02
 1.73020e+00 4.15580e+03 1.46016e-05 +4.47261e-02
 2.15443e+00 4.19006e+03 1.55135e-05 +5.40759e-02
 2.68270e+00 4.22463e+03 1.64723e-05 +6.57352e-02
 3.34048e+00 4.25954e+03 1.74817e-05 +7.33483e-02
 4.15956e+00 4.29468e+03 1.85279e-05 +7.44079e-02
 5.17947e+00 4.33006e+03 1.96259e-05 +7.52809e-02
 6.44947e+00 4.36574e+03 2.07845e-05 +7.59983e-02
 8.03086e+00 4.40179e+03 2.20074e-05 +7.65876e-02
 1.00000e+01 4.43829e+03 2.32990e-05 +7.70737e-02
 1.24520e+01 4.47532e+03 2.46642e-05 +7.74744e-02
 1.55052e+01 4.51296e+03 2.61030e-05 +7.78069e-02
 1.93070e+01 4.55118e+03 2.75952e-05 +7.80885e-02
 2.40410e+01 4.58997e+03 2.91683e-05 +7.83226e-02
 2.99358e+01 4.62935e+03 3.08274e-05 +7.85181e-02
 3.72759e+01 4.66936e+03 3.25785e-05 +7.86806e-02
 4.64159e+01 4.71005e+03 3.44281e-05 +7.88162e-02
 5.77969e+01 4.75146e+03 3.63829e-05 +7.89285e-02
 7.19686e+01 4.79366e+03 3.84361e-05 +7.90235e-02
 8.96151e+01 4.83655e+03 4.05750e-05 +7.91040e-02
 1.11588e+02 4.88017e+03 4.28284e-05 +7.91708e-02
 1.38950e+02 4.92458e+03 4.52031e-05 +7.92259e-02
 1.73020e+02 4.96986e+03 4.77064e-05 +7.92720e-02
 2.15443e+02 5.01610e+03 5.03462e-05 +7.93112e-02
 2.68270e+02 5.06334e+03 5.31306e-05 +7.93436e-02
 3.34048e+02 5.11163e+03 5.60464e-05 +7.93711e-02
 4.15956e+02 5.16079e+03 5.90853e-05 +7.93946e-02
 5.17947e+02 5.21086e+03 6.22799e-05 +7.94145e-02
 6.44947e+02 5.26192e+03 6.56403e-05 +7.94304e-02
 8.03086e+02 5.31408e+03 6.91763e-05 +7.94441e-02
 1.00000e+03 5.36747e+03 7.28971e-05 +7.94558e-02
