#n1=128 n2=4 Teff=04600 R=2.8325e+12 L=2.5574e+36 logg=+1.50
#   tau          T          rho         Fconv
 0.00000e+00 2.20973e+03 6.76761e-21 +0.00000e+00
 1.00000e-09 2.20973e+03 8.42761e-16 +0.00000e+00
 1.24520e-09 2.21495e+03 1.04793e-15 +0.00000e+00
 1.55052e-09 2.22005e+03 1.30310e-15 +0.00000e+00
 1.93070e-09 2.22553e+03 1.62011e-15 +0.00000e+00
 2.40410e-09 2.23103e+03 2.01422e-15 +0.00000e+00
 2.99358e-09 2.23686e+03 2.50381e-15 +0.00000e+00
 3.72759e-09 2.24285e+03 3.11219e-15 +0.00000e+00
 4.64159e-09 2.24923e+03 3.86774e-15 +0.00000e+00
 5.77969e-09 2.25596e+03 4.80597e-15 +0.00000e+00
 7.19686e-09 2.26317e+03 5.97053e-15 +0.00000e+00
 8.96151e-09 2.27090e+03 7.41562e-15 +0.00000e+00
 1.11588e-08 2.27919e+03 9.20827e-15 +0.00000e+00
 1.38950e-08 2.28809e+03 1.14313e-14 +0.00000e+00
 1.73020e-08 2.29755e+03 1.41876e-14 +0.00000e+00
 2.15443e-08 2.30765e+03 1.76038e-14 +0.00000e+00
 2.68270e-08 2.31824e+03 2.18384e-14 +0.00000e+00
 3.34048e-08 2.32937e+03 2.70855e-14 +0.00000e+00
 4.15956e-08 2.34085e+03 3.35891e-14 +0.00000e+00
 5.17947e-08 2.35272e+03 4.16479e-14 +0.00000e+00
 6.44947e-08 2.36473e+03 5.16385e-14 +0.00000e+00
 8.03086e-08 2.37697e+03 6.40207e-14 +0.00000e+00
 1.00000e-07 2.38917e+03 7.93751e-14 +0.00000e+00
 1.24520e-07 2.40156e+03 9.84068e-14 +0.00000e+00
 1.55052e-07 2.41395e+03 1.22005e-13 +0.00000e+00
 1.93070e-07 2.42667e+03 1.51244e-13 +0.00000e+00
 2.40410e-07 2.43967e+03 1.87474e-13 +0.00000e+00
 2.99358e-07 2.45328e+03 2.32332e-13 +0.00000e+00
 3.72759e-07 2.46745e+03 2.87863e-13 +0.00000e+00
 4.64159e-07 2.48238e+03 3.56566e-13 +0.00000e+00
 5.77969e-07 2.49798e+03 4.41558e-13 +0.00000e+00
 7.19686e-07 2.51431e+03 5.46664e-13 +0.00000e+00
 8.96151e-07 2.53127e+03 6.76637e-13 +0.00000e+00
 1.11588e-06 2.54880e+03 8.37344e-13 +0.00000e+00
 1.38950e-06 2.56679e+03 1.03606e-12 +0.00000e+00
 1.73020e-06 2.58511e+03 1.28179e-12 +0.00000e+00
 2.15443e-06 2.60363e+03 1.58571e-12 +0.00000e+00
 2.68270e-06 2.62224e+03 1.96164e-12 +0.00000e+00
 3.34048e-06 2.64082e+03 2.42673e-12 +0.00000e+00
 4.15956e-06 2.65931e+03 3.00218e-12 +0.00000e+00
 5.17947e-06 2.67773e+03 3.71409e-12 +0.00000e+00
 6.44947e-06 2.69597e+03 4.59498e-12 +0.00000e+00
 8.03086e-06 2.71426e+03 5.68437e-12 +0.00000e+00
 1.00000e-05 2.73245e+03 7.03181e-12 +0.00000e+00
 1.24520e-05 2.75084e+03 8.69710e-12 +0.00000e+00
 1.55052e-05 2.76954e+03 1.07542e-11 +0.00000e+00
 1.93070e-05 2.78868e+03 1.32935e-11 +0.00000e+00
 2.40410e-05 2.80862e+03 1.64242e-11 +0.00000e+00
 2.99358e-05 2.82961e+03 2.02792e-11 +0.00000e+00
 3.72759e-05 2.85191e+03 2.50192e-11 +0.00000e+00
 4.64159e-05 2.87597e+03 3.08354e-11 +0.00000e+00
 5.77969e-05 2.90182e+03 3.79605e-11 +0.00000e+00
 7.19686e-05 2.92967e+03 4.66713e-11 +0.00000e+00
 8.96151e-05 2.95949e+03 5.72987e-11 +0.00000e+00
 1.11588e-04 2.99113e+03 7.02399e-11 +0.00000e+00
 1.38950e-04 3.02450e+03 8.59608e-11 +0.00000e+00
 1.73020e-04 3.05951e+03 1.05011e-10 +0.00000e+00
 2.15443e-04 3.09609e+03 1.28026e-10 +0.00000e+00
 2.68270e-04 3.13397e+03 1.55757e-10 +0.00000e+00
 3.34048e-04 3.17290e+03 1.89064e-10 +0.00000e+00
 4.15956e-04 3.21251e+03 2.28952e-10 +0.00000e+00
 5.17947e-04 3.25246e+03 2.76567e-10 +0.00000e+00
 6.44947e-04 3.29242e+03 3.33212e-10 +0.00000e+00
 8.03086e-04 3.33201e+03 4.00397e-10 +0.00000e+00
 1.00000e-03 3.37069e+03 4.79822e-10 +0.00000e+00
 1.24520e-03 3.40777e+03 5.73512e-10 -2.54782e-07
 1.55052e-03 3.44258e+03 6.83728e-10 -3.17254e-07
 1.93070e-03 3.47470e+03 8.13064e-10 -3.95044e-07
 2.40410e-03 3.50398e+03 9.64416e-10 -4.91906e-07
 2.99358e-03 3.53053e+03 1.14087e-09 -6.12522e-07
 3.72759e-03 3.55470e+03 1.34599e-09 -7.62712e-07
 4.64159e-03 3.57701e+03 1.58342e-09 -9.49724e-07
 5.77969e-03 3.59804e+03 1.85715e-09 -1.18260e-06
 7.19686e-03 3.61836e+03 2.17177e-09 -1.47256e-06
 8.96151e-03 3.63846e+03 2.53190e-09 -1.83363e-06
 1.11588e-02 3.65879e+03 2.94279e-09 -2.28323e-06
 1.38950e-02 3.67976e+03 3.41039e-09 -2.84308e-06
 1.73020e-02 3.70180e+03 3.94059e-09 -3.54019e-06
 2.15443e-02 3.72532e+03 4.54006e-09 -4.40822e-06
 2.68270e-02 3.75077e+03 5.21637e-09 -5.48912e-06
 3.34048e-02 3.77856e+03 5.97677e-09 -6.83503e-06
 4.15956e-02 3.80913e+03 6.82927e-09 -8.51095e-06
 5.17947e-02 3.84293e+03 7.78359e-09 -1.05978e-05
 6.44947e-02 3.88038e+03 8.84868e-09 -1.31964e-05
 8.03086e-02 3.92198e+03 1.00340e-08 -1.64321e-05
 1.00000e-01 3.96802e+03 1.13521e-08 -2.04612e-05
 1.24520e-01 4.01900e+03 1.28140e-08 -2.54782e-05
 1.55052e-01 4.07519e+03 1.44306e-08 -3.17254e-05
 1.93070e-01 4.13670e+03 1.62135e-08 -3.95044e-05
 2.40410e-01 4.20422e+03 1.81662e-08 -4.91906e-05
 2.99358e-01 4.27919e+03 2.02745e-08 -6.12522e-05
 3.72759e-01 4.36333e+03 2.24983e-08 -7.62712e-05
 4.64159e-01 4.45606e+03 2.47693e-08 -9.49724e-05
 5.77969e-01 4.56345e+03 2.69357e-08 -1.18260e-04
 7.19686e-01 4.69086e+03 2.87990e-08 -1.47256e-04
 8.96151e-01 4.83362e+03 3.02496e-08 -1.83361e-04
 1.11588e+00 5.00382e+03 3.11268e-08 -2.27509e-04
 1.38950e+00 5.21332e+03 3.13156e-08 -2.52781e-04
 1.73020e+00 5.41566e+03 3.12256e-08 -4.10182e-05
 2.15443e+00 5.64304e+03 3.07714e-08 +2.34822e-03
 2.68270e+00 5.85819e+03 3.02550e-08 +9.85587e-03
 3.34048e+00 6.06403e+03 2.97192e-08 +2.21394e-02
 4.15956e+00 6.25215e+03 2.92385e-08 +3.38501e-02
 5.17947e+00 6.42227e+03 2.88306e-08 +4.35232e-02
 6.44947e+00 6.57748e+03 2.84894e-08 +5.09536e-02
 8.03086e+00 6.72193e+03 2.82007e-08 +5.64946e-02
 1.00000e+01 6.85927e+03 2.79512e-08 +6.06935e-02
 1.24520e+01 6.99181e+03 2.77325e-08 +6.40126e-02
 1.55052e+01 7.12073e+03 2.75409e-08 +6.67048e-02
 1.93070e+01 7.24717e+03 2.73725e-08 +6.88451e-02
 2.40410e+01 7.37192e+03 2.72244e-08 +7.06463e-02
 2.99358e+01 7.49443e+03 2.70994e-08 +7.22205e-02
 3.72759e+01 7.61376e+03 2.70021e-08 +7.35660e-02
 4.64159e+01 7.72983e+03 2.69342e-08 +7.46714e-02
 5.77969e+01 7.84296e+03 2.68961e-08 +7.55710e-02
 7.19686e+01 7.95362e+03 2.68876e-08 +7.62980e-02
 8.96151e+01 8.06241e+03 2.69081e-08 +7.68854e-02
 1.11588e+02 8.16981e+03 2.69573e-08 +7.73628e-02
 1.38950e+02 8.27624e+03 2.70354e-08 +7.77527e-02
 1.73020e+02 8.38204e+03 2.71426e-08 +7.80724e-02
 2.15443e+02 8.48751e+03 2.72793e-08 +7.83346e-02
 2.68270e+02 8.59306e+03 2.74456e-08 +7.85491e-02
 3.34048e+02 8.69901e+03 2.76417e-08 +7.87265e-02
 4.15956e+02 8.80551e+03 2.78684e-08 +7.88751e-02
 5.17947e+02 8.91257e+03 2.81273e-08 +7.89997e-02
 6.44947e+02 9.02013e+03 2.84209e-08 +7.91041e-02
 8.03086e+02 9.12825e+03 2.87508e-08 +7.91913e-02
 1.00000e+03 9.23698e+03 2.91196e-08 +7.92646e-02
