#n1=128 n2=4 Teff=04900 R=1.7384e+10 L=1.2412e+32 logg=+5.50
#   tau          T          rho         Fconv
 0.00000e+00 2.63096e+03 5.68390e-21 +0.00000e+00
 1.00000e-09 2.63096e+03 7.67700e-12 +0.00000e+00
 1.24520e-09 2.63605e+03 9.53738e-12 +0.00000e+00
 1.55052e-09 2.64186e+03 1.18440e-11 +0.00000e+00
 1.93070e-09 2.64843e+03 1.47022e-11 +0.00000e+00
 2.40410e-09 2.65580e+03 1.82419e-11 +0.00000e+00
 2.99358e-09 2.66403e+03 2.26222e-11 +0.00000e+00
 3.72759e-09 2.67311e+03 2.80395e-11 +0.00000e+00
 4.64159e-09 2.68308e+03 3.47333e-11 +0.00000e+00
 5.77969e-09 2.69387e+03 4.29989e-11 +0.00000e+00
 7.19686e-09 2.70550e+03 5.31957e-11 +0.00000e+00
 8.96151e-09 2.71783e+03 6.57649e-11 +0.00000e+00
 1.11588e-08 2.73080e+03 8.12436e-11 +0.00000e+00
 1.38950e-08 2.74424e+03 1.00288e-10 +0.00000e+00
 1.73020e-08 2.75799e+03 1.23697e-10 +0.00000e+00
 2.15443e-08 2.77184e+03 1.52440e-10 +0.00000e+00
 2.68270e-08 2.78558e+03 1.87698e-10 +0.00000e+00
 3.34048e-08 2.79903e+03 2.30891e-10 +0.00000e+00
 4.15956e-08 2.81202e+03 2.83742e-10 +0.00000e+00
 5.17947e-08 2.82453e+03 3.48292e-10 +0.00000e+00
 6.44947e-08 2.83650e+03 4.26994e-10 +0.00000e+00
 8.03086e-08 2.84816e+03 5.22704e-10 +0.00000e+00
 1.00000e-07 2.85956e+03 6.38792e-10 +0.00000e+00
 1.24520e-07 2.87106e+03 7.79123e-10 +0.00000e+00
 1.55052e-07 2.88276e+03 9.48150e-10 +0.00000e+00
 1.93070e-07 2.89487e+03 1.15097e-09 +0.00000e+00
 2.40410e-07 2.90745e+03 1.39330e-09 +0.00000e+00
 2.99358e-07 2.92045e+03 1.68174e-09 +0.00000e+00
 3.72759e-07 2.93399e+03 2.02348e-09 +0.00000e+00
 4.64159e-07 2.94774e+03 2.42688e-09 +0.00000e+00
 5.77969e-07 2.96189e+03 2.90102e-09 +0.00000e+00
 7.19686e-07 2.97632e+03 3.45598e-09 +0.00000e+00
 8.96151e-07 2.99141e+03 4.10200e-09 +0.00000e+00
 1.11588e-06 3.00605e+03 4.85394e-09 +0.00000e+00
 1.38950e-06 3.02042e+03 5.72597e-09 +0.00000e+00
 1.73020e-06 3.03479e+03 6.73417e-09 +0.00000e+00
 2.15443e-06 3.04922e+03 7.89656e-09 +0.00000e+00
 2.68270e-06 3.06339e+03 9.23395e-09 +0.00000e+00
 3.34048e-06 3.07773e+03 1.07687e-08 +0.00000e+00
 4.15956e-06 3.09222e+03 1.25263e-08 +0.00000e+00
 5.17947e-06 3.10671e+03 1.45335e-08 +0.00000e+00
 6.44947e-06 3.12164e+03 1.68208e-08 +0.00000e+00
 8.03086e-06 3.13694e+03 1.94224e-08 +0.00000e+00
 1.00000e-05 3.15259e+03 2.23706e-08 +0.00000e+00
 1.24520e-05 3.16898e+03 2.57037e-08 +0.00000e+00
 1.55052e-05 3.18609e+03 2.94639e-08 +0.00000e+00
 1.93070e-05 3.20399e+03 3.36867e-08 +0.00000e+00
 2.40410e-05 3.22302e+03 3.84104e-08 +0.00000e+00
 2.99358e-05 3.24410e+03 4.36524e-08 +0.00000e+00
 3.72759e-05 3.26543e+03 4.94992e-08 +0.00000e+00
 4.64159e-05 3.28791e+03 5.59633e-08 +0.00000e+00
 5.77969e-05 3.31162e+03 6.31083e-08 +0.00000e+00
 7.19686e-05 3.33648e+03 7.09833e-08 +0.00000e+00
 8.96151e-05 3.36242e+03 7.96289e-08 +0.00000e+00
 1.11588e-04 3.38969e+03 8.90898e-08 +0.00000e+00
 1.38950e-04 3.41858e+03 9.94139e-08 +0.00000e+00
 1.73020e-04 3.44954e+03 1.10610e-07 +0.00000e+00
 2.15443e-04 3.48297e+03 1.22649e-07 +0.00000e+00
 2.68270e-04 3.51919e+03 1.35536e-07 +0.00000e+00
 3.34048e-04 3.55806e+03 1.49302e-07 +0.00000e+00
 4.15956e-04 3.59904e+03 1.64007e-07 +0.00000e+00
 5.17947e-04 3.64125e+03 1.79766e-07 +0.00000e+00
 6.44947e-04 3.68353e+03 1.96822e-07 +0.00000e+00
 8.03086e-04 3.72456e+03 2.15515e-07 +0.00000e+00
 1.00000e-03 3.76330e+03 2.36223e-07 +0.00000e+00
 1.24520e-03 3.79927e+03 2.59340e-07 -2.54588e-07
 1.55052e-03 3.83254e+03 2.85272e-07 -3.17013e-07
 1.93070e-03 3.86337e+03 3.14522e-07 -3.94743e-07
 2.40410e-03 3.89208e+03 3.47565e-07 -4.91534e-07
 2.99358e-03 3.91894e+03 3.84924e-07 -6.12056e-07
 3.72759e-03 3.94427e+03 4.27158e-07 -7.62130e-07
 4.64159e-03 3.96837e+03 4.75022e-07 -9.49002e-07
 5.77969e-03 3.99158e+03 5.29241e-07 -1.18169e-06
 7.19686e-03 4.01420e+03 5.90582e-07 -1.47144e-06
 8.96151e-03 4.03655e+03 6.59837e-07 -1.83223e-06
 1.11588e-02 4.05895e+03 7.38090e-07 -2.28149e-06
 1.38950e-02 4.08177e+03 8.26354e-07 -2.84091e-06
 1.73020e-02 4.10541e+03 9.25595e-07 -3.53750e-06
 2.15443e-02 4.13031e+03 1.03667e-06 -4.40487e-06
 2.68270e-02 4.15696e+03 1.16085e-06 -5.48495e-06
 3.34048e-02 4.18586e+03 1.29910e-06 -6.82984e-06
 4.15956e-02 4.21753e+03 1.45212e-06 -8.50449e-06
 5.17947e-02 4.25252e+03 1.62027e-06 -1.05897e-05
 6.44947e-02 4.29140e+03 1.80460e-06 -1.31863e-05
 8.03086e-02 4.33474e+03 2.00535e-06 -1.64196e-05
 1.00000e-01 4.38319e+03 2.22243e-06 -2.04456e-05
 1.24520e-01 4.43755e+03 2.45513e-06 -2.54588e-05
 1.55052e-01 4.49861e+03 2.70374e-06 -3.17013e-05
 1.93070e-01 4.56768e+03 2.96684e-06 -3.94743e-05
 2.40410e-01 4.64657e+03 3.24176e-06 -4.91534e-05
 2.99358e-01 4.73778e+03 3.52384e-06 +8.93372e-06
 3.72759e-01 4.84456e+03 3.80579e-06 +1.27940e-03
 4.64159e-01 4.95126e+03 4.09974e-06 +1.27817e-03
 5.77969e-01 5.06217e+03 4.39565e-06 +2.76903e-03
 7.19686e-01 5.17605e+03 4.68735e-06 +4.80813e-03
 8.96151e-01 5.29166e+03 4.96914e-06 +8.60628e-03
 1.11588e+00 5.40757e+03 5.23813e-06 +1.34936e-02
 1.38950e+00 5.52302e+03 5.49348e-06 +1.94345e-02
 1.73020e+00 5.63782e+03 5.73572e-06 +2.66579e-02
 2.15443e+00 5.75219e+03 5.96605e-06 +3.54668e-02
 2.68270e+00 5.86663e+03 6.18571e-06 +4.62183e-02
 3.34048e+00 5.98139e+03 6.39635e-06 +5.47400e-02
 4.15956e+00 6.09572e+03 6.59941e-06 +5.85571e-02
 5.17947e+00 6.20975e+03 6.79862e-06 +6.17453e-02
 6.44947e+00 6.32393e+03 6.99590e-06 +6.43973e-02
 8.03086e+00 6.43874e+03 7.19254e-06 +6.66186e-02
 1.00000e+01 6.55453e+03 7.38972e-06 +6.84902e-02
 1.24520e+01 6.67162e+03 7.58851e-06 +7.00714e-02
 1.55052e+01 6.79029e+03 7.78987e-06 +7.14131e-02
 1.93070e+01 6.91074e+03 7.99473e-06 +7.25567e-02
 2.40410e+01 7.03317e+03 8.20402e-06 +7.35328e-02
 2.99358e+01 7.15777e+03 8.41859e-06 +7.43677e-02
 3.72759e+01 7.28465e+03 8.63930e-06 +7.50855e-02
 4.64159e+01 7.41391e+03 8.86709e-06 +7.57026e-02
 5.77969e+01 7.54567e+03 9.10288e-06 +7.62323e-02
 7.19686e+01 7.68004e+03 9.34763e-06 +7.66885e-02
 8.96151e+01 7.81711e+03 9.60232e-06 +7.70819e-02
 1.11588e+02 7.95695e+03 9.86799e-06 +7.74209e-02
 1.38950e+02 8.09965e+03 1.01457e-05 +7.77134e-02
 1.73020e+02 8.24524e+03 1.04365e-05 +7.79668e-02
 2.15443e+02 8.39374e+03 1.07418e-05 +7.81858e-02
 2.68270e+02 8.54519e+03 1.10628e-05 +7.83752e-02
 3.34048e+02 8.69956e+03 1.14008e-05 +7.85395e-02
 4.15956e+02 8.85674e+03 1.17574e-05 +7.86827e-02
 5.17947e+02 9.01652e+03 1.21347e-05 +7.88075e-02
 6.44947e+02 9.17860e+03 1.25348e-05 +7.89168e-02
 8.03086e+02 9.34278e+03 1.29603e-05 +7.90107e-02
 1.00000e+03 9.50903e+03 1.34135e-05 +7.90918e-02
