#n1=128 n2=4 Teff=04400 R=1.5603e+10 L=6.5011e+31 logg=+5.50
#   tau          T          rho         Fconv
 0.00000e+00 2.58174e+03 5.79236e-21 +0.00000e+00
 1.00000e-09 2.58174e+03 7.83263e-12 +0.00000e+00
 1.24520e-09 2.58643e+03 9.73284e-12 +0.00000e+00
 1.55052e-09 2.59178e+03 1.20898e-11 +0.00000e+00
 1.93070e-09 2.59787e+03 1.50116e-11 +0.00000e+00
 2.40410e-09 2.60473e+03 1.86318e-11 +0.00000e+00
 2.99358e-09 2.61242e+03 2.31139e-11 +0.00000e+00
 3.72759e-09 2.62094e+03 2.86601e-11 +0.00000e+00
 4.64159e-09 2.63034e+03 3.55174e-11 +0.00000e+00
 5.77969e-09 2.64056e+03 4.39903e-11 +0.00000e+00
 7.19686e-09 2.65160e+03 5.44506e-11 +0.00000e+00
 8.96151e-09 2.66337e+03 6.73547e-11 +0.00000e+00
 1.11588e-08 2.67579e+03 8.32608e-11 +0.00000e+00
 1.38950e-08 2.68868e+03 1.02851e-10 +0.00000e+00
 1.73020e-08 2.70191e+03 1.26960e-10 +0.00000e+00
 2.15443e-08 2.71525e+03 1.56603e-10 +0.00000e+00
 2.68270e-08 2.72850e+03 1.93024e-10 +0.00000e+00
 3.34048e-08 2.74148e+03 2.37720e-10 +0.00000e+00
 4.15956e-08 2.75405e+03 2.92519e-10 +0.00000e+00
 5.17947e-08 2.76619e+03 3.59592e-10 +0.00000e+00
 6.44947e-08 2.77792e+03 4.41552e-10 +0.00000e+00
 8.03086e-08 2.78948e+03 5.41450e-10 +0.00000e+00
 1.00000e-07 2.80107e+03 6.62858e-10 +0.00000e+00
 1.24520e-07 2.81307e+03 8.09891e-10 +0.00000e+00
 1.55052e-07 2.82569e+03 9.87209e-10 +0.00000e+00
 1.93070e-07 2.83918e+03 1.20016e-09 +0.00000e+00
 2.40410e-07 2.85364e+03 1.45464e-09 +0.00000e+00
 2.99358e-07 2.86909e+03 1.75731e-09 +0.00000e+00
 3.72759e-07 2.88557e+03 2.11543e-09 +0.00000e+00
 4.64159e-07 2.90294e+03 2.53682e-09 +0.00000e+00
 5.77969e-07 2.92115e+03 3.03038e-09 +0.00000e+00
 7.19686e-07 2.94005e+03 3.60527e-09 +0.00000e+00
 8.96151e-07 2.95951e+03 4.27181e-09 +0.00000e+00
 1.11588e-06 2.97943e+03 5.04116e-09 +0.00000e+00
 1.38950e-06 2.99958e+03 5.92503e-09 +0.00000e+00
 1.73020e-06 3.01991e+03 6.93734e-09 +0.00000e+00
 2.15443e-06 3.04031e+03 8.09291e-09 +0.00000e+00
 2.68270e-06 3.06065e+03 9.40691e-09 +0.00000e+00
 3.34048e-06 3.08097e+03 1.08989e-08 +0.00000e+00
 4.15956e-06 3.10125e+03 1.25887e-08 +0.00000e+00
 5.17947e-06 3.12146e+03 1.44963e-08 +0.00000e+00
 6.44947e-06 3.14164e+03 1.66490e-08 +0.00000e+00
 8.03086e-06 3.16180e+03 1.90745e-08 +0.00000e+00
 1.00000e-05 3.18189e+03 2.18002e-08 +0.00000e+00
 1.24520e-05 3.20195e+03 2.48641e-08 +0.00000e+00
 1.55052e-05 3.22193e+03 2.83071e-08 +0.00000e+00
 1.93070e-05 3.24178e+03 3.21711e-08 +0.00000e+00
 2.40410e-05 3.26150e+03 3.65064e-08 +0.00000e+00
 2.99358e-05 3.28109e+03 4.13759e-08 +0.00000e+00
 3.72759e-05 3.30054e+03 4.68447e-08 +0.00000e+00
 4.64159e-05 3.31976e+03 5.29783e-08 +0.00000e+00
 5.77969e-05 3.33871e+03 5.98765e-08 +0.00000e+00
 7.19686e-05 3.35738e+03 6.76417e-08 +0.00000e+00
 8.96151e-05 3.37571e+03 7.63842e-08 +0.00000e+00
 1.11588e-04 3.39364e+03 8.62266e-08 +0.00000e+00
 1.38950e-04 3.41120e+03 9.73454e-08 +0.00000e+00
 1.73020e-04 3.42841e+03 1.09915e-07 +0.00000e+00
 2.15443e-04 3.44524e+03 1.24113e-07 +0.00000e+00
 2.68270e-04 3.46167e+03 1.40183e-07 +0.00000e+00
 3.34048e-04 3.47773e+03 1.58421e-07 +0.00000e+00
 4.15956e-04 3.49343e+03 1.79137e-07 +0.00000e+00
 5.17947e-04 3.50883e+03 2.02607e-07 +0.00000e+00
 6.44947e-04 3.52402e+03 2.29296e-07 +0.00000e+00
 8.03086e-04 3.53908e+03 2.59680e-07 +0.00000e+00
 1.00000e-03 3.55409e+03 2.94254e-07 +0.00000e+00
 1.24520e-03 3.56911e+03 3.33428e-07 -2.54587e-07
 1.55052e-03 3.58427e+03 3.78043e-07 -3.17011e-07
 1.93070e-03 3.59965e+03 4.28832e-07 -3.94741e-07
 2.40410e-03 3.61531e+03 4.86431e-07 -4.91532e-07
 2.99358e-03 3.63138e+03 5.51642e-07 -6.12054e-07
 3.72759e-03 3.64795e+03 6.25716e-07 -7.62123e-07
 4.64159e-03 3.66522e+03 7.09671e-07 -9.48998e-07
 5.77969e-03 3.68330e+03 8.03975e-07 -1.18169e-06
 7.19686e-03 3.70235e+03 9.10182e-07 -1.47143e-06
 8.96151e-03 3.72251e+03 1.02971e-06 -1.83223e-06
 1.11588e-02 3.74395e+03 1.16366e-06 -2.28148e-06
 1.38950e-02 3.76682e+03 1.31184e-06 -2.84089e-06
 1.73020e-02 3.79125e+03 1.47683e-06 -3.53748e-06
 2.15443e-02 3.81736e+03 1.65978e-06 -4.40485e-06
 2.68270e-02 3.84556e+03 1.86056e-06 -5.48492e-06
 3.34048e-02 3.87603e+03 2.07879e-06 -6.82980e-06
 4.15956e-02 3.90910e+03 2.31642e-06 -8.50443e-06
 5.17947e-02 3.94546e+03 2.57244e-06 -1.05897e-05
 6.44947e-02 3.98521e+03 2.84498e-06 -1.31862e-05
 8.03086e-02 4.02873e+03 3.13193e-06 -1.64195e-05
 1.00000e-01 4.07690e+03 3.43277e-06 -2.04455e-05
 1.24520e-01 4.12587e+03 3.75499e-06 -2.54587e-05
 1.55052e-01 4.17705e+03 4.09721e-06 +1.42792e-03
 1.93070e-01 4.22883e+03 4.46229e-06 +1.72087e-03
 2.40410e-01 4.28222e+03 4.85520e-06 +1.84358e-03
 2.99358e-01 4.33799e+03 5.27637e-06 +3.85475e-03
 3.72759e-01 4.39542e+03 5.73005e-06 +5.70802e-03
 4.64159e-01 4.45469e+03 6.21697e-06 +7.83003e-03
 5.77969e-01 4.51633e+03 6.74094e-06 +1.03482e-02
 7.19686e-01 4.58078e+03 7.30577e-06 +1.34396e-02
 8.96151e-01 4.64843e+03 7.91290e-06 +1.71375e-02
 1.11588e+00 4.71954e+03 8.56365e-06 +2.15938e-02
 1.38950e+00 4.79427e+03 9.25628e-06 +2.71107e-02
 1.73020e+00 4.87260e+03 9.99580e-06 +3.39804e-02
 2.15443e+00 4.95436e+03 1.07810e-05 +4.25032e-02
 2.68270e+00 5.03952e+03 1.16076e-05 +5.30435e-02
 3.34048e+00 5.12819e+03 1.24674e-05 +6.06138e-02
 4.15956e+00 5.21983e+03 1.33506e-05 +6.30548e-02
 5.17947e+00 5.31366e+03 1.42509e-05 +6.53155e-02
 6.44947e+00 5.40887e+03 1.51610e-05 +6.73583e-02
 8.03086e+00 5.50498e+03 1.60745e-05 +6.91489e-02
 1.00000e+01 5.60179e+03 1.69871e-05 +7.06938e-02
 1.24520e+01 5.69928e+03 1.78949e-05 +7.20044e-02
 1.55052e+01 5.79772e+03 1.87956e-05 +7.31027e-02
 1.93070e+01 5.89733e+03 1.96888e-05 +7.40392e-02
 2.40410e+01 5.99808e+03 2.05759e-05 +7.48467e-02
 2.99358e+01 6.09991e+03 2.14442e-05 +7.55375e-02
 3.72759e+01 6.20301e+03 2.23109e-05 +7.61192e-02
 4.64159e+01 6.30762e+03 2.31787e-05 +7.66114e-02
 5.77969e+01 6.41398e+03 2.40500e-05 +7.70283e-02
 7.19686e+01 6.52238e+03 2.49263e-05 +7.73808e-02
 8.96151e+01 6.63307e+03 2.58097e-05 +7.76820e-02
 1.11588e+02 6.74620e+03 2.67027e-05 +7.79403e-02
 1.38950e+02 6.86191e+03 2.76074e-05 +7.81615e-02
 1.73020e+02 6.98040e+03 2.85260e-05 +7.83512e-02
 2.15443e+02 7.10176e+03 2.94608e-05 +7.85159e-02
 2.68270e+02 7.22593e+03 3.04154e-05 +7.86589e-02
 3.34048e+02 7.35291e+03 3.13933e-05 +7.87827e-02
 4.15956e+02 7.48282e+03 3.23977e-05 +7.88890e-02
 5.17947e+02 7.61595e+03 3.34304e-05 +7.89794e-02
 6.44947e+02 7.75259e+03 3.44937e-05 +7.90575e-02
 8.03086e+02 7.89294e+03 3.55897e-05 +7.91248e-02
 1.00000e+03 8.03712e+03 3.67213e-05 +7.91832e-02
