#n1=128 n2=4 Teff=04100 R=2.5760e+10 L=1.3361e+32 logg=+5.00
#   tau          T          rho         Fconv
 0.00000e+00 2.38563e+03 6.26522e-21 +0.00000e+00
 1.00000e-09 2.38563e+03 2.68946e-12 +0.00000e+00
 1.24520e-09 2.38814e+03 3.34612e-12 +0.00000e+00
 1.55052e-09 2.39098e+03 4.16257e-12 +0.00000e+00
 1.93070e-09 2.39420e+03 5.17765e-12 +0.00000e+00
 2.40410e-09 2.39785e+03 6.43923e-12 +0.00000e+00
 2.99358e-09 2.40194e+03 8.00709e-12 +0.00000e+00
 3.72759e-09 2.40656e+03 9.95478e-12 +0.00000e+00
 4.64159e-09 2.41168e+03 1.23741e-11 +0.00000e+00
 5.77969e-09 2.41744e+03 1.53780e-11 +0.00000e+00
 7.19686e-09 2.42377e+03 1.91070e-11 +0.00000e+00
 8.96151e-09 2.43080e+03 2.37341e-11 +0.00000e+00
 1.11588e-08 2.43846e+03 2.94739e-11 +0.00000e+00
 1.38950e-08 2.44687e+03 3.65916e-11 +0.00000e+00
 1.73020e-08 2.45593e+03 4.54138e-11 +0.00000e+00
 2.15443e-08 2.46568e+03 5.63481e-11 +0.00000e+00
 2.68270e-08 2.47604e+03 6.98916e-11 +0.00000e+00
 3.34048e-08 2.48695e+03 8.66709e-11 +0.00000e+00
 4.15956e-08 2.49831e+03 1.07445e-10 +0.00000e+00
 5.17947e-08 2.51000e+03 1.33182e-10 +0.00000e+00
 6.44947e-08 2.52187e+03 1.65047e-10 +0.00000e+00
 8.03086e-08 2.53377e+03 2.04533e-10 +0.00000e+00
 1.00000e-07 2.54561e+03 2.53439e-10 +0.00000e+00
 1.24520e-07 2.55724e+03 3.14045e-10 +0.00000e+00
 1.55052e-07 2.56874e+03 3.89129e-10 +0.00000e+00
 1.93070e-07 2.58004e+03 4.82071e-10 +0.00000e+00
 2.40410e-07 2.59142e+03 5.97114e-10 +0.00000e+00
 2.99358e-07 2.60293e+03 7.39108e-10 +0.00000e+00
 3.72759e-07 2.61487e+03 9.14418e-10 +0.00000e+00
 4.64159e-07 2.62720e+03 1.13001e-09 +0.00000e+00
 5.77969e-07 2.64007e+03 1.39536e-09 +0.00000e+00
 7.19686e-07 2.65347e+03 1.72047e-09 +0.00000e+00
 8.96151e-07 2.66740e+03 2.11886e-09 +0.00000e+00
 1.11588e-06 2.68184e+03 2.60528e-09 +0.00000e+00
 1.38950e-06 2.69666e+03 3.19805e-09 +0.00000e+00
 1.73020e-06 2.71193e+03 3.92011e-09 +0.00000e+00
 2.15443e-06 2.72729e+03 4.79376e-09 +0.00000e+00
 2.68270e-06 2.74291e+03 5.85455e-09 +0.00000e+00
 3.34048e-06 2.75847e+03 7.13135e-09 +0.00000e+00
 4.15956e-06 2.77400e+03 8.67321e-09 +0.00000e+00
 5.17947e-06 2.78933e+03 1.05256e-08 +0.00000e+00
 6.44947e-06 2.80429e+03 1.27450e-08 +0.00000e+00
 8.03086e-06 2.81915e+03 1.54089e-08 +0.00000e+00
 1.00000e-05 2.83364e+03 1.85670e-08 +0.00000e+00
 1.24520e-05 2.84803e+03 2.23378e-08 +0.00000e+00
 1.55052e-05 2.86233e+03 2.68044e-08 +0.00000e+00
 1.93070e-05 2.87680e+03 3.20604e-08 +0.00000e+00
 2.40410e-05 2.89111e+03 3.82927e-08 +0.00000e+00
 2.99358e-05 2.90534e+03 4.55728e-08 +0.00000e+00
 3.72759e-05 2.91983e+03 5.41121e-08 +0.00000e+00
 4.64159e-05 2.93485e+03 6.41122e-08 +0.00000e+00
 5.77969e-05 2.95067e+03 7.55627e-08 +0.00000e+00
 7.19686e-05 2.96709e+03 8.88601e-08 +0.00000e+00
 8.96151e-05 2.98404e+03 1.04211e-07 +0.00000e+00
 1.11588e-04 3.00184e+03 1.21610e-07 +0.00000e+00
 1.38950e-04 3.02098e+03 1.41468e-07 +0.00000e+00
 1.73020e-04 3.04182e+03 1.63854e-07 +0.00000e+00
 2.15443e-04 3.06435e+03 1.88588e-07 +0.00000e+00
 2.68270e-04 3.08894e+03 2.16062e-07 +0.00000e+00
 3.34048e-04 3.11592e+03 2.46227e-07 +0.00000e+00
 4.15956e-04 3.14502e+03 2.78415e-07 +0.00000e+00
 5.17947e-04 3.17598e+03 3.13186e-07 +0.00000e+00
 6.44947e-04 3.20816e+03 3.50692e-07 +0.00000e+00
 8.03086e-04 3.24072e+03 3.90892e-07 +0.00000e+00
 1.00000e-03 3.27282e+03 4.34185e-07 +0.00000e+00
 1.24520e-03 3.30396e+03 4.81683e-07 -2.54556e-07
 1.55052e-03 3.33274e+03 5.34821e-07 -3.16973e-07
 1.93070e-03 3.36237e+03 5.92140e-07 -3.94693e-07
 2.40410e-03 3.38914e+03 6.56401e-07 -4.91471e-07
 2.99358e-03 3.41420e+03 7.28947e-07 -6.11978e-07
 3.72759e-03 3.43778e+03 8.11201e-07 -7.62033e-07
 4.64159e-03 3.46019e+03 9.03772e-07 -9.48879e-07
 5.77969e-03 3.48171e+03 1.00812e-06 -1.18155e-06
 7.19686e-03 3.50268e+03 1.12678e-06 -1.47125e-06
 8.96151e-03 3.52339e+03 1.26166e-06 -1.83200e-06
 1.11588e-02 3.54415e+03 1.41332e-06 -2.28121e-06
 1.38950e-02 3.56529e+03 1.58332e-06 -2.84055e-06
 1.73020e-02 3.58728e+03 1.77466e-06 -3.53705e-06
 2.15443e-02 3.61061e+03 1.98872e-06 -4.40432e-06
 2.68270e-02 3.63579e+03 2.22348e-06 -5.48424e-06
 3.34048e-02 3.66312e+03 2.47967e-06 -6.82896e-06
 4.15956e-02 3.69289e+03 2.75897e-06 -8.50338e-06
 5.17947e-02 3.72561e+03 3.06009e-06 -1.05884e-05
 6.44947e-02 3.76179e+03 3.37671e-06 -1.31846e-05
 8.03086e-02 3.80231e+03 3.70452e-06 +1.52427e-03
 1.00000e-01 3.84323e+03 4.05563e-06 +1.78389e-03
 1.24520e-01 3.88379e+03 4.43560e-06 +1.44192e-03
 1.55052e-01 3.92461e+03 4.84431e-06 +2.07971e-03
 1.93070e-01 3.96596e+03 5.28054e-06 +2.97825e-03
 2.40410e-01 4.00814e+03 5.75304e-06 +3.51397e-03
 2.99358e-01 4.05178e+03 6.26247e-06 +5.62558e-03
 3.72759e-01 4.09644e+03 6.81315e-06 +7.60616e-03
 4.64159e-01 4.14224e+03 7.40088e-06 +9.93403e-03
 5.77969e-01 4.18933e+03 8.03410e-06 +1.28576e-02
 7.19686e-01 4.23771e+03 8.71967e-06 +1.63087e-02
 8.96151e-01 4.28728e+03 9.46246e-06 +2.03840e-02
 1.11588e+00 4.33799e+03 1.02665e-05 +2.54430e-02
 1.38950e+00 4.38995e+03 1.11247e-05 +3.15482e-02
 1.73020e+00 4.44336e+03 1.20542e-05 +3.90459e-02
 2.15443e+00 4.49837e+03 1.30570e-05 +4.82816e-02
 2.68270e+00 4.55514e+03 1.41345e-05 +5.97209e-02
 3.34048e+00 4.61371e+03 1.52826e-05 +6.75213e-02
 4.15956e+00 4.67381e+03 1.64978e-05 +6.92713e-02
 5.17947e+00 4.73520e+03 1.77914e-05 +7.08054e-02
 6.44947e+00 4.79761e+03 1.91627e-05 +7.21453e-02
 8.03086e+00 4.86080e+03 2.06112e-05 +7.32981e-02
 1.00000e+01 4.92467e+03 2.21296e-05 +7.42792e-02
 1.24520e+01 4.98912e+03 2.37081e-05 +7.51117e-02
 1.55052e+01 5.05419e+03 2.53523e-05 +7.58101e-02
 1.93070e+01 5.11994e+03 2.70589e-05 +7.63974e-02
 2.40410e+01 5.18639e+03 2.88258e-05 +7.68936e-02
 2.99358e+01 5.25354e+03 3.06520e-05 +7.73117e-02
 3.72759e+01 5.32135e+03 3.25248e-05 +7.76693e-02
 4.64159e+01 5.38974e+03 3.44491e-05 +7.79683e-02
 5.77969e+01 5.45889e+03 3.64295e-05 +7.82173e-02
 7.19686e+01 5.52895e+03 3.84674e-05 +7.84245e-02
 8.96151e+01 5.60012e+03 4.05638e-05 +7.85974e-02
 1.11588e+02 5.67256e+03 4.27195e-05 +7.87428e-02
 1.38950e+02 5.74642e+03 4.49317e-05 +7.88657e-02
 1.73020e+02 5.82171e+03 4.71942e-05 +7.89700e-02
 2.15443e+02 5.89851e+03 4.95168e-05 +7.90580e-02
 2.68270e+02 5.97696e+03 5.19028e-05 +7.91329e-02
 3.34048e+02 6.05720e+03 5.43067e-05 +7.91959e-02
 4.15956e+02 6.13932e+03 5.67515e-05 +7.92489e-02
 5.17947e+02 6.22356e+03 5.92577e-05 +7.92945e-02
 6.44947e+02 6.31007e+03 6.18280e-05 +7.93326e-02
 8.03086e+02 6.39893e+03 6.44591e-05 +7.93657e-02
 1.00000e+03 6.49032e+03 6.71578e-05 +7.93931e-02
