#n1=128 n2=4 Teff=04900 R=6.5098e+11 L=1.7412e+35 logg=+2.50
#   tau          T          rho         Fconv
 0.00000e+00 3.50573e+03 3.94928e-21 +0.00000e+00
 1.00000e-09 3.50573e+03 4.56126e-15 +0.00000e+00
 1.24520e-09 3.50626e+03 5.79718e-15 +0.00000e+00
 1.55052e-09 3.50680e+03 7.35229e-15 +0.00000e+00
 1.93070e-09 3.50735e+03 9.30685e-15 +0.00000e+00
 2.40410e-09 3.50791e+03 1.17611e-14 +0.00000e+00
 2.99358e-09 3.50850e+03 1.48400e-14 +0.00000e+00
 3.72759e-09 3.50911e+03 1.86996e-14 +0.00000e+00
 4.64159e-09 3.50974e+03 2.35346e-14 +0.00000e+00
 5.77969e-09 3.51041e+03 2.95874e-14 +0.00000e+00
 7.19686e-09 3.51111e+03 3.71609e-14 +0.00000e+00
 8.96151e-09 3.51185e+03 4.66321e-14 +0.00000e+00
 1.11588e-08 3.51264e+03 5.84714e-14 +0.00000e+00
 1.38950e-08 3.51347e+03 7.32647e-14 +0.00000e+00
 1.73020e-08 3.51437e+03 9.17424e-14 +0.00000e+00
 2.15443e-08 3.51532e+03 1.14814e-13 +0.00000e+00
 2.68270e-08 3.51635e+03 1.43613e-13 +0.00000e+00
 3.34048e-08 3.51746e+03 1.79552e-13 +0.00000e+00
 4.15956e-08 3.51866e+03 2.24388e-13 +0.00000e+00
 5.17947e-08 3.51995e+03 2.80311e-13 +0.00000e+00
 6.44947e-08 3.52135e+03 3.50047e-13 +0.00000e+00
 8.03086e-08 3.52286e+03 4.36988e-13 +0.00000e+00
 1.00000e-07 3.52451e+03 5.45360e-13 +0.00000e+00
 1.24520e-07 3.52629e+03 6.80418e-13 +0.00000e+00
 1.55052e-07 3.52823e+03 8.48702e-13 +0.00000e+00
 1.93070e-07 3.53034e+03 1.05835e-12 +0.00000e+00
 2.40410e-07 3.53265e+03 1.31948e-12 +0.00000e+00
 2.99358e-07 3.53517e+03 1.64467e-12 +0.00000e+00
 3.72759e-07 3.53793e+03 2.04956e-12 +0.00000e+00
 4.64159e-07 3.54097e+03 2.55358e-12 +0.00000e+00
 5.77969e-07 3.54431e+03 3.18086e-12 +0.00000e+00
 7.19686e-07 3.54800e+03 3.96139e-12 +0.00000e+00
 8.96151e-07 3.55205e+03 4.93237e-12 +0.00000e+00
 1.11588e-06 3.55649e+03 6.14001e-12 +0.00000e+00
 1.38950e-06 3.56135e+03 7.64166e-12 +0.00000e+00
 1.73020e-06 3.56661e+03 9.50847e-12 +0.00000e+00
 2.15443e-06 3.57230e+03 1.18287e-11 +0.00000e+00
 2.68270e-06 3.57839e+03 1.47120e-11 +0.00000e+00
 3.34048e-06 3.58487e+03 1.82940e-11 +0.00000e+00
 4.15956e-06 3.59171e+03 2.27432e-11 +0.00000e+00
 5.17947e-06 3.59891e+03 2.82681e-11 +0.00000e+00
 6.44947e-06 3.60645e+03 3.51271e-11 +0.00000e+00
 8.03086e-06 3.61433e+03 4.36395e-11 +0.00000e+00
 1.00000e-05 3.62260e+03 5.41998e-11 +0.00000e+00
 1.24520e-05 3.63132e+03 6.72938e-11 +0.00000e+00
 1.55052e-05 3.64060e+03 8.35194e-11 +0.00000e+00
 1.93070e-05 3.65059e+03 1.03609e-10 +0.00000e+00
 2.40410e-05 3.66146e+03 1.28460e-10 +0.00000e+00
 2.99358e-05 3.67339e+03 1.59162e-10 +0.00000e+00
 3.72759e-05 3.68659e+03 1.97041e-10 +0.00000e+00
 4.64159e-05 3.70125e+03 2.43695e-10 +0.00000e+00
 5.77969e-05 3.71752e+03 3.01043e-10 +0.00000e+00
 7.19686e-05 3.73546e+03 3.71378e-10 +0.00000e+00
 8.96151e-05 3.75501e+03 4.57426e-10 +0.00000e+00
 1.11588e-04 3.77595e+03 5.62406e-10 +0.00000e+00
 1.38950e-04 3.79786e+03 6.90112e-10 +0.00000e+00
 1.73020e-04 3.82019e+03 8.44992e-10 +0.00000e+00
 2.15443e-04 3.84232e+03 1.03226e-09 +0.00000e+00
 2.68270e-04 3.86362e+03 1.25800e-09 +0.00000e+00
 3.34048e-04 3.88356e+03 1.52935e-09 +0.00000e+00
 4.15956e-04 3.90175e+03 1.85469e-09 +0.00000e+00
 5.17947e-04 3.91800e+03 2.24387e-09 +0.00000e+00
 6.44947e-04 3.93229e+03 2.70846e-09 +0.00000e+00
 8.03086e-04 3.94482e+03 3.26195e-09 +0.00000e+00
 1.00000e-03 3.95591e+03 3.91995e-09 +0.00000e+00
 1.24520e-03 3.96597e+03 4.70024e-09 -2.54488e-07
 1.55052e-03 3.97536e+03 5.62301e-09 -3.16888e-07
 1.93070e-03 3.98434e+03 6.71108e-09 -3.94587e-07
 2.40410e-03 3.99308e+03 7.99015e-09 -4.91340e-07
 2.99358e-03 4.00166e+03 9.48930e-09 -6.11814e-07
 3.72759e-03 4.01015e+03 1.12412e-08 -7.61829e-07
 4.64159e-03 4.01861e+03 1.32825e-08 -9.48628e-07
 5.77969e-03 4.02716e+03 1.56540e-08 -1.18123e-06
 7.19686e-03 4.03591e+03 1.84002e-08 -1.47086e-06
 8.96151e-03 4.04506e+03 2.15691e-08 -1.83151e-06
 1.11588e-02 4.05483e+03 2.52116e-08 -2.28059e-06
 1.38950e-02 4.06546e+03 2.93786e-08 -2.83979e-06
 1.73020e-02 4.07726e+03 3.41202e-08 -3.53611e-06
 2.15443e-02 4.09054e+03 3.94823e-08 -4.40314e-06
 2.68270e-02 4.10566e+03 4.55010e-08 -5.48279e-06
 3.34048e-02 4.12304e+03 5.21989e-08 -6.82714e-06
 4.15956e-02 4.14313e+03 5.95782e-08 -8.50113e-06
 5.17947e-02 4.16646e+03 6.76115e-08 -1.05856e-05
 6.44947e-02 4.19362e+03 7.62358e-08 -1.31811e-05
 8.03086e-02 4.22531e+03 8.53447e-08 -1.64131e-05
 1.00000e-01 4.26230e+03 9.47821e-08 -2.04375e-05
 1.24520e-01 4.30552e+03 1.04340e-07 -2.54488e-05
 1.55052e-01 4.35604e+03 1.13759e-07 -3.16888e-05
 1.93070e-01 4.41515e+03 1.22743e-07 -3.94587e-05
 2.40410e-01 4.48437e+03 1.30967e-07 -4.91340e-05
 2.99358e-01 4.56512e+03 1.38125e-07 -6.11814e-05
 3.72759e-01 4.65885e+03 1.43964e-07 -7.61817e-05
 4.64159e-01 4.76760e+03 1.48278e-07 -8.87288e-05
 5.77969e-01 4.89165e+03 1.51024e-07 +4.37824e-05
 7.19686e-01 5.02795e+03 1.52388e-07 +1.28388e-03
 8.96151e-01 5.16653e+03 1.52900e-07 +5.29766e-03
 1.11588e+00 5.30162e+03 1.52969e-07 +1.15197e-02
 1.38950e+00 5.42966e+03 1.52897e-07 +1.84172e-02
 1.73020e+00 5.55212e+03 1.52774e-07 +2.61214e-02
 2.15443e+00 5.67172e+03 1.52607e-07 +3.50965e-02
 2.68270e+00 5.79095e+03 1.52378e-07 +4.59117e-02
 3.34048e+00 5.91094e+03 1.52088e-07 +5.46899e-02
 4.15956e+00 6.02838e+03 1.51855e-07 +5.88451e-02
 5.17947e+00 6.14379e+03 1.51695e-07 +6.21708e-02
 6.44947e+00 6.25818e+03 1.51608e-07 +6.48775e-02
 8.03086e+00 6.37229e+03 1.51592e-07 +6.71062e-02
 1.00000e+01 6.48673e+03 1.51648e-07 +6.89528e-02
 1.24520e+01 6.60192e+03 1.51776e-07 +7.05093e-02
 1.55052e+01 6.71803e+03 1.51983e-07 +7.18381e-02
 1.93070e+01 6.83510e+03 1.52278e-07 +7.29707e-02
 2.40410e+01 6.95319e+03 1.52669e-07 +7.39390e-02
 2.99358e+01 7.07227e+03 1.53165e-07 +7.47696e-02
 3.72759e+01 7.19227e+03 1.53776e-07 +7.54813e-02
 4.64159e+01 7.31315e+03 1.54512e-07 +7.60909e-02
 5.77969e+01 7.43479e+03 1.55384e-07 +7.66138e-02
 7.19686e+01 7.55705e+03 1.56406e-07 +7.70625e-02
 8.96151e+01 7.67975e+03 1.57590e-07 +7.74467e-02
 1.11588e+02 7.80277e+03 1.58951e-07 +7.77739e-02
 1.38950e+02 7.92608e+03 1.60499e-07 +7.80507e-02
 1.73020e+02 8.04976e+03 1.62245e-07 +7.82840e-02
 2.15443e+02 8.17385e+03 1.64198e-07 +7.84813e-02
 2.68270e+02 8.29835e+03 1.66369e-07 +7.86489e-02
 3.34048e+02 8.42318e+03 1.68774e-07 +7.87908e-02
 4.15956e+02 8.54840e+03 1.71422e-07 +7.89095e-02
 5.17947e+02 8.67423e+03 1.74321e-07 +7.90095e-02
 6.44947e+02 8.80044e+03 1.77490e-07 +7.90957e-02
 8.03086e+02 8.92645e+03 1.80961e-07 +7.91707e-02
 1.00000e+03 9.05155e+03 1.84775e-07 +7.92346e-02
