#n1=128 n2=4 Teff=04400 R=3.2765e+11 L=2.8710e+34 logg=+3.00
#   tau          T          rho         Fconv
 0.00000e+00 2.42294e+03 6.16876e-21 +0.00000e+00
 1.00000e-09 2.42294e+03 2.59093e-14 +0.00000e+00
 1.24520e-09 2.42569e+03 3.22346e-14 +0.00000e+00
 1.55052e-09 2.42850e+03 4.01032e-14 +0.00000e+00
 1.93070e-09 2.43128e+03 4.98930e-14 +0.00000e+00
 2.40410e-09 2.43431e+03 6.20663e-14 +0.00000e+00
 2.99358e-09 2.43748e+03 7.72054e-14 +0.00000e+00
 3.72759e-09 2.44108e+03 9.60202e-14 +0.00000e+00
 4.64159e-09 2.44504e+03 1.19403e-13 +0.00000e+00
 5.77969e-09 2.44958e+03 1.48444e-13 +0.00000e+00
 7.19686e-09 2.45470e+03 1.84506e-13 +0.00000e+00
 8.96151e-09 2.46056e+03 2.29259e-13 +0.00000e+00
 1.11588e-08 2.46717e+03 2.84780e-13 +0.00000e+00
 1.38950e-08 2.47465e+03 3.53626e-13 +0.00000e+00
 1.73020e-08 2.48300e+03 4.38960e-13 +0.00000e+00
 2.15443e-08 2.49227e+03 5.44689e-13 +0.00000e+00
 2.68270e-08 2.50244e+03 6.75642e-13 +0.00000e+00
 3.34048e-08 2.51349e+03 8.37795e-13 +0.00000e+00
 4.15956e-08 2.52534e+03 1.03854e-12 +0.00000e+00
 5.17947e-08 2.53789e+03 1.28704e-12 +0.00000e+00
 6.44947e-08 2.55103e+03 1.59465e-12 +0.00000e+00
 8.03086e-08 2.56457e+03 1.97550e-12 +0.00000e+00
 1.00000e-07 2.57839e+03 2.44705e-12 +0.00000e+00
 1.24520e-07 2.59229e+03 3.03108e-12 +0.00000e+00
 1.55052e-07 2.60622e+03 3.75448e-12 +0.00000e+00
 1.93070e-07 2.62009e+03 4.65065e-12 +0.00000e+00
 2.40410e-07 2.63400e+03 5.76056e-12 +0.00000e+00
 2.99358e-07 2.64806e+03 7.13488e-12 +0.00000e+00
 3.72759e-07 2.66254e+03 8.83545e-12 +0.00000e+00
 4.64159e-07 2.67758e+03 1.09386e-11 +0.00000e+00
 5.77969e-07 2.69342e+03 1.35379e-11 +0.00000e+00
 7.19686e-07 2.71007e+03 1.67486e-11 +0.00000e+00
 8.96151e-07 2.72759e+03 2.07126e-11 +0.00000e+00
 1.11588e-06 2.74589e+03 2.56047e-11 +0.00000e+00
 1.38950e-06 2.76496e+03 3.16396e-11 +0.00000e+00
 1.73020e-06 2.78469e+03 3.90813e-11 +0.00000e+00
 2.15443e-06 2.80498e+03 4.82540e-11 +0.00000e+00
 2.68270e-06 2.82572e+03 5.95554e-11 +0.00000e+00
 3.34048e-06 2.84676e+03 7.34742e-11 +0.00000e+00
 4.15956e-06 2.86802e+03 9.06049e-11 +0.00000e+00
 5.17947e-06 2.88932e+03 1.11680e-10 +0.00000e+00
 6.44947e-06 2.91061e+03 1.37582e-10 +0.00000e+00
 8.03086e-06 2.93177e+03 1.69393e-10 +0.00000e+00
 1.00000e-05 2.95281e+03 2.08407e-10 +0.00000e+00
 1.24520e-05 2.97362e+03 2.56201e-10 +0.00000e+00
 1.55052e-05 2.99426e+03 3.14642e-10 +0.00000e+00
 1.93070e-05 3.01460e+03 3.85987e-10 +0.00000e+00
 2.40410e-05 3.03469e+03 4.72886e-10 +0.00000e+00
 2.99358e-05 3.05451e+03 5.78473e-10 +0.00000e+00
 3.72759e-05 3.07407e+03 7.06435e-10 +0.00000e+00
 4.64159e-05 3.09326e+03 8.61044e-10 +0.00000e+00
 5.77969e-05 3.11203e+03 1.04733e-09 +0.00000e+00
 7.19686e-05 3.13040e+03 1.27092e-09 +0.00000e+00
 8.96151e-05 3.14833e+03 1.53846e-09 +0.00000e+00
 1.11588e-04 3.16580e+03 1.85731e-09 +0.00000e+00
 1.38950e-04 3.18281e+03 2.23589e-09 +0.00000e+00
 1.73020e-04 3.19945e+03 2.68372e-09 +0.00000e+00
 2.15443e-04 3.21566e+03 3.21120e-09 +0.00000e+00
 2.68270e-04 3.23146e+03 3.83066e-09 +0.00000e+00
 3.34048e-04 3.24688e+03 4.55513e-09 +0.00000e+00
 4.15956e-04 3.26195e+03 5.39957e-09 +0.00000e+00
 5.17947e-04 3.27671e+03 6.38118e-09 +0.00000e+00
 6.44947e-04 3.29127e+03 7.51761e-09 +0.00000e+00
 8.03086e-04 3.30572e+03 8.83042e-09 +0.00000e+00
 1.00000e-03 3.32014e+03 1.03426e-08 +0.00000e+00
 1.24520e-03 3.33457e+03 1.20787e-08 -2.54211e-07
 1.55052e-03 3.34916e+03 1.40686e-08 -3.16543e-07
 1.93070e-03 3.36398e+03 1.63436e-08 -3.94159e-07
 2.40410e-03 3.37907e+03 1.89364e-08 -4.90807e-07
 2.99358e-03 3.39459e+03 2.18881e-08 -6.11151e-07
 3.72759e-03 3.41058e+03 2.52404e-08 -7.60999e-07
 4.64159e-03 3.42728e+03 2.90340e-08 -9.47598e-07
 5.77969e-03 3.44476e+03 3.33214e-08 -1.17995e-06
 7.19686e-03 3.46321e+03 3.81553e-08 -1.46926e-06
 8.96151e-03 3.48273e+03 4.35859e-08 -1.82952e-06
 1.11588e-02 3.50350e+03 4.96701e-08 -2.27811e-06
 1.38950e-02 3.52562e+03 5.64775e-08 -2.83670e-06
 1.73020e-02 3.54923e+03 6.40658e-08 -3.53226e-06
 2.15443e-02 3.57452e+03 7.24924e-08 -4.39836e-06
 2.68270e-02 3.60169e+03 8.18371e-08 -5.47682e-06
 3.34048e-02 3.63094e+03 9.21674e-08 -6.81973e-06
 4.15956e-02 3.66256e+03 1.03539e-07 -8.49188e-06
 5.17947e-02 3.69716e+03 1.15997e-07 -1.05741e-05
 6.44947e-02 3.73465e+03 1.29647e-07 -1.31668e-05
 8.03086e-02 3.77516e+03 1.44562e-07 -1.63953e-05
 1.00000e-01 3.81920e+03 1.60795e-07 -2.04153e-05
 1.24520e-01 3.86787e+03 1.78391e-07 -2.54211e-05
 1.55052e-01 3.92263e+03 1.97358e-07 -3.16543e-05
 1.93070e-01 3.97655e+03 2.18296e-07 -3.94159e-05
 2.40410e-01 4.03946e+03 2.40662e-07 -4.90807e-05
 2.99358e-01 4.11826e+03 2.63877e-07 -6.11151e-05
 3.72759e-01 4.19994e+03 2.88860e-07 -7.60999e-05
 4.64159e-01 4.29245e+03 3.14710e-07 -9.47598e-05
 5.77969e-01 4.39929e+03 3.40288e-07 -1.17995e-04
 7.19686e-01 4.52421e+03 3.63621e-07 -1.38673e-04
 8.96151e-01 4.67114e+03 3.82084e-07 +8.08101e-04
 1.11588e+00 4.84666e+03 3.92778e-07 +6.51002e-03
 1.38950e+00 4.98729e+03 4.02175e-07 +1.13600e-02
 1.73020e+00 5.11659e+03 4.09900e-07 +1.97121e-02
 2.15443e+00 5.23839e+03 4.16448e-07 +2.97362e-02
 2.68270e+00 5.35524e+03 4.22162e-07 +4.13484e-02
 3.34048e+00 5.46903e+03 4.27249e-07 +5.10476e-02
 4.15956e+00 5.57865e+03 4.32086e-07 +5.60778e-02
 5.17947e+00 5.68516e+03 4.36826e-07 +6.00315e-02
 6.44947e+00 5.78979e+03 4.41543e-07 +6.31986e-02
 8.03086e+00 5.89343e+03 4.46297e-07 +6.57679e-02
 1.00000e+01 5.99679e+03 4.51131e-07 +6.78744e-02
 1.24520e+01 6.10039e+03 4.56074e-07 +6.96196e-02
 1.55052e+01 6.20468e+03 4.61170e-07 +7.10772e-02
 1.93070e+01 6.30996e+03 4.66449e-07 +7.23018e-02
 2.40410e+01 6.41654e+03 4.71938e-07 +7.33336e-02
 2.99358e+01 6.52464e+03 4.77666e-07 +7.42095e-02
 3.72759e+01 6.63441e+03 4.83660e-07 +7.49576e-02
 4.64159e+01 6.74592e+03 4.89958e-07 +7.55985e-02
 5.77969e+01 6.85919e+03 4.96595e-07 +7.61483e-02
 7.19686e+01 6.97427e+03 5.03610e-07 +7.66201e-02
 8.96151e+01 7.09114e+03 5.11045e-07 +7.70261e-02
 1.11588e+02 7.20979e+03 5.18942e-07 +7.73747e-02
 1.38950e+02 7.33018e+03 5.27348e-07 +7.76750e-02
 1.73020e+02 7.45223e+03 5.36314e-07 +7.79339e-02
 2.15443e+02 7.57577e+03 5.45902e-07 +7.81580e-02
 2.68270e+02 7.70057e+03 5.56185e-07 +7.83521e-02
 3.34048e+02 7.82647e+03 5.67236e-07 +7.85180e-02
 4.15956e+02 7.95341e+03 5.79124e-07 +7.86594e-02
 5.17947e+02 8.08142e+03 5.91915e-07 +7.87802e-02
 6.44947e+02 8.21044e+03 6.05685e-07 +7.88831e-02
 8.03086e+02 8.34040e+03 6.20511e-07 +7.89709e-02
 1.00000e+03 8.47130e+03 6.36474e-07 +7.90456e-02
