#n1=128 n2=4 Teff=04900 R=9.7763e+10 L=3.9251e+33 logg=+4.00
#   tau          T          rho         Fconv
 0.00000e+00 3.52361e+03 3.89304e-21 +0.00000e+00
 1.00000e-09 3.52361e+03 1.73954e-13 +0.00000e+00
 1.24520e-09 3.52378e+03 2.17476e-13 +0.00000e+00
 1.55052e-09 3.52394e+03 2.71772e-13 +0.00000e+00
 1.93070e-09 3.52411e+03 3.39497e-13 +0.00000e+00
 2.40410e-09 3.52427e+03 4.23955e-13 +0.00000e+00
 2.99358e-09 3.52444e+03 5.29262e-13 +0.00000e+00
 3.72759e-09 3.52462e+03 6.60546e-13 +0.00000e+00
 4.64159e-09 3.52481e+03 8.24191e-13 +0.00000e+00
 5.77969e-09 3.52500e+03 1.02815e-12 +0.00000e+00
 7.19686e-09 3.52521e+03 1.28232e-12 +0.00000e+00
 8.96151e-09 3.52543e+03 1.59902e-12 +0.00000e+00
 1.11588e-08 3.52566e+03 1.99361e-12 +0.00000e+00
 1.38950e-08 3.52592e+03 2.48519e-12 +0.00000e+00
 1.73020e-08 3.52619e+03 3.09754e-12 +0.00000e+00
 2.15443e-08 3.52648e+03 3.86026e-12 +0.00000e+00
 2.68270e-08 3.52679e+03 4.81021e-12 +0.00000e+00
 3.34048e-08 3.52713e+03 5.99323e-12 +0.00000e+00
 4.15956e-08 3.52750e+03 7.46638e-12 +0.00000e+00
 5.17947e-08 3.52790e+03 9.30068e-12 +0.00000e+00
 6.44947e-08 3.52834e+03 1.15844e-11 +0.00000e+00
 8.03086e-08 3.52880e+03 1.44276e-11 +0.00000e+00
 1.00000e-07 3.52928e+03 1.79669e-11 +0.00000e+00
 1.24520e-07 3.52981e+03 2.23723e-11 +0.00000e+00
 1.55052e-07 3.53036e+03 2.78553e-11 +0.00000e+00
 1.93070e-07 3.53094e+03 3.46787e-11 +0.00000e+00
 2.40410e-07 3.53154e+03 4.31696e-11 +0.00000e+00
 2.99358e-07 3.53191e+03 5.37379e-11 +0.00000e+00
 3.72759e-07 3.53253e+03 6.68823e-11 +0.00000e+00
 4.64159e-07 3.53319e+03 8.32325e-11 +0.00000e+00
 5.77969e-07 3.53388e+03 1.03567e-10 +0.00000e+00
 7.19686e-07 3.53251e+03 1.28931e-10 +0.00000e+00
 8.96151e-07 3.53312e+03 1.60397e-10 +0.00000e+00
 1.11588e-06 3.53373e+03 1.99513e-10 +0.00000e+00
 1.38950e-06 3.53438e+03 2.48125e-10 +0.00000e+00
 1.73020e-06 3.53506e+03 3.08523e-10 +0.00000e+00
 2.15443e-06 3.53586e+03 3.83533e-10 +0.00000e+00
 2.68270e-06 3.53685e+03 4.76645e-10 +0.00000e+00
 3.34048e-06 3.53821e+03 5.92142e-10 +0.00000e+00
 4.15956e-06 3.54018e+03 7.35270e-10 +0.00000e+00
 5.17947e-06 3.54306e+03 9.12416e-10 +0.00000e+00
 6.44947e-06 3.54726e+03 1.13131e-09 +0.00000e+00
 8.03086e-06 3.55316e+03 1.40123e-09 +0.00000e+00
 1.00000e-05 3.56120e+03 1.73326e-09 +0.00000e+00
 1.24520e-05 3.57170e+03 2.14051e-09 +0.00000e+00
 1.55052e-05 3.58495e+03 2.63832e-09 +0.00000e+00
 1.93070e-05 3.60099e+03 3.24453e-09 +0.00000e+00
 2.40410e-05 3.61981e+03 3.97945e-09 +0.00000e+00
 2.99358e-05 3.64111e+03 4.86610e-09 +0.00000e+00
 3.72759e-05 3.66452e+03 5.92984e-09 +0.00000e+00
 4.64159e-05 3.68949e+03 7.19841e-09 +0.00000e+00
 5.77969e-05 3.71543e+03 8.70122e-09 +0.00000e+00
 7.19686e-05 3.74179e+03 1.04695e-08 +0.00000e+00
 8.96151e-05 3.76809e+03 1.25356e-08 +0.00000e+00
 1.11588e-04 3.79401e+03 1.49329e-08 +0.00000e+00
 1.38950e-04 3.81939e+03 1.76965e-08 +0.00000e+00
 1.73020e-04 3.84621e+03 2.08417e-08 +0.00000e+00
 2.15443e-04 3.87033e+03 2.44289e-08 +0.00000e+00
 2.68270e-04 3.89512e+03 2.84738e-08 +0.00000e+00
 3.34048e-04 3.91868e+03 3.30260e-08 +0.00000e+00
 4.15956e-04 3.94028e+03 3.81522e-08 +0.00000e+00
 5.17947e-04 3.96078e+03 4.39114e-08 +0.00000e+00
 6.44947e-04 3.97975e+03 5.03848e-08 +0.00000e+00
 8.03086e-04 3.99563e+03 5.77167e-08 +0.00000e+00
 1.00000e-03 4.00953e+03 6.60440e-08 +0.00000e+00
 1.24520e-03 4.02187e+03 7.55234e-08 -2.54612e-07
 1.55052e-03 4.03281e+03 8.63435e-08 -3.17043e-07
 1.93070e-03 4.04294e+03 9.87023e-08 -3.94780e-07
 2.40410e-03 4.05257e+03 1.12817e-07 -4.91581e-07
 2.99358e-03 4.06191e+03 1.28934e-07 -6.12114e-07
 3.72759e-03 4.07112e+03 1.47323e-07 -7.62202e-07
 4.64159e-03 4.08037e+03 1.68281e-07 -9.49092e-07
 5.77969e-03 4.08985e+03 1.92131e-07 -1.18180e-06
 7.19686e-03 4.09974e+03 2.19218e-07 -1.47158e-06
 8.96151e-03 4.11022e+03 2.49901e-07 -1.83241e-06
 1.11588e-02 4.12154e+03 2.84543e-07 -2.28171e-06
 1.38950e-02 4.13393e+03 3.23502e-07 -2.84118e-06
 1.73020e-02 4.14768e+03 3.67100e-07 -3.53784e-06
 2.15443e-02 4.16309e+03 4.15580e-07 -4.40529e-06
 2.68270e-02 4.18052e+03 4.69116e-07 -5.48547e-06
 3.34048e-02 4.20038e+03 5.27720e-07 -6.83048e-06
 4.15956e-02 4.22311e+03 5.91200e-07 -8.50530e-06
 5.17947e-02 4.24921e+03 6.59091e-07 -1.05907e-05
 6.44947e-02 4.27930e+03 7.30672e-07 -1.31876e-05
 8.03086e-02 4.31409e+03 8.04828e-07 -1.64211e-05
 1.00000e-01 4.35444e+03 8.80036e-07 -2.04475e-05
 1.24520e-01 4.40138e+03 9.54330e-07 -2.54612e-05
 1.55052e-01 4.45623e+03 1.02548e-06 -3.17043e-05
 1.93070e-01 4.52054e+03 1.09095e-06 -3.94780e-05
 2.40410e-01 4.59626e+03 1.14811e-06 +3.13466e-04
 2.99358e-01 4.68574e+03 1.19407e-06 +3.66899e-03
 3.72759e-01 4.76758e+03 1.23662e-06 +4.89950e-03
 4.64159e-01 4.84717e+03 1.27625e-06 +7.12558e-03
 5.77969e-01 4.92620e+03 1.31351e-06 +9.90447e-03
 7.19686e-01 5.00552e+03 1.34881e-06 +1.34491e-02
 8.96151e-01 5.08553e+03 1.38249e-06 +1.74701e-02
 1.11588e+00 5.16643e+03 1.41487e-06 +2.19521e-02
 1.38950e+00 5.24871e+03 1.44610e-06 +2.79015e-02
 1.73020e+00 5.33284e+03 1.47625e-06 +3.51877e-02
 2.15443e+00 5.41917e+03 1.50535e-06 +4.41661e-02
 2.68270e+00 5.50799e+03 1.53345e-06 +5.52470e-02
 3.34048e+00 5.59933e+03 1.56061e-06 +6.32404e-02
 4.15956e+00 5.69164e+03 1.58747e-06 +6.56764e-02
 5.17947e+00 5.78489e+03 1.61430e-06 +6.77244e-02
 6.44947e+00 5.87931e+03 1.64127e-06 +6.94508e-02
 8.03086e+00 5.97509e+03 1.66853e-06 +7.09097e-02
 1.00000e+01 6.07241e+03 1.69612e-06 +7.21527e-02
 1.24520e+01 6.17135e+03 1.72425e-06 +7.32126e-02
 1.55052e+01 6.27205e+03 1.75309e-06 +7.41141e-02
 1.93070e+01 6.37468e+03 1.78274e-06 +7.48803e-02
 2.40410e+01 6.47939e+03 1.81329e-06 +7.55357e-02
 2.99358e+01 6.58630e+03 1.84485e-06 +7.60975e-02
 3.72759e+01 6.69547e+03 1.87755e-06 +7.65801e-02
 4.64159e+01 6.80699e+03 1.91150e-06 +7.69947e-02
 5.77969e+01 6.92090e+03 1.94683e-06 +7.73518e-02
 7.19686e+01 7.03726e+03 1.98368e-06 +7.76593e-02
 8.96151e+01 7.15610e+03 2.02219e-06 +7.79243e-02
 1.11588e+02 7.27748e+03 2.06252e-06 +7.81525e-02
 1.38950e+02 7.40139e+03 2.10482e-06 +7.83502e-02
 1.73020e+02 7.52777e+03 2.14928e-06 +7.85216e-02
 2.15443e+02 7.65650e+03 2.19615e-06 +7.86706e-02
 2.68270e+02 7.78744e+03 2.24568e-06 +7.87994e-02
 3.34048e+02 7.92053e+03 2.29813e-06 +7.89108e-02
 4.15956e+02 8.05573e+03 2.35377e-06 +7.90066e-02
 5.17947e+02 8.19297e+03 2.41289e-06 +7.90895e-02
 6.44947e+02 8.33214e+03 2.47582e-06 +7.91608e-02
 8.03086e+02 8.47321e+03 2.54287e-06 +7.92220e-02
 1.00000e+03 8.61619e+03 2.61436e-06 +7.92743e-02
