#n1=128 n2=4 Teff=04300 R=9.6624e+12 L=2.2697e+37 logg=+0.50
#   tau          T          rho         Fconv
 0.00000e+00 2.87237e+03 5.20004e-21 +0.00000e+00
 1.00000e-09 2.87237e+03 5.11127e-17 +0.00000e+00
 1.24520e-09 2.87360e+03 6.39035e-17 +0.00000e+00
 1.55052e-09 2.87464e+03 7.98898e-17 +0.00000e+00
 1.93070e-09 2.87568e+03 9.98633e-17 +0.00000e+00
 2.40410e-09 2.87674e+03 1.24817e-16 +0.00000e+00
 2.99358e-09 2.87780e+03 1.55991e-16 +0.00000e+00
 3.72759e-09 2.87887e+03 1.94933e-16 +0.00000e+00
 4.64159e-09 2.87994e+03 2.43578e-16 +0.00000e+00
 5.77969e-09 2.88103e+03 3.04340e-16 +0.00000e+00
 7.19686e-09 2.88214e+03 3.80235e-16 +0.00000e+00
 8.96151e-09 2.88325e+03 4.75028e-16 +0.00000e+00
 1.11588e-08 2.88438e+03 5.93420e-16 +0.00000e+00
 1.38950e-08 2.88552e+03 7.41283e-16 +0.00000e+00
 1.73020e-08 2.88668e+03 9.25945e-16 +0.00000e+00
 2.15443e-08 2.88786e+03 1.15656e-15 +0.00000e+00
 2.68270e-08 2.88906e+03 1.44455e-15 +0.00000e+00
 3.34048e-08 2.89028e+03 1.80418e-15 +0.00000e+00
 4.15956e-08 2.89152e+03 2.25327e-15 +0.00000e+00
 5.17947e-08 2.89279e+03 2.81405e-15 +0.00000e+00
 6.44947e-08 2.89409e+03 3.51426e-15 +0.00000e+00
 8.03086e-08 2.89542e+03 4.38858e-15 +0.00000e+00
 1.00000e-07 2.89679e+03 5.48024e-15 +0.00000e+00
 1.24520e-07 2.89819e+03 6.84324e-15 +0.00000e+00
 1.55052e-07 2.89964e+03 8.54497e-15 +0.00000e+00
 1.93070e-07 2.90113e+03 1.06696e-14 +0.00000e+00
 2.40410e-07 2.90267e+03 1.33220e-14 +0.00000e+00
 2.99358e-07 2.90427e+03 1.66332e-14 +0.00000e+00
 3.72759e-07 2.90592e+03 2.07669e-14 +0.00000e+00
 4.64159e-07 2.90765e+03 2.59269e-14 +0.00000e+00
 5.77969e-07 2.90944e+03 3.23679e-14 +0.00000e+00
 7.19686e-07 2.91132e+03 4.04077e-14 +0.00000e+00
 8.96151e-07 2.91328e+03 5.04425e-14 +0.00000e+00
 1.11588e-06 2.91532e+03 6.29669e-14 +0.00000e+00
 1.38950e-06 2.91746e+03 7.85979e-14 +0.00000e+00
 1.73020e-06 2.91970e+03 9.81054e-14 +0.00000e+00
 2.15443e-06 2.92202e+03 1.22450e-13 +0.00000e+00
 2.68270e-06 2.92443e+03 1.52830e-13 +0.00000e+00
 3.34048e-06 2.92691e+03 1.90743e-13 +0.00000e+00
 4.15956e-06 2.92943e+03 2.38056e-13 +0.00000e+00
 5.17947e-06 2.93198e+03 2.97100e-13 +0.00000e+00
 6.44947e-06 2.93454e+03 3.70785e-13 +0.00000e+00
 8.03086e-06 2.93709e+03 4.62746e-13 +0.00000e+00
 1.00000e-05 2.93964e+03 5.77513e-13 +0.00000e+00
 1.24520e-05 2.94222e+03 7.20736e-13 +0.00000e+00
 1.55052e-05 2.94491e+03 8.99435e-13 +0.00000e+00
 1.93070e-05 2.95005e+03 1.12151e-12 +0.00000e+00
 2.40410e-05 2.95371e+03 1.39912e-12 +0.00000e+00
 2.99358e-05 2.95934e+03 1.74428e-12 +0.00000e+00
 3.72759e-05 2.96486e+03 2.17466e-12 +0.00000e+00
 4.64159e-05 2.97158e+03 2.71015e-12 +0.00000e+00
 5.77969e-05 2.97954e+03 3.37610e-12 +0.00000e+00
 7.19686e-05 2.98882e+03 4.20385e-12 +0.00000e+00
 8.96151e-05 2.99928e+03 5.23255e-12 +0.00000e+00
 1.11588e-04 3.01112e+03 6.51003e-12 +0.00000e+00
 1.38950e-04 3.02434e+03 8.09583e-12 +0.00000e+00
 1.73020e-04 3.03939e+03 1.00620e-11 +0.00000e+00
 2.15443e-04 3.05620e+03 1.24989e-11 +0.00000e+00
 2.68270e-04 3.07364e+03 1.55231e-11 +0.00000e+00
 3.34048e-04 3.09247e+03 1.92710e-11 +0.00000e+00
 4.15956e-04 3.11499e+03 2.38962e-11 +0.00000e+00
 5.17947e-04 3.13899e+03 2.96189e-11 +0.00000e+00
 6.44947e-04 3.16229e+03 3.67219e-11 +0.00000e+00
 8.03086e-04 3.18626e+03 4.55206e-11 +0.00000e+00
 1.00000e-03 3.20983e+03 5.64365e-11 +0.00000e+00
 1.24520e-03 3.23203e+03 7.00016e-11 -2.55077e-07
 1.55052e-03 3.25384e+03 8.68383e-11 -3.17621e-07
 1.93070e-03 3.27465e+03 1.07757e-10 -3.95501e-07
 2.40410e-03 3.29455e+03 1.33748e-10 -4.92476e-07
 2.99358e-03 3.31371e+03 1.66039e-10 -6.13231e-07
 3.72759e-03 3.33229e+03 2.06148e-10 -7.63593e-07
 4.64159e-03 3.35034e+03 2.55962e-10 -9.50822e-07
 5.77969e-03 3.36782e+03 3.17826e-10 -1.18396e-06
 7.19686e-03 3.38462e+03 3.94657e-10 -1.47427e-06
 8.96151e-03 3.40067e+03 4.90070e-10 -1.83575e-06
 1.11588e-02 3.41594e+03 6.08536e-10 -2.28587e-06
 1.38950e-02 3.43052e+03 7.55563e-10 -2.84637e-06
 1.73020e-02 3.44461e+03 9.37904e-10 -3.54428e-06
 2.15443e-02 3.45850e+03 1.16381e-09 -4.41333e-06
 2.68270e-02 3.47254e+03 1.44328e-09 -5.49548e-06
 3.34048e-02 3.48712e+03 1.78843e-09 -6.84295e-06
 4.15956e-02 3.50266e+03 2.21370e-09 -8.52082e-06
 5.17947e-02 3.51959e+03 2.73626e-09 -1.06101e-05
 6.44947e-02 3.53840e+03 3.37611e-09 -1.32116e-05
 8.03086e-02 3.55959e+03 4.15606e-09 -1.64511e-05
 1.00000e-01 3.58384e+03 5.10129e-09 -2.04849e-05
 1.24520e-01 3.61187e+03 6.23802e-09 -2.55077e-05
 1.55052e-01 3.64458e+03 7.59115e-09 -3.17621e-05
 1.93070e-01 3.68307e+03 9.17917e-09 -3.95501e-05
 2.40410e-01 3.72877e+03 1.10063e-08 -4.92476e-05
 2.99358e-01 3.78335e+03 1.30498e-08 -6.13231e-05
 3.72759e-01 3.84904e+03 1.52432e-08 -7.63593e-05
 4.64159e-01 3.92801e+03 1.74647e-08 -9.50822e-05
 5.77969e-01 4.02296e+03 1.95359e-08 -1.18396e-04
 7.19686e-01 4.13678e+03 2.12559e-08 -1.47427e-04
 8.96151e-01 4.27117e+03 2.24721e-08 -1.83569e-04
 1.11588e+00 4.42833e+03 2.31229e-08 -2.26961e-04
 1.38950e+00 4.60730e+03 2.32621e-08 -2.18225e-04
 1.73020e+00 4.79510e+03 2.30762e-08 +7.33913e-04
 2.15443e+00 4.98655e+03 2.27052e-08 +7.22050e-03
 2.68270e+00 5.18650e+03 2.21995e-08 +2.22927e-02
 3.34048e+00 5.36170e+03 2.17571e-08 +3.67830e-02
 4.15956e+00 5.51444e+03 2.13911e-08 +4.65466e-02
 5.17947e+00 5.65194e+03 2.10812e-08 +5.34553e-02
 6.44947e+00 5.77962e+03 2.08107e-08 +5.85106e-02
 8.03086e+00 5.90091e+03 2.05689e-08 +6.23403e-02
 1.00000e+01 6.01806e+03 2.03493e-08 +6.53286e-02
 1.24520e+01 6.13253e+03 2.01475e-08 +6.77151e-02
 1.55052e+01 6.24533e+03 1.99609e-08 +6.96551e-02
 1.93070e+01 6.35713e+03 1.97877e-08 +7.12549e-02
 2.40410e+01 6.46835e+03 1.96270e-08 +7.25875e-02
 2.99358e+01 6.57925e+03 1.94782e-08 +7.37061e-02
 3.72759e+01 6.68999e+03 1.93412e-08 +7.46499e-02
 4.64159e+01 6.80062e+03 1.92160e-08 +7.54485e-02
 5.77969e+01 6.91113e+03 1.91028e-08 +7.61257e-02
 7.19686e+01 7.02148e+03 1.90019e-08 +7.67005e-02
 8.96151e+01 7.13158e+03 1.89138e-08 +7.71874e-02
 1.11588e+02 7.24138e+03 1.88388e-08 +7.75994e-02
 1.38950e+02 7.35077e+03 1.87774e-08 +7.79478e-02
 1.73020e+02 7.45970e+03 1.87300e-08 +7.82409e-02
 2.15443e+02 7.56809e+03 1.86971e-08 +7.84879e-02
 2.68270e+02 7.67590e+03 1.86792e-08 +7.86952e-02
 3.34048e+02 7.78312e+03 1.86768e-08 +7.88689e-02
 4.15956e+02 7.88973e+03 1.86904e-08 +7.90136e-02
 5.17947e+02 7.99575e+03 1.87207e-08 +7.91346e-02
 6.44947e+02 8.10123e+03 1.87682e-08 +7.92354e-02
 8.03086e+02 8.20620e+03 1.88338e-08 +7.93191e-02
 1.00000e+03 8.31070e+03 1.89183e-08 +7.93889e-02
