#n1=128 n2=4 Teff=04700 R=5.1441e+12 L=9.1829e+36 logg=+1.00
#   tau          T          rho         Fconv
 0.00000e+00 3.28829e+03 4.46992e-21 +0.00000e+00
 1.00000e-09 3.28829e+03 1.26029e-16 +0.00000e+00
 1.24520e-09 3.28935e+03 1.61232e-16 +0.00000e+00
 1.55052e-09 3.29037e+03 2.05711e-16 +0.00000e+00
 1.93070e-09 3.29138e+03 2.61833e-16 +0.00000e+00
 2.40410e-09 3.29239e+03 3.32559e-16 +0.00000e+00
 2.99358e-09 3.29339e+03 4.21593e-16 +0.00000e+00
 3.72759e-09 3.29440e+03 5.33566e-16 +0.00000e+00
 4.64159e-09 3.29542e+03 6.74267e-16 +0.00000e+00
 5.77969e-09 3.29645e+03 8.50931e-16 +0.00000e+00
 7.19686e-09 3.29748e+03 1.07260e-15 +0.00000e+00
 8.96151e-09 3.29853e+03 1.35056e-15 +0.00000e+00
 1.11588e-08 3.29958e+03 1.69893e-15 +0.00000e+00
 1.38950e-08 3.30066e+03 2.13531e-15 +0.00000e+00
 1.73020e-08 3.30175e+03 2.68171e-15 +0.00000e+00
 2.15443e-08 3.30287e+03 3.36559e-15 +0.00000e+00
 2.68270e-08 3.30401e+03 4.22121e-15 +0.00000e+00
 3.34048e-08 3.30517e+03 5.29138e-15 +0.00000e+00
 4.15956e-08 3.30637e+03 6.62948e-15 +0.00000e+00
 5.17947e-08 3.30760e+03 8.30216e-15 +0.00000e+00
 6.44947e-08 3.30888e+03 1.03925e-14 +0.00000e+00
 8.03086e-08 3.31020e+03 1.30043e-14 +0.00000e+00
 1.00000e-07 3.31157e+03 1.62670e-14 +0.00000e+00
 1.24520e-07 3.31300e+03 2.03418e-14 +0.00000e+00
 1.55052e-07 3.31449e+03 2.54302e-14 +0.00000e+00
 1.93070e-07 3.31606e+03 3.17831e-14 +0.00000e+00
 2.40410e-07 3.31770e+03 3.97136e-14 +0.00000e+00
 2.99358e-07 3.31944e+03 4.96120e-14 +0.00000e+00
 3.72759e-07 3.32127e+03 6.19648e-14 +0.00000e+00
 4.64159e-07 3.32322e+03 7.73786e-14 +0.00000e+00
 5.77969e-07 3.32530e+03 9.66091e-14 +0.00000e+00
 7.19686e-07 3.32751e+03 1.20598e-13 +0.00000e+00
 8.96151e-07 3.32989e+03 1.50520e-13 +0.00000e+00
 1.11588e-06 3.33244e+03 1.87835e-13 +0.00000e+00
 1.38950e-06 3.33521e+03 2.34365e-13 +0.00000e+00
 1.73020e-06 3.33821e+03 2.92376e-13 +0.00000e+00
 2.15443e-06 3.34147e+03 3.64687e-13 +0.00000e+00
 2.68270e-06 3.34504e+03 4.54811e-13 +0.00000e+00
 3.34048e-06 3.34895e+03 5.67113e-13 +0.00000e+00
 4.15956e-06 3.35323e+03 7.07025e-13 +0.00000e+00
 5.17947e-06 3.35791e+03 8.81304e-13 +0.00000e+00
 6.44947e-06 3.36302e+03 1.09835e-12 +0.00000e+00
 8.03086e-06 3.36858e+03 1.36860e-12 +0.00000e+00
 1.00000e-05 3.37461e+03 1.70505e-12 +0.00000e+00
 1.24520e-05 3.38113e+03 2.12382e-12 +0.00000e+00
 1.55052e-05 3.38813e+03 2.64497e-12 +0.00000e+00
 1.93070e-05 3.39562e+03 3.29342e-12 +0.00000e+00
 2.40410e-05 3.40360e+03 4.10014e-12 +0.00000e+00
 2.99358e-05 3.41208e+03 5.10357e-12 +0.00000e+00
 3.72759e-05 3.42107e+03 6.35142e-12 +0.00000e+00
 4.64159e-05 3.43060e+03 7.90287e-12 +0.00000e+00
 5.77969e-05 3.44075e+03 9.83122e-12 +0.00000e+00
 7.19686e-05 3.45160e+03 1.22272e-11 +0.00000e+00
 8.96151e-05 3.46325e+03 1.52028e-11 +0.00000e+00
 1.11588e-04 3.47579e+03 1.88969e-11 +0.00000e+00
 1.38950e-04 3.48927e+03 2.34810e-11 +0.00000e+00
 1.73020e-04 3.50361e+03 2.91676e-11 +0.00000e+00
 2.15443e-04 3.51865e+03 3.62212e-11 +0.00000e+00
 2.68270e-04 3.53415e+03 4.49698e-11 +0.00000e+00
 3.34048e-04 3.54988e+03 5.58207e-11 +0.00000e+00
 4.15956e-04 3.56567e+03 6.92778e-11 +0.00000e+00
 5.17947e-04 3.58151e+03 8.59616e-11 +0.00000e+00
 6.44947e-04 3.59744e+03 1.06636e-10 +0.00000e+00
 8.03086e-04 3.61350e+03 1.32240e-10 +0.00000e+00
 1.00000e-03 3.62966e+03 1.63933e-10 +0.00000e+00
 1.24520e-03 3.64578e+03 2.03140e-10 -2.55051e-07
 1.55052e-03 3.66171e+03 2.51613e-10 -3.17588e-07
 1.93070e-03 3.67726e+03 3.11508e-10 -3.95461e-07
 2.40410e-03 3.69226e+03 3.85461e-10 -4.92425e-07
 2.99358e-03 3.70659e+03 4.76696e-10 -6.13169e-07
 3.72759e-03 3.72025e+03 5.89125e-10 -7.63512e-07
 4.64159e-03 3.73332e+03 7.27483e-10 -9.50727e-07
 5.77969e-03 3.74598e+03 8.97451e-10 -1.18384e-06
 7.19686e-03 3.75846e+03 1.10581e-09 -1.47412e-06
 8.96151e-03 3.77099e+03 1.36058e-09 -1.83556e-06
 1.11588e-02 3.78373e+03 1.67123e-09 -2.28564e-06
 1.38950e-02 3.79682e+03 2.04876e-09 -2.84607e-06
 1.73020e-02 3.81041e+03 2.50586e-09 -3.54392e-06
 2.15443e-02 3.82469e+03 3.05682e-09 -4.41286e-06
 2.68270e-02 3.83997e+03 3.71736e-09 -5.49491e-06
 3.34048e-02 3.85662e+03 4.50413e-09 -6.84223e-06
 4.15956e-02 3.87513e+03 5.43379e-09 -8.51992e-06
 5.17947e-02 3.89607e+03 6.52150e-09 -1.06090e-05
 6.44947e-02 3.92010e+03 7.77866e-09 -1.32103e-05
 8.03086e-02 3.94799e+03 9.20971e-09 -1.64494e-05
 1.00000e-01 3.98065e+03 1.08081e-08 -2.04828e-05
 1.24520e-01 4.01913e+03 1.25516e-08 -2.55051e-05
 1.55052e-01 4.06459e+03 1.43986e-08 -3.17588e-05
 1.93070e-01 4.11832e+03 1.62867e-08 -3.95461e-05
 2.40410e-01 4.18164e+03 1.81351e-08 -4.92425e-05
 2.99358e-01 4.25599e+03 1.98536e-08 -6.13169e-05
 3.72759e-01 4.34285e+03 2.13541e-08 -7.63512e-05
 4.64159e-01 4.44390e+03 2.25642e-08 -9.50727e-05
 5.77969e-01 4.56091e+03 2.34370e-08 -1.18382e-04
 7.19686e-01 4.69556e+03 2.39577e-08 -1.47155e-04
 8.96151e-01 4.84864e+03 2.41462e-08 -1.76725e-04
 1.11588e+00 5.02069e+03 2.40452e-08 -1.20428e-04
 1.38950e+00 5.21098e+03 2.37134e-08 +8.27683e-04
 1.73020e+00 5.41007e+03 2.32510e-08 +5.56392e-03
 2.15443e+00 5.60357e+03 2.27651e-08 +1.52739e-02
 2.68270e+00 5.78292e+03 2.23175e-08 +2.75969e-02
 3.34048e+00 5.94953e+03 2.19142e-08 +3.94584e-02
 4.15956e+00 6.10238e+03 2.15639e-08 +4.75916e-02
 5.17947e+00 6.24445e+03 2.12581e-08 +5.37943e-02
 6.44947e+00 6.37871e+03 2.09870e-08 +5.85956e-02
 8.03086e+00 6.50727e+03 2.07439e-08 +6.23790e-02
 1.00000e+01 6.63160e+03 2.05244e-08 +6.54070e-02
 1.24520e+01 6.75273e+03 2.03252e-08 +6.78614e-02
 1.55052e+01 6.87138e+03 2.01443e-08 +6.98704e-02
 1.93070e+01 6.98806e+03 1.99803e-08 +7.15268e-02
 2.40410e+01 7.10311e+03 1.98320e-08 +7.28985e-02
 2.99358e+01 7.21680e+03 1.96990e-08 +7.40384e-02
 3.72759e+01 7.32930e+03 1.95807e-08 +7.49879e-02
 4.64159e+01 7.44075e+03 1.94770e-08 +7.57798e-02
 5.77969e+01 7.55125e+03 1.93877e-08 +7.64403e-02
 7.19686e+01 7.66087e+03 1.93128e-08 +7.69907e-02
 8.96151e+01 7.76972e+03 1.92524e-08 +7.74495e-02
 1.11588e+02 7.87784e+03 1.92065e-08 +7.78319e-02
 1.38950e+02 7.98531e+03 1.91754e-08 +7.81506e-02
 1.73020e+02 8.09219e+03 1.91594e-08 +7.84157e-02
 2.15443e+02 8.19855e+03 1.91589e-08 +7.86362e-02
 2.68270e+02 8.30447e+03 1.91742e-08 +7.88194e-02
 3.34048e+02 8.41000e+03 1.92061e-08 +7.89715e-02
 4.15956e+02 8.51558e+03 1.92538e-08 +7.90983e-02
 5.17947e+02 8.62033e+03 1.93215e-08 +7.92051e-02
 6.44947e+02 8.72489e+03 1.94083e-08 +7.92913e-02
 8.03086e+02 8.82987e+03 1.95137e-08 +7.93615e-02
 1.00000e+03 8.93556e+03 1.96377e-08 +7.94198e-02
