#n1=128 n2=4 Teff=04700 R=1.0552e+13 L=3.8666e+37 logg=+0.50
#   tau          T          rho         Fconv
 0.00000e+00 2.25932e+03 6.61907e-21 +0.00000e+00
 1.00000e-09 2.25932e+03 6.89240e-17 +0.00000e+00
 1.24520e-09 2.26942e+03 8.56453e-17 +0.00000e+00
 1.55052e-09 2.27963e+03 1.06419e-16 +0.00000e+00
 1.93070e-09 2.28971e+03 1.32239e-16 +0.00000e+00
 2.40410e-09 2.30001e+03 1.64311e-16 +0.00000e+00
 2.99358e-09 2.31015e+03 2.04178e-16 +0.00000e+00
 3.72759e-09 2.32053e+03 2.53696e-16 +0.00000e+00
 4.64159e-09 2.33078e+03 3.15249e-16 +0.00000e+00
 5.77969e-09 2.34128e+03 3.91702e-16 +0.00000e+00
 7.19686e-09 2.35170e+03 4.86724e-16 +0.00000e+00
 8.96151e-09 2.36236e+03 6.04749e-16 +0.00000e+00
 1.11588e-08 2.37299e+03 7.51422e-16 +0.00000e+00
 1.38950e-08 2.38305e+03 9.33916e-16 +0.00000e+00
 1.73020e-08 2.39401e+03 1.16033e-15 +0.00000e+00
 2.15443e-08 2.40524e+03 1.44150e-15 +0.00000e+00
 2.68270e-08 2.41660e+03 1.79076e-15 +0.00000e+00
 3.34048e-08 2.42825e+03 2.22444e-15 +0.00000e+00
 4.15956e-08 2.44015e+03 2.76294e-15 +0.00000e+00
 5.17947e-08 2.45241e+03 3.43141e-15 +0.00000e+00
 6.44947e-08 2.46506e+03 4.26107e-15 +0.00000e+00
 8.03086e-08 2.47812e+03 5.29061e-15 +0.00000e+00
 1.00000e-07 2.49169e+03 6.56778e-15 +0.00000e+00
 1.24520e-07 2.50572e+03 8.15203e-15 +0.00000e+00
 1.55052e-07 2.52031e+03 1.01165e-14 +0.00000e+00
 1.93070e-07 2.53535e+03 1.25527e-14 +0.00000e+00
 2.40410e-07 2.55095e+03 1.55728e-14 +0.00000e+00
 2.99358e-07 2.56692e+03 1.93175e-14 +0.00000e+00
 3.72759e-07 2.58342e+03 2.39589e-14 +0.00000e+00
 4.64159e-07 2.60017e+03 2.97139e-14 +0.00000e+00
 5.77969e-07 2.61685e+03 3.68540e-14 +0.00000e+00
 7.19686e-07 2.63454e+03 4.56945e-14 +0.00000e+00
 8.96151e-07 2.65294e+03 5.66435e-14 +0.00000e+00
 1.11588e-06 2.67181e+03 7.02074e-14 +0.00000e+00
 1.38950e-06 2.69147e+03 8.69985e-14 +0.00000e+00
 1.73020e-06 2.71181e+03 1.07785e-13 +0.00000e+00
 2.15443e-06 2.73311e+03 1.33498e-13 +0.00000e+00
 2.68270e-06 2.75536e+03 1.65299e-13 +0.00000e+00
 3.34048e-06 2.77873e+03 2.04607e-13 +0.00000e+00
 4.15956e-06 2.80325e+03 2.53176e-13 +0.00000e+00
 5.17947e-06 2.82887e+03 3.13177e-13 +0.00000e+00
 6.44947e-06 2.85465e+03 3.87408e-13 +0.00000e+00
 8.03086e-06 2.88270e+03 4.78893e-13 +0.00000e+00
 1.00000e-05 2.91108e+03 5.91966e-13 +0.00000e+00
 1.24520e-05 2.94165e+03 7.31262e-13 +0.00000e+00
 1.55052e-05 2.97320e+03 9.03122e-13 +0.00000e+00
 1.93070e-05 3.00545e+03 1.11523e-12 +0.00000e+00
 2.40410e-05 3.03805e+03 1.37713e-12 +0.00000e+00
 2.99358e-05 3.07079e+03 1.70063e-12 +0.00000e+00
 3.72759e-05 3.10326e+03 2.10049e-12 +0.00000e+00
 4.64159e-05 3.13529e+03 2.59493e-12 +0.00000e+00
 5.77969e-05 3.16652e+03 3.20677e-12 +0.00000e+00
 7.19686e-05 3.19691e+03 3.96407e-12 +0.00000e+00
 8.96151e-05 3.22619e+03 4.90195e-12 +0.00000e+00
 1.11588e-04 3.25441e+03 6.06363e-12 +0.00000e+00
 1.38950e-04 3.28142e+03 7.50300e-12 +0.00000e+00
 1.73020e-04 3.30731e+03 9.28631e-12 +0.00000e+00
 2.15443e-04 3.33203e+03 1.14959e-11 +0.00000e+00
 2.68270e-04 3.35570e+03 1.42329e-11 +0.00000e+00
 3.34048e-04 3.37835e+03 1.76223e-11 +0.00000e+00
 4.15956e-04 3.40011e+03 2.18171e-11 +0.00000e+00
 5.17947e-04 3.42104e+03 2.70057e-11 +0.00000e+00
 6.44947e-04 3.44128e+03 3.34174e-11 +0.00000e+00
 8.03086e-04 3.46089e+03 4.13325e-11 +0.00000e+00
 1.00000e-03 3.48002e+03 5.10897e-11 +0.00000e+00
 1.24520e-03 3.49874e+03 6.30993e-11 -2.54875e-07
 1.55052e-03 3.51721e+03 7.78515e-11 -3.17370e-07
 1.93070e-03 3.53552e+03 9.59333e-11 -3.95189e-07
 2.40410e-03 3.55378e+03 1.18038e-10 -4.92086e-07
 2.99358e-03 3.57213e+03 1.44982e-10 -6.12747e-07
 3.72759e-03 3.59066e+03 1.77713e-10 -7.62987e-07
 4.64159e-03 3.60954e+03 2.17331e-10 -9.50073e-07
 5.77969e-03 3.62885e+03 2.65089e-10 -1.18303e-06
 7.19686e-03 3.64880e+03 3.22408e-10 -1.47310e-06
 8.96151e-03 3.66950e+03 3.90885e-10 -1.83430e-06
 1.11588e-02 3.69113e+03 4.72289e-10 -2.28407e-06
 1.38950e-02 3.71384e+03 5.68599e-10 -2.84411e-06
 1.73020e-02 3.73776e+03 6.81947e-10 -3.54148e-06
 2.15443e-02 3.76313e+03 8.14712e-10 -4.40983e-06
 2.68270e-02 3.79012e+03 9.69415e-10 -5.49113e-06
 3.34048e-02 3.81899e+03 1.14880e-09 -6.83753e-06
 4.15956e-02 3.85001e+03 1.35586e-09 -8.51406e-06
 5.17947e-02 3.88349e+03 1.59363e-09 -1.06017e-05
 6.44947e-02 3.91989e+03 1.86541e-09 -1.32012e-05
 8.03086e-02 3.95967e+03 2.17441e-09 -1.64381e-05
 1.00000e-01 4.00359e+03 2.52356e-09 -2.04687e-05
 1.24520e-01 4.05237e+03 2.91515e-09 -2.54875e-05
 1.55052e-01 4.10710e+03 3.34976e-09 -3.17370e-05
 1.93070e-01 4.16867e+03 3.82556e-09 -3.95189e-05
 2.40410e-01 4.23791e+03 4.33525e-09 -4.92086e-05
 2.99358e-01 4.31560e+03 4.86545e-09 -6.12747e-05
 3.72759e-01 4.40349e+03 5.39430e-09 -7.62987e-05
 4.64159e-01 4.50238e+03 5.89374e-09 -9.50073e-05
 5.77969e-01 4.61713e+03 6.32662e-09 -1.18303e-04
 7.19686e-01 4.74504e+03 6.67368e-09 -1.47310e-04
 8.96151e-01 4.89501e+03 6.90768e-09 -1.83430e-04
 1.11588e+00 5.07443e+03 7.01082e-09 -2.28390e-04
 1.38950e+00 5.27163e+03 7.01233e-09 -2.84055e-04
 1.73020e+00 5.48980e+03 6.92993e-09 -3.47934e-04
 2.15443e+00 5.75804e+03 6.74361e-09 -3.31198e-04
 2.68270e+00 6.02480e+03 6.53898e-09 +5.67456e-04
 3.34048e+00 6.32192e+03 6.29266e-09 +7.73840e-03
 4.15956e+00 6.55011e+03 6.11721e-09 +2.14336e-02
 5.17947e+00 6.75019e+03 5.96960e-09 +3.56941e-02
 6.44947e+00 6.92212e+03 5.84917e-09 +4.67428e-02
 8.03086e+00 7.07250e+03 5.74922e-09 +5.46775e-02
 1.00000e+01 7.20741e+03 5.66398e-09 +6.03733e-02
 1.24520e+01 7.33130e+03 5.58943e-09 +6.45388e-02
 1.55052e+01 7.44722e+03 5.52287e-09 +6.76559e-02
 1.93070e+01 7.55731e+03 5.46248e-09 +7.00312e-02
 2.40410e+01 7.66311e+03 5.40697e-09 +7.18745e-02
 2.99358e+01 7.76574e+03 5.35546e-09 +7.33249e-02
 3.72759e+01 7.86603e+03 5.30728e-09 +7.44778e-02
 4.64159e+01 7.96462e+03 5.26197e-09 +7.54031e-02
 5.77969e+01 8.06201e+03 5.21914e-09 +7.61518e-02
 7.19686e+01 8.15859e+03 5.17854e-09 +7.67608e-02
 8.96151e+01 8.25469e+03 5.13999e-09 +7.72581e-02
 1.11588e+02 8.35058e+03 5.10332e-09 +7.76666e-02
 1.38950e+02 8.44649e+03 5.06845e-09 +7.80024e-02
 1.73020e+02 8.54262e+03 5.03532e-09 +7.82796e-02
 2.15443e+02 8.63918e+03 5.00389e-09 +7.85087e-02
 2.68270e+02 8.73633e+03 4.97418e-09 +7.86983e-02
 3.34048e+02 8.83425e+03 4.94620e-09 +7.88561e-02
 4.15956e+02 8.93310e+03 4.92006e-09 +7.89867e-02
 5.17947e+02 9.03307e+03 4.89577e-09 +7.90956e-02
 6.44947e+02 9.13434e+03 4.87355e-09 +7.91861e-02
 8.03086e+02 9.23708e+03 4.85346e-09 +7.92614e-02
 1.00000e+03 9.34152e+03 4.83573e-09 +7.93243e-02
