#n1=128 n2=4 Teff=04800 R=9.5679e+10 L=3.4637e+33 logg=+4.00
#   tau          T          rho         Fconv
 0.00000e+00 3.68346e+03 3.26947e-21 +0.00000e+00
 1.00000e-09 3.68346e+03 1.55226e-13 +0.00000e+00
 1.24520e-09 3.68389e+03 1.95429e-13 +0.00000e+00
 1.55052e-09 3.68431e+03 2.45753e-13 +0.00000e+00
 1.93070e-09 3.68471e+03 3.08713e-13 +0.00000e+00
 2.40410e-09 3.68512e+03 3.87436e-13 +0.00000e+00
 2.99358e-09 3.68554e+03 4.85824e-13 +0.00000e+00
 3.72759e-09 3.68598e+03 6.08733e-13 +0.00000e+00
 4.64159e-09 3.68644e+03 7.62213e-13 +0.00000e+00
 5.77969e-09 3.68693e+03 9.53799e-13 +0.00000e+00
 7.19686e-09 3.68745e+03 1.19287e-12 +0.00000e+00
 8.96151e-09 3.68801e+03 1.49112e-12 +0.00000e+00
 1.11588e-08 3.68860e+03 1.86307e-12 +0.00000e+00
 1.38950e-08 3.68924e+03 2.32683e-12 +0.00000e+00
 1.73020e-08 3.68992e+03 2.90490e-12 +0.00000e+00
 2.15443e-08 3.69066e+03 3.62529e-12 +0.00000e+00
 2.68270e-08 3.69147e+03 4.52284e-12 +0.00000e+00
 3.34048e-08 3.69235e+03 5.64085e-12 +0.00000e+00
 4.15956e-08 3.69331e+03 7.03316e-12 +0.00000e+00
 5.17947e-08 3.69436e+03 8.76667e-12 +0.00000e+00
 6.44947e-08 3.69552e+03 1.09245e-11 +0.00000e+00
 8.03086e-08 3.69679e+03 1.36100e-11 +0.00000e+00
 1.00000e-07 3.69819e+03 1.69511e-11 +0.00000e+00
 1.24520e-07 3.69972e+03 2.11072e-11 +0.00000e+00
 1.55052e-07 3.70140e+03 2.62753e-11 +0.00000e+00
 1.93070e-07 3.70324e+03 3.27002e-11 +0.00000e+00
 2.40410e-07 3.70525e+03 4.06851e-11 +0.00000e+00
 2.99358e-07 3.70744e+03 5.06053e-11 +0.00000e+00
 3.72759e-07 3.70982e+03 6.29255e-11 +0.00000e+00
 4.64159e-07 3.71241e+03 7.82202e-11 +0.00000e+00
 5.77969e-07 3.71520e+03 9.71991e-11 +0.00000e+00
 7.19686e-07 3.71822e+03 1.20738e-10 +0.00000e+00
 8.96151e-07 3.72148e+03 1.49917e-10 +0.00000e+00
 1.11588e-06 3.72499e+03 1.86064e-10 +0.00000e+00
 1.38950e-06 3.72878e+03 2.30814e-10 +0.00000e+00
 1.73020e-06 3.73285e+03 2.86168e-10 +0.00000e+00
 2.15443e-06 3.73722e+03 3.54580e-10 +0.00000e+00
 2.68270e-06 3.74192e+03 4.39046e-10 +0.00000e+00
 3.34048e-06 3.74693e+03 5.43219e-10 +0.00000e+00
 4.15956e-06 3.75227e+03 6.71536e-10 +0.00000e+00
 5.17947e-06 3.75793e+03 8.29373e-10 +0.00000e+00
 6.44947e-06 3.76391e+03 1.02322e-09 +0.00000e+00
 8.03086e-06 3.77022e+03 1.26087e-09 +0.00000e+00
 1.00000e-05 3.77688e+03 1.55165e-09 +0.00000e+00
 1.24520e-05 3.78393e+03 1.90662e-09 +0.00000e+00
 1.55052e-05 3.79142e+03 2.33886e-09 +0.00000e+00
 1.93070e-05 3.79941e+03 2.86364e-09 +0.00000e+00
 2.40410e-05 3.80799e+03 3.49869e-09 +0.00000e+00
 2.99358e-05 3.81722e+03 4.26433e-09 +0.00000e+00
 3.72759e-05 3.82716e+03 5.18364e-09 +0.00000e+00
 4.64159e-05 3.83782e+03 6.28257e-09 +0.00000e+00
 5.77969e-05 3.84914e+03 7.59004e-09 +0.00000e+00
 7.19686e-05 3.86103e+03 9.13816e-09 +0.00000e+00
 8.96151e-05 3.87331e+03 1.09626e-08 +0.00000e+00
 1.11588e-04 3.88576e+03 1.31033e-08 +0.00000e+00
 1.38950e-04 3.89814e+03 1.56052e-08 +0.00000e+00
 1.73020e-04 3.91019e+03 1.85202e-08 +0.00000e+00
 2.15443e-04 3.92166e+03 2.19085e-08 +0.00000e+00
 2.68270e-04 3.93237e+03 2.58409e-08 +0.00000e+00
 3.34048e-04 3.94217e+03 3.04017e-08 +0.00000e+00
 4.15956e-04 3.95099e+03 3.56903e-08 +0.00000e+00
 5.17947e-04 3.95883e+03 4.18250e-08 +0.00000e+00
 6.44947e-04 3.96577e+03 4.89441e-08 +0.00000e+00
 8.03086e-04 3.97195e+03 5.72087e-08 +0.00000e+00
 1.00000e-03 3.97754e+03 6.68038e-08 +0.00000e+00
 1.24520e-03 3.98277e+03 7.79404e-08 -2.54480e-07
 1.55052e-03 3.98783e+03 9.08555e-08 -3.16878e-07
 1.93070e-03 3.99293e+03 1.05814e-07 -3.94575e-07
 2.40410e-03 3.99821e+03 1.23115e-07 -4.91323e-07
 2.99358e-03 4.00382e+03 1.43086e-07 -6.11795e-07
 3.72759e-03 4.00985e+03 1.66089e-07 -7.61806e-07
 4.64159e-03 4.01640e+03 1.92529e-07 -9.48597e-07
 5.77969e-03 4.02359e+03 2.22839e-07 -1.18119e-06
 7.19686e-03 4.03154e+03 2.57475e-07 -1.47081e-06
 8.96151e-03 4.04041e+03 2.96923e-07 -1.83146e-06
 1.11588e-02 4.05040e+03 3.41669e-07 -2.28052e-06
 1.38950e-02 4.06170e+03 3.92159e-07 -2.83970e-06
 1.73020e-02 4.07454e+03 4.48785e-07 -3.53597e-06
 2.15443e-02 4.08927e+03 5.11864e-07 -4.40299e-06
 2.68270e-02 4.10620e+03 5.81523e-07 -5.48259e-06
 3.34048e-02 4.12564e+03 6.57618e-07 -6.82694e-06
 4.15956e-02 4.14811e+03 7.39789e-07 -8.50085e-06
 5.17947e-02 4.17413e+03 8.27269e-07 -1.05852e-05
 6.44947e-02 4.20432e+03 9.18816e-07 -1.31807e-05
 8.03086e-02 4.23929e+03 1.01261e-06 -1.64126e-05
 1.00000e-01 4.28010e+03 1.10644e-06 -2.04369e-05
 1.24520e-01 4.32790e+03 1.19752e-06 -2.54480e-05
 1.55052e-01 4.38408e+03 1.28265e-06 -3.16878e-05
 1.93070e-01 4.45035e+03 1.35843e-06 +7.54413e-04
 2.40410e-01 4.52844e+03 1.42120e-06 +5.13180e-03
 2.99358e-01 4.59817e+03 1.48114e-06 +5.42397e-03
 3.72759e-01 4.66557e+03 1.53852e-06 +7.17265e-03
 4.64159e-01 4.73239e+03 1.59381e-06 +9.42921e-03
 5.77969e-01 4.79967e+03 1.64732e-06 +1.24360e-02
 7.19686e-01 4.86808e+03 1.69919e-06 +1.56086e-02
 8.96151e-01 4.93784e+03 1.74964e-06 +1.88169e-02
 1.11588e+00 5.00939e+03 1.79869e-06 +2.35972e-02
 1.38950e+00 5.08300e+03 1.84639e-06 +2.95188e-02
 1.73020e+00 5.15887e+03 1.89274e-06 +3.68174e-02
 2.15443e+00 5.23722e+03 1.93774e-06 +4.58390e-02
 2.68270e+00 5.31828e+03 1.98133e-06 +5.70050e-02
 3.34048e+00 5.40205e+03 2.02357e-06 +6.48950e-02
 4.15956e+00 5.48711e+03 2.06518e-06 +6.70555e-02
 5.17947e+00 5.57336e+03 2.10652e-06 +6.88765e-02
 6.44947e+00 5.66101e+03 2.14779e-06 +7.04116e-02
 8.03086e+00 5.75022e+03 2.18914e-06 +7.17162e-02
 1.00000e+01 5.84112e+03 2.23075e-06 +7.28278e-02
 1.24520e+01 5.93380e+03 2.27278e-06 +7.37764e-02
 1.55052e+01 6.02835e+03 2.31532e-06 +7.45897e-02
 1.93070e+01 6.12478e+03 2.35851e-06 +7.52892e-02
 2.40410e+01 6.22313e+03 2.40267e-06 +7.58877e-02
 2.99358e+01 6.32350e+03 2.44795e-06 +7.63978e-02
 3.72759e+01 6.42605e+03 2.49448e-06 +7.68342e-02
 4.64159e+01 6.53086e+03 2.54241e-06 +7.72089e-02
 5.77969e+01 6.63802e+03 2.59189e-06 +7.75307e-02
 7.19686e+01 6.74760e+03 2.64308e-06 +7.78074e-02
 8.96151e+01 6.85968e+03 2.69614e-06 +7.80452e-02
 1.11588e+02 6.97430e+03 2.75127e-06 +7.82504e-02
 1.38950e+02 7.09151e+03 2.80864e-06 +7.84275e-02
 1.73020e+02 7.21138e+03 2.86845e-06 +7.85796e-02
 2.15443e+02 7.33394e+03 2.93092e-06 +7.87114e-02
 2.68270e+02 7.45918e+03 2.99630e-06 +7.88257e-02
 3.34048e+02 7.58699e+03 3.06488e-06 +7.89250e-02
 4.15956e+02 7.71724e+03 3.13703e-06 +7.90113e-02
 5.17947e+02 7.84983e+03 3.21311e-06 +7.90857e-02
 6.44947e+02 7.98475e+03 3.29348e-06 +7.91502e-02
 8.03086e+02 8.12195e+03 3.37852e-06 +7.92056e-02
 1.00000e+03 8.26141e+03 3.46866e-06 +7.92534e-02
