#n1=128 n2=4 Teff=04800 R=3.8128e+13 L=5.4927e+38 logg=-0.50
#   tau          T          rho         Fconv
 0.00000e+00 2.65277e+03 5.63408e-21 +0.00000e+00
 1.00000e-09 2.65277e+03 3.12056e-18 +0.00000e+00
 1.24520e-09 2.65498e+03 3.92344e-18 +0.00000e+00
 1.55052e-09 2.65640e+03 4.93430e-18 +0.00000e+00
 1.93070e-09 2.65764e+03 6.20587e-18 +0.00000e+00
 2.40410e-09 2.65867e+03 7.80551e-18 +0.00000e+00
 2.99358e-09 2.65943e+03 9.81815e-18 +0.00000e+00
 3.72759e-09 2.65982e+03 1.23509e-17 +0.00000e+00
 4.64159e-09 2.65972e+03 1.55391e-17 +0.00000e+00
 5.77969e-09 2.65896e+03 1.95542e-17 +0.00000e+00
 7.19686e-09 2.65723e+03 2.46145e-17 +0.00000e+00
 8.96151e-09 2.65405e+03 3.09993e-17 +0.00000e+00
 1.11588e-08 2.64855e+03 3.90723e-17 +0.00000e+00
 1.38950e-08 2.63906e+03 4.93193e-17 +0.00000e+00
 1.73020e-08 2.62506e+03 6.23568e-17 +0.00000e+00
 2.15443e-08 2.60326e+03 7.90731e-17 +0.00000e+00
 2.68270e-08 2.23818e+03 1.15640e-16 +0.00000e+00
 3.34048e-08 2.24944e+03 1.44645e-16 +0.00000e+00
 4.15956e-08 2.26163e+03 1.80799e-16 +0.00000e+00
 5.17947e-08 2.27404e+03 2.25921e-16 +0.00000e+00
 6.44947e-08 2.28669e+03 2.82227e-16 +0.00000e+00
 8.03086e-08 2.29947e+03 3.52506e-16 +0.00000e+00
 1.00000e-07 2.31251e+03 4.40196e-16 +0.00000e+00
 1.24520e-07 2.32567e+03 5.49638e-16 +0.00000e+00
 1.55052e-07 2.33909e+03 6.86188e-16 +0.00000e+00
 1.93070e-07 2.35262e+03 8.56603e-16 +0.00000e+00
 2.40410e-07 2.36646e+03 1.06919e-15 +0.00000e+00
 2.99358e-07 2.38044e+03 1.33446e-15 +0.00000e+00
 3.72759e-07 2.39476e+03 1.66534e-15 +0.00000e+00
 4.64159e-07 2.40926e+03 2.07814e-15 +0.00000e+00
 5.77969e-07 2.42417e+03 2.59290e-15 +0.00000e+00
 7.19686e-07 2.43930e+03 3.23500e-15 +0.00000e+00
 8.96151e-07 2.45489e+03 4.03549e-15 +0.00000e+00
 1.11588e-06 2.47079e+03 5.03368e-15 +0.00000e+00
 1.38950e-06 2.48721e+03 6.27774e-15 +0.00000e+00
 1.73020e-06 2.50403e+03 7.82845e-15 +0.00000e+00
 2.15443e-06 2.52148e+03 9.76034e-15 +0.00000e+00
 2.68270e-06 2.53948e+03 1.21671e-14 +0.00000e+00
 3.34048e-06 2.55832e+03 1.51633e-14 +0.00000e+00
 4.15956e-06 2.57795e+03 1.88930e-14 +0.00000e+00
 5.17947e-06 2.59866e+03 2.35320e-14 +0.00000e+00
 6.44947e-06 2.62111e+03 2.92933e-14 +0.00000e+00
 8.03086e-06 2.64507e+03 3.64477e-14 +0.00000e+00
 1.00000e-05 2.67309e+03 4.52856e-14 +0.00000e+00
 1.24520e-05 2.70589e+03 5.61750e-14 +0.00000e+00
 1.55052e-05 2.74181e+03 6.96167e-14 +0.00000e+00
 1.93070e-05 2.78147e+03 8.61770e-14 +0.00000e+00
 2.40410e-05 2.82698e+03 1.06484e-13 +0.00000e+00
 2.99358e-05 2.87236e+03 1.31625e-13 +0.00000e+00
 3.72759e-05 2.91810e+03 1.62734e-13 +0.00000e+00
 4.64159e-05 2.96010e+03 2.01516e-13 +0.00000e+00
 5.77969e-05 3.00198e+03 2.49621e-13 +0.00000e+00
 7.19686e-05 3.04227e+03 3.09456e-13 +0.00000e+00
 8.96151e-05 3.07957e+03 3.84103e-13 +0.00000e+00
 1.11588e-04 3.11410e+03 4.77289e-13 +0.00000e+00
 1.38950e-04 3.14696e+03 5.93512e-13 +0.00000e+00
 1.73020e-04 3.17839e+03 7.38495e-13 +0.00000e+00
 2.15443e-04 3.20890e+03 9.19296e-13 +0.00000e+00
 2.68270e-04 3.23861e+03 1.14481e-12 +0.00000e+00
 3.34048e-04 3.26771e+03 1.42609e-12 +0.00000e+00
 4.15956e-04 3.29620e+03 1.77700e-12 +0.00000e+00
 5.17947e-04 3.32413e+03 2.21486e-12 +0.00000e+00
 6.44947e-04 3.35148e+03 2.76132e-12 +0.00000e+00
 8.03086e-04 3.37828e+03 3.44342e-12 +0.00000e+00
 1.00000e-03 3.40450e+03 4.29498e-12 +0.00000e+00
 1.24520e-03 3.43015e+03 5.35826e-12 -2.54837e-07
 1.55052e-03 3.45522e+03 6.68602e-12 -3.17322e-07
 1.93070e-03 3.47971e+03 8.34420e-12 -3.95129e-07
 2.40410e-03 3.50365e+03 1.04150e-11 -4.92013e-07
 2.99358e-03 3.52709e+03 1.30010e-11 -6.12654e-07
 3.72759e-03 3.55010e+03 1.62295e-11 -7.62875e-07
 4.64159e-03 3.57285e+03 2.02587e-11 -9.49928e-07
 5.77969e-03 3.59547e+03 2.52848e-11 -1.18285e-06
 7.19686e-03 3.61819e+03 3.15498e-11 -1.47288e-06
 8.96151e-03 3.64117e+03 3.93522e-11 -1.83403e-06
 1.11588e-02 3.66463e+03 4.90590e-11 -2.28372e-06
 1.38950e-02 3.68878e+03 6.11182e-11 -2.84369e-06
 1.73020e-02 3.71376e+03 7.60771e-11 -3.54094e-06
 2.15443e-02 3.73983e+03 9.45944e-11 -4.40917e-06
 2.68270e-02 3.76719e+03 1.17462e-10 -5.49029e-06
 3.34048e-02 3.79609e+03 1.45613e-10 -6.83652e-06
 4.15956e-02 3.82680e+03 1.80142e-10 -8.51278e-06
 5.17947e-02 3.85965e+03 2.22286e-10 -1.06001e-05
 6.44947e-02 3.89509e+03 2.73418e-10 -1.31992e-05
 8.03086e-02 3.93355e+03 3.34967e-10 -1.64356e-05
 1.00000e-01 3.97575e+03 4.08322e-10 -2.04656e-05
 1.24520e-01 4.02236e+03 4.94594e-10 -2.54837e-05
 1.55052e-01 4.07435e+03 5.94353e-10 -3.17322e-05
 1.93070e-01 4.13265e+03 7.07150e-10 -3.95129e-05
 2.40410e-01 4.19829e+03 8.31106e-10 -4.92013e-05
 2.99358e-01 4.27257e+03 9.62450e-10 -6.12654e-05
 3.72759e-01 4.35778e+03 1.09499e-09 -7.62875e-05
 4.64159e-01 4.45621e+03 1.22078e-09 -9.49928e-05
 5.77969e-01 4.57268e+03 1.33004e-09 -1.18285e-04
 7.19686e-01 4.70929e+03 1.41482e-09 -1.47288e-04
 8.96151e-01 4.87598e+03 1.46672e-09 -1.83403e-04
 1.11588e+00 5.05317e+03 1.49342e-09 -2.28372e-04
 1.38950e+00 5.25970e+03 1.49327e-09 -2.84368e-04
 1.73020e+00 5.50474e+03 1.46776e-09 -3.54067e-04
 2.15443e+00 5.77277e+03 1.42701e-09 -4.40285e-04
 2.68270e+00 6.09129e+03 1.36882e-09 -5.27973e-04
 3.34048e+00 6.47193e+03 1.29458e-09 +5.17696e-04
 4.15956e+00 6.92425e+03 1.20405e-09 +2.55486e-02
 5.17947e+00 7.09242e+03 1.17301e-09 +4.08665e-02
 6.44947e+00 7.23346e+03 1.14718e-09 +5.15015e-02
 8.03086e+00 7.35585e+03 1.12490e-09 +5.86306e-02
 1.00000e+01 7.46583e+03 1.10494e-09 +6.35413e-02
 1.24520e+01 7.56750e+03 1.08651e-09 +6.70488e-02
 1.55052e+01 7.66353e+03 1.06910e-09 +6.96354e-02
 1.93070e+01 7.75574e+03 1.05234e-09 +7.15914e-02
 2.40410e+01 7.84541e+03 1.03600e-09 +7.31010e-02
 2.99358e+01 7.93347e+03 1.01989e-09 +7.42870e-02
 3.72759e+01 8.02066e+03 1.00386e-09 +7.52312e-02
 4.64159e+01 8.10751e+03 9.87815e-10 +7.59879e-02
 5.77969e+01 8.19452e+03 9.71658e-10 +7.66025e-02
 7.19686e+01 8.28206e+03 9.55318e-10 +7.71041e-02
 8.96151e+01 8.37050e+03 9.38749e-10 +7.75135e-02
 1.11588e+02 8.46019e+03 9.21885e-10 +7.78514e-02
 1.38950e+02 8.55146e+03 9.04676e-10 +7.81311e-02
 1.73020e+02 8.64467e+03 8.87117e-10 +7.83609e-02
 2.15443e+02 8.74022e+03 8.69142e-10 +7.85522e-02
 2.68270e+02 8.83855e+03 8.50736e-10 +7.87108e-02
 3.34048e+02 8.94020e+03 8.31885e-10 +7.88415e-02
 4.15956e+02 9.04600e+03 8.12578e-10 +7.89479e-02
 5.17947e+02 9.15696e+03 7.92710e-10 +7.90354e-02
 6.44947e+02 9.27422e+03 7.72266e-10 +7.91063e-02
 8.03086e+02 9.39938e+03 7.51169e-10 +7.91625e-02
 1.00000e+03 9.53461e+03 7.29363e-10 +7.92057e-02
