#n1=128 n2=4 Teff=05400 R=5.9138e+12 L=2.1148e+37 logg=+1.00
#   tau          T          rho         Fconv
 0.00000e+00 3.71367e+03 3.13140e-21 +0.00000e+00
 1.00000e-09 3.71367e+03 6.53679e-18 +0.00000e+00
 1.24520e-09 3.71635e+03 9.87873e-18 +0.00000e+00
 1.55052e-09 3.71912e+03 1.48189e-17 +0.00000e+00
 1.93070e-09 3.72202e+03 2.20675e-17 +0.00000e+00
 2.40410e-09 3.72499e+03 3.26231e-17 +0.00000e+00
 2.99358e-09 3.72797e+03 4.78804e-17 +0.00000e+00
 3.72759e-09 3.73087e+03 6.97753e-17 +0.00000e+00
 4.64159e-09 3.73358e+03 1.00980e-16 +0.00000e+00
 5.77969e-09 3.73607e+03 1.45153e-16 +0.00000e+00
 7.19686e-09 3.73833e+03 2.07253e-16 +0.00000e+00
 8.96151e-09 3.74044e+03 2.93918e-16 +0.00000e+00
 1.11588e-08 3.74245e+03 4.13929e-16 +0.00000e+00
 1.38950e-08 3.74440e+03 5.78801e-16 +0.00000e+00
 1.73020e-08 3.74633e+03 8.03511e-16 +0.00000e+00
 2.15443e-08 3.74823e+03 1.10742e-15 +0.00000e+00
 2.68270e-08 3.75011e+03 1.51541e-15 +0.00000e+00
 3.34048e-08 3.75198e+03 2.05933e-15 +0.00000e+00
 4.15956e-08 3.75384e+03 2.77973e-15 +0.00000e+00
 5.17947e-08 3.75572e+03 3.72810e-15 +0.00000e+00
 6.44947e-08 3.75762e+03 4.96957e-15 +0.00000e+00
 8.03086e-08 3.75957e+03 6.58644e-15 +0.00000e+00
 1.00000e-07 3.76158e+03 8.68244e-15 +0.00000e+00
 1.24520e-07 3.76367e+03 1.13881e-14 +0.00000e+00
 1.55052e-07 3.76585e+03 1.48675e-14 +0.00000e+00
 1.93070e-07 3.76814e+03 1.93267e-14 +0.00000e+00
 2.40410e-07 3.77056e+03 2.50241e-14 +0.00000e+00
 2.99358e-07 3.77313e+03 3.22837e-14 +0.00000e+00
 3.72759e-07 3.77586e+03 4.15110e-14 +0.00000e+00
 4.64159e-07 3.77876e+03 5.32137e-14 +0.00000e+00
 5.77969e-07 3.78186e+03 6.80267e-14 +0.00000e+00
 7.19686e-07 3.78518e+03 8.67436e-14 +0.00000e+00
 8.96151e-07 3.78872e+03 1.10356e-13 +0.00000e+00
 1.11588e-06 3.79252e+03 1.40101e-13 +0.00000e+00
 1.38950e-06 3.79661e+03 1.77523e-13 +0.00000e+00
 1.73020e-06 3.80103e+03 2.24546e-13 +0.00000e+00
 2.15443e-06 3.80582e+03 2.83565e-13 +0.00000e+00
 2.68270e-06 3.81106e+03 3.57562e-13 +0.00000e+00
 3.34048e-06 3.81680e+03 4.50242e-13 +0.00000e+00
 4.15956e-06 3.82310e+03 5.66209e-13 +0.00000e+00
 5.17947e-06 3.83003e+03 7.11181e-13 +0.00000e+00
 6.44947e-06 3.83763e+03 8.92251e-13 +0.00000e+00
 8.03086e-06 3.84595e+03 1.11822e-12 +0.00000e+00
 1.00000e-05 3.85500e+03 1.40000e-12 +0.00000e+00
 1.24520e-05 3.86480e+03 1.75111e-12 +0.00000e+00
 1.55052e-05 3.87535e+03 2.18830e-12 +0.00000e+00
 1.93070e-05 3.88661e+03 2.73230e-12 +0.00000e+00
 2.40410e-05 3.89856e+03 3.40879e-12 +0.00000e+00
 2.99358e-05 3.91115e+03 4.24947e-12 +0.00000e+00
 3.72759e-05 3.92432e+03 5.29355e-12 +0.00000e+00
 4.64159e-05 3.93805e+03 6.58933e-12 +0.00000e+00
 5.77969e-05 3.95232e+03 8.19624e-12 +0.00000e+00
 7.19686e-05 3.96720e+03 1.01871e-11 +0.00000e+00
 8.96151e-05 3.98280e+03 1.26507e-11 +0.00000e+00
 1.11588e-04 3.99930e+03 1.56947e-11 +0.00000e+00
 1.38950e-04 4.01694e+03 1.94491e-11 +0.00000e+00
 1.73020e-04 4.03598e+03 2.40691e-11 +0.00000e+00
 2.15443e-04 4.05667e+03 2.97389e-11 +0.00000e+00
 2.68270e-04 4.07921e+03 3.66745e-11 +0.00000e+00
 3.34048e-04 4.10369e+03 4.51272e-11 +0.00000e+00
 4.15956e-04 4.12999e+03 5.53859e-11 +0.00000e+00
 5.17947e-04 4.15763e+03 6.77835e-11 +0.00000e+00
 6.44947e-04 4.18552e+03 8.27113e-11 +0.00000e+00
 8.03086e-04 4.21195e+03 1.00647e-10 +0.00000e+00
 1.00000e-03 4.23508e+03 1.22191e-10 +0.00000e+00
 1.24520e-03 4.25384e+03 1.48092e-10 -2.55056e-07
 1.55052e-03 4.26841e+03 1.79249e-10 -3.17595e-07
 1.93070e-03 4.27998e+03 2.16699e-10 -3.95467e-07
 2.40410e-03 4.28994e+03 2.61604e-10 -4.92435e-07
 2.99358e-03 4.29932e+03 3.15272e-10 -6.13178e-07
 3.72759e-03 4.30867e+03 3.79172e-10 -7.63529e-07
 4.64159e-03 4.31831e+03 4.54943e-10 -9.50744e-07
 5.77969e-03 4.32840e+03 5.44403e-10 -1.18386e-06
 7.19686e-03 4.33910e+03 6.49542e-10 -1.47414e-06
 8.96151e-03 4.35058e+03 7.72489e-10 -1.83560e-06
 1.11588e-02 4.36305e+03 9.15490e-10 -2.28568e-06
 1.38950e-02 4.37676e+03 1.08082e-09 -2.84613e-06
 1.73020e-02 4.39196e+03 1.27071e-09 -3.54399e-06
 2.15443e-02 4.40900e+03 1.48718e-09 -4.41296e-06
 2.68270e-02 4.42822e+03 1.73191e-09 -5.49500e-06
 3.34048e-02 4.45006e+03 2.00597e-09 -6.84236e-06
 4.15956e-02 4.47499e+03 2.30957e-09 -8.52010e-06
 5.17947e-02 4.50358e+03 2.64176e-09 -1.06092e-05
 6.44947e-02 4.53647e+03 3.00010e-09 -1.32106e-05
 8.03086e-02 4.57437e+03 3.38040e-09 -1.64497e-05
 1.00000e-01 4.61811e+03 3.77653e-09 -2.04831e-05
 1.24520e-01 4.66858e+03 4.18037e-09 -2.55056e-05
 1.55052e-01 4.72678e+03 4.58212e-09 -3.17595e-05
 1.93070e-01 4.79380e+03 4.97057e-09 -3.95467e-05
 2.40410e-01 4.87090e+03 5.33386e-09 -4.92435e-05
 2.99358e-01 4.95952e+03 5.66018e-09 -6.13178e-05
 3.72759e-01 5.06135e+03 5.93861e-09 -7.63529e-05
 4.64159e-01 5.17845e+03 6.15977e-09 -9.50744e-05
 5.77969e-01 5.31313e+03 6.31674e-09 -1.18386e-04
 7.19686e-01 5.46847e+03 6.40498e-09 -1.47413e-04
 8.96151e-01 5.64966e+03 6.42044e-09 -1.83532e-04
 1.11588e+00 5.86154e+03 6.36305e-09 -2.28129e-04
 1.38950e+00 6.10577e+03 6.24022e-09 -2.78063e-04
 1.73020e+00 6.38115e+03 6.06496e-09 -2.45802e-04
 2.15443e+00 6.72956e+03 5.80407e-09 +1.73012e-03
 2.68270e+00 6.98174e+03 5.62769e-09 +9.33537e-03
 3.34048e+00 7.20983e+03 5.46918e-09 +2.52273e-02
 4.15956e+00 7.40332e+03 5.33782e-09 +4.01005e-02
 5.17947e+00 7.56649e+03 5.23038e-09 +5.06686e-02
 6.44947e+00 7.70842e+03 5.13968e-09 +5.78848e-02
 8.03086e+00 7.83599e+03 5.06040e-09 +6.29215e-02
 1.00000e+01 7.95377e+03 4.98904e-09 +6.65431e-02
 1.24520e+01 8.06481e+03 4.92332e-09 +6.92295e-02
 1.55052e+01 8.17118e+03 4.86170e-09 +7.12710e-02
 1.93070e+01 8.27434e+03 4.80314e-09 +7.28519e-02
 2.40410e+01 8.37536e+03 4.74688e-09 +7.40946e-02
 2.99358e+01 8.47507e+03 4.69233e-09 +7.50869e-02
 3.72759e+01 8.57407e+03 4.63913e-09 +7.58835e-02
 4.64159e+01 8.67290e+03 4.58689e-09 +7.65314e-02
 5.77969e+01 8.77196e+03 4.53545e-09 +7.70591e-02
 7.19686e+01 8.87164e+03 4.48454e-09 +7.74936e-02
 8.96151e+01 8.97226e+03 4.43413e-09 +7.78500e-02
 1.11588e+02 9.07413e+03 4.38400e-09 +7.81461e-02
 1.38950e+02 9.17757e+03 4.33419e-09 +7.83907e-02
 1.73020e+02 9.28289e+03 4.28459e-09 +7.85946e-02
 2.15443e+02 9.39042e+03 4.23524e-09 +7.87640e-02
 2.68270e+02 9.50053e+03 4.18608e-09 +7.89053e-02
 3.34048e+02 9.61364e+03 4.13726e-09 +7.90231e-02
 4.15956e+02 9.73022e+03 4.08866e-09 +7.91216e-02
 5.17947e+02 9.85081e+03 4.04058e-09 +7.92037e-02
 6.44947e+02 9.97610e+03 3.99295e-09 +7.92721e-02
 8.03086e+02 1.01069e+04 3.94587e-09 +7.93290e-02
 1.00000e+03 1.02443e+04 3.89947e-09 +7.93760e-02
