#n1=128 n2=4 Teff=05800 R=6.3417e+12 L=3.2425e+37 logg=+1.00
#   tau          T          rho         Fconv
 0.00000e+00 3.32661e+03 4.56606e-21 +0.00000e+00
 1.00000e-09 3.32661e+03 8.58400e-17 +0.00000e+00
 1.24520e-09 3.33436e+03 1.10683e-16 +0.00000e+00
 1.55052e-09 3.34294e+03 1.42024e-16 +0.00000e+00
 1.93070e-09 3.35222e+03 1.81469e-16 +0.00000e+00
 2.40410e-09 3.36205e+03 2.31043e-16 +0.00000e+00
 2.99358e-09 3.37230e+03 2.93266e-16 +0.00000e+00
 3.72759e-09 3.38287e+03 3.71288e-16 +0.00000e+00
 4.64159e-09 3.39367e+03 4.69072e-16 +0.00000e+00
 5.77969e-09 3.40467e+03 5.91507e-16 +0.00000e+00
 7.19686e-09 3.41587e+03 7.44770e-16 +0.00000e+00
 8.96151e-09 3.42729e+03 9.36446e-16 +0.00000e+00
 1.11588e-08 3.43897e+03 1.17611e-15 +0.00000e+00
 1.38950e-08 3.45092e+03 1.47550e-15 +0.00000e+00
 1.73020e-08 3.46310e+03 1.84950e-15 +0.00000e+00
 2.15443e-08 3.47546e+03 2.31637e-15 +0.00000e+00
 2.68270e-08 3.48791e+03 2.89929e-15 +0.00000e+00
 3.34048e-08 3.50042e+03 3.62671e-15 +0.00000e+00
 4.15956e-08 3.51296e+03 4.53463e-15 +0.00000e+00
 5.17947e-08 3.52558e+03 5.66724e-15 +0.00000e+00
 6.44947e-08 3.53841e+03 7.07991e-15 +0.00000e+00
 8.03086e-08 3.55163e+03 8.84047e-15 +0.00000e+00
 1.00000e-07 3.56544e+03 1.10332e-14 +0.00000e+00
 1.24520e-07 3.58002e+03 1.37617e-14 +0.00000e+00
 1.55052e-07 3.59552e+03 1.71540e-14 +0.00000e+00
 1.93070e-07 3.61198e+03 2.13683e-14 +0.00000e+00
 2.40410e-07 3.62942e+03 2.65998e-14 +0.00000e+00
 2.99358e-07 3.64779e+03 3.30907e-14 +0.00000e+00
 3.72759e-07 3.66709e+03 4.11380e-14 +0.00000e+00
 4.64159e-07 3.68727e+03 5.11113e-14 +0.00000e+00
 5.77969e-07 3.70832e+03 6.34615e-14 +0.00000e+00
 7.19686e-07 3.73017e+03 7.87529e-14 +0.00000e+00
 8.96151e-07 3.75279e+03 9.76688e-14 +0.00000e+00
 1.11588e-06 3.77611e+03 1.21069e-13 +0.00000e+00
 1.38950e-06 3.80004e+03 1.49990e-13 +0.00000e+00
 1.73020e-06 3.82449e+03 1.85741e-13 +0.00000e+00
 2.15443e-06 3.84937e+03 2.29890e-13 +0.00000e+00
 2.68270e-06 3.87458e+03 2.84431e-13 +0.00000e+00
 3.34048e-06 3.90004e+03 3.51736e-13 +0.00000e+00
 4.15956e-06 3.92564e+03 4.34826e-13 +0.00000e+00
 5.17947e-06 3.95130e+03 5.37287e-13 +0.00000e+00
 6.44947e-06 3.97693e+03 6.63669e-13 +0.00000e+00
 8.03086e-06 4.00245e+03 8.19373e-13 +0.00000e+00
 1.00000e-05 4.02782e+03 1.01119e-12 +0.00000e+00
 1.24520e-05 4.05300e+03 1.24720e-12 +0.00000e+00
 1.55052e-05 4.07796e+03 1.53740e-12 +0.00000e+00
 1.93070e-05 4.10270e+03 1.89371e-12 +0.00000e+00
 2.40410e-05 4.12724e+03 2.33060e-12 +0.00000e+00
 2.99358e-05 4.15157e+03 2.86539e-12 +0.00000e+00
 3.72759e-05 4.17576e+03 3.51839e-12 +0.00000e+00
 4.64159e-05 4.19983e+03 4.31422e-12 +0.00000e+00
 5.77969e-05 4.22382e+03 5.28057e-12 +0.00000e+00
 7.19686e-05 4.24774e+03 6.45131e-12 +0.00000e+00
 8.96151e-05 4.27162e+03 7.86319e-12 +0.00000e+00
 1.11588e-04 4.29545e+03 9.56105e-12 +0.00000e+00
 1.38950e-04 4.31925e+03 1.15924e-11 +0.00000e+00
 1.73020e-04 4.34300e+03 1.40135e-11 +0.00000e+00
 2.15443e-04 4.36670e+03 1.68860e-11 +0.00000e+00
 2.68270e-04 4.39036e+03 2.02765e-11 +0.00000e+00
 3.34048e-04 4.41392e+03 2.42641e-11 +0.00000e+00
 4.15956e-04 4.43739e+03 2.89265e-11 +0.00000e+00
 5.17947e-04 4.46069e+03 3.43602e-11 +0.00000e+00
 6.44947e-04 4.48383e+03 4.06652e-11 +0.00000e+00
 8.03086e-04 4.50681e+03 4.79468e-11 +0.00000e+00
 1.00000e-03 4.52965e+03 5.63384e-11 +0.00000e+00
 1.24520e-03 4.55234e+03 6.59632e-11 -2.54589e-07
 1.55052e-03 4.57500e+03 7.69708e-11 -3.17013e-07
 1.93070e-03 4.59768e+03 8.95404e-11 -3.94745e-07
 2.40410e-03 4.62046e+03 1.03832e-10 -4.91534e-07
 2.99358e-03 4.64346e+03 1.20052e-10 -6.12057e-07
 3.72759e-03 4.66678e+03 1.38444e-10 -7.62131e-07
 4.64159e-03 4.69060e+03 1.59219e-10 -9.49003e-07
 5.77969e-03 4.71500e+03 1.82650e-10 -1.18170e-06
 7.19686e-03 4.74027e+03 2.09063e-10 -1.47145e-06
 8.96151e-03 4.76657e+03 2.38741e-10 -1.83224e-06
 1.11588e-02 4.79415e+03 2.72004e-10 -2.28150e-06
 1.38950e-02 4.82328e+03 3.09257e-10 -2.84092e-06
 1.73020e-02 4.85423e+03 3.50892e-10 -3.53750e-06
 2.15443e-02 4.88739e+03 3.97194e-10 -4.40489e-06
 2.68270e-02 4.92305e+03 4.48596e-10 -5.48495e-06
 3.34048e-02 4.96180e+03 5.05488e-10 -6.82984e-06
 4.15956e-02 5.00413e+03 5.68039e-10 -8.50450e-06
 5.17947e-02 5.05068e+03 6.36362e-10 -1.05898e-05
 6.44947e-02 5.10219e+03 7.10489e-10 -1.31864e-05
 8.03086e-02 5.15957e+03 7.90144e-10 -1.64196e-05
 1.00000e-01 5.22379e+03 8.74472e-10 -2.04457e-05
 1.24520e-01 5.29627e+03 9.62247e-10 -2.54589e-05
 1.55052e-01 5.37797e+03 1.05185e-09 -3.17013e-05
 1.93070e-01 5.47054e+03 1.14097e-09 -3.94745e-05
 2.40410e-01 5.57598e+03 1.22652e-09 -4.91534e-05
 2.99358e-01 5.69585e+03 1.30531e-09 -6.12057e-05
 3.72759e-01 5.83356e+03 1.37359e-09 -7.62131e-05
 4.64159e-01 5.99040e+03 1.42823e-09 -9.49003e-05
 5.77969e-01 6.15613e+03 1.47091e-09 -1.18170e-04
 7.19686e-01 6.34880e+03 1.49638e-09 -1.47145e-04
 8.96151e-01 6.61979e+03 1.48678e-09 -1.83224e-04
 1.11588e+00 6.85470e+03 1.47381e-09 -2.28140e-04
 1.38950e+00 7.19907e+03 1.41986e-09 -2.83079e-04
 1.73020e+00 7.54763e+03 1.35154e-09 -2.62337e-04
 2.15443e+00 8.17304e+03 1.18723e-09 +2.47855e-02
 2.68270e+00 8.33518e+03 1.14574e-09 +2.38882e-02
 3.34048e+00 8.47903e+03 1.10833e-09 +3.58041e-02
 4.15956e+00 8.61370e+03 1.07285e-09 +4.49900e-02
 5.17947e+00 8.74113e+03 1.03914e-09 +5.18590e-02
 6.44947e+00 8.86407e+03 1.00670e-09 +5.69538e-02
 8.03086e+00 8.98508e+03 9.75066e-10 +6.07695e-02
 1.00000e+01 9.10645e+03 9.43835e-10 +6.36618e-02
 1.24520e+01 9.23035e+03 9.12667e-10 +6.58694e-02
 1.55052e+01 9.35908e+03 8.81277e-10 +6.75484e-02
 1.93070e+01 9.49532e+03 8.49396e-10 +6.87976e-02
 2.40410e+01 9.64260e+03 8.16738e-10 +6.96661e-02
 2.99358e+01 9.80593e+03 7.83038e-10 +7.01418e-02
 3.72759e+01 9.99376e+03 7.47730e-10 +7.01532e-02
 4.64159e+01 1.02216e+04 7.10038e-10 +6.94022e-02
 5.77969e+01 1.05247e+04 6.68145e-10 +6.69104e-02
 7.19686e+01 1.10165e+04 6.16808e-10 +5.73888e-02
 8.96151e+01 1.23521e+04 5.34809e-10 +3.10685e-03
 1.11588e+02 1.91957e+04 3.50580e-10 -6.13370e-04
 1.38950e+02 2.11609e+04 3.59647e-10 -6.13370e-04
 1.73020e+02 2.13854e+04 4.06166e-10 -6.13370e-04
 2.15443e+02 2.11966e+04 4.65970e-10 -6.13370e-04
 2.68270e+02 2.28736e+04 4.99151e-10 -6.13370e-04
 3.34048e+02 2.30876e+04 5.73646e-10 -6.13370e-04
 4.15956e+02 2.24570e+04 6.75748e-10 -6.13370e-04
 5.17947e+02 2.46511e+04 7.13652e-10 -6.13370e-04
 6.44947e+02 2.59940e+04 7.98721e-10 -6.13370e-04
 8.03086e+02 2.69858e+04 9.13811e-10 -6.13370e-04
 1.00000e+03 2.72479e+04 1.06785e-09 -6.13366e-04
