#n1=128 n2=4 Teff=05200 R=3.8902e+11 L=7.8823e+34 logg=+3.00
#   tau          T          rho         Fconv
 0.00000e+00 2.55451e+03 5.92241e-21 +0.00000e+00
 1.00000e-09 2.55451e+03 2.34947e-14 +0.00000e+00
 1.24520e-09 2.56150e+03 2.92767e-14 +0.00000e+00
 1.55052e-09 2.56972e+03 3.64518e-14 +0.00000e+00
 1.93070e-09 2.57866e+03 4.53582e-14 +0.00000e+00
 2.40410e-09 2.58809e+03 5.64138e-14 +0.00000e+00
 2.99358e-09 2.59778e+03 7.01390e-14 +0.00000e+00
 3.72759e-09 2.60772e+03 8.71765e-14 +0.00000e+00
 4.64159e-09 2.61790e+03 1.08321e-13 +0.00000e+00
 5.77969e-09 2.62852e+03 1.34547e-13 +0.00000e+00
 7.19686e-09 2.63973e+03 1.67056e-13 +0.00000e+00
 8.96151e-09 2.65174e+03 2.07317e-13 +0.00000e+00
 1.11588e-08 2.66470e+03 2.57137e-13 +0.00000e+00
 1.38950e-08 2.67873e+03 3.18731e-13 +0.00000e+00
 1.73020e-08 2.69393e+03 3.94807e-13 +0.00000e+00
 2.15443e-08 2.71034e+03 4.88690e-13 +0.00000e+00
 2.68270e-08 2.72802e+03 6.04425e-13 +0.00000e+00
 3.34048e-08 2.74693e+03 7.46976e-13 +0.00000e+00
 4.15956e-08 2.76712e+03 9.22352e-13 +0.00000e+00
 5.17947e-08 2.78852e+03 1.13792e-12 +0.00000e+00
 6.44947e-08 2.81114e+03 1.40254e-12 +0.00000e+00
 8.03086e-08 2.83487e+03 1.72705e-12 +0.00000e+00
 1.00000e-07 2.85977e+03 2.12436e-12 +0.00000e+00
 1.24520e-07 2.88567e+03 2.61023e-12 +0.00000e+00
 1.55052e-07 2.91264e+03 3.20329e-12 +0.00000e+00
 1.93070e-07 2.94051e+03 3.92597e-12 +0.00000e+00
 2.40410e-07 2.96922e+03 4.80488e-12 +0.00000e+00
 2.99358e-07 2.99863e+03 5.87143e-12 +0.00000e+00
 3.72759e-07 3.02865e+03 7.16283e-12 +0.00000e+00
 4.64159e-07 3.05916e+03 8.72205e-12 +0.00000e+00
 5.77969e-07 3.09005e+03 1.05998e-11 +0.00000e+00
 7.19686e-07 3.12122e+03 1.28533e-11 +0.00000e+00
 8.96151e-07 3.15258e+03 1.55497e-11 +0.00000e+00
 1.11588e-06 3.18412e+03 1.87631e-11 +0.00000e+00
 1.38950e-06 3.21559e+03 2.25796e-11 +0.00000e+00
 1.73020e-06 3.24688e+03 2.70963e-11 +0.00000e+00
 2.15443e-06 3.27775e+03 3.24205e-11 +0.00000e+00
 2.68270e-06 3.30809e+03 3.86774e-11 +0.00000e+00
 3.34048e-06 3.33766e+03 4.60015e-11 +0.00000e+00
 4.15956e-06 3.36641e+03 5.45486e-11 +0.00000e+00
 5.17947e-06 3.39445e+03 6.44871e-11 +0.00000e+00
 6.44947e-06 3.42175e+03 7.59980e-11 +0.00000e+00
 8.03086e-06 3.44831e+03 8.93020e-11 +0.00000e+00
 1.00000e-05 3.47412e+03 1.04625e-10 +0.00000e+00
 1.24520e-05 3.49916e+03 1.22223e-10 +0.00000e+00
 1.55052e-05 3.52359e+03 1.42400e-10 +0.00000e+00
 1.93070e-05 3.54743e+03 1.65462e-10 +0.00000e+00
 2.40410e-05 3.57072e+03 1.91768e-10 +0.00000e+00
 2.99358e-05 3.59345e+03 2.21752e-10 +0.00000e+00
 3.72759e-05 3.61565e+03 2.55840e-10 +0.00000e+00
 4.64159e-05 3.63737e+03 2.94540e-10 +0.00000e+00
 5.77969e-05 3.65862e+03 3.38472e-10 +0.00000e+00
 7.19686e-05 3.67946e+03 3.88243e-10 +0.00000e+00
 8.96151e-05 3.69990e+03 4.44553e-10 +0.00000e+00
 1.11588e-04 3.71997e+03 5.08306e-10 +0.00000e+00
 1.38950e-04 3.73973e+03 5.80374e-10 +0.00000e+00
 1.73020e-04 3.75921e+03 6.61719e-10 +0.00000e+00
 2.15443e-04 3.77854e+03 7.53599e-10 +0.00000e+00
 2.68270e-04 3.79772e+03 8.57311e-10 +0.00000e+00
 3.34048e-04 3.81690e+03 9.74179e-10 +0.00000e+00
 4.15956e-04 3.83615e+03 1.10584e-09 +0.00000e+00
 5.17947e-04 3.85566e+03 1.25421e-09 +0.00000e+00
 6.44947e-04 3.87556e+03 1.42115e-09 +0.00000e+00
 8.03086e-04 3.89593e+03 1.60871e-09 +0.00000e+00
 1.00000e-03 3.91682e+03 1.81966e-09 +0.00000e+00
 1.24520e-03 3.93818e+03 2.05681e-09 -2.54625e-07
 1.55052e-03 3.96041e+03 2.32282e-09 -3.17058e-07
 1.93070e-03 3.98356e+03 2.62106e-09 -3.94800e-07
 2.40410e-03 4.00760e+03 2.95579e-09 -4.91604e-07
 2.99358e-03 4.03263e+03 3.33092e-09 -6.12144e-07
 3.72759e-03 4.05882e+03 3.75071e-09 -7.62240e-07
 4.64159e-03 4.08607e+03 4.22091e-09 -9.49138e-07
 5.77969e-03 4.11440e+03 4.74775e-09 -1.18186e-06
 7.19686e-03 4.14390e+03 5.33722e-09 -1.47165e-06
 8.96151e-03 4.17456e+03 5.99626e-09 -1.83250e-06
 1.11588e-02 4.20613e+03 6.73464e-09 -2.28182e-06
 1.38950e-02 4.23865e+03 7.56165e-09 -2.84132e-06
 1.73020e-02 4.27189e+03 8.48755e-09 -3.53801e-06
 2.15443e-02 4.30675e+03 9.52201e-09 -4.40551e-06
 2.68270e-02 4.34344e+03 1.06792e-08 -5.48572e-06
 3.34048e-02 4.38355e+03 1.19684e-08 -6.83079e-06
 4.15956e-02 4.42661e+03 1.34046e-08 -8.50570e-06
 5.17947e-02 4.47022e+03 1.50138e-08 -1.05913e-05
 6.44947e-02 4.51282e+03 1.68249e-08 -1.31882e-05
 8.03086e-02 4.55025e+03 1.88779e-08 -1.64219e-05
 1.00000e-01 4.59313e+03 2.11561e-08 -2.04485e-05
 1.24520e-01 4.64595e+03 2.36654e-08 -2.54625e-05
 1.55052e-01 4.71333e+03 2.64055e-08 -3.17058e-05
 1.93070e-01 4.79741e+03 2.93836e-08 -3.94800e-05
 2.40410e-01 4.89032e+03 3.26666e-08 -4.91604e-05
 2.99358e-01 4.99188e+03 3.62708e-08 -6.12144e-05
 3.72759e-01 5.09804e+03 4.02091e-08 -7.62240e-05
 4.64159e-01 5.21924e+03 4.43375e-08 -9.49138e-05
 5.77969e-01 5.37572e+03 4.82745e-08 -1.18186e-04
 7.19686e-01 5.52818e+03 5.20975e-08 -1.47165e-04
 8.96151e-01 5.65840e+03 5.59753e-08 -1.83250e-04
 1.11588e+00 5.89371e+03 5.82465e-08 -2.28055e-04
 1.38950e+00 6.14236e+03 5.95346e-08 -2.79703e-04
 1.73020e+00 6.39718e+03 6.00772e-08 -2.80260e-04
 2.15443e+00 6.68805e+03 5.97387e-08 +6.66222e-04
 2.68270e+00 7.08919e+03 5.78451e-08 +8.56006e-03
 3.34048e+00 7.29447e+03 5.74439e-08 +1.72062e-02
 4.15956e+00 7.48980e+03 5.70600e-08 +2.88562e-02
 5.17947e+00 7.67003e+03 5.67583e-08 +3.95468e-02
 6.44947e+00 7.83507e+03 5.65605e-08 +4.80988e-02
 8.03086e+00 7.98762e+03 5.64623e-08 +5.46444e-02
 1.00000e+01 8.13073e+03 5.64527e-08 +5.96179e-02
 1.24520e+01 8.26687e+03 5.65226e-08 +6.34529e-02
 1.55052e+01 8.39787e+03 5.66660e-08 +6.64555e-02
 1.93070e+01 8.52514e+03 5.68789e-08 +6.88083e-02
 2.40410e+01 8.65010e+03 5.71555e-08 +7.06755e-02
 2.99358e+01 8.77347e+03 5.74949e-08 +7.22090e-02
 3.72759e+01 8.89533e+03 5.79016e-08 +7.34928e-02
 4.64159e+01 9.01550e+03 5.83834e-08 +7.45628e-02
 5.77969e+01 9.13413e+03 5.89464e-08 +7.54413e-02
 7.19686e+01 9.25143e+03 5.95971e-08 +7.61648e-02
 8.96151e+01 9.36754e+03 6.03432e-08 +7.67620e-02
 1.11588e+02 9.48261e+03 6.11943e-08 +7.72530e-02
 1.38950e+02 9.59688e+03 6.21602e-08 +7.76561e-02
 1.73020e+02 9.71055e+03 6.32513e-08 +7.79884e-02
 2.15443e+02 9.82379e+03 6.44795e-08 +7.82622e-02
 2.68270e+02 9.93676e+03 6.58583e-08 +7.84885e-02
 3.34048e+02 1.00496e+04 6.74024e-08 +7.86755e-02
 4.15956e+02 1.01623e+04 6.91299e-08 +7.88313e-02
 5.17947e+02 1.02750e+04 7.10605e-08 +7.89595e-02
 6.44947e+02 1.03881e+04 7.32116e-08 +7.90644e-02
 8.03086e+02 1.05018e+04 7.55995e-08 +7.91501e-02
 1.00000e+03 1.06168e+04 7.82387e-08 +7.92200e-02
