#n1=128 n2=4 Teff=05100 R=1.1445e+13 L=6.3125e+37 logg=+0.50
#   tau          T          rho         Fconv
 0.00000e+00 2.34284e+03 6.45773e-21 +0.00000e+00
 1.00000e-09 2.34284e+03 6.24504e-17 +0.00000e+00
 1.24520e-09 2.35373e+03 7.77565e-17 +0.00000e+00
 1.55052e-09 2.36505e+03 9.67593e-17 +0.00000e+00
 1.93070e-09 2.37683e+03 1.20344e-16 +0.00000e+00
 2.40410e-09 2.38906e+03 1.49610e-16 +0.00000e+00
 2.99358e-09 2.40174e+03 1.85917e-16 +0.00000e+00
 3.72759e-09 2.41485e+03 2.30950e-16 +0.00000e+00
 4.64159e-09 2.42838e+03 2.86798e-16 +0.00000e+00
 5.77969e-09 2.44227e+03 3.56051e-16 +0.00000e+00
 7.19686e-09 2.45651e+03 4.41920e-16 +0.00000e+00
 8.96151e-09 2.47106e+03 5.48384e-16 +0.00000e+00
 1.11588e-08 2.48590e+03 6.80374e-16 +0.00000e+00
 1.38950e-08 2.50102e+03 8.43996e-16 +0.00000e+00
 1.73020e-08 2.51645e+03 1.04681e-15 +0.00000e+00
 2.15443e-08 2.53222e+03 1.29814e-15 +0.00000e+00
 2.68270e-08 2.54840e+03 1.60954e-15 +0.00000e+00
 3.34048e-08 2.56506e+03 1.99523e-15 +0.00000e+00
 4.15956e-08 2.58231e+03 2.47275e-15 +0.00000e+00
 5.17947e-08 2.60024e+03 3.06368e-15 +0.00000e+00
 6.44947e-08 2.61898e+03 3.79458e-15 +0.00000e+00
 8.03086e-08 2.63861e+03 4.69811e-15 +0.00000e+00
 1.00000e-07 2.65926e+03 5.81435e-15 +0.00000e+00
 1.24520e-07 2.68104e+03 7.19249e-15 +0.00000e+00
 1.55052e-07 2.70404e+03 8.89284e-15 +0.00000e+00
 1.93070e-07 2.72837e+03 1.09893e-14 +0.00000e+00
 2.40410e-07 2.75413e+03 1.35722e-14 +0.00000e+00
 2.99358e-07 2.78143e+03 1.67522e-14 +0.00000e+00
 3.72759e-07 2.81033e+03 2.06648e-14 +0.00000e+00
 4.64159e-07 2.84090e+03 2.54758e-14 +0.00000e+00
 5.77969e-07 2.87315e+03 3.13882e-14 +0.00000e+00
 7.19686e-07 2.90705e+03 3.86520e-14 +0.00000e+00
 8.96151e-07 2.94251e+03 4.75746e-14 +0.00000e+00
 1.11588e-06 2.97931e+03 5.85364e-14 +0.00000e+00
 1.38950e-06 3.01719e+03 7.20087e-14 +0.00000e+00
 1.73020e-06 3.05570e+03 8.85795e-14 +0.00000e+00
 2.15443e-06 3.09442e+03 1.08980e-13 +0.00000e+00
 2.68270e-06 3.13284e+03 1.34123e-13 +0.00000e+00
 3.34048e-06 3.17062e+03 1.65141e-13 +0.00000e+00
 4.15956e-06 3.20743e+03 2.03441e-13 +0.00000e+00
 5.17947e-06 3.24310e+03 2.50767e-13 +0.00000e+00
 6.44947e-06 3.27750e+03 3.09278e-13 +0.00000e+00
 8.03086e-06 3.31059e+03 3.81647e-13 +0.00000e+00
 1.00000e-05 3.34240e+03 4.71176e-13 +0.00000e+00
 1.24520e-05 3.37295e+03 5.81949e-13 +0.00000e+00
 1.55052e-05 3.40223e+03 7.19023e-13 +0.00000e+00
 1.93070e-05 3.43029e+03 8.88634e-13 +0.00000e+00
 2.40410e-05 3.45721e+03 1.09845e-12 +0.00000e+00
 2.99358e-05 3.48309e+03 1.35790e-12 +0.00000e+00
 3.72759e-05 3.50803e+03 1.67855e-12 +0.00000e+00
 4.64159e-05 3.53208e+03 2.07457e-12 +0.00000e+00
 5.77969e-05 3.55528e+03 2.56326e-12 +0.00000e+00
 7.19686e-05 3.57763e+03 3.16572e-12 +0.00000e+00
 8.96151e-05 3.59921e+03 3.90741e-12 +0.00000e+00
 1.11588e-04 3.62015e+03 4.81898e-12 +0.00000e+00
 1.38950e-04 3.64057e+03 5.93705e-12 +0.00000e+00
 1.73020e-04 3.66055e+03 7.30528e-12 +0.00000e+00
 2.15443e-04 3.68023e+03 8.97502e-12 +0.00000e+00
 2.68270e-04 3.69968e+03 1.10067e-11 +0.00000e+00
 3.34048e-04 3.71897e+03 1.34703e-11 +0.00000e+00
 4.15956e-04 3.73821e+03 1.64465e-11 +0.00000e+00
 5.17947e-04 3.75763e+03 2.00267e-11 +0.00000e+00
 6.44947e-04 3.77740e+03 2.43144e-11 +0.00000e+00
 8.03086e-04 3.79765e+03 2.94260e-11 +0.00000e+00
 1.00000e-03 3.81841e+03 3.54921e-11 +0.00000e+00
 1.24520e-03 3.83965e+03 4.26586e-11 -2.54629e-07
 1.55052e-03 3.86173e+03 5.10833e-11 -3.17063e-07
 1.93070e-03 3.88470e+03 6.09435e-11 -3.94806e-07
 2.40410e-03 3.90852e+03 7.24370e-11 -4.91610e-07
 2.99358e-03 3.93335e+03 8.57798e-11 -6.12154e-07
 3.72759e-03 3.95936e+03 1.01211e-10 -7.62250e-07
 4.64159e-03 3.98647e+03 1.19002e-10 -9.49152e-07
 5.77969e-03 4.01472e+03 1.39450e-10 -1.18188e-06
 7.19686e-03 4.04414e+03 1.62893e-10 -1.47167e-06
 8.96151e-03 4.07472e+03 1.89709e-10 -1.83253e-06
 1.11588e-02 4.10627e+03 2.20331e-10 -2.28186e-06
 1.38950e-02 4.13882e+03 2.55232e-10 -2.84137e-06
 1.73020e-02 4.17215e+03 2.94954e-10 -3.53806e-06
 2.15443e-02 4.20716e+03 3.40030e-10 -4.40559e-06
 2.68270e-02 4.24406e+03 3.91099e-10 -5.48581e-06
 3.34048e-02 4.28450e+03 4.48741e-10 -6.83091e-06
 4.15956e-02 4.32798e+03 5.13791e-10 -8.50582e-06
 5.17947e-02 4.37201e+03 5.87376e-10 -1.05914e-05
 6.44947e-02 4.41490e+03 6.70647e-10 -1.31884e-05
 8.03086e-02 4.45240e+03 7.65264e-10 -1.64222e-05
 1.00000e-01 4.49538e+03 8.70603e-10 -2.04489e-05
 1.24520e-01 4.54819e+03 9.86682e-10 -2.54629e-05
 1.55052e-01 4.61552e+03 1.11268e-09 -3.17063e-05
 1.93070e-01 4.69946e+03 1.24675e-09 -3.94806e-05
 2.40410e-01 4.79174e+03 1.38790e-09 -4.91610e-05
 2.99358e-01 4.89243e+03 1.53155e-09 -6.12154e-05
 3.72759e-01 4.99784e+03 1.67391e-09 -7.62250e-05
 4.64159e-01 5.11858e+03 1.80546e-09 -9.49152e-05
 5.77969e-01 5.27064e+03 1.91065e-09 -1.18188e-04
 7.19686e-01 5.43024e+03 1.99256e-09 -1.47167e-04
 8.96151e-01 5.58045e+03 2.06161e-09 -1.83253e-04
 1.11588e+00 5.80428e+03 2.08215e-09 -2.28186e-04
 1.38950e+00 6.05627e+03 2.07010e-09 -2.84131e-04
 1.73020e+00 6.34796e+03 2.02485e-09 -3.53713e-04
 2.15443e+00 6.53776e+03 2.00608e-09 -4.39708e-04
 2.68270e+00 7.01880e+03 1.87960e-09 -2.98186e-04
 3.34048e+00 7.52894e+03 1.72938e-09 +1.57855e-02
 4.15956e+00 7.69339e+03 1.68507e-09 +3.07876e-02
 5.17947e+00 7.83823e+03 1.64553e-09 +4.32034e-02
 6.44947e+00 7.96648e+03 1.61031e-09 +5.21039e-02
 8.03086e+00 8.08289e+03 1.57823e-09 +5.83854e-02
 1.00000e+01 8.19124e+03 1.54833e-09 +6.29067e-02
 1.24520e+01 8.29422e+03 1.51987e-09 +6.62465e-02
 1.55052e+01 8.39378e+03 1.49235e-09 +6.87738e-02
 1.93070e+01 8.49135e+03 1.46538e-09 +7.07250e-02
 2.40410e+01 8.58803e+03 1.43870e-09 +7.22573e-02
 2.99358e+01 8.68470e+03 1.41208e-09 +7.34763e-02
 3.72759e+01 8.78211e+03 1.38536e-09 +7.44565e-02
 4.64159e+01 8.88093e+03 1.35840e-09 +7.52508e-02
 5.77969e+01 8.98182e+03 1.33110e-09 +7.58988e-02
 7.19686e+01 9.08544e+03 1.30338e-09 +7.64294e-02
 8.96151e+01 9.19254e+03 1.27515e-09 +7.68646e-02
 1.11588e+02 9.30393e+03 1.24635e-09 +7.72213e-02
 1.38950e+02 9.42067e+03 1.21691e-09 +7.75126e-02
 1.73020e+02 9.54404e+03 1.18678e-09 +7.77478e-02
 2.15443e+02 9.67581e+03 1.15586e-09 +7.79340e-02
 2.68270e+02 9.81838e+03 1.12406e-09 +7.80748e-02
 3.34048e+02 9.97534e+03 1.09120e-09 +7.81708e-02
 4.15956e+02 1.01523e+04 1.05703e-09 +7.82159e-02
 5.17947e+02 1.03586e+04 1.02107e-09 +7.81932e-02
 6.44947e+02 1.06124e+04 9.82345e-10 +7.80532e-02
 8.03086e+02 1.09548e+04 9.38660e-10 +7.76352e-02
 1.00000e+03 1.15159e+04 8.83123e-10 +7.61136e-02
