#n1=128 n2=4 Teff=05900 R=1.6667e+12 L=2.3948e+36 logg=+2.00
#   tau          T          rho         Fconv
 0.00000e+00 3.38243e+03 4.32738e-21 +0.00000e+00
 1.00000e-09 3.38243e+03 1.40135e-15 +0.00000e+00
 1.24520e-09 3.38858e+03 1.77155e-15 +0.00000e+00
 1.55052e-09 3.39541e+03 2.23409e-15 +0.00000e+00
 1.93070e-09 3.40294e+03 2.81148e-15 +0.00000e+00
 2.40410e-09 3.41113e+03 3.53155e-15 +0.00000e+00
 2.99358e-09 3.41997e+03 4.42898e-15 +0.00000e+00
 3.72759e-09 3.42942e+03 5.54674e-15 +0.00000e+00
 4.64159e-09 3.43941e+03 6.93829e-15 +0.00000e+00
 5.77969e-09 3.44990e+03 8.66996e-15 +0.00000e+00
 7.19686e-09 3.46081e+03 1.08242e-14 +0.00000e+00
 8.96151e-09 3.47207e+03 1.35037e-14 +0.00000e+00
 1.11588e-08 3.48360e+03 1.68358e-14 +0.00000e+00
 1.38950e-08 3.49530e+03 2.09794e-14 +0.00000e+00
 1.73020e-08 3.50710e+03 2.61314e-14 +0.00000e+00
 2.15443e-08 3.51893e+03 3.25382e-14 +0.00000e+00
 2.68270e-08 3.53074e+03 4.05038e-14 +0.00000e+00
 3.34048e-08 3.54250e+03 5.04092e-14 +0.00000e+00
 4.15956e-08 3.55423e+03 6.27230e-14 +0.00000e+00
 5.17947e-08 3.56596e+03 7.80326e-14 +0.00000e+00
 6.44947e-08 3.57779e+03 9.70575e-14 +0.00000e+00
 8.03086e-08 3.58985e+03 1.20696e-13 +0.00000e+00
 1.00000e-07 3.60235e+03 1.50046e-13 +0.00000e+00
 1.24520e-07 3.61551e+03 1.86473e-13 +0.00000e+00
 1.55052e-07 3.62950e+03 2.31641e-13 +0.00000e+00
 1.93070e-07 3.64446e+03 2.87625e-13 +0.00000e+00
 2.40410e-07 3.66043e+03 3.56957e-13 +0.00000e+00
 2.99358e-07 3.67744e+03 4.42786e-13 +0.00000e+00
 3.72759e-07 3.69546e+03 5.48959e-13 +0.00000e+00
 4.64159e-07 3.71447e+03 6.80241e-13 +0.00000e+00
 5.77969e-07 3.73439e+03 8.42456e-13 +0.00000e+00
 7.19686e-07 3.75515e+03 1.04280e-12 +0.00000e+00
 8.96151e-07 3.77658e+03 1.29008e-12 +0.00000e+00
 1.11588e-06 3.79857e+03 1.59513e-12 +0.00000e+00
 1.38950e-06 3.82105e+03 1.97114e-12 +0.00000e+00
 1.73020e-06 3.84409e+03 2.43414e-12 +0.00000e+00
 2.15443e-06 3.86756e+03 3.00371e-12 +0.00000e+00
 2.68270e-06 3.89144e+03 3.70347e-12 +0.00000e+00
 3.34048e-06 3.91558e+03 4.56220e-12 +0.00000e+00
 4.15956e-06 3.93997e+03 5.61407e-12 +0.00000e+00
 5.17947e-06 3.96453e+03 6.90055e-12 +0.00000e+00
 6.44947e-06 3.98920e+03 8.47015e-12 +0.00000e+00
 8.03086e-06 4.01391e+03 1.03813e-11 +0.00000e+00
 1.00000e-05 4.03856e+03 1.27013e-11 +0.00000e+00
 1.24520e-05 4.06305e+03 1.55103e-11 +0.00000e+00
 1.55052e-05 4.08729e+03 1.88992e-11 +0.00000e+00
 1.93070e-05 4.11123e+03 2.29737e-11 +0.00000e+00
 2.40410e-05 4.13481e+03 2.78530e-11 +0.00000e+00
 2.99358e-05 4.15807e+03 3.36701e-11 +0.00000e+00
 3.72759e-05 4.18101e+03 4.05774e-11 +0.00000e+00
 4.64159e-05 4.20369e+03 4.87353e-11 +0.00000e+00
 5.77969e-05 4.22616e+03 5.83320e-11 +0.00000e+00
 7.19686e-05 4.24847e+03 6.95620e-11 +0.00000e+00
 8.96151e-05 4.27065e+03 8.26440e-11 +0.00000e+00
 1.11588e-04 4.29275e+03 9.78260e-11 +0.00000e+00
 1.38950e-04 4.31480e+03 1.15354e-10 +0.00000e+00
 1.73020e-04 4.33682e+03 1.35528e-10 +0.00000e+00
 2.15443e-04 4.35885e+03 1.58665e-10 +0.00000e+00
 2.68270e-04 4.38088e+03 1.85094e-10 +0.00000e+00
 3.34048e-04 4.40298e+03 2.15226e-10 +0.00000e+00
 4.15956e-04 4.42520e+03 2.49477e-10 +0.00000e+00
 5.17947e-04 4.44758e+03 2.88286e-10 +0.00000e+00
 6.44947e-04 4.47024e+03 3.32215e-10 +0.00000e+00
 8.03086e-04 4.49326e+03 3.81827e-10 +0.00000e+00
 1.00000e-03 4.51669e+03 4.37698e-10 +0.00000e+00
 1.24520e-03 4.54048e+03 5.00596e-10 -2.54947e-07
 1.55052e-03 4.56496e+03 5.71302e-10 -3.17459e-07
 1.93070e-03 4.59018e+03 6.50521e-10 -3.95299e-07
 2.40410e-03 4.61615e+03 7.39234e-10 -4.92226e-07
 2.99358e-03 4.64302e+03 8.38541e-10 -6.12917e-07
 3.72759e-03 4.67095e+03 9.49327e-10 -7.63203e-07
 4.64159e-03 4.69988e+03 1.07272e-09 -9.50339e-07
 5.77969e-03 4.72987e+03 1.21012e-09 -1.18336e-06
 7.19686e-03 4.76098e+03 1.36289e-09 -1.47352e-06
 8.96151e-03 4.79317e+03 1.53212e-09 -1.83481e-06
 1.11588e-02 4.82624e+03 1.71950e-09 -2.28470e-06
 1.38950e-02 4.86020e+03 1.92687e-09 -2.84491e-06
 1.73020e-02 4.89484e+03 2.15600e-09 -3.54247e-06
 2.15443e-02 4.93103e+03 2.40784e-09 -4.41108e-06
 2.68270e-02 4.96889e+03 2.68419e-09 -5.49267e-06
 3.34048e-02 5.01009e+03 2.98554e-09 -6.83945e-06
 4.15956e-02 5.05444e+03 3.31218e-09 -8.51647e-06
 5.17947e-02 5.10011e+03 3.66566e-09 -1.06047e-05
 6.44947e-02 5.14656e+03 4.04795e-09 -1.32049e-05
 8.03086e-02 5.19057e+03 4.46529e-09 -1.64427e-05
 1.00000e-01 5.24117e+03 4.91066e-09 -2.04744e-05
 1.24520e-01 5.30313e+03 5.37265e-09 -2.54947e-05
 1.55052e-01 5.37926e+03 5.83694e-09 -3.17459e-05
 1.93070e-01 5.47161e+03 6.28540e-09 -3.95299e-05
 2.40410e-01 5.57632e+03 6.70751e-09 -4.92226e-05
 2.99358e-01 5.69135e+03 7.09416e-09 -6.12917e-05
 3.72759e-01 5.80306e+03 7.46384e-09 -7.63203e-05
 4.64159e-01 5.93549e+03 7.78255e-09 -9.50339e-05
 5.77969e-01 6.16367e+03 7.90273e-09 -1.18335e-04
 7.19686e-01 6.36284e+03 7.99274e-09 -1.47349e-04
 8.96151e-01 6.57328e+03 8.02074e-09 -1.83439e-04
 1.11588e+00 6.82234e+03 7.95225e-09 -2.27800e-04
 1.38950e+00 7.05711e+03 7.86774e-09 -2.69880e-04
 1.73020e+00 7.62510e+03 7.30765e-09 +4.20317e-03
 2.15443e+00 7.85919e+03 7.11200e-09 +8.02070e-03
 2.68270e+00 8.05684e+03 6.94709e-09 +2.01424e-02
 3.34048e+00 8.23509e+03 6.79577e-09 +3.45036e-02
 4.15956e+00 8.39280e+03 6.66234e-09 +4.56579e-02
 5.17947e+00 8.53393e+03 6.54466e-09 +5.36699e-02
 6.44947e+00 8.66329e+03 6.43883e-09 +5.94060e-02
 8.03086e+00 8.78468e+03 6.34161e-09 +6.35822e-02
 1.00000e+01 8.90081e+03 6.25059e-09 +6.67107e-02
 1.24520e+01 9.01362e+03 6.16412e-09 +6.91076e-02
 1.55052e+01 9.12452e+03 6.08108e-09 +7.09767e-02
 1.93070e+01 9.23464e+03 6.00058e-09 +7.24558e-02
 2.40410e+01 9.34487e+03 5.92202e-09 +7.36413e-02
 2.99358e+01 9.45600e+03 5.84491e-09 +7.46012e-02
 3.72759e+01 9.56869e+03 5.76900e-09 +7.53829e-02
 4.64159e+01 9.68361e+03 5.69394e-09 +7.60259e-02
 5.77969e+01 9.80139e+03 5.61973e-09 +7.65542e-02
 7.19686e+01 9.92272e+03 5.54608e-09 +7.69922e-02
 8.96151e+01 1.00483e+04 5.47314e-09 +7.73540e-02
 1.11588e+02 1.01791e+04 5.40076e-09 +7.76538e-02
 1.38950e+02 1.03161e+04 5.32894e-09 +7.79015e-02
 1.73020e+02 1.04606e+04 5.25773e-09 +7.81047e-02
 2.15443e+02 1.06142e+04 5.18708e-09 +7.82694e-02
 2.68270e+02 1.07791e+04 5.11685e-09 +7.84000e-02
 3.34048e+02 1.09585e+04 5.04698e-09 +7.84977e-02
 4.15956e+02 1.11567e+04 4.97688e-09 +7.85625e-02
 5.17947e+02 1.13807e+04 4.90595e-09 +7.85889e-02
 6.44947e+02 1.16421e+04 4.83243e-09 +7.85632e-02
 8.03086e+02 1.19630e+04 4.75544e-09 +7.84386e-02
 1.00000e+03 1.23954e+04 4.66249e-09 +7.80934e-02
