#n1=128 n2=4 Teff=05600 R=1.2586e+13 L=1.1087e+38 logg=+0.50
#   tau          T          rho         Fconv
 0.00000e+00 3.16531e+03 4.74824e-21 +0.00000e+00
 1.00000e-09 3.16531e+03 3.71731e-17 +0.00000e+00
 1.24520e-09 3.17145e+03 4.72280e-17 +0.00000e+00
 1.55052e-09 3.17806e+03 5.98406e-17 +0.00000e+00
 1.93070e-09 3.18521e+03 7.56430e-17 +0.00000e+00
 2.40410e-09 3.19289e+03 9.54241e-17 +0.00000e+00
 2.99358e-09 3.20101e+03 1.20168e-16 +0.00000e+00
 3.72759e-09 3.20951e+03 1.51102e-16 +0.00000e+00
 4.64159e-09 3.21826e+03 1.89762e-16 +0.00000e+00
 5.77969e-09 3.22714e+03 2.38068e-16 +0.00000e+00
 7.19686e-09 3.23603e+03 2.98424e-16 +0.00000e+00
 8.96151e-09 3.24481e+03 3.73837e-16 +0.00000e+00
 1.11588e-08 3.25341e+03 4.68066e-16 +0.00000e+00
 1.38950e-08 3.26181e+03 5.85809e-16 +0.00000e+00
 1.73020e-08 3.27004e+03 7.32919e-16 +0.00000e+00
 2.15443e-08 3.27817e+03 9.16689e-16 +0.00000e+00
 2.68270e-08 3.28632e+03 1.14619e-15 +0.00000e+00
 3.34048e-08 3.29459e+03 1.43269e-15 +0.00000e+00
 4.15956e-08 3.30310e+03 1.79021e-15 +0.00000e+00
 5.17947e-08 3.31196e+03 2.23614e-15 +0.00000e+00
 6.44947e-08 3.32127e+03 2.79210e-15 +0.00000e+00
 8.03086e-08 3.33113e+03 3.48488e-15 +0.00000e+00
 1.00000e-07 3.34165e+03 4.34768e-15 +0.00000e+00
 1.24520e-07 3.35296e+03 5.42161e-15 +0.00000e+00
 1.55052e-07 3.36519e+03 6.75749e-15 +0.00000e+00
 1.93070e-07 3.37847e+03 8.41812e-15 +0.00000e+00
 2.40410e-07 3.39289e+03 1.04812e-14 +0.00000e+00
 2.99358e-07 3.40850e+03 1.30426e-14 +0.00000e+00
 3.72759e-07 3.42526e+03 1.62216e-14 +0.00000e+00
 4.64159e-07 3.44313e+03 2.01652e-14 +0.00000e+00
 5.77969e-07 3.46204e+03 2.50560e-14 +0.00000e+00
 7.19686e-07 3.48194e+03 3.11192e-14 +0.00000e+00
 8.96151e-07 3.50283e+03 3.86330e-14 +0.00000e+00
 1.11588e-06 3.52473e+03 4.79405e-14 +0.00000e+00
 1.38950e-06 3.54771e+03 5.94641e-14 +0.00000e+00
 1.73020e-06 3.57180e+03 7.37241e-14 +0.00000e+00
 2.15443e-06 3.59695e+03 9.13627e-14 +0.00000e+00
 2.68270e-06 3.62305e+03 1.13174e-13 +0.00000e+00
 3.34048e-06 3.64991e+03 1.40139e-13 +0.00000e+00
 4.15956e-06 3.67730e+03 1.73473e-13 +0.00000e+00
 5.17947e-06 3.70502e+03 2.14681e-13 +0.00000e+00
 6.44947e-06 3.73283e+03 2.65624e-13 +0.00000e+00
 8.03086e-06 3.76055e+03 3.28609e-13 +0.00000e+00
 1.00000e-05 3.78800e+03 4.06495e-13 +0.00000e+00
 1.24520e-05 3.81501e+03 5.02826e-13 +0.00000e+00
 1.55052e-05 3.84155e+03 6.21977e-13 +0.00000e+00
 1.93070e-05 3.86757e+03 7.69363e-13 +0.00000e+00
 2.40410e-05 3.89301e+03 9.51681e-13 +0.00000e+00
 2.99358e-05 3.91788e+03 1.17719e-12 +0.00000e+00
 3.72759e-05 3.94221e+03 1.45607e-12 +0.00000e+00
 4.64159e-05 3.96606e+03 1.80081e-12 +0.00000e+00
 5.77969e-05 3.98946e+03 2.22678e-12 +0.00000e+00
 7.19686e-05 4.01246e+03 2.75270e-12 +0.00000e+00
 8.96151e-05 4.03512e+03 3.40147e-12 +0.00000e+00
 1.11588e-04 4.05746e+03 4.20085e-12 +0.00000e+00
 1.38950e-04 4.07956e+03 5.18438e-12 +0.00000e+00
 1.73020e-04 4.10146e+03 6.39240e-12 +0.00000e+00
 2.15443e-04 4.12321e+03 7.87304e-12 +0.00000e+00
 2.68270e-04 4.14483e+03 9.68351e-12 +0.00000e+00
 3.34048e-04 4.16640e+03 1.18909e-11 +0.00000e+00
 4.15956e-04 4.18798e+03 1.45735e-11 +0.00000e+00
 5.17947e-04 4.20964e+03 1.78217e-11 +0.00000e+00
 6.44947e-04 4.23150e+03 2.17383e-11 +0.00000e+00
 8.03086e-04 4.25366e+03 2.64394e-11 +0.00000e+00
 1.00000e-03 4.27619e+03 3.20548e-11 +0.00000e+00
 1.24520e-03 4.29907e+03 3.87290e-11 -2.54865e-07
 1.55052e-03 4.32263e+03 4.66162e-11 -3.17357e-07
 1.93070e-03 4.34694e+03 5.58850e-11 -3.95171e-07
 2.40410e-03 4.37204e+03 6.67163e-11 -4.92068e-07
 2.99358e-03 4.39805e+03 7.93012e-11 -6.12720e-07
 3.72759e-03 4.42513e+03 9.38397e-11 -7.62957e-07
 4.64159e-03 4.45323e+03 1.10545e-10 -9.50033e-07
 5.77969e-03 4.48237e+03 1.29640e-10 -1.18298e-06
 7.19686e-03 4.51263e+03 1.51354e-10 -1.47304e-06
 8.96151e-03 4.54400e+03 1.75924e-10 -1.83422e-06
 1.11588e-02 4.57628e+03 2.03608e-10 -2.28396e-06
 1.38950e-02 4.60951e+03 2.34665e-10 -2.84400e-06
 1.73020e-02 4.64346e+03 2.69379e-10 -3.54133e-06
 2.15443e-02 4.67901e+03 3.07963e-10 -4.40966e-06
 2.68270e-02 4.71629e+03 3.50639e-10 -5.49089e-06
 3.34048e-02 4.75692e+03 3.97417e-10 -6.83724e-06
 4.15956e-02 4.80064e+03 4.48328e-10 -8.51372e-06
 5.17947e-02 4.84550e+03 5.03613e-10 -1.06013e-05
 6.44947e-02 4.89069e+03 5.63516e-10 -1.32007e-05
 8.03086e-02 4.93278e+03 6.29009e-10 -1.64374e-05
 1.00000e-01 4.98102e+03 6.99026e-10 -2.04679e-05
 1.24520e-01 5.03988e+03 7.71866e-10 -2.54865e-05
 1.55052e-01 5.11266e+03 8.44981e-10 -3.17357e-05
 1.93070e-01 5.20128e+03 9.15216e-10 -3.95171e-05
 2.40410e-01 5.30007e+03 9.81177e-10 -4.92068e-05
 2.99358e-01 5.40884e+03 1.04117e-09 -6.12720e-05
 3.72759e-01 5.51895e+03 1.09657e-09 -7.62957e-05
 4.64159e-01 5.64685e+03 1.14343e-09 -9.50033e-05
 5.77969e-01 5.84706e+03 1.16449e-09 -1.18298e-04
 7.19686e-01 6.02817e+03 1.17903e-09 -1.47304e-04
 8.96151e-01 6.21927e+03 1.18392e-09 -1.83422e-04
 1.11588e+00 6.45894e+03 1.17088e-09 -2.28395e-04
 1.38950e+00 6.69727e+03 1.15125e-09 -2.84342e-04
 1.73020e+00 7.09772e+03 1.09099e-09 -3.37392e-04
 2.15443e+00 7.59565e+03 9.99474e-10 +3.63559e-03
 2.68270e+00 7.80847e+03 9.60240e-10 +1.17734e-02
 3.34048e+00 7.99176e+03 9.24959e-10 +2.78170e-02
 4.15956e+00 8.15042e+03 8.93452e-10 +4.15630e-02
 5.17947e+00 8.28907e+03 8.65404e-10 +5.10616e-02
 6.44947e+00 8.41447e+03 8.39755e-10 +5.75453e-02
 8.03086e+00 8.53168e+03 8.15643e-10 +6.21043e-02
 1.00000e+01 8.64422e+03 7.92465e-10 +6.54176e-02
 1.24520e+01 8.75462e+03 7.69799e-10 +6.78934e-02
 1.55052e+01 8.86489e+03 7.47339e-10 +6.97827e-02
 1.93070e+01 8.97675e+03 7.24857e-10 +7.12451e-02
 2.40410e+01 9.09185e+03 7.02172e-10 +7.23847e-02
 2.99358e+01 9.21199e+03 6.79129e-10 +7.32704e-02
 3.72759e+01 9.33933e+03 6.55588e-10 +7.39465e-02
 4.64159e+01 9.47671e+03 6.31401e-10 +7.44367e-02
 5.77969e+01 9.62824e+03 6.06388e-10 +7.47442e-02
 7.19686e+01 9.80047e+03 5.80290e-10 +7.48401e-02
 8.96151e+01 1.00051e+04 5.52670e-10 +7.46266e-02
 1.11588e+02 1.02663e+04 5.22635e-10 +7.37962e-02
 1.38950e+02 1.06508e+04 4.87821e-10 +7.10415e-02
 1.73020e+02 1.14931e+04 4.37357e-10 +5.25111e-02
 2.15443e+02 2.03198e+04 2.47992e-10 -6.14036e-04
 2.68270e+02 2.46670e+04 2.37142e-10 -6.14036e-04
 3.34048e+02 2.31448e+04 2.95035e-10 -6.14036e-04
 4.15956e+02 2.91278e+04 2.85655e-10 -6.14036e-04
 5.17947e+02 3.07759e+04 3.36169e-10 -6.14036e-04
 6.44947e+02 2.80389e+04 4.47507e-10 -6.14036e-04
 8.03086e+02 1.63460e+04 8.38275e-10 +5.31657e-02
 1.00000e+03 4.34483e+04 3.33386e-10 -6.14036e-04
