#n1=128 n2=4 Teff=05500 R=1.5549e+12 L=1.5748e+36 logg=+2.00
#   tau          T          rho         Fconv
 0.00000e+00 3.89412e+03 2.36485e-21 +0.00000e+00
 1.00000e-09 3.89412e+03 9.55138e-17 +0.00000e+00
 1.24520e-09 3.89641e+03 1.43642e-16 +0.00000e+00
 1.55052e-09 3.89894e+03 2.14182e-16 +0.00000e+00
 1.93070e-09 3.90165e+03 3.16640e-16 +0.00000e+00
 2.40410e-09 3.90443e+03 4.64158e-16 +0.00000e+00
 2.99358e-09 3.90713e+03 6.74808e-16 +0.00000e+00
 3.72759e-09 3.90960e+03 9.73331e-16 +0.00000e+00
 4.64159e-09 3.91172e+03 1.39340e-15 +0.00000e+00
 5.77969e-09 3.91347e+03 1.98037e-15 +0.00000e+00
 7.19686e-09 3.91494e+03 2.79454e-15 +0.00000e+00
 8.96151e-09 3.91625e+03 3.91497e-15 +0.00000e+00
 1.11588e-08 3.91750e+03 5.44430e-15 +0.00000e+00
 1.38950e-08 3.91874e+03 7.51475e-15 +0.00000e+00
 1.73020e-08 3.91997e+03 1.02958e-14 +0.00000e+00
 2.15443e-08 3.92120e+03 1.40036e-14 +0.00000e+00
 2.68270e-08 3.92244e+03 1.89130e-14 +0.00000e+00
 3.34048e-08 3.92370e+03 2.53717e-14 +0.00000e+00
 4.15956e-08 3.92499e+03 3.38188e-14 +0.00000e+00
 5.17947e-08 3.92634e+03 4.48073e-14 +0.00000e+00
 6.44947e-08 3.92776e+03 5.90328e-14 +0.00000e+00
 8.03086e-08 3.92927e+03 7.73682e-14 +0.00000e+00
 1.00000e-07 3.93088e+03 1.00908e-13 +0.00000e+00
 1.24520e-07 3.93262e+03 1.31025e-13 +0.00000e+00
 1.55052e-07 3.93450e+03 1.69433e-13 +0.00000e+00
 1.93070e-07 3.93653e+03 2.18279e-13 +0.00000e+00
 2.40410e-07 3.93872e+03 2.80245e-13 +0.00000e+00
 2.99358e-07 3.94109e+03 3.58679e-13 +0.00000e+00
 3.72759e-07 3.94365e+03 4.57757e-13 +0.00000e+00
 4.64159e-07 3.94641e+03 5.82691e-13 +0.00000e+00
 5.77969e-07 3.94938e+03 7.39973e-13 +0.00000e+00
 7.19686e-07 3.95258e+03 9.37689e-13 +0.00000e+00
 8.96151e-07 3.95602e+03 1.18590e-12 +0.00000e+00
 1.11588e-06 3.95973e+03 1.49710e-12 +0.00000e+00
 1.38950e-06 3.96375e+03 1.88682e-12 +0.00000e+00
 1.73020e-06 3.96812e+03 2.37430e-12 +0.00000e+00
 2.15443e-06 3.97292e+03 2.98340e-12 +0.00000e+00
 2.68270e-06 3.97819e+03 3.74360e-12 +0.00000e+00
 3.34048e-06 3.98401e+03 4.69132e-12 +0.00000e+00
 4.15956e-06 3.99043e+03 5.87150e-12 +0.00000e+00
 5.17947e-06 3.99750e+03 7.33948e-12 +0.00000e+00
 6.44947e-06 4.00527e+03 9.16331e-12 +0.00000e+00
 8.03086e-06 4.01377e+03 1.14265e-11 +0.00000e+00
 1.00000e-05 4.02302e+03 1.42312e-11 +0.00000e+00
 1.24520e-05 4.03304e+03 1.77024e-11 +0.00000e+00
 1.55052e-05 4.04383e+03 2.19919e-11 +0.00000e+00
 1.93070e-05 4.05540e+03 2.72840e-11 +0.00000e+00
 2.40410e-05 4.06775e+03 3.38013e-11 +0.00000e+00
 2.99358e-05 4.08087e+03 4.18109e-11 +0.00000e+00
 3.72759e-05 4.09479e+03 5.16316e-11 +0.00000e+00
 4.64159e-05 4.10953e+03 6.36408e-11 +0.00000e+00
 5.77969e-05 4.12518e+03 7.82806e-11 +0.00000e+00
 7.19686e-05 4.14180e+03 9.60633e-11 +0.00000e+00
 8.96151e-05 4.15949e+03 1.17574e-10 +0.00000e+00
 1.11588e-04 4.17835e+03 1.43469e-10 +0.00000e+00
 1.38950e-04 4.19844e+03 1.74474e-10 +0.00000e+00
 1.73020e-04 4.21974e+03 2.11378e-10 +0.00000e+00
 2.15443e-04 4.24210e+03 2.55024e-10 +0.00000e+00
 2.68270e-04 4.26516e+03 3.06324e-10 +0.00000e+00
 3.34048e-04 4.28829e+03 3.66287e-10 +0.00000e+00
 4.15956e-04 4.31059e+03 4.36098e-10 +0.00000e+00
 5.17947e-04 4.33105e+03 5.17228e-10 +0.00000e+00
 6.44947e-04 4.34881e+03 6.11552e-10 +0.00000e+00
 8.03086e-04 4.36350e+03 7.21424e-10 +0.00000e+00
 1.00000e-03 4.37533e+03 8.49674e-10 +0.00000e+00
 1.24520e-03 4.38493e+03 9.99560e-10 -2.54816e-07
 1.55052e-03 4.39314e+03 1.17471e-09 -3.17297e-07
 1.93070e-03 4.40064e+03 1.37914e-09 -3.95096e-07
 2.40410e-03 4.40793e+03 1.61723e-09 -4.91973e-07
 2.99358e-03 4.41528e+03 1.89386e-09 -6.12602e-07
 3.72759e-03 4.42289e+03 2.21441e-09 -7.62812e-07
 4.64159e-03 4.43087e+03 2.58478e-09 -9.49851e-07
 5.77969e-03 4.43938e+03 3.01140e-09 -1.18275e-06
 7.19686e-03 4.44856e+03 3.50117e-09 -1.47276e-06
 8.96151e-03 4.45860e+03 4.06134e-09 -1.83387e-06
 1.11588e-02 4.46972e+03 4.69931e-09 -2.28354e-06
 1.38950e-02 4.48216e+03 5.42240e-09 -2.84345e-06
 1.73020e-02 4.49622e+03 6.23740e-09 -3.54066e-06
 2.15443e-02 4.51221e+03 7.15019e-09 -4.40881e-06
 2.68270e-02 4.53050e+03 8.16510e-09 -5.48985e-06
 3.34048e-02 4.55150e+03 9.28405e-09 -6.83595e-06
 4.15956e-02 4.57571e+03 1.05057e-08 -8.51208e-06
 5.17947e-02 4.60366e+03 1.18248e-08 -1.05992e-05
 6.44947e-02 4.63599e+03 1.32307e-08 -1.31981e-05
 8.03086e-02 4.67340e+03 1.47069e-08 -1.64343e-05
 1.00000e-01 4.71669e+03 1.62305e-08 -2.04640e-05
 1.24520e-01 4.76677e+03 1.77723e-08 -2.54816e-05
 1.55052e-01 4.82469e+03 1.92966e-08 -3.17297e-05
 1.93070e-01 4.89168e+03 2.07630e-08 -3.95096e-05
 2.40410e-01 4.96915e+03 2.21275e-08 -4.91973e-05
 2.99358e-01 5.05878e+03 2.33455e-08 -6.12602e-05
 3.72759e-01 5.16258e+03 2.43744e-08 -7.62812e-05
 4.64159e-01 5.28321e+03 2.51750e-08 -9.49847e-05
 5.77969e-01 5.42384e+03 2.57153e-08 -1.18246e-04
 7.19686e-01 5.58823e+03 2.59732e-08 -1.46645e-04
 8.96151e-01 5.77878e+03 2.59505e-08 -1.74410e-04
 1.11588e+00 5.99645e+03 2.56714e-08 -1.31229e-04
 1.38950e+00 6.23302e+03 2.52149e-08 +5.20879e-04
 1.73020e+00 6.50050e+03 2.45648e-08 +4.44145e-03
 2.15443e+00 6.72728e+03 2.40427e-08 +1.21779e-02
 2.68270e+00 6.93816e+03 2.35662e-08 +2.42592e-02
 3.34048e+00 7.13184e+03 2.31450e-08 +3.71187e-02
 4.15956e+00 7.30679e+03 2.27868e-08 +4.35915e-02
 5.17947e+00 7.47864e+03 2.24383e-08 +5.15074e-02
 6.44947e+00 7.63370e+03 2.21461e-08 +5.79695e-02
 8.03086e+00 7.77452e+03 2.19035e-08 +6.28161e-02
 1.00000e+01 7.90445e+03 2.17013e-08 +6.64283e-02
 1.24520e+01 8.02637e+03 2.15320e-08 +6.91314e-02
 1.55052e+01 8.14259e+03 2.13894e-08 +7.11829e-02
 1.93070e+01 8.25483e+03 2.12695e-08 +7.27682e-02
 2.40410e+01 8.36439e+03 2.11691e-08 +7.40128e-02
 2.99358e+01 8.47221e+03 2.10863e-08 +7.50038e-02
 3.72759e+01 8.57903e+03 2.10195e-08 +7.58006e-02
 4.64159e+01 8.68541e+03 2.09677e-08 +7.64475e-02
 5.77969e+01 8.79184e+03 2.09300e-08 +7.69763e-02
 7.19686e+01 8.89868e+03 2.09060e-08 +7.74121e-02
 8.96151e+01 9.00617e+03 2.08954e-08 +7.77729e-02
 1.11588e+02 9.11460e+03 2.08979e-08 +7.80723e-02
 1.38950e+02 9.22414e+03 2.09136e-08 +7.83225e-02
 1.73020e+02 9.33487e+03 2.09428e-08 +7.85330e-02
 2.15443e+02 9.44678e+03 2.09869e-08 +7.87107e-02
 2.68270e+02 9.55982e+03 2.10470e-08 +7.88604e-02
 3.34048e+02 9.67400e+03 2.11247e-08 +7.89860e-02
 4.15956e+02 9.78933e+03 2.12219e-08 +7.90919e-02
 5.17947e+02 9.90581e+03 2.13421e-08 +7.91810e-02
 6.44947e+02 1.00234e+04 2.14887e-08 +7.92561e-02
 8.03086e+02 1.01420e+04 2.16657e-08 +7.93203e-02
 1.00000e+03 1.02611e+04 2.18800e-08 +7.93743e-02
