#n1=128 n2=4 Teff=05300 R=5.7963e+12 L=1.8878e+37 logg=+1.00
#   tau          T          rho         Fconv
 0.00000e+00 2.61015e+03 5.79601e-21 +0.00000e+00
 1.00000e-09 2.61015e+03 1.89963e-16 +0.00000e+00
 1.24520e-09 2.62166e+03 2.35946e-16 +0.00000e+00
 1.55052e-09 2.63365e+03 2.93000e-16 +0.00000e+00
 1.93070e-09 2.64535e+03 3.63881e-16 +0.00000e+00
 2.40410e-09 2.65767e+03 4.51800e-16 +0.00000e+00
 2.99358e-09 2.66983e+03 5.60995e-16 +0.00000e+00
 3.72759e-09 2.68265e+03 6.96409e-16 +0.00000e+00
 4.64159e-09 2.69551e+03 8.64507e-16 +0.00000e+00
 5.77969e-09 2.70905e+03 1.07291e-15 +0.00000e+00
 7.19686e-09 2.72282e+03 1.33147e-15 +0.00000e+00
 8.96151e-09 2.73730e+03 1.65191e-15 +0.00000e+00
 1.11588e-08 2.75220e+03 2.04919e-15 +0.00000e+00
 1.38950e-08 2.76784e+03 2.54134e-15 +0.00000e+00
 1.73020e-08 2.78408e+03 3.15109e-15 +0.00000e+00
 2.15443e-08 2.80107e+03 3.90605e-15 +0.00000e+00
 2.68270e-08 2.81876e+03 4.84080e-15 +0.00000e+00
 3.34048e-08 2.83717e+03 5.99770e-15 +0.00000e+00
 4.15956e-08 2.85628e+03 7.42941e-15 +0.00000e+00
 5.17947e-08 2.87601e+03 9.20096e-15 +0.00000e+00
 6.44947e-08 2.89643e+03 1.13925e-14 +0.00000e+00
 8.03086e-08 2.91737e+03 1.41036e-14 +0.00000e+00
 1.00000e-07 2.93908e+03 1.74560e-14 +0.00000e+00
 1.24520e-07 2.96132e+03 2.16016e-14 +0.00000e+00
 1.55052e-07 2.98453e+03 2.67239e-14 +0.00000e+00
 1.93070e-07 3.00842e+03 3.30540e-14 +0.00000e+00
 2.40410e-07 3.03357e+03 4.08680e-14 +0.00000e+00
 2.99358e-07 3.05956e+03 5.05165e-14 +0.00000e+00
 3.72759e-07 3.08698e+03 6.24159e-14 +0.00000e+00
 4.64159e-07 3.11524e+03 7.71000e-14 +0.00000e+00
 5.77969e-07 3.14486e+03 9.52009e-14 +0.00000e+00
 7.19686e-07 3.17513e+03 1.17532e-13 +0.00000e+00
 8.96151e-07 3.20635e+03 1.45063e-13 +0.00000e+00
 1.11588e-06 3.23799e+03 1.79028e-13 +0.00000e+00
 1.38950e-06 3.27013e+03 2.20918e-13 +0.00000e+00
 1.73020e-06 3.30241e+03 2.72605e-13 +0.00000e+00
 2.15443e-06 3.33476e+03 3.36382e-13 +0.00000e+00
 2.68270e-06 3.36694e+03 4.15099e-13 +0.00000e+00
 3.34048e-06 3.39884e+03 5.12263e-13 +0.00000e+00
 4.15956e-06 3.43027e+03 6.32217e-13 +0.00000e+00
 5.17947e-06 3.46113e+03 7.80309e-13 +0.00000e+00
 6.44947e-06 3.49132e+03 9.63139e-13 +0.00000e+00
 8.03086e-06 3.52077e+03 1.18881e-12 +0.00000e+00
 1.00000e-05 3.54946e+03 1.46728e-12 +0.00000e+00
 1.24520e-05 3.57732e+03 1.81078e-12 +0.00000e+00
 1.55052e-05 3.60435e+03 2.23426e-12 +0.00000e+00
 1.93070e-05 3.63053e+03 2.75593e-12 +0.00000e+00
 2.40410e-05 3.65591e+03 3.39792e-12 +0.00000e+00
 2.99358e-05 3.68055e+03 4.18695e-12 +0.00000e+00
 3.72759e-05 3.70454e+03 5.15520e-12 +0.00000e+00
 4.64159e-05 3.72791e+03 6.34121e-12 +0.00000e+00
 5.77969e-05 3.75068e+03 7.79097e-12 +0.00000e+00
 7.19686e-05 3.77290e+03 9.55867e-12 +0.00000e+00
 8.96151e-05 3.79465e+03 1.17079e-11 +0.00000e+00
 1.11588e-04 3.81597e+03 1.43128e-11 +0.00000e+00
 1.38950e-04 3.83697e+03 1.74583e-11 +0.00000e+00
 1.73020e-04 3.85769e+03 2.12421e-11 +0.00000e+00
 2.15443e-04 3.87821e+03 2.57743e-11 +0.00000e+00
 2.68270e-04 3.89854e+03 3.11800e-11 +0.00000e+00
 3.34048e-04 3.91876e+03 3.75971e-11 +0.00000e+00
 4.15956e-04 3.93894e+03 4.51797e-11 +0.00000e+00
 5.17947e-04 3.95920e+03 5.40976e-11 +0.00000e+00
 6.44947e-04 3.97967e+03 6.45356e-11 +0.00000e+00
 8.03086e-04 4.00050e+03 7.67008e-11 +0.00000e+00
 1.00000e-03 4.02174e+03 9.08161e-11 +0.00000e+00
 1.24520e-03 4.04337e+03 1.07136e-10 -2.54709e-07
 1.55052e-03 4.06572e+03 1.25934e-10 -3.17164e-07
 1.93070e-03 4.08886e+03 1.47512e-10 -3.94931e-07
 2.40410e-03 4.11278e+03 1.72220e-10 -4.91767e-07
 2.99358e-03 4.13763e+03 2.00436e-10 -6.12348e-07
 3.72759e-03 4.16354e+03 2.32576e-10 -7.62493e-07
 4.64159e-03 4.19045e+03 2.69132e-10 -9.49454e-07
 5.77969e-03 4.21840e+03 3.10635e-10 -1.18226e-06
 7.19686e-03 4.24741e+03 3.57676e-10 -1.47214e-06
 8.96151e-03 4.27750e+03 4.10931e-10 -1.83311e-06
 1.11588e-02 4.30845e+03 4.71155e-10 -2.28259e-06
 1.38950e-02 4.34032e+03 5.39170e-10 -2.84226e-06
 1.73020e-02 4.37290e+03 6.15923e-10 -3.53917e-06
 2.15443e-02 4.40704e+03 7.02286e-10 -4.40698e-06
 2.68270e-02 4.44290e+03 7.99322e-10 -5.48755e-06
 3.34048e-02 4.48208e+03 9.07946e-10 -6.83308e-06
 4.15956e-02 4.52431e+03 1.02929e-09 -8.50855e-06
 5.17947e-02 4.56764e+03 1.16497e-09 -1.05948e-05
 6.44947e-02 4.61111e+03 1.31666e-09 -1.31926e-05
 8.03086e-02 4.65125e+03 1.48679e-09 -1.64274e-05
 1.00000e-01 4.69749e+03 1.67374e-09 -2.04554e-05
 1.24520e-01 4.75396e+03 1.87634e-09 -2.54709e-05
 1.55052e-01 4.82399e+03 2.09166e-09 -3.17164e-05
 1.93070e-01 4.90924e+03 2.31360e-09 -3.94931e-05
 2.40410e-01 5.00332e+03 2.53839e-09 -4.91767e-05
 2.99358e-01 5.10684e+03 2.75827e-09 -6.12348e-05
 3.72759e-01 5.21445e+03 2.96998e-09 -7.62493e-05
 4.64159e-01 5.33595e+03 3.16189e-09 -9.49454e-05
 5.77969e-01 5.51905e+03 3.28487e-09 -1.18226e-04
 7.19686e-01 5.68385e+03 3.38233e-09 -1.47214e-04
 8.96151e-01 5.78445e+03 3.50876e-09 -1.83311e-04
 1.11588e+00 6.08219e+03 3.48168e-09 -2.28252e-04
 1.38950e+00 6.31353e+03 3.46232e-09 -2.84168e-04
 1.73020e+00 6.66102e+03 3.34688e-09 -3.51692e-04
 2.15443e+00 6.79831e+03 3.33897e-09 -4.30441e-04
 2.68270e+00 7.49134e+03 3.00785e-09 +9.34124e-03
 3.34048e+00 7.68111e+03 2.92999e-09 +1.95142e-02
 4.15956e+00 7.84979e+03 2.85972e-09 +3.42342e-02
 5.17947e+00 7.99761e+03 2.79789e-09 +4.57424e-02
 6.44947e+00 8.12894e+03 2.74311e-09 +5.39107e-02
 8.03086e+00 8.24866e+03 2.69343e-09 +5.96979e-02
 1.00000e+01 8.36050e+03 2.64731e-09 +6.38814e-02
 1.24520e+01 8.46715e+03 2.60362e-09 +6.69914e-02
 1.55052e+01 8.57048e+03 2.56158e-09 +6.93566e-02
 1.93070e+01 8.67190e+03 2.52059e-09 +7.11954e-02
 2.40410e+01 8.77245e+03 2.48028e-09 +7.26424e-02
 2.99358e+01 8.87300e+03 2.44030e-09 +7.37995e-02
 3.72759e+01 8.97427e+03 2.40040e-09 +7.47337e-02
 4.64159e+01 9.07691e+03 2.36042e-09 +7.54912e-02
 5.77969e+01 9.18153e+03 2.32020e-09 +7.61116e-02
 7.19686e+01 9.28876e+03 2.27958e-09 +7.66221e-02
 8.96151e+01 9.39927e+03 2.23853e-09 +7.70410e-02
 1.11588e+02 9.51378e+03 2.19690e-09 +7.73877e-02
 1.38950e+02 9.63320e+03 2.15468e-09 +7.76719e-02
 1.73020e+02 9.75860e+03 2.11174e-09 +7.79054e-02
 2.15443e+02 9.89134e+03 2.06803e-09 +7.80948e-02
 2.68270e+02 1.00333e+04 2.02345e-09 +7.82449e-02
 3.34048e+02 1.01870e+04 1.97781e-09 +7.83592e-02
 4.15956e+02 1.03561e+04 1.93092e-09 +7.84377e-02
 5.17947e+02 1.05463e+04 1.88228e-09 +7.84766e-02
 6.44947e+02 1.07672e+04 1.83121e-09 +7.84632e-02
 8.03086e+02 1.10362e+04 1.77622e-09 +7.83630e-02
 1.00000e+03 1.13915e+04 1.71414e-09 +7.80700e-02
