#n1=128 n2=4 Teff=05200 R=1.0371e+11 L=5.6008e+33 logg=+4.00
#   tau          T          rho         Fconv
 0.00000e+00 2.79288e+03 5.35062e-21 +0.00000e+00
 1.00000e-09 2.79288e+03 2.27936e-13 +0.00000e+00
 1.24520e-09 2.78309e+03 2.84853e-13 +0.00000e+00
 1.55052e-09 2.77584e+03 3.55660e-13 +0.00000e+00
 1.93070e-09 2.77075e+03 4.43725e-13 +0.00000e+00
 2.40410e-09 2.76711e+03 5.53305e-13 +0.00000e+00
 2.99358e-09 2.76484e+03 6.89601e-13 +0.00000e+00
 3.72759e-09 2.76361e+03 8.59142e-13 +0.00000e+00
 4.64159e-09 2.76346e+03 1.06994e-12 +0.00000e+00
 5.77969e-09 2.76426e+03 1.33198e-12 +0.00000e+00
 7.19686e-09 2.76617e+03 1.65750e-12 +0.00000e+00
 8.96151e-09 2.76915e+03 2.06175e-12 +0.00000e+00
 1.11588e-08 2.77336e+03 2.56337e-12 +0.00000e+00
 1.38950e-08 2.77882e+03 3.18553e-12 +0.00000e+00
 1.73020e-08 2.78565e+03 3.95660e-12 +0.00000e+00
 2.15443e-08 2.79387e+03 4.91170e-12 +0.00000e+00
 2.68270e-08 2.80354e+03 6.09391e-12 +0.00000e+00
 3.34048e-08 2.81462e+03 7.55651e-12 +0.00000e+00
 4.15956e-08 2.82707e+03 9.36501e-12 +0.00000e+00
 5.17947e-08 2.84078e+03 1.16004e-11 +0.00000e+00
 6.44947e-08 2.85559e+03 1.43626e-11 +0.00000e+00
 8.03086e-08 2.87130e+03 1.77751e-11 +0.00000e+00
 1.00000e-07 2.88761e+03 2.19911e-11 +0.00000e+00
 1.24520e-07 2.90425e+03 2.72000e-11 +0.00000e+00
 1.55052e-07 2.92083e+03 3.36373e-11 +0.00000e+00
 1.93070e-07 2.93701e+03 4.15947e-11 +0.00000e+00
 2.40410e-07 2.95244e+03 5.14337e-11 +0.00000e+00
 2.99358e-07 2.96693e+03 6.36004e-11 +0.00000e+00
 3.72759e-07 2.98038e+03 7.86422e-11 +0.00000e+00
 4.64159e-07 2.99304e+03 9.72234e-11 +0.00000e+00
 5.77969e-07 3.00525e+03 1.20148e-10 +0.00000e+00
 7.19686e-07 3.01752e+03 1.48382e-10 +0.00000e+00
 8.96151e-07 3.03016e+03 1.83092e-10 +0.00000e+00
 1.11588e-06 3.04339e+03 2.25678e-10 +0.00000e+00
 1.38950e-06 3.05726e+03 2.77834e-10 +0.00000e+00
 1.73020e-06 3.07176e+03 3.41567e-10 +0.00000e+00
 2.15443e-06 3.08686e+03 4.19278e-10 +0.00000e+00
 2.68270e-06 3.10250e+03 5.13776e-10 +0.00000e+00
 3.34048e-06 3.11868e+03 6.28374e-10 +0.00000e+00
 4.15956e-06 3.13531e+03 7.66897e-10 +0.00000e+00
 5.17947e-06 3.15252e+03 9.33735e-10 +0.00000e+00
 6.44947e-06 3.17025e+03 1.13392e-09 +0.00000e+00
 8.03086e-06 3.18873e+03 1.37299e-09 +0.00000e+00
 1.00000e-05 3.20808e+03 1.65726e-09 +0.00000e+00
 1.24520e-05 3.22847e+03 1.99337e-09 +0.00000e+00
 1.55052e-05 3.25016e+03 2.38879e-09 +0.00000e+00
 1.93070e-05 3.27324e+03 2.85125e-09 +0.00000e+00
 2.40410e-05 3.29789e+03 3.38902e-09 +0.00000e+00
 2.99358e-05 3.32406e+03 4.01127e-09 +0.00000e+00
 3.72759e-05 3.35172e+03 4.72703e-09 +0.00000e+00
 4.64159e-05 3.38075e+03 5.54717e-09 +0.00000e+00
 5.77969e-05 3.41103e+03 6.48267e-09 +0.00000e+00
 7.19686e-05 3.44264e+03 7.54480e-09 +0.00000e+00
 8.96151e-05 3.47581e+03 8.74686e-09 +0.00000e+00
 1.11588e-04 3.51100e+03 1.01005e-08 +0.00000e+00
 1.38950e-04 3.54890e+03 1.16168e-08 +0.00000e+00
 1.73020e-04 3.59008e+03 1.33099e-08 +0.00000e+00
 2.15443e-04 3.63473e+03 1.51933e-08 +0.00000e+00
 2.68270e-04 3.68246e+03 1.72852e-08 +0.00000e+00
 3.34048e-04 3.73188e+03 1.96163e-08 +0.00000e+00
 4.15956e-04 3.78095e+03 2.22243e-08 +0.00000e+00
 5.17947e-04 3.82798e+03 2.51520e-08 +0.00000e+00
 6.44947e-04 3.87227e+03 2.84460e-08 +0.00000e+00
 8.03086e-04 3.91383e+03 3.21511e-08 +0.00000e+00
 1.00000e-03 3.95298e+03 3.63110e-08 +0.00000e+00
 1.24520e-03 3.98973e+03 4.09778e-08 -2.54684e-07
 1.55052e-03 4.02405e+03 4.62129e-08 -3.17132e-07
 1.93070e-03 4.05605e+03 5.20790e-08 -3.94891e-07
 2.40410e-03 4.08578e+03 5.86506e-08 -4.91718e-07
 2.99358e-03 4.11358e+03 6.60087e-08 -6.12286e-07
 3.72759e-03 4.13976e+03 7.42424e-08 -7.62416e-07
 4.64159e-03 4.16470e+03 8.34499e-08 -9.49358e-07
 5.77969e-03 4.18876e+03 9.37419e-08 -1.18214e-06
 7.19686e-03 4.21226e+03 1.05236e-07 -1.47199e-06
 8.96151e-03 4.23547e+03 1.18059e-07 -1.83292e-06
 1.11588e-02 4.25873e+03 1.32354e-07 -2.28235e-06
 1.38950e-02 4.28242e+03 1.48267e-07 -2.84198e-06
 1.73020e-02 4.30694e+03 1.65933e-07 -3.53883e-06
 2.15443e-02 4.33271e+03 1.85492e-07 -4.40654e-06
 2.68270e-02 4.36023e+03 2.07078e-07 -5.48699e-06
 3.34048e-02 4.38997e+03 2.30795e-07 -6.83238e-06
 4.15956e-02 4.42249e+03 2.56684e-07 -8.50767e-06
 5.17947e-02 4.45834e+03 2.84745e-07 -1.05937e-05
 6.44947e-02 4.49811e+03 3.14903e-07 -1.31913e-05
 8.03086e-02 4.54243e+03 3.46961e-07 -1.64257e-05
 1.00000e-01 4.59183e+03 3.80559e-07 -2.04533e-05
 1.24520e-01 4.64712e+03 4.15196e-07 -2.54684e-05
 1.55052e-01 4.70912e+03 4.50201e-07 -3.17132e-05
 1.93070e-01 4.77891e+03 4.84713e-07 -3.94891e-05
 2.40410e-01 4.85791e+03 5.17673e-07 -4.91718e-05
 2.99358e-01 4.94805e+03 5.47852e-07 -6.12286e-05
 3.72759e-01 5.05175e+03 5.73960e-07 -7.62416e-05
 4.64159e-01 5.17060e+03 5.94998e-07 +2.81840e-05
 5.77969e-01 5.31215e+03 6.09148e-07 +2.09264e-03
 7.19686e-01 5.44188e+03 6.21277e-07 +4.93320e-03
 8.96151e-01 5.56606e+03 6.31851e-07 +9.37258e-03
 1.11588e+00 5.68619e+03 6.41397e-07 +1.47382e-02
 1.38950e+00 5.80363e+03 6.50254e-07 +2.09518e-02
 1.73020e+00 5.91974e+03 6.58609e-07 +2.82149e-02
 2.15443e+00 6.03598e+03 6.66528e-07 +3.70141e-02
 2.68270e+00 6.15357e+03 6.74032e-07 +4.76799e-02
 3.34048e+00 6.27299e+03 6.81196e-07 +5.60913e-02
 4.15956e+00 6.39180e+03 6.88425e-07 +5.97560e-02
 5.17947e+00 6.51022e+03 6.95855e-07 +6.27723e-02
 6.44947e+00 6.62884e+03 7.03555e-07 +6.52836e-02
 8.03086e+00 6.74807e+03 7.11587e-07 +6.73918e-02
 1.00000e+01 6.86824e+03 7.20012e-07 +6.91694e-02
 1.24520e+01 6.98962e+03 7.28887e-07 +7.06772e-02
 1.55052e+01 7.11238e+03 7.38273e-07 +7.19624e-02
 1.93070e+01 7.23663e+03 7.48231e-07 +7.30581e-02
 2.40410e+01 7.36250e+03 7.58823e-07 +7.39973e-02
 2.99358e+01 7.48993e+03 7.70122e-07 +7.48074e-02
 3.72759e+01 7.61878e+03 7.82220e-07 +7.55085e-02
 4.64159e+01 7.74889e+03 7.95214e-07 +7.61123e-02
 5.77969e+01 7.88017e+03 8.09198e-07 +7.66289e-02
 7.19686e+01 8.01265e+03 8.24258e-07 +7.70694e-02
 8.96151e+01 8.14636e+03 8.40479e-07 +7.74461e-02
 1.11588e+02 8.28127e+03 8.57958e-07 +7.77680e-02
 1.38950e+02 8.41736e+03 8.76789e-07 +7.80426e-02
 1.73020e+02 8.55471e+03 8.97062e-07 +7.82753e-02
 2.15443e+02 8.69345e+03 9.18855e-07 +7.84739e-02
 2.68270e+02 8.83336e+03 9.42293e-07 +7.86462e-02
 3.34048e+02 8.97387e+03 9.67560e-07 +7.87968e-02
 4.15956e+02 9.11425e+03 9.94897e-07 +7.89276e-02
 5.17947e+02 9.25404e+03 1.02456e-06 +7.90390e-02
 6.44947e+02 9.39309e+03 1.05680e-06 +7.91324e-02
 8.03086e+02 9.53158e+03 1.09185e-06 +7.92104e-02
 1.00000e+03 9.66960e+03 1.12997e-06 +7.92758e-02
