#n1=128 n2=4 Teff=05000 R=6.6366e+11 L=1.9624e+35 logg=+2.50
#   tau          T          rho         Fconv
 0.00000e+00 2.55376e+03 5.85268e-21 +0.00000e+00
 1.00000e-09 2.55376e+03 7.65517e-15 +0.00000e+00
 1.24520e-09 2.55737e+03 9.52240e-15 +0.00000e+00
 1.55052e-09 2.56121e+03 1.18441e-14 +0.00000e+00
 1.93070e-09 2.56491e+03 1.47326e-14 +0.00000e+00
 2.40410e-09 2.56862e+03 1.83256e-14 +0.00000e+00
 2.99358e-09 2.57222e+03 2.27960e-14 +0.00000e+00
 3.72759e-09 2.57576e+03 2.83577e-14 +0.00000e+00
 4.64159e-09 2.57925e+03 3.52769e-14 +0.00000e+00
 5.77969e-09 2.58273e+03 4.38850e-14 +0.00000e+00
 7.19686e-09 2.58631e+03 5.45915e-14 +0.00000e+00
 8.96151e-09 2.59004e+03 6.79063e-14 +0.00000e+00
 1.11588e-08 2.59409e+03 8.44584e-14 +0.00000e+00
 1.38950e-08 2.59856e+03 1.05028e-13 +0.00000e+00
 1.73020e-08 2.60365e+03 1.30578e-13 +0.00000e+00
 2.15443e-08 2.60947e+03 1.62297e-13 +0.00000e+00
 2.68270e-08 2.61620e+03 2.01651e-13 +0.00000e+00
 3.34048e-08 2.62395e+03 2.50452e-13 +0.00000e+00
 4.15956e-08 2.63281e+03 3.10932e-13 +0.00000e+00
 5.17947e-08 2.64286e+03 3.85846e-13 +0.00000e+00
 6.44947e-08 2.65407e+03 4.78602e-13 +0.00000e+00
 8.03086e-08 2.66643e+03 5.93406e-13 +0.00000e+00
 1.00000e-07 2.67978e+03 7.35483e-13 +0.00000e+00
 1.24520e-07 2.69405e+03 9.11278e-13 +0.00000e+00
 1.55052e-07 2.70900e+03 1.12883e-12 +0.00000e+00
 1.93070e-07 2.72447e+03 1.39806e-12 +0.00000e+00
 2.40410e-07 2.74018e+03 1.73138e-12 +0.00000e+00
 2.99358e-07 2.75595e+03 2.14414e-12 +0.00000e+00
 3.72759e-07 2.77147e+03 2.65557e-12 +0.00000e+00
 4.64159e-07 2.78661e+03 3.28945e-12 +0.00000e+00
 5.77969e-07 2.80117e+03 4.07545e-12 +0.00000e+00
 7.19686e-07 2.81516e+03 5.05022e-12 +0.00000e+00
 8.96151e-07 2.82865e+03 6.25906e-12 +0.00000e+00
 1.11588e-06 2.84197e+03 7.75747e-12 +0.00000e+00
 1.38950e-06 2.85544e+03 9.61360e-12 +0.00000e+00
 1.73020e-06 2.86943e+03 1.19109e-11 +0.00000e+00
 2.15443e-06 2.88414e+03 1.47523e-11 +0.00000e+00
 2.68270e-06 2.89969e+03 1.82642e-11 +0.00000e+00
 3.34048e-06 2.91610e+03 2.26028e-11 +0.00000e+00
 4.15956e-06 2.93332e+03 2.79599e-11 +0.00000e+00
 5.17947e-06 2.95133e+03 3.45707e-11 +0.00000e+00
 6.44947e-06 2.97002e+03 4.27253e-11 +0.00000e+00
 8.03086e-06 2.98943e+03 5.27757e-11 +0.00000e+00
 1.00000e-05 3.00951e+03 6.51540e-11 +0.00000e+00
 1.24520e-05 3.03037e+03 8.03817e-11 +0.00000e+00
 1.55052e-05 3.05213e+03 9.90912e-11 +0.00000e+00
 1.93070e-05 3.07499e+03 1.22040e-10 +0.00000e+00
 2.40410e-05 3.09906e+03 1.50141e-10 +0.00000e+00
 2.99358e-05 3.12455e+03 1.84477e-10 +0.00000e+00
 3.72759e-05 3.15141e+03 2.26346e-10 +0.00000e+00
 4.64159e-05 3.17959e+03 2.77293e-10 +0.00000e+00
 5.77969e-05 3.20894e+03 3.39136e-10 +0.00000e+00
 7.19686e-05 3.23927e+03 4.14029e-10 +0.00000e+00
 8.96151e-05 3.27056e+03 5.04441e-10 +0.00000e+00
 1.11588e-04 3.30301e+03 6.13205e-10 +0.00000e+00
 1.38950e-04 3.33704e+03 7.43446e-10 +0.00000e+00
 1.73020e-04 3.37316e+03 8.98663e-10 +0.00000e+00
 2.15443e-04 3.41187e+03 1.08265e-09 +0.00000e+00
 2.68270e-04 3.45342e+03 1.29963e-09 +0.00000e+00
 3.34048e-04 3.49749e+03 1.55448e-09 +0.00000e+00
 4.15956e-04 3.54339e+03 1.85274e-09 +0.00000e+00
 5.17947e-04 3.59003e+03 2.20108e-09 +0.00000e+00
 6.44947e-04 3.63614e+03 2.60699e-09 +0.00000e+00
 8.03086e-04 3.68041e+03 3.07930e-09 +0.00000e+00
 1.00000e-03 3.72173e+03 3.62782e-09 +0.00000e+00
 1.24520e-03 3.75979e+03 4.26261e-09 -2.54437e-07
 1.55052e-03 3.79477e+03 4.99466e-09 -3.16824e-07
 1.93070e-03 3.82698e+03 5.83533e-09 -3.94509e-07
 2.40410e-03 3.85681e+03 6.79712e-09 -4.91241e-07
 2.99358e-03 3.88462e+03 7.89390e-09 -6.11693e-07
 3.72759e-03 3.91070e+03 9.14078e-09 -7.61677e-07
 4.64159e-03 3.93543e+03 1.05546e-08 -9.48437e-07
 5.77969e-03 3.95916e+03 1.21535e-08 -1.18099e-06
 7.19686e-03 3.98220e+03 1.39578e-08 -1.47057e-06
 8.96151e-03 4.00488e+03 1.59899e-08 -1.83115e-06
 1.11588e-02 4.02753e+03 1.82727e-08 -2.28014e-06
 1.38950e-02 4.05053e+03 2.08314e-08 -2.83923e-06
 1.73020e-02 4.07428e+03 2.36930e-08 -3.53540e-06
 2.15443e-02 4.09922e+03 2.68823e-08 -4.40225e-06
 2.68270e-02 4.12583e+03 3.04230e-08 -5.48169e-06
 3.34048e-02 4.15460e+03 3.43384e-08 -6.82579e-06
 4.15956e-02 4.18602e+03 3.86454e-08 -8.49942e-06
 5.17947e-02 4.22061e+03 4.33468e-08 -1.05835e-05
 6.44947e-02 4.25886e+03 4.84375e-08 -1.31785e-05
 8.03086e-02 4.30128e+03 5.38960e-08 -1.64098e-05
 1.00000e-01 4.34836e+03 5.96730e-08 -2.04335e-05
 1.24520e-01 4.40074e+03 6.56823e-08 -2.54437e-05
 1.55052e-01 4.45896e+03 7.18172e-08 -3.16824e-05
 1.93070e-01 4.52395e+03 7.79333e-08 -3.94509e-05
 2.40410e-01 4.59697e+03 8.38476e-08 -4.91241e-05
 2.99358e-01 4.67972e+03 8.93403e-08 -6.11693e-05
 3.72759e-01 4.77429e+03 9.41796e-08 -7.61677e-05
 4.64159e-01 4.88169e+03 9.81883e-08 -9.48434e-05
 5.77969e-01 5.00770e+03 1.01116e-07 -1.16094e-04
 7.19686e-01 5.15913e+03 1.02720e-07 -6.29854e-05
 8.96151e-01 5.33953e+03 1.02908e-07 +8.74635e-04
 1.11588e+00 5.51308e+03 1.02612e-07 +3.88725e-03
 1.38950e+00 5.67556e+03 1.02155e-07 +9.70403e-03
 1.73020e+00 5.83111e+03 1.01604e-07 +1.75950e-02
 2.15443e+00 5.98033e+03 1.01032e-07 +2.68502e-02
 2.68270e+00 6.12559e+03 1.00454e-07 +3.76498e-02
 3.34048e+00 6.26866e+03 9.98739e-08 +4.72085e-02
 4.15956e+00 6.40641e+03 9.93681e-08 +5.28584e-02
 5.17947e+00 6.53981e+03 9.89439e-08 +5.73476e-02
 6.44947e+00 6.67018e+03 9.85962e-08 +6.10006e-02
 8.03086e+00 6.79831e+03 9.83247e-08 +6.40044e-02
 1.00000e+01 6.92489e+03 9.81283e-08 +6.64844e-02
 1.24520e+01 7.05037e+03 9.80083e-08 +6.85571e-02
 1.55052e+01 7.17501e+03 9.79678e-08 +7.02948e-02
 1.93070e+01 7.29909e+03 9.80089e-08 +7.17515e-02
 2.40410e+01 7.42273e+03 9.81355e-08 +7.29840e-02
 2.99358e+01 7.54589e+03 9.83535e-08 +7.40296e-02
 3.72759e+01 7.66854e+03 9.86693e-08 +7.49135e-02
 4.64159e+01 7.79069e+03 9.90884e-08 +7.56569e-02
 5.77969e+01 7.91247e+03 9.96151e-08 +7.62794e-02
 7.19686e+01 8.03406e+03 1.00253e-07 +7.67992e-02
 8.96151e+01 8.15567e+03 1.01004e-07 +7.72347e-02
 1.11588e+02 8.27737e+03 1.01873e-07 +7.76011e-02
 1.38950e+02 8.39921e+03 1.02864e-07 +7.79102e-02
 1.73020e+02 8.52124e+03 1.03983e-07 +7.81677e-02
 2.15443e+02 8.64380e+03 1.05231e-07 +7.83826e-02
 2.68270e+02 8.76683e+03 1.06612e-07 +7.85668e-02
 3.34048e+02 8.88982e+03 1.08143e-07 +7.87261e-02
 4.15956e+02 9.01205e+03 1.09845e-07 +7.88635e-02
 5.17947e+02 9.13312e+03 1.11741e-07 +7.89786e-02
 6.44947e+02 9.25291e+03 1.13850e-07 +7.90747e-02
 8.03086e+02 9.37140e+03 1.16197e-07 +7.91546e-02
 1.00000e+03 9.48873e+03 1.18805e-07 +7.92200e-02
