#n1=128 n2=4 Teff=05100 R=3.2175e+10 L=4.9901e+32 logg=+5.00
#   tau          T          rho         Fconv
 0.00000e+00 2.78367e+03 5.36843e-21 +0.00000e+00
 1.00000e-09 2.78367e+03 2.29766e-12 +0.00000e+00
 1.24520e-09 2.78295e+03 2.86162e-12 +0.00000e+00
 1.55052e-09 2.78284e+03 3.56314e-12 +0.00000e+00
 1.93070e-09 2.78346e+03 4.43530e-12 +0.00000e+00
 2.40410e-09 2.78473e+03 5.51940e-12 +0.00000e+00
 2.99358e-09 2.78682e+03 6.86612e-12 +0.00000e+00
 3.72759e-09 2.78967e+03 8.53863e-12 +0.00000e+00
 4.64159e-09 2.79346e+03 1.06142e-11 +0.00000e+00
 5.77969e-09 2.79814e+03 1.31890e-11 +0.00000e+00
 7.19686e-09 2.80390e+03 1.63805e-11 +0.00000e+00
 8.96151e-09 2.81069e+03 2.03345e-11 +0.00000e+00
 1.11588e-08 2.81868e+03 2.52288e-11 +0.00000e+00
 1.38950e-08 2.82782e+03 3.12833e-11 +0.00000e+00
 1.73020e-08 2.83822e+03 3.87660e-11 +0.00000e+00
 2.15443e-08 2.84981e+03 4.80076e-11 +0.00000e+00
 2.68270e-08 2.86258e+03 5.94112e-11 +0.00000e+00
 3.34048e-08 2.87643e+03 7.34724e-11 +0.00000e+00
 4.15956e-08 2.89123e+03 9.07956e-11 +0.00000e+00
 5.17947e-08 2.90682e+03 1.12122e-10 +0.00000e+00
 6.44947e-08 2.92298e+03 1.38354e-10 +0.00000e+00
 8.03086e-08 2.93946e+03 1.70595e-10 +0.00000e+00
 1.00000e-07 2.95598e+03 2.10187e-10 +0.00000e+00
 1.24520e-07 2.97229e+03 2.58764e-10 +0.00000e+00
 1.55052e-07 2.98810e+03 3.18299e-10 +0.00000e+00
 1.93070e-07 3.00323e+03 3.91175e-10 +0.00000e+00
 2.40410e-07 3.01753e+03 4.80251e-10 +0.00000e+00
 2.99358e-07 3.03108e+03 5.88899e-10 +0.00000e+00
 3.72759e-07 3.04403e+03 7.21124e-10 +0.00000e+00
 4.64159e-07 3.05669e+03 8.81520e-10 +0.00000e+00
 5.77969e-07 3.06938e+03 1.07549e-09 +0.00000e+00
 7.19686e-07 3.08239e+03 1.30909e-09 +0.00000e+00
 8.96151e-07 3.09592e+03 1.58939e-09 +0.00000e+00
 1.11588e-06 3.11003e+03 1.92424e-09 +0.00000e+00
 1.38950e-06 3.12478e+03 2.32258e-09 +0.00000e+00
 1.73020e-06 3.14008e+03 2.79450e-09 +0.00000e+00
 2.15443e-06 3.15591e+03 3.35087e-09 +0.00000e+00
 2.68270e-06 3.17218e+03 4.00440e-09 +0.00000e+00
 3.34048e-06 3.18883e+03 4.76834e-09 +0.00000e+00
 4.15956e-06 3.20583e+03 5.65782e-09 +0.00000e+00
 5.17947e-06 3.22316e+03 6.68956e-09 +0.00000e+00
 6.44947e-06 3.24084e+03 7.88065e-09 +0.00000e+00
 8.03086e-06 3.25897e+03 9.25136e-09 +0.00000e+00
 1.00000e-05 3.27764e+03 1.08221e-08 +0.00000e+00
 1.24520e-05 3.29703e+03 1.26135e-08 +0.00000e+00
 1.55052e-05 3.31731e+03 1.46506e-08 +0.00000e+00
 1.93070e-05 3.33864e+03 1.69565e-08 +0.00000e+00
 2.40410e-05 3.36118e+03 1.95539e-08 +0.00000e+00
 2.99358e-05 3.38504e+03 2.24728e-08 +0.00000e+00
 3.72759e-05 3.41023e+03 2.57398e-08 +0.00000e+00
 4.64159e-05 3.43677e+03 2.93822e-08 +0.00000e+00
 5.77969e-05 3.46466e+03 3.34380e-08 +0.00000e+00
 7.19686e-05 3.49393e+03 3.79429e-08 +0.00000e+00
 8.96151e-05 3.52482e+03 4.29283e-08 +0.00000e+00
 1.11588e-04 3.55769e+03 4.84289e-08 +0.00000e+00
 1.38950e-04 3.59302e+03 5.44846e-08 +0.00000e+00
 1.73020e-04 3.63126e+03 6.11221e-08 +0.00000e+00
 2.15443e-04 3.67256e+03 6.83756e-08 +0.00000e+00
 2.68270e-04 3.71652e+03 7.63185e-08 +0.00000e+00
 3.34048e-04 3.76196e+03 8.50538e-08 +0.00000e+00
 4.15956e-04 3.80718e+03 9.47201e-08 +0.00000e+00
 5.17947e-04 3.85073e+03 1.05487e-07 +0.00000e+00
 6.44947e-04 3.89188e+03 1.17556e-07 +0.00000e+00
 8.03086e-04 3.93054e+03 1.31105e-07 +0.00000e+00
 1.00000e-03 3.96687e+03 1.46321e-07 +0.00000e+00
 1.24520e-03 4.00089e+03 1.63423e-07 -2.54568e-07
 1.55052e-03 4.03257e+03 1.82685e-07 -3.16988e-07
 1.93070e-03 4.06203e+03 2.04374e-07 -3.94712e-07
 2.40410e-03 4.08935e+03 2.28799e-07 -4.91493e-07
 2.99358e-03 4.11486e+03 2.56303e-07 -6.12009e-07
 3.72759e-03 4.13886e+03 2.87291e-07 -7.62069e-07
 4.64159e-03 4.16172e+03 3.22173e-07 -9.48927e-07
 5.77969e-03 4.18377e+03 3.61404e-07 -1.18160e-06
 7.19686e-03 4.20534e+03 4.05503e-07 -1.47133e-06
 8.96151e-03 4.22671e+03 4.55065e-07 -1.83209e-06
 1.11588e-02 4.24823e+03 5.10687e-07 -2.28132e-06
 1.38950e-02 4.27026e+03 5.73003e-07 -2.84069e-06
 1.73020e-02 4.29317e+03 6.42699e-07 -3.53723e-06
 2.15443e-02 4.31737e+03 7.20500e-07 -4.40454e-06
 2.68270e-02 4.34330e+03 8.07068e-07 -5.48451e-06
 3.34048e-02 4.37145e+03 9.03017e-07 -6.82929e-06
 4.15956e-02 4.40230e+03 1.00888e-06 -8.50380e-06
 5.17947e-02 4.43642e+03 1.12506e-06 -1.05889e-05
 6.44947e-02 4.47439e+03 1.25167e-06 -1.31853e-05
 8.03086e-02 4.51688e+03 1.38839e-06 -1.64183e-05
 1.00000e-01 4.56453e+03 1.53440e-06 -2.04440e-05
 1.24520e-01 4.61827e+03 1.68811e-06 -2.54568e-05
 1.55052e-01 4.67915e+03 1.84695e-06 -3.16988e-05
 1.93070e-01 4.74854e+03 2.00704e-06 -3.94712e-05
 2.40410e-01 4.82830e+03 2.16284e-06 -4.91493e-05
 2.99358e-01 4.92101e+03 2.30734e-06 -6.12009e-05
 3.72759e-01 5.02996e+03 2.43175e-06 +1.24611e-03
 4.64159e-01 5.13397e+03 2.54705e-06 +2.73031e-03
 5.77969e-01 5.23635e+03 2.65370e-06 +5.53477e-03
 7.19686e-01 5.33751e+03 2.75322e-06 +9.06034e-03
 8.96151e-01 5.43779e+03 2.84707e-06 +1.33300e-02
 1.11588e+00 5.53768e+03 2.93636e-06 +1.83326e-02
 1.38950e+00 5.63774e+03 3.02197e-06 +2.42092e-02
 1.73020e+00 5.73859e+03 3.10450e-06 +3.14566e-02
 2.15443e+00 5.84076e+03 3.18439e-06 +4.02822e-02
 2.68270e+00 5.94469e+03 3.26196e-06 +5.11082e-02
 3.34048e+00 6.05050e+03 3.33743e-06 +5.92655e-02
 4.15956e+00 6.15699e+03 3.41214e-06 +6.22992e-02
 5.17947e+00 6.26419e+03 3.48709e-06 +6.48415e-02
 6.44947e+00 6.37248e+03 3.56272e-06 +6.69706e-02
 8.03086e+00 6.48217e+03 3.63941e-06 +6.87726e-02
 1.00000e+01 6.59347e+03 3.71753e-06 +7.03026e-02
 1.24520e+01 6.70660e+03 3.79742e-06 +7.16032e-02
 1.55052e+01 6.82176e+03 3.87940e-06 +7.27133e-02
 1.93070e+01 6.93908e+03 3.96380e-06 +7.36635e-02
 2.40410e+01 7.05868e+03 4.05097e-06 +7.44785e-02
 2.99358e+01 7.18069e+03 4.14124e-06 +7.51782e-02
 3.72759e+01 7.30520e+03 4.23496e-06 +7.57804e-02
 4.64159e+01 7.43224e+03 4.33252e-06 +7.63008e-02
 5.77969e+01 7.56180e+03 4.43437e-06 +7.67510e-02
 7.19686e+01 7.69386e+03 4.54098e-06 +7.71407e-02
 8.96151e+01 7.82837e+03 4.65288e-06 +7.74770e-02
 1.11588e+02 7.96539e+03 4.77055e-06 +7.77669e-02
 1.38950e+02 8.10492e+03 4.89453e-06 +7.80172e-02
 1.73020e+02 8.24694e+03 5.02536e-06 +7.82333e-02
 2.15443e+02 8.39145e+03 5.16367e-06 +7.84200e-02
 2.68270e+02 8.53846e+03 5.31007e-06 +7.85806e-02
 3.34048e+02 8.68797e+03 5.46521e-06 +7.87192e-02
 4.15956e+02 8.83986e+03 5.62987e-06 +7.88399e-02
 5.17947e+02 8.99379e+03 5.80503e-06 +7.89453e-02
 6.44947e+02 9.14937e+03 5.99191e-06 +7.90373e-02
 8.03086e+02 9.30630e+03 6.19176e-06 +7.91163e-02
 1.00000e+03 9.46454e+03 6.40578e-06 +7.91838e-02
