#n1=128 n2=4 Teff=05400 R=3.4175e+10 L=7.0759e+32 logg=+5.00
#   tau          T          rho         Fconv
 0.00000e+00 4.08459e+03 1.97192e-21 +0.00000e+00
 1.00000e-09 4.08459e+03 1.13746e-12 +0.00000e+00
 1.24520e-09 4.08525e+03 1.46076e-12 +0.00000e+00
 1.55052e-09 4.08589e+03 1.86931e-12 +0.00000e+00
 1.93070e-09 4.08652e+03 2.38450e-12 +0.00000e+00
 2.40410e-09 4.08717e+03 3.03289e-12 +0.00000e+00
 2.99358e-09 4.08785e+03 3.84742e-12 +0.00000e+00
 3.72759e-09 4.08860e+03 4.86892e-12 +0.00000e+00
 4.64159e-09 4.08943e+03 6.14793e-12 +0.00000e+00
 5.77969e-09 4.09035e+03 7.74696e-12 +0.00000e+00
 7.19686e-09 4.09136e+03 9.74324e-12 +0.00000e+00
 8.96151e-09 4.09248e+03 1.22320e-11 +0.00000e+00
 1.11588e-08 4.09370e+03 1.53305e-11 +0.00000e+00
 1.38950e-08 4.09506e+03 1.91830e-11 +0.00000e+00
 1.73020e-08 4.09655e+03 2.39665e-11 +0.00000e+00
 2.15443e-08 4.09819e+03 2.98978e-11 +0.00000e+00
 2.68270e-08 4.09999e+03 3.72419e-11 +0.00000e+00
 3.34048e-08 4.10197e+03 4.63219e-11 +0.00000e+00
 4.15956e-08 4.10414e+03 5.75311e-11 +0.00000e+00
 5.17947e-08 4.10652e+03 7.13463e-11 +0.00000e+00
 6.44947e-08 4.10910e+03 8.83445e-11 +0.00000e+00
 8.03086e-08 4.11189e+03 1.09222e-10 +0.00000e+00
 1.00000e-07 4.11490e+03 1.34814e-10 +0.00000e+00
 1.24520e-07 4.11812e+03 1.66123e-10 +0.00000e+00
 1.55052e-07 4.12156e+03 2.04345e-10 +0.00000e+00
 1.93070e-07 4.12520e+03 2.50899e-10 +0.00000e+00
 2.40410e-07 4.12907e+03 3.07468e-10 +0.00000e+00
 2.99358e-07 4.13315e+03 3.76032e-10 +0.00000e+00
 3.72759e-07 4.13745e+03 4.58915e-10 +0.00000e+00
 4.64159e-07 4.14200e+03 5.58827e-10 +0.00000e+00
 5.77969e-07 4.14680e+03 6.78919e-10 +0.00000e+00
 7.19686e-07 4.15186e+03 8.22825e-10 +0.00000e+00
 8.96151e-07 4.15721e+03 9.94733e-10 +0.00000e+00
 1.11588e-06 4.16285e+03 1.19942e-09 +0.00000e+00
 1.38950e-06 4.16879e+03 1.44235e-09 +0.00000e+00
 1.73020e-06 4.17504e+03 1.72971e-09 +0.00000e+00
 2.15443e-06 4.18158e+03 2.06849e-09 +0.00000e+00
 2.68270e-06 4.18840e+03 2.46661e-09 +0.00000e+00
 3.34048e-06 4.19550e+03 2.93294e-09 +0.00000e+00
 4.15956e-06 4.20287e+03 3.47750e-09 +0.00000e+00
 5.17947e-06 4.21051e+03 4.11145e-09 +0.00000e+00
 6.44947e-06 4.21841e+03 4.84732e-09 +0.00000e+00
 8.03086e-06 4.22657e+03 5.69912e-09 +0.00000e+00
 1.00000e-05 4.23499e+03 6.68240e-09 +0.00000e+00
 1.24520e-05 4.24369e+03 7.81454e-09 +0.00000e+00
 1.55052e-05 4.25266e+03 9.11493e-09 +0.00000e+00
 1.93070e-05 4.26189e+03 1.06051e-08 +0.00000e+00
 2.40410e-05 4.27138e+03 1.23090e-08 +0.00000e+00
 2.99358e-05 4.28109e+03 1.42537e-08 +0.00000e+00
 3.72759e-05 4.29100e+03 1.64694e-08 +0.00000e+00
 4.64159e-05 4.30105e+03 1.89902e-08 +0.00000e+00
 5.77969e-05 4.31119e+03 2.18553e-08 +0.00000e+00
 7.19686e-05 4.32135e+03 2.51087e-08 +0.00000e+00
 8.96151e-05 4.33147e+03 2.88012e-08 +0.00000e+00
 1.11588e-04 4.34146e+03 3.29918e-08 +0.00000e+00
 1.38950e-04 4.35128e+03 3.77479e-08 +0.00000e+00
 1.73020e-04 4.36085e+03 4.31475e-08 +0.00000e+00
 2.15443e-04 4.37014e+03 4.92809e-08 +0.00000e+00
 2.68270e-04 4.37913e+03 5.62529e-08 +0.00000e+00
 3.34048e-04 4.38778e+03 6.41828e-08 +0.00000e+00
 4.15956e-04 4.39610e+03 7.32096e-08 +0.00000e+00
 5.17947e-04 4.40407e+03 8.34934e-08 +0.00000e+00
 6.44947e-04 4.41170e+03 9.52188e-08 +0.00000e+00
 8.03086e-04 4.41898e+03 1.08599e-07 +0.00000e+00
 1.00000e-03 4.42594e+03 1.23878e-07 +0.00000e+00
 1.24520e-03 4.43262e+03 1.41339e-07 -2.54569e-07
 1.55052e-03 4.43908e+03 1.61301e-07 -3.16990e-07
 1.93070e-03 4.44543e+03 1.84126e-07 -3.94713e-07
 2.40410e-03 4.45180e+03 2.10218e-07 -4.91496e-07
 2.99358e-03 4.45832e+03 2.40026e-07 -6.12009e-07
 3.72759e-03 4.46517e+03 2.74039e-07 -7.62074e-07
 4.64159e-03 4.47253e+03 3.12786e-07 -9.48932e-07
 5.77969e-03 4.48057e+03 3.56831e-07 -1.18161e-06
 7.19686e-03 4.48951e+03 4.06762e-07 -1.47133e-06
 8.96151e-03 4.49956e+03 4.63182e-07 -1.83210e-06
 1.11588e-02 4.51093e+03 5.26679e-07 -2.28132e-06
 1.38950e-02 4.52385e+03 5.97815e-07 -2.84070e-06
 1.73020e-02 4.53860e+03 6.77086e-07 -3.53723e-06
 2.15443e-02 4.55550e+03 7.64869e-07 -4.40455e-06
 2.68270e-02 4.57486e+03 8.61363e-07 -5.48453e-06
 3.34048e-02 4.59709e+03 9.66537e-07 -6.82932e-06
 4.15956e-02 4.62269e+03 1.08004e-06 -8.50386e-06
 5.17947e-02 4.65225e+03 1.20108e-06 -1.05890e-05
 6.44947e-02 4.68648e+03 1.32830e-06 -1.31854e-05
 8.03086e-02 4.72630e+03 1.45974e-06 -1.64184e-05
 1.00000e-01 4.77282e+03 1.59276e-06 -2.04441e-05
 1.24520e-01 4.82736e+03 1.72395e-06 -2.54569e-05
 1.55052e-01 4.89149e+03 1.84932e-06 -3.16990e-05
 1.93070e-01 4.96712e+03 1.96443e-06 -3.94713e-05
 2.40410e-01 5.05672e+03 2.06459e-06 -3.05640e-05
 2.99358e-01 5.16361e+03 2.14441e-06 +2.59168e-03
 3.72759e-01 5.26265e+03 2.21771e-06 +3.93412e-03
 4.64159e-01 5.35864e+03 2.28608e-06 +6.07473e-03
 5.77969e-01 5.45317e+03 2.35089e-06 +8.74844e-03
 7.19686e-01 5.54727e+03 2.41307e-06 +1.21305e-02
 8.96151e-01 5.64174e+03 2.47326e-06 +1.60796e-02
 1.11588e+00 5.73715e+03 2.53191e-06 +2.06617e-02
 1.38950e+00 5.83410e+03 2.58930e-06 +2.65529e-02
 1.73020e+00 5.93308e+03 2.64557e-06 +3.37596e-02
 2.15443e+00 6.03448e+03 2.70075e-06 +4.26191e-02
 2.68270e+00 6.13858e+03 2.75489e-06 +5.35684e-02
 3.34048e+00 6.24539e+03 2.80837e-06 +6.15859e-02
 4.15956e+00 6.35348e+03 2.86222e-06 +6.41994e-02
 5.17947e+00 6.46290e+03 2.91687e-06 +6.64042e-02
 6.44947e+00 6.57389e+03 2.97262e-06 +6.82733e-02
 8.03086e+00 6.68666e+03 3.02975e-06 +6.98606e-02
 1.00000e+01 6.80144e+03 3.08849e-06 +7.12142e-02
 1.24520e+01 6.91837e+03 3.14910e-06 +7.23729e-02
 1.55052e+01 7.03757e+03 3.21184e-06 +7.33660e-02
 1.93070e+01 7.15917e+03 3.27696e-06 +7.42185e-02
 2.40410e+01 7.28327e+03 3.34471e-06 +7.49521e-02
 2.99358e+01 7.40989e+03 3.41537e-06 +7.55862e-02
 3.72759e+01 7.53903e+03 3.48929e-06 +7.61358e-02
 4.64159e+01 7.67058e+03 3.56685e-06 +7.66127e-02
 5.77969e+01 7.80447e+03 3.64847e-06 +7.70248e-02
 7.19686e+01 7.94071e+03 3.73454e-06 +7.73799e-02
 8.96151e+01 8.07930e+03 3.82550e-06 +7.76861e-02
 1.11588e+02 8.22023e+03 3.92178e-06 +7.79505e-02
 1.38950e+02 8.36347e+03 4.02386e-06 +7.81783e-02
 1.73020e+02 8.50904e+03 4.13220e-06 +7.83741e-02
 2.15443e+02 8.65699e+03 4.24727e-06 +7.85425e-02
 2.68270e+02 8.80724e+03 4.36963e-06 +7.86889e-02
 3.34048e+02 8.95947e+03 4.50000e-06 +7.88169e-02
 4.15956e+02 9.11318e+03 4.63930e-06 +7.89285e-02
 5.17947e+02 9.26802e+03 4.78857e-06 +7.90249e-02
 6.44947e+02 9.42385e+03 4.94877e-06 +7.91073e-02
 8.03086e+02 9.58071e+03 5.12087e-06 +7.91774e-02
 1.00000e+03 9.73850e+03 5.30596e-06 +7.92373e-02
