#n1=128 n2=4 Teff=05800 R=1.3037e+13 L=1.3672e+38 logg=+0.50
#   tau          T          rho         Fconv
 0.00000e+00 3.84264e+03 2.53705e-21 +0.00000e+00
 1.00000e-09 3.84264e+03 1.47079e-19 +0.00000e+00
 1.24520e-09 3.84529e+03 2.16238e-19 +0.00000e+00
 1.55052e-09 3.84804e+03 3.19585e-19 +0.00000e+00
 1.93070e-09 3.85093e+03 4.74243e-19 +0.00000e+00
 2.40410e-09 3.85398e+03 7.05824e-19 +0.00000e+00
 2.99358e-09 3.85724e+03 1.05252e-18 +0.00000e+00
 3.72759e-09 3.86073e+03 1.57101e-18 +0.00000e+00
 4.64159e-09 3.86450e+03 2.34504e-18 +0.00000e+00
 5.77969e-09 3.86857e+03 3.49767e-18 +0.00000e+00
 7.19686e-09 3.87294e+03 5.20891e-18 +0.00000e+00
 8.96151e-09 3.87755e+03 7.74128e-18 +0.00000e+00
 1.11588e-08 3.88230e+03 1.14771e-17 +0.00000e+00
 1.38950e-08 3.88705e+03 1.69739e-17 +0.00000e+00
 1.73020e-08 3.89162e+03 2.50467e-17 +0.00000e+00
 2.15443e-08 3.89585e+03 3.68910e-17 +0.00000e+00
 2.68270e-08 3.89970e+03 5.42569e-17 +0.00000e+00
 3.34048e-08 3.90324e+03 7.96901e-17 +0.00000e+00
 4.15956e-08 3.90663e+03 1.16854e-16 +0.00000e+00
 5.17947e-08 3.90997e+03 1.70970e-16 +0.00000e+00
 6.44947e-08 3.91331e+03 2.49420e-16 +0.00000e+00
 8.03086e-08 3.91664e+03 3.62563e-16 +0.00000e+00
 1.00000e-07 3.91994e+03 5.24814e-16 +0.00000e+00
 1.24520e-07 3.92323e+03 7.56044e-16 +0.00000e+00
 1.55052e-07 3.92648e+03 1.08339e-15 +0.00000e+00
 1.93070e-07 3.92977e+03 1.54344e-15 +0.00000e+00
 2.40410e-07 3.93311e+03 2.18509e-15 +0.00000e+00
 2.99358e-07 3.93651e+03 3.07305e-15 +0.00000e+00
 3.72759e-07 3.94002e+03 4.29216e-15 +0.00000e+00
 4.64159e-07 3.94366e+03 5.95273e-15 +0.00000e+00
 5.77969e-07 3.94748e+03 8.19714e-15 +0.00000e+00
 7.19686e-07 3.95153e+03 1.12079e-14 +0.00000e+00
 8.96151e-07 3.95583e+03 1.52180e-14 +0.00000e+00
 1.11588e-06 3.96043e+03 2.05232e-14 +0.00000e+00
 1.38950e-06 3.96535e+03 2.74982e-14 +0.00000e+00
 1.73020e-06 3.97062e+03 3.66162e-14 +0.00000e+00
 2.15443e-06 3.97626e+03 4.84736e-14 +0.00000e+00
 2.68270e-06 3.98231e+03 6.38206e-14 +0.00000e+00
 3.34048e-06 3.98880e+03 8.35983e-14 +0.00000e+00
 4.15956e-06 3.99581e+03 1.08985e-13 +0.00000e+00
 5.17947e-06 4.00340e+03 1.41452e-13 +0.00000e+00
 6.44947e-06 4.01166e+03 1.82831e-13 +0.00000e+00
 8.03086e-06 4.02067e+03 2.35404e-13 +0.00000e+00
 1.00000e-05 4.03049e+03 3.02004e-13 +0.00000e+00
 1.24520e-05 4.04117e+03 3.86147e-13 +0.00000e+00
 1.55052e-05 4.05274e+03 4.92195e-13 +0.00000e+00
 1.93070e-05 4.06524e+03 6.25547e-13 +0.00000e+00
 2.40410e-05 4.07868e+03 7.92875e-13 +0.00000e+00
 2.99358e-05 4.09313e+03 1.00241e-12 +0.00000e+00
 3.72759e-05 4.10867e+03 1.26424e-12 +0.00000e+00
 4.64159e-05 4.12546e+03 1.59072e-12 +0.00000e+00
 5.77969e-05 4.14377e+03 1.99675e-12 +0.00000e+00
 7.19686e-05 4.16405e+03 2.50015e-12 +0.00000e+00
 8.96151e-05 4.18699e+03 3.12171e-12 +0.00000e+00
 1.11588e-04 4.21362e+03 3.88488e-12 +0.00000e+00
 1.38950e-04 4.24527e+03 4.81477e-12 +0.00000e+00
 1.73020e-04 4.28342e+03 5.93629e-12 +0.00000e+00
 2.15443e-04 4.32898e+03 7.27201e-12 +0.00000e+00
 2.68270e-04 4.38060e+03 8.84382e-12 +0.00000e+00
 3.34048e-04 4.43275e+03 1.06852e-11 +0.00000e+00
 4.15956e-04 4.47755e+03 1.28606e-11 +0.00000e+00
 5.17947e-04 4.51057e+03 1.54716e-11 +0.00000e+00
 6.44947e-04 4.53344e+03 1.86426e-11 +0.00000e+00
 8.03086e-04 4.55033e+03 2.25093e-11 +0.00000e+00
 1.00000e-03 4.56426e+03 2.72229e-11 +0.00000e+00
 1.24520e-03 4.57662e+03 3.29570e-11 -2.55171e-07
 1.55052e-03 4.58796e+03 3.99133e-11 -3.17738e-07
 1.93070e-03 4.59861e+03 4.83243e-11 -3.95647e-07
 2.40410e-03 4.60878e+03 5.84565e-11 -4.92658e-07
 2.99358e-03 4.61869e+03 7.06123e-11 -6.13457e-07
 3.72759e-03 4.62854e+03 8.51320e-11 -7.63874e-07
 4.64159e-03 4.63855e+03 1.02394e-10 -9.51174e-07
 5.77969e-03 4.64898e+03 1.22813e-10 -1.18440e-06
 7.19686e-03 4.66006e+03 1.46838e-10 -1.47481e-06
 8.96151e-03 4.67207e+03 1.74942e-10 -1.83643e-06
 1.11588e-02 4.68530e+03 2.07614e-10 -2.28671e-06
 1.38950e-02 4.70005e+03 2.45343e-10 -2.84741e-06
 1.73020e-02 4.71663e+03 2.88594e-10 -3.54559e-06
 2.15443e-02 4.73540e+03 3.37781e-10 -4.41496e-06
 2.68270e-02 4.75676e+03 3.93230e-10 -5.49749e-06
 3.34048e-02 4.78115e+03 4.55131e-10 -6.84546e-06
 4.15956e-02 4.80908e+03 5.23484e-10 -8.52395e-06
 5.17947e-02 4.84116e+03 5.98038e-10 -1.06140e-05
 6.44947e-02 4.87807e+03 6.78230e-10 -1.32165e-05
 8.03086e-02 4.92056e+03 7.63135e-10 -1.64572e-05
 1.00000e-01 4.96952e+03 8.51423e-10 -2.04925e-05
 1.24520e-01 5.02592e+03 9.41361e-10 -2.55171e-05
 1.55052e-01 5.09085e+03 1.03084e-09 -3.17738e-05
 1.93070e-01 5.16556e+03 1.11745e-09 -3.95647e-05
 2.40410e-01 5.25146e+03 1.19860e-09 -4.92658e-05
 2.99358e-01 5.35020e+03 1.27166e-09 -6.13457e-05
 3.72759e-01 5.46365e+03 1.33413e-09 -7.63874e-05
 4.64159e-01 5.59416e+03 1.38377e-09 -9.51174e-05
 5.77969e-01 5.74516e+03 1.41849e-09 -1.18440e-04
 7.19686e-01 5.92075e+03 1.43665e-09 -1.47481e-04
 8.96151e-01 6.12550e+03 1.43714e-09 -1.83643e-04
 1.11588e+00 6.36632e+03 1.41899e-09 -2.28665e-04
 1.38950e+00 6.65926e+03 1.37933e-09 -2.84431e-04
 1.73020e+00 7.03252e+03 1.31238e-09 -3.12164e-04
 2.15443e+00 7.53143e+03 1.20567e-09 +7.70160e-03
 2.68270e+00 7.75342e+03 1.15812e-09 +2.03708e-02
 3.34048e+00 7.93362e+03 1.11829e-09 +3.73091e-02
 4.15956e+00 8.08500e+03 1.08405e-09 +4.90138e-02
 5.17947e+00 8.21676e+03 1.05379e-09 +5.66993e-02
 6.44947e+00 8.33622e+03 1.02605e-09 +6.19100e-02
 8.03086e+00 8.44811e+03 9.99861e-10 +6.55941e-02
 1.00000e+01 8.55554e+03 9.74591e-10 +6.82951e-02
 1.24520e+01 8.66071e+03 9.49800e-10 +7.03325e-02
 1.55052e+01 8.76527e+03 9.25179e-10 +7.19031e-02
 1.93070e+01 8.87060e+03 9.00494e-10 +7.31335e-02
 2.40410e+01 8.97791e+03 8.75566e-10 +7.41078e-02
 2.99358e+01 9.08845e+03 8.50249e-10 +7.48839e-02
 3.72759e+01 9.20355e+03 8.24419e-10 +7.55019e-02
 4.64159e+01 9.32481e+03 7.97961e-10 +7.59895e-02
 5.77969e+01 9.45429e+03 7.70757e-10 +7.63647e-02
 7.19686e+01 9.59486e+03 7.42672e-10 +7.66364e-02
 8.96151e+01 9.75077e+03 7.13523e-10 +7.68018e-02
 1.11588e+02 9.92896e+03 6.83024e-10 +7.68396e-02
 1.38950e+02 1.01419e+04 6.50670e-10 +7.66844e-02
 1.73020e+02 1.04162e+04 6.15392e-10 +7.61327e-02
 2.15443e+02 1.08250e+04 5.74301e-10 +7.43106e-02
 2.68270e+02 1.17512e+04 5.13458e-10 +6.12812e-02
 3.34048e+02 1.56015e+04 3.85475e-10 +1.04221e-03
 4.15956e+02 2.89218e+04 2.38763e-10 -6.14772e-04
 5.17947e+02 2.83036e+04 3.11888e-10 -6.14772e-04
 6.44947e+02 1.31160e+04 7.61171e-10 +6.36738e-02
 8.03086e+02 1.72342e+04 5.85020e-10 +7.33439e-03
 1.00000e+03 3.51881e+04 3.33292e-10 -6.14772e-04
