#n1=128 n2=4 Teff=05900 R=3.6302e+12 L=1.1378e+37 logg=+1.50
#   tau          T          rho         Fconv
 0.00000e+00 3.38243e+03 4.32738e-21 +0.00000e+00
 1.00000e-09 3.38243e+03 3.79986e-16 +0.00000e+00
 1.24520e-09 3.38858e+03 4.86217e-16 +0.00000e+00
 1.55052e-09 3.39541e+03 6.19693e-16 +0.00000e+00
 1.93070e-09 3.40294e+03 7.87176e-16 +0.00000e+00
 2.40410e-09 3.41113e+03 9.96948e-16 +0.00000e+00
 2.99358e-09 3.41997e+03 1.25946e-15 +0.00000e+00
 3.72759e-09 3.42942e+03 1.58751e-15 +0.00000e+00
 4.64159e-09 3.43941e+03 1.99727e-15 +0.00000e+00
 5.77969e-09 3.44990e+03 2.50853e-15 +0.00000e+00
 7.19686e-09 3.46081e+03 3.14630e-15 +0.00000e+00
 8.96151e-09 3.47207e+03 3.94130e-15 +0.00000e+00
 1.11588e-08 3.48360e+03 4.93231e-15 +0.00000e+00
 1.38950e-08 3.49530e+03 6.16699e-15 +0.00000e+00
 1.73020e-08 3.50710e+03 7.70564e-15 +0.00000e+00
 2.15443e-08 3.51893e+03 9.62228e-15 +0.00000e+00
 2.68270e-08 3.53074e+03 1.20106e-14 +0.00000e+00
 3.34048e-08 3.54250e+03 1.49853e-14 +0.00000e+00
 4.15956e-08 3.55423e+03 1.86916e-14 +0.00000e+00
 5.17947e-08 3.56596e+03 2.33071e-14 +0.00000e+00
 6.44947e-08 3.57779e+03 2.90555e-14 +0.00000e+00
 8.03086e-08 3.58985e+03 3.62093e-14 +0.00000e+00
 1.00000e-07 3.60235e+03 4.51104e-14 +0.00000e+00
 1.24520e-07 3.61551e+03 5.61742e-14 +0.00000e+00
 1.55052e-07 3.62950e+03 6.99201e-14 +0.00000e+00
 1.93070e-07 3.64446e+03 8.69806e-14 +0.00000e+00
 2.40410e-07 3.66043e+03 1.08147e-13 +0.00000e+00
 2.99358e-07 3.67744e+03 1.34383e-13 +0.00000e+00
 3.72759e-07 3.69546e+03 1.66895e-13 +0.00000e+00
 4.64159e-07 3.71447e+03 2.07151e-13 +0.00000e+00
 5.77969e-07 3.73439e+03 2.56982e-13 +0.00000e+00
 7.19686e-07 3.75515e+03 3.18631e-13 +0.00000e+00
 8.96151e-07 3.77658e+03 3.94885e-13 +0.00000e+00
 1.11588e-06 3.79857e+03 4.89171e-13 +0.00000e+00
 1.38950e-06 3.82105e+03 6.05706e-13 +0.00000e+00
 1.73020e-06 3.84409e+03 7.49672e-13 +0.00000e+00
 2.15443e-06 3.86756e+03 9.27421e-13 +0.00000e+00
 2.68270e-06 3.89144e+03 1.14681e-12 +0.00000e+00
 3.34048e-06 3.91558e+03 1.41739e-12 +0.00000e+00
 4.15956e-06 3.93997e+03 1.75098e-12 +0.00000e+00
 5.17947e-06 3.96453e+03 2.16180e-12 +0.00000e+00
 6.44947e-06 3.98920e+03 2.66751e-12 +0.00000e+00
 8.03086e-06 4.01391e+03 3.28912e-12 +0.00000e+00
 1.00000e-05 4.03856e+03 4.05271e-12 +0.00000e+00
 1.24520e-05 4.06305e+03 4.98905e-12 +0.00000e+00
 1.55052e-05 4.08729e+03 6.13606e-12 +0.00000e+00
 1.93070e-05 4.11123e+03 7.53794e-12 +0.00000e+00
 2.40410e-05 4.13481e+03 9.24836e-12 +0.00000e+00
 2.99358e-05 4.15807e+03 1.13296e-11 +0.00000e+00
 3.72759e-05 4.18101e+03 1.38548e-11 +0.00000e+00
 4.64159e-05 4.20369e+03 1.69093e-11 +0.00000e+00
 5.77969e-05 4.22616e+03 2.05888e-11 +0.00000e+00
 7.19686e-05 4.24847e+03 2.50062e-11 +0.00000e+00
 8.96151e-05 4.27065e+03 3.02823e-11 +0.00000e+00
 1.11588e-04 4.29275e+03 3.65604e-11 +0.00000e+00
 1.38950e-04 4.31480e+03 4.39894e-11 +0.00000e+00
 1.73020e-04 4.33682e+03 5.27403e-11 +0.00000e+00
 2.15443e-04 4.35885e+03 6.30021e-11 +0.00000e+00
 2.68270e-04 4.38088e+03 7.49653e-11 +0.00000e+00
 3.34048e-04 4.40298e+03 8.88638e-11 +0.00000e+00
 4.15956e-04 4.42520e+03 1.04922e-10 +0.00000e+00
 5.17947e-04 4.44758e+03 1.23396e-10 +0.00000e+00
 6.44947e-04 4.47024e+03 1.44587e-10 +0.00000e+00
 8.03086e-04 4.49326e+03 1.68761e-10 +0.00000e+00
 1.00000e-03 4.51669e+03 1.96263e-10 +0.00000e+00
 1.24520e-03 4.54048e+03 2.27481e-10 -2.54566e-07
 1.55052e-03 4.56496e+03 2.62734e-10 -3.16984e-07
 1.93070e-03 4.59018e+03 3.02461e-10 -3.94708e-07
 2.40410e-03 4.61615e+03 3.47156e-10 -4.91490e-07
 2.99358e-03 4.64302e+03 3.97204e-10 -6.12000e-07
 3.72759e-03 4.67095e+03 4.53123e-10 -7.62062e-07
 4.64159e-03 4.69988e+03 5.15531e-10 -9.48917e-07
 5.77969e-03 4.72987e+03 5.84916e-10 -1.18159e-06
 7.19686e-03 4.76098e+03 6.61828e-10 -1.47131e-06
 8.96151e-03 4.79317e+03 7.46981e-10 -1.83207e-06
 1.11588e-02 4.82624e+03 8.41130e-10 -2.28129e-06
 1.38950e-02 4.86020e+03 9.44802e-10 -2.84065e-06
 1.73020e-02 4.89484e+03 1.05889e-09 -3.53717e-06
 2.15443e-02 4.93103e+03 1.18407e-09 -4.40448e-06
 2.68270e-02 4.96889e+03 1.32094e-09 -5.48446e-06
 3.34048e-02 5.01009e+03 1.46919e-09 -6.82921e-06
 4.15956e-02 5.05444e+03 1.62893e-09 -8.50373e-06
 5.17947e-02 5.10011e+03 1.80108e-09 -1.05888e-05
 6.44947e-02 5.14656e+03 1.98632e-09 -1.31852e-05
 8.03086e-02 5.19057e+03 2.18738e-09 -1.64181e-05
 1.00000e-01 5.24117e+03 2.40073e-09 -2.04438e-05
 1.24520e-01 5.30313e+03 2.62082e-09 -2.54566e-05
 1.55052e-01 5.37926e+03 2.84018e-09 -3.16984e-05
 1.93070e-01 5.47161e+03 3.04958e-09 -3.94708e-05
 2.40410e-01 5.57632e+03 3.24414e-09 -4.91490e-05
 2.99358e-01 5.69135e+03 3.42009e-09 -6.12000e-05
 3.72759e-01 5.80306e+03 3.58698e-09 -7.62062e-05
 4.64159e-01 5.93549e+03 3.72867e-09 -9.48917e-05
 5.77969e-01 6.16367e+03 3.77482e-09 -1.18159e-04
 7.19686e-01 6.36284e+03 3.80674e-09 -1.47131e-04
 8.96151e-01 6.57328e+03 3.80876e-09 -1.83199e-04
 1.11588e+00 6.82234e+03 3.76393e-09 -2.27987e-04
 1.38950e+00 7.05711e+03 3.71062e-09 -2.80334e-04
 1.73020e+00 7.62510e+03 3.42091e-09 +2.01949e-03
 2.15443e+00 7.85959e+03 3.31125e-09 +5.16620e-03
 2.68270e+00 8.05986e+03 3.21481e-09 +1.70153e-02
 3.34048e+00 8.24338e+03 3.12266e-09 +3.32165e-02
 4.15956e+00 8.40354e+03 3.04086e-09 +4.51975e-02
 5.17947e+00 8.54510e+03 2.96818e-09 +5.35071e-02
 6.44947e+00 8.67417e+03 2.90190e-09 +5.93070e-02
 8.03086e+00 8.79518e+03 2.83990e-09 +6.34715e-02
 1.00000e+01 8.91120e+03 2.78073e-09 +6.65534e-02
 1.24520e+01 9.02444e+03 2.72336e-09 +6.88879e-02
 1.55052e+01 9.13660e+03 2.66701e-09 +7.07001e-02
 1.93070e+01 9.24897e+03 2.61116e-09 +7.21250e-02
 2.40410e+01 9.36277e+03 2.55537e-09 +7.32610e-02
 2.99358e+01 9.47902e+03 2.49933e-09 +7.41745e-02
 3.72759e+01 9.59888e+03 2.44278e-09 +7.49111e-02
 4.64159e+01 9.72352e+03 2.38546e-09 +7.55081e-02
 5.77969e+01 9.85435e+03 2.32718e-09 +7.59887e-02
 7.19686e+01 9.99313e+03 2.26777e-09 +7.63697e-02
 8.96151e+01 1.01422e+04 2.20696e-09 +7.66629e-02
 1.11588e+02 1.03049e+04 2.14439e-09 +7.68745e-02
 1.38950e+02 1.04861e+04 2.07970e-09 +7.69974e-02
 1.73020e+02 1.06938e+04 2.01210e-09 +7.70116e-02
 2.15443e+02 1.09426e+04 1.94016e-09 +7.68600e-02
 2.68270e+02 1.12623e+04 1.86089e-09 +7.63681e-02
 3.34048e+02 1.17332e+04 1.76639e-09 +7.48284e-02
 4.15956e+02 1.27214e+04 1.62181e-09 +6.58717e-02
 5.17947e+02 1.63852e+04 1.29352e-09 +1.48897e-02
 6.44947e+02 1.14437e+04 2.22631e-09 +7.73688e-02
 8.03086e+02 1.22655e+04 2.06339e-09 +7.50336e-02
 1.00000e+03 1.54097e+04 1.68704e-09 +4.65757e-02
