#n1=128 n2=4 Teff=05100 R=4.0534e+13 L=7.9102e+38 logg=-0.50
#   tau          T          rho         Fconv
 0.00000e+00 2.16334e+03 6.99478e-21 +0.00000e+00
 1.00000e-09 2.16334e+03 3.80079e-18 +0.00000e+00
 1.24520e-09 2.17648e+03 4.75084e-18 +0.00000e+00
 1.55052e-09 2.18907e+03 5.93666e-18 +0.00000e+00
 1.93070e-09 2.20188e+03 7.41463e-18 +0.00000e+00
 2.40410e-09 2.21495e+03 9.25652e-18 +0.00000e+00
 2.99358e-09 2.22827e+03 1.15516e-17 +0.00000e+00
 3.72759e-09 2.24187e+03 1.44111e-17 +0.00000e+00
 4.64159e-09 2.25575e+03 1.79734e-17 +0.00000e+00
 5.77969e-09 2.26992e+03 2.24105e-17 +0.00000e+00
 7.19686e-09 2.28440e+03 2.79366e-17 +0.00000e+00
 8.96151e-09 2.29919e+03 3.48182e-17 +0.00000e+00
 1.11588e-08 2.31431e+03 4.33865e-17 +0.00000e+00
 1.38950e-08 2.32977e+03 5.40536e-17 +0.00000e+00
 1.73020e-08 2.34559e+03 6.73314e-17 +0.00000e+00
 2.15443e-08 2.36180e+03 8.38559e-17 +0.00000e+00
 2.68270e-08 2.37845e+03 1.04416e-16 +0.00000e+00
 3.34048e-08 2.39556e+03 1.29993e-16 +0.00000e+00
 4.15956e-08 2.41320e+03 1.61799e-16 +0.00000e+00
 5.17947e-08 2.43144e+03 2.01341e-16 +0.00000e+00
 6.44947e-08 2.45034e+03 2.50480e-16 +0.00000e+00
 8.03086e-08 2.46999e+03 3.11520e-16 +0.00000e+00
 1.00000e-07 2.49050e+03 3.87305e-16 +0.00000e+00
 1.24520e-07 2.51199e+03 4.81344e-16 +0.00000e+00
 1.55052e-07 2.53459e+03 5.97958e-16 +0.00000e+00
 1.93070e-07 2.55847e+03 7.42464e-16 +0.00000e+00
 2.40410e-07 2.58379e+03 9.21387e-16 +0.00000e+00
 2.99358e-07 2.61078e+03 1.14273e-15 +0.00000e+00
 3.72759e-07 2.63967e+03 1.41627e-15 +0.00000e+00
 4.64159e-07 2.67071e+03 1.75397e-15 +0.00000e+00
 5.77969e-07 2.70422e+03 2.17041e-15 +0.00000e+00
 7.19686e-07 2.74048e+03 2.68338e-15 +0.00000e+00
 8.96151e-07 2.77979e+03 3.31459e-15 +0.00000e+00
 1.11588e-06 2.82235e+03 4.09063e-15 +0.00000e+00
 1.38950e-06 2.86808e+03 5.04455e-15 +0.00000e+00
 1.73020e-06 2.91609e+03 6.21872e-15 +0.00000e+00
 2.15443e-06 2.95761e+03 7.68716e-15 +0.00000e+00
 2.68270e-06 3.00802e+03 9.47857e-15 +0.00000e+00
 3.34048e-06 3.05629e+03 1.17019e-14 +0.00000e+00
 4.15956e-06 3.10143e+03 1.44688e-14 +0.00000e+00
 5.17947e-06 3.14347e+03 1.79158e-14 +0.00000e+00
 6.44947e-06 3.18281e+03 2.22116e-14 +0.00000e+00
 8.03086e-06 3.21991e+03 2.75662e-14 +0.00000e+00
 1.00000e-05 3.25512e+03 3.42417e-14 +0.00000e+00
 1.24520e-05 3.28867e+03 4.25659e-14 +0.00000e+00
 1.55052e-05 3.32071e+03 5.29493e-14 +0.00000e+00
 1.93070e-05 3.35135e+03 6.59055e-14 +0.00000e+00
 2.40410e-05 3.38070e+03 8.20757e-14 +0.00000e+00
 2.99358e-05 3.40887e+03 1.02262e-13 +0.00000e+00
 3.72759e-05 3.43597e+03 1.27467e-13 +0.00000e+00
 4.64159e-05 3.46203e+03 1.58945e-13 +0.00000e+00
 5.77969e-05 3.48712e+03 1.98263e-13 +0.00000e+00
 7.19686e-05 3.51123e+03 2.47386e-13 +0.00000e+00
 8.96151e-05 3.53446e+03 3.08761e-13 +0.00000e+00
 1.11588e-04 3.55690e+03 3.85443e-13 +0.00000e+00
 1.38950e-04 3.57870e+03 4.81232e-13 +0.00000e+00
 1.73020e-04 3.59993e+03 6.00870e-13 +0.00000e+00
 2.15443e-04 3.62075e+03 7.50239e-13 +0.00000e+00
 2.68270e-04 3.64122e+03 9.36659e-13 +0.00000e+00
 3.34048e-04 3.66142e+03 1.16920e-12 +0.00000e+00
 4.15956e-04 3.68148e+03 1.45907e-12 +0.00000e+00
 5.17947e-04 3.70163e+03 1.82002e-12 +0.00000e+00
 6.44947e-04 3.72204e+03 2.26897e-12 +0.00000e+00
 8.03086e-04 3.74284e+03 2.82662e-12 +0.00000e+00
 1.00000e-03 3.76409e+03 3.51827e-12 +0.00000e+00
 1.24520e-03 3.78576e+03 4.37474e-12 -2.54876e-07
 1.55052e-03 3.80820e+03 5.43280e-12 -3.17371e-07
 1.93070e-03 3.83147e+03 6.73683e-12 -3.95189e-07
 2.40410e-03 3.85554e+03 8.33988e-12 -4.92087e-07
 2.99358e-03 3.88057e+03 1.03045e-11 -6.12748e-07
 3.72759e-03 3.90674e+03 1.27036e-11 -7.62990e-07
 4.64159e-03 3.93396e+03 1.56231e-11 -9.50073e-07
 5.77969e-03 3.96228e+03 1.91617e-11 -1.18303e-06
 7.19686e-03 3.99173e+03 2.34322e-11 -1.47310e-06
 8.96151e-03 4.02231e+03 2.85626e-11 -1.83431e-06
 1.11588e-02 4.05382e+03 3.46985e-11 -2.28407e-06
 1.38950e-02 4.08631e+03 4.20010e-11 -2.84413e-06
 1.73020e-02 4.11955e+03 5.06505e-11 -3.54150e-06
 2.15443e-02 4.15446e+03 6.08312e-11 -4.40986e-06
 2.68270e-02 4.19122e+03 7.27480e-11 -5.49113e-06
 3.34048e-02 4.23151e+03 8.65903e-11 -6.83754e-06
 4.15956e-02 4.27482e+03 1.02586e-10 -8.51408e-06
 5.17947e-02 4.31875e+03 1.21024e-10 -1.06017e-05
 6.44947e-02 4.36169e+03 1.42207e-10 -1.32012e-05
 8.03086e-02 4.39947e+03 1.66592e-10 -1.64381e-05
 1.00000e-01 4.44287e+03 1.94085e-10 -2.04687e-05
 1.24520e-01 4.49619e+03 2.24583e-10 -2.54876e-05
 1.55052e-01 4.56407e+03 2.57607e-10 -3.17371e-05
 1.93070e-01 4.64863e+03 2.92219e-10 -3.95189e-05
 2.40410e-01 4.74188e+03 3.27713e-10 -4.92087e-05
 2.99358e-01 4.84426e+03 3.62704e-10 -6.12748e-05
 3.72759e-01 4.95247e+03 3.96184e-10 -7.62990e-05
 4.64159e-01 5.07714e+03 4.25899e-10 -9.50073e-05
 5.77969e-01 5.23465e+03 4.48191e-10 -1.18303e-04
 7.19686e-01 5.40308e+03 4.63888e-10 -1.47310e-04
 8.96151e-01 5.56464e+03 4.75744e-10 -1.83431e-04
 1.11588e+00 5.79801e+03 4.76194e-10 -2.28407e-04
 1.38950e+00 6.06001e+03 4.69156e-10 -2.84413e-04
 1.73020e+00 6.38164e+03 4.52712e-10 -3.54137e-04
 2.15443e+00 6.59964e+03 4.42327e-10 -4.40785e-04
 2.68270e+00 7.03229e+03 4.11818e-10 -4.53700e-04
 3.34048e+00 7.64544e+03 3.60012e-10 +2.60910e-02
 4.15956e+00 7.77712e+03 3.48709e-10 +3.89428e-02
 5.17947e+00 7.89598e+03 3.38274e-10 +4.85150e-02
 6.44947e+00 8.00544e+03 3.28508e-10 +5.53579e-02
 8.03086e+00 8.10871e+03 3.19188e-10 +6.02997e-02
 1.00000e+01 8.20834e+03 3.10134e-10 +6.39476e-02
 1.24520e+01 8.30627e+03 3.01211e-10 +6.66989e-02
 1.55052e+01 8.40411e+03 2.92314e-10 +6.88116e-02
 1.93070e+01 8.50325e+03 2.83363e-10 +7.04544e-02
 2.40410e+01 8.60507e+03 2.74292e-10 +7.17409e-02
 2.99358e+01 8.71104e+03 2.65044e-10 +7.27479e-02
 3.72759e+01 8.82291e+03 2.55569e-10 +7.35257e-02
 4.64159e+01 8.94295e+03 2.45813e-10 +7.41054e-02
 5.77969e+01 9.07439e+03 2.35714e-10 +7.44967e-02
 7.19686e+01 9.22225e+03 2.25190e-10 +7.46828e-02
 8.96151e+01 9.39519e+03 2.14102e-10 +7.45925e-02
 1.11588e+02 9.61042e+03 2.02189e-10 +7.40060e-02
 1.38950e+02 9.91087e+03 1.88812e-10 +7.20909e-02
 1.73020e+02 1.04682e+04 1.71576e-10 +6.26642e-02
 2.15443e+02 2.10554e+04 8.17597e-11 -6.14061e-04
 2.68270e+02 2.02595e+04 9.21763e-11 -6.14061e-04
 3.34048e+02 2.37517e+04 8.76253e-11 -6.14061e-04
 4.15956e+02 2.47785e+04 9.61739e-11 -6.14061e-04
 5.17947e+02 2.19027e+04 1.23680e-10 -6.14061e-04
 6.44947e+02 2.41865e+04 1.28333e-10 -6.14061e-04
 8.03086e+02 3.02283e+04 1.23833e-10 -6.14061e-04
 1.00000e+03 2.81324e+04 1.65930e-10 -6.14061e-04
