#n1=128 n2=4 Teff=05100 R=3.8041e+11 L=6.9732e+34 logg=+3.00
#   tau          T          rho         Fconv
 0.00000e+00 3.78513e+03 2.80101e-21 +0.00000e+00
 1.00000e-09 3.78513e+03 8.92146e-15 +0.00000e+00
 1.24520e-09 3.78590e+03 1.18259e-14 +0.00000e+00
 1.55052e-09 3.78661e+03 1.55779e-14 +0.00000e+00
 1.93070e-09 3.78727e+03 2.04049e-14 +0.00000e+00
 2.40410e-09 3.78788e+03 2.65924e-14 +0.00000e+00
 2.99358e-09 3.78848e+03 3.44979e-14 +0.00000e+00
 3.72759e-09 3.78907e+03 4.45691e-14 +0.00000e+00
 4.64159e-09 3.78968e+03 5.73660e-14 +0.00000e+00
 5.77969e-09 3.79032e+03 7.35890e-14 +0.00000e+00
 7.19686e-09 3.79099e+03 9.41135e-14 +0.00000e+00
 8.96151e-09 3.79169e+03 1.20033e-13 +0.00000e+00
 1.11588e-08 3.79243e+03 1.52715e-13 +0.00000e+00
 1.38950e-08 3.79320e+03 1.93864e-13 +0.00000e+00
 1.73020e-08 3.79401e+03 2.45609e-13 +0.00000e+00
 2.15443e-08 3.79488e+03 3.10604e-13 +0.00000e+00
 2.68270e-08 3.79581e+03 3.92159e-13 +0.00000e+00
 3.34048e-08 3.79681e+03 4.94399e-13 +0.00000e+00
 4.15956e-08 3.79789e+03 6.22463e-13 +0.00000e+00
 5.17947e-08 3.79906e+03 7.82754e-13 +0.00000e+00
 6.44947e-08 3.80034e+03 9.83242e-13 +0.00000e+00
 8.03086e-08 3.80173e+03 1.23385e-12 +0.00000e+00
 1.00000e-07 3.80325e+03 1.54692e-12 +0.00000e+00
 1.24520e-07 3.80491e+03 1.93780e-12 +0.00000e+00
 1.55052e-07 3.80672e+03 2.42559e-12 +0.00000e+00
 1.93070e-07 3.80871e+03 3.03402e-12 +0.00000e+00
 2.40410e-07 3.81087e+03 3.79255e-12 +0.00000e+00
 2.99358e-07 3.81323e+03 4.73779e-12 +0.00000e+00
 3.72759e-07 3.81580e+03 5.91518e-12 +0.00000e+00
 4.64159e-07 3.81860e+03 7.38106e-12 +0.00000e+00
 5.77969e-07 3.82164e+03 9.20530e-12 +0.00000e+00
 7.19686e-07 3.82495e+03 1.14744e-11 +0.00000e+00
 8.96151e-07 3.82856e+03 1.42955e-11 +0.00000e+00
 1.11588e-06 3.83250e+03 1.78008e-11 +0.00000e+00
 1.38950e-06 3.83681e+03 2.21540e-11 +0.00000e+00
 1.73020e-06 3.84154e+03 2.75564e-11 +0.00000e+00
 2.15443e-06 3.84671e+03 3.42564e-11 +0.00000e+00
 2.68270e-06 3.85239e+03 4.25591e-11 +0.00000e+00
 3.34048e-06 3.85858e+03 5.28392e-11 +0.00000e+00
 4.15956e-06 3.86532e+03 6.55555e-11 +0.00000e+00
 5.17947e-06 3.87260e+03 8.12692e-11 +0.00000e+00
 6.44947e-06 3.88043e+03 1.00664e-10 +0.00000e+00
 8.03086e-06 3.88877e+03 1.24573e-10 +0.00000e+00
 1.00000e-05 3.89760e+03 1.54005e-10 +0.00000e+00
 1.24520e-05 3.90688e+03 1.90178e-10 +0.00000e+00
 1.55052e-05 3.91656e+03 2.34559e-10 +0.00000e+00
 1.93070e-05 3.92659e+03 2.88905e-10 +0.00000e+00
 2.40410e-05 3.93692e+03 3.55309e-10 +0.00000e+00
 2.99358e-05 3.94754e+03 4.36253e-10 +0.00000e+00
 3.72759e-05 3.95840e+03 5.34657e-10 +0.00000e+00
 4.64159e-05 3.96952e+03 6.53937e-10 +0.00000e+00
 5.77969e-05 3.98089e+03 7.98055e-10 +0.00000e+00
 7.19686e-05 3.99249e+03 9.71584e-10 +0.00000e+00
 8.96151e-05 4.00431e+03 1.17975e-09 +0.00000e+00
 1.11588e-04 4.01630e+03 1.42852e-09 +0.00000e+00
 1.38950e-04 4.02839e+03 1.72464e-09 +0.00000e+00
 1.73020e-04 4.04050e+03 2.07575e-09 +0.00000e+00
 2.15443e-04 4.05252e+03 2.49050e-09 +0.00000e+00
 2.68270e-04 4.06434e+03 2.97870e-09 +0.00000e+00
 3.34048e-04 4.07587e+03 3.55149e-09 +0.00000e+00
 4.15956e-04 4.08700e+03 4.22160e-09 +0.00000e+00
 5.17947e-04 4.09766e+03 5.00361e-09 +0.00000e+00
 6.44947e-04 4.10779e+03 5.91434e-09 +0.00000e+00
 8.03086e-04 4.11734e+03 6.97319e-09 +0.00000e+00
 1.00000e-03 4.12627e+03 8.20273e-09 +0.00000e+00
 1.24520e-03 4.13457e+03 9.62918e-09 -2.54653e-07
 1.55052e-03 4.14223e+03 1.12830e-08 -3.17093e-07
 1.93070e-03 4.14933e+03 1.31994e-08 -3.94843e-07
 2.40410e-03 4.15597e+03 1.54188e-08 -4.91656e-07
 2.99358e-03 4.16232e+03 1.79864e-08 -6.12211e-07
 3.72759e-03 4.16860e+03 2.09529e-08 -7.62321e-07
 4.64159e-03 4.17504e+03 2.43736e-08 -9.49241e-07
 5.77969e-03 4.18185e+03 2.83084e-08 -1.18199e-06
 7.19686e-03 4.18929e+03 3.28203e-08 -1.47181e-06
 8.96151e-03 4.19756e+03 3.79752e-08 -1.83270e-06
 1.11588e-02 4.20688e+03 4.38394e-08 -2.28207e-06
 1.38950e-02 4.21749e+03 5.04776e-08 -2.84163e-06
 1.73020e-02 4.22966e+03 5.79491e-08 -3.53840e-06
 2.15443e-02 4.24367e+03 6.63036e-08 -4.40600e-06
 2.68270e-02 4.25987e+03 7.55740e-08 -5.48632e-06
 3.34048e-02 4.27865e+03 8.57698e-08 -6.83155e-06
 4.15956e-02 4.30046e+03 9.68684e-08 -8.50662e-06
 5.17947e-02 4.32582e+03 1.08806e-07 -1.05924e-05
 6.44947e-02 4.35533e+03 1.21467e-07 -1.31897e-05
 8.03086e-02 4.38968e+03 1.34680e-07 -1.64237e-05
 1.00000e-01 4.42970e+03 1.48208e-07 -2.04508e-05
 1.24520e-01 4.47636e+03 1.61750e-07 -2.54653e-05
 1.55052e-01 4.53083e+03 1.74943e-07 -3.17093e-05
 1.93070e-01 4.59455e+03 1.87373e-07 -3.94843e-05
 2.40410e-01 4.66925e+03 1.98599e-07 -4.91656e-05
 2.99358e-01 4.75703e+03 2.08177e-07 -6.12211e-05
 3.72759e-01 4.85953e+03 2.15753e-07 -7.55940e-05
 4.64159e-01 4.97789e+03 2.21123e-07 -3.57037e-05
 5.77969e-01 5.10925e+03 2.24465e-07 +6.90079e-04
 7.19686e-01 5.25479e+03 2.25852e-07 +4.07032e-03
 8.96151e-01 5.38831e+03 2.26845e-07 +8.60410e-03
 1.11588e+00 5.51487e+03 2.27585e-07 +1.41581e-02
 1.38950e+00 5.63633e+03 2.28201e-07 +2.04883e-02
 1.73020e+00 5.75502e+03 2.28727e-07 +2.78661e-02
 2.15443e+00 5.87305e+03 2.29160e-07 +3.66386e-02
 2.68270e+00 5.99222e+03 2.29482e-07 +4.73193e-02
 3.34048e+00 6.11323e+03 2.29697e-07 +5.58487e-02
 4.15956e+00 6.23266e+03 2.29979e-07 +5.96924e-02
 5.17947e+00 6.35074e+03 2.30364e-07 +6.28119e-02
 6.44947e+00 6.46836e+03 2.30853e-07 +6.53658e-02
 8.03086e+00 6.58615e+03 2.31452e-07 +6.74920e-02
 1.00000e+01 6.70447e+03 2.32169e-07 +6.92882e-02
 1.24520e+01 6.82351e+03 2.33020e-07 +7.08091e-02
 1.55052e+01 6.94345e+03 2.34014e-07 +7.21008e-02
 1.93070e+01 7.06438e+03 2.35168e-07 +7.32044e-02
 2.40410e+01 7.18632e+03 2.36497e-07 +7.41474e-02
 2.99358e+01 7.30929e+03 2.38016e-07 +7.49538e-02
 3.72759e+01 7.43325e+03 2.39743e-07 +7.56456e-02
 4.64159e+01 7.55806e+03 2.41699e-07 +7.62410e-02
 5.77969e+01 7.68355e+03 2.43907e-07 +7.67521e-02
 7.19686e+01 7.80958e+03 2.46390e-07 +7.71887e-02
 8.96151e+01 7.93611e+03 2.49168e-07 +7.75590e-02
 1.11588e+02 8.06321e+03 2.52261e-07 +7.78727e-02
 1.38950e+02 8.19088e+03 2.55685e-07 +7.81395e-02
 1.73020e+02 8.31907e+03 2.59464e-07 +7.83661e-02
 2.15443e+02 8.44772e+03 2.63622e-07 +7.85586e-02
 2.68270e+02 8.57693e+03 2.68176e-07 +7.87198e-02
 3.34048e+02 8.70682e+03 2.73144e-07 +7.88569e-02
 4.15956e+02 8.83708e+03 2.78561e-07 +7.89753e-02
 5.17947e+02 8.96708e+03 2.84483e-07 +7.90783e-02
 6.44947e+02 9.09617e+03 2.90977e-07 +7.91660e-02
 8.03086e+02 9.22405e+03 2.98109e-07 +7.92400e-02
 1.00000e+03 9.35066e+03 3.05948e-07 +7.93016e-02
