#n1=128 n2=4 Teff=05900 R=2.2905e+11 L=4.5293e+34 logg=+3.50
#   tau          T          rho         Fconv
 0.00000e+00 3.24107e+03 4.73617e-21 +0.00000e+00
 1.00000e-09 3.24107e+03 4.59954e-14 +0.00000e+00
 1.24520e-09 3.23930e+03 5.73471e-14 +0.00000e+00
 1.55052e-09 3.23983e+03 7.14455e-14 +0.00000e+00
 1.93070e-09 3.24349e+03 8.89144e-14 +0.00000e+00
 2.40410e-09 3.25043e+03 1.10528e-13 +0.00000e+00
 2.99358e-09 3.26070e+03 1.37224e-13 +0.00000e+00
 3.72759e-09 3.27393e+03 1.70170e-13 +0.00000e+00
 4.64159e-09 3.28971e+03 2.10782e-13 +0.00000e+00
 5.77969e-09 3.30750e+03 2.60827e-13 +0.00000e+00
 7.19686e-09 3.32678e+03 3.22444e-13 +0.00000e+00
 8.96151e-09 3.34709e+03 3.98297e-13 +0.00000e+00
 1.11588e-08 3.36797e+03 4.91604e-13 +0.00000e+00
 1.38950e-08 3.38908e+03 6.06347e-13 +0.00000e+00
 1.73020e-08 3.41012e+03 7.47313e-13 +0.00000e+00
 2.15443e-08 3.43094e+03 9.20363e-13 +0.00000e+00
 2.68270e-08 3.45142e+03 1.13250e-12 +0.00000e+00
 3.34048e-08 3.47171e+03 1.39209e-12 +0.00000e+00
 4.15956e-08 3.49194e+03 1.70910e-12 +0.00000e+00
 5.17947e-08 3.51251e+03 2.09507e-12 +0.00000e+00
 6.44947e-08 3.53370e+03 2.56370e-12 +0.00000e+00
 8.03086e-08 3.55584e+03 3.13052e-12 +0.00000e+00
 1.00000e-07 3.57897e+03 3.81423e-12 +0.00000e+00
 1.24520e-07 3.60300e+03 4.63569e-12 +0.00000e+00
 1.55052e-07 3.62773e+03 5.62015e-12 +0.00000e+00
 1.93070e-07 3.65296e+03 6.79527e-12 +0.00000e+00
 2.40410e-07 3.67864e+03 8.19341e-12 +0.00000e+00
 2.99358e-07 3.70466e+03 9.85082e-12 +0.00000e+00
 3.72759e-07 3.73100e+03 1.18073e-11 +0.00000e+00
 4.64159e-07 3.75753e+03 1.41106e-11 +0.00000e+00
 5.77969e-07 3.78417e+03 1.68098e-11 +0.00000e+00
 7.19686e-07 3.81079e+03 1.99648e-11 +0.00000e+00
 8.96151e-07 3.83729e+03 2.36396e-11 +0.00000e+00
 1.11588e-06 3.86361e+03 2.79035e-11 +0.00000e+00
 1.38950e-06 3.88967e+03 3.28421e-11 +0.00000e+00
 1.73020e-06 3.91544e+03 3.85401e-11 +0.00000e+00
 2.15443e-06 3.94091e+03 4.50977e-11 +0.00000e+00
 2.68270e-06 3.96606e+03 5.26322e-11 +0.00000e+00
 3.34048e-06 3.99090e+03 6.12595e-11 +0.00000e+00
 4.15956e-06 4.01546e+03 7.11203e-11 +0.00000e+00
 5.17947e-06 4.03973e+03 8.23768e-11 +0.00000e+00
 6.44947e-06 4.06375e+03 9.51935e-11 +0.00000e+00
 8.03086e-06 4.08755e+03 1.09773e-10 +0.00000e+00
 1.00000e-05 4.11113e+03 1.26347e-10 +0.00000e+00
 1.24520e-05 4.13453e+03 1.45144e-10 +0.00000e+00
 1.55052e-05 4.15777e+03 1.66444e-10 +0.00000e+00
 1.93070e-05 4.18087e+03 1.90586e-10 +0.00000e+00
 2.40410e-05 4.20385e+03 2.17895e-10 +0.00000e+00
 2.99358e-05 4.22674e+03 2.48754e-10 +0.00000e+00
 3.72759e-05 4.24958e+03 2.83653e-10 +0.00000e+00
 4.64159e-05 4.27240e+03 3.23067e-10 +0.00000e+00
 5.77969e-05 4.29524e+03 3.67520e-10 +0.00000e+00
 7.19686e-05 4.31814e+03 4.17693e-10 +0.00000e+00
 8.96151e-05 4.34113e+03 4.74306e-10 +0.00000e+00
 1.11588e-04 4.36421e+03 5.38103e-10 +0.00000e+00
 1.38950e-04 4.38740e+03 6.09975e-10 +0.00000e+00
 1.73020e-04 4.41068e+03 6.91029e-10 +0.00000e+00
 2.15443e-04 4.43406e+03 7.82347e-10 +0.00000e+00
 2.68270e-04 4.45750e+03 8.85130e-10 +0.00000e+00
 3.34048e-04 4.48098e+03 1.00092e-09 +0.00000e+00
 4.15956e-04 4.50448e+03 1.13138e-09 +0.00000e+00
 5.17947e-04 4.52795e+03 1.27821e-09 +0.00000e+00
 6.44947e-04 4.55137e+03 1.44341e-09 +0.00000e+00
 8.03086e-04 4.57469e+03 1.62950e-09 +0.00000e+00
 1.00000e-03 4.59791e+03 1.83896e-09 +0.00000e+00
 1.24520e-03 4.62102e+03 2.07454e-09 -2.54586e-07
 1.55052e-03 4.64406e+03 2.33952e-09 -3.17009e-07
 1.93070e-03 4.66710e+03 2.63780e-09 -3.94739e-07
 2.40410e-03 4.69017e+03 2.97320e-09 -4.91528e-07
 2.99358e-03 4.71343e+03 3.35003e-09 -6.12049e-07
 3.72759e-03 4.73697e+03 3.77376e-09 -7.62121e-07
 4.64159e-03 4.76097e+03 4.25013e-09 -9.48992e-07
 5.77969e-03 4.78548e+03 4.78521e-09 -1.18168e-06
 7.19686e-03 4.81078e+03 5.38580e-09 -1.47143e-06
 8.96151e-03 4.83705e+03 6.06058e-09 -1.83221e-06
 1.11588e-02 4.86450e+03 6.81810e-09 -2.28146e-06
 1.38950e-02 4.89344e+03 7.66758e-09 -2.84088e-06
 1.73020e-02 4.92412e+03 8.61991e-09 -3.53745e-06
 2.15443e-02 4.95697e+03 9.68778e-09 -4.40482e-06
 2.68270e-02 4.99229e+03 1.08837e-08 -5.48489e-06
 3.34048e-02 5.03061e+03 1.22213e-08 -6.82975e-06
 4.15956e-02 5.07242e+03 1.37163e-08 -8.50439e-06
 5.17947e-02 5.11840e+03 1.53851e-08 -1.05896e-05
 6.44947e-02 5.16926e+03 1.72434e-08 -1.31862e-05
 8.03086e-02 5.22591e+03 1.93071e-08 -1.64194e-05
 1.00000e-01 5.28919e+03 2.15911e-08 -2.04454e-05
 1.24520e-01 5.36040e+03 2.41029e-08 -2.54586e-05
 1.55052e-01 5.44048e+03 2.68448e-08 -3.17009e-05
 1.93070e-01 5.53089e+03 2.98031e-08 -3.94739e-05
 2.40410e-01 5.63319e+03 3.29332e-08 -4.91528e-05
 2.99358e-01 5.74864e+03 3.61665e-08 -6.12049e-05
 3.72759e-01 5.88145e+03 3.93766e-08 -7.62121e-05
 4.64159e-01 6.02899e+03 4.24497e-08 -9.48992e-05
 5.77969e-01 6.17826e+03 4.53995e-08 -1.18168e-04
 7.19686e-01 6.38467e+03 4.76318e-08 -1.47141e-04
 8.96151e-01 6.63998e+03 4.89717e-08 -1.83064e-04
 1.11588e+00 6.89433e+03 4.98388e-08 -2.24320e-04
 1.38950e+00 7.27726e+03 4.91659e-08 -1.32561e-04
 1.73020e+00 7.59816e+03 4.85094e-08 +7.31161e-04
 2.15443e+00 7.92661e+03 4.74961e-08 +6.42850e-03
 2.68270e+00 8.13762e+03 4.71434e-08 +1.42492e-02
 3.34048e+00 8.33489e+03 4.68164e-08 +2.64701e-02
 4.15956e+00 8.51728e+03 4.65408e-08 +3.78247e-02
 5.17947e+00 8.68508e+03 4.63335e-08 +4.67176e-02
 6.44947e+00 8.84085e+03 4.61938e-08 +5.36327e-02
 8.03086e+00 8.98657e+03 4.61226e-08 +5.90180e-02
 1.00000e+01 9.12434e+03 4.61180e-08 +6.31313e-02
 1.24520e+01 9.25617e+03 4.61770e-08 +6.63151e-02
 1.55052e+01 9.38351e+03 4.62990e-08 +6.88163e-02
 1.93070e+01 9.50743e+03 4.64854e-08 +7.07998e-02
 2.40410e+01 9.62886e+03 4.67385e-08 +7.23783e-02
 2.99358e+01 9.74856e+03 4.70610e-08 +7.36484e-02
 3.72759e+01 9.86708e+03 4.74573e-08 +7.46794e-02
 4.64159e+01 9.98486e+03 4.79334e-08 +7.55209e-02
 5.77969e+01 1.01022e+04 4.84964e-08 +7.62162e-02
 7.19686e+01 1.02191e+04 4.91572e-08 +7.67913e-02
 8.96151e+01 1.03358e+04 4.99248e-08 +7.72602e-02
 1.11588e+02 1.04530e+04 5.08064e-08 +7.76402e-02
 1.38950e+02 1.05713e+04 5.18120e-08 +7.79462e-02
 1.73020e+02 1.06917e+04 5.29464e-08 +7.81961e-02
 2.15443e+02 1.08145e+04 5.42137e-08 +7.84047e-02
 2.68270e+02 1.09401e+04 5.56232e-08 +7.85785e-02
 3.34048e+02 1.10689e+04 5.71794e-08 +7.87245e-02
 4.15956e+02 1.12013e+04 5.88908e-08 +7.88475e-02
 5.17947e+02 1.13375e+04 6.07627e-08 +7.89519e-02
 6.44947e+02 1.14777e+04 6.28025e-08 +7.90408e-02
 8.03086e+02 1.16221e+04 6.50194e-08 +7.91169e-02
 1.00000e+03 1.17708e+04 6.74649e-08 +7.91813e-02
