#n1=128 n2=4 Teff=05700 R=1.2807e+13 L=1.2310e+38 logg=+0.50
#   tau          T          rho         Fconv
 0.00000e+00 3.22440e+03 4.64261e-21 +0.00000e+00
 1.00000e-09 3.22440e+03 3.28451e-17 +0.00000e+00
 1.24520e-09 3.23086e+03 4.21220e-17 +0.00000e+00
 1.55052e-09 3.23785e+03 5.38054e-17 +0.00000e+00
 1.93070e-09 3.24547e+03 6.84938e-17 +0.00000e+00
 2.40410e-09 3.25371e+03 8.69334e-17 +0.00000e+00
 2.99358e-09 3.26253e+03 1.10054e-16 +0.00000e+00
 3.72759e-09 3.27186e+03 1.39015e-16 +0.00000e+00
 4.64159e-09 3.28163e+03 1.75263e-16 +0.00000e+00
 5.77969e-09 3.29173e+03 2.20607e-16 +0.00000e+00
 7.19686e-09 3.30206e+03 2.77307e-16 +0.00000e+00
 8.96151e-09 3.31255e+03 3.48188e-16 +0.00000e+00
 1.11588e-08 3.32313e+03 4.36779e-16 +0.00000e+00
 1.38950e-08 3.33378e+03 5.47485e-16 +0.00000e+00
 1.73020e-08 3.34452e+03 6.85797e-16 +0.00000e+00
 2.15443e-08 3.35536e+03 8.58555e-16 +0.00000e+00
 2.68270e-08 3.36637e+03 1.07428e-15 +0.00000e+00
 3.34048e-08 3.37755e+03 1.34357e-15 +0.00000e+00
 4.15956e-08 3.38891e+03 1.67968e-15 +0.00000e+00
 5.17947e-08 3.40041e+03 2.09910e-15 +0.00000e+00
 6.44947e-08 3.41202e+03 2.62241e-15 +0.00000e+00
 8.03086e-08 3.42375e+03 3.27526e-15 +0.00000e+00
 1.00000e-07 3.43565e+03 4.08951e-15 +0.00000e+00
 1.24520e-07 3.44785e+03 5.10468e-15 +0.00000e+00
 1.55052e-07 3.46051e+03 6.36967e-15 +0.00000e+00
 1.93070e-07 3.47380e+03 7.94496e-15 +0.00000e+00
 2.40410e-07 3.48791e+03 9.90525e-15 +0.00000e+00
 2.99358e-07 3.50295e+03 1.23429e-14 +0.00000e+00
 3.72759e-07 3.51900e+03 1.53718e-14 +0.00000e+00
 4.64159e-07 3.53608e+03 1.91334e-14 +0.00000e+00
 5.77969e-07 3.55414e+03 2.38023e-14 +0.00000e+00
 7.19686e-07 3.57312e+03 2.95948e-14 +0.00000e+00
 8.96151e-07 3.59294e+03 3.67786e-14 +0.00000e+00
 1.11588e-06 3.61355e+03 4.56845e-14 +0.00000e+00
 1.38950e-06 3.63495e+03 5.67208e-14 +0.00000e+00
 1.73020e-06 3.65719e+03 7.03900e-14 +0.00000e+00
 2.15443e-06 3.68032e+03 8.73109e-14 +0.00000e+00
 2.68270e-06 3.70437e+03 1.08245e-13 +0.00000e+00
 3.34048e-06 3.72929e+03 1.34131e-13 +0.00000e+00
 4.15956e-06 3.75497e+03 1.66127e-13 +0.00000e+00
 5.17947e-06 3.78124e+03 2.05666e-13 +0.00000e+00
 6.44947e-06 3.80789e+03 2.54518e-13 +0.00000e+00
 8.03086e-06 3.83473e+03 3.14875e-13 +0.00000e+00
 1.00000e-05 3.86155e+03 3.89452e-13 +0.00000e+00
 1.24520e-05 3.88815e+03 4.81615e-13 +0.00000e+00
 1.55052e-05 3.91439e+03 5.95529e-13 +0.00000e+00
 1.93070e-05 3.94017e+03 7.36355e-13 +0.00000e+00
 2.40410e-05 3.96546e+03 9.10463e-13 +0.00000e+00
 2.99358e-05 3.99026e+03 1.12572e-12 +0.00000e+00
 3.72759e-05 4.01460e+03 1.39181e-12 +0.00000e+00
 4.64159e-05 4.03852e+03 1.72063e-12 +0.00000e+00
 5.77969e-05 4.06205e+03 2.12680e-12 +0.00000e+00
 7.19686e-05 4.08524e+03 2.62819e-12 +0.00000e+00
 8.96151e-05 4.10811e+03 3.24658e-12 +0.00000e+00
 1.11588e-04 4.13071e+03 4.00843e-12 +0.00000e+00
 1.38950e-04 4.15309e+03 4.94569e-12 +0.00000e+00
 1.73020e-04 4.17530e+03 6.09674e-12 +0.00000e+00
 2.15443e-04 4.19739e+03 7.50738e-12 +0.00000e+00
 2.68270e-04 4.21938e+03 9.23198e-12 +0.00000e+00
 3.34048e-04 4.24133e+03 1.13343e-11 +0.00000e+00
 4.15956e-04 4.26330e+03 1.38888e-11 +0.00000e+00
 5.17947e-04 4.28535e+03 1.69810e-11 +0.00000e+00
 6.44947e-04 4.30760e+03 2.07082e-11 +0.00000e+00
 8.03086e-04 4.33015e+03 2.51800e-11 +0.00000e+00
 1.00000e-03 4.35306e+03 3.05184e-11 +0.00000e+00
 1.24520e-03 4.37631e+03 3.68585e-11 -2.55113e-07
 1.55052e-03 4.40021e+03 4.43442e-11 -3.17666e-07
 1.93070e-03 4.42483e+03 5.31308e-11 -3.95557e-07
 2.40410e-03 4.45022e+03 6.33837e-11 -4.92546e-07
 2.99358e-03 4.47650e+03 7.52752e-11 -6.13317e-07
 3.72759e-03 4.50385e+03 8.89826e-11 -7.63700e-07
 4.64159e-03 4.53222e+03 1.04692e-10 -9.50958e-07
 5.77969e-03 4.56165e+03 1.22595e-10 -1.18413e-06
 7.19686e-03 4.59220e+03 1.42883e-10 -1.47447e-06
 8.96151e-03 4.62385e+03 1.65754e-10 -1.83601e-06
 1.11588e-02 4.65641e+03 1.91420e-10 -2.28619e-06
 1.38950e-02 4.68992e+03 2.20092e-10 -2.84677e-06
 1.73020e-02 4.72417e+03 2.52003e-10 -3.54479e-06
 2.15443e-02 4.76001e+03 2.87312e-10 -4.41396e-06
 2.68270e-02 4.79756e+03 3.26187e-10 -5.49624e-06
 3.34048e-02 4.83848e+03 3.68583e-10 -6.84391e-06
 4.15956e-02 4.88255e+03 4.14466e-10 -8.52202e-06
 5.17947e-02 4.92791e+03 4.64003e-10 -1.06116e-05
 6.44947e-02 4.97384e+03 5.17366e-10 -1.32135e-05
 8.03086e-02 5.01697e+03 5.75408e-10 -1.64534e-05
 1.00000e-01 5.06649e+03 6.37105e-10 -2.04877e-05
 1.24520e-01 5.12696e+03 7.00810e-10 -2.55113e-05
 1.55052e-01 5.20147e+03 7.64199e-10 -3.17666e-05
 1.93070e-01 5.29200e+03 8.24484e-10 -3.95557e-05
 2.40410e-01 5.39348e+03 8.80404e-10 -4.92546e-05
 2.99358e-01 5.50546e+03 9.30581e-10 -6.13317e-05
 3.72759e-01 5.61783e+03 9.76716e-10 -7.63700e-05
 4.64159e-01 5.74846e+03 1.01528e-09 -9.50958e-05
 5.77969e-01 5.96216e+03 1.02887e-09 -1.18413e-04
 7.19686e-01 6.15139e+03 1.03748e-09 -1.47447e-04
 8.96151e-01 6.35339e+03 1.03702e-09 -1.83601e-04
 1.11588e+00 6.60943e+03 1.01961e-09 -2.28614e-04
 1.38950e+00 6.85390e+03 9.98129e-10 -2.84526e-04
 1.73020e+00 7.27421e+03 9.37750e-10 -2.88372e-04
 2.15443e+00 7.82252e+03 8.41449e-10 +1.46318e-02
 2.68270e+00 8.00485e+03 8.09221e-10 +2.14766e-02
 3.34048e+00 8.16000e+03 7.81031e-10 +3.56021e-02
 4.15956e+00 8.29885e+03 7.55263e-10 +4.61770e-02
 5.17947e+00 8.42548e+03 7.31479e-10 +5.36472e-02
 6.44947e+00 8.54425e+03 7.09046e-10 +5.89636e-02
 8.03086e+00 8.65854e+03 6.87459e-10 +6.28383e-02
 1.00000e+01 8.77094e+03 6.66341e-10 +6.57285e-02
 1.24520e+01 8.88356e+03 6.45412e-10 +6.79243e-02
 1.55052e+01 8.99832e+03 6.24453e-10 +6.96110e-02
 1.93070e+01 9.11714e+03 6.03288e-10 +7.09093e-02
 2.40410e+01 9.24221e+03 5.81762e-10 +7.18962e-02
 2.99358e+01 9.37632e+03 5.59721e-10 +7.26160e-02
 3.72759e+01 9.52336e+03 5.36993e-10 +7.30823e-02
 4.64159e+01 9.68938e+03 5.13345e-10 +7.32670e-02
 5.77969e+01 9.88497e+03 4.88401e-10 +7.30583e-02
 7.19686e+01 1.01317e+04 4.61427e-10 +7.21013e-02
 8.96151e+01 1.04865e+04 4.30564e-10 +6.89517e-02
 1.11588e+02 1.12078e+04 3.88120e-10 +5.06933e-02
 1.38950e+02 2.10062e+04 2.09279e-10 -6.14633e-04
 1.73020e+02 2.15071e+04 2.27917e-10 -6.14633e-04
 2.15443e+02 2.06248e+04 2.64475e-10 -6.14633e-04
 2.68270e+02 2.34547e+04 2.64836e-10 -6.14633e-04
 3.34048e+02 2.43599e+04 2.97737e-10 -6.14633e-04
 4.15956e+02 1.90842e+04 4.21938e-10 -6.14090e-04
 5.17947e+02 3.01284e+04 3.13854e-10 -6.14633e-04
 6.44947e+02 2.55933e+04 4.43922e-10 -6.14633e-04
 8.03086e+02 3.38279e+04 4.06907e-10 -6.14633e-04
 1.00000e+03 3.19493e+04 5.45116e-10 -6.14633e-04
