#n1=128 n2=4 Teff=05300 R=2.3671e+13 L=3.1489e+38 logg=+0.00
#   tau          T          rho         Fconv
 0.00000e+00 3.15470e+03 4.71017e-21 +0.00000e+00
 1.00000e-09 3.15470e+03 9.48582e-18 +0.00000e+00
 1.24520e-09 3.15712e+03 1.22316e-17 +0.00000e+00
 1.55052e-09 3.15944e+03 1.57185e-17 +0.00000e+00
 1.93070e-09 3.16179e+03 2.01389e-17 +0.00000e+00
 2.40410e-09 3.16419e+03 2.57345e-17 +0.00000e+00
 2.99358e-09 3.16665e+03 3.28086e-17 +0.00000e+00
 3.72759e-09 3.16920e+03 4.17413e-17 +0.00000e+00
 4.64159e-09 3.17183e+03 5.30088e-17 +0.00000e+00
 5.77969e-09 3.17457e+03 6.72076e-17 +0.00000e+00
 7.19686e-09 3.17744e+03 8.50848e-17 +0.00000e+00
 8.96151e-09 3.18046e+03 1.07575e-16 +0.00000e+00
 1.11588e-08 3.18364e+03 1.35847e-16 +0.00000e+00
 1.38950e-08 3.18701e+03 1.71364e-16 +0.00000e+00
 1.73020e-08 3.19059e+03 2.15953e-16 +0.00000e+00
 2.15443e-08 3.19442e+03 2.71899e-16 +0.00000e+00
 2.68270e-08 3.19852e+03 3.42053e-16 +0.00000e+00
 3.34048e-08 3.20293e+03 4.29977e-16 +0.00000e+00
 4.15956e-08 3.20768e+03 5.40115e-16 +0.00000e+00
 5.17947e-08 3.21281e+03 6.78012e-16 +0.00000e+00
 6.44947e-08 3.21835e+03 8.50586e-16 +0.00000e+00
 8.03086e-08 3.22433e+03 1.06646e-15 +0.00000e+00
 1.00000e-07 3.23075e+03 1.33640e-15 +0.00000e+00
 1.24520e-07 3.23762e+03 1.67383e-15 +0.00000e+00
 1.55052e-07 3.24495e+03 2.09547e-15 +0.00000e+00
 1.93070e-07 3.25270e+03 2.62221e-15 +0.00000e+00
 2.40410e-07 3.26085e+03 3.28011e-15 +0.00000e+00
 2.99358e-07 3.26934e+03 4.10170e-15 +0.00000e+00
 3.72759e-07 3.27812e+03 5.12759e-15 +0.00000e+00
 4.64159e-07 3.28714e+03 6.40849e-15 +0.00000e+00
 5.77969e-07 3.29636e+03 8.00770e-15 +0.00000e+00
 7.19686e-07 3.30573e+03 1.00042e-14 +0.00000e+00
 8.96151e-07 3.31526e+03 1.24965e-14 +0.00000e+00
 1.11588e-06 3.32501e+03 1.56072e-14 +0.00000e+00
 1.38950e-06 3.33505e+03 1.94889e-14 +0.00000e+00
 1.73020e-06 3.34547e+03 2.43314e-14 +0.00000e+00
 2.15443e-06 3.35636e+03 3.03706e-14 +0.00000e+00
 2.68270e-06 3.36780e+03 3.79002e-14 +0.00000e+00
 3.34048e-06 3.37982e+03 4.72854e-14 +0.00000e+00
 4.15956e-06 3.39245e+03 5.89805e-14 +0.00000e+00
 5.17947e-06 3.40568e+03 7.35511e-14 +0.00000e+00
 6.44947e-06 3.41948e+03 9.17015e-14 +0.00000e+00
 8.03086e-06 3.43378e+03 1.14309e-13 +0.00000e+00
 1.00000e-05 3.44851e+03 1.42467e-13 +0.00000e+00
 1.24520e-05 3.46354e+03 1.77540e-13 +0.00000e+00
 1.55052e-05 3.47876e+03 2.21231e-13 +0.00000e+00
 1.93070e-05 3.49408e+03 2.75660e-13 +0.00000e+00
 2.40410e-05 3.50944e+03 3.43474e-13 +0.00000e+00
 2.99358e-05 3.52492e+03 4.27952e-13 +0.00000e+00
 3.72759e-05 3.54072e+03 5.33158e-13 +0.00000e+00
 4.64159e-05 3.55712e+03 6.64108e-13 +0.00000e+00
 5.77969e-05 3.57447e+03 8.26985e-13 +0.00000e+00
 7.19686e-05 3.59314e+03 1.02939e-12 +0.00000e+00
 8.96151e-05 3.61355e+03 1.28066e-12 +0.00000e+00
 1.11588e-04 3.63608e+03 1.59221e-12 +0.00000e+00
 1.38950e-04 3.66101e+03 1.97803e-12 +0.00000e+00
 1.73020e-04 3.68839e+03 2.45536e-12 +0.00000e+00
 2.15443e-04 3.71788e+03 3.04559e-12 +0.00000e+00
 2.68270e-04 3.74898e+03 3.77524e-12 +0.00000e+00
 3.34048e-04 3.78128e+03 4.67696e-12 +0.00000e+00
 4.15956e-04 3.81457e+03 5.79066e-12 +0.00000e+00
 5.17947e-04 3.84861e+03 7.16533e-12 +0.00000e+00
 6.44947e-04 3.88295e+03 8.86136e-12 +0.00000e+00
 8.03086e-04 3.91700e+03 1.09533e-11 +0.00000e+00
 1.00000e-03 3.95019e+03 1.35329e-11 +0.00000e+00
 1.24520e-03 3.98210e+03 1.67124e-11 -2.54668e-07
 1.55052e-03 4.01245e+03 2.06288e-11 -3.17112e-07
 1.93070e-03 4.04106e+03 2.54485e-11 -3.94867e-07
 2.40410e-03 4.06786e+03 3.13731e-11 -4.91686e-07
 2.99358e-03 4.09290e+03 3.86454e-11 -6.12248e-07
 3.72759e-03 4.11633e+03 4.75554e-11 -7.62369e-07
 4.64159e-03 4.13846e+03 5.84463e-11 -9.49299e-07
 5.77969e-03 4.15966e+03 7.17192e-11 -1.18206e-06
 7.19686e-03 4.18034e+03 8.78378e-11 -1.47190e-06
 8.96151e-03 4.20092e+03 1.07330e-10 -1.83281e-06
 1.11588e-02 4.22178e+03 1.30784e-10 -2.28222e-06
 1.38950e-02 4.24329e+03 1.58844e-10 -2.84179e-06
 1.73020e-02 4.26587e+03 1.92190e-10 -3.53860e-06
 2.15443e-02 4.28994e+03 2.31506e-10 -4.40626e-06
 2.68270e-02 4.31592e+03 2.77443e-10 -5.48666e-06
 3.34048e-02 4.34420e+03 3.30567e-10 -6.83196e-06
 4.15956e-02 4.37520e+03 3.91289e-10 -8.50716e-06
 5.17947e-02 4.40943e+03 4.59770e-10 -1.05931e-05
 6.44947e-02 4.44746e+03 5.35837e-10 -1.31905e-05
 8.03086e-02 4.48989e+03 6.18889e-10 -1.64247e-05
 1.00000e-01 4.53728e+03 7.07861e-10 -2.04520e-05
 1.24520e-01 4.59042e+03 8.01150e-10 -2.54668e-05
 1.55052e-01 4.65016e+03 8.96630e-10 -3.17112e-05
 1.93070e-01 4.71762e+03 9.91680e-10 -3.94867e-05
 2.40410e-01 4.79424e+03 1.08325e-09 -4.91686e-05
 2.99358e-01 4.88184e+03 1.16801e-09 -6.12248e-05
 3.72759e-01 4.98258e+03 1.24252e-09 -7.62369e-05
 4.64159e-01 5.09757e+03 1.30424e-09 -9.49299e-05
 5.77969e-01 5.23187e+03 1.35005e-09 -1.18206e-04
 7.19686e-01 5.39117e+03 1.37725e-09 -1.47190e-04
 8.96151e-01 5.58126e+03 1.38406e-09 -1.83281e-04
 1.11588e+00 5.78281e+03 1.37781e-09 -2.28220e-04
 1.38950e+00 6.01715e+03 1.35554e-09 -2.84164e-04
 1.73020e+00 6.29652e+03 1.31644e-09 -3.53267e-04
 2.15443e+00 6.67868e+03 1.24920e-09 -3.81155e-04
 2.68270e+00 7.07498e+03 1.17462e-09 +2.93110e-03
 3.34048e+00 7.30781e+03 1.13152e-09 +1.67960e-02
 4.15956e+00 7.50398e+03 1.09426e-09 +3.55678e-02
 5.17947e+00 7.66245e+03 1.06371e-09 +4.86834e-02
 6.44947e+00 7.79584e+03 1.03772e-09 +5.70094e-02
 8.03086e+00 7.91365e+03 1.01454e-09 +6.24884e-02
 1.00000e+01 8.02165e+03 9.93100e-10 +6.62772e-02
 1.24520e+01 8.12343e+03 9.72736e-10 +6.90101e-02
 1.55052e+01 8.22133e+03 9.53002e-10 +7.10479e-02
 1.93070e+01 8.31699e+03 9.33594e-10 +7.26069e-02
 2.40410e+01 8.41161e+03 9.14293e-10 +7.38230e-02
 2.99358e+01 8.50614e+03 8.94934e-10 +7.47863e-02
 3.72759e+01 8.60138e+03 8.75389e-10 +7.55582e-02
 4.64159e+01 8.69804e+03 8.55558e-10 +7.61821e-02
 5.77969e+01 8.79681e+03 8.35355e-10 +7.66892e-02
 7.19686e+01 8.89842e+03 8.14712e-10 +7.71031e-02
 8.96151e+01 9.00368e+03 7.93567e-10 +7.74410e-02
 1.11588e+02 9.11353e+03 7.71863e-10 +7.77160e-02
 1.38950e+02 9.22918e+03 7.49545e-10 +7.79383e-02
 1.73020e+02 9.35219e+03 7.26550e-10 +7.81147e-02
 2.15443e+02 9.48474e+03 7.02804e-10 +7.82496e-02
 2.68270e+02 9.62999e+03 6.78201e-10 +7.83437e-02
 3.34048e+02 9.79287e+03 6.52577e-10 +7.83936e-02
 4.15956e+02 9.98167e+03 6.25648e-10 +7.83855e-02
 5.17947e+02 1.02120e+04 5.96872e-10 +7.82815e-02
 6.44947e+02 1.05191e+04 5.65016e-10 +7.79578e-02
 8.03086e+02 1.10113e+04 5.26385e-10 +7.67988e-02
 1.00000e+03 1.24389e+04 4.58046e-10 +6.40128e-02
