#n1=128 n2=4 Teff=05300 R=5.9374e+10 L=1.9821e+33 logg=+4.50
#   tau          T          rho         Fconv
 0.00000e+00 3.95359e+03 2.19401e-21 +0.00000e+00
 1.00000e-09 3.95359e+03 3.84420e-13 +0.00000e+00
 1.24520e-09 3.95408e+03 4.92628e-13 +0.00000e+00
 1.55052e-09 3.95456e+03 6.29332e-13 +0.00000e+00
 1.93070e-09 3.95505e+03 8.01729e-13 +0.00000e+00
 2.40410e-09 3.95555e+03 1.01879e-12 +0.00000e+00
 2.99358e-09 3.95609e+03 1.29167e-12 +0.00000e+00
 3.72759e-09 3.95668e+03 1.63429e-12 +0.00000e+00
 4.64159e-09 3.95734e+03 2.06395e-12 +0.00000e+00
 5.77969e-09 3.95806e+03 2.60215e-12 +0.00000e+00
 7.19686e-09 3.95886e+03 3.27563e-12 +0.00000e+00
 8.96151e-09 3.95975e+03 4.11760e-12 +0.00000e+00
 1.11588e-08 3.96073e+03 5.16926e-12 +0.00000e+00
 1.38950e-08 3.96181e+03 6.48173e-12 +0.00000e+00
 1.73020e-08 3.96301e+03 8.11832e-12 +0.00000e+00
 2.15443e-08 3.96434e+03 1.01574e-11 +0.00000e+00
 2.68270e-08 3.96581e+03 1.26961e-11 +0.00000e+00
 3.34048e-08 3.96744e+03 1.58540e-11 +0.00000e+00
 4.15956e-08 3.96924e+03 1.97792e-11 +0.00000e+00
 5.17947e-08 3.97122e+03 2.46539e-11 +0.00000e+00
 6.44947e-08 3.97339e+03 3.07026e-11 +0.00000e+00
 8.03086e-08 3.97577e+03 3.82010e-11 +0.00000e+00
 1.00000e-07 3.97836e+03 4.74877e-11 +0.00000e+00
 1.24520e-07 3.98117e+03 5.89773e-11 +0.00000e+00
 1.55052e-07 3.98421e+03 7.31764e-11 +0.00000e+00
 1.93070e-07 3.98749e+03 9.07028e-11 +0.00000e+00
 2.40410e-07 3.99103e+03 1.12308e-10 +0.00000e+00
 2.99358e-07 3.99484e+03 1.38901e-10 +0.00000e+00
 3.72759e-07 3.99894e+03 1.71583e-10 +0.00000e+00
 4.64159e-07 4.00336e+03 2.11676e-10 +0.00000e+00
 5.77969e-07 4.00813e+03 2.60765e-10 +0.00000e+00
 7.19686e-07 4.01328e+03 3.20740e-10 +0.00000e+00
 8.96151e-07 4.01883e+03 3.93842e-10 +0.00000e+00
 1.11588e-06 4.02478e+03 4.82717e-10 +0.00000e+00
 1.38950e-06 4.03115e+03 5.90471e-10 +0.00000e+00
 1.73020e-06 4.03792e+03 7.20723e-10 +0.00000e+00
 2.15443e-06 4.04508e+03 8.77679e-10 +0.00000e+00
 2.68270e-06 4.05262e+03 1.06618e-09 +0.00000e+00
 3.34048e-06 4.06051e+03 1.29178e-09 +0.00000e+00
 4.15956e-06 4.06875e+03 1.56079e-09 +0.00000e+00
 5.17947e-06 4.07733e+03 1.88037e-09 +0.00000e+00
 6.44947e-06 4.08626e+03 2.25854e-09 +0.00000e+00
 8.03086e-06 4.09555e+03 2.70427e-09 +0.00000e+00
 1.00000e-05 4.10523e+03 3.22748e-09 +0.00000e+00
 1.24520e-05 4.11533e+03 3.83912e-09 +0.00000e+00
 1.55052e-05 4.12588e+03 4.55111e-09 +0.00000e+00
 1.93070e-05 4.13689e+03 5.37648e-09 +0.00000e+00
 2.40410e-05 4.14837e+03 6.32939e-09 +0.00000e+00
 2.99358e-05 4.16028e+03 7.42520e-09 +0.00000e+00
 3.72759e-05 4.17257e+03 8.68088e-09 +0.00000e+00
 4.64159e-05 4.18519e+03 1.01149e-08 +0.00000e+00
 5.77969e-05 4.19791e+03 1.17487e-08 +0.00000e+00
 7.19686e-05 4.21064e+03 1.36064e-08 +0.00000e+00
 8.96151e-05 4.22328e+03 1.57157e-08 +0.00000e+00
 1.11588e-04 4.23570e+03 1.81084e-08 +0.00000e+00
 1.38950e-04 4.24781e+03 2.08216e-08 +0.00000e+00
 1.73020e-04 4.25950e+03 2.38989e-08 +0.00000e+00
 2.15443e-04 4.27068e+03 2.73908e-08 +0.00000e+00
 2.68270e-04 4.28134e+03 3.13562e-08 +0.00000e+00
 3.34048e-04 4.29142e+03 3.58639e-08 +0.00000e+00
 4.15956e-04 4.30090e+03 4.09937e-08 +0.00000e+00
 5.17947e-04 4.30979e+03 4.68383e-08 +0.00000e+00
 6.44947e-04 4.31808e+03 5.35061e-08 +0.00000e+00
 8.03086e-04 4.32584e+03 6.11209e-08 +0.00000e+00
 1.00000e-03 4.33313e+03 6.98244e-08 +0.00000e+00
 1.24520e-03 4.34006e+03 7.97788e-08 -2.54546e-07
 1.55052e-03 4.34671e+03 9.11677e-08 -3.16960e-07
 1.93070e-03 4.35322e+03 1.04197e-07 -3.94678e-07
 2.40410e-03 4.35971e+03 1.19098e-07 -4.91451e-07
 2.99358e-03 4.36632e+03 1.36125e-07 -6.11955e-07
 3.72759e-03 4.37318e+03 1.55561e-07 -7.62004e-07
 4.64159e-03 4.38046e+03 1.77711e-07 -9.48845e-07
 5.77969e-03 4.38832e+03 2.02901e-07 -1.18150e-06
 7.19686e-03 4.39694e+03 2.31480e-07 -1.47120e-06
 8.96151e-03 4.40653e+03 2.63799e-07 -1.83193e-06
 1.11588e-02 4.41732e+03 3.00213e-07 -2.28113e-06
 1.38950e-02 4.42954e+03 3.41058e-07 -2.84043e-06
 1.73020e-02 4.44347e+03 3.86633e-07 -3.53690e-06
 2.15443e-02 4.45942e+03 4.37173e-07 -4.40415e-06
 2.68270e-02 4.47774e+03 4.92814e-07 -5.48403e-06
 3.34048e-02 4.49882e+03 5.53550e-07 -6.82870e-06
 4.15956e-02 4.52314e+03 6.19198e-07 -8.50309e-06
 5.17947e-02 4.55125e+03 6.89333e-07 -1.05880e-05
 6.44947e-02 4.58384e+03 7.63228e-07 -1.31842e-05
 8.03086e-02 4.62170e+03 8.39800e-07 -1.64169e-05
 1.00000e-01 4.66583e+03 9.17584e-07 -2.04422e-05
 1.24520e-01 4.71745e+03 9.94719e-07 -2.54546e-05
 1.55052e-01 4.77799e+03 1.06897e-06 -3.16960e-05
 1.93070e-01 4.84915e+03 1.13784e-06 -3.94678e-05
 2.40410e-01 4.93305e+03 1.19871e-06 -4.91451e-05
 2.99358e-01 5.03249e+03 1.24892e-06 +3.60809e-04
 3.72759e-01 5.15134e+03 1.28541e-06 +4.24882e-03
 4.64159e-01 5.25598e+03 1.31939e-06 +5.41403e-03
 5.77969e-01 5.35576e+03 1.35108e-06 +7.92400e-03
 7.19686e-01 5.45343e+03 1.38101e-06 +1.12412e-02
 8.96151e-01 5.55029e+03 1.40966e-06 +1.53696e-02
 1.11588e+00 5.64729e+03 1.43730e-06 +2.02207e-02
 1.38950e+00 5.74517e+03 1.46415e-06 +2.59564e-02
 1.73020e+00 5.84464e+03 1.49030e-06 +3.31736e-02
 2.15443e+00 5.94632e+03 1.51579e-06 +4.20077e-02
 2.68270e+00 6.05074e+03 1.54057e-06 +5.28831e-02
 3.34048e+00 6.15795e+03 1.56474e-06 +6.09486e-02
 4.15956e+00 6.26599e+03 1.58907e-06 +6.37213e-02
 5.17947e+00 6.37489e+03 1.61381e-06 +6.60339e-02
 6.44947e+00 6.48503e+03 1.63912e-06 +6.79814e-02
 8.03086e+00 6.59667e+03 1.66514e-06 +6.96304e-02
 1.00000e+01 6.71002e+03 1.69199e-06 +7.10333e-02
 1.24520e+01 6.82527e+03 1.71981e-06 +7.22304e-02
 1.55052e+01 6.94254e+03 1.74874e-06 +7.32545e-02
 1.93070e+01 7.06194e+03 1.77890e-06 +7.41330e-02
 2.40410e+01 7.18357e+03 1.81045e-06 +7.48871e-02
 2.99358e+01 7.30750e+03 1.84352e-06 +7.55353e-02
 3.72759e+01 7.43376e+03 1.87827e-06 +7.60951e-02
 4.64159e+01 7.56230e+03 1.91488e-06 +7.65804e-02
 5.77969e+01 7.69298e+03 1.95357e-06 +7.70010e-02
 7.19686e+01 7.82572e+03 1.99456e-06 +7.73642e-02
 8.96151e+01 7.96046e+03 2.03808e-06 +7.76769e-02
 1.11588e+02 8.09718e+03 2.08435e-06 +7.79464e-02
 1.38950e+02 8.23579e+03 2.13365e-06 +7.81791e-02
 1.73020e+02 8.37621e+03 2.18623e-06 +7.83791e-02
 2.15443e+02 8.51840e+03 2.24239e-06 +7.85507e-02
 2.68270e+02 8.66236e+03 2.30240e-06 +7.86980e-02
 3.34048e+02 8.80798e+03 2.36657e-06 +7.88254e-02
 4.15956e+02 8.95492e+03 2.43534e-06 +7.89363e-02
 5.17947e+02 9.10273e+03 2.50923e-06 +7.90322e-02
 6.44947e+02 9.25109e+03 2.58877e-06 +7.91144e-02
 8.03086e+02 9.39993e+03 2.67451e-06 +7.91841e-02
 1.00000e+03 9.54940e+03 2.76694e-06 +7.92429e-02
