#n1=128 n2=4 Teff=05800 R=1.6380e+12 L=2.1616e+36 logg=+2.00
#   tau          T          rho         Fconv
 0.00000e+00 3.99301e+03 2.10783e-21 +0.00000e+00
 1.00000e-09 3.99301e+03 3.51882e-17 +0.00000e+00
 1.24520e-09 3.99488e+03 5.37220e-17 +0.00000e+00
 1.55052e-09 3.99688e+03 8.16266e-17 +0.00000e+00
 1.93070e-09 3.99905e+03 1.23416e-16 +0.00000e+00
 2.40410e-09 4.00138e+03 1.85643e-16 +0.00000e+00
 2.99358e-09 4.00382e+03 2.77750e-16 +0.00000e+00
 3.72759e-09 4.00631e+03 4.13249e-16 +0.00000e+00
 4.64159e-09 4.00874e+03 6.11373e-16 +0.00000e+00
 5.77969e-09 4.01099e+03 8.99348e-16 +0.00000e+00
 7.19686e-09 4.01298e+03 1.31545e-15 +0.00000e+00
 8.96151e-09 4.01470e+03 1.91298e-15 +0.00000e+00
 1.11588e-08 4.01621e+03 2.76512e-15 +0.00000e+00
 1.38950e-08 4.01762e+03 3.97100e-15 +0.00000e+00
 1.73020e-08 4.01901e+03 5.66305e-15 +0.00000e+00
 2.15443e-08 4.02043e+03 8.01628e-15 +0.00000e+00
 2.68270e-08 4.02188e+03 1.12597e-14 +0.00000e+00
 3.34048e-08 4.02339e+03 1.56906e-14 +0.00000e+00
 4.15956e-08 4.02500e+03 2.16912e-14 +0.00000e+00
 5.17947e-08 4.02672e+03 2.97501e-14 +0.00000e+00
 6.44947e-08 4.02861e+03 4.04885e-14 +0.00000e+00
 8.03086e-08 4.03068e+03 5.46923e-14 +0.00000e+00
 1.00000e-07 4.03298e+03 7.33527e-14 +0.00000e+00
 1.24520e-07 4.03552e+03 9.77171e-14 +0.00000e+00
 1.55052e-07 4.03833e+03 1.29352e-13 +0.00000e+00
 1.93070e-07 4.04140e+03 1.70222e-13 +0.00000e+00
 2.40410e-07 4.04476e+03 2.22789e-13 +0.00000e+00
 2.99358e-07 4.04841e+03 2.90132e-13 +0.00000e+00
 3.72759e-07 4.05235e+03 3.76098e-13 +0.00000e+00
 4.64159e-07 4.05661e+03 4.85491e-13 +0.00000e+00
 5.77969e-07 4.06123e+03 6.24293e-13 +0.00000e+00
 7.19686e-07 4.06625e+03 7.99941e-13 +0.00000e+00
 8.96151e-07 4.07177e+03 1.02166e-12 +0.00000e+00
 1.11588e-06 4.07785e+03 1.30088e-12 +0.00000e+00
 1.38950e-06 4.08461e+03 1.65171e-12 +0.00000e+00
 1.73020e-06 4.09210e+03 2.09158e-12 +0.00000e+00
 2.15443e-06 4.10039e+03 2.64194e-12 +0.00000e+00
 2.68270e-06 4.10953e+03 3.32919e-12 +0.00000e+00
 3.34048e-06 4.11955e+03 4.18572e-12 +0.00000e+00
 4.15956e-06 4.13047e+03 5.25119e-12 +0.00000e+00
 5.17947e-06 4.14228e+03 6.57402e-12 +0.00000e+00
 6.44947e-06 4.15496e+03 8.21320e-12 +0.00000e+00
 8.03086e-06 4.16850e+03 1.02403e-11 +0.00000e+00
 1.00000e-05 4.18285e+03 1.27417e-11 +0.00000e+00
 1.24520e-05 4.19799e+03 1.58215e-11 +0.00000e+00
 1.55052e-05 4.21390e+03 1.96035e-11 +0.00000e+00
 1.93070e-05 4.23062e+03 2.42346e-11 +0.00000e+00
 2.40410e-05 4.24820e+03 2.98869e-11 +0.00000e+00
 2.99358e-05 4.26676e+03 3.67591e-11 +0.00000e+00
 3.72759e-05 4.28647e+03 4.50770e-11 +0.00000e+00
 4.64159e-05 4.30754e+03 5.50918e-11 +0.00000e+00
 5.77969e-05 4.33020e+03 6.70760e-11 +0.00000e+00
 7.19686e-05 4.35467e+03 8.13153e-11 +0.00000e+00
 8.96151e-05 4.38105e+03 9.81003e-11 +0.00000e+00
 1.11588e-04 4.40923e+03 1.17720e-10 +0.00000e+00
 1.38950e-04 4.43874e+03 1.40464e-10 +0.00000e+00
 1.73020e-04 4.46861e+03 1.66651e-10 +0.00000e+00
 2.15443e-04 4.49745e+03 1.96683e-10 +0.00000e+00
 2.68270e-04 4.52371e+03 2.31110e-10 +0.00000e+00
 3.34048e-04 4.54624e+03 2.70686e-10 +0.00000e+00
 4.15956e-04 4.56468e+03 3.16378e-10 +0.00000e+00
 5.17947e-04 4.57949e+03 3.69338e-10 +0.00000e+00
 6.44947e-04 4.59160e+03 4.30866e-10 +0.00000e+00
 8.03086e-04 4.60193e+03 5.02400e-10 +0.00000e+00
 1.00000e-03 4.61121e+03 5.85527e-10 +0.00000e+00
 1.24520e-03 4.61988e+03 6.82010e-10 -2.54777e-07
 1.55052e-03 4.62822e+03 7.93836e-10 -3.17247e-07
 1.93070e-03 4.63636e+03 9.23235e-10 -3.95036e-07
 2.40410e-03 4.64443e+03 1.07272e-09 -4.91897e-07
 2.99358e-03 4.65255e+03 1.24512e-09 -6.12510e-07
 3.72759e-03 4.66084e+03 1.44356e-09 -7.62694e-07
 4.64159e-03 4.66944e+03 1.67148e-09 -9.49705e-07
 5.77969e-03 4.67853e+03 1.93262e-09 -1.18257e-06
 7.19686e-03 4.68830e+03 2.23099e-09 -1.47253e-06
 8.96151e-03 4.69898e+03 2.57076e-09 -1.83359e-06
 1.11588e-02 4.71082e+03 2.95617e-09 -2.28318e-06
 1.38950e-02 4.72409e+03 3.39143e-09 -2.84302e-06
 1.73020e-02 4.73909e+03 3.88043e-09 -3.54011e-06
 2.15443e-02 4.75617e+03 4.42653e-09 -4.40814e-06
 2.68270e-02 4.77572e+03 5.03221e-09 -5.48901e-06
 3.34048e-02 4.79817e+03 5.69863e-09 -6.83489e-06
 4.15956e-02 4.82406e+03 6.42513e-09 -8.51079e-06
 5.17947e-02 4.85395e+03 7.20875e-09 -1.05976e-05
 6.44947e-02 4.88851e+03 8.04365e-09 -1.31961e-05
 8.03086e-02 4.92850e+03 8.92062e-09 -1.64318e-05
 1.00000e-01 4.97477e+03 9.82683e-09 -2.04608e-05
 1.24520e-01 5.02832e+03 1.07456e-08 -2.54777e-05
 1.55052e-01 5.09028e+03 1.16567e-08 -3.17247e-05
 1.93070e-01 5.16198e+03 1.25364e-08 -3.95036e-05
 2.40410e-01 5.24499e+03 1.33591e-08 -4.91897e-05
 2.99358e-01 5.34112e+03 1.40981e-08 -6.12510e-05
 3.72759e-01 5.45258e+03 1.47272e-08 -7.62694e-05
 4.64159e-01 5.58228e+03 1.52218e-08 -9.49705e-05
 5.77969e-01 5.73528e+03 1.55551e-08 -1.18254e-04
 7.19686e-01 5.91496e+03 1.57127e-08 -1.47193e-04
 8.96151e-01 6.12188e+03 1.57001e-08 -1.82453e-04
 1.11588e+00 6.36025e+03 1.55223e-08 -2.15642e-04
 1.38950e+00 6.63574e+03 1.51853e-08 -1.06210e-04
 1.73020e+00 6.94160e+03 1.47265e-08 +1.56533e-03
 2.15443e+00 7.19405e+03 1.43622e-08 +7.61141e-03
 2.68270e+00 7.42725e+03 1.40232e-08 +2.06510e-02
 3.34048e+00 7.63358e+03 1.37292e-08 +3.56580e-02
 4.15956e+00 7.81152e+03 1.34866e-08 +4.68886e-02
 5.17947e+00 7.96742e+03 1.32851e-08 +5.48447e-02
 6.44947e+00 8.10779e+03 1.31134e-08 +6.04945e-02
 8.03086e+00 8.23731e+03 1.29636e-08 +6.46011e-02
 1.00000e+01 8.35923e+03 1.28304e-08 +6.76582e-02
 1.24520e+01 8.47578e+03 1.27103e-08 +6.99860e-02
 1.55052e+01 8.58857e+03 1.26006e-08 +7.17921e-02
 1.93070e+01 8.69879e+03 1.24998e-08 +7.32134e-02
 2.40410e+01 8.80733e+03 1.24066e-08 +7.43470e-02
 2.99358e+01 8.91487e+03 1.23203e-08 +7.52610e-02
 3.72759e+01 9.02195e+03 1.22403e-08 +7.60015e-02
 4.64159e+01 9.12902e+03 1.21662e-08 +7.66071e-02
 5.77969e+01 9.23645e+03 1.20979e-08 +7.71044e-02
 7.19686e+01 9.34457e+03 1.20355e-08 +7.75144e-02
 8.96151e+01 9.45366e+03 1.19788e-08 +7.78540e-02
 1.11588e+02 9.56401e+03 1.19283e-08 +7.81357e-02
 1.38950e+02 9.67585e+03 1.18841e-08 +7.83704e-02
 1.73020e+02 9.78946e+03 1.18468e-08 +7.85659e-02
 2.15443e+02 9.90508e+03 1.18166e-08 +7.87297e-02
 2.68270e+02 1.00230e+04 1.17946e-08 +7.88661e-02
 3.34048e+02 1.01435e+04 1.17809e-08 +7.89809e-02
 4.15956e+02 1.02669e+04 1.17777e-08 +7.90756e-02
 5.17947e+02 1.03941e+04 1.17857e-08 +7.91541e-02
 6.44947e+02 1.05256e+04 1.18045e-08 +7.92200e-02
 8.03086e+02 1.06619e+04 1.18354e-08 +7.92757e-02
 1.00000e+03 1.08093e+04 1.18614e-08 +7.93108e-02
