#n1=128 n2=4 Teff=05700 R=1.6095e+12 L=1.9466e+36 logg=+2.00
#   tau          T          rho         Fconv
 0.00000e+00 3.98963e+03 2.11446e-21 +0.00000e+00
 1.00000e-09 3.98963e+03 3.63172e-17 +0.00000e+00
 1.24520e-09 3.99192e+03 5.54071e-17 +0.00000e+00
 1.55052e-09 3.99453e+03 8.40446e-17 +0.00000e+00
 1.93070e-09 3.99751e+03 1.26713e-16 +0.00000e+00
 2.40410e-09 4.00086e+03 1.89827e-16 +0.00000e+00
 2.99358e-09 4.00449e+03 2.82515e-16 +0.00000e+00
 3.72759e-09 4.00827e+03 4.17688e-16 +0.00000e+00
 4.64159e-09 4.01199e+03 6.13587e-16 +0.00000e+00
 5.77969e-09 4.01542e+03 8.95987e-16 +0.00000e+00
 7.19686e-09 4.01835e+03 1.30126e-15 +0.00000e+00
 8.96151e-09 4.02072e+03 1.88042e-15 +0.00000e+00
 1.11588e-08 4.02262e+03 2.70408e-15 +0.00000e+00
 1.38950e-08 4.02426e+03 3.86832e-15 +0.00000e+00
 1.73020e-08 4.02579e+03 5.50191e-15 +0.00000e+00
 2.15443e-08 4.02729e+03 7.77565e-15 +0.00000e+00
 2.68270e-08 4.02878e+03 1.09141e-14 +0.00000e+00
 3.34048e-08 4.03025e+03 1.52099e-14 +0.00000e+00
 4.15956e-08 4.03171e+03 2.10418e-14 +0.00000e+00
 5.17947e-08 4.03319e+03 2.88961e-14 +0.00000e+00
 6.44947e-08 4.03471e+03 3.93935e-14 +0.00000e+00
 8.03086e-08 4.03630e+03 5.33222e-14 +0.00000e+00
 1.00000e-07 4.03798e+03 7.16796e-14 +0.00000e+00
 1.24520e-07 4.03978e+03 9.57243e-14 +0.00000e+00
 1.55052e-07 4.04173e+03 1.27039e-13 +0.00000e+00
 1.93070e-07 4.04383e+03 1.67612e-13 +0.00000e+00
 2.40410e-07 4.04612e+03 2.19936e-13 +0.00000e+00
 2.99358e-07 4.04861e+03 2.87133e-13 +0.00000e+00
 3.72759e-07 4.05132e+03 3.73106e-13 +0.00000e+00
 4.64159e-07 4.05424e+03 4.82735e-13 +0.00000e+00
 5.77969e-07 4.05740e+03 6.22108e-13 +0.00000e+00
 7.19686e-07 4.06081e+03 7.98819e-13 +0.00000e+00
 8.96151e-07 4.06447e+03 1.02232e-12 +0.00000e+00
 1.11588e-06 4.06842e+03 1.30439e-12 +0.00000e+00
 1.38950e-06 4.07267e+03 1.65961e-12 +0.00000e+00
 1.73020e-06 4.07727e+03 2.10612e-12 +0.00000e+00
 2.15443e-06 4.08229e+03 2.66631e-12 +0.00000e+00
 2.68270e-06 4.08779e+03 3.36787e-12 +0.00000e+00
 3.34048e-06 4.09385e+03 4.24490e-12 +0.00000e+00
 4.15956e-06 4.10053e+03 5.33938e-12 +0.00000e+00
 5.17947e-06 4.10789e+03 6.70279e-12 +0.00000e+00
 6.44947e-06 4.11600e+03 8.39815e-12 +0.00000e+00
 8.03086e-06 4.12490e+03 1.05024e-11 +0.00000e+00
 1.00000e-05 4.13464e+03 1.31090e-11 +0.00000e+00
 1.24520e-05 4.14525e+03 1.63313e-11 +0.00000e+00
 1.55052e-05 4.15679e+03 2.03056e-11 +0.00000e+00
 1.93070e-05 4.16929e+03 2.51952e-11 +0.00000e+00
 2.40410e-05 4.18283e+03 3.11941e-11 +0.00000e+00
 2.99358e-05 4.19749e+03 3.85307e-11 +0.00000e+00
 3.72759e-05 4.21340e+03 4.74702e-11 +0.00000e+00
 4.64159e-05 4.23070e+03 5.83162e-11 +0.00000e+00
 5.77969e-05 4.24958e+03 7.14095e-11 +0.00000e+00
 7.19686e-05 4.27028e+03 8.71227e-11 +0.00000e+00
 8.96151e-05 4.29301e+03 1.05851e-10 +0.00000e+00
 1.11588e-04 4.31791e+03 1.28000e-10 +0.00000e+00
 1.38950e-04 4.34494e+03 1.53968e-10 +0.00000e+00
 1.73020e-04 4.37374e+03 1.84151e-10 +0.00000e+00
 2.15443e-04 4.40334e+03 2.18969e-10 +0.00000e+00
 2.68270e-04 4.43227e+03 2.58937e-10 +0.00000e+00
 3.34048e-04 4.45871e+03 3.04778e-10 +0.00000e+00
 4.15956e-04 4.48117e+03 3.57515e-10 +0.00000e+00
 5.17947e-04 4.49907e+03 4.18496e-10 +0.00000e+00
 6.44947e-04 4.51284e+03 4.89351e-10 +0.00000e+00
 8.03086e-04 4.52355e+03 5.71932e-10 +0.00000e+00
 1.00000e-03 4.53233e+03 6.68269e-10 +0.00000e+00
 1.24520e-03 4.54008e+03 7.80594e-10 -2.54800e-07
 1.55052e-03 4.54735e+03 9.11365e-10 -3.17278e-07
 1.93070e-03 4.55450e+03 1.06331e-09 -3.95073e-07
 2.40410e-03 4.56173e+03 1.23946e-09 -4.91943e-07
 2.99358e-03 4.56917e+03 1.44321e-09 -6.12566e-07
 3.72759e-03 4.57695e+03 1.67827e-09 -7.62766e-07
 4.64159e-03 4.58518e+03 1.94875e-09 -9.49794e-07
 5.77969e-03 4.59399e+03 2.25911e-09 -1.18268e-06
 7.19686e-03 4.60353e+03 2.61413e-09 -1.47267e-06
 8.96151e-03 4.61399e+03 3.01880e-09 -1.83376e-06
 1.11588e-02 4.62558e+03 3.47828e-09 -2.28340e-06
 1.38950e-02 4.63855e+03 3.99761e-09 -2.84328e-06
 1.73020e-02 4.65319e+03 4.58155e-09 -3.54045e-06
 2.15443e-02 4.66985e+03 5.23419e-09 -4.40856e-06
 2.68270e-02 4.68891e+03 5.95847e-09 -5.48952e-06
 3.34048e-02 4.71082e+03 6.75575e-09 -6.83554e-06
 4.15956e-02 4.73610e+03 7.62516e-09 -8.51158e-06
 5.17947e-02 4.76532e+03 8.56294e-09 -1.05986e-05
 6.44947e-02 4.79913e+03 9.56180e-09 -1.31973e-05
 8.03086e-02 4.83825e+03 1.06104e-08 -1.64333e-05
 1.00000e-01 4.88353e+03 1.16932e-08 -2.04626e-05
 1.24520e-01 4.93588e+03 1.27899e-08 -2.54800e-05
 1.55052e-01 4.99641e+03 1.38761e-08 -3.17278e-05
 1.93070e-01 5.06638e+03 1.49237e-08 -3.95073e-05
 2.40410e-01 5.14724e+03 1.59022e-08 -4.91943e-05
 2.99358e-01 5.24072e+03 1.67806e-08 -6.12566e-05
 3.72759e-01 5.34887e+03 1.75284e-08 -7.62766e-05
 4.64159e-01 5.47439e+03 1.81177e-08 -9.49792e-05
 5.77969e-01 5.62173e+03 1.85189e-08 -1.18263e-04
 7.19686e-01 5.79238e+03 1.87237e-08 -1.47155e-04
 8.96151e-01 5.99040e+03 1.87268e-08 -1.81639e-04
 1.11588e+00 6.22578e+03 1.85116e-08 -2.02857e-04
 1.38950e+00 6.50074e+03 1.80964e-08 +4.55176e-05
 1.73020e+00 6.79609e+03 1.75682e-08 +2.36713e-03
 2.15443e+00 7.04035e+03 1.71531e-08 +9.02082e-03
 2.68270e+00 7.26617e+03 1.67714e-08 +2.17369e-02
 3.34048e+00 7.46860e+03 1.64389e-08 +3.59966e-02
 4.15956e+00 7.64555e+03 1.61634e-08 +4.67233e-02
 5.17947e+00 7.80207e+03 1.59345e-08 +5.44978e-02
 6.44947e+00 7.94381e+03 1.57406e-08 +6.01203e-02
 8.03086e+00 8.07495e+03 1.55731e-08 +6.42554e-02
 1.00000e+01 8.19850e+03 1.54259e-08 +6.73662e-02
 1.24520e+01 8.31655e+03 1.52953e-08 +6.97492e-02
 1.55052e+01 8.43065e+03 1.51783e-08 +7.16045e-02
 1.93070e+01 8.54192e+03 1.50731e-08 +7.30691e-02
 2.40410e+01 8.65121e+03 1.49784e-08 +7.42389e-02
 2.99358e+01 8.75919e+03 1.48932e-08 +7.51820e-02
 3.72759e+01 8.86638e+03 1.48170e-08 +7.59476e-02
 4.64159e+01 8.97318e+03 1.47495e-08 +7.65724e-02
 5.77969e+01 9.07995e+03 1.46904e-08 +7.70859e-02
 7.19686e+01 9.18698e+03 1.46400e-08 +7.75082e-02
 8.96151e+01 9.29452e+03 1.45983e-08 +7.78574e-02
 1.11588e+02 9.40291e+03 1.45658e-08 +7.81438e-02
 1.38950e+02 9.51248e+03 1.45423e-08 +7.83825e-02
 1.73020e+02 9.62340e+03 1.45287e-08 +7.85810e-02
 2.15443e+02 9.73591e+03 1.45252e-08 +7.87469e-02
 2.68270e+02 9.85020e+03 1.45330e-08 +7.88855e-02
 3.34048e+02 9.97385e+03 1.45260e-08 +7.89568e-02
 4.15956e+02 1.00998e+04 1.45271e-08 +7.90653e-02
 5.17947e+02 1.02268e+04 1.45440e-08 +7.91586e-02
 6.44947e+02 1.03546e+04 1.45805e-08 +7.92360e-02
 8.03086e+02 1.04839e+04 1.46378e-08 +7.92989e-02
 1.00000e+03 1.06156e+04 1.47166e-08 +7.93501e-02
