#n1=128 n2=4 Teff=05500 R=2.1393e+11 L=2.9826e+34 logg=+3.50
#   tau          T          rho         Fconv
 0.00000e+00 4.06200e+03 1.99882e-21 +0.00000e+00
 1.00000e-09 4.06200e+03 1.15209e-14 +0.00000e+00
 1.24520e-09 4.06384e+03 1.63417e-14 +0.00000e+00
 1.55052e-09 4.06570e+03 2.29363e-14 +0.00000e+00
 1.93070e-09 4.06744e+03 3.18773e-14 +0.00000e+00
 2.40410e-09 4.06895e+03 4.39031e-14 +0.00000e+00
 2.99358e-09 4.07020e+03 5.99611e-14 +0.00000e+00
 3.72759e-09 4.07124e+03 8.12569e-14 +0.00000e+00
 4.64159e-09 4.07217e+03 1.09316e-13 +0.00000e+00
 5.77969e-09 4.07306e+03 1.46058e-13 +0.00000e+00
 7.19686e-09 4.07399e+03 1.93895e-13 +0.00000e+00
 8.96151e-09 4.07496e+03 2.55858e-13 +0.00000e+00
 1.11588e-08 4.07598e+03 3.35744e-13 +0.00000e+00
 1.38950e-08 4.07705e+03 4.38309e-13 +0.00000e+00
 1.73020e-08 4.07817e+03 5.69503e-13 +0.00000e+00
 2.15443e-08 4.07936e+03 7.36753e-13 +0.00000e+00
 2.68270e-08 4.08062e+03 9.49330e-13 +0.00000e+00
 3.34048e-08 4.08198e+03 1.21878e-12 +0.00000e+00
 4.15956e-08 4.08345e+03 1.55947e-12 +0.00000e+00
 5.17947e-08 4.08506e+03 1.98927e-12 +0.00000e+00
 6.44947e-08 4.08682e+03 2.53037e-12 +0.00000e+00
 8.03086e-08 4.08875e+03 3.21029e-12 +0.00000e+00
 1.00000e-07 4.09086e+03 4.06311e-12 +0.00000e+00
 1.24520e-07 4.09318e+03 5.13103e-12 +0.00000e+00
 1.55052e-07 4.09572e+03 6.46617e-12 +0.00000e+00
 1.93070e-07 4.09850e+03 8.13283e-12 +0.00000e+00
 2.40410e-07 4.10152e+03 1.02102e-11 +0.00000e+00
 2.99358e-07 4.10482e+03 1.27956e-11 +0.00000e+00
 3.72759e-07 4.10840e+03 1.60087e-11 +0.00000e+00
 4.64159e-07 4.11227e+03 1.99955e-11 +0.00000e+00
 5.77969e-07 4.11645e+03 2.49348e-11 +0.00000e+00
 7.19686e-07 4.12096e+03 3.10442e-11 +0.00000e+00
 8.96151e-07 4.12580e+03 3.85877e-11 +0.00000e+00
 1.11588e-06 4.13102e+03 4.78848e-11 +0.00000e+00
 1.38950e-06 4.13663e+03 5.93202e-11 +0.00000e+00
 1.73020e-06 4.14266e+03 7.33554e-11 +0.00000e+00
 2.15443e-06 4.14915e+03 9.05407e-11 +0.00000e+00
 2.68270e-06 4.15612e+03 1.11530e-10 +0.00000e+00
 3.34048e-06 4.16358e+03 1.37093e-10 +0.00000e+00
 4.15956e-06 4.17153e+03 1.68136e-10 +0.00000e+00
 5.17947e-06 4.17997e+03 2.05713e-10 +0.00000e+00
 6.44947e-06 4.18888e+03 2.51044e-10 +0.00000e+00
 8.03086e-06 4.19822e+03 3.05537e-10 +0.00000e+00
 1.00000e-05 4.20797e+03 3.70798e-10 +0.00000e+00
 1.24520e-05 4.21810e+03 4.48655e-10 +0.00000e+00
 1.55052e-05 4.22855e+03 5.41174e-10 +0.00000e+00
 1.93070e-05 4.23931e+03 6.50680e-10 +0.00000e+00
 2.40410e-05 4.25034e+03 7.79770e-10 +0.00000e+00
 2.99358e-05 4.26162e+03 9.31350e-10 +0.00000e+00
 3.72759e-05 4.27312e+03 1.10864e-09 +0.00000e+00
 4.64159e-05 4.28485e+03 1.31521e-09 +0.00000e+00
 5.77969e-05 4.29676e+03 1.55503e-09 +0.00000e+00
 7.19686e-05 4.30886e+03 1.83249e-09 +0.00000e+00
 8.96151e-05 4.32109e+03 2.15246e-09 +0.00000e+00
 1.11588e-04 4.33343e+03 2.52039e-09 +0.00000e+00
 1.38950e-04 4.34580e+03 2.94240e-09 +0.00000e+00
 1.73020e-04 4.35811e+03 3.42543e-09 +0.00000e+00
 2.15443e-04 4.37024e+03 3.97747e-09 +0.00000e+00
 2.68270e-04 4.38205e+03 4.60780e-09 +0.00000e+00
 3.34048e-04 4.39337e+03 5.32736e-09 +0.00000e+00
 4.15956e-04 4.40405e+03 6.14915e-09 +0.00000e+00
 5.17947e-04 4.41394e+03 7.08859e-09 +0.00000e+00
 6.44947e-04 4.42295e+03 8.16405e-09 +0.00000e+00
 8.03086e-04 4.43106e+03 9.39714e-09 +0.00000e+00
 1.00000e-03 4.43831e+03 1.08131e-08 +0.00000e+00
 1.24520e-03 4.44482e+03 1.24410e-08 -2.54680e-07
 1.55052e-03 4.45077e+03 1.43139e-08 -3.17128e-07
 1.93070e-03 4.45637e+03 1.64690e-08 -3.94886e-07
 2.40410e-03 4.46184e+03 1.89475e-08 -4.91712e-07
 2.99358e-03 4.46740e+03 2.17950e-08 -6.12276e-07
 3.72759e-03 4.47322e+03 2.50615e-08 -7.62406e-07
 4.64159e-03 4.47947e+03 2.88016e-08 -9.49345e-07
 5.77969e-03 4.48633e+03 3.30739e-08 -1.18212e-06
 7.19686e-03 4.49398e+03 3.79404e-08 -1.47197e-06
 8.96151e-03 4.50261e+03 4.34658e-08 -1.83290e-06
 1.11588e-02 4.51244e+03 4.97148e-08 -2.28233e-06
 1.38950e-02 4.52373e+03 5.67507e-08 -2.84194e-06
 1.73020e-02 4.53677e+03 6.46300e-08 -3.53878e-06
 2.15443e-02 4.55187e+03 7.34001e-08 -4.40646e-06
 2.68270e-02 4.56941e+03 8.30922e-08 -5.48693e-06
 3.34048e-02 4.58979e+03 9.37148e-08 -6.83231e-06
 4.15956e-02 4.61350e+03 1.05246e-07 -8.50755e-06
 5.17947e-02 4.64107e+03 1.17627e-07 -1.05936e-05
 6.44947e-02 4.67315e+03 1.30750e-07 -1.31911e-05
 8.03086e-02 4.71049e+03 1.44452e-07 -1.64255e-05
 1.00000e-01 4.75400e+03 1.58509e-07 -2.04531e-05
 1.24520e-01 4.80477e+03 1.72629e-07 -2.54680e-05
 1.55052e-01 4.86411e+03 1.86457e-07 -3.17128e-05
 1.93070e-01 4.93357e+03 1.99582e-07 -3.94886e-05
 2.40410e-01 5.01497e+03 2.11560e-07 -4.91712e-05
 2.99358e-01 5.11059e+03 2.21935e-07 -6.12276e-05
 3.72759e-01 5.22350e+03 2.30254e-07 -7.61220e-05
 4.64159e-01 5.35834e+03 2.36045e-07 -6.38401e-05
 5.77969e-01 5.51177e+03 2.39407e-07 +3.72796e-04
 7.19686e-01 5.67510e+03 2.40938e-07 +2.43662e-03
 8.96151e-01 5.82919e+03 2.41903e-07 +6.20916e-03
 1.11588e+00 5.97770e+03 2.42502e-07 +1.15437e-02
 1.38950e+00 6.12093e+03 2.42938e-07 +1.78352e-02
 1.73020e+00 6.26061e+03 2.43294e-07 +2.51888e-02
 2.15443e+00 6.39890e+03 2.43582e-07 +3.39025e-02
 2.68270e+00 6.53789e+03 2.43782e-07 +4.44131e-02
 3.34048e+00 6.67829e+03 2.43908e-07 +5.31225e-02
 4.15956e+00 6.81597e+03 2.44159e-07 +5.74949e-02
 5.17947e+00 6.95108e+03 2.44580e-07 +6.10629e-02
 6.44947e+00 7.08445e+03 2.45181e-07 +6.40106e-02
 8.03086e+00 7.21664e+03 2.45975e-07 +6.64573e-02
 1.00000e+01 7.34815e+03 2.46973e-07 +6.85024e-02
 1.24520e+01 7.47924e+03 2.48187e-07 +7.02270e-02
 1.55052e+01 7.61004e+03 2.49639e-07 +7.16888e-02
 1.93070e+01 7.74059e+03 2.51347e-07 +7.29256e-02
 2.40410e+01 7.87099e+03 2.53329e-07 +7.39689e-02
 2.99358e+01 8.00141e+03 2.55601e-07 +7.48459e-02
 3.72759e+01 8.13203e+03 2.58178e-07 +7.55857e-02
 4.64159e+01 8.26290e+03 2.61075e-07 +7.62122e-02
 5.77969e+01 8.39404e+03 2.64312e-07 +7.67433e-02
 7.19686e+01 8.52549e+03 2.67907e-07 +7.71891e-02
 8.96151e+01 8.65752e+03 2.71872e-07 +7.75643e-02
 1.11588e+02 8.79002e+03 2.76228e-07 +7.78871e-02
 1.38950e+02 8.92241e+03 2.81022e-07 +7.81676e-02
 1.73020e+02 9.05397e+03 2.86315e-07 +7.84091e-02
 2.15443e+02 9.18431e+03 2.92167e-07 +7.86131e-02
 2.68270e+02 9.31330e+03 2.98637e-07 +7.87833e-02
 3.34048e+02 9.44104e+03 3.05785e-07 +7.89241e-02
 4.15956e+02 9.56776e+03 3.13668e-07 +7.90402e-02
 5.17947e+02 9.69365e+03 3.22349e-07 +7.91366e-02
 6.44947e+02 9.81886e+03 3.31900e-07 +7.92162e-02
 8.03086e+02 9.94360e+03 3.42398e-07 +7.92820e-02
 1.00000e+03 1.00681e+04 3.53916e-07 +7.93363e-02
