#n1=128 n2=4 Teff=05200 R=3.2789e+10 L=5.6006e+32 logg=+5.00
#   tau          T          rho         Fconv
 0.00000e+00 2.82325e+03 5.35690e-21 +0.00000e+00
 1.00000e-09 2.82325e+03 2.15289e-12 +0.00000e+00
 1.24520e-09 2.83089e+03 2.67399e-12 +0.00000e+00
 1.55052e-09 2.84023e+03 3.31629e-12 +0.00000e+00
 1.93070e-09 2.85081e+03 4.10713e-12 +0.00000e+00
 2.40410e-09 2.86231e+03 5.07961e-12 +0.00000e+00
 2.99358e-09 2.87448e+03 6.27375e-12 +0.00000e+00
 3.72759e-09 2.88715e+03 7.73780e-12 +0.00000e+00
 4.64159e-09 2.90023e+03 9.52923e-12 +0.00000e+00
 5.77969e-09 2.91372e+03 1.17165e-11 +0.00000e+00
 7.19686e-09 2.92771e+03 1.43796e-11 +0.00000e+00
 8.96151e-09 2.94236e+03 1.76118e-11 +0.00000e+00
 1.11588e-08 2.95783e+03 2.15199e-11 +0.00000e+00
 1.38950e-08 2.97425e+03 2.62266e-11 +0.00000e+00
 1.73020e-08 2.99170e+03 3.18692e-11 +0.00000e+00
 2.15443e-08 3.01013e+03 3.86028e-11 +0.00000e+00
 2.68270e-08 3.02946e+03 4.65997e-11 +0.00000e+00
 3.34048e-08 3.04949e+03 5.60503e-11 +0.00000e+00
 4.15956e-08 3.07007e+03 6.71670e-11 +0.00000e+00
 5.17947e-08 3.09095e+03 8.01812e-11 +0.00000e+00
 6.44947e-08 3.11196e+03 9.53512e-11 +0.00000e+00
 8.03086e-08 3.13293e+03 1.12962e-10 +0.00000e+00
 1.00000e-07 3.15376e+03 1.33320e-10 +0.00000e+00
 1.24520e-07 3.17438e+03 1.56779e-10 +0.00000e+00
 1.55052e-07 3.19474e+03 1.83717e-10 +0.00000e+00
 1.93070e-07 3.21485e+03 2.14554e-10 +0.00000e+00
 2.40410e-07 3.23466e+03 2.49779e-10 +0.00000e+00
 2.99358e-07 3.25421e+03 2.89902e-10 +0.00000e+00
 3.72759e-07 3.27346e+03 3.35520e-10 +0.00000e+00
 4.64159e-07 3.29243e+03 3.87315e-10 +0.00000e+00
 5.77969e-07 3.31118e+03 4.46004e-10 +0.00000e+00
 7.19686e-07 3.32969e+03 5.12422e-10 +0.00000e+00
 8.96151e-07 3.34806e+03 5.87527e-10 +0.00000e+00
 1.11588e-06 3.36638e+03 6.72311e-10 +0.00000e+00
 1.38950e-06 3.38478e+03 7.67868e-10 +0.00000e+00
 1.73020e-06 3.40345e+03 8.75472e-10 +0.00000e+00
 2.15443e-06 3.42246e+03 9.96440e-10 +0.00000e+00
 2.68270e-06 3.44183e+03 1.13221e-09 +0.00000e+00
 3.34048e-06 3.46154e+03 1.28452e-09 +0.00000e+00
 4.15956e-06 3.48157e+03 1.45531e-09 +0.00000e+00
 5.17947e-06 3.50188e+03 1.64660e-09 +0.00000e+00
 6.44947e-06 3.52248e+03 1.86069e-09 +0.00000e+00
 8.03086e-06 3.54333e+03 2.10044e-09 +0.00000e+00
 1.00000e-05 3.56441e+03 2.36874e-09 +0.00000e+00
 1.24520e-05 3.58573e+03 2.66872e-09 +0.00000e+00
 1.55052e-05 3.60724e+03 3.00429e-09 +0.00000e+00
 1.93070e-05 3.62893e+03 3.37982e-09 +0.00000e+00
 2.40410e-05 3.65076e+03 3.79986e-09 +0.00000e+00
 2.99358e-05 3.67269e+03 4.26951e-09 +0.00000e+00
 3.72759e-05 3.69470e+03 4.79525e-09 +0.00000e+00
 4.64159e-05 3.71670e+03 5.38399e-09 +0.00000e+00
 5.77969e-05 3.73866e+03 6.04312e-09 +0.00000e+00
 7.19686e-05 3.76050e+03 6.78118e-09 +0.00000e+00
 8.96151e-05 3.78218e+03 7.60898e-09 +0.00000e+00
 1.11588e-04 3.80365e+03 8.53764e-09 +0.00000e+00
 1.38950e-04 3.82489e+03 9.57931e-09 +0.00000e+00
 1.73020e-04 3.84586e+03 1.07482e-08 +0.00000e+00
 2.15443e-04 3.86657e+03 1.20620e-08 +0.00000e+00
 2.68270e-04 3.88700e+03 1.35385e-08 +0.00000e+00
 3.34048e-04 3.90717e+03 1.51972e-08 +0.00000e+00
 4.15956e-04 3.92709e+03 1.70620e-08 +0.00000e+00
 5.17947e-04 3.94681e+03 1.91606e-08 +0.00000e+00
 6.44947e-04 3.96636e+03 2.15211e-08 +0.00000e+00
 8.03086e-04 3.98577e+03 2.41750e-08 +0.00000e+00
 1.00000e-03 4.00515e+03 2.71606e-08 +0.00000e+00
 1.24520e-03 4.02449e+03 3.05211e-08 -2.54585e-07
 1.55052e-03 4.04392e+03 3.43003e-08 -3.17008e-07
 1.93070e-03 4.06349e+03 3.85470e-08 -3.94737e-07
 2.40410e-03 4.08329e+03 4.33231e-08 -4.91526e-07
 2.99358e-03 4.10344e+03 4.86920e-08 -6.12047e-07
 3.72759e-03 4.12397e+03 5.47213e-08 -7.62118e-07
 4.64159e-03 4.14513e+03 6.14833e-08 -9.48987e-07
 5.77969e-03 4.16695e+03 6.90726e-08 -1.18168e-06
 7.19686e-03 4.18968e+03 7.75780e-08 -1.47142e-06
 8.96151e-03 4.21344e+03 8.70942e-08 -1.83221e-06
 1.11588e-02 4.23842e+03 9.77276e-08 -2.28146e-06
 1.38950e-02 4.26479e+03 1.09608e-07 -2.84087e-06
 1.73020e-02 4.29273e+03 1.22856e-07 -3.53745e-06
 2.15443e-02 4.32253e+03 1.37594e-07 -4.40481e-06
 2.68270e-02 4.35444e+03 1.53964e-07 -5.48485e-06
 3.34048e-02 4.38884e+03 1.72126e-07 -6.82971e-06
 4.15956e-02 4.42611e+03 1.92215e-07 -8.50435e-06
 5.17947e-02 4.46680e+03 2.14357e-07 -1.05896e-05
 6.44947e-02 4.51159e+03 2.38698e-07 -1.31861e-05
 8.03086e-02 4.56125e+03 2.65382e-07 -1.64193e-05
 1.00000e-01 4.61683e+03 2.94488e-07 -2.04453e-05
 1.24520e-01 4.67951e+03 3.26070e-07 -2.54585e-05
 1.55052e-01 4.75027e+03 3.60245e-07 -3.17008e-05
 1.93070e-01 4.83039e+03 3.97122e-07 -3.94737e-05
 2.40410e-01 4.92168e+03 4.36722e-07 -4.91526e-05
 2.99358e-01 5.02454e+03 4.79229e-07 -6.12047e-05
 3.72759e-01 5.13990e+03 5.24890e-07 -7.62118e-05
 4.64159e-01 5.26892e+03 5.73882e-07 -9.48987e-05
 5.77969e-01 5.42018e+03 6.25123e-07 -1.18168e-04
 7.19686e-01 5.58063e+03 6.79376e-07 -1.47142e-04
 8.96151e-01 5.74062e+03 7.36629e-07 -1.83221e-04
 1.11588e+00 5.99514e+03 7.79262e-07 -2.24920e-04
 1.38950e+00 6.25122e+03 8.13631e-07 +7.16714e-04
 1.73020e+00 6.55490e+03 8.29949e-07 +7.00916e-03
 2.15443e+00 6.74767e+03 8.53740e-07 +9.36395e-03
 2.68270e+00 6.93092e+03 8.75731e-07 +1.89172e-02
 3.34048e+00 7.10893e+03 8.96209e-07 +2.94187e-02
 4.15956e+00 7.28051e+03 9.16051e-07 +3.78898e-02
 5.17947e+00 7.44617e+03 9.35843e-07 +4.49120e-02
 6.44947e+00 7.60689e+03 9.55994e-07 +5.07169e-02
 8.03086e+00 7.76353e+03 9.76829e-07 +5.55003e-02
 1.00000e+01 7.91703e+03 9.98596e-07 +5.94256e-02
 1.24520e+01 8.06830e+03 1.02149e-06 +6.26559e-02
 1.55052e+01 8.21802e+03 1.04567e-06 +6.53386e-02
 1.93070e+01 8.36671e+03 1.07133e-06 +6.75753e-02
 2.40410e+01 8.51482e+03 1.09861e-06 +6.94400e-02
 2.99358e+01 8.66283e+03 1.12764e-06 +7.10015e-02
 3.72759e+01 8.81086e+03 1.15859e-06 +7.23362e-02
 4.64159e+01 8.95852e+03 1.19173e-06 +7.34917e-02
 5.77969e+01 9.10525e+03 1.22738e-06 +7.44873e-02
 7.19686e+01 9.25068e+03 1.26589e-06 +7.53296e-02
 8.96151e+01 9.39485e+03 1.30757e-06 +7.60319e-02
 1.11588e+02 9.53810e+03 1.35272e-06 +7.66132e-02
 1.38950e+02 9.68065e+03 1.40166e-06 +7.70998e-02
 1.73020e+02 9.82267e+03 1.45472e-06 +7.75048e-02
 2.15443e+02 9.96445e+03 1.51225e-06 +7.78401e-02
 2.68270e+02 1.01064e+04 1.57455e-06 +7.81173e-02
 3.34048e+02 1.02490e+04 1.64205e-06 +7.83479e-02
 4.15956e+02 1.03925e+04 1.71508e-06 +7.85409e-02
 5.17947e+02 1.05370e+04 1.79404e-06 +7.87037e-02
 6.44947e+02 1.06824e+04 1.87942e-06 +7.88415e-02
 8.03086e+02 1.08288e+04 1.97177e-06 +7.89577e-02
 1.00000e+03 1.09760e+04 2.07167e-06 +7.90564e-02
