#n1=128 n2=4 Teff=05200 R=2.0175e+11 L=2.1210e+34 logg=+3.50
#   tau          T          rho         Fconv
 0.00000e+00 3.77438e+03 2.85038e-21 +0.00000e+00
 1.00000e-09 3.77438e+03 3.82073e-14 +0.00000e+00
 1.24520e-09 3.77482e+03 4.92123e-14 +0.00000e+00
 1.55052e-09 3.77525e+03 6.31642e-14 +0.00000e+00
 1.93070e-09 3.77569e+03 8.08158e-14 +0.00000e+00
 2.40410e-09 3.77615e+03 1.03108e-13 +0.00000e+00
 2.99358e-09 3.77664e+03 1.31215e-13 +0.00000e+00
 3.72759e-09 3.77716e+03 1.66602e-13 +0.00000e+00
 4.64159e-09 3.77773e+03 2.11100e-13 +0.00000e+00
 5.77969e-09 3.77835e+03 2.66989e-13 +0.00000e+00
 7.19686e-09 3.77902e+03 3.37113e-13 +0.00000e+00
 8.96151e-09 3.77976e+03 4.25020e-13 +0.00000e+00
 1.11588e-08 3.78057e+03 5.35126e-13 +0.00000e+00
 1.38950e-08 3.78146e+03 6.72937e-13 +0.00000e+00
 1.73020e-08 3.78244e+03 8.45306e-13 +0.00000e+00
 2.15443e-08 3.78352e+03 1.06077e-12 +0.00000e+00
 2.68270e-08 3.78470e+03 1.32993e-12 +0.00000e+00
 3.34048e-08 3.78602e+03 1.66602e-12 +0.00000e+00
 4.15956e-08 3.78746e+03 2.08545e-12 +0.00000e+00
 5.17947e-08 3.78906e+03 2.60866e-12 +0.00000e+00
 6.44947e-08 3.79082e+03 3.26102e-12 +0.00000e+00
 8.03086e-08 3.79276e+03 4.07408e-12 +0.00000e+00
 1.00000e-07 3.79488e+03 5.08699e-12 +0.00000e+00
 1.24520e-07 3.79721e+03 6.34836e-12 +0.00000e+00
 1.55052e-07 3.79976e+03 7.91847e-12 +0.00000e+00
 1.93070e-07 3.80255e+03 9.87209e-12 +0.00000e+00
 2.40410e-07 3.80561e+03 1.23018e-11 +0.00000e+00
 2.99358e-07 3.80896e+03 1.53222e-11 +0.00000e+00
 3.72759e-07 3.81263e+03 1.90750e-11 +0.00000e+00
 4.64159e-07 3.81667e+03 2.37352e-11 +0.00000e+00
 5.77969e-07 3.82111e+03 2.95188e-11 +0.00000e+00
 7.19686e-07 3.82600e+03 3.66919e-11 +0.00000e+00
 8.96151e-07 3.83137e+03 4.55817e-11 +0.00000e+00
 1.11588e-06 3.83723e+03 5.65905e-11 +0.00000e+00
 1.38950e-06 3.84360e+03 7.02116e-11 +0.00000e+00
 1.73020e-06 3.85048e+03 8.70488e-11 +0.00000e+00
 2.15443e-06 3.85784e+03 1.07840e-10 +0.00000e+00
 2.68270e-06 3.86566e+03 1.33483e-10 +0.00000e+00
 3.34048e-06 3.87392e+03 1.65071e-10 +0.00000e+00
 4.15956e-06 3.88257e+03 2.03925e-10 +0.00000e+00
 5.17947e-06 3.89159e+03 2.51639e-10 +0.00000e+00
 6.44947e-06 3.90098e+03 3.10123e-10 +0.00000e+00
 8.03086e-06 3.91076e+03 3.81659e-10 +0.00000e+00
 1.00000e-05 3.92099e+03 4.68942e-10 +0.00000e+00
 1.24520e-05 3.93176e+03 5.75133e-10 +0.00000e+00
 1.55052e-05 3.94321e+03 7.03899e-10 +0.00000e+00
 1.93070e-05 3.95547e+03 8.59442e-10 +0.00000e+00
 2.40410e-05 3.96863e+03 1.04651e-09 +0.00000e+00
 2.99358e-05 3.98280e+03 1.27039e-09 +0.00000e+00
 3.72759e-05 3.99801e+03 1.53687e-09 +0.00000e+00
 4.64159e-05 4.01411e+03 1.85230e-09 +0.00000e+00
 5.77969e-05 4.03096e+03 2.22347e-09 +0.00000e+00
 7.19686e-05 4.04840e+03 2.65772e-09 +0.00000e+00
 8.96151e-05 4.06618e+03 3.16290e-09 +0.00000e+00
 1.11588e-04 4.08389e+03 3.74790e-09 +0.00000e+00
 1.38950e-04 4.10131e+03 4.42247e-09 +0.00000e+00
 1.73020e-04 4.11810e+03 5.19806e-09 +0.00000e+00
 2.15443e-04 4.13411e+03 6.08781e-09 +0.00000e+00
 2.68270e-04 4.14928e+03 7.10678e-09 +0.00000e+00
 3.34048e-04 4.16345e+03 8.27299e-09 +0.00000e+00
 4.15956e-04 4.17658e+03 9.60758e-09 +0.00000e+00
 5.17947e-04 4.18864e+03 1.11353e-08 +0.00000e+00
 6.44947e-04 4.19966e+03 1.28853e-08 +0.00000e+00
 8.03086e-04 4.20969e+03 1.48918e-08 +0.00000e+00
 1.00000e-03 4.21884e+03 1.71939e-08 +0.00000e+00
 1.24520e-03 4.22724e+03 1.98367e-08 -2.54505e-07
 1.55052e-03 4.23509e+03 2.28715e-08 -3.16909e-07
 1.93070e-03 4.24254e+03 2.63555e-08 -3.94614e-07
 2.40410e-03 4.24975e+03 3.03532e-08 -4.91373e-07
 2.99358e-03 4.25688e+03 3.49368e-08 -6.11856e-07
 3.72759e-03 4.26407e+03 4.01858e-08 -7.61881e-07
 4.64159e-03 4.27149e+03 4.61870e-08 -9.48692e-07
 5.77969e-03 4.27930e+03 5.30350e-08 -1.18131e-06
 7.19686e-03 4.28770e+03 6.08295e-08 -1.47096e-06
 8.96151e-03 4.29688e+03 6.96736e-08 -1.83164e-06
 1.11588e-02 4.30709e+03 7.96719e-08 -2.28075e-06
 1.38950e-02 4.31856e+03 9.09259e-08 -2.83999e-06
 1.73020e-02 4.33157e+03 1.03527e-07 -3.53635e-06
 2.15443e-02 4.34645e+03 1.17550e-07 -4.40344e-06
 2.68270e-02 4.36354e+03 1.33045e-07 -5.48314e-06
 3.34048e-02 4.38326e+03 1.50023e-07 -6.82758e-06
 4.15956e-02 4.40607e+03 1.68443e-07 -8.50170e-06
 5.17947e-02 4.43250e+03 1.88200e-07 -1.05863e-05
 6.44947e-02 4.46318e+03 2.09108e-07 -1.31820e-05
 8.03086e-02 4.49886e+03 2.30886e-07 -1.64142e-05
 1.00000e-01 4.54040e+03 2.53149e-07 -2.04389e-05
 1.24520e-01 4.58889e+03 2.75401e-07 -2.54505e-05
 1.55052e-01 4.64561e+03 2.97040e-07 -3.16909e-05
 1.93070e-01 4.71211e+03 3.17378e-07 -3.94614e-05
 2.40410e-01 4.79027e+03 3.35677e-07 -4.91373e-05
 2.99358e-01 4.88247e+03 3.51184e-07 -6.11856e-05
 3.72759e-01 4.99186e+03 3.63143e-07 -6.31954e-05
 4.64159e-01 5.11311e+03 3.71825e-07 +2.65861e-04
 5.77969e-01 5.24247e+03 3.77733e-07 +2.19775e-03
 7.19686e-01 5.36829e+03 3.82262e-07 +5.99745e-03
 8.96151e-01 5.49020e+03 3.85955e-07 +1.08508e-02
 1.11588e+00 5.60769e+03 3.89230e-07 +1.62111e-02
 1.38950e+00 5.72224e+03 3.92252e-07 +2.22984e-02
 1.73020e+00 5.83561e+03 3.95076e-07 +2.94576e-02
 2.15443e+00 5.94951e+03 3.97700e-07 +3.82477e-02
 2.68270e+00 6.06530e+03 4.00102e-07 +4.89352e-02
 3.34048e+00 6.18345e+03 4.02302e-07 +5.72885e-02
 4.15956e+00 6.30084e+03 4.04577e-07 +6.07986e-02
 5.17947e+00 6.41761e+03 4.06997e-07 +6.36688e-02
 6.44947e+00 6.53448e+03 4.09583e-07 +6.60446e-02
 8.03086e+00 6.65192e+03 4.12358e-07 +6.80373e-02
 1.00000e+01 6.77021e+03 4.15350e-07 +6.97218e-02
 1.24520e+01 6.88959e+03 4.18584e-07 +7.11489e-02
 1.55052e+01 7.01024e+03 4.22090e-07 +7.23648e-02
 1.93070e+01 7.13224e+03 4.25896e-07 +7.34047e-02
 2.40410e+01 7.25564e+03 4.30035e-07 +7.42936e-02
 2.99358e+01 7.38048e+03 4.34539e-07 +7.50571e-02
 3.72759e+01 7.50666e+03 4.39447e-07 +7.57157e-02
 4.64159e+01 7.63399e+03 4.44807e-07 +7.62848e-02
 5.77969e+01 7.76229e+03 4.50671e-07 +7.67744e-02
 7.19686e+01 7.89148e+03 4.57084e-07 +7.71920e-02
 8.96151e+01 8.02155e+03 4.64090e-07 +7.75477e-02
 1.11588e+02 8.15251e+03 4.71732e-07 +7.78511e-02
 1.38950e+02 8.28429e+03 4.80059e-07 +7.81101e-02
 1.73020e+02 8.41684e+03 4.89123e-07 +7.83308e-02
 2.15443e+02 8.55019e+03 4.98970e-07 +7.85172e-02
 2.68270e+02 8.68445e+03 5.09644e-07 +7.86756e-02
 3.34048e+02 8.81941e+03 5.21209e-07 +7.88124e-02
 4.15956e+02 8.95452e+03 5.33765e-07 +7.89310e-02
 5.17947e+02 9.08916e+03 5.47438e-07 +7.90333e-02
 6.44947e+02 9.22295e+03 5.62358e-07 +7.91198e-02
 8.03086e+02 9.35580e+03 5.78653e-07 +7.91922e-02
 1.00000e+03 9.48789e+03 5.96442e-07 +7.92522e-02
