#n1=128 n2=4 Teff=05400 R=2.4104e+13 L=3.5218e+38 logg=+0.00
#   tau          T          rho         Fconv
 0.00000e+00 3.02015e+03 4.95090e-21 +0.00000e+00
 1.00000e-09 3.02015e+03 1.23091e-17 +0.00000e+00
 1.24520e-09 3.02306e+03 1.55316e-17 +0.00000e+00
 1.55052e-09 3.02594e+03 1.95758e-17 +0.00000e+00
 1.93070e-09 3.02899e+03 2.46477e-17 +0.00000e+00
 2.40410e-09 3.03224e+03 3.10052e-17 +0.00000e+00
 2.99358e-09 3.03570e+03 3.89705e-17 +0.00000e+00
 3.72759e-09 3.03940e+03 4.89457e-17 +0.00000e+00
 4.64159e-09 3.04338e+03 6.14327e-17 +0.00000e+00
 5.77969e-09 3.04766e+03 7.70579e-17 +0.00000e+00
 7.19686e-09 3.05224e+03 9.66029e-17 +0.00000e+00
 8.96151e-09 3.05716e+03 1.21043e-16 +0.00000e+00
 1.11588e-08 3.06241e+03 1.51594e-16 +0.00000e+00
 1.38950e-08 3.06798e+03 1.89775e-16 +0.00000e+00
 1.73020e-08 3.07387e+03 2.37480e-16 +0.00000e+00
 2.15443e-08 3.08004e+03 2.97075e-16 +0.00000e+00
 2.68270e-08 3.08646e+03 3.71514e-16 +0.00000e+00
 3.34048e-08 3.09308e+03 4.64483e-16 +0.00000e+00
 4.15956e-08 3.09985e+03 5.80592e-16 +0.00000e+00
 5.17947e-08 3.10674e+03 7.25590e-16 +0.00000e+00
 6.44947e-08 3.11371e+03 9.06661e-16 +0.00000e+00
 8.03086e-08 3.12076e+03 1.13277e-15 +0.00000e+00
 1.00000e-07 3.12792e+03 1.41507e-15 +0.00000e+00
 1.24520e-07 3.13526e+03 1.76747e-15 +0.00000e+00
 1.55052e-07 3.14285e+03 2.20728e-15 +0.00000e+00
 1.93070e-07 3.15078e+03 2.75605e-15 +0.00000e+00
 2.40410e-07 3.15913e+03 3.44056e-15 +0.00000e+00
 2.99358e-07 3.16798e+03 4.29416e-15 +0.00000e+00
 3.72759e-07 3.17737e+03 5.35834e-15 +0.00000e+00
 4.64159e-07 3.18733e+03 6.68471e-15 +0.00000e+00
 5.77969e-07 3.19788e+03 8.33752e-15 +0.00000e+00
 7.19686e-07 3.20899e+03 1.03968e-14 +0.00000e+00
 8.96151e-07 3.22063e+03 1.29622e-14 +0.00000e+00
 1.11588e-06 3.23268e+03 1.61580e-14 +0.00000e+00
 1.38950e-06 3.24505e+03 2.01395e-14 +0.00000e+00
 1.73020e-06 3.25760e+03 2.51003e-14 +0.00000e+00
 2.15443e-06 3.27023e+03 3.12821e-14 +0.00000e+00
 2.68270e-06 3.28294e+03 3.89852e-14 +0.00000e+00
 3.34048e-06 3.29581e+03 4.85828e-14 +0.00000e+00
 4.15956e-06 3.30897e+03 6.05380e-14 +0.00000e+00
 5.17947e-06 3.32259e+03 7.54247e-14 +0.00000e+00
 6.44947e-06 3.33683e+03 9.39550e-14 +0.00000e+00
 8.03086e-06 3.35185e+03 1.17011e-13 +0.00000e+00
 1.00000e-05 3.36781e+03 1.45683e-13 +0.00000e+00
 1.24520e-05 3.38492e+03 1.81319e-13 +0.00000e+00
 1.55052e-05 3.40333e+03 2.25586e-13 +0.00000e+00
 1.93070e-05 3.42326e+03 2.80533e-13 +0.00000e+00
 2.40410e-05 3.44497e+03 3.48682e-13 +0.00000e+00
 2.99358e-05 3.46877e+03 4.33117e-13 +0.00000e+00
 3.72759e-05 3.49511e+03 5.37597e-13 +0.00000e+00
 4.64159e-05 3.52456e+03 6.66668e-13 +0.00000e+00
 5.77969e-05 3.55777e+03 8.25809e-13 +0.00000e+00
 7.19686e-05 3.59518e+03 1.02166e-12 +0.00000e+00
 8.96151e-05 3.63638e+03 1.26246e-12 +0.00000e+00
 1.11588e-04 3.67971e+03 1.55881e-12 +0.00000e+00
 1.38950e-04 3.72319e+03 1.92417e-12 +0.00000e+00
 1.73020e-04 3.76577e+03 2.37499e-12 +0.00000e+00
 2.15443e-04 3.80753e+03 2.93099e-12 +0.00000e+00
 2.68270e-04 3.84892e+03 3.61588e-12 +0.00000e+00
 3.34048e-04 3.89034e+03 4.45835e-12 +0.00000e+00
 4.15956e-04 3.93184e+03 5.49328e-12 +0.00000e+00
 5.17947e-04 3.97302e+03 6.76340e-12 +0.00000e+00
 6.44947e-04 4.01311e+03 8.32141e-12 +0.00000e+00
 8.03086e-04 4.05134e+03 1.02319e-11 +0.00000e+00
 1.00000e-03 4.08694e+03 1.25745e-11 +0.00000e+00
 1.24520e-03 4.11947e+03 1.54460e-11 -2.54440e-07
 1.55052e-03 4.14885e+03 1.89637e-11 -3.16828e-07
 1.93070e-03 4.17532e+03 2.32681e-11 -3.94512e-07
 2.40410e-03 4.19939e+03 2.85258e-11 -4.91245e-07
 2.99358e-03 4.22163e+03 3.49319e-11 -6.11697e-07
 3.72759e-03 4.24262e+03 4.27128e-11 -7.61685e-07
 4.64159e-03 4.26283e+03 5.21288e-11 -9.48448e-07
 5.77969e-03 4.28261e+03 6.34756e-11 -1.18100e-06
 7.19686e-03 4.30229e+03 7.70847e-11 -1.47058e-06
 8.96151e-03 4.32219e+03 9.33205e-11 -1.83117e-06
 1.11588e-02 4.34270e+03 1.12573e-10 -2.28016e-06
 1.38950e-02 4.36421e+03 1.35251e-10 -2.83925e-06
 1.73020e-02 4.38723e+03 1.61758e-10 -3.53543e-06
 2.15443e-02 4.41224e+03 1.92479e-10 -4.40230e-06
 2.68270e-02 4.43972e+03 2.27748e-10 -5.48173e-06
 3.34048e-02 4.47010e+03 2.67819e-10 -6.82583e-06
 4.15956e-02 4.50381e+03 3.12831e-10 -8.49952e-06
 5.17947e-02 4.54140e+03 3.62750e-10 -1.05836e-05
 6.44947e-02 4.58340e+03 4.17326e-10 -1.31786e-05
 8.03086e-02 4.63047e+03 4.76040e-10 -1.64100e-05
 1.00000e-01 4.68313e+03 5.38089e-10 -2.04337e-05
 1.24520e-01 4.74215e+03 6.02343e-10 -2.54440e-05
 1.55052e-01 4.80821e+03 6.67398e-10 -3.16828e-05
 1.93070e-01 4.88227e+03 7.31573e-10 -3.94512e-05
 2.40410e-01 4.96564e+03 7.92959e-10 -4.91245e-05
 2.99358e-01 5.06026e+03 8.49425e-10 -6.11697e-05
 3.72759e-01 5.16847e+03 8.98712e-10 -7.61685e-05
 4.64159e-01 5.28862e+03 9.39896e-10 -9.48448e-05
 5.77969e-01 5.42883e+03 9.70439e-10 -1.18100e-04
 7.19686e-01 5.59669e+03 9.87803e-10 -1.47058e-04
 8.96151e-01 5.78505e+03 9.93562e-10 -1.83117e-04
 1.11588e+00 6.02345e+03 9.82605e-10 -2.28016e-04
 1.38950e+00 6.27589e+03 9.62838e-10 -2.83911e-04
 1.73020e+00 6.56568e+03 9.32132e-10 -3.52769e-04
 2.15443e+00 7.04868e+03 8.64742e-10 -3.60428e-05
 2.68270e+00 7.46238e+03 8.02320e-10 +1.31288e-02
 3.34048e+00 7.64345e+03 7.75058e-10 +2.85949e-02
 4.15956e+00 7.79650e+03 7.51376e-10 +4.26910e-02
 5.17947e+00 7.92821e+03 7.30589e-10 +5.22725e-02
 6.44947e+00 8.04575e+03 7.11755e-10 +5.87363e-02
 8.03086e+00 8.15425e+03 6.94161e-10 +6.32460e-02
 1.00000e+01 8.25713e+03 6.77320e-10 +6.65080e-02
 1.24520e+01 8.35674e+03 6.60902e-10 +6.89408e-02
 1.55052e+01 8.45479e+03 6.44672e-10 +7.07998e-02
 1.93070e+01 8.55260e+03 6.28455e-10 +7.22470e-02
 2.40410e+01 8.65130e+03 6.12120e-10 +7.33895e-02
 2.99358e+01 8.75191e+03 5.95562e-10 +7.43004e-02
 3.72759e+01 8.85548e+03 5.78696e-10 +7.50306e-02
 4.64159e+01 8.96313e+03 5.61447e-10 +7.56160e-02
 5.77969e+01 9.07621e+03 5.43748e-10 +7.60827e-02
 7.19686e+01 9.19642e+03 5.25529e-10 +7.64478e-02
 8.96151e+01 9.32612e+03 5.06714e-10 +7.67216e-02
 1.11588e+02 9.46870e+03 4.87200e-10 +7.69059e-02
 1.38950e+02 9.62955e+03 4.66839e-10 +7.69897e-02
 1.73020e+02 9.81794e+03 4.45371e-10 +7.69360e-02
 2.15443e+02 1.00522e+04 4.22292e-10 +7.66358e-02
 2.68270e+02 1.03769e+04 3.96381e-10 +7.56938e-02
 3.34048e+02 1.09582e+04 3.63292e-10 +7.14802e-02
 4.15956e+02 1.36056e+04 2.87292e-10 +1.02410e-02
 5.17947e+02 2.77429e+04 1.65745e-10 -6.13010e-04
 6.44947e+02 2.79340e+04 2.00140e-10 -6.13010e-04
 8.03086e+02 2.83840e+04 2.38106e-10 -6.13010e-04
 1.00000e+03 2.93454e+04 2.77931e-10 -6.13010e-04
