#n1=128 n2=4 Teff=05700 R=7.5855e+11 L=4.3247e+35 logg=+2.50
#   tau          T          rho         Fconv
 0.00000e+00 3.99035e+03 2.11306e-21 +0.00000e+00
 1.00000e-09 3.99035e+03 3.41747e-16 +0.00000e+00
 1.24520e-09 3.99200e+03 5.12608e-16 +0.00000e+00
 1.55052e-09 3.99375e+03 7.62855e-16 +0.00000e+00
 1.93070e-09 3.99556e+03 1.12619e-15 +0.00000e+00
 2.40410e-09 3.99737e+03 1.64915e-15 +0.00000e+00
 2.99358e-09 3.99907e+03 2.39536e-15 +0.00000e+00
 3.72759e-09 4.00060e+03 3.45118e-15 +0.00000e+00
 4.64159e-09 4.00192e+03 4.93260e-15 +0.00000e+00
 5.77969e-09 4.00305e+03 6.99351e-15 +0.00000e+00
 7.19686e-09 4.00408e+03 9.83571e-15 +0.00000e+00
 8.96151e-09 4.00507e+03 1.37208e-14 +0.00000e+00
 1.11588e-08 4.00610e+03 1.89851e-14 +0.00000e+00
 1.38950e-08 4.00718e+03 2.60585e-14 +0.00000e+00
 1.73020e-08 4.00833e+03 3.54881e-14 +0.00000e+00
 2.15443e-08 4.00958e+03 4.79664e-14 +0.00000e+00
 2.68270e-08 4.01093e+03 6.43682e-14 +0.00000e+00
 3.34048e-08 4.01242e+03 8.57946e-14 +0.00000e+00
 4.15956e-08 4.01407e+03 1.13629e-13 +0.00000e+00
 5.17947e-08 4.01589e+03 1.49607e-13 +0.00000e+00
 6.44947e-08 4.01792e+03 1.95902e-13 +0.00000e+00
 8.03086e-08 4.02016e+03 2.55233e-13 +0.00000e+00
 1.00000e-07 4.02263e+03 3.31002e-13 +0.00000e+00
 1.24520e-07 4.02533e+03 4.27453e-13 +0.00000e+00
 1.55052e-07 4.02829e+03 5.49884e-13 +0.00000e+00
 1.93070e-07 4.03149e+03 7.04901e-13 +0.00000e+00
 2.40410e-07 4.03496e+03 9.00730e-13 +0.00000e+00
 2.99358e-07 4.03871e+03 1.14761e-12 +0.00000e+00
 3.72759e-07 4.04276e+03 1.45825e-12 +0.00000e+00
 4.64159e-07 4.04716e+03 1.84844e-12 +0.00000e+00
 5.77969e-07 4.05195e+03 2.33772e-12 +0.00000e+00
 7.19686e-07 4.05721e+03 2.95022e-12 +0.00000e+00
 8.96151e-07 4.06301e+03 3.71577e-12 +0.00000e+00
 1.11588e-06 4.06943e+03 4.67106e-12 +0.00000e+00
 1.38950e-06 4.07652e+03 5.86123e-12 +0.00000e+00
 1.73020e-06 4.08433e+03 7.34165e-12 +0.00000e+00
 2.15443e-06 4.09291e+03 9.18012e-12 +0.00000e+00
 2.68270e-06 4.10225e+03 1.14594e-11 +0.00000e+00
 3.34048e-06 4.11238e+03 1.42803e-11 +0.00000e+00
 4.15956e-06 4.12328e+03 1.77652e-11 +0.00000e+00
 5.17947e-06 4.13492e+03 2.20617e-11 +0.00000e+00
 6.44947e-06 4.14728e+03 2.73478e-11 +0.00000e+00
 8.03086e-06 4.16031e+03 3.38363e-11 +0.00000e+00
 1.00000e-05 4.17399e+03 4.17803e-11 +0.00000e+00
 1.24520e-05 4.18830e+03 5.14788e-11 +0.00000e+00
 1.55052e-05 4.20322e+03 6.32816e-11 +0.00000e+00
 1.93070e-05 4.21879e+03 7.75942e-11 +0.00000e+00
 2.40410e-05 4.23501e+03 9.48815e-11 +0.00000e+00
 2.99358e-05 4.25195e+03 1.15669e-10 +0.00000e+00
 3.72759e-05 4.26965e+03 1.40543e-10 +0.00000e+00
 4.64159e-05 4.28819e+03 1.70146e-10 +0.00000e+00
 5.77969e-05 4.30761e+03 2.05170e-10 +0.00000e+00
 7.19686e-05 4.32798e+03 2.46345e-10 +0.00000e+00
 8.96151e-05 4.34927e+03 2.94433e-10 +0.00000e+00
 1.11588e-04 4.37138e+03 3.50221e-10 +0.00000e+00
 1.38950e-04 4.39408e+03 4.14537e-10 +0.00000e+00
 1.73020e-04 4.41695e+03 4.88288e-10 +0.00000e+00
 2.15443e-04 4.43939e+03 5.72539e-10 +0.00000e+00
 2.68270e-04 4.46071e+03 6.68613e-10 +0.00000e+00
 3.34048e-04 4.48019e+03 7.78221e-10 +0.00000e+00
 4.15956e-04 4.49733e+03 9.03553e-10 +0.00000e+00
 5.17947e-04 4.51198e+03 1.04732e-09 +0.00000e+00
 6.44947e-04 4.52430e+03 1.21275e-09 +0.00000e+00
 8.03086e-04 4.53474e+03 1.40356e-09 +0.00000e+00
 1.00000e-03 4.54384e+03 1.62388e-09 +0.00000e+00
 1.24520e-03 4.55205e+03 1.87835e-09 -2.54746e-07
 1.55052e-03 4.55974e+03 2.17214e-09 -3.17210e-07
 1.93070e-03 4.56715e+03 2.51102e-09 -3.94989e-07
 2.40410e-03 4.57443e+03 2.90146e-09 -4.91838e-07
 2.99358e-03 4.58175e+03 3.35073e-09 -6.12436e-07
 3.72759e-03 4.58923e+03 3.86682e-09 -7.62604e-07
 4.64159e-03 4.59706e+03 4.45849e-09 -9.49592e-07
 5.77969e-03 4.60542e+03 5.13527e-09 -1.18243e-06
 7.19686e-03 4.61450e+03 5.90717e-09 -1.47236e-06
 8.96151e-03 4.62453e+03 6.78468e-09 -1.83337e-06
 1.11588e-02 4.63575e+03 7.77840e-09 -2.28291e-06
 1.38950e-02 4.64839e+03 8.89876e-09 -2.84268e-06
 1.73020e-02 4.66276e+03 1.01554e-08 -3.53970e-06
 2.15443e-02 4.67915e+03 1.15565e-08 -4.40762e-06
 2.68270e-02 4.69796e+03 1.31083e-08 -5.48835e-06
 3.34048e-02 4.71960e+03 1.48133e-08 -6.83408e-06
 4.15956e-02 4.74457e+03 1.66695e-08 -8.50978e-06
 5.17947e-02 4.77344e+03 1.86691e-08 -1.05964e-05
 6.44947e-02 4.80686e+03 2.07969e-08 -1.31945e-05
 8.03086e-02 4.84558e+03 2.30290e-08 -1.64298e-05
 1.00000e-01 4.89047e+03 2.53321e-08 -2.04583e-05
 1.24520e-01 4.94251e+03 2.76630e-08 -2.54746e-05
 1.55052e-01 5.00291e+03 2.99687e-08 -3.17210e-05
 1.93070e-01 5.07303e+03 3.21877e-08 -3.94989e-05
 2.40410e-01 5.15451e+03 3.42523e-08 -4.91838e-05
 2.99358e-01 5.24927e+03 3.60926e-08 -6.12436e-05
 3.72759e-01 5.35971e+03 3.76399e-08 -7.62604e-05
 4.64159e-01 5.48912e+03 3.88286e-08 -9.49566e-05
 5.77969e-01 5.64325e+03 3.95836e-08 -1.18101e-04
 7.19686e-01 5.81775e+03 3.99402e-08 -1.44890e-04
 8.96151e-01 6.01867e+03 3.98837e-08 -1.54625e-04
 1.11588e+00 6.24291e+03 3.94803e-08 +2.84689e-05
 1.38950e+00 6.48478e+03 3.88221e-08 +1.38452e-03
 1.73020e+00 6.71518e+03 3.81491e-08 +5.80517e-03
 2.15443e+00 6.93969e+03 3.74614e-08 +1.45526e-02
 2.68270e+00 7.15106e+03 3.68190e-08 +2.63689e-02
 3.34048e+00 7.34804e+03 3.62388e-08 +3.82710e-02
 4.15956e+00 7.52695e+03 3.57462e-08 +4.74778e-02
 5.17947e+00 7.68833e+03 3.53436e-08 +5.46764e-02
 6.44947e+00 7.83586e+03 3.50164e-08 +6.00684e-02
 8.03086e+00 7.97303e+03 3.47506e-08 +6.41103e-02
 1.00000e+01 8.10270e+03 3.45347e-08 +6.71681e-02
 1.24520e+01 8.22701e+03 3.43607e-08 +6.95261e-02
 1.55052e+01 8.34750e+03 3.42230e-08 +7.13758e-02
 1.93070e+01 8.46531e+03 3.41180e-08 +7.28431e-02
 2.40410e+01 8.58146e+03 3.40421e-08 +7.40084e-02
 2.99358e+01 8.69677e+03 3.39925e-08 +7.49542e-02
 3.72759e+01 8.81164e+03 3.39684e-08 +7.57360e-02
 4.64159e+01 8.92616e+03 3.39708e-08 +7.63893e-02
 5.77969e+01 9.04036e+03 3.40010e-08 +7.69308e-02
 7.19686e+01 9.15448e+03 3.40600e-08 +7.73786e-02
 8.96151e+01 9.26866e+03 3.41489e-08 +7.77516e-02
 1.11588e+02 9.38294e+03 3.42700e-08 +7.80632e-02
 1.38950e+02 9.49732e+03 3.44263e-08 +7.83237e-02
 1.73020e+02 9.61184e+03 3.46209e-08 +7.85402e-02
 2.15443e+02 9.72661e+03 3.48570e-08 +7.87205e-02
 2.68270e+02 9.84171e+03 3.51403e-08 +7.88704e-02
 3.34048e+02 9.95725e+03 3.54750e-08 +7.89955e-02
 4.15956e+02 1.00732e+04 3.58677e-08 +7.91003e-02
 5.17947e+02 1.01894e+04 3.63267e-08 +7.91889e-02
 6.44947e+02 1.03058e+04 3.68612e-08 +7.92620e-02
 8.03086e+02 1.04228e+04 3.74771e-08 +7.93219e-02
 1.00000e+03 1.05409e+04 3.81807e-08 +7.93703e-02
