#n1=128 n2=4 Teff=05100 R=1.0177e+11 L=4.9901e+33 logg=+4.00
#   tau          T          rho         Fconv
 0.00000e+00 2.63343e+03 5.68824e-21 +0.00000e+00
 1.00000e-09 2.63343e+03 2.39444e-13 +0.00000e+00
 1.24520e-09 2.64039e+03 2.97548e-13 +0.00000e+00
 1.55052e-09 2.64789e+03 3.69646e-13 +0.00000e+00
 1.93070e-09 2.65754e+03 4.58804e-13 +0.00000e+00
 2.40410e-09 2.66855e+03 5.69125e-13 +0.00000e+00
 2.99358e-09 2.68067e+03 7.05618e-13 +0.00000e+00
 3.72759e-09 2.69429e+03 8.74268e-13 +0.00000e+00
 4.64159e-09 2.70923e+03 1.08259e-12 +0.00000e+00
 5.77969e-09 2.72529e+03 1.33984e-12 +0.00000e+00
 7.19686e-09 2.74225e+03 1.65747e-12 +0.00000e+00
 8.96151e-09 2.75989e+03 2.04961e-12 +0.00000e+00
 1.11588e-08 2.77794e+03 2.53377e-12 +0.00000e+00
 1.38950e-08 2.79605e+03 3.13168e-12 +0.00000e+00
 1.73020e-08 2.81382e+03 3.87037e-12 +0.00000e+00
 2.15443e-08 2.83074e+03 4.78366e-12 +0.00000e+00
 2.68270e-08 2.84621e+03 5.91392e-12 +0.00000e+00
 3.34048e-08 2.86004e+03 7.31328e-12 +0.00000e+00
 4.15956e-08 2.87147e+03 9.04819e-12 +0.00000e+00
 5.17947e-08 2.88031e+03 1.12007e-11 +0.00000e+00
 6.44947e-08 2.88692e+03 1.38701e-11 +0.00000e+00
 8.03086e-08 2.89050e+03 1.71861e-11 +0.00000e+00
 1.00000e-07 2.88973e+03 2.13174e-11 +0.00000e+00
 1.24520e-07 2.88555e+03 2.64621e-11 +0.00000e+00
 1.55052e-07 2.88304e+03 3.28127e-11 +0.00000e+00
 1.93070e-07 2.87847e+03 4.06950e-11 +0.00000e+00
 2.40410e-07 2.87598e+03 5.04023e-11 +0.00000e+00
 2.99358e-07 2.87777e+03 6.22766e-11 +0.00000e+00
 3.72759e-07 2.88214e+03 7.67926e-11 +0.00000e+00
 4.64159e-07 2.88845e+03 9.44982e-11 +0.00000e+00
 5.77969e-07 2.89617e+03 1.16047e-10 +0.00000e+00
 7.19686e-07 2.90493e+03 1.42202e-10 +0.00000e+00
 8.96151e-07 2.91453e+03 1.73857e-10 +0.00000e+00
 1.11588e-06 2.92491e+03 2.12030e-10 +0.00000e+00
 1.38950e-06 2.93595e+03 2.57902e-10 +0.00000e+00
 1.73020e-06 2.94776e+03 3.12788e-10 +0.00000e+00
 2.15443e-06 2.96023e+03 3.78185e-10 +0.00000e+00
 2.68270e-06 2.97352e+03 4.55731e-10 +0.00000e+00
 3.34048e-06 2.98762e+03 5.47228e-10 +0.00000e+00
 4.15956e-06 3.00259e+03 6.54634e-10 +0.00000e+00
 5.17947e-06 3.01864e+03 7.79987e-10 +0.00000e+00
 6.44947e-06 3.03577e+03 9.25478e-10 +0.00000e+00
 8.03086e-06 3.05423e+03 1.09328e-09 +0.00000e+00
 1.00000e-05 3.07422e+03 1.28558e-09 +0.00000e+00
 1.24520e-05 3.09578e+03 1.50454e-09 +0.00000e+00
 1.55052e-05 3.11914e+03 1.75221e-09 +0.00000e+00
 1.93070e-05 3.14429e+03 2.03056e-09 +0.00000e+00
 2.40410e-05 3.17116e+03 2.34163e-09 +0.00000e+00
 2.99358e-05 3.19964e+03 2.68748e-09 +0.00000e+00
 3.72759e-05 3.22949e+03 3.07037e-09 +0.00000e+00
 4.64159e-05 3.26042e+03 3.49312e-09 +0.00000e+00
 5.77969e-05 3.29229e+03 3.95883e-09 +0.00000e+00
 7.19686e-05 3.32508e+03 4.47063e-09 +0.00000e+00
 8.96151e-05 3.35915e+03 5.03147e-09 +0.00000e+00
 1.11588e-04 3.39508e+03 5.64399e-09 +0.00000e+00
 1.38950e-04 3.43364e+03 6.30938e-09 +0.00000e+00
 1.73020e-04 3.47553e+03 7.02792e-09 +0.00000e+00
 2.15443e-04 3.52109e+03 7.80136e-09 +0.00000e+00
 2.68270e-04 3.56989e+03 8.63388e-09 +0.00000e+00
 3.34048e-04 3.62049e+03 9.53417e-09 +0.00000e+00
 4.15956e-04 3.67074e+03 1.05177e-08 +0.00000e+00
 5.17947e-04 3.71872e+03 1.16063e-08 +0.00000e+00
 6.44947e-04 3.76375e+03 1.28213e-08 +0.00000e+00
 8.03086e-04 3.80606e+03 1.41822e-08 +0.00000e+00
 1.00000e-03 3.84605e+03 1.57089e-08 +0.00000e+00
 1.24520e-03 3.88370e+03 1.74275e-08 -2.54687e-07
 1.55052e-03 3.91897e+03 1.93665e-08 -3.17136e-07
 1.93070e-03 3.95200e+03 2.15545e-08 -3.94896e-07
 2.40410e-03 3.98272e+03 2.40244e-08 -4.91723e-07
 2.99358e-03 4.01148e+03 2.68148e-08 -6.12295e-07
 3.72759e-03 4.03863e+03 2.99669e-08 -7.62425e-07
 4.64159e-03 4.06454e+03 3.35223e-08 -9.49370e-07
 5.77969e-03 4.08958e+03 3.75266e-08 -1.18215e-06
 7.19686e-03 4.11403e+03 4.20383e-08 -1.47201e-06
 8.96151e-03 4.13821e+03 4.71177e-08 -1.83295e-06
 1.11588e-02 4.16244e+03 5.28263e-08 -2.28238e-06
 1.38950e-02 4.18710e+03 5.92311e-08 -2.84202e-06
 1.73020e-02 4.21262e+03 6.64162e-08 -3.53888e-06
 2.15443e-02 4.23946e+03 7.44621e-08 -4.40660e-06
 2.68270e-02 4.26809e+03 8.34492e-08 -5.48707e-06
 3.34048e-02 4.29908e+03 9.34643e-08 -6.83248e-06
 4.15956e-02 4.33299e+03 1.04615e-07 -8.50777e-06
 5.17947e-02 4.37041e+03 1.16994e-07 -1.05939e-05
 6.44947e-02 4.41194e+03 1.30693e-07 -1.31915e-05
 8.03086e-02 4.45824e+03 1.45812e-07 -1.64260e-05
 1.00000e-01 4.50974e+03 1.62478e-07 -2.04536e-05
 1.24520e-01 4.56711e+03 1.80781e-07 -2.54687e-05
 1.55052e-01 4.63092e+03 2.00804e-07 -3.17136e-05
 1.93070e-01 4.70184e+03 2.22611e-07 -3.94896e-05
 2.40410e-01 4.78070e+03 2.46200e-07 -4.91723e-05
 2.99358e-01 4.86866e+03 2.71399e-07 -6.12295e-05
 3.72759e-01 4.96701e+03 2.97808e-07 -7.62425e-05
 4.64159e-01 5.07430e+03 3.24909e-07 -9.49370e-05
 5.77969e-01 5.19790e+03 3.51158e-07 -1.18215e-04
 7.19686e-01 5.34559e+03 3.74353e-07 -1.47201e-04
 8.96151e-01 5.51056e+03 3.93451e-07 -1.78310e-04
 1.11588e+00 5.70897e+03 4.05973e-07 +7.77923e-04
 1.38950e+00 5.92082e+03 4.13026e-07 +5.84976e-03
 1.73020e+00 6.09703e+03 4.19648e-07 +1.21264e-02
 2.15443e+00 6.26312e+03 4.25267e-07 +2.13180e-02
 2.68270e+00 6.42261e+03 4.30215e-07 +3.22289e-02
 3.34048e+00 6.57760e+03 4.34724e-07 +4.22517e-02
 4.15956e+00 6.72667e+03 4.39179e-07 +4.87224e-02
 5.17947e+00 6.87086e+03 4.43752e-07 +5.39174e-02
 6.44947e+00 7.01158e+03 4.48530e-07 +5.81288e-02
 8.03086e+00 7.14987e+03 4.53582e-07 +6.15789e-02
 1.00000e+01 7.28656e+03 4.58962e-07 +6.44227e-02
 1.24520e+01 7.42225e+03 4.64724e-07 +6.67940e-02
 1.55052e+01 7.55728e+03 4.70927e-07 +6.87922e-02
 1.93070e+01 7.69177e+03 4.77633e-07 +7.04812e-02
 2.40410e+01 7.82590e+03 4.84904e-07 +7.19045e-02
 2.99358e+01 7.95986e+03 4.92795e-07 +7.30999e-02
 3.72759e+01 8.09391e+03 5.01354e-07 +7.41069e-02
 4.64159e+01 8.22815e+03 5.10636e-07 +7.49590e-02
 5.77969e+01 8.36265e+03 5.20701e-07 +7.56799e-02
 7.19686e+01 8.49749e+03 5.31607e-07 +7.62876e-02
 8.96151e+01 8.63292e+03 5.43402e-07 +7.67985e-02
 1.11588e+02 8.76892e+03 5.56146e-07 +7.72359e-02
 1.38950e+02 8.90514e+03 5.69935e-07 +7.76139e-02
 1.73020e+02 9.04098e+03 5.84899e-07 +7.79404e-02
 2.15443e+02 9.17601e+03 6.01181e-07 +7.82179e-02
 2.68270e+02 9.31005e+03 6.18923e-07 +7.84506e-02
 3.34048e+02 9.44324e+03 6.38261e-07 +7.86436e-02
 4.15956e+02 9.57582e+03 6.59332e-07 +7.88037e-02
 5.17947e+02 9.70789e+03 6.82297e-07 +7.89378e-02
 6.44947e+02 9.83950e+03 7.07331e-07 +7.90494e-02
 8.03086e+02 9.97080e+03 7.34620e-07 +7.91423e-02
 1.00000e+03 1.01020e+04 7.64341e-07 +7.92190e-02
