#n1=128 n2=4 Teff=05200 R=3.2789e+10 L=5.6006e+32 logg=+5.00
#   tau          T          rho         Fconv
 0.00000e+00 4.04067e+03 2.02768e-21 +0.00000e+00
 1.00000e-09 4.04067e+03 1.22448e-12 +0.00000e+00
 1.24520e-09 4.04170e+03 1.56272e-12 +0.00000e+00
 1.55052e-09 4.04269e+03 1.98861e-12 +0.00000e+00
 1.93070e-09 4.04361e+03 2.52401e-12 +0.00000e+00
 2.40410e-09 4.04451e+03 3.19607e-12 +0.00000e+00
 2.99358e-09 4.04541e+03 4.03846e-12 +0.00000e+00
 3.72759e-09 4.04637e+03 5.09296e-12 +0.00000e+00
 4.64159e-09 4.04738e+03 6.41127e-12 +0.00000e+00
 5.77969e-09 4.04847e+03 8.05744e-12 +0.00000e+00
 7.19686e-09 4.04963e+03 1.01106e-11 +0.00000e+00
 8.96151e-09 4.05087e+03 1.26686e-11 +0.00000e+00
 1.11588e-08 4.05220e+03 1.58520e-11 +0.00000e+00
 1.38950e-08 4.05362e+03 1.98093e-11 +0.00000e+00
 1.73020e-08 4.05515e+03 2.47230e-11 +0.00000e+00
 2.15443e-08 4.05679e+03 3.08175e-11 +0.00000e+00
 2.68270e-08 4.05857e+03 3.83674e-11 +0.00000e+00
 3.34048e-08 4.06049e+03 4.77084e-11 +0.00000e+00
 4.15956e-08 4.06257e+03 5.92506e-11 +0.00000e+00
 5.17947e-08 4.06482e+03 7.34926e-11 +0.00000e+00
 6.44947e-08 4.06725e+03 9.10400e-11 +0.00000e+00
 8.03086e-08 4.06988e+03 1.12626e-10 +0.00000e+00
 1.00000e-07 4.07270e+03 1.39135e-10 +0.00000e+00
 1.24520e-07 4.07573e+03 1.71631e-10 +0.00000e+00
 1.55052e-07 4.07896e+03 2.11391e-10 +0.00000e+00
 1.93070e-07 4.08240e+03 2.59938e-10 +0.00000e+00
 2.40410e-07 4.08604e+03 3.19087e-10 +0.00000e+00
 2.99358e-07 4.08987e+03 3.90988e-10 +0.00000e+00
 3.72759e-07 4.09387e+03 4.78181e-10 +0.00000e+00
 4.64159e-07 4.09802e+03 5.83657e-10 +0.00000e+00
 5.77969e-07 4.10232e+03 7.10921e-10 +0.00000e+00
 7.19686e-07 4.10675e+03 8.64068e-10 +0.00000e+00
 8.96151e-07 4.11128e+03 1.04786e-09 +0.00000e+00
 1.11588e-06 4.11591e+03 1.26784e-09 +0.00000e+00
 1.38950e-06 4.12063e+03 1.53040e-09 +0.00000e+00
 1.73020e-06 4.12543e+03 1.84291e-09 +0.00000e+00
 2.15443e-06 4.13030e+03 2.21388e-09 +0.00000e+00
 2.68270e-06 4.13524e+03 2.65304e-09 +0.00000e+00
 3.34048e-06 4.14024e+03 3.17159e-09 +0.00000e+00
 4.15956e-06 4.14529e+03 3.78231e-09 +0.00000e+00
 5.17947e-06 4.15040e+03 4.49980e-09 +0.00000e+00
 6.44947e-06 4.15553e+03 5.34081e-09 +0.00000e+00
 8.03086e-06 4.16071e+03 6.32444e-09 +0.00000e+00
 1.00000e-05 4.16593e+03 7.47241e-09 +0.00000e+00
 1.24520e-05 4.17117e+03 8.80960e-09 +0.00000e+00
 1.55052e-05 4.17645e+03 1.03643e-08 +0.00000e+00
 1.93070e-05 4.18177e+03 1.21688e-08 +0.00000e+00
 2.40410e-05 4.18714e+03 1.42598e-08 +0.00000e+00
 2.99358e-05 4.19257e+03 1.66789e-08 +0.00000e+00
 3.72759e-05 4.19805e+03 1.94737e-08 +0.00000e+00
 4.64159e-05 4.20360e+03 2.26982e-08 +0.00000e+00
 5.77969e-05 4.20923e+03 2.64136e-08 +0.00000e+00
 7.19686e-05 4.21494e+03 3.06897e-08 +0.00000e+00
 8.96151e-05 4.22074e+03 3.56057e-08 +0.00000e+00
 1.11588e-04 4.22662e+03 4.12516e-08 +0.00000e+00
 1.38950e-04 4.23258e+03 4.77297e-08 +0.00000e+00
 1.73020e-04 4.23860e+03 5.51575e-08 +0.00000e+00
 2.15443e-04 4.24467e+03 6.36683e-08 +0.00000e+00
 2.68270e-04 4.25076e+03 7.34156e-08 +0.00000e+00
 3.34048e-04 4.25682e+03 8.45765e-08 +0.00000e+00
 4.15956e-04 4.26283e+03 9.73545e-08 +0.00000e+00
 5.17947e-04 4.26876e+03 1.11985e-07 +0.00000e+00
 6.44947e-04 4.27459e+03 1.28739e-07 +0.00000e+00
 8.03086e-04 4.28033e+03 1.47929e-07 +0.00000e+00
 1.00000e-03 4.28600e+03 1.69914e-07 +0.00000e+00
 1.24520e-03 4.29163e+03 1.95101e-07 -2.54585e-07
 1.55052e-03 4.29729e+03 2.23956e-07 -3.17008e-07
 1.93070e-03 4.30303e+03 2.57006e-07 -3.94737e-07
 2.40410e-03 4.30894e+03 2.94845e-07 -4.91526e-07
 2.99358e-03 4.31513e+03 3.38131e-07 -6.12047e-07
 3.72759e-03 4.32173e+03 3.87586e-07 -7.62118e-07
 4.64159e-03 4.32889e+03 4.44005e-07 -9.48987e-07
 5.77969e-03 4.33680e+03 5.08222e-07 -1.18168e-06
 7.19686e-03 4.34563e+03 5.81091e-07 -1.47142e-06
 8.96151e-03 4.35560e+03 6.63500e-07 -1.83221e-06
 1.11588e-02 4.36694e+03 7.56303e-07 -2.28146e-06
 1.38950e-02 4.37993e+03 8.60254e-07 -2.84087e-06
 1.73020e-02 4.39475e+03 9.75951e-07 -3.53745e-06
 2.15443e-02 4.41179e+03 1.10384e-06 -4.40481e-06
 2.68270e-02 4.43142e+03 1.24400e-06 -5.48485e-06
 3.34048e-02 4.45404e+03 1.39603e-06 -6.82971e-06
 4.15956e-02 4.48004e+03 1.55894e-06 -8.50435e-06
 5.17947e-02 4.51021e+03 1.73112e-06 -1.05896e-05
 6.44947e-02 4.54532e+03 1.90998e-06 -1.31861e-05
 8.03086e-02 4.58638e+03 2.09184e-06 -1.64193e-05
 1.00000e-01 4.63444e+03 2.27194e-06 -2.04453e-05
 1.24520e-01 4.69115e+03 2.44471e-06 -2.54585e-05
 1.55052e-01 4.75839e+03 2.60373e-06 -3.17008e-05
 1.93070e-01 4.83841e+03 2.74160e-06 +1.43311e-03
 2.40410e-01 4.91744e+03 2.86837e-06 +3.38332e-03
 2.99358e-01 4.99505e+03 2.98780e-06 +4.48044e-03
 3.72759e-01 5.07177e+03 3.10220e-06 +6.25560e-03
 4.64159e-01 5.14846e+03 3.21286e-06 +8.36202e-03
 5.77969e-01 5.22587e+03 3.32056e-06 +1.11999e-02
 7.19686e-01 5.30442e+03 3.42584e-06 +1.44130e-02
 8.96151e-01 5.38436e+03 3.52922e-06 +1.79291e-02
 1.11588e+00 5.46609e+03 3.63095e-06 +2.27522e-02
 1.38950e+00 5.54999e+03 3.73111e-06 +2.86632e-02
 1.73020e+00 5.63631e+03 3.82978e-06 +3.59134e-02
 2.15443e+00 5.72535e+03 3.92695e-06 +4.48374e-02
 2.68270e+00 5.81737e+03 4.02254e-06 +5.58691e-02
 3.34048e+00 5.91241e+03 4.11665e-06 +6.37250e-02
 4.15956e+00 6.00928e+03 4.21037e-06 +6.59837e-02
 5.17947e+00 6.10777e+03 4.30393e-06 +6.79244e-02
 6.44947e+00 6.20794e+03 4.39847e-06 +6.95780e-02
 8.03086e+00 6.30995e+03 4.49440e-06 +7.09820e-02
 1.00000e+01 6.41401e+03 4.59203e-06 +7.21770e-02
 1.24520e+01 6.52025e+03 4.69172e-06 +7.32018e-02
 1.55052e+01 6.62879e+03 4.79380e-06 +7.40793e-02
 1.93070e+01 6.73973e+03 4.89860e-06 +7.48317e-02
 2.40410e+01 6.85319e+03 5.00647e-06 +7.54797e-02
 2.99358e+01 6.96923e+03 5.11777e-06 +7.60379e-02
 3.72759e+01 7.08791e+03 5.23289e-06 +7.65187e-02
 4.64159e+01 7.20931e+03 5.35222e-06 +7.69336e-02
 5.77969e+01 7.33345e+03 5.47618e-06 +7.72923e-02
 7.19686e+01 7.46036e+03 5.60525e-06 +7.76028e-02
 8.96151e+01 7.59003e+03 5.73996e-06 +7.78715e-02
 1.11588e+02 7.72246e+03 5.88087e-06 +7.81043e-02
 1.38950e+02 7.85763e+03 6.02861e-06 +7.83055e-02
 1.73020e+02 7.99556e+03 6.18378e-06 +7.84791e-02
 2.15443e+02 8.13627e+03 6.34704e-06 +7.86297e-02
 2.68270e+02 8.27972e+03 6.51914e-06 +7.87599e-02
 3.34048e+02 8.42588e+03 6.70084e-06 +7.88723e-02
 4.15956e+02 8.57477e+03 6.89293e-06 +7.89696e-02
 5.17947e+02 8.72636e+03 7.09626e-06 +7.90540e-02
 6.44947e+02 8.88047e+03 7.31183e-06 +7.91273e-02
 8.03086e+02 9.03681e+03 7.54095e-06 +7.91915e-02
 1.00000e+03 9.19500e+03 7.78511e-06 +7.92472e-02
