#n1=128 n2=4 Teff=05500 R=7.2989e+11 L=3.4753e+35 logg=+2.50
#   tau          T          rho         Fconv
 0.00000e+00 2.77466e+03 5.45131e-21 +0.00000e+00
 1.00000e-09 2.77466e+03 6.38360e-15 +0.00000e+00
 1.24520e-09 2.78247e+03 7.93928e-15 +0.00000e+00
 1.55052e-09 2.79166e+03 9.86864e-15 +0.00000e+00
 1.93070e-09 2.80233e+03 1.22598e-14 +0.00000e+00
 2.40410e-09 2.81450e+03 1.52209e-14 +0.00000e+00
 2.99358e-09 2.82812e+03 1.88860e-14 +0.00000e+00
 3.72759e-09 2.84304e+03 2.34200e-14 +0.00000e+00
 4.64159e-09 2.85910e+03 2.90283e-14 +0.00000e+00
 5.77969e-09 2.87603e+03 3.59640e-14 +0.00000e+00
 7.19686e-09 2.89361e+03 4.45429e-14 +0.00000e+00
 8.96151e-09 2.91156e+03 5.51554e-14 +0.00000e+00
 1.11588e-08 2.92965e+03 6.82883e-14 +0.00000e+00
 1.38950e-08 2.94765e+03 8.45443e-14 +0.00000e+00
 1.73020e-08 2.96544e+03 1.04673e-13 +0.00000e+00
 2.15443e-08 2.98295e+03 1.29598e-13 +0.00000e+00
 2.68270e-08 3.00034e+03 1.60457e-13 +0.00000e+00
 3.34048e-08 3.01788e+03 1.98641e-13 +0.00000e+00
 4.15956e-08 3.03599e+03 2.45845e-13 +0.00000e+00
 5.17947e-08 3.05504e+03 3.04137e-13 +0.00000e+00
 6.44947e-08 3.07533e+03 3.76035e-13 +0.00000e+00
 8.03086e-08 3.09695e+03 4.64638e-13 +0.00000e+00
 1.00000e-07 3.11992e+03 5.73715e-13 +0.00000e+00
 1.24520e-07 3.14416e+03 7.07916e-13 +0.00000e+00
 1.55052e-07 3.16957e+03 8.72870e-13 +0.00000e+00
 1.93070e-07 3.19603e+03 1.07551e-12 +0.00000e+00
 2.40410e-07 3.22340e+03 1.32421e-12 +0.00000e+00
 2.99358e-07 3.25157e+03 1.62923e-12 +0.00000e+00
 3.72759e-07 3.28038e+03 2.00294e-12 +0.00000e+00
 4.64159e-07 3.30975e+03 2.46043e-12 +0.00000e+00
 5.77969e-07 3.33952e+03 3.01975e-12 +0.00000e+00
 7.19686e-07 3.36961e+03 3.70285e-12 +0.00000e+00
 8.96151e-07 3.39987e+03 4.53579e-12 +0.00000e+00
 1.11588e-06 3.43024e+03 5.54988e-12 +0.00000e+00
 1.38950e-06 3.46060e+03 6.78216e-12 +0.00000e+00
 1.73020e-06 3.49092e+03 8.27628e-12 +0.00000e+00
 2.15443e-06 3.52093e+03 1.00844e-11 +0.00000e+00
 2.68270e-06 3.55049e+03 1.22663e-11 +0.00000e+00
 3.34048e-06 3.57948e+03 1.48931e-11 +0.00000e+00
 4.15956e-06 3.60780e+03 1.80442e-11 +0.00000e+00
 5.17947e-06 3.63537e+03 2.18136e-11 +0.00000e+00
 6.44947e-06 3.66221e+03 2.63037e-11 +0.00000e+00
 8.03086e-06 3.68845e+03 3.16321e-11 +0.00000e+00
 1.00000e-05 3.71410e+03 3.79302e-11 +0.00000e+00
 1.24520e-05 3.73919e+03 4.53411e-11 +0.00000e+00
 1.55052e-05 3.76373e+03 5.40322e-11 +0.00000e+00
 1.93070e-05 3.78772e+03 6.41773e-11 +0.00000e+00
 2.40410e-05 3.81122e+03 7.59795e-11 +0.00000e+00
 2.99358e-05 3.83428e+03 8.96590e-11 +0.00000e+00
 3.72759e-05 3.85700e+03 1.05449e-10 +0.00000e+00
 4.64159e-05 3.87935e+03 1.23636e-10 +0.00000e+00
 5.77969e-05 3.90130e+03 1.44514e-10 +0.00000e+00
 7.19686e-05 3.92292e+03 1.68408e-10 +0.00000e+00
 8.96151e-05 3.94424e+03 1.95718e-10 +0.00000e+00
 1.11588e-04 3.96531e+03 2.26842e-10 +0.00000e+00
 1.38950e-04 3.98620e+03 2.62234e-10 +0.00000e+00
 1.73020e-04 4.00696e+03 3.02455e-10 +0.00000e+00
 2.15443e-04 4.02762e+03 3.48060e-10 +0.00000e+00
 2.68270e-04 4.04818e+03 3.99692e-10 +0.00000e+00
 3.34048e-04 4.06871e+03 4.58153e-10 +0.00000e+00
 4.15956e-04 4.08928e+03 5.24241e-10 +0.00000e+00
 5.17947e-04 4.10998e+03 5.98823e-10 +0.00000e+00
 6.44947e-04 4.13098e+03 6.83010e-10 +0.00000e+00
 8.03086e-04 4.15237e+03 7.77966e-10 +0.00000e+00
 1.00000e-03 4.17423e+03 8.84914e-10 +0.00000e+00
 1.24520e-03 4.19652e+03 1.00536e-09 -2.54431e-07
 1.55052e-03 4.21958e+03 1.14101e-09 -3.16817e-07
 1.93070e-03 4.24347e+03 1.29360e-09 -3.94498e-07
 2.40410e-03 4.26818e+03 1.46511e-09 -4.91229e-07
 2.99358e-03 4.29386e+03 1.65806e-09 -6.11676e-07
 3.72759e-03 4.32065e+03 1.87497e-09 -7.61658e-07
 4.64159e-03 4.34848e+03 2.11862e-09 -9.48415e-07
 5.77969e-03 4.37738e+03 2.39231e-09 -1.18096e-06
 7.19686e-03 4.40739e+03 2.69996e-09 -1.47053e-06
 8.96151e-03 4.43851e+03 3.04546e-09 -1.83110e-06
 1.11588e-02 4.47053e+03 3.43335e-09 -2.28009e-06
 1.38950e-02 4.50348e+03 3.86902e-09 -2.83915e-06
 1.73020e-02 4.53714e+03 4.35836e-09 -3.53531e-06
 2.15443e-02 4.57239e+03 4.90661e-09 -4.40214e-06
 2.68270e-02 4.60935e+03 5.52047e-09 -5.48155e-06
 3.34048e-02 4.64967e+03 6.20584e-09 -6.82561e-06
 4.15956e-02 4.69300e+03 6.97074e-09 -8.49921e-06
 5.17947e-02 4.73721e+03 7.82660e-09 -1.05832e-05
 6.44947e-02 4.78119e+03 8.78490e-09 -1.31782e-05
 8.03086e-02 4.82124e+03 9.86289e-09 -1.64094e-05
 1.00000e-01 4.86715e+03 1.10526e-08 -2.04330e-05
 1.24520e-01 4.92340e+03 1.23509e-08 -2.54431e-05
 1.55052e-01 4.99377e+03 1.37462e-08 -3.16817e-05
 1.93070e-01 5.08021e+03 1.52153e-08 -3.94498e-05
 2.40410e-01 5.17601e+03 1.67477e-08 -4.91229e-05
 2.99358e-01 5.28132e+03 1.83022e-08 -6.11676e-05
 3.72759e-01 5.39049e+03 1.98541e-08 -7.61658e-05
 4.64159e-01 5.51561e+03 2.13106e-08 -9.48415e-05
 5.77969e-01 5.70289e+03 2.23407e-08 -1.18096e-04
 7.19686e-01 5.85758e+03 2.32879e-08 -1.47053e-04
 8.96151e-01 5.94907e+03 2.44628e-08 -1.83109e-04
 1.11588e+00 6.27012e+03 2.44428e-08 -2.26626e-04
 1.38950e+00 6.51319e+03 2.44716e-08 -2.75164e-04
 1.73020e+00 6.80800e+03 2.41355e-08 -1.65786e-04
 2.15443e+00 7.21829e+03 2.31979e-08 +3.27073e-03
 2.68270e+00 7.44852e+03 2.28178e-08 +6.11051e-03
 3.34048e+00 7.66990e+03 2.24330e-08 +1.80712e-02
 4.15956e+00 7.87064e+03 2.20893e-08 +3.28167e-02
 5.17947e+00 8.04495e+03 2.18156e-08 +4.47087e-02
 6.44947e+00 8.19818e+03 2.16027e-08 +5.31528e-02
 8.03086e+00 8.33669e+03 2.14363e-08 +5.91137e-02
 1.00000e+01 8.46516e+03 2.13056e-08 +6.34258e-02
 1.24520e+01 8.58685e+03 2.12033e-08 +6.66283e-02
 1.55052e+01 8.70401e+03 2.11245e-08 +6.90678e-02
 1.93070e+01 8.81827e+03 2.10661e-08 +7.09632e-02
 2.40410e+01 8.93079e+03 2.10258e-08 +7.24649e-02
 2.99358e+01 9.04240e+03 2.10022e-08 +7.36681e-02
 3.72759e+01 9.15380e+03 2.09944e-08 +7.46434e-02
 4.64159e+01 9.26546e+03 2.10019e-08 +7.54448e-02
 5.77969e+01 9.37766e+03 2.10250e-08 +7.61094e-02
 7.19686e+01 9.49053e+03 2.10646e-08 +7.66642e-02
 8.96151e+01 9.60420e+03 2.11220e-08 +7.71261e-02
 1.11588e+02 9.71880e+03 2.11983e-08 +7.75125e-02
 1.38950e+02 9.83439e+03 2.12958e-08 +7.78365e-02
 1.73020e+02 9.95102e+03 2.14182e-08 +7.81078e-02
 2.15443e+02 1.00687e+04 2.15687e-08 +7.83370e-02
 2.68270e+02 1.01871e+04 2.17527e-08 +7.85325e-02
 3.34048e+02 1.03062e+04 2.19758e-08 +7.86955e-02
 4.15956e+02 1.04261e+04 2.22425e-08 +7.88296e-02
 5.17947e+02 1.05475e+04 2.25556e-08 +7.89388e-02
 6.44947e+02 1.06711e+04 2.29169e-08 +7.90280e-02
 8.03086e+02 1.07973e+04 2.33297e-08 +7.91031e-02
 1.00000e+03 1.09265e+04 2.37975e-08 +7.91657e-02
