#n1=128 n2=4 Teff=05400 R=1.2126e+13 L=8.8990e+37 logg=+0.50
#   tau          T          rho         Fconv
 0.00000e+00 3.06799e+03 5.04637e-21 +0.00000e+00
 1.00000e-09 3.06799e+03 3.48922e-17 +0.00000e+00
 1.24520e-09 3.07378e+03 4.39935e-17 +0.00000e+00
 1.55052e-09 3.07996e+03 5.53709e-17 +0.00000e+00
 1.93070e-09 3.08642e+03 6.95876e-17 +0.00000e+00
 2.40410e-09 3.09304e+03 8.73473e-17 +0.00000e+00
 2.99358e-09 3.09970e+03 1.09529e-16 +0.00000e+00
 3.72759e-09 3.10633e+03 1.37232e-16 +0.00000e+00
 4.64159e-09 3.11287e+03 1.71824e-16 +0.00000e+00
 5.77969e-09 3.11933e+03 2.15012e-16 +0.00000e+00
 7.19686e-09 3.12572e+03 2.68924e-16 +0.00000e+00
 8.96151e-09 3.13210e+03 3.36204e-16 +0.00000e+00
 1.11588e-08 3.13857e+03 4.20142e-16 +0.00000e+00
 1.38950e-08 3.14519e+03 5.24830e-16 +0.00000e+00
 1.73020e-08 3.15208e+03 6.55349e-16 +0.00000e+00
 2.15443e-08 3.15933e+03 8.18010e-16 +0.00000e+00
 2.68270e-08 3.16704e+03 1.02064e-15 +0.00000e+00
 3.34048e-08 3.17534e+03 1.27296e-15 +0.00000e+00
 4.15956e-08 3.18433e+03 1.58700e-15 +0.00000e+00
 5.17947e-08 3.19417e+03 1.97765e-15 +0.00000e+00
 6.44947e-08 3.20499e+03 2.46331e-15 +0.00000e+00
 8.03086e-08 3.21689e+03 3.06679e-15 +0.00000e+00
 1.00000e-07 3.22995e+03 3.81627e-15 +0.00000e+00
 1.24520e-07 3.24423e+03 4.74660e-15 +0.00000e+00
 1.55052e-07 3.25979e+03 5.90083e-15 +0.00000e+00
 1.93070e-07 3.27668e+03 7.33217e-15 +0.00000e+00
 2.40410e-07 3.29486e+03 9.10642e-15 +0.00000e+00
 2.99358e-07 3.31429e+03 1.13050e-14 +0.00000e+00
 3.72759e-07 3.33484e+03 1.40289e-14 +0.00000e+00
 4.64159e-07 3.35637e+03 1.74031e-14 +0.00000e+00
 5.77969e-07 3.37873e+03 2.15825e-14 +0.00000e+00
 7.19686e-07 3.40180e+03 2.67590e-14 +0.00000e+00
 8.96151e-07 3.42543e+03 3.31703e-14 +0.00000e+00
 1.11588e-06 3.44952e+03 4.11105e-14 +0.00000e+00
 1.38950e-06 3.47399e+03 5.09438e-14 +0.00000e+00
 1.73020e-06 3.49878e+03 6.31206e-14 +0.00000e+00
 2.15443e-06 3.52382e+03 7.81981e-14 +0.00000e+00
 2.68270e-06 3.54907e+03 9.68655e-14 +0.00000e+00
 3.34048e-06 3.57444e+03 1.19976e-13 +0.00000e+00
 4.15956e-06 3.59987e+03 1.48584e-13 +0.00000e+00
 5.17947e-06 3.62526e+03 1.83995e-13 +0.00000e+00
 6.44947e-06 3.65056e+03 2.27820e-13 +0.00000e+00
 8.03086e-06 3.67573e+03 2.82047e-13 +0.00000e+00
 1.00000e-05 3.70074e+03 3.49125e-13 +0.00000e+00
 1.24520e-05 3.72557e+03 4.32067e-13 +0.00000e+00
 1.55052e-05 3.75022e+03 5.34577e-13 +0.00000e+00
 1.93070e-05 3.77469e+03 6.61193e-13 +0.00000e+00
 2.40410e-05 3.79896e+03 8.17469e-13 +0.00000e+00
 2.99358e-05 3.82306e+03 1.01018e-12 +0.00000e+00
 3.72759e-05 3.84698e+03 1.24754e-12 +0.00000e+00
 4.64159e-05 3.87071e+03 1.53955e-12 +0.00000e+00
 5.77969e-05 3.89425e+03 1.89822e-12 +0.00000e+00
 7.19686e-05 3.91757e+03 2.33799e-12 +0.00000e+00
 8.96151e-05 3.94066e+03 2.87608e-12 +0.00000e+00
 1.11588e-04 3.96351e+03 3.53291e-12 +0.00000e+00
 1.38950e-04 3.98608e+03 4.33250e-12 +0.00000e+00
 1.73020e-04 4.00839e+03 5.30286e-12 +0.00000e+00
 2.15443e-04 4.03040e+03 6.47639e-12 +0.00000e+00
 2.68270e-04 4.05213e+03 7.89046e-12 +0.00000e+00
 3.34048e-04 4.07355e+03 9.58753e-12 +0.00000e+00
 4.15956e-04 4.09468e+03 1.16155e-11 +0.00000e+00
 5.17947e-04 4.11555e+03 1.40279e-11 +0.00000e+00
 6.44947e-04 4.13622e+03 1.68845e-11 +0.00000e+00
 8.03086e-04 4.15671e+03 2.02513e-11 +0.00000e+00
 1.00000e-03 4.17713e+03 2.42009e-11 +0.00000e+00
 1.24520e-03 4.19749e+03 2.88140e-11 -2.54838e-07
 1.55052e-03 4.21793e+03 3.41787e-11 -3.17325e-07
 1.93070e-03 4.23849e+03 4.03928e-11 -3.95130e-07
 2.40410e-03 4.25928e+03 4.75643e-11 -4.92015e-07
 2.99358e-03 4.28043e+03 5.58125e-11 -6.12656e-07
 3.72759e-03 4.30201e+03 6.52709e-11 -7.62879e-07
 4.64159e-03 4.32424e+03 7.60868e-11 -9.49935e-07
 5.77969e-03 4.34716e+03 8.84268e-11 -1.18286e-06
 7.19686e-03 4.37106e+03 1.02474e-10 -1.47289e-06
 8.96151e-03 4.39607e+03 1.18435e-10 -1.83404e-06
 1.11588e-02 4.42238e+03 1.36541e-10 -2.28373e-06
 1.38950e-02 4.45022e+03 1.57050e-10 -2.84371e-06
 1.73020e-02 4.47977e+03 1.80248e-10 -3.54097e-06
 2.15443e-02 4.51138e+03 2.06451e-10 -4.40920e-06
 2.68270e-02 4.54531e+03 2.36007e-10 -5.49032e-06
 3.34048e-02 4.58201e+03 2.69286e-10 -6.83653e-06
 4.15956e-02 4.62190e+03 3.06688e-10 -8.51285e-06
 5.17947e-02 4.66552e+03 3.48613e-10 -1.06002e-05
 6.44947e-02 4.71361e+03 3.95441e-10 -1.31993e-05
 8.03086e-02 4.76701e+03 4.47483e-10 -1.64357e-05
 1.00000e-01 4.82671e+03 5.04904e-10 -2.04657e-05
 1.24520e-01 4.89392e+03 5.67594e-10 -2.54838e-05
 1.55052e-01 4.96967e+03 6.35044e-10 -3.17325e-05
 1.93070e-01 5.05534e+03 7.06094e-10 -3.95130e-05
 2.40410e-01 5.15286e+03 7.78707e-10 -4.92015e-05
 2.99358e-01 5.26315e+03 8.50211e-10 -6.12656e-05
 3.72759e-01 5.38702e+03 9.17499e-10 -7.62879e-05
 4.64159e-01 5.52676e+03 9.77256e-10 -9.49935e-05
 5.77969e-01 5.70046e+03 1.02216e-09 -1.18286e-04
 7.19686e-01 5.88519e+03 1.05424e-09 -1.47289e-04
 8.96151e-01 6.05656e+03 1.08068e-09 -1.83404e-04
 1.11588e+00 6.35298e+03 1.07104e-09 -2.28373e-04
 1.38950e+00 6.58496e+03 1.06315e-09 -2.84366e-04
 1.73020e+00 6.93026e+03 1.02493e-09 -3.53748e-04
 2.15443e+00 7.27362e+03 9.77939e-10 -4.12190e-04
 2.68270e+00 7.88100e+03 8.66492e-10 +1.22708e-02
 3.34048e+00 8.04955e+03 8.36017e-10 +2.24380e-02
 4.15956e+00 8.20131e+03 8.07720e-10 +3.58461e-02
 5.17947e+00 8.33827e+03 7.81690e-10 +4.60585e-02
 6.44947e+00 8.46421e+03 7.57515e-10 +5.33659e-02
 8.03086e+00 8.58303e+03 7.34628e-10 +5.86191e-02
 1.00000e+01 8.69788e+03 7.12556e-10 +6.24745e-02
 1.24520e+01 8.81123e+03 6.90941e-10 +6.53637e-02
 1.55052e+01 8.92517e+03 6.69508e-10 +6.75641e-02
 1.93070e+01 9.04160e+03 6.48042e-10 +6.92553e-02
 2.40410e+01 9.16254e+03 6.26366e-10 +7.05542e-02
 2.99358e+01 9.29028e+03 6.04318e-10 +7.15349e-02
 3.72759e+01 9.42783e+03 5.81735e-10 +7.22382e-02
 4.64159e+01 9.57948e+03 5.58426e-10 +7.26703e-02
 5.77969e+01 9.75207e+03 5.34120e-10 +7.27878e-02
 7.19686e+01 9.95788e+03 5.08363e-10 +7.24383e-02
 8.96151e+01 1.02231e+04 4.80223e-10 +7.11250e-02
 1.11588e+02 1.06226e+04 4.47146e-10 +6.65923e-02
 1.38950e+02 1.15748e+04 3.96753e-10 +3.25562e-02
 1.73020e+02 2.16947e+04 2.12968e-10 -6.13971e-04
 2.15443e+02 2.05068e+04 2.55289e-10 -6.13971e-04
 2.68270e+02 2.34725e+04 2.57460e-10 -6.13971e-04
 3.34048e+02 2.52963e+04 2.84885e-10 -6.13971e-04
 4.15956e+02 2.23992e+04 3.72556e-10 -6.13971e-04
 5.17947e+02 2.81347e+04 3.59729e-10 -6.13971e-04
 6.44947e+02 2.85805e+04 4.33229e-10 -6.13971e-04
 8.03086e+02 2.16882e+04 6.45592e-10 -6.11670e-04
 1.00000e+03 3.23344e+04 4.90885e-10 -6.13971e-04
