#n1=128 n2=4 Teff=05800 R=1.3029e+13 L=1.3672e+38 logg=+0.50
#      tau          T          rho         Fconv
  0.00000e+00  3.29785e+03  4.55786e-21 +0.00000e+00
  1.00000e-09  3.29785e+03  2.34984e-17 +0.00000e+00
  1.24520e-09  3.30557e+03  3.06370e-17 +0.00000e+00
  1.55052e-09  3.31403e+03  3.96941e-17 +0.00000e+00
  1.93070e-09  3.32325e+03  5.11527e-17 +0.00000e+00
  2.40410e-09  3.33314e+03  6.56161e-17 +0.00000e+00
  2.99358e-09  3.34362e+03  8.38380e-17 +0.00000e+00
  3.72759e-09  3.35458e+03  1.06761e-16 +0.00000e+00
  4.64159e-09  3.36588e+03  1.35568e-16 +0.00000e+00
  5.77969e-09  3.37743e+03  1.71740e-16 +0.00000e+00
  7.19686e-09  3.38917e+03  2.17131e-16 +0.00000e+00
  8.96151e-09  3.40108e+03  2.74063e-16 +0.00000e+00
  1.11588e-08  3.41316e+03  3.45433e-16 +0.00000e+00
  1.38950e-08  3.42544e+03  4.34855e-16 +0.00000e+00
  1.73020e-08  3.43799e+03  5.46831e-16 +0.00000e+00
  2.15443e-08  3.45079e+03  6.86977e-16 +0.00000e+00
  2.68270e-08  3.46383e+03  8.62307e-16 +0.00000e+00
  3.34048e-08  3.47702e+03  1.08160e-15 +0.00000e+00
  4.15956e-08  3.49030e+03  1.35583e-15 +0.00000e+00
  5.17947e-08  3.50363e+03  1.69875e-15 +0.00000e+00
  6.44947e-08  3.51704e+03  2.12746e-15 +0.00000e+00
  8.03086e-08  3.53065e+03  2.66325e-15 +0.00000e+00
  1.00000e-07  3.54466e+03  3.33242e-15 +0.00000e+00
  1.24520e-07  3.55927e+03  4.16744e-15 +0.00000e+00
  1.55052e-07  3.57468e+03  5.20832e-15 +0.00000e+00
  1.93070e-07  3.59102e+03  6.50433e-15 +0.00000e+00
  2.40410e-07  3.60836e+03  8.11630e-15 +0.00000e+00
  2.99358e-07  3.62667e+03  1.01193e-14 +0.00000e+00
  3.72759e-07  3.64592e+03  1.26060e-14 +0.00000e+00
  4.64159e-07  3.66607e+03  1.56908e-14 +0.00000e+00
  5.77969e-07  3.68703e+03  1.95149e-14 +0.00000e+00
  7.19686e-07  3.70874e+03  2.42526e-14 +0.00000e+00
  8.96151e-07  3.73112e+03  3.01189e-14 +0.00000e+00
  1.11588e-06  3.75413e+03  3.73793e-14 +0.00000e+00
  1.38950e-06  3.77772e+03  4.63607e-14 +0.00000e+00
  1.73020e-06  3.80182e+03  5.74666e-14 +0.00000e+00
  2.15443e-06  3.82638e+03  7.11946e-14 +0.00000e+00
  2.68270e-06  3.85133e+03  8.81591e-14 +0.00000e+00
  3.34048e-06  3.87657e+03  1.09119e-13 +0.00000e+00
  4.15956e-06  3.90199e+03  1.35012e-13 +0.00000e+00
  5.17947e-06  3.92751e+03  1.67002e-13 +0.00000e+00
  6.44947e-06  3.95299e+03  2.06526e-13 +0.00000e+00
  8.03086e-06  3.97837e+03  2.55368e-13 +0.00000e+00
  1.00000e-05  4.00357e+03  3.15736e-13 +0.00000e+00
  1.24520e-05  4.02856e+03  3.90361e-13 +0.00000e+00
  1.55052e-05  4.05333e+03  4.82622e-13 +0.00000e+00
  1.93070e-05  4.07788e+03  5.96688e-13 +0.00000e+00
  2.40410e-05  4.10223e+03  7.37700e-13 +0.00000e+00
  2.99358e-05  4.12642e+03  9.11977e-13 +0.00000e+00
  3.72759e-05  4.15049e+03  1.12727e-12 +0.00000e+00
  4.64159e-05  4.17447e+03  1.39306e-12 +0.00000e+00
  5.77969e-05  4.19839e+03  1.72091e-12 +0.00000e+00
  7.19686e-05  4.22227e+03  2.12488e-12 +0.00000e+00
  8.96151e-05  4.24611e+03  2.62196e-12 +0.00000e+00
  1.11588e-04  4.26990e+03  3.23266e-12 +0.00000e+00
  1.38950e-04  4.29365e+03  3.98150e-12 +0.00000e+00
  1.73020e-04  4.31735e+03  4.89767e-12 +0.00000e+00
  2.15443e-04  4.34100e+03  6.01561e-12 +0.00000e+00
  2.68270e-04  4.36460e+03  7.37571e-12 +0.00000e+00
  3.34048e-04  4.38810e+03  9.02492e-12 +0.00000e+00
  4.15956e-04  4.41149e+03  1.10173e-11 +0.00000e+00
  5.17947e-04  4.43473e+03  1.34148e-11 +0.00000e+00
  6.44947e-04  4.45779e+03  1.62872e-11 +0.00000e+00
  8.03086e-04  4.48070e+03  1.97130e-11 +0.00000e+00
  1.00000e-03  4.50346e+03  2.37793e-11 +0.00000e+00
  1.24520e-03  4.52608e+03  2.85822e-11 -2.54858e-07
  1.55052e-03  4.54866e+03  3.42265e-11 -3.17348e-07
  1.93070e-03  4.57127e+03  4.08263e-11 -3.95162e-07
  2.40410e-03  4.59396e+03  4.85051e-11 -4.92054e-07
  2.99358e-03  4.61688e+03  5.73956e-11 -6.12705e-07
  3.72759e-03  4.64012e+03  6.76407e-11 -7.62937e-07
  4.64159e-03  4.66386e+03  7.93916e-11 -9.50007e-07
  5.77969e-03  4.68817e+03  9.28119e-11 -1.18295e-06
  7.19686e-03  4.71334e+03  1.08070e-10 -1.47300e-06
  8.96151e-03  4.73954e+03  1.25344e-10 -1.83418e-06
  1.11588e-02  4.76702e+03  1.44816e-10 -2.28391e-06
  1.38950e-02  4.79604e+03  1.66668e-10 -2.84392e-06
  1.73020e-02  4.82687e+03  1.91078e-10 -3.54124e-06
  2.15443e-02  4.85990e+03  2.18209e-10 -4.40955e-06
  2.68270e-02  4.89541e+03  2.48202e-10 -5.49075e-06
  3.34048e-02  4.93400e+03  2.81145e-10 -6.83706e-06
  4.15956e-02  4.97616e+03  3.17063e-10 -8.51350e-06
  5.17947e-02  5.02251e+03  3.55886e-10 -1.06010e-05
  6.44947e-02  5.07379e+03  3.97408e-10 -1.32003e-05
  8.03086e-02  5.13091e+03  4.41253e-10 -1.64370e-05
  1.00000e-01  5.19482e+03  4.86839e-10 -2.04673e-05
  1.24520e-01  5.26693e+03  5.33306e-10 -2.54858e-05
  1.55052e-01  5.34821e+03  5.79614e-10 -3.17348e-05
  1.93070e-01  5.44028e+03  6.24452e-10 -3.95162e-05
  2.40410e-01  5.54516e+03  6.66281e-10 -4.92054e-05
  2.99358e-01  5.66438e+03  7.03572e-10 -6.12705e-05
  3.72759e-01  5.80137e+03  7.34556e-10 -7.62939e-05
  4.64159e-01  5.95748e+03  7.57864e-10 -9.50007e-05
  5.77969e-01  6.12257e+03  7.74676e-10 -1.18295e-04
  7.19686e-01  6.31474e+03  7.82356e-10 -1.47300e-04
  8.96151e-01  6.58550e+03  7.71718e-10 -1.83418e-04
  1.11588e+00  6.82073e+03  7.59610e-10 -2.28385e-04
  1.38950e+00  7.16583e+03  7.25752e-10 -2.83369e-04
  1.73020e+00  7.51579e+03  6.84165e-10 -2.27124e-04
  2.15443e+00  8.14344e+03  5.89015e-10 +3.18540e-02
  2.68270e+00  8.29314e+03  5.66271e-10 +2.78437e-02
  3.34048e+00  8.42828e+03  5.45502e-10 +3.89274e-02
  4.15956e+00  8.55684e+03  5.25629e-10 +4.69671e-02
  5.17947e+00  8.68084e+03  5.06528e-10 +5.29364e-02
  6.44947e+00  8.80305e+03  4.87930e-10 +5.73598e-02
  8.03086e+00  8.92616e+03  4.69587e-10 +6.06487e-02
  1.00000e+01  9.05290e+03  4.51282e-10 +6.30819e-02
  1.24520e+01  9.18638e+03  4.32819e-10 +6.48319e-02
  1.55052e+01  9.33062e+03  4.14004e-10 +6.59814e-02
  1.93070e+01  9.49156e+03  3.94607e-10 +6.65124e-02
  2.40410e+01  9.67924e+03  3.74298e-10 +6.62342e-02
  2.99358e+01  9.91382e+03  3.52483e-10 +6.44854e-02
  3.72759e+01  1.02475e+04  3.27750e-10 +5.85879e-02
  4.64159e+01  1.08968e+04  2.95215e-10 +2.97088e-02
  5.77969e+01  1.67468e+04  1.85642e-10 -6.14018e-04
  7.19686e+01  1.69065e+04  1.93453e-10 -6.14018e-04
  8.96151e+01  1.75552e+04  1.97795e-10 -6.14018e-04
  1.11588e+02  1.85033e+04  2.02371e-10 -6.14018e-04
  1.38950e+02  1.94540e+04  2.11515e-10 -6.14018e-04
  1.73020e+02  1.88744e+04  2.40650e-10 -6.14018e-04
  2.15443e+02  2.18593e+04  2.36065e-10 -6.14018e-04
  2.68270e+02  2.25897e+04  2.64659e-10 -6.14018e-04
  3.34048e+02  2.33732e+04  2.98641e-10 -6.14018e-04
  4.15956e+02  2.32309e+04  3.49462e-10 -6.14018e-04
  5.17947e+02  2.53253e+04  3.77357e-10 -6.14018e-04
  6.44947e+02  2.66963e+04  4.27773e-10 -6.14018e-04
  8.03086e+02  2.76716e+04  4.95095e-10 -6.14018e-04
  1.00000e+03  2.80555e+04  5.82407e-10 -6.14018e-04
