#n1=128 n2=4 Teff=05500 R=4.1044e+11 L=1.0990e+35 logg=+3.00
#   tau          T          rho         Fconv
 0.00000e+00 3.12580e+03 4.76286e-21 +0.00000e+00
 1.00000e-09 3.12580e+03 1.99379e-14 +0.00000e+00
 1.24520e-09 3.11061e+03 2.49680e-14 +0.00000e+00
 1.55052e-09 3.07882e+03 3.14350e-14 +0.00000e+00
 1.93070e-09 3.03744e+03 3.97044e-14 +0.00000e+00
 2.40410e-09 2.99757e+03 5.01294e-14 +0.00000e+00
 2.99358e-09 2.96890e+03 6.30599e-14 +0.00000e+00
 3.72759e-09 2.94705e+03 7.91440e-14 +0.00000e+00
 4.64159e-09 2.93269e+03 9.90774e-14 +0.00000e+00
 5.77969e-09 2.92887e+03 1.23582e-13 +0.00000e+00
 7.19686e-09 2.92035e+03 1.54390e-13 +0.00000e+00
 8.96151e-09 2.91626e+03 1.92581e-13 +0.00000e+00
 1.11588e-08 2.91258e+03 2.40181e-13 +0.00000e+00
 1.38950e-08 2.91179e+03 2.99243e-13 +0.00000e+00
 1.73020e-08 2.91206e+03 3.72684e-13 +0.00000e+00
 2.15443e-08 2.91440e+03 4.63810e-13 +0.00000e+00
 2.68270e-08 2.91900e+03 5.76754e-13 +0.00000e+00
 3.34048e-08 2.92537e+03 7.16752e-13 +0.00000e+00
 4.15956e-08 2.93382e+03 8.90070e-13 +0.00000e+00
 5.17947e-08 2.94434e+03 1.10449e-12 +0.00000e+00
 6.44947e-08 2.95672e+03 1.36964e-12 +0.00000e+00
 8.03086e-08 2.97081e+03 1.69740e-12 +0.00000e+00
 1.00000e-07 2.98629e+03 2.10251e-12 +0.00000e+00
 1.24520e-07 3.00291e+03 2.60318e-12 +0.00000e+00
 1.55052e-07 3.02026e+03 3.22209e-12 +0.00000e+00
 1.93070e-07 3.03806e+03 3.98724e-12 +0.00000e+00
 2.40410e-07 3.05592e+03 4.93355e-12 +0.00000e+00
 2.99358e-07 3.07359e+03 6.10411e-12 +0.00000e+00
 3.72759e-07 3.09078e+03 7.55248e-12 +0.00000e+00
 4.64159e-07 3.10741e+03 9.34451e-12 +0.00000e+00
 5.77969e-07 3.12341e+03 1.15615e-11 +0.00000e+00
 7.19686e-07 3.13897e+03 1.43026e-11 +0.00000e+00
 8.96151e-07 3.15426e+03 1.76893e-11 +0.00000e+00
 1.11588e-06 3.16955e+03 2.18692e-11 +0.00000e+00
 1.38950e-06 3.18499e+03 2.70227e-11 +0.00000e+00
 1.73020e-06 3.20068e+03 3.33688e-11 +0.00000e+00
 2.15443e-06 3.21665e+03 4.11743e-11 +0.00000e+00
 2.68270e-06 3.23294e+03 5.07600e-11 +0.00000e+00
 3.34048e-06 3.24958e+03 6.25130e-11 +0.00000e+00
 4.15956e-06 3.26665e+03 7.68932e-11 +0.00000e+00
 5.17947e-06 3.28424e+03 9.44489e-11 +0.00000e+00
 6.44947e-06 3.30247e+03 1.15822e-10 +0.00000e+00
 8.03086e-06 3.32162e+03 1.41761e-10 +0.00000e+00
 1.00000e-05 3.34188e+03 1.73128e-10 +0.00000e+00
 1.24520e-05 3.36361e+03 2.10902e-10 +0.00000e+00
 1.55052e-05 3.38716e+03 2.56193e-10 +0.00000e+00
 1.93070e-05 3.41286e+03 3.10220e-10 +0.00000e+00
 2.40410e-05 3.44114e+03 3.74344e-10 +0.00000e+00
 2.99358e-05 3.47259e+03 4.49983e-10 +0.00000e+00
 3.72759e-05 3.50793e+03 5.38674e-10 +0.00000e+00
 4.64159e-05 3.54821e+03 6.41938e-10 +0.00000e+00
 5.77969e-05 3.59463e+03 7.61305e-10 +0.00000e+00
 7.19686e-05 3.64747e+03 8.98645e-10 +0.00000e+00
 8.96151e-05 3.70450e+03 1.05657e-09 +0.00000e+00
 1.11588e-04 3.76099e+03 1.23923e-09 +0.00000e+00
 1.38950e-04 3.81330e+03 1.45110e-09 +0.00000e+00
 1.73020e-04 3.86125e+03 1.69609e-09 +0.00000e+00
 2.15443e-04 3.90633e+03 1.97776e-09 +0.00000e+00
 2.68270e-04 3.95003e+03 2.29946e-09 +0.00000e+00
 3.34048e-04 3.99324e+03 2.66489e-09 +0.00000e+00
 4.15956e-04 4.03619e+03 3.07801e-09 +0.00000e+00
 5.17947e-04 4.07849e+03 3.54328e-09 +0.00000e+00
 6.44947e-04 4.11930e+03 4.06595e-09 +0.00000e+00
 8.03086e-04 4.15787e+03 4.65132e-09 +0.00000e+00
 1.00000e-03 4.19348e+03 5.30649e-09 +0.00000e+00
 1.24520e-03 4.22580e+03 6.03990e-09 -2.54418e-07
 1.55052e-03 4.25485e+03 6.86008e-09 -3.16802e-07
 1.93070e-03 4.28098e+03 7.77813e-09 -3.94479e-07
 2.40410e-03 4.30473e+03 8.80712e-09 -4.91206e-07
 2.99358e-03 4.32670e+03 9.95950e-09 -6.11646e-07
 3.72759e-03 4.34745e+03 1.12492e-08 -7.61622e-07
 4.64159e-03 4.36747e+03 1.26931e-08 -9.48369e-07
 5.77969e-03 4.38713e+03 1.43097e-08 -1.18091e-06
 7.19686e-03 4.40672e+03 1.61155e-08 -1.47046e-06
 8.96151e-03 4.42659e+03 1.81307e-08 -1.83101e-06
 1.11588e-02 4.44713e+03 2.03777e-08 -2.27998e-06
 1.38950e-02 4.46873e+03 2.28776e-08 -2.83901e-06
 1.73020e-02 4.49193e+03 2.56458e-08 -3.53514e-06
 2.15443e-02 4.51719e+03 2.87011e-08 -4.40193e-06
 2.68270e-02 4.54502e+03 3.20594e-08 -5.48128e-06
 3.34048e-02 4.57586e+03 3.57290e-08 -6.82528e-06
 4.15956e-02 4.61014e+03 3.97059e-08 -8.49880e-06
 5.17947e-02 4.64845e+03 4.39823e-08 -1.05827e-05
 6.44947e-02 4.69134e+03 4.85368e-08 -1.31775e-05
 8.03086e-02 4.73946e+03 5.33268e-08 -1.64086e-05
 1.00000e-01 4.79333e+03 5.82862e-08 -2.04321e-05
 1.24520e-01 4.85368e+03 6.33351e-08 -2.54418e-05
 1.55052e-01 4.92105e+03 6.83780e-08 -3.16802e-05
 1.93070e-01 4.99620e+03 7.33028e-08 -3.94479e-05
 2.40410e-01 5.08012e+03 7.79840e-08 -4.91206e-05
 2.99358e-01 5.17431e+03 8.22821e-08 -6.11646e-05
 3.72759e-01 5.28067e+03 8.60537e-08 -7.61622e-05
 4.64159e-01 5.39739e+03 8.92610e-08 -9.48357e-05
 5.77969e-01 5.53385e+03 9.16735e-08 -1.17380e-04
 7.19686e-01 5.69977e+03 9.30271e-08 -1.25006e-04
 8.96151e-01 5.89058e+03 9.34003e-08 +1.47537e-04
 1.11588e+00 6.13387e+03 9.23442e-08 +2.55145e-03
 1.38950e+00 6.33202e+03 9.16261e-08 +5.92530e-03
 1.73020e+00 6.52000e+03 9.08867e-08 +1.24929e-02
 2.15443e+00 6.70173e+03 9.01353e-08 +2.14453e-02
 2.68270e+00 6.87730e+03 8.94120e-08 +3.22605e-02
 3.34048e+00 7.04735e+03 8.87350e-08 +4.25735e-02
 4.15956e+00 7.20807e+03 8.81748e-08 +4.95655e-02
 5.17947e+00 7.36044e+03 8.77363e-08 +5.51316e-02
 6.44947e+00 7.50600e+03 8.74128e-08 +5.96180e-02
 8.03086e+00 7.64590e+03 8.72006e-08 +6.32322e-02
 1.00000e+01 7.78124e+03 8.70948e-08 +6.61361e-02
 1.24520e+01 7.91307e+03 8.70905e-08 +6.84755e-02
 1.55052e+01 8.04229e+03 8.71836e-08 +7.03649e-02
 1.93070e+01 8.16969e+03 8.73700e-08 +7.19042e-02
 2.40410e+01 8.29581e+03 8.76486e-08 +7.31715e-02
 2.99358e+01 8.42102e+03 8.80198e-08 +7.42217e-02
 3.72759e+01 8.54570e+03 8.84832e-08 +7.50802e-02
 4.64159e+01 8.67043e+03 8.90356e-08 +7.57929e-02
 5.77969e+01 8.79517e+03 8.96807e-08 +7.64012e-02
 7.19686e+01 8.91940e+03 9.04304e-08 +7.69271e-02
 8.96151e+01 9.04250e+03 9.13003e-08 +7.73732e-02
 1.11588e+02 9.16432e+03 9.23033e-08 +7.77453e-02
 1.38950e+02 9.28483e+03 9.34522e-08 +7.80547e-02
 1.73020e+02 9.40407e+03 9.47611e-08 +7.83105e-02
 2.15443e+02 9.52221e+03 9.62450e-08 +7.85208e-02
 2.68270e+02 9.63950e+03 9.79194e-08 +7.86938e-02
 3.34048e+02 9.75612e+03 9.98017e-08 +7.88364e-02
 4.15956e+02 9.87228e+03 1.01910e-07 +7.89539e-02
 5.17947e+02 9.98816e+03 1.04266e-07 +7.90507e-02
 6.44947e+02 1.01039e+04 1.06892e-07 +7.91311e-02
 8.03086e+02 1.02197e+04 1.09815e-07 +7.91973e-02
 1.00000e+03 1.03358e+04 1.13059e-07 +7.92518e-02
