#n1=128 n2=4 Teff=05600 R=6.2815e+10 L=2.7645e+33 logg=+4.50
#   tau          T          rho         Fconv
 0.00000e+00 3.03894e+03 5.09839e-21 +0.00000e+00
 1.00000e-09 3.03894e+03 5.24558e-13 +0.00000e+00
 1.24520e-09 3.04763e+03 6.53497e-13 +0.00000e+00
 1.55052e-09 3.05838e+03 8.12443e-13 +0.00000e+00
 1.93070e-09 3.07055e+03 1.00803e-12 +0.00000e+00
 2.40410e-09 3.08372e+03 1.24821e-12 +0.00000e+00
 2.99358e-09 3.09759e+03 1.54252e-12 +0.00000e+00
 3.72759e-09 3.11201e+03 1.90238e-12 +0.00000e+00
 4.64159e-09 3.12693e+03 2.34106e-12 +0.00000e+00
 5.77969e-09 3.14237e+03 2.87444e-12 +0.00000e+00
 7.19686e-09 3.15839e+03 3.52041e-12 +0.00000e+00
 8.96151e-09 3.17502e+03 4.30034e-12 +0.00000e+00
 1.11588e-08 3.19235e+03 5.23757e-12 +0.00000e+00
 1.38950e-08 3.21040e+03 6.35985e-12 +0.00000e+00
 1.73020e-08 3.22921e+03 7.69690e-12 +0.00000e+00
 2.15443e-08 3.24875e+03 9.28313e-12 +0.00000e+00
 2.68270e-08 3.26903e+03 1.11564e-11 +0.00000e+00
 3.34048e-08 3.29000e+03 1.33570e-11 +0.00000e+00
 4.15956e-08 3.31166e+03 1.59330e-11 +0.00000e+00
 5.17947e-08 3.33397e+03 1.89316e-11 +0.00000e+00
 6.44947e-08 3.35687e+03 2.24102e-11 +0.00000e+00
 8.03086e-08 3.38032e+03 2.64296e-11 +0.00000e+00
 1.00000e-07 3.40424e+03 3.10526e-11 +0.00000e+00
 1.24520e-07 3.42854e+03 3.63604e-11 +0.00000e+00
 1.55052e-07 3.45313e+03 4.24321e-11 +0.00000e+00
 1.93070e-07 3.47789e+03 4.93573e-11 +0.00000e+00
 2.40410e-07 3.50273e+03 5.72514e-11 +0.00000e+00
 2.99358e-07 3.52756e+03 6.62256e-11 +0.00000e+00
 3.72759e-07 3.55226e+03 7.64087e-11 +0.00000e+00
 4.64159e-07 3.57677e+03 8.79700e-11 +0.00000e+00
 5.77969e-07 3.60103e+03 1.01069e-10 +0.00000e+00
 7.19686e-07 3.62500e+03 1.15889e-10 +0.00000e+00
 8.96151e-07 3.64866e+03 1.32674e-10 +0.00000e+00
 1.11588e-06 3.67202e+03 1.51660e-10 +0.00000e+00
 1.38950e-06 3.69509e+03 1.73098e-10 +0.00000e+00
 1.73020e-06 3.71791e+03 1.97335e-10 +0.00000e+00
 2.15443e-06 3.74052e+03 2.24717e-10 +0.00000e+00
 2.68270e-06 3.76298e+03 2.55600e-10 +0.00000e+00
 3.34048e-06 3.78533e+03 2.90431e-10 +0.00000e+00
 4.15956e-06 3.80760e+03 3.29752e-10 +0.00000e+00
 5.17947e-06 3.82984e+03 3.74073e-10 +0.00000e+00
 6.44947e-06 3.85205e+03 4.23972e-10 +0.00000e+00
 8.03086e-06 3.87429e+03 4.80243e-10 +0.00000e+00
 1.00000e-05 3.89655e+03 5.43655e-10 +0.00000e+00
 1.24520e-05 3.91885e+03 6.15017e-10 +0.00000e+00
 1.55052e-05 3.94118e+03 6.95342e-10 +0.00000e+00
 1.93070e-05 3.96358e+03 7.85871e-10 +0.00000e+00
 2.40410e-05 3.98604e+03 8.87769e-10 +0.00000e+00
 2.99358e-05 4.00859e+03 1.00231e-09 +0.00000e+00
 3.72759e-05 4.03124e+03 1.13127e-09 +0.00000e+00
 4.64159e-05 4.05399e+03 1.27649e-09 +0.00000e+00
 5.77969e-05 4.07682e+03 1.43981e-09 +0.00000e+00
 7.19686e-05 4.09968e+03 1.62343e-09 +0.00000e+00
 8.96151e-05 4.12256e+03 1.83030e-09 +0.00000e+00
 1.11588e-04 4.14543e+03 2.06315e-09 +0.00000e+00
 1.38950e-04 4.16826e+03 2.32498e-09 +0.00000e+00
 1.73020e-04 4.19105e+03 2.61961e-09 +0.00000e+00
 2.15443e-04 4.21376e+03 2.95158e-09 +0.00000e+00
 2.68270e-04 4.23638e+03 3.32522e-09 +0.00000e+00
 3.34048e-04 4.25884e+03 3.74542e-09 +0.00000e+00
 4.15956e-04 4.28111e+03 4.21885e-09 +0.00000e+00
 5.17947e-04 4.30320e+03 4.75234e-09 +0.00000e+00
 6.44947e-04 4.32510e+03 5.35286e-09 +0.00000e+00
 8.03086e-04 4.34683e+03 6.02850e-09 +0.00000e+00
 1.00000e-03 4.36845e+03 6.79014e-09 +0.00000e+00
 1.24520e-03 4.38997e+03 7.64815e-09 -2.54600e-07
 1.55052e-03 4.41151e+03 8.61345e-09 -3.17027e-07
 1.93070e-03 4.43313e+03 9.69961e-09 -3.94761e-07
 2.40410e-03 4.45486e+03 1.09236e-08 -4.91557e-07
 2.99358e-03 4.47685e+03 1.23010e-08 -6.12083e-07
 3.72759e-03 4.49921e+03 1.38489e-08 -7.62164e-07
 4.64159e-03 4.52212e+03 1.55898e-08 -9.49046e-07
 5.77969e-03 4.54560e+03 1.75486e-08 -1.18175e-06
 7.19686e-03 4.56998e+03 1.97482e-08 -1.47151e-06
 8.96151e-03 4.59538e+03 2.22150e-08 -1.83232e-06
 1.11588e-02 4.62202e+03 2.49846e-08 -2.28159e-06
 1.38950e-02 4.65013e+03 2.80910e-08 -2.84104e-06
 1.73020e-02 4.67991e+03 3.15685e-08 -3.53765e-06
 2.15443e-02 4.71174e+03 3.54560e-08 -4.40508e-06
 2.68270e-02 4.74591e+03 3.98054e-08 -5.48519e-06
 3.34048e-02 4.78293e+03 4.46605e-08 -6.83014e-06
 4.15956e-02 4.82324e+03 5.00671e-08 -8.50487e-06
 5.17947e-02 4.86740e+03 5.60811e-08 -1.05902e-05
 6.44947e-02 4.91616e+03 6.27675e-08 -1.31870e-05
 8.03086e-02 4.97046e+03 7.01778e-08 -1.64203e-05
 1.00000e-01 5.03118e+03 7.83663e-08 -2.04466e-05
 1.24520e-01 5.09959e+03 8.74050e-08 -2.54600e-05
 1.55052e-01 5.17678e+03 9.73694e-08 -3.17027e-05
 1.93070e-01 5.26423e+03 1.08316e-07 -3.94761e-05
 2.40410e-01 5.36364e+03 1.20301e-07 -4.91557e-05
 2.99358e-01 5.47601e+03 1.33405e-07 -6.12083e-05
 3.72759e-01 5.60244e+03 1.47630e-07 -7.62164e-05
 4.64159e-01 5.74504e+03 1.62824e-07 -9.49046e-05
 5.77969e-01 5.90005e+03 1.78799e-07 -1.18175e-04
 7.19686e-01 6.07636e+03 1.94675e-07 -1.47151e-04
 8.96151e-01 6.31132e+03 2.07911e-07 -1.83232e-04
 1.11588e+00 6.55196e+03 2.19145e-07 -2.27736e-04
 1.38950e+00 6.85667e+03 2.25531e-07 -1.65129e-04
 1.73020e+00 7.22279e+03 2.26370e-07 +1.29231e-03
 2.15443e+00 7.44306e+03 2.30226e-07 +2.72826e-03
 2.68270e+00 7.65666e+03 2.33591e-07 +9.26201e-03
 3.34048e+00 7.86718e+03 2.36483e-07 +1.99073e-02
 4.15956e+00 8.06767e+03 2.39276e-07 +3.09600e-02
 5.17947e+00 8.25559e+03 2.42215e-07 +4.04045e-02
 6.44947e+00 8.43195e+03 2.45417e-07 +4.80175e-02
 8.03086e+00 8.59899e+03 2.48930e-07 +5.39458e-02
 1.00000e+01 8.75898e+03 2.52774e-07 +5.86805e-02
 1.24520e+01 8.91278e+03 2.57000e-07 +6.25795e-02
 1.55052e+01 9.06067e+03 2.61679e-07 +6.57746e-02
 1.93070e+01 9.20329e+03 2.66873e-07 +6.83511e-02
 2.40410e+01 9.34147e+03 2.72637e-07 +7.04200e-02
 2.99358e+01 9.47608e+03 2.79023e-07 +7.20776e-02
 3.72759e+01 9.60795e+03 2.86082e-07 +7.34145e-02
 4.64159e+01 9.73767e+03 2.93875e-07 +7.44995e-02
 5.77969e+01 9.86577e+03 3.02465e-07 +7.53824e-02
 7.19686e+01 9.99273e+03 3.11920e-07 +7.61026e-02
 8.96151e+01 1.01190e+04 3.22311e-07 +7.66914e-02
 1.11588e+02 1.02450e+04 3.33717e-07 +7.71757e-02
 1.38950e+02 1.03710e+04 3.46217e-07 +7.75744e-02
 1.73020e+02 1.04973e+04 3.59901e-07 +7.79026e-02
 2.15443e+02 1.06244e+04 3.74874e-07 +7.81741e-02
 2.68270e+02 1.07525e+04 3.91232e-07 +7.83992e-02
 3.34048e+02 1.08819e+04 4.09078e-07 +7.85870e-02
 4.15956e+02 1.10127e+04 4.28526e-07 +7.87447e-02
 5.17947e+02 1.11449e+04 4.49710e-07 +7.88778e-02
 6.44947e+02 1.12784e+04 4.72782e-07 +7.89906e-02
 8.03086e+02 1.14131e+04 4.97922e-07 +7.90851e-02
 1.00000e+03 1.15492e+04 5.25376e-07 +7.91640e-02
