#n1=128 n2=4 Teff=05200 R=5.6955e+12 L=1.6871e+37 logg=+1.00
#      tau          T          rho         Fconv
  0.00000e+00  2.60228e+03  5.88462e-21 +0.00000e+00
  1.00000e-09  2.60228e+03  1.74478e-16 +0.00000e+00
  1.24520e-09  2.61420e+03  2.16893e-16 +0.00000e+00
  1.55052e-09  2.62642e+03  2.69540e-16 +0.00000e+00
  1.93070e-09  2.63897e+03  3.34889e-16 +0.00000e+00
  2.40410e-09  2.65193e+03  4.15963e-16 +0.00000e+00
  2.99358e-09  2.66537e+03  5.16540e-16 +0.00000e+00
  3.72759e-09  2.67932e+03  6.41253e-16 +0.00000e+00
  4.64159e-09  2.69387e+03  7.95861e-16 +0.00000e+00
  5.77969e-09  2.70899e+03  9.87449e-16 +0.00000e+00
  7.19686e-09  2.72485e+03  1.22478e-15 +0.00000e+00
  8.96151e-09  2.74133e+03  1.51869e-15 +0.00000e+00
  1.11588e-08  2.75859e+03  1.88252e-15 +0.00000e+00
  1.38950e-08  2.77649e+03  2.33280e-15 +0.00000e+00
  1.73020e-08  2.79517e+03  2.88987e-15 +0.00000e+00
  2.15443e-08  2.81441e+03  3.57904e-15 +0.00000e+00
  2.68270e-08  2.83446e+03  4.43116e-15 +0.00000e+00
  3.34048e-08  2.85501e+03  5.48496e-15 +0.00000e+00
  4.15956e-08  2.87644e+03  6.78714e-15 +0.00000e+00
  5.17947e-08  2.89838e+03  8.39680e-15 +0.00000e+00
  6.44947e-08  2.92136e+03  1.03843e-14 +0.00000e+00
  8.03086e-08  2.94494e+03  1.28395e-14 +0.00000e+00
  1.00000e-07  2.96969e+03  1.58686e-14 +0.00000e+00
  1.24520e-07  2.99520e+03  1.96076e-14 +0.00000e+00
  1.55052e-07  3.02188e+03  2.42177e-14 +0.00000e+00
  1.93070e-07  3.04936e+03  2.99047e-14 +0.00000e+00
  2.40410e-07  3.07784e+03  3.69152e-14 +0.00000e+00
  2.99358e-07  3.10693e+03  4.55620e-14 +0.00000e+00
  3.72759e-07  3.13662e+03  5.62244e-14 +0.00000e+00
  4.64159e-07  3.16659e+03  6.93802e-14 +0.00000e+00
  5.77969e-07  3.19668e+03  8.56132e-14 +0.00000e+00
  7.19686e-07  3.22671e+03  1.05653e-13 +0.00000e+00
  8.96151e-07  3.25648e+03  1.30396e-13 +0.00000e+00
  1.11588e-06  3.28593e+03  1.60956e-13 +0.00000e+00
  1.38950e-06  3.31495e+03  1.98701e-13 +0.00000e+00
  1.73020e-06  3.34358e+03  2.45322e-13 +0.00000e+00
  2.15443e-06  3.37171e+03  3.02903e-13 +0.00000e+00
  2.68270e-06  3.39942e+03  3.74013e-13 +0.00000e+00
  3.34048e-06  3.42660e+03  4.61810e-13 +0.00000e+00
  4.15956e-06  3.45332e+03  5.70178e-13 +0.00000e+00
  5.17947e-06  3.47950e+03  7.03879e-13 +0.00000e+00
  6.44947e-06  3.50525e+03  8.68733e-13 +0.00000e+00
  8.03086e-06  3.53054e+03  1.07185e-12 +0.00000e+00
  1.00000e-05  3.55544e+03  1.32186e-12 +0.00000e+00
  1.24520e-05  3.57999e+03  1.62925e-12 +0.00000e+00
  1.55052e-05  3.60425e+03  2.00663e-12 +0.00000e+00
  1.93070e-05  3.62825e+03  2.46925e-12 +0.00000e+00
  2.40410e-05  3.65202e+03  3.03521e-12 +0.00000e+00
  2.99358e-05  3.67558e+03  3.72621e-12 +0.00000e+00
  3.72759e-05  3.69895e+03  4.56769e-12 +0.00000e+00
  4.64159e-05  3.72209e+03  5.58986e-12 +0.00000e+00
  5.77969e-05  3.74500e+03  6.82745e-12 +0.00000e+00
  7.19686e-05  3.76764e+03  8.32132e-12 +0.00000e+00
  8.96151e-05  3.79000e+03  1.01176e-11 +0.00000e+00
  1.11588e-04  3.81205e+03  1.22696e-11 +0.00000e+00
  1.38950e-04  3.83378e+03  1.48371e-11 +0.00000e+00
  1.73020e-04  3.85519e+03  1.78868e-11 +0.00000e+00
  2.15443e-04  3.87628e+03  2.14948e-11 +0.00000e+00
  2.68270e-04  3.89705e+03  2.57429e-11 +0.00000e+00
  3.34048e-04  3.91754e+03  3.07252e-11 +0.00000e+00
  4.15956e-04  3.93775e+03  3.65430e-11 +0.00000e+00
  5.17947e-04  3.95773e+03  4.33077e-11 +0.00000e+00
  6.44947e-04  3.97754e+03  5.11478e-11 +0.00000e+00
  8.03086e-04  3.99720e+03  6.01975e-11 +0.00000e+00
  1.00000e-03  4.01681e+03  7.06087e-11 +0.00000e+00
  1.24520e-03  4.03638e+03  8.25588e-11 -2.54996e-07
  1.55052e-03  4.05604e+03  9.62291e-11 -3.17520e-07
  1.93070e-03  4.07584e+03  1.11841e-10 -3.95375e-07
  2.40410e-03  4.09586e+03  1.29635e-10 -4.92320e-07
  2.99358e-03  4.11623e+03  1.49862e-10 -6.13036e-07
  3.72759e-03  4.13701e+03  1.72839e-10 -7.63350e-07
  4.64159e-03  4.15841e+03  1.98900e-10 -9.50521e-07
  5.77969e-03  4.18049e+03  2.28405e-10 -1.18359e-06
  7.19686e-03  4.20350e+03  2.61784e-10 -1.47380e-06
  8.96151e-03  4.22756e+03  2.99531e-10 -1.83517e-06
  1.11588e-02  4.25287e+03  3.42151e-10 -2.28515e-06
  1.38950e-02  4.27962e+03  3.90239e-10 -2.84546e-06
  1.73020e-02  4.30797e+03  4.44516e-10 -3.54316e-06
  2.15443e-02  4.33824e+03  5.05696e-10 -4.41193e-06
  2.68270e-02  4.37066e+03  5.74596e-10 -5.49371e-06
  3.34048e-02  4.40564e+03  6.52209e-10 -6.84075e-06
  4.15956e-02  4.44354e+03  7.39558e-10 -8.51810e-06
  5.17947e-02  4.48491e+03  8.37739e-10 -1.06067e-05
  6.44947e-02  4.53041e+03  9.47996e-10 -1.32074e-05
  8.03086e-02  4.58077e+03  1.07163e-09 -1.64459e-05
  1.00000e-01  4.63700e+03  1.20984e-09 -2.04783e-05
  1.24520e-01  4.70020e+03  1.36378e-09 -2.54996e-05
  1.55052e-01  4.77129e+03  1.53406e-09 -3.17520e-05
  1.93070e-01  4.85150e+03  1.72030e-09 -3.95375e-05
  2.40410e-01  4.94266e+03  1.92041e-09 -4.92320e-05
  2.99358e-01  5.04536e+03  2.12966e-09 -6.13036e-05
  3.72759e-01  5.16094e+03  2.33959e-09 -7.63350e-05
  4.64159e-01  5.29095e+03  2.53968e-09 -9.50521e-05
  5.77969e-01  5.44506e+03  2.71243e-09 -1.18359e-04
  7.19686e-01  5.61346e+03  2.85204e-09 -1.47380e-04
  8.96151e-01  5.77830e+03  2.96866e-09 -1.83517e-04
  1.11588e+00  6.02122e+03  3.00974e-09 -2.28514e-04
  1.38950e+00  6.25805e+03  3.02105e-09 -2.84541e-04
  1.73020e+00  6.54123e+03  2.98172e-09 -3.54191e-04
  2.15443e+00  6.87241e+03  2.89453e-09 -4.36240e-04
  2.68270e+00  7.23237e+03  2.77444e-09 -3.19255e-04
  3.34048e+00  7.81878e+03  2.52012e-09 +1.99628e-02
  4.15956e+00  7.96880e+03  2.46369e-09 +3.31672e-02
  5.17947e+00  8.10516e+03  2.41190e-09 +4.40249e-02
  6.44947e+00  8.22959e+03  2.36454e-09 +5.21116e-02
  8.03086e+00  8.34514e+03  2.32063e-09 +5.80388e-02
  1.00000e+01  8.45449e+03  2.27923e-09 +6.24310e-02
  1.24520e+01  8.55970e+03  2.23959e-09 +6.57511e-02
  1.55052e+01  8.66235e+03  2.20115e-09 +6.83036e-02
  1.93070e+01  8.76368e+03  2.16347e-09 +7.02969e-02
  2.40410e+01  8.86466e+03  2.12622e-09 +7.18798e-02
  2.99358e+01  8.96614e+03  2.08917e-09 +7.31459e-02
  3.72759e+01  9.06881e+03  2.05211e-09 +7.41715e-02
  4.64159e+01  9.17340e+03  2.01488e-09 +7.50061e-02
  5.77969e+01  9.28056e+03  1.97737e-09 +7.56899e-02
  7.19686e+01  9.39102e+03  1.93949e-09 +7.62507e-02
  8.96151e+01  9.50557e+03  1.90110e-09 +7.67139e-02
  1.11588e+02  9.62515e+03  1.86227e-09 +7.70910e-02
  1.38950e+02  9.75097e+03  1.82295e-09 +7.73948e-02
  1.73020e+02  9.88513e+03  1.78305e-09 +7.76308e-02
  2.15443e+02  1.00300e+04  1.74212e-09 +7.78137e-02
  2.68270e+02  1.01888e+04  1.69990e-09 +7.79454e-02
  3.34048e+02  1.03663e+04  1.65623e-09 +7.80201e-02
  4.15956e+02  1.05704e+04  1.61032e-09 +7.80261e-02
  5.17947e+02  1.08155e+04  1.56112e-09 +7.79244e-02
  6.44947e+02  1.11305e+04  1.50632e-09 +7.76040e-02
  8.03086e+02  1.15918e+04  1.43971e-09 +7.66349e-02
  1.00000e+03  1.25217e+04  1.33699e-09 +7.15886e-02
