#n1=128 n2=4 Teff=05200 R=2.0178e+11 L=2.1210e+34 logg=+3.50
#   tau          T          rho         Fconv
 0.00000e+00 2.64558e+03 5.65246e-21 +0.00000e+00
 1.00000e-09 2.64558e+03 7.54756e-14 +0.00000e+00
 1.24520e-09 2.64697e+03 9.39595e-14 +0.00000e+00
 1.55052e-09 2.64887e+03 1.16947e-13 +0.00000e+00
 1.93070e-09 2.65143e+03 1.45522e-13 +0.00000e+00
 2.40410e-09 2.65478e+03 1.81023e-13 +0.00000e+00
 2.99358e-09 2.65902e+03 2.25108e-13 +0.00000e+00
 3.72759e-09 2.66430e+03 2.79817e-13 +0.00000e+00
 4.64159e-09 2.67069e+03 3.47671e-13 +0.00000e+00
 5.77969e-09 2.67831e+03 4.31774e-13 +0.00000e+00
 7.19686e-09 2.68720e+03 5.35958e-13 +0.00000e+00
 8.96151e-09 2.69742e+03 6.64941e-13 +0.00000e+00
 1.11588e-08 2.70892e+03 8.24554e-13 +0.00000e+00
 1.38950e-08 2.72168e+03 1.02198e-12 +0.00000e+00
 1.73020e-08 2.73560e+03 1.26612e-12 +0.00000e+00
 2.15443e-08 2.75054e+03 1.56793e-12 +0.00000e+00
 2.68270e-08 2.76631e+03 1.94105e-12 +0.00000e+00
 3.34048e-08 2.78271e+03 2.40233e-12 +0.00000e+00
 4.15956e-08 2.79944e+03 2.97271e-12 +0.00000e+00
 5.17947e-08 2.81623e+03 3.67824e-12 +0.00000e+00
 6.44947e-08 2.83272e+03 4.55135e-12 +0.00000e+00
 8.03086e-08 2.84857e+03 5.63246e-12 +0.00000e+00
 1.00000e-07 2.86343e+03 6.97201e-12 +0.00000e+00
 1.24520e-07 2.87702e+03 8.63268e-12 +0.00000e+00
 1.55052e-07 2.88928e+03 1.06920e-11 +0.00000e+00
 1.93070e-07 2.90048e+03 1.32447e-11 +0.00000e+00
 2.40410e-07 2.91122e+03 1.64052e-11 +0.00000e+00
 2.99358e-07 2.92228e+03 2.03113e-11 +0.00000e+00
 3.72759e-07 2.93419e+03 2.51310e-11 +0.00000e+00
 4.64159e-07 2.94708e+03 3.10701e-11 +0.00000e+00
 5.77969e-07 2.96085e+03 3.83810e-11 +0.00000e+00
 7.19686e-07 2.97533e+03 4.73716e-11 +0.00000e+00
 8.96151e-07 2.99033e+03 5.84143e-11 +0.00000e+00
 1.11588e-06 3.00569e+03 7.19613e-11 +0.00000e+00
 1.38950e-06 3.02129e+03 8.85533e-11 +0.00000e+00
 1.73020e-06 3.03703e+03 1.08842e-10 +0.00000e+00
 2.15443e-06 3.05288e+03 1.33594e-10 +0.00000e+00
 2.68270e-06 3.06883e+03 1.63725e-10 +0.00000e+00
 3.34048e-06 3.08497e+03 2.00293e-10 +0.00000e+00
 4.15956e-06 3.10137e+03 2.44539e-10 +0.00000e+00
 5.17947e-06 3.11817e+03 2.97877e-10 +0.00000e+00
 6.44947e-06 3.13551e+03 3.61918e-10 +0.00000e+00
 8.03086e-06 3.15353e+03 4.38484e-10 +0.00000e+00
 1.00000e-05 3.17247e+03 5.29553e-10 +0.00000e+00
 1.24520e-05 3.19246e+03 6.37365e-10 +0.00000e+00
 1.55052e-05 3.21372e+03 7.64229e-10 +0.00000e+00
 1.93070e-05 3.23643e+03 9.12717e-10 +0.00000e+00
 2.40410e-05 3.26065e+03 1.08551e-09 +0.00000e+00
 2.99358e-05 3.28647e+03 1.28535e-09 +0.00000e+00
 3.72759e-05 3.31377e+03 1.51543e-09 +0.00000e+00
 4.64159e-05 3.34241e+03 1.77889e-09 +0.00000e+00
 5.77969e-05 3.37235e+03 2.07927e-09 +0.00000e+00
 7.19686e-05 3.40354e+03 2.42048e-09 +0.00000e+00
 8.96151e-05 3.43625e+03 2.80606e-09 +0.00000e+00
 1.11588e-04 3.47101e+03 3.24006e-09 +0.00000e+00
 1.38950e-04 3.50843e+03 3.72628e-09 +0.00000e+00
 1.73020e-04 3.54913e+03 4.26811e-09 +0.00000e+00
 2.15443e-04 3.59343e+03 4.87027e-09 +0.00000e+00
 2.68270e-04 3.64088e+03 5.53910e-09 +0.00000e+00
 3.34048e-04 3.69011e+03 6.28326e-09 +0.00000e+00
 4.15956e-04 3.73913e+03 7.11559e-09 +0.00000e+00
 5.17947e-04 3.78615e+03 8.05219e-09 +0.00000e+00
 6.44947e-04 3.83045e+03 9.10829e-09 +0.00000e+00
 8.03086e-04 3.87213e+03 1.02994e-08 +0.00000e+00
 1.00000e-03 3.91151e+03 1.16437e-08 +0.00000e+00
 1.24520e-03 3.94858e+03 1.31605e-08 -2.54581e-07
 1.55052e-03 3.98329e+03 1.48710e-08 -3.17003e-07
 1.93070e-03 4.01577e+03 1.67997e-08 -3.94731e-07
 2.40410e-03 4.04601e+03 1.89754e-08 -4.91518e-07
 2.99358e-03 4.07432e+03 2.14259e-08 -6.12038e-07
 3.72759e-03 4.10105e+03 2.41828e-08 -7.62107e-07
 4.64159e-03 4.12656e+03 2.72841e-08 -9.48973e-07
 5.77969e-03 4.15119e+03 3.07689e-08 -1.18166e-06
 7.19686e-03 4.17525e+03 3.46799e-08 -1.47140e-06
 8.96151e-03 4.19904e+03 3.90658e-08 -1.83218e-06
 1.11588e-02 4.22287e+03 4.39827e-08 -2.28142e-06
 1.38950e-02 4.24713e+03 4.94860e-08 -2.84083e-06
 1.73020e-02 4.27222e+03 5.56354e-08 -3.53739e-06
 2.15443e-02 4.29858e+03 6.24978e-08 -4.40475e-06
 2.68270e-02 4.32668e+03 7.01406e-08 -5.48477e-06
 3.34048e-02 4.35705e+03 7.86282e-08 -6.82961e-06
 4.15956e-02 4.39022e+03 8.80247e-08 -8.50423e-06
 5.17947e-02 4.42676e+03 9.83870e-08 -1.05894e-05
 6.44947e-02 4.46725e+03 1.09755e-07 -1.31859e-05
 8.03086e-02 4.51233e+03 1.22143e-07 -1.64191e-05
 1.00000e-01 4.56251e+03 1.35536e-07 -2.04450e-05
 1.24520e-01 4.61852e+03 1.49841e-07 -2.54581e-05
 1.55052e-01 4.68116e+03 1.64886e-07 -3.17003e-05
 1.93070e-01 4.75139e+03 1.80395e-07 -3.94731e-05
 2.40410e-01 4.83052e+03 1.95961e-07 -4.91518e-05
 2.99358e-01 4.92033e+03 2.11014e-07 -6.12038e-05
 3.72759e-01 5.02303e+03 2.24867e-07 -7.62107e-05
 4.64159e-01 5.13955e+03 2.36933e-07 -9.48973e-05
 5.77969e-01 5.27766e+03 2.46311e-07 -1.14418e-04
 7.19686e-01 5.44679e+03 2.51979e-07 +9.82866e-05
 8.96151e-01 5.61468e+03 2.55668e-07 +1.38357e-03
 1.11588e+00 5.77650e+03 2.58204e-07 +5.12594e-03
 1.38950e+00 5.93454e+03 2.59918e-07 +1.14874e-02
 1.73020e+00 6.08671e+03 2.61220e-07 +1.92594e-02
 2.15443e+00 6.23396e+03 2.62304e-07 +2.83075e-02
 2.68270e+00 6.37855e+03 2.63233e-07 +3.89588e-02
 3.34048e+00 6.52201e+03 2.64044e-07 +4.81942e-02
 4.15956e+00 6.66157e+03 2.64939e-07 +5.34811e-02
 5.17947e+00 6.79768e+03 2.65982e-07 +5.77764e-02
 6.44947e+00 6.93141e+03 2.67195e-07 +6.12841e-02
 8.03086e+00 7.06352e+03 2.68597e-07 +6.41829e-02
 1.00000e+01 7.19458e+03 2.70206e-07 +6.65933e-02
 1.24520e+01 7.32505e+03 2.72040e-07 +6.86073e-02
 1.55052e+01 7.45521e+03 2.74120e-07 +7.03057e-02
 1.93070e+01 7.58516e+03 2.76469e-07 +7.17463e-02
 2.40410e+01 7.71494e+03 2.79116e-07 +7.29679e-02
 2.99358e+01 7.84460e+03 2.82086e-07 +7.39994e-02
 3.72759e+01 7.97429e+03 2.85401e-07 +7.48676e-02
 4.64159e+01 8.10417e+03 2.89082e-07 +7.55994e-02
 5.77969e+01 8.23431e+03 2.93151e-07 +7.62189e-02
 7.19686e+01 8.36474e+03 2.97635e-07 +7.67436e-02
 8.96151e+01 8.49548e+03 3.02561e-07 +7.71858e-02
 1.11588e+02 8.62677e+03 3.07945e-07 +7.75565e-02
 1.38950e+02 8.75860e+03 3.13816e-07 +7.78737e-02
 1.73020e+02 8.89053e+03 3.20221e-07 +7.81485e-02
 2.15443e+02 9.02187e+03 3.27232e-07 +7.83863e-02
 2.68270e+02 9.15213e+03 3.34924e-07 +7.85878e-02
 3.34048e+02 9.28112e+03 3.43374e-07 +7.87566e-02
 4.15956e+02 9.40886e+03 3.52657e-07 +7.88965e-02
 5.17947e+02 9.53560e+03 3.62846e-07 +7.90118e-02
 6.44947e+02 9.66152e+03 3.74020e-07 +7.91076e-02
 8.03086e+02 9.78678e+03 3.86272e-07 +7.91867e-02
 1.00000e+03 9.91161e+03 3.99701e-07 +7.92521e-02
