#n1=128 n2=4 Teff=05600 R=2.5027e+13 L=4.3803e+38 logg=+0.00
#   tau          T          rho         Fconv
 0.00000e+00 3.22720e+03 4.58487e-21 +0.00000e+00
 1.00000e-09 3.22720e+03 7.43542e-18 +0.00000e+00
 1.24520e-09 3.23023e+03 9.80408e-18 +0.00000e+00
 1.55052e-09 3.23322e+03 1.28499e-17 +0.00000e+00
 1.93070e-09 3.23630e+03 1.67542e-17 +0.00000e+00
 2.40410e-09 3.23949e+03 2.17448e-17 +0.00000e+00
 2.99358e-09 3.24281e+03 2.81081e-17 +0.00000e+00
 3.72759e-09 3.24631e+03 3.62034e-17 +0.00000e+00
 4.64159e-09 3.25000e+03 4.64812e-17 +0.00000e+00
 5.77969e-09 3.25392e+03 5.95063e-17 +0.00000e+00
 7.19686e-09 3.25810e+03 7.59856e-17 +0.00000e+00
 8.96151e-09 3.26257e+03 9.68035e-17 +0.00000e+00
 1.11588e-08 3.26737e+03 1.23066e-16 +0.00000e+00
 1.38950e-08 3.27255e+03 1.56154e-16 +0.00000e+00
 1.73020e-08 3.27814e+03 1.97792e-16 +0.00000e+00
 2.15443e-08 3.28418e+03 2.50132e-16 +0.00000e+00
 2.68270e-08 3.29070e+03 3.15860e-16 +0.00000e+00
 3.34048e-08 3.29771e+03 3.98326e-16 +0.00000e+00
 4.15956e-08 3.30523e+03 5.01708e-16 +0.00000e+00
 5.17947e-08 3.31324e+03 6.31221e-16 +0.00000e+00
 6.44947e-08 3.32172e+03 7.93372e-16 +0.00000e+00
 8.03086e-08 3.33062e+03 9.96286e-16 +0.00000e+00
 1.00000e-07 3.33990e+03 1.25011e-15 +0.00000e+00
 1.24520e-07 3.34948e+03 1.56754e-15 +0.00000e+00
 1.55052e-07 3.35930e+03 1.96441e-15 +0.00000e+00
 1.93070e-07 3.36931e+03 2.46053e-15 +0.00000e+00
 2.40410e-07 3.37946e+03 3.08064e-15 +0.00000e+00
 2.99358e-07 3.38977e+03 3.85560e-15 +0.00000e+00
 3.72759e-07 3.40028e+03 4.82385e-15 +0.00000e+00
 4.64159e-07 3.41107e+03 6.03323e-15 +0.00000e+00
 5.77969e-07 3.42223e+03 7.54325e-15 +0.00000e+00
 7.19686e-07 3.43384e+03 9.42793e-15 +0.00000e+00
 8.96151e-07 3.44597e+03 1.17793e-14 +0.00000e+00
 1.11588e-06 3.45861e+03 1.47121e-14 +0.00000e+00
 1.38950e-06 3.47177e+03 1.83691e-14 +0.00000e+00
 1.73020e-06 3.48539e+03 2.29280e-14 +0.00000e+00
 2.15443e-06 3.49941e+03 2.86108e-14 +0.00000e+00
 2.68270e-06 3.51375e+03 3.56941e-14 +0.00000e+00
 3.34048e-06 3.52832e+03 4.45228e-14 +0.00000e+00
 4.15956e-06 3.54302e+03 5.55280e-14 +0.00000e+00
 5.17947e-06 3.55773e+03 6.92482e-14 +0.00000e+00
 6.44947e-06 3.57239e+03 8.63555e-14 +0.00000e+00
 8.03086e-06 3.58695e+03 1.07688e-13 +0.00000e+00
 1.00000e-05 3.60149e+03 1.34290e-13 +0.00000e+00
 1.24520e-05 3.61615e+03 1.67455e-13 +0.00000e+00
 1.55052e-05 3.63120e+03 2.08785e-13 +0.00000e+00
 1.93070e-05 3.64698e+03 2.60253e-13 +0.00000e+00
 2.40410e-05 3.66391e+03 3.24285e-13 +0.00000e+00
 2.99358e-05 3.68243e+03 4.03853e-13 +0.00000e+00
 3.72759e-05 3.70302e+03 5.02581e-13 +0.00000e+00
 4.64159e-05 3.72623e+03 6.24866e-13 +0.00000e+00
 5.77969e-05 3.75264e+03 7.76006e-13 +0.00000e+00
 7.19686e-05 3.78271e+03 9.62373e-13 +0.00000e+00
 8.96151e-05 3.81644e+03 1.19172e-12 +0.00000e+00
 1.11588e-04 3.85297e+03 1.47371e-12 +0.00000e+00
 1.38950e-04 3.89096e+03 1.82044e-12 +0.00000e+00
 1.73020e-04 3.92950e+03 2.24673e-12 +0.00000e+00
 2.15443e-04 3.96839e+03 2.77038e-12 +0.00000e+00
 2.68270e-04 4.00779e+03 3.41265e-12 +0.00000e+00
 3.34048e-04 4.04783e+03 4.19896e-12 +0.00000e+00
 4.15956e-04 4.08842e+03 5.15974e-12 +0.00000e+00
 5.17947e-04 4.12911e+03 6.33172e-12 +0.00000e+00
 6.44947e-04 4.16913e+03 7.75954e-12 +0.00000e+00
 8.03086e-04 4.20766e+03 9.49758e-12 +0.00000e+00
 1.00000e-03 4.24386e+03 1.16126e-11 +0.00000e+00
 1.24520e-03 4.27715e+03 1.41860e-11 -2.55072e-07
 1.55052e-03 4.30733e+03 1.73169e-11 -3.17615e-07
 1.93070e-03 4.33459e+03 2.11234e-11 -3.95492e-07
 2.40410e-03 4.35939e+03 2.57454e-11 -4.92467e-07
 2.99358e-03 4.38231e+03 3.13453e-11 -6.13217e-07
 3.72759e-03 4.40393e+03 3.81103e-11 -7.63576e-07
 4.64159e-03 4.42471e+03 4.62529e-11 -9.50804e-07
 5.77969e-03 4.44505e+03 5.60116e-11 -1.18394e-06
 7.19686e-03 4.46527e+03 6.76502e-11 -1.47424e-06
 8.96151e-03 4.48569e+03 8.14543e-11 -1.83571e-06
 1.11588e-02 4.50673e+03 9.77232e-11 -2.28582e-06
 1.38950e-02 4.52876e+03 1.16761e-10 -2.84631e-06
 1.73020e-02 4.55230e+03 1.38856e-10 -3.54421e-06
 2.15443e-02 4.57782e+03 1.64266e-10 -4.41324e-06
 2.68270e-02 4.60580e+03 1.93187e-10 -5.49535e-06
 3.34048e-02 4.63669e+03 2.25732e-10 -6.84279e-06
 4.15956e-02 4.67091e+03 2.61907e-10 -8.52063e-06
 5.17947e-02 4.70902e+03 3.01565e-10 -1.06099e-05
 6.44947e-02 4.75157e+03 3.44394e-10 -1.32114e-05
 8.03086e-02 4.79921e+03 3.89881e-10 -1.64508e-05
 1.00000e-01 4.85250e+03 4.37331e-10 -2.04845e-05
 1.24520e-01 4.91220e+03 4.85850e-10 -2.55072e-05
 1.55052e-01 4.97904e+03 5.34395e-10 -3.17615e-05
 1.93070e-01 5.05400e+03 5.81782e-10 -3.95492e-05
 2.40410e-01 5.13840e+03 6.26708e-10 -4.92467e-05
 2.99358e-01 5.23413e+03 6.67748e-10 -6.13217e-05
 3.72759e-01 5.34347e+03 7.03405e-10 -7.63576e-05
 4.64159e-01 5.46561e+03 7.32971e-10 -9.50804e-05
 5.77969e-01 5.60839e+03 7.54607e-10 -1.18394e-04
 7.19686e-01 5.77952e+03 7.66395e-10 -1.47424e-04
 8.96151e-01 5.97621e+03 7.68706e-10 -1.83571e-04
 1.11588e+00 6.23049e+03 7.56977e-10 -2.28582e-04
 1.38950e+00 6.49349e+03 7.38943e-10 -2.84606e-04
 1.73020e+00 6.82198e+03 7.08031e-10 -3.51723e-04
 2.15443e+00 7.30527e+03 6.51319e-10 +8.65150e-04
 2.68270e+00 7.59113e+03 6.15862e-10 +1.13190e-02
 3.34048e+00 7.78818e+03 5.90450e-10 +2.94250e-02
 4.15956e+00 7.95111e+03 5.68695e-10 +4.40081e-02
 5.17947e+00 8.08942e+03 5.49807e-10 +5.34439e-02
 6.44947e+00 8.21252e+03 5.32742e-10 +5.96350e-02
 8.03086e+00 8.32653e+03 5.16784e-10 +6.38888e-02
 1.00000e+01 8.43540e+03 5.01474e-10 +6.69370e-02
 1.24520e+01 8.54183e+03 4.86502e-10 +6.91945e-02
 1.55052e+01 8.64788e+03 4.71654e-10 +7.09069e-02
 1.93070e+01 8.75529e+03 4.56771e-10 +7.22269e-02
 2.40410e+01 8.86569e+03 4.41729e-10 +7.32522e-02
 2.99358e+01 8.98085e+03 4.26427e-10 +7.40470e-02
 3.72759e+01 9.10287e+03 4.10770e-10 +7.46519e-02
 4.64159e+01 9.23453e+03 3.94661e-10 +7.50885e-02
 5.77969e+01 9.37987e+03 3.77985e-10 +7.53591e-02
 7.19686e+01 9.54538e+03 3.60576e-10 +7.54360e-02
 8.96151e+01 9.74275e+03 3.42150e-10 +7.52251e-02
 1.11588e+02 9.99684e+03 3.22123e-10 +7.44240e-02
 1.38950e+02 1.03780e+04 2.98896e-10 +7.16818e-02
 1.73020e+02 1.12848e+04 2.64315e-10 +4.96782e-02
 2.15443e+02 2.08583e+04 1.42777e-10 -6.14534e-04
 2.68270e+02 2.44055e+04 1.37646e-10 -6.14534e-04
 3.34048e+02 2.20783e+04 1.71970e-10 -6.14534e-04
 4.15956e+02 2.82882e+04 1.57603e-10 -6.14534e-04
 5.17947e+02 3.07440e+04 1.78354e-10 -6.14534e-04
 6.44947e+02 1.41927e+04 4.33286e-10 +4.72565e-02
 8.03086e+02 3.74711e+04 1.75996e-10 -6.14534e-04
 1.00000e+03 3.59137e+04 2.57957e-10 -6.14534e-04
