#n1=128 n2=4 Teff=05500 R=1.0991e+11 L=7.8743e+33 logg=+4.00
#      tau          T          rho         Fconv
  0.00000e+00  2.95144e+03  5.18292e-21 +0.00000e+00
  1.00000e-09  2.95144e+03  1.83511e-13 +0.00000e+00
  1.24520e-09  2.96259e+03  2.28473e-13 +0.00000e+00
  1.55052e-09  2.97576e+03  2.84051e-13 +0.00000e+00
  1.93070e-09  2.99033e+03  3.52694e-13 +0.00000e+00
  2.40410e-09  3.00580e+03  4.37454e-13 +0.00000e+00
  2.99358e-09  3.02176e+03  5.42042e-13 +0.00000e+00
  3.72759e-09  3.03791e+03  6.71072e-13 +0.00000e+00
  4.64159e-09  3.05411e+03  8.30107e-13 +0.00000e+00
  5.77969e-09  3.07030e+03  1.02599e-12 +0.00000e+00
  7.19686e-09  3.08660e+03  1.26688e-12 +0.00000e+00
  8.96151e-09  3.10309e+03  1.56270e-12 +0.00000e+00
  1.11588e-08  3.11993e+03  1.92525e-12 +0.00000e+00
  1.38950e-08  3.13720e+03  2.36858e-12 +0.00000e+00
  1.73020e-08  3.15501e+03  2.90943e-12 +0.00000e+00
  2.15443e-08  3.17341e+03  3.56726e-12 +0.00000e+00
  2.68270e-08  3.19249e+03  4.36520e-12 +0.00000e+00
  3.34048e-08  3.21231e+03  5.32935e-12 +0.00000e+00
  4.15956e-08  3.23290e+03  6.49069e-12 +0.00000e+00
  5.17947e-08  3.25430e+03  7.88323e-12 +0.00000e+00
  6.44947e-08  3.27643e+03  9.54728e-12 +0.00000e+00
  8.03086e-08  3.29926e+03  1.15267e-11 +0.00000e+00
  1.00000e-07  3.32265e+03  1.38716e-11 +0.00000e+00
  1.24520e-07  3.34651e+03  1.66389e-11 +0.00000e+00
  1.55052e-07  3.37071e+03  1.98890e-11 +0.00000e+00
  1.93070e-07  3.39509e+03  2.36948e-11 +0.00000e+00
  2.40410e-07  3.41956e+03  2.81309e-11 +0.00000e+00
  2.99358e-07  3.44397e+03  3.32853e-11 +0.00000e+00
  3.72759e-07  3.46822e+03  3.92570e-11 +0.00000e+00
  4.64159e-07  3.49225e+03  4.61471e-11 +0.00000e+00
  5.77969e-07  3.51596e+03  5.40842e-11 +0.00000e+00
  7.19686e-07  3.53935e+03  6.31999e-11 +0.00000e+00
  8.96151e-07  3.56240e+03  7.36364e-11 +0.00000e+00
  1.11588e-06  3.58511e+03  8.55767e-11 +0.00000e+00
  1.38950e-06  3.60751e+03  9.92001e-11 +0.00000e+00
  1.73020e-06  3.62965e+03  1.14706e-10 +0.00000e+00
  2.15443e-06  3.65157e+03  1.32352e-10 +0.00000e+00
  2.68270e-06  3.67334e+03  1.52389e-10 +0.00000e+00
  3.34048e-06  3.69500e+03  1.75093e-10 +0.00000e+00
  4.15956e-06  3.71658e+03  2.00829e-10 +0.00000e+00
  5.17947e-06  3.73813e+03  2.29958e-10 +0.00000e+00
  6.44947e-06  3.75967e+03  2.62861e-10 +0.00000e+00
  8.03086e-06  3.78124e+03  3.00047e-10 +0.00000e+00
  1.00000e-05  3.80285e+03  3.42051e-10 +0.00000e+00
  1.24520e-05  3.82451e+03  3.89416e-10 +0.00000e+00
  1.55052e-05  3.84622e+03  4.42809e-10 +0.00000e+00
  1.93070e-05  3.86800e+03  5.03055e-10 +0.00000e+00
  2.40410e-05  3.88986e+03  5.70934e-10 +0.00000e+00
  2.99358e-05  3.91182e+03  6.47320e-10 +0.00000e+00
  3.72759e-05  3.93389e+03  7.33405e-10 +0.00000e+00
  4.64159e-05  3.95605e+03  8.30370e-10 +0.00000e+00
  5.77969e-05  3.97831e+03  9.39446e-10 +0.00000e+00
  7.19686e-05  4.00061e+03  1.06216e-09 +0.00000e+00
  8.96151e-05  4.02291e+03  1.20039e-09 +0.00000e+00
  1.11588e-04  4.04521e+03  1.35596e-09 +0.00000e+00
  1.38950e-04  4.06748e+03  1.53086e-09 +0.00000e+00
  1.73020e-04  4.08969e+03  1.72780e-09 +0.00000e+00
  2.15443e-04  4.11184e+03  1.94959e-09 +0.00000e+00
  2.68270e-04  4.13390e+03  2.19909e-09 +0.00000e+00
  3.34048e-04  4.15579e+03  2.47968e-09 +0.00000e+00
  4.15956e-04  4.17750e+03  2.79582e-09 +0.00000e+00
  5.17947e-04  4.19903e+03  3.15180e-09 +0.00000e+00
  6.44947e-04  4.22038e+03  3.55222e-09 +0.00000e+00
  8.03086e-04  4.24155e+03  4.00278e-09 +0.00000e+00
  1.00000e-03  4.26263e+03  4.51041e-09 +0.00000e+00
  1.24520e-03  4.28359e+03  5.08175e-09 -2.54630e-07
  1.55052e-03  4.30459e+03  5.72400e-09 -3.17065e-07
  1.93070e-03  4.32566e+03  6.44687e-09 -3.94807e-07
  2.40410e-03  4.34684e+03  7.26068e-09 -4.91614e-07
  2.99358e-03  4.36828e+03  8.17560e-09 -6.12154e-07
  3.72759e-03  4.39008e+03  9.20326e-09 -7.62254e-07
  4.64159e-03  4.41241e+03  1.03591e-08 -9.49157e-07
  5.77969e-03  4.43531e+03  1.16583e-08 -1.18189e-06
  7.19686e-03  4.45909e+03  1.31162e-08 -1.47168e-06
  8.96151e-03  4.48387e+03  1.47511e-08 -1.83253e-06
  1.11588e-02  4.50986e+03  1.65865e-08 -2.28187e-06
  1.38950e-02  4.53728e+03  1.86437e-08 -2.84137e-06
  1.73020e-02  4.56634e+03  2.09459e-08 -3.53808e-06
  2.15443e-02  4.59740e+03  2.35211e-08 -4.40559e-06
  2.68270e-02  4.63073e+03  2.64026e-08 -5.48584e-06
  3.34048e-02  4.66683e+03  2.96191e-08 -6.83095e-06
  4.15956e-02  4.70613e+03  3.32021e-08 -8.50586e-06
  5.17947e-02  4.74914e+03  3.71944e-08 -1.05915e-05
  6.44947e-02  4.79659e+03  4.16362e-08 -1.31885e-05
  8.03086e-02  4.84936e+03  4.65644e-08 -1.64223e-05
  1.00000e-01  4.90826e+03  5.20204e-08 -2.04490e-05
  1.24520e-01  4.97448e+03  5.80589e-08 -2.54630e-05
  1.55052e-01  5.04897e+03  6.47274e-08 -3.17065e-05
  1.93070e-01  5.13304e+03  7.20661e-08 -3.94807e-05
  2.40410e-01  5.22818e+03  8.01119e-08 -4.91614e-05
  2.99358e-01  5.33512e+03  8.88947e-08 -6.12154e-05
  3.72759e-01  5.45460e+03  9.83712e-08 -7.62254e-05
  4.64159e-01  5.58852e+03  1.08373e-07 -9.49157e-05
  5.77969e-01  5.73348e+03  1.18678e-07 -1.18189e-04
  7.19686e-01  5.90077e+03  1.28577e-07 -1.47168e-04
  8.96151e-01  6.12985e+03  1.36244e-07 -1.83253e-04
  1.11588e+00  6.36594e+03  1.42257e-07 -2.26900e-04
  1.38950e+00  6.65746e+03  1.45164e-07 -2.08028e-04
  1.73020e+00  6.95264e+03  1.46307e-07 +5.73437e-04
  2.15443e+00  7.28561e+03  1.45169e-07 +5.27801e-03
  2.68270e+00  7.49623e+03  1.45914e-07 +1.09838e-02
  3.34048e+00  7.69882e+03  1.46553e-07 +2.18510e-02
  4.15956e+00  7.89100e+03  1.47212e-07 +3.28059e-02
  5.17947e+00  8.07055e+03  1.48018e-07 +4.20320e-02
  6.44947e+00  8.23890e+03  1.49010e-07 +4.93773e-02
  8.03086e+00  8.39813e+03  1.50202e-07 +5.51724e-02
  1.00000e+01  8.55027e+03  1.51598e-07 +5.96878e-02
  1.24520e+01  8.69738e+03  1.53191e-07 +6.32624e-02
  1.55052e+01  8.84031e+03  1.54994e-07 +6.62111e-02
  1.93070e+01  8.97905e+03  1.57037e-07 +6.86718e-02
  2.40410e+01  9.11370e+03  1.59352e-07 +7.06798e-02
  2.99358e+01  9.24475e+03  1.61968e-07 +7.23092e-02
  3.72759e+01  9.37276e+03  1.64912e-07 +7.36269e-02
  4.64159e+01  9.49830e+03  1.68212e-07 +7.46914e-02
  5.77969e+01  9.62194e+03  1.71898e-07 +7.55551e-02
  7.19686e+01  9.74413e+03  1.76001e-07 +7.62594e-02
  8.96151e+01  9.86525e+03  1.80557e-07 +7.68346e-02
  1.11588e+02  9.98566e+03  1.85607e-07 +7.73054e-02
  1.38950e+02  1.01057e+04  1.91189e-07 +7.76921e-02
  1.73020e+02  1.02257e+04  1.97353e-07 +7.80106e-02
  2.15443e+02  1.03458e+04  2.04142e-07 +7.82724e-02
  2.68270e+02  1.04665e+04  2.11605e-07 +7.84880e-02
  3.34048e+02  1.05882e+04  2.19799e-07 +7.86655e-02
  4.15956e+02  1.07111e+04  2.28782e-07 +7.88124e-02
  5.17947e+02  1.08357e+04  2.38608e-07 +7.89346e-02
  6.44947e+02  1.09620e+04  2.49336e-07 +7.90374e-02
  8.03086e+02  1.10902e+04  2.61037e-07 +7.91239e-02
  1.00000e+03  1.12202e+04  2.73784e-07 +7.91974e-02
