#n1=128 n2=4 Teff=05600 R=3.5321e+10 L=8.7419e+32 logg=+5.00
#   tau          T          rho         Fconv
 0.00000e+00 4.26107e+03 1.83762e-21 +0.00000e+00
 1.00000e-09 4.26107e+03 7.23336e-13 +0.00000e+00
 1.24520e-09 4.26288e+03 9.65390e-13 +0.00000e+00
 1.55052e-09 4.26464e+03 1.27863e-12 +0.00000e+00
 1.93070e-09 4.26625e+03 1.68196e-12 +0.00000e+00
 2.40410e-09 4.26772e+03 2.19890e-12 +0.00000e+00
 2.99358e-09 4.26910e+03 2.85862e-12 +0.00000e+00
 3.72759e-09 4.27047e+03 3.69717e-12 +0.00000e+00
 4.64159e-09 4.27188e+03 4.75902e-12 +0.00000e+00
 5.77969e-09 4.27338e+03 6.09886e-12 +0.00000e+00
 7.19686e-09 4.27497e+03 7.78388e-12 +0.00000e+00
 8.96151e-09 4.27665e+03 9.89644e-12 +0.00000e+00
 1.11588e-08 4.27844e+03 1.25372e-11 +0.00000e+00
 1.38950e-08 4.28034e+03 1.58289e-11 +0.00000e+00
 1.73020e-08 4.28235e+03 1.99208e-11 +0.00000e+00
 2.15443e-08 4.28449e+03 2.49934e-11 +0.00000e+00
 2.68270e-08 4.28677e+03 3.12650e-11 +0.00000e+00
 3.34048e-08 4.28921e+03 3.89983e-11 +0.00000e+00
 4.15956e-08 4.29183e+03 4.85079e-11 +0.00000e+00
 5.17947e-08 4.29464e+03 6.01701e-11 +0.00000e+00
 6.44947e-08 4.29765e+03 7.44321e-11 +0.00000e+00
 8.03086e-08 4.30086e+03 9.18241e-11 +0.00000e+00
 1.00000e-07 4.30429e+03 1.12972e-10 +0.00000e+00
 1.24520e-07 4.30794e+03 1.38610e-10 +0.00000e+00
 1.55052e-07 4.31181e+03 1.69600e-10 +0.00000e+00
 1.93070e-07 4.31590e+03 2.06946e-10 +0.00000e+00
 2.40410e-07 4.32020e+03 2.51813e-10 +0.00000e+00
 2.99358e-07 4.32471e+03 3.05551e-10 +0.00000e+00
 3.72759e-07 4.32940e+03 3.69717e-10 +0.00000e+00
 4.64159e-07 4.33428e+03 4.46104e-10 +0.00000e+00
 5.77969e-07 4.33933e+03 5.36772e-10 +0.00000e+00
 7.19686e-07 4.34453e+03 6.44076e-10 +0.00000e+00
 8.96151e-07 4.34986e+03 7.70714e-10 +0.00000e+00
 1.11588e-06 4.35532e+03 9.19772e-10 +0.00000e+00
 1.38950e-06 4.36090e+03 1.09476e-09 +0.00000e+00
 1.73020e-06 4.36658e+03 1.29968e-09 +0.00000e+00
 2.15443e-06 4.37237e+03 1.53910e-09 +0.00000e+00
 2.68270e-06 4.37826e+03 1.81820e-09 +0.00000e+00
 3.34048e-06 4.38425e+03 2.14288e-09 +0.00000e+00
 4.15956e-06 4.39035e+03 2.51982e-09 +0.00000e+00
 5.17947e-06 4.39656e+03 2.95662e-09 +0.00000e+00
 6.44947e-06 4.40286e+03 3.46193e-09 +0.00000e+00
 8.03086e-06 4.40928e+03 4.04549e-09 +0.00000e+00
 1.00000e-05 4.41579e+03 4.71844e-09 +0.00000e+00
 1.24520e-05 4.42240e+03 5.49340e-09 +0.00000e+00
 1.55052e-05 4.42912e+03 6.38460e-09 +0.00000e+00
 1.93070e-05 4.43592e+03 7.40833e-09 +0.00000e+00
 2.40410e-05 4.44283e+03 8.58299e-09 +0.00000e+00
 2.99358e-05 4.44983e+03 9.92938e-09 +0.00000e+00
 3.72759e-05 4.45692e+03 1.14712e-08 +0.00000e+00
 4.64159e-05 4.46411e+03 1.32354e-08 +0.00000e+00
 5.77969e-05 4.47139e+03 1.52522e-08 +0.00000e+00
 7.19686e-05 4.47876e+03 1.75563e-08 +0.00000e+00
 8.96151e-05 4.48620e+03 2.01868e-08 +0.00000e+00
 1.11588e-04 4.49370e+03 2.31886e-08 +0.00000e+00
 1.38950e-04 4.50123e+03 2.66126e-08 +0.00000e+00
 1.73020e-04 4.50874e+03 3.05172e-08 +0.00000e+00
 2.15443e-04 4.51621e+03 3.49698e-08 +0.00000e+00
 2.68270e-04 4.52358e+03 4.00477e-08 +0.00000e+00
 3.34048e-04 4.53080e+03 4.58401e-08 +0.00000e+00
 4.15956e-04 4.53782e+03 5.24511e-08 +0.00000e+00
 5.17947e-04 4.54460e+03 6.00002e-08 +0.00000e+00
 6.44947e-04 4.55111e+03 6.86261e-08 +0.00000e+00
 8.03086e-04 4.55734e+03 7.84899e-08 +0.00000e+00
 1.00000e-03 4.56330e+03 8.97767e-08 +0.00000e+00
 1.24520e-03 4.56903e+03 1.02697e-07 -2.54571e-07
 1.55052e-03 4.57461e+03 1.17493e-07 -3.16991e-07
 1.93070e-03 4.58014e+03 1.34436e-07 -3.94716e-07
 2.40410e-03 4.58575e+03 1.53830e-07 -4.91500e-07
 2.99358e-03 4.59158e+03 1.76009e-07 -6.12013e-07
 3.72759e-03 4.59779e+03 2.01344e-07 -7.62077e-07
 4.64159e-03 4.60455e+03 2.30234e-07 -9.48937e-07
 5.77969e-03 4.61203e+03 2.63106e-07 -1.18161e-06
 7.19686e-03 4.62044e+03 3.00408e-07 -1.47134e-06
 8.96151e-03 4.62999e+03 3.42598e-07 -1.83211e-06
 1.11588e-02 4.64092e+03 3.90131e-07 -2.28133e-06
 1.38950e-02 4.65349e+03 4.43440e-07 -2.84072e-06
 1.73020e-02 4.66800e+03 5.02901e-07 -3.53725e-06
 2.15443e-02 4.68475e+03 5.68810e-07 -4.40457e-06
 2.68270e-02 4.70413e+03 6.41343e-07 -5.48456e-06
 3.34048e-02 4.72657e+03 7.20489e-07 -6.82936e-06
 4.15956e-02 4.75256e+03 8.06000e-07 -8.50390e-06
 5.17947e-02 4.78272e+03 8.97324e-07 -1.05890e-05
 6.44947e-02 4.81781e+03 9.93525e-07 -1.31854e-05
 8.03086e-02 4.85876e+03 1.09319e-06 -1.64185e-05
 1.00000e-01 4.90671e+03 1.19440e-06 -2.04443e-05
 1.24520e-01 4.96294e+03 1.29471e-06 -2.54571e-05
 1.55052e-01 5.02905e+03 1.39126e-06 -3.16991e-05
 1.93070e-01 5.10692e+03 1.48082e-06 -3.94716e-05
 2.40410e-01 5.19898e+03 1.55992e-06 -4.91500e-05
 2.99358e-01 5.30859e+03 1.62498e-06 +2.34160e-04
 3.72759e-01 5.44066e+03 1.67161e-06 +4.32179e-03
 4.64159e-01 5.55534e+03 1.71577e-06 +5.09642e-03
 5.77969e-01 5.66411e+03 1.75748e-06 +7.38390e-03
 7.19686e-01 5.77056e+03 1.79726e-06 +1.05680e-02
 8.96151e-01 5.87628e+03 1.83560e-06 +1.46026e-02
 1.11588e+00 5.98227e+03 1.87289e-06 +1.94258e-02
 1.38950e+00 6.08923e+03 1.90928e-06 +2.51951e-02
 1.73020e+00 6.19780e+03 1.94507e-06 +3.23929e-02
 2.15443e+00 6.30862e+03 1.98036e-06 +4.11893e-02
 2.68270e+00 6.42235e+03 2.01515e-06 +5.20049e-02
 3.34048e+00 6.53914e+03 2.04951e-06 +6.00708e-02
 4.15956e+00 6.65705e+03 2.08433e-06 +6.29231e-02
 5.17947e+00 6.77603e+03 2.11999e-06 +6.53232e-02
 6.44947e+00 6.89640e+03 2.15669e-06 +6.73547e-02
 8.03086e+00 7.01841e+03 2.19465e-06 +6.90821e-02
 1.00000e+01 7.14226e+03 2.23407e-06 +7.05545e-02
 1.24520e+01 7.26813e+03 2.27514e-06 +7.18116e-02
 1.55052e+01 7.39615e+03 2.31805e-06 +7.28921e-02
 1.93070e+01 7.52634e+03 2.36305e-06 +7.38256e-02
 2.40410e+01 7.65863e+03 2.41040e-06 +7.46335e-02
 2.99358e+01 7.79294e+03 2.46040e-06 +7.53309e-02
 3.72759e+01 7.92925e+03 2.51332e-06 +7.59313e-02
 4.64159e+01 8.06756e+03 2.56946e-06 +7.64484e-02
 5.77969e+01 8.20781e+03 2.62914e-06 +7.68944e-02
 7.19686e+01 8.34994e+03 2.69269e-06 +7.72782e-02
 8.96151e+01 8.49393e+03 2.76044e-06 +7.76074e-02
 1.11588e+02 8.63985e+03 2.83272e-06 +7.78897e-02
 1.38950e+02 8.78763e+03 2.90989e-06 +7.81334e-02
 1.73020e+02 8.93704e+03 2.99241e-06 +7.83452e-02
 2.15443e+02 9.08765e+03 3.08088e-06 +7.85294e-02
 2.68270e+02 9.23909e+03 3.17596e-06 +7.86881e-02
 3.34048e+02 9.39121e+03 3.27829e-06 +7.88233e-02
 4.15956e+02 9.54404e+03 3.38850e-06 +7.89381e-02
 5.17947e+02 9.69749e+03 3.50732e-06 +7.90364e-02
 6.44947e+02 9.85144e+03 3.63555e-06 +7.91196e-02
 8.03086e+02 1.00060e+04 3.77368e-06 +7.91899e-02
 1.00000e+03 1.01613e+04 3.92304e-06 +7.92489e-02
