#n1=128 n2=4 Teff=05800 R=2.2534e+11 L=4.0948e+34 logg=+3.50
#   tau          T          rho         Fconv
 0.00000e+00 3.37839e+03 4.28688e-21 +0.00000e+00
 1.00000e-09 3.37839e+03 5.77626e-14 +0.00000e+00
 1.24520e-09 3.37890e+03 7.21090e-14 +0.00000e+00
 1.55052e-09 3.37937e+03 8.99937e-14 +0.00000e+00
 1.93070e-09 3.37984e+03 1.12286e-13 +0.00000e+00
 2.40410e-09 3.38028e+03 1.40069e-13 +0.00000e+00
 2.99358e-09 3.38070e+03 1.74691e-13 +0.00000e+00
 3.72759e-09 3.38103e+03 2.17836e-13 +0.00000e+00
 4.64159e-09 3.38130e+03 2.71597e-13 +0.00000e+00
 5.77969e-09 3.38139e+03 3.38592e-13 +0.00000e+00
 7.19686e-09 3.38131e+03 4.22075e-13 +0.00000e+00
 8.96151e-09 3.38088e+03 5.26129e-13 +0.00000e+00
 1.11588e-08 3.38000e+03 6.55840e-13 +0.00000e+00
 1.38950e-08 3.37824e+03 8.17657e-13 +0.00000e+00
 1.73020e-08 3.37559e+03 1.01956e-12 +0.00000e+00
 2.15443e-08 3.37030e+03 1.27219e-12 +0.00000e+00
 2.68270e-08 3.36416e+03 1.58764e-12 +0.00000e+00
 3.34048e-08 3.35643e+03 1.98206e-12 +0.00000e+00
 4.15956e-08 3.34777e+03 2.47485e-12 +0.00000e+00
 5.17947e-08 3.33951e+03 3.08943e-12 +0.00000e+00
 6.44947e-08 3.33510e+03 3.85163e-12 +0.00000e+00
 8.03086e-08 3.33201e+03 4.79920e-12 +0.00000e+00
 1.00000e-07 3.33134e+03 5.97447e-12 +0.00000e+00
 1.24520e-07 3.33357e+03 7.42955e-12 +0.00000e+00
 1.55052e-07 3.33896e+03 9.22817e-12 +0.00000e+00
 1.93070e-07 3.34735e+03 1.14489e-11 +0.00000e+00
 2.40410e-07 3.35848e+03 1.41881e-11 +0.00000e+00
 2.99358e-07 3.37170e+03 1.75657e-11 +0.00000e+00
 3.72759e-07 3.38670e+03 2.17273e-11 +0.00000e+00
 4.64159e-07 3.40287e+03 2.68529e-11 +0.00000e+00
 5.77969e-07 3.41987e+03 3.31612e-11 +0.00000e+00
 7.19686e-07 3.43716e+03 4.09213e-11 +0.00000e+00
 8.96151e-07 3.45437e+03 5.04591e-11 +0.00000e+00
 1.11588e-06 3.47107e+03 6.21720e-11 +0.00000e+00
 1.38950e-06 3.48713e+03 7.65342e-11 +0.00000e+00
 1.73020e-06 3.50259e+03 9.41108e-11 +0.00000e+00
 2.15443e-06 3.51778e+03 1.15560e-10 +0.00000e+00
 2.68270e-06 3.53317e+03 1.41649e-10 +0.00000e+00
 3.34048e-06 3.54919e+03 1.73261e-10 +0.00000e+00
 4.15956e-06 3.56618e+03 2.11417e-10 +0.00000e+00
 5.17947e-06 3.58425e+03 2.57282e-10 +0.00000e+00
 6.44947e-06 3.60355e+03 3.12178e-10 +0.00000e+00
 8.03086e-06 3.62413e+03 3.77599e-10 +0.00000e+00
 1.00000e-05 3.64620e+03 4.55170e-10 +0.00000e+00
 1.24520e-05 3.67001e+03 5.46718e-10 +0.00000e+00
 1.55052e-05 3.69598e+03 6.54152e-10 +0.00000e+00
 1.93070e-05 3.72469e+03 7.79564e-10 +0.00000e+00
 2.40410e-05 3.75672e+03 9.25145e-10 +0.00000e+00
 2.99358e-05 3.79283e+03 1.09314e-09 +0.00000e+00
 3.72759e-05 3.83339e+03 1.28611e-09 +0.00000e+00
 4.64159e-05 3.87797e+03 1.50688e-09 +0.00000e+00
 5.77969e-05 3.92489e+03 1.75900e-09 +0.00000e+00
 7.19686e-05 3.97172e+03 2.04665e-09 +0.00000e+00
 8.96151e-05 4.01688e+03 2.37400e-09 +0.00000e+00
 1.11588e-04 4.06017e+03 2.74476e-09 +0.00000e+00
 1.38950e-04 4.10210e+03 3.16216e-09 +0.00000e+00
 1.73020e-04 4.14326e+03 3.62955e-09 +0.00000e+00
 2.15443e-04 4.18422e+03 4.14957e-09 +0.00000e+00
 2.68270e-04 4.22539e+03 4.72442e-09 +0.00000e+00
 3.34048e-04 4.26690e+03 5.35690e-09 +0.00000e+00
 4.15956e-04 4.30848e+03 6.04960e-09 +0.00000e+00
 5.17947e-04 4.34950e+03 6.80477e-09 +0.00000e+00
 6.44947e-04 4.38909e+03 7.62815e-09 +0.00000e+00
 8.03086e-04 4.42643e+03 8.52807e-09 +0.00000e+00
 1.00000e-03 4.46102e+03 9.51378e-09 +0.00000e+00
 1.24520e-03 4.49268e+03 1.05973e-08 -2.54537e-07
 1.55052e-03 4.52143e+03 1.17946e-08 -3.16949e-07
 1.93070e-03 4.54743e+03 1.31244e-08 -3.94665e-07
 2.40410e-03 4.57097e+03 1.46060e-08 -4.91435e-07
 2.99358e-03 4.59252e+03 1.62606e-08 -6.11934e-07
 3.72759e-03 4.61265e+03 1.81130e-08 -7.61978e-07
 4.64159e-03 4.63190e+03 2.01891e-08 -9.48813e-07
 5.77969e-03 4.65076e+03 2.25141e-08 -1.18146e-06
 7.19686e-03 4.66963e+03 2.51135e-08 -1.47115e-06
 8.96151e-03 4.68887e+03 2.80168e-08 -1.83187e-06
 1.11588e-02 4.70888e+03 3.12539e-08 -2.28104e-06
 1.38950e-02 4.73006e+03 3.48508e-08 -2.84035e-06
 1.73020e-02 4.75289e+03 3.88281e-08 -3.53679e-06
 2.15443e-02 4.77785e+03 4.32070e-08 -4.40400e-06
 2.68270e-02 4.80546e+03 4.80016e-08 -5.48385e-06
 3.34048e-02 4.83623e+03 5.32136e-08 -6.82847e-06
 4.15956e-02 4.87068e+03 5.88283e-08 -8.50279e-06
 5.17947e-02 4.90936e+03 6.48226e-08 -1.05877e-05
 6.44947e-02 4.95284e+03 7.11553e-08 -1.31837e-05
 8.03086e-02 5.00172e+03 7.77636e-08 -1.64163e-05
 1.00000e-01 5.05660e+03 8.45583e-08 -2.04416e-05
 1.24520e-01 5.11817e+03 9.14341e-08 -2.54537e-05
 1.55052e-01 5.18754e+03 9.82586e-08 -3.16949e-05
 1.93070e-01 5.26613e+03 1.04870e-07 -3.94665e-05
 2.40410e-01 5.35630e+03 1.11059e-07 -4.91435e-05
 2.99358e-01 5.45942e+03 1.16629e-07 -6.11934e-05
 3.72759e-01 5.57718e+03 1.21392e-07 -7.61978e-05
 4.64159e-01 5.70788e+03 1.25302e-07 -9.47954e-05
 5.77969e-01 5.86103e+03 1.28074e-07 -1.12168e-04
 7.19686e-01 6.05025e+03 1.29275e-07 -3.54794e-05
 8.96151e-01 6.25212e+03 1.29483e-07 +5.43044e-04
 1.11588e+00 6.45389e+03 1.29170e-07 +2.57246e-03
 1.38950e+00 6.64972e+03 1.28634e-07 +7.22171e-03
 1.73020e+00 6.84203e+03 1.27943e-07 +1.45701e-02
 2.15443e+00 7.02724e+03 1.27248e-07 +2.37136e-02
 2.68270e+00 7.20550e+03 1.26603e-07 +3.46152e-02
 3.34048e+00 7.37800e+03 1.26025e-07 +4.47660e-02
 4.15956e+00 7.54103e+03 1.25611e-07 +5.14248e-02
 5.17947e+00 7.69542e+03 1.25374e-07 +5.67169e-02
 6.44947e+00 7.84299e+03 1.25306e-07 +6.09078e-02
 8.03086e+00 7.98538e+03 1.25396e-07 +6.42376e-02
 1.00000e+01 8.12396e+03 1.25635e-07 +6.69004e-02
 1.24520e+01 8.25977e+03 1.26017e-07 +6.90602e-02
 1.55052e+01 8.39351e+03 1.26541e-07 +7.08312e-02
 1.93070e+01 8.52574e+03 1.27205e-07 +7.22735e-02
 2.40410e+01 8.65728e+03 1.28005e-07 +7.34561e-02
 2.99358e+01 8.78828e+03 1.28945e-07 +7.44602e-02
 3.72759e+01 8.91826e+03 1.30041e-07 +7.53257e-02
 4.64159e+01 9.04660e+03 1.31318e-07 +7.60595e-02
 5.77969e+01 9.17317e+03 1.32795e-07 +7.66699e-02
 7.19686e+01 9.29803e+03 1.34492e-07 +7.71756e-02
 8.96151e+01 9.42129e+03 1.36426e-07 +7.75921e-02
 1.11588e+02 9.54324e+03 1.38619e-07 +7.79337e-02
 1.38950e+02 9.66413e+03 1.41091e-07 +7.82144e-02
 1.73020e+02 9.78421e+03 1.43864e-07 +7.84455e-02
 2.15443e+02 9.90375e+03 1.46967e-07 +7.86353e-02
 2.68270e+02 1.00230e+04 1.50427e-07 +7.87914e-02
 3.34048e+02 1.01423e+04 1.54275e-07 +7.89209e-02
 4.15956e+02 1.02616e+04 1.58547e-07 +7.90275e-02
 5.17947e+02 1.03814e+04 1.63275e-07 +7.91154e-02
 6.44947e+02 1.05021e+04 1.68493e-07 +7.91877e-02
 8.03086e+02 1.06238e+04 1.74233e-07 +7.92475e-02
 1.00000e+03 1.07471e+04 1.80529e-07 +7.92971e-02
