#n1=128 n2=4 Teff=05000 R=2.2317e+13 L=2.2164e+38 logg=+0.00
#   tau          T          rho         Fconv
 0.00000e+00 2.27616e+03 6.64715e-21 +0.00000e+00
 1.00000e-09 2.27616e+03 1.70082e-17 +0.00000e+00
 1.24520e-09 2.28628e+03 2.12122e-17 +0.00000e+00
 1.55052e-09 2.29741e+03 2.64338e-17 +0.00000e+00
 1.93070e-09 2.30883e+03 3.29260e-17 +0.00000e+00
 2.40410e-09 2.32101e+03 4.09881e-17 +0.00000e+00
 2.99358e-09 2.33339e+03 5.10082e-17 +0.00000e+00
 3.72759e-09 2.34635e+03 6.34505e-17 +0.00000e+00
 4.64159e-09 2.35947e+03 7.89101e-17 +0.00000e+00
 5.77969e-09 2.37299e+03 9.81085e-17 +0.00000e+00
 7.19686e-09 2.38665e+03 1.21959e-16 +0.00000e+00
 8.96151e-09 2.40065e+03 1.51576e-16 +0.00000e+00
 1.11588e-08 2.41485e+03 1.88359e-16 +0.00000e+00
 1.38950e-08 2.42940e+03 2.34027e-16 +0.00000e+00
 1.73020e-08 2.44435e+03 2.90709e-16 +0.00000e+00
 2.15443e-08 2.45977e+03 3.61047e-16 +0.00000e+00
 2.68270e-08 2.47582e+03 4.48273e-16 +0.00000e+00
 3.34048e-08 2.49246e+03 5.56433e-16 +0.00000e+00
 4.15956e-08 2.50999e+03 6.90415e-16 +0.00000e+00
 5.17947e-08 2.52823e+03 8.56401e-16 +0.00000e+00
 6.44947e-08 2.54759e+03 1.06177e-15 +0.00000e+00
 8.03086e-08 2.56774e+03 1.31596e-15 +0.00000e+00
 1.00000e-07 2.58922e+03 1.63006e-15 +0.00000e+00
 1.24520e-07 2.61159e+03 2.01841e-15 +0.00000e+00
 1.55052e-07 2.63545e+03 2.49775e-15 +0.00000e+00
 1.93070e-07 2.66029e+03 3.08976e-15 +0.00000e+00
 2.40410e-07 2.68672e+03 3.81973e-15 +0.00000e+00
 2.99358e-07 2.71431e+03 4.72024e-15 +0.00000e+00
 3.72759e-07 2.74349e+03 5.82974e-15 +0.00000e+00
 4.64159e-07 2.77400e+03 7.19704e-15 +0.00000e+00
 5.77969e-07 2.80604e+03 8.88081e-15 +0.00000e+00
 7.19686e-07 2.83948e+03 1.09545e-14 +0.00000e+00
 8.96151e-07 2.87430e+03 1.35080e-14 +0.00000e+00
 1.11588e-06 2.91035e+03 1.66530e-14 +0.00000e+00
 1.38950e-06 2.94739e+03 2.05280e-14 +0.00000e+00
 1.73020e-06 2.98513e+03 2.53054e-14 +0.00000e+00
 2.15443e-06 3.02318e+03 3.12003e-14 +0.00000e+00
 2.68270e-06 3.06112e+03 3.84815e-14 +0.00000e+00
 3.34048e-06 3.09860e+03 4.74835e-14 +0.00000e+00
 4.15956e-06 3.13522e+03 5.86245e-14 +0.00000e+00
 5.17947e-06 3.17081e+03 7.24231e-14 +0.00000e+00
 6.44947e-06 3.20511e+03 8.95283e-14 +0.00000e+00
 8.03086e-06 3.23814e+03 1.10742e-13 +0.00000e+00
 1.00000e-05 3.26971e+03 1.37069e-13 +0.00000e+00
 1.24520e-05 3.29992e+03 1.69753e-13 +0.00000e+00
 1.55052e-05 3.32875e+03 2.10343e-13 +0.00000e+00
 1.93070e-05 3.35638e+03 2.60757e-13 +0.00000e+00
 2.40410e-05 3.38281e+03 3.23383e-13 +0.00000e+00
 2.99358e-05 3.40818e+03 4.01182e-13 +0.00000e+00
 3.72759e-05 3.43248e+03 4.97837e-13 +0.00000e+00
 4.64159e-05 3.45584e+03 6.17902e-13 +0.00000e+00
 5.77969e-05 3.47834e+03 7.67014e-13 +0.00000e+00
 7.19686e-05 3.50000e+03 9.52166e-13 +0.00000e+00
 8.96151e-05 3.52090e+03 1.18197e-12 +0.00000e+00
 1.11588e-04 3.54117e+03 1.46701e-12 +0.00000e+00
 1.38950e-04 3.56092e+03 1.82029e-12 +0.00000e+00
 1.73020e-04 3.58018e+03 2.25776e-12 +0.00000e+00
 2.15443e-04 3.59919e+03 2.79875e-12 +0.00000e+00
 2.68270e-04 3.61798e+03 3.46687e-12 +0.00000e+00
 3.34048e-04 3.63667e+03 4.29054e-12 +0.00000e+00
 4.15956e-04 3.65534e+03 5.30399e-12 +0.00000e+00
 5.17947e-04 3.67425e+03 6.54771e-12 +0.00000e+00
 6.44947e-04 3.69354e+03 8.06993e-12 +0.00000e+00
 8.03086e-04 3.71331e+03 9.92723e-12 +0.00000e+00
 1.00000e-03 3.73360e+03 1.21859e-11 +0.00000e+00
 1.24520e-03 3.75433e+03 1.49234e-11 -2.54742e-07
 1.55052e-03 3.77593e+03 1.82259e-11 -3.17203e-07
 1.93070e-03 3.79847e+03 2.21941e-11 -3.94982e-07
 2.40410e-03 3.82190e+03 2.69406e-11 -4.91829e-07
 2.99358e-03 3.84636e+03 3.25933e-11 -6.12425e-07
 3.72759e-03 3.87204e+03 3.92918e-11 -7.62589e-07
 4.64159e-03 3.89881e+03 4.71969e-11 -9.49573e-07
 5.77969e-03 3.92670e+03 5.64848e-11 -1.18241e-06
 7.19686e-03 3.95584e+03 6.73487e-11 -1.47233e-06
 8.96151e-03 3.98621e+03 8.00099e-11 -1.83334e-06
 1.11588e-02 4.01756e+03 9.47104e-11 -2.28287e-06
 1.38950e-02 4.04993e+03 1.11723e-10 -2.84263e-06
 1.73020e-02 4.08308e+03 1.31355e-10 -3.53963e-06
 2.15443e-02 4.11797e+03 1.53908e-10 -4.40752e-06
 2.68270e-02 4.15483e+03 1.79745e-10 -5.48825e-06
 3.34048e-02 4.19532e+03 2.09200e-10 -6.83396e-06
 4.15956e-02 4.23888e+03 2.42740e-10 -8.50960e-06
 5.17947e-02 4.28294e+03 2.80978e-10 -1.05961e-05
 6.44947e-02 4.32556e+03 3.24573e-10 -1.31943e-05
 8.03086e-02 4.36227e+03 3.74463e-10 -1.64295e-05
 1.00000e-01 4.40438e+03 4.30357e-10 -2.04579e-05
 1.24520e-01 4.45622e+03 4.92348e-10 -2.54742e-05
 1.55052e-01 4.52263e+03 5.60130e-10 -3.17203e-05
 1.93070e-01 4.60564e+03 6.32712e-10 -3.94982e-05
 2.40410e-01 4.69646e+03 7.09681e-10 -4.91829e-05
 2.99358e-01 4.79504e+03 7.88782e-10 -6.12425e-05
 3.72759e-01 4.89750e+03 8.67922e-10 -7.62589e-05
 4.64159e-01 5.01504e+03 9.41689e-10 -9.49573e-05
 5.77969e-01 5.15836e+03 1.00303e-09 -1.18241e-04
 7.19686e-01 5.31464e+03 1.05090e-09 -1.47233e-04
 8.96151e-01 5.47277e+03 1.08807e-09 -1.83334e-04
 1.11588e+00 5.67982e+03 1.10357e-09 -2.28287e-04
 1.38950e+00 5.91894e+03 1.10066e-09 -2.84263e-04
 1.73020e+00 6.20561e+03 1.07766e-09 -3.53952e-04
 2.15443e+00 6.42237e+03 1.06181e-09 -4.40634e-04
 2.68270e+00 6.78846e+03 1.01339e-09 -5.35457e-04
 3.34048e+00 7.34835e+03 9.21766e-10 +5.62029e-03
 4.15956e+00 7.54177e+03 8.91259e-10 +2.08180e-02
 5.17947e+00 7.70993e+03 8.63822e-10 +3.70460e-02
 6.44947e+00 7.85245e+03 8.40096e-10 +4.86032e-02
 8.03086e+00 7.97710e+03 8.19050e-10 +5.63350e-02
 1.00000e+01 8.09019e+03 7.99754e-10 +6.16280e-02
 1.24520e+01 8.19595e+03 7.81561e-10 +6.53867e-02
 1.55052e+01 8.29723e+03 7.64026e-10 +6.81543e-02
 1.93070e+01 8.39596e+03 7.46860e-10 +7.02465e-02
 2.40410e+01 8.49364e+03 7.29836e-10 +7.18645e-02
 2.99358e+01 8.59142e+03 7.12808e-10 +7.31316e-02
 3.72759e+01 8.69031e+03 6.95637e-10 +7.41411e-02
 4.64159e+01 8.79126e+03 6.78221e-10 +7.49523e-02
 5.77969e+01 8.89522e+03 6.60500e-10 +7.56030e-02
 7.19686e+01 9.00323e+03 6.42372e-10 +7.61307e-02
 8.96151e+01 9.11653e+03 6.23803e-10 +7.65520e-02
 1.11588e+02 9.23671e+03 6.04696e-10 +7.68864e-02
 1.38950e+02 9.36587e+03 5.84991e-10 +7.71425e-02
 1.73020e+02 9.50701e+03 5.64588e-10 +7.73241e-02
 2.15443e+02 9.66471e+03 5.43355e-10 +7.74254e-02
 2.68270e+02 9.84670e+03 5.21035e-10 +7.74263e-02
 3.34048e+02 1.00672e+04 4.97220e-10 +7.72631e-02
 4.15956e+02 1.03578e+04 4.70940e-10 +7.67384e-02
 5.17947e+02 1.08127e+04 4.39401e-10 +7.49038e-02
 6.44947e+02 1.20472e+04 3.86113e-10 +5.64184e-02
 8.03086e+02 1.28758e+04 3.73764e-10 +3.71490e-02
 1.00000e+03 1.07701e+04 4.97561e-10 +7.64444e-02
