#n1=128 n2=4 Teff=05600 R=2.5020e+13 L=4.3803e+38 logg=+0.00
#   tau          T          rho         Fconv
 0.00000e+00 3.16920e+03 4.86678e-21 +0.00000e+00
 1.00000e-09 3.16920e+03 6.46799e-18 +0.00000e+00
 1.24520e-09 3.17676e+03 8.37309e-18 +0.00000e+00
 1.55052e-09 3.18494e+03 1.07887e-17 +0.00000e+00
 1.93070e-09 3.19369e+03 1.38452e-17 +0.00000e+00
 2.40410e-09 3.20289e+03 1.77062e-17 +0.00000e+00
 2.99358e-09 3.21243e+03 2.25773e-17 +0.00000e+00
 3.72759e-09 3.22220e+03 2.87169e-17 +0.00000e+00
 4.64159e-09 3.23214e+03 3.64496e-17 +0.00000e+00
 5.77969e-09 3.24223e+03 4.61821e-17 +0.00000e+00
 7.19686e-09 3.25247e+03 5.84238e-17 +0.00000e+00
 8.96151e-09 3.26290e+03 7.38113e-17 +0.00000e+00
 1.11588e-08 3.27358e+03 9.31395e-17 +0.00000e+00
 1.38950e-08 3.28454e+03 1.17401e-16 +0.00000e+00
 1.73020e-08 3.29580e+03 1.47835e-16 +0.00000e+00
 2.15443e-08 3.30734e+03 1.85990e-16 +0.00000e+00
 2.68270e-08 3.31914e+03 2.33804e-16 +0.00000e+00
 3.34048e-08 3.33116e+03 2.93697e-16 +0.00000e+00
 4.15956e-08 3.34338e+03 3.68698e-16 +0.00000e+00
 5.17947e-08 3.35576e+03 4.62590e-16 +0.00000e+00
 6.44947e-08 3.36833e+03 5.80095e-16 +0.00000e+00
 8.03086e-08 3.38115e+03 7.27095e-16 +0.00000e+00
 1.00000e-07 3.39431e+03 9.10901e-16 +0.00000e+00
 1.24520e-07 3.40796e+03 1.14058e-15 +0.00000e+00
 1.55052e-07 3.42221e+03 1.42737e-15 +0.00000e+00
 1.93070e-07 3.43718e+03 1.78521e-15 +0.00000e+00
 2.40410e-07 3.45294e+03 2.23134e-15 +0.00000e+00
 2.99358e-07 3.46951e+03 2.78716e-15 +0.00000e+00
 3.72759e-07 3.48693e+03 3.47915e-15 +0.00000e+00
 4.64159e-07 3.50518e+03 4.34013e-15 +0.00000e+00
 5.77969e-07 3.52427e+03 5.41069e-15 +0.00000e+00
 7.19686e-07 3.54418e+03 6.74110e-15 +0.00000e+00
 8.96151e-07 3.56489e+03 8.39351e-15 +0.00000e+00
 1.11588e-06 3.58638e+03 1.04448e-14 +0.00000e+00
 1.38950e-06 3.60864e+03 1.29898e-14 +0.00000e+00
 1.73020e-06 3.63163e+03 1.61459e-14 +0.00000e+00
 2.15443e-06 3.65530e+03 2.00583e-14 +0.00000e+00
 2.68270e-06 3.67957e+03 2.49062e-14 +0.00000e+00
 3.34048e-06 3.70434e+03 3.09117e-14 +0.00000e+00
 4.15956e-06 3.72951e+03 3.83501e-14 +0.00000e+00
 5.17947e-06 3.75495e+03 4.75622e-14 +0.00000e+00
 6.44947e-06 3.78053e+03 5.89715e-14 +0.00000e+00
 8.03086e-06 3.80614e+03 7.31035e-14 +0.00000e+00
 1.00000e-05 3.83168e+03 9.06109e-14 +0.00000e+00
 1.24520e-05 3.85708e+03 1.12304e-13 +0.00000e+00
 1.55052e-05 3.88230e+03 1.39191e-13 +0.00000e+00
 1.93070e-05 3.90732e+03 1.72518e-13 +0.00000e+00
 2.40410e-05 3.93217e+03 2.13834e-13 +0.00000e+00
 2.99358e-05 3.95685e+03 2.65055e-13 +0.00000e+00
 3.72759e-05 3.98140e+03 3.28553e-13 +0.00000e+00
 4.64159e-05 4.00581e+03 4.07261e-13 +0.00000e+00
 5.77969e-05 4.03009e+03 5.04803e-13 +0.00000e+00
 7.19686e-05 4.05423e+03 6.25654e-13 +0.00000e+00
 8.96151e-05 4.07819e+03 7.75323e-13 +0.00000e+00
 1.11588e-04 4.10199e+03 9.60583e-13 +0.00000e+00
 1.38950e-04 4.12561e+03 1.18973e-12 +0.00000e+00
 1.73020e-04 4.14906e+03 1.47289e-12 +0.00000e+00
 2.15443e-04 4.17233e+03 1.82238e-12 +0.00000e+00
 2.68270e-04 4.19541e+03 2.25313e-12 +0.00000e+00
 3.34048e-04 4.21825e+03 2.78312e-12 +0.00000e+00
 4.15956e-04 4.24085e+03 3.43388e-12 +0.00000e+00
 5.17947e-04 4.26321e+03 4.23101e-12 +0.00000e+00
 6.44947e-04 4.28534e+03 5.20462e-12 +0.00000e+00
 8.03086e-04 4.30727e+03 6.38992e-12 +0.00000e+00
 1.00000e-03 4.32905e+03 7.82752e-12 +0.00000e+00
 1.24520e-03 4.35071e+03 9.56402e-12 -2.54929e-07
 1.55052e-03 4.37239e+03 1.16519e-11 -3.17437e-07
 1.93070e-03 4.39412e+03 1.41500e-11 -3.95271e-07
 2.40410e-03 4.41596e+03 1.71239e-11 -4.92191e-07
 2.99358e-03 4.43808e+03 2.06453e-11 -6.12874e-07
 3.72759e-03 4.46057e+03 2.47926e-11 -7.63149e-07
 4.64159e-03 4.48363e+03 2.96503e-11 -9.50272e-07
 5.77969e-03 4.50732e+03 3.53107e-11 -1.18327e-06
 7.19686e-03 4.53194e+03 4.18710e-11 -1.47341e-06
 8.96151e-03 4.55765e+03 4.94360e-11 -1.83468e-06
 1.11588e-02 4.58469e+03 5.81170e-11 -2.28454e-06
 1.38950e-02 4.61330e+03 6.80305e-11 -2.84471e-06
 1.73020e-02 4.64372e+03 7.92989e-11 -3.54222e-06
 2.15443e-02 4.67638e+03 9.20434e-11 -4.41077e-06
 2.68270e-02 4.71158e+03 1.06385e-10 -5.49227e-06
 3.34048e-02 4.74989e+03 1.22432e-10 -6.83896e-06
 4.15956e-02 4.79180e+03 1.40270e-10 -8.51586e-06
 5.17947e-02 4.83793e+03 1.59950e-10 -1.06039e-05
 6.44947e-02 4.88907e+03 1.81458e-10 -1.32040e-05
 8.03086e-02 4.94622e+03 2.04684e-10 -1.64415e-05
 1.00000e-01 5.01032e+03 2.29397e-10 -2.04730e-05
 1.24520e-01 5.08272e+03 2.55191e-10 -2.54929e-05
 1.55052e-01 5.16457e+03 2.81484e-10 -3.17437e-05
 1.93070e-01 5.25748e+03 3.07491e-10 -3.95271e-05
 2.40410e-01 5.36339e+03 3.32237e-10 -4.92191e-05
 2.99358e-01 5.48375e+03 3.54700e-10 -6.12874e-05
 3.72759e-01 5.62039e+03 3.73869e-10 -7.63150e-05
 4.64159e-01 5.77665e+03 3.88709e-10 -9.50272e-05
 5.77969e-01 5.94943e+03 3.98979e-10 -1.18327e-04
 7.19686e-01 6.14377e+03 4.04168e-10 -1.47341e-04
 8.96151e-01 6.39580e+03 4.00940e-10 -1.83468e-04
 1.11588e+00 6.65412e+03 3.93239e-10 -2.28454e-04
 1.38950e+00 6.96515e+03 3.77790e-10 -2.84412e-04
 1.73020e+00 7.30118e+03 3.56599e-10 -3.44959e-04
 2.15443e+00 7.91544e+03 3.05839e-10 +1.09919e-02
 2.68270e+00 8.09844e+03 2.90133e-10 +1.47683e-02
 3.34048e+00 8.25997e+03 2.76007e-10 +2.72575e-02
 4.15956e+00 8.41150e+03 2.62692e-10 +3.78948e-02
 5.17947e+00 8.55556e+03 2.50184e-10 +4.56315e-02
 6.44947e+00 8.69679e+03 2.38251e-10 +5.10359e-02
 8.03086e+00 8.84019e+03 2.26649e-10 +5.46997e-02
 1.00000e+01 8.99139e+03 2.15155e-10 +5.69726e-02
 1.24520e+01 9.15792e+03 2.03552e-10 +5.79215e-02
 1.55052e+01 9.35223e+03 1.91569e-10 +5.71757e-02
 1.93070e+01 9.60020e+03 1.78765e-10 +5.31748e-02
 2.40410e+01 9.97493e+03 1.64137e-10 +3.89553e-02
 2.99358e+01 1.07111e+04 1.46416e-10 +1.89928e-03
 3.72759e+01 1.42757e+04 1.07196e-10 -6.14170e-04
 4.64159e+01 1.61062e+04 9.64280e-11 -6.14188e-04
 5.77969e+01 1.64085e+04 9.88159e-11 -6.14188e-04
 7.19686e+01 1.66471e+04 1.02603e-10 -6.14188e-04
 8.96151e+01 1.82365e+04 1.00134e-10 -6.14190e-04
 1.11588e+02 1.73922e+04 1.13441e-10 -6.14188e-04
 1.38950e+02 2.05102e+04 1.06203e-10 -6.14190e-04
 1.73020e+02 1.97684e+04 1.23771e-10 -6.14190e-04
 2.15443e+02 2.19703e+04 1.27536e-10 -6.14190e-04
 2.68270e+02 2.25513e+04 1.44420e-10 -6.14190e-04
 3.34048e+02 2.36908e+04 1.61651e-10 -6.14190e-04
 4.15956e+02 2.42902e+04 1.86600e-10 -6.14190e-04
 5.17947e+02 2.51940e+04 2.13804e-10 -6.14190e-04
 6.44947e+02 2.76428e+04 2.37885e-10 -6.14190e-04
 8.03086e+02 2.77152e+04 2.86909e-10 -6.14190e-04
 1.00000e+03 2.96378e+04 3.21664e-10 -6.14190e-04
