#n1=128 n2=4 Teff=05700 R=3.5042e+12 L=9.2493e+36 logg=+1.50
#   tau          T          rho         Fconv
 0.00000e+00 3.47613e+03 4.03774e-21 +0.00000e+00
 1.00000e-09 3.47613e+03 3.21862e-16 +0.00000e+00
 1.24520e-09 3.47739e+03 4.22247e-16 +0.00000e+00
 1.55052e-09 3.47868e+03 5.50929e-16 +0.00000e+00
 1.93070e-09 3.48004e+03 7.15344e-16 +0.00000e+00
 2.40410e-09 3.48148e+03 9.24805e-16 +0.00000e+00
 2.99358e-09 3.48301e+03 1.19097e-15 +0.00000e+00
 3.72759e-09 3.48465e+03 1.52842e-15 +0.00000e+00
 4.64159e-09 3.48642e+03 1.95537e-15 +0.00000e+00
 5.77969e-09 3.48833e+03 2.49461e-15 +0.00000e+00
 7.19686e-09 3.49040e+03 3.17456e-15 +0.00000e+00
 8.96151e-09 3.49266e+03 4.03070e-15 +0.00000e+00
 1.11588e-08 3.49512e+03 5.10731e-15 +0.00000e+00
 1.38950e-08 3.49782e+03 6.45954e-15 +0.00000e+00
 1.73020e-08 3.50079e+03 8.15615e-15 +0.00000e+00
 2.15443e-08 3.50407e+03 1.02827e-14 +0.00000e+00
 2.68270e-08 3.50770e+03 1.29457e-14 +0.00000e+00
 3.34048e-08 3.51174e+03 1.62776e-14 +0.00000e+00
 4.15956e-08 3.51623e+03 2.04430e-14 +0.00000e+00
 5.17947e-08 3.52122e+03 2.56465e-14 +0.00000e+00
 6.44947e-08 3.52675e+03 3.21424e-14 +0.00000e+00
 8.03086e-08 3.53285e+03 4.02463e-14 +0.00000e+00
 1.00000e-07 3.53954e+03 5.03505e-14 +0.00000e+00
 1.24520e-07 3.54684e+03 6.29419e-14 +0.00000e+00
 1.55052e-07 3.55472e+03 7.86257e-14 +0.00000e+00
 1.93070e-07 3.56317e+03 9.81536e-14 +0.00000e+00
 2.40410e-07 3.57214e+03 1.22460e-13 +0.00000e+00
 2.99358e-07 3.58155e+03 1.52709e-13 +0.00000e+00
 3.72759e-07 3.59132e+03 1.90345e-13 +0.00000e+00
 4.64159e-07 3.60135e+03 2.37168e-13 +0.00000e+00
 5.77969e-07 3.61158e+03 2.95419e-13 +0.00000e+00
 7.19686e-07 3.62193e+03 3.67881e-13 +0.00000e+00
 8.96151e-07 3.63240e+03 4.58014e-13 +0.00000e+00
 1.11588e-06 3.64303e+03 5.70106e-13 +0.00000e+00
 1.38950e-06 3.65391e+03 7.09474e-13 +0.00000e+00
 1.73020e-06 3.66515e+03 8.82692e-13 +0.00000e+00
 2.15443e-06 3.67687e+03 1.09790e-12 +0.00000e+00
 2.68270e-06 3.68916e+03 1.36517e-12 +0.00000e+00
 3.34048e-06 3.70206e+03 1.69698e-12 +0.00000e+00
 4.15956e-06 3.71557e+03 2.10877e-12 +0.00000e+00
 5.17947e-06 3.72965e+03 2.61968e-12 +0.00000e+00
 6.44947e-06 3.74420e+03 3.25344e-12 +0.00000e+00
 8.03086e-06 3.75911e+03 4.03942e-12 +0.00000e+00
 1.00000e-05 3.77430e+03 5.01398e-12 +0.00000e+00
 1.24520e-05 3.78982e+03 6.22190e-12 +0.00000e+00
 1.55052e-05 3.80579e+03 7.71814e-12 +0.00000e+00
 1.93070e-05 3.82230e+03 9.57034e-12 +0.00000e+00
 2.40410e-05 3.83958e+03 1.18609e-11 +0.00000e+00
 2.99358e-05 3.85805e+03 1.46896e-11 +0.00000e+00
 3.72759e-05 3.87814e+03 1.81765e-11 +0.00000e+00
 4.64159e-05 3.90020e+03 2.24661e-11 +0.00000e+00
 5.77969e-05 3.92441e+03 2.77312e-11 +0.00000e+00
 7.19686e-05 3.95066e+03 3.41792e-11 +0.00000e+00
 8.96151e-05 3.97859e+03 4.20574e-11 +0.00000e+00
 1.11588e-04 4.00788e+03 5.16565e-11 +0.00000e+00
 1.38950e-04 4.03840e+03 6.33122e-11 +0.00000e+00
 1.73020e-04 4.07018e+03 7.74027e-11 +0.00000e+00
 2.15443e-04 4.10330e+03 9.43461e-11 +0.00000e+00
 2.68270e-04 4.13785e+03 1.14589e-10 +0.00000e+00
 3.34048e-04 4.17379e+03 1.38596e-10 +0.00000e+00
 4.15956e-04 4.21080e+03 1.66841e-10 +0.00000e+00
 5.17947e-04 4.24826e+03 1.99804e-10 +0.00000e+00
 6.44947e-04 4.28530e+03 2.37990e-10 +0.00000e+00
 8.03086e-04 4.32099e+03 2.81954e-10 +0.00000e+00
 1.00000e-03 4.35457e+03 3.32343e-10 +0.00000e+00
 1.24520e-03 4.38558e+03 3.89927e-10 -2.54193e-07
 1.55052e-03 4.41390e+03 4.55615e-10 -3.16522e-07
 1.93070e-03 4.43964e+03 5.30498e-10 -3.94132e-07
 2.40410e-03 4.46306e+03 6.15824e-10 -4.90771e-07
 2.99358e-03 4.48458e+03 7.13010e-10 -6.11107e-07
 3.72759e-03 4.50468e+03 8.23628e-10 -7.60948e-07
 4.64159e-03 4.52384e+03 9.49361e-10 -9.47531e-07
 5.77969e-03 4.54251e+03 1.09199e-09 -1.17986e-06
 7.19686e-03 4.56107e+03 1.25343e-09 -1.46916e-06
 8.96151e-03 4.57988e+03 1.43560e-09 -1.82939e-06
 1.11588e-02 4.59931e+03 1.64038e-09 -2.27796e-06
 1.38950e-02 4.61976e+03 1.86959e-09 -2.83651e-06
 1.73020e-02 4.64167e+03 2.12478e-09 -3.53201e-06
 2.15443e-02 4.66551e+03 2.40704e-09 -4.39805e-06
 2.68270e-02 4.69173e+03 2.71693e-09 -5.47644e-06
 3.34048e-02 4.72082e+03 3.05428e-09 -6.81925e-06
 4.15956e-02 4.75328e+03 3.41802e-09 -8.49131e-06
 5.17947e-02 4.78962e+03 3.80589e-09 -1.05734e-05
 6.44947e-02 4.83041e+03 4.21452e-09 -1.31659e-05
 8.03086e-02 4.87624e+03 4.63921e-09 -1.63941e-05
 1.00000e-01 4.92772e+03 5.07403e-09 -2.04139e-05
 1.24520e-01 4.98561e+03 5.51164e-09 -2.54193e-05
 1.55052e-01 5.05094e+03 5.94327e-09 -3.16522e-05
 1.93070e-01 5.12508e+03 6.35859e-09 -3.94132e-05
 2.40410e-01 5.21001e+03 6.74526e-09 -4.90771e-05
 2.99358e-01 5.30710e+03 7.09159e-09 -6.11107e-05
 3.72759e-01 5.41788e+03 7.38666e-09 -7.60948e-05
 4.64159e-01 5.54153e+03 7.62653e-09 -9.47531e-05
 5.77969e-01 5.68417e+03 7.79873e-09 -1.17986e-04
 7.19686e-01 5.85424e+03 7.88690e-09 -1.46912e-04
 8.96151e-01 6.05466e+03 7.88746e-09 -1.82856e-04
 1.11588e+00 6.31992e+03 7.75338e-09 -2.25949e-04
 1.38950e+00 6.57828e+03 7.59403e-09 -2.61239e-04
 1.73020e+00 6.89338e+03 7.34150e-09 +1.35933e-04
 2.15443e+00 7.24041e+03 7.03198e-09 +5.99650e-03
 2.68270e+00 7.47070e+03 6.84172e-09 +1.75686e-02
 3.34048e+00 7.67090e+03 6.67745e-09 +3.33045e-02
 4.15956e+00 7.84213e+03 6.53959e-09 +4.55226e-02
 5.17947e+00 7.99079e+03 6.42286e-09 +5.40390e-02
 6.44947e+00 8.12382e+03 6.32107e-09 +5.99764e-02
 8.03086e+00 8.24620e+03 6.22975e-09 +6.42226e-02
 1.00000e+01 8.36127e+03 6.14590e-09 +6.73492e-02
 1.24520e+01 8.47137e+03 6.06750e-09 +6.97118e-02
 1.55052e+01 8.57813e+03 5.99317e-09 +7.15310e-02
 1.93070e+01 8.68273e+03 5.92188e-09 +7.29594e-02
 2.40410e+01 8.78609e+03 5.85292e-09 +7.40964e-02
 2.99358e+01 8.88890e+03 5.78581e-09 +7.50083e-02
 3.72759e+01 8.99173e+03 5.72009e-09 +7.57495e-02
 4.64159e+01 9.09507e+03 5.65559e-09 +7.63533e-02
 5.77969e+01 9.19932e+03 5.59200e-09 +7.68504e-02
 7.19686e+01 9.30489e+03 5.52937e-09 +7.72568e-02
 8.96151e+01 9.41236e+03 5.46738e-09 +7.75918e-02
 1.11588e+02 9.52214e+03 5.40593e-09 +7.78696e-02
 1.38950e+02 9.63465e+03 5.34489e-09 +7.81015e-02
 1.73020e+02 9.75034e+03 5.28447e-09 +7.82942e-02
 2.15443e+02 9.86974e+03 5.22449e-09 +7.84555e-02
 2.68270e+02 9.99344e+03 5.16519e-09 +7.85898e-02
 3.34048e+02 1.01222e+04 5.10667e-09 +7.87014e-02
 4.15956e+02 1.02569e+04 5.04892e-09 +7.87943e-02
 5.17947e+02 1.03987e+04 4.99207e-09 +7.88711e-02
 6.44947e+02 1.05491e+04 4.93620e-09 +7.89336e-02
 8.03086e+02 1.07100e+04 4.88122e-09 +7.89842e-02
 1.00000e+03 1.08840e+04 4.82738e-09 +7.90229e-02
