#n1=128 n2=4 Teff=05000 R=3.1551e+10 L=4.4327e+32 logg=+5.00
#   tau          T          rho         Fconv
 0.00000e+00 3.92020e+03 2.28361e-21 +0.00000e+00
 1.00000e-09 3.92020e+03 1.42394e-12 +0.00000e+00
 1.24520e-09 3.92096e+03 1.79614e-12 +0.00000e+00
 1.55052e-09 3.92167e+03 2.26214e-12 +0.00000e+00
 1.93070e-09 3.92235e+03 2.84509e-12 +0.00000e+00
 2.40410e-09 3.92302e+03 3.57377e-12 +0.00000e+00
 2.99358e-09 3.92371e+03 4.48392e-12 +0.00000e+00
 3.72759e-09 3.92444e+03 5.61992e-12 +0.00000e+00
 4.64159e-09 3.92522e+03 7.03683e-12 +0.00000e+00
 5.77969e-09 3.92606e+03 8.80297e-12 +0.00000e+00
 7.19686e-09 3.92695e+03 1.10030e-11 +0.00000e+00
 8.96151e-09 3.92791e+03 1.37418e-11 +0.00000e+00
 1.11588e-08 3.92893e+03 1.71491e-11 +0.00000e+00
 1.38950e-08 3.93003e+03 2.13855e-11 +0.00000e+00
 1.73020e-08 3.93122e+03 2.66491e-11 +0.00000e+00
 2.15443e-08 3.93250e+03 3.31844e-11 +0.00000e+00
 2.68270e-08 3.93389e+03 4.12928e-11 +0.00000e+00
 3.34048e-08 3.93540e+03 5.13453e-11 +0.00000e+00
 4.15956e-08 3.93704e+03 6.37976e-11 +0.00000e+00
 5.17947e-08 3.93882e+03 7.92091e-11 +0.00000e+00
 6.44947e-08 3.94075e+03 9.82646e-11 +0.00000e+00
 8.03086e-08 3.94284e+03 1.21802e-10 +0.00000e+00
 1.00000e-07 3.94510e+03 1.50841e-10 +0.00000e+00
 1.24520e-07 3.94753e+03 1.86627e-10 +0.00000e+00
 1.55052e-07 3.95014e+03 2.30667e-10 +0.00000e+00
 1.93070e-07 3.95293e+03 2.84789e-10 +0.00000e+00
 2.40410e-07 3.95588e+03 3.51197e-10 +0.00000e+00
 2.99358e-07 3.95901e+03 4.32546e-10 +0.00000e+00
 3.72759e-07 3.96229e+03 5.32017e-10 +0.00000e+00
 4.64159e-07 3.96572e+03 6.53417e-10 +0.00000e+00
 5.77969e-07 3.96928e+03 8.01278e-10 +0.00000e+00
 7.19686e-07 3.97298e+03 9.80981e-10 +0.00000e+00
 8.96151e-07 3.97679e+03 1.19888e-09 +0.00000e+00
 1.11588e-06 3.98072e+03 1.46247e-09 +0.00000e+00
 1.38950e-06 3.98477e+03 1.78052e-09 +0.00000e+00
 1.73020e-06 3.98893e+03 2.16330e-09 +0.00000e+00
 2.15443e-06 3.99320e+03 2.62274e-09 +0.00000e+00
 2.68270e-06 3.99760e+03 3.17268e-09 +0.00000e+00
 3.34048e-06 4.00210e+03 3.82911e-09 +0.00000e+00
 4.15956e-06 4.00673e+03 4.61045e-09 +0.00000e+00
 5.17947e-06 4.01146e+03 5.53785e-09 +0.00000e+00
 6.44947e-06 4.01632e+03 6.63553e-09 +0.00000e+00
 8.03086e-06 4.02129e+03 7.93112e-09 +0.00000e+00
 1.00000e-05 4.02638e+03 9.45622e-09 +0.00000e+00
 1.24520e-05 4.03162e+03 1.12466e-08 +0.00000e+00
 1.55052e-05 4.03701e+03 1.33427e-08 +0.00000e+00
 1.93070e-05 4.04255e+03 1.57908e-08 +0.00000e+00
 2.40410e-05 4.04827e+03 1.86426e-08 +0.00000e+00
 2.99358e-05 4.05417e+03 2.19569e-08 +0.00000e+00
 3.72759e-05 4.06026e+03 2.57996e-08 +0.00000e+00
 4.64159e-05 4.06655e+03 3.02452e-08 +0.00000e+00
 5.77969e-05 4.07304e+03 3.53775e-08 +0.00000e+00
 7.19686e-05 4.07972e+03 4.12910e-08 +0.00000e+00
 8.96151e-05 4.08658e+03 4.80930e-08 +0.00000e+00
 1.11588e-04 4.09357e+03 5.59049e-08 +0.00000e+00
 1.38950e-04 4.10063e+03 6.48662e-08 +0.00000e+00
 1.73020e-04 4.10772e+03 7.51375e-08 +0.00000e+00
 2.15443e-04 4.11474e+03 8.69043e-08 +0.00000e+00
 2.68270e-04 4.12163e+03 1.00383e-07 +0.00000e+00
 3.34048e-04 4.12831e+03 1.15827e-07 +0.00000e+00
 4.15956e-04 4.13476e+03 1.33530e-07 +0.00000e+00
 5.17947e-04 4.14095e+03 1.53836e-07 +0.00000e+00
 6.44947e-04 4.14689e+03 1.77142e-07 +0.00000e+00
 8.03086e-04 4.15264e+03 2.03908e-07 +0.00000e+00
 1.00000e-03 4.15823e+03 2.34659e-07 +0.00000e+00
 1.24520e-03 4.16374e+03 2.70000e-07 -2.54586e-07
 1.55052e-03 4.16928e+03 3.10619e-07 -3.17009e-07
 1.93070e-03 4.17495e+03 3.57285e-07 -3.94740e-07
 2.40410e-03 4.18085e+03 4.10854e-07 -4.91528e-07
 2.99358e-03 4.18716e+03 4.72294e-07 -6.12050e-07
 3.72759e-03 4.19402e+03 5.42637e-07 -7.62122e-07
 4.64159e-03 4.20154e+03 6.22980e-07 -9.48991e-07
 5.77969e-03 4.20990e+03 7.14512e-07 -1.18168e-06
 7.19686e-03 4.21929e+03 8.18470e-07 -1.47143e-06
 8.96151e-03 4.22987e+03 9.36049e-07 -1.83222e-06
 1.11588e-02 4.24172e+03 1.06833e-06 -2.28147e-06
 1.38950e-02 4.25521e+03 1.21643e-06 -2.84089e-06
 1.73020e-02 4.27061e+03 1.38113e-06 -3.53746e-06
 2.15443e-02 4.28804e+03 1.56275e-06 -4.40483e-06
 2.68270e-02 4.30791e+03 1.76110e-06 -5.48489e-06
 3.34048e-02 4.33077e+03 1.97550e-06 -6.82977e-06
 4.15956e-02 4.35712e+03 2.20421e-06 -8.50439e-06
 5.17947e-02 4.38734e+03 2.44413e-06 -1.05896e-05
 6.44947e-02 4.42242e+03 2.69083e-06 -1.31862e-05
 8.03086e-02 4.46352e+03 2.93862e-06 -1.64194e-05
 1.00000e-01 4.51191e+03 3.18006e-06 -2.04454e-05
 1.24520e-01 4.56906e+03 3.40639e-06 +1.00715e-03
 1.55052e-01 4.63640e+03 3.60705e-06 +1.22837e-02
 1.93070e-01 4.69785e+03 3.80382e-06 +4.04879e-03
 2.40410e-01 4.75821e+03 3.99655e-06 +5.33298e-03
 2.99358e-01 4.81833e+03 4.18689e-06 +6.77497e-03
 3.72759e-01 4.87884e+03 4.37579e-06 +8.51681e-03
 4.64159e-01 4.94015e+03 4.56391e-06 +1.06683e-02
 5.77969e-01 5.00259e+03 4.75166e-06 +1.35556e-02
 7.19686e-01 5.06639e+03 4.93927e-06 +1.67647e-02
 8.96151e-01 5.13180e+03 5.12691e-06 +2.02569e-02
 1.11588e+00 5.19919e+03 5.31449e-06 +2.51159e-02
 1.38950e+00 5.26882e+03 5.50177e-06 +3.10803e-02
 1.73020e+00 5.34084e+03 5.68854e-06 +3.84321e-02
 2.15443e+00 5.41542e+03 5.87457e-06 +4.74934e-02
 2.68270e+00 5.49277e+03 6.05949e-06 +5.87027e-02
 3.34048e+00 5.57297e+03 6.24312e-06 +6.64306e-02
 4.15956e+00 5.65529e+03 6.42654e-06 +6.82664e-02
 5.17947e+00 5.73976e+03 6.61022e-06 +6.98245e-02
 6.44947e+00 5.82656e+03 6.79431e-06 +7.11562e-02
 8.03086e+00 5.91576e+03 6.97912e-06 +7.23053e-02
 1.00000e+01 6.00734e+03 7.16492e-06 +7.33035e-02
 1.24520e+01 6.10121e+03 7.35085e-06 +7.41705e-02
 1.55052e+01 6.19736e+03 7.53920e-06 +7.49158e-02
 1.93070e+01 6.29588e+03 7.73047e-06 +7.55544e-02
 2.40410e+01 6.39690e+03 7.92508e-06 +7.61022e-02
 2.99358e+01 6.50048e+03 8.12348e-06 +7.65740e-02
 3.72759e+01 6.60671e+03 8.32618e-06 +7.69807e-02
 4.64159e+01 6.71567e+03 8.53365e-06 +7.73309e-02
 5.77969e+01 6.82740e+03 8.74646e-06 +7.76337e-02
 7.19686e+01 6.94195e+03 8.96518e-06 +7.78956e-02
 8.96151e+01 7.05936e+03 9.19045e-06 +7.81216e-02
 1.11588e+02 7.17968e+03 9.42293e-06 +7.83172e-02
 1.38950e+02 7.30294e+03 9.66340e-06 +7.84865e-02
 1.73020e+02 7.42914e+03 9.91270e-06 +7.86333e-02
 2.15443e+02 7.55834e+03 1.01717e-05 +7.87600e-02
 2.68270e+02 7.69060e+03 1.04412e-05 +7.88698e-02
 3.34048e+02 7.82595e+03 1.07223e-05 +7.89646e-02
 4.15956e+02 7.96444e+03 1.10159e-05 +7.90467e-02
 5.17947e+02 8.10612e+03 1.13232e-05 +7.91178e-02
 6.44947e+02 8.25097e+03 1.16452e-05 +7.91796e-02
 8.03086e+02 8.39899e+03 1.19833e-05 +7.92332e-02
 1.00000e+03 8.55015e+03 1.23388e-05 +7.92798e-02
