#n1=128 n2=4 Teff=05200 R=5.8308e+10 L=1.7711e+33 logg=+4.50
#      tau          T          rho         Fconv
  0.00000e+00  2.80893e+03  5.44971e-21 +0.00000e+00
  1.00000e-09  2.80893e+03  6.58812e-13 +0.00000e+00
  1.24520e-09  2.81415e+03  8.22117e-13 +0.00000e+00
  1.55052e-09  2.82144e+03  1.02421e-12 +0.00000e+00
  1.93070e-09  2.83046e+03  1.27393e-12 +0.00000e+00
  2.40410e-09  2.84091e+03  1.58193e-12 +0.00000e+00
  2.99358e-09  2.85259e+03  1.96124e-12 +0.00000e+00
  3.72759e-09  2.86534e+03  2.42743e-12 +0.00000e+00
  4.64159e-09  2.87908e+03  2.99933e-12 +0.00000e+00
  5.77969e-09  2.89377e+03  3.69915e-12 +0.00000e+00
  7.19686e-09  2.90942e+03  4.55338e-12 +0.00000e+00
  8.96151e-09  2.92606e+03  5.59282e-12 +0.00000e+00
  1.11588e-08  2.94371e+03  6.85361e-12 +0.00000e+00
  1.38950e-08  2.96232e+03  8.37720e-12 +0.00000e+00
  1.73020e-08  2.98185e+03  1.02114e-11 +0.00000e+00
  2.15443e-08  3.00216e+03  1.24105e-11 +0.00000e+00
  2.68270e-08  3.02316e+03  1.50356e-11 +0.00000e+00
  3.34048e-08  3.04464e+03  1.81565e-11 +0.00000e+00
  4.15956e-08  3.06649e+03  2.18487e-11 +0.00000e+00
  5.17947e-08  3.08854e+03  2.61994e-11 +0.00000e+00
  6.44947e-08  3.11067e+03  3.13015e-11 +0.00000e+00
  8.03086e-08  3.13275e+03  3.72608e-11 +0.00000e+00
  1.00000e-07  3.15469e+03  4.41939e-11 +0.00000e+00
  1.24520e-07  3.17644e+03  5.22249e-11 +0.00000e+00
  1.55052e-07  3.19788e+03  6.15021e-11 +0.00000e+00
  1.93070e-07  3.21903e+03  7.21792e-11 +0.00000e+00
  2.40410e-07  3.23982e+03  8.44295e-11 +0.00000e+00
  2.99358e-07  3.26027e+03  9.84591e-11 +0.00000e+00
  3.72759e-07  3.28037e+03  1.14478e-10 +0.00000e+00
  4.64159e-07  3.30013e+03  1.32732e-10 +0.00000e+00
  5.77969e-07  3.31960e+03  1.53508e-10 +0.00000e+00
  7.19686e-07  3.33881e+03  1.77099e-10 +0.00000e+00
  8.96151e-07  3.35784e+03  2.03843e-10 +0.00000e+00
  1.11588e-06  3.37679e+03  2.34139e-10 +0.00000e+00
  1.38950e-06  3.39580e+03  2.68381e-10 +0.00000e+00
  1.73020e-06  3.41503e+03  3.07002e-10 +0.00000e+00
  2.15443e-06  3.43455e+03  3.50542e-10 +0.00000e+00
  2.68270e-06  3.45439e+03  3.99540e-10 +0.00000e+00
  3.34048e-06  3.47453e+03  4.54579e-10 +0.00000e+00
  4.15956e-06  3.49493e+03  5.16419e-10 +0.00000e+00
  5.17947e-06  3.51558e+03  5.85853e-10 +0.00000e+00
  6.44947e-06  3.53646e+03  6.63706e-10 +0.00000e+00
  8.03086e-06  3.55755e+03  7.50961e-10 +0.00000e+00
  1.00000e-05  3.57885e+03  8.48834e-10 +0.00000e+00
  1.24520e-05  3.60035e+03  9.58505e-10 +0.00000e+00
  1.55052e-05  3.62202e+03  1.08129e-09 +0.00000e+00
  1.93070e-05  3.64384e+03  1.21887e-09 +0.00000e+00
  2.40410e-05  3.66580e+03  1.37308e-09 +0.00000e+00
  2.99358e-05  3.68784e+03  1.54580e-09 +0.00000e+00
  3.72759e-05  3.70996e+03  1.73920e-09 +0.00000e+00
  4.64159e-05  3.73207e+03  1.95610e-09 +0.00000e+00
  5.77969e-05  3.75413e+03  2.19936e-09 +0.00000e+00
  7.19686e-05  3.77608e+03  2.47209e-09 +0.00000e+00
  8.96151e-05  3.79786e+03  2.77796e-09 +0.00000e+00
  1.11588e-04  3.81944e+03  3.12165e-09 +0.00000e+00
  1.38950e-04  3.84077e+03  3.50772e-09 +0.00000e+00
  1.73020e-04  3.86185e+03  3.94124e-09 +0.00000e+00
  2.15443e-04  3.88266e+03  4.42852e-09 +0.00000e+00
  2.68270e-04  3.90319e+03  4.97688e-09 +0.00000e+00
  3.34048e-04  3.92346e+03  5.59367e-09 +0.00000e+00
  4.15956e-04  3.94349e+03  6.28707e-09 +0.00000e+00
  5.17947e-04  3.96330e+03  7.06768e-09 +0.00000e+00
  6.44947e-04  3.98296e+03  7.94672e-09 +0.00000e+00
  8.03086e-04  4.00248e+03  8.93592e-09 +0.00000e+00
  1.00000e-03  4.02196e+03  1.00482e-08 +0.00000e+00
  1.24520e-03  4.04141e+03  1.13009e-08 -2.54580e-07
  1.55052e-03  4.06095e+03  1.27111e-08 -3.17002e-07
  1.93070e-03  4.08063e+03  1.42968e-08 -3.94729e-07
  2.40410e-03  4.10053e+03  1.60791e-08 -4.91516e-07
  2.99358e-03  4.12078e+03  1.80843e-08 -6.12035e-07
  3.72759e-03  4.14143e+03  2.03381e-08 -7.62103e-07
  4.64159e-03  4.16269e+03  2.28670e-08 -9.48969e-07
  5.77969e-03  4.18462e+03  2.57041e-08 -1.18165e-06
  7.19686e-03  4.20745e+03  2.88871e-08 -1.47139e-06
  8.96151e-03  4.23132e+03  3.24518e-08 -1.83217e-06
  1.11588e-02  4.25640e+03  3.64365e-08 -2.28141e-06
  1.38950e-02  4.28288e+03  4.08895e-08 -2.84082e-06
  1.73020e-02  4.31091e+03  4.58620e-08 -3.53738e-06
  2.15443e-02  4.34082e+03  5.14011e-08 -4.40473e-06
  2.68270e-02  4.37282e+03  5.75570e-08 -5.48474e-06
  3.34048e-02  4.40730e+03  6.43950e-08 -6.82957e-06
  4.15956e-02  4.44466e+03  7.19741e-08 -8.50419e-06
  5.17947e-02  4.48542e+03  8.03468e-08 -1.05894e-05
  6.44947e-02  4.53027e+03  8.95641e-08 -1.31859e-05
  8.03086e-02  4.57997e+03  9.96961e-08 -1.64190e-05
  1.00000e-01  4.63558e+03  1.10788e-07 -2.04449e-05
  1.24520e-01  4.69826e+03  1.22874e-07 -2.54580e-05
  1.55052e-01  4.76903e+03  1.35997e-07 -3.17002e-05
  1.93070e-01  4.84918e+03  1.50232e-07 -3.94729e-05
  2.40410e-01  4.94059e+03  1.65617e-07 -4.91516e-05
  2.99358e-01  5.04378e+03  1.82247e-07 -6.12035e-05
  3.72759e-01  5.15991e+03  2.00234e-07 -7.62103e-05
  4.64159e-01  5.29033e+03  2.19732e-07 -9.48969e-05
  5.77969e-01  5.44386e+03  2.40458e-07 -1.18165e-04
  7.19686e-01  5.60826e+03  2.62818e-07 -1.47139e-04
  8.96151e-01  5.77007e+03  2.87073e-07 -1.83217e-04
  1.11588e+00  6.01720e+03  3.07088e-07 -2.28141e-04
  1.38950e+00  6.26094e+03  3.24996e-07 -2.83852e-04
  1.73020e+00  6.55648e+03  3.36142e-07 -4.29316e-05
  2.15443e+00  6.89352e+03  3.39802e-07 +2.86347e-03
  2.68270e+00  7.10270e+03  3.47202e-07 +6.89856e-03
  3.34048e+00  7.30676e+03  3.53648e-07 +1.68204e-02
  4.15956e+00  7.50357e+03  3.59551e-07 +2.76657e-02
  5.17947e+00  7.68961e+03  3.65405e-07 +3.72966e-02
  6.44947e+00  7.86515e+03  3.71482e-07 +4.52008e-02
  8.03086e+00  8.03195e+03  3.77922e-07 +5.15050e-02
  1.00000e+01  8.19193e+03  3.84808e-07 +5.65411e-02
  1.24520e+01  8.34657e+03  3.92208e-07 +6.05924e-02
  1.55052e+01  8.49712e+03  4.00179e-07 +6.38596e-02
  1.93070e+01  8.64477e+03  4.08759e-07 +6.64998e-02
  2.40410e+01  8.79021e+03  4.18000e-07 +6.86979e-02
  2.99358e+01  8.93338e+03  4.27990e-07 +7.05594e-02
  3.72759e+01  9.07400e+03  4.38845e-07 +7.21288e-02
  4.64159e+01  9.21200e+03  4.50683e-07 +7.34326e-02
  5.77969e+01  9.34760e+03  4.63616e-07 +7.45046e-02
  7.19686e+01  9.48123e+03  4.77749e-07 +7.53796e-02
  8.96151e+01  9.61338e+03  4.93186e-07 +7.60982e-02
  1.11588e+02  9.74432e+03  5.10048e-07 +7.66906e-02
  1.38950e+02  9.87437e+03  5.28464e-07 +7.71784e-02
  1.73020e+02  1.00039e+04  5.48559e-07 +7.75791e-02
  2.15443e+02  1.01332e+04  5.70481e-07 +7.79098e-02
  2.68270e+02  1.02626e+04  5.94376e-07 +7.81831e-02
  3.34048e+02  1.03924e+04  6.20418e-07 +7.84106e-02
  4.15956e+02  1.05226e+04  6.48788e-07 +7.86002e-02
  5.17947e+02  1.06535e+04  6.79688e-07 +7.87579e-02
  6.44947e+02  1.07853e+04  7.13320e-07 +7.88892e-02
  8.03086e+02  1.09182e+04  7.49888e-07 +7.89982e-02
  1.00000e+03  1.10526e+04  7.89603e-07 +7.90887e-02
