#n1=128 n2=4 Teff=05800 R=2.5898e+13 L=5.4043e+38 logg=+0.00
#   tau          T          rho         Fconv
 0.00000e+00 3.34566e+03 4.35464e-21 +0.00000e+00
 1.00000e-09 3.34566e+03 3.45958e-18 +0.00000e+00
 1.24520e-09 3.34937e+03 4.84391e-18 +0.00000e+00
 1.55052e-09 3.35296e+03 6.70900e-18 +0.00000e+00
 1.93070e-09 3.35660e+03 9.20307e-18 +0.00000e+00
 2.40410e-09 3.36032e+03 1.25153e-17 +0.00000e+00
 2.99358e-09 3.36416e+03 1.68864e-17 +0.00000e+00
 3.72759e-09 3.36815e+03 2.26220e-17 +0.00000e+00
 4.64159e-09 3.37233e+03 3.01085e-17 +0.00000e+00
 5.77969e-09 3.37674e+03 3.98340e-17 +0.00000e+00
 7.19686e-09 3.38143e+03 5.24131e-17 +0.00000e+00
 8.96151e-09 3.38643e+03 6.86189e-17 +0.00000e+00
 1.11588e-08 3.39179e+03 8.94216e-17 +0.00000e+00
 1.38950e-08 3.39757e+03 1.16038e-16 +0.00000e+00
 1.73020e-08 3.40380e+03 1.49989e-16 +0.00000e+00
 2.15443e-08 3.41055e+03 1.93178e-16 +0.00000e+00
 2.68270e-08 3.41784e+03 2.47981e-16 +0.00000e+00
 3.34048e-08 3.42574e+03 3.17361e-16 +0.00000e+00
 4.15956e-08 3.43425e+03 4.05014e-16 +0.00000e+00
 5.17947e-08 3.44339e+03 5.15552e-16 +0.00000e+00
 6.44947e-08 3.45314e+03 6.54725e-16 +0.00000e+00
 8.03086e-08 3.46348e+03 8.29710e-16 +0.00000e+00
 1.00000e-07 3.47435e+03 1.04947e-15 +0.00000e+00
 1.24520e-07 3.48569e+03 1.32520e-15 +0.00000e+00
 1.55052e-07 3.49743e+03 1.67091e-15 +0.00000e+00
 1.93070e-07 3.50951e+03 2.10410e-15 +0.00000e+00
 2.40410e-07 3.52185e+03 2.64667e-15 +0.00000e+00
 2.99358e-07 3.53442e+03 3.32599e-15 +0.00000e+00
 3.72759e-07 3.54727e+03 4.17617e-15 +0.00000e+00
 4.64159e-07 3.56044e+03 5.23966e-15 +0.00000e+00
 5.77969e-07 3.57403e+03 6.56926e-15 +0.00000e+00
 7.19686e-07 3.58811e+03 8.23049e-15 +0.00000e+00
 8.96151e-07 3.60276e+03 1.03048e-14 +0.00000e+00
 1.11588e-06 3.61799e+03 1.28932e-14 +0.00000e+00
 1.38950e-06 3.63378e+03 1.61217e-14 +0.00000e+00
 1.73020e-06 3.65007e+03 2.01468e-14 +0.00000e+00
 2.15443e-06 3.66680e+03 2.51637e-14 +0.00000e+00
 2.68270e-06 3.68388e+03 3.14155e-14 +0.00000e+00
 3.34048e-06 3.70124e+03 3.92052e-14 +0.00000e+00
 4.15956e-06 3.71881e+03 4.89110e-14 +0.00000e+00
 5.17947e-06 3.73650e+03 6.10046e-14 +0.00000e+00
 6.44947e-06 3.75423e+03 7.60754e-14 +0.00000e+00
 8.03086e-06 3.77195e+03 9.48592e-14 +0.00000e+00
 1.00000e-05 3.78963e+03 1.18274e-13 +0.00000e+00
 1.24520e-05 3.80733e+03 1.47463e-13 +0.00000e+00
 1.55052e-05 3.82523e+03 1.83841e-13 +0.00000e+00
 1.93070e-05 3.84360e+03 2.29152e-13 +0.00000e+00
 2.40410e-05 3.86288e+03 2.85531e-13 +0.00000e+00
 2.99358e-05 3.88351e+03 3.55578e-13 +0.00000e+00
 3.72759e-05 3.90589e+03 4.42454e-13 +0.00000e+00
 4.64159e-05 3.93022e+03 5.50001e-13 +0.00000e+00
 5.77969e-05 3.95655e+03 6.82902e-13 +0.00000e+00
 7.19686e-05 3.98481e+03 8.46844e-13 +0.00000e+00
 8.96151e-05 4.01493e+03 1.04871e-12 +0.00000e+00
 1.11588e-04 4.04687e+03 1.29677e-12 +0.00000e+00
 1.38950e-04 4.08056e+03 1.60096e-12 +0.00000e+00
 1.73020e-04 4.11595e+03 1.97309e-12 +0.00000e+00
 2.15443e-04 4.15302e+03 2.42707e-12 +0.00000e+00
 2.68270e-04 4.19170e+03 2.97924e-12 +0.00000e+00
 3.34048e-04 4.23176e+03 3.64865e-12 +0.00000e+00
 4.15956e-04 4.27276e+03 4.45772e-12 +0.00000e+00
 5.17947e-04 4.31400e+03 5.43297e-12 +0.00000e+00
 6.44947e-04 4.35455e+03 6.60646e-12 +0.00000e+00
 8.03086e-04 4.39343e+03 8.01745e-12 +0.00000e+00
 1.00000e-03 4.42991e+03 9.71420e-12 +0.00000e+00
 1.24520e-03 4.46358e+03 1.17556e-11 -2.54742e-07
 1.55052e-03 4.49429e+03 1.42133e-11 -3.17204e-07
 1.93070e-03 4.52208e+03 1.71737e-11 -3.94983e-07
 2.40410e-03 4.54717e+03 2.07400e-11 -4.91830e-07
 2.99358e-03 4.56997e+03 2.50331e-11 -6.12427e-07
 3.72759e-03 4.59100e+03 3.01920e-11 -7.62591e-07
 4.64159e-03 4.61081e+03 3.63737e-11 -9.49576e-07
 5.77969e-03 4.62994e+03 4.37524e-11 -1.18241e-06
 7.19686e-03 4.64886e+03 5.25175e-11 -1.47233e-06
 8.96151e-03 4.66801e+03 6.28708e-11 -1.83335e-06
 1.11588e-02 4.68780e+03 7.50211e-11 -2.28287e-06
 1.38950e-02 4.70870e+03 8.91764e-11 -2.84263e-06
 1.73020e-02 4.73116e+03 1.05532e-10 -3.53963e-06
 2.15443e-02 4.75570e+03 1.24256e-10 -4.40755e-06
 2.68270e-02 4.78284e+03 1.45472e-10 -5.48826e-06
 3.34048e-02 4.81313e+03 1.69238e-10 -6.83396e-06
 4.15956e-02 4.84712e+03 1.95527e-10 -8.50963e-06
 5.17947e-02 4.88541e+03 2.24208e-10 -1.05962e-05
 6.44947e-02 4.92857e+03 2.55027e-10 -1.31943e-05
 8.03086e-02 4.97723e+03 2.87603e-10 -1.64295e-05
 1.00000e-01 5.03206e+03 3.21424e-10 -2.04580e-05
 1.24520e-01 5.09384e+03 3.55846e-10 -2.54742e-05
 1.55052e-01 5.16337e+03 3.90123e-10 -3.17204e-05
 1.93070e-01 5.24173e+03 4.23412e-10 -3.94983e-05
 2.40410e-01 5.33040e+03 4.54774e-10 -4.91830e-05
 2.99358e-01 5.43144e+03 4.83182e-10 -6.12427e-05
 3.72759e-01 5.54828e+03 5.07412e-10 -7.62591e-05
 4.64159e-01 5.67981e+03 5.26930e-10 -9.49576e-05
 5.77969e-01 5.83534e+03 5.40213e-10 -1.18241e-04
 7.19686e-01 6.01899e+03 5.46312e-10 -1.47233e-04
 8.96151e-01 6.22993e+03 5.45290e-10 -1.83335e-04
 1.11588e+00 6.49202e+03 5.34778e-10 -2.28286e-04
 1.38950e+00 6.79482e+03 5.16016e-10 -2.84162e-04
 1.73020e+00 7.17569e+03 4.85289e-10 -3.24533e-04
 2.15443e+00 7.73277e+03 4.29855e-10 +1.38790e-02
 2.68270e+00 7.92870e+03 4.09458e-10 +2.34920e-02
 3.34048e+00 8.09051e+03 3.92077e-10 +3.83553e-02
 4.15956e+00 8.23258e+03 3.76518e-10 +4.85275e-02
 5.17947e+00 8.36158e+03 3.62272e-10 +5.53965e-02
 6.44947e+00 8.48313e+03 3.48853e-10 +6.01569e-02
 8.03086e+00 8.60130e+03 3.35916e-10 +6.35583e-02
 1.00000e+01 8.71928e+03 3.23216e-10 +6.60427e-02
 1.24520e+01 8.83989e+03 3.10572e-10 +6.78725e-02
 1.55052e+01 8.96606e+03 2.97837e-10 +6.92016e-02
 1.93070e+01 9.10134e+03 2.84880e-10 +7.01100e-02
 2.40410e+01 9.25074e+03 2.71559e-10 +7.06114e-02
 2.99358e+01 9.42234e+03 2.57687e-10 +7.06236e-02
 3.72759e+01 9.63147e+03 2.42952e-10 +6.98408e-02
 4.64159e+01 9.91431e+03 2.26668e-10 +6.71280e-02
 5.77969e+01 1.03997e+04 2.06616e-10 +5.54355e-02
 7.19686e+01 1.72038e+04 1.16415e-10 -6.13740e-04
 8.96151e+01 1.71608e+04 1.21964e-10 -6.13740e-04
 1.11588e+02 1.83076e+04 1.20938e-10 -6.13740e-04
 1.38950e+02 1.84044e+04 1.28652e-10 -6.13740e-04
 1.73020e+02 2.00868e+04 1.28217e-10 -6.13740e-04
 2.15443e+02 2.08659e+04 1.37101e-10 -6.13740e-04
 2.68270e+02 1.81245e+04 1.73007e-10 -6.13737e-04
 3.34048e+02 2.49506e+04 1.43620e-10 -6.13740e-04
 4.15956e+02 2.05918e+04 1.99087e-10 -6.13740e-04
 5.17947e+02 2.79668e+04 1.77727e-10 -6.13740e-04
 6.44947e+02 2.85864e+04 2.13025e-10 -6.13740e-04
 8.03086e+02 2.87751e+04 2.56958e-10 -6.13740e-04
 1.00000e+03 2.91693e+04 3.05260e-10 -6.13740e-04
