#n1=128 n2=4 Teff=05200 R=5.6915e+12 L=1.6871e+37 logg=+1.00
#   tau          T          rho         Fconv
 0.00000e+00 3.53365e+03 3.86024e-21 +0.00000e+00
 1.00000e-09 3.53365e+03 4.02182e-17 +0.00000e+00
 1.24520e-09 3.53545e+03 5.66339e-17 +0.00000e+00
 1.55052e-09 3.53715e+03 7.89342e-17 +0.00000e+00
 1.93070e-09 3.53880e+03 1.08975e-16 +0.00000e+00
 2.40410e-09 3.54040e+03 1.49133e-16 +0.00000e+00
 2.99358e-09 3.54195e+03 2.02434e-16 +0.00000e+00
 3.72759e-09 3.54348e+03 2.72723e-16 +0.00000e+00
 4.64159e-09 3.54498e+03 3.64874e-16 +0.00000e+00
 5.77969e-09 3.54647e+03 4.85042e-16 +0.00000e+00
 7.19686e-09 3.54796e+03 6.40997e-16 +0.00000e+00
 8.96151e-09 3.54946e+03 8.42527e-16 +0.00000e+00
 1.11588e-08 3.55097e+03 1.10195e-15 +0.00000e+00
 1.38950e-08 3.55250e+03 1.43475e-15 +0.00000e+00
 1.73020e-08 3.55407e+03 1.86037e-15 +0.00000e+00
 2.15443e-08 3.55567e+03 2.40319e-15 +0.00000e+00
 2.68270e-08 3.55733e+03 3.09380e-15 +0.00000e+00
 3.34048e-08 3.55905e+03 3.97052e-15 +0.00000e+00
 4.15956e-08 3.56084e+03 5.08132e-15 +0.00000e+00
 5.17947e-08 3.56272e+03 6.48623e-15 +0.00000e+00
 6.44947e-08 3.56470e+03 8.26035e-15 +0.00000e+00
 8.03086e-08 3.56679e+03 1.04976e-14 +0.00000e+00
 1.00000e-07 3.56900e+03 1.33152e-14 +0.00000e+00
 1.24520e-07 3.57136e+03 1.68598e-14 +0.00000e+00
 1.55052e-07 3.57387e+03 2.13145e-14 +0.00000e+00
 1.93070e-07 3.57655e+03 2.69076e-14 +0.00000e+00
 2.40410e-07 3.57942e+03 3.39242e-14 +0.00000e+00
 2.99358e-07 3.58251e+03 4.27198e-14 +0.00000e+00
 3.72759e-07 3.58584e+03 5.37375e-14 +0.00000e+00
 4.64159e-07 3.58945e+03 6.75294e-14 +0.00000e+00
 5.77969e-07 3.59338e+03 8.47832e-14 +0.00000e+00
 7.19686e-07 3.59768e+03 1.06354e-13 +0.00000e+00
 8.96151e-07 3.60240e+03 1.33307e-13 +0.00000e+00
 1.11588e-06 3.60761e+03 1.66966e-13 +0.00000e+00
 1.38950e-06 3.61335e+03 2.08974e-13 +0.00000e+00
 1.73020e-06 3.61968e+03 2.61376e-13 +0.00000e+00
 2.15443e-06 3.62664e+03 3.26710e-13 +0.00000e+00
 2.68270e-06 3.63427e+03 4.08127e-13 +0.00000e+00
 3.34048e-06 3.64260e+03 5.09541e-13 +0.00000e+00
 4.15956e-06 3.65164e+03 6.35808e-13 +0.00000e+00
 5.17947e-06 3.66139e+03 7.92960e-13 +0.00000e+00
 6.44947e-06 3.67182e+03 9.88480e-13 +0.00000e+00
 8.03086e-06 3.68290e+03 1.23166e-12 +0.00000e+00
 1.00000e-05 3.69459e+03 1.53405e-12 +0.00000e+00
 1.24520e-05 3.70680e+03 1.90996e-12 +0.00000e+00
 1.55052e-05 3.71949e+03 2.37716e-12 +0.00000e+00
 1.93070e-05 3.73263e+03 2.95770e-12 +0.00000e+00
 2.40410e-05 3.74621e+03 3.67884e-12 +0.00000e+00
 2.99358e-05 3.76030e+03 4.57426e-12 +0.00000e+00
 3.72759e-05 3.77498e+03 5.68552e-12 +0.00000e+00
 4.64159e-05 3.79038e+03 7.06378e-12 +0.00000e+00
 5.77969e-05 3.80660e+03 8.77200e-12 +0.00000e+00
 7.19686e-05 3.82367e+03 1.08877e-11 +0.00000e+00
 8.96151e-05 3.84150e+03 1.35062e-11 +0.00000e+00
 1.11588e-04 3.85991e+03 1.67455e-11 +0.00000e+00
 1.38950e-04 3.87861e+03 2.07505e-11 +0.00000e+00
 1.73020e-04 3.89735e+03 2.56995e-11 +0.00000e+00
 2.15443e-04 3.91599e+03 3.18105e-11 +0.00000e+00
 2.68270e-04 3.93453e+03 3.93481e-11 +0.00000e+00
 3.34048e-04 3.95314e+03 4.86314e-11 +0.00000e+00
 4.15956e-04 3.97205e+03 6.00423e-11 +0.00000e+00
 5.17947e-04 3.99141e+03 7.40375e-11 +0.00000e+00
 6.44947e-04 4.01119e+03 9.11607e-11 +0.00000e+00
 8.03086e-04 4.03122e+03 1.12057e-10 +0.00000e+00
 1.00000e-03 4.05114e+03 1.37495e-10 +0.00000e+00
 1.24520e-03 4.07042e+03 1.68386e-10 -2.54638e-07
 1.55052e-03 4.08845e+03 2.05828e-10 -3.17074e-07
 1.93070e-03 4.10474e+03 2.51130e-10 -3.94820e-07
 2.40410e-03 4.11912e+03 3.05852e-10 -4.91629e-07
 2.99358e-03 4.13182e+03 3.71822e-10 -6.12175e-07
 3.72759e-03 4.14334e+03 4.51145e-10 -7.62278e-07
 4.64159e-03 4.15432e+03 5.46205e-10 -9.49186e-07
 5.77969e-03 4.16531e+03 6.59670e-10 -1.18192e-06
 7.19686e-03 4.17670e+03 7.94488e-10 -1.47173e-06
 8.96151e-03 4.18874e+03 9.53879e-10 -1.83259e-06
 1.11588e-02 4.20163e+03 1.14130e-09 -2.28194e-06
 1.38950e-02 4.21555e+03 1.36037e-09 -2.84147e-06
 1.73020e-02 4.23071e+03 1.61476e-09 -3.53819e-06
 2.15443e-02 4.24738e+03 1.90803e-09 -4.40574e-06
 2.68270e-02 4.26590e+03 2.24336e-09 -5.48600e-06
 3.34048e-02 4.28665e+03 2.62322e-09 -6.83114e-06
 4.15956e-02 4.31013e+03 3.04892e-09 -8.50613e-06
 5.17947e-02 4.33691e+03 3.52009e-09 -1.05918e-05
 6.44947e-02 4.36767e+03 4.03405e-09 -1.31889e-05
 8.03086e-02 4.40315e+03 4.58530e-09 -1.64228e-05
 1.00000e-01 4.44422e+03 5.16504e-09 -2.04496e-05
 1.24520e-01 4.49181e+03 5.76100e-09 -2.54638e-05
 1.55052e-01 4.54695e+03 6.35767e-09 -3.17074e-05
 1.93070e-01 4.61077e+03 6.93710e-09 -3.94820e-05
 2.40410e-01 4.68451e+03 7.47999e-09 -4.91629e-05
 2.99358e-01 4.76961e+03 7.96719e-09 -6.12175e-05
 3.72759e-01 4.86771e+03 8.38120e-09 -7.62278e-05
 4.64159e-01 4.98067e+03 8.70786e-09 -9.49186e-05
 5.77969e-01 5.11081e+03 8.93707e-09 -1.18192e-04
 7.19686e-01 5.26079e+03 9.06359e-09 -1.47165e-04
 8.96151e-01 5.43376e+03 9.08698e-09 -1.83127e-04
 1.11588e+00 5.63090e+03 9.01601e-09 -2.26400e-04
 1.38950e+00 5.85424e+03 8.86203e-09 -2.61881e-04
 1.73020e+00 6.11201e+03 8.62770e-09 -8.02997e-05
 2.15443e+00 6.39681e+03 8.33914e-09 +2.09305e-03
 2.68270e+00 6.64223e+03 8.09922e-09 +9.81166e-03
 3.34048e+00 6.86978e+03 7.88053e-09 +2.43428e-02
 4.15956e+00 7.06730e+03 7.69809e-09 +3.83009e-02
 5.17947e+00 7.23683e+03 7.54887e-09 +4.87544e-02
 6.44947e+00 7.38557e+03 7.42413e-09 +5.61743e-02
 8.03086e+00 7.51960e+03 7.31681e-09 +6.14815e-02
 1.00000e+01 7.64320e+03 7.22215e-09 +6.53605e-02
 1.24520e+01 7.75935e+03 7.13690e-09 +6.82668e-02
 1.55052e+01 7.87012e+03 7.05891e-09 +7.04863e-02
 1.93070e+01 7.97696e+03 6.98665e-09 +7.22105e-02
 2.40410e+01 8.08096e+03 6.91907e-09 +7.35691e-02
 2.99358e+01 8.18294e+03 6.85537e-09 +7.46523e-02
 3.72759e+01 8.28352e+03 6.79497e-09 +7.55242e-02
 4.64159e+01 8.38318e+03 6.73749e-09 +7.62285e-02
 5.77969e+01 8.48239e+03 6.68253e-09 +7.68018e-02
 7.19686e+01 8.58148e+03 6.62985e-09 +7.72714e-02
 8.96151e+01 8.68074e+03 6.57929e-09 +7.76576e-02
 1.11588e+02 8.78040e+03 6.53073e-09 +7.79761e-02
 1.38950e+02 8.88071e+03 6.48413e-09 +7.82396e-02
 1.73020e+02 8.98187e+03 6.43947e-09 +7.84580e-02
 2.15443e+02 9.08409e+03 6.39673e-09 +7.86394e-02
 2.68270e+02 9.18759e+03 6.35606e-09 +7.87900e-02
 3.34048e+02 9.29259e+03 6.31742e-09 +7.89157e-02
 4.15956e+02 9.39931e+03 6.28111e-09 +7.90204e-02
 5.17947e+02 9.50801e+03 6.24711e-09 +7.91080e-02
 6.44947e+02 9.61895e+03 6.21587e-09 +7.91809e-02
 8.03086e+02 9.73246e+03 6.18739e-09 +7.92419e-02
 1.00000e+03 9.84885e+03 6.16218e-09 +7.92930e-02
