#n1=128 n2=4 Teff=05400 R=7.1835e+11 L=3.1276e+35 logg=+2.50
#   tau          T          rho         Fconv
 0.00000e+00 2.66534e+03 5.62007e-21 +0.00000e+00
 1.00000e-09 2.66534e+03 7.20744e-15 +0.00000e+00
 1.24520e-09 2.66855e+03 8.96981e-15 +0.00000e+00
 1.55052e-09 2.67212e+03 1.11618e-14 +0.00000e+00
 1.93070e-09 2.67607e+03 1.38877e-14 +0.00000e+00
 2.40410e-09 2.68059e+03 1.72758e-14 +0.00000e+00
 2.99358e-09 2.68583e+03 2.14850e-14 +0.00000e+00
 3.72759e-09 2.69196e+03 2.67110e-14 +0.00000e+00
 4.64159e-09 2.69916e+03 3.31950e-14 +0.00000e+00
 5.77969e-09 2.70755e+03 4.12344e-14 +0.00000e+00
 7.19686e-09 2.71727e+03 5.11953e-14 +0.00000e+00
 8.96151e-09 2.72833e+03 6.35299e-14 +0.00000e+00
 1.11588e-08 2.74075e+03 7.87957e-14 +0.00000e+00
 1.38950e-08 2.75444e+03 9.76822e-14 +0.00000e+00
 1.73020e-08 2.76928e+03 1.21043e-13 +0.00000e+00
 2.15443e-08 2.78509e+03 1.49934e-13 +0.00000e+00
 2.68270e-08 2.80167e+03 1.85667e-13 +0.00000e+00
 3.34048e-08 2.81882e+03 2.29864e-13 +0.00000e+00
 4.15956e-08 2.83630e+03 2.84545e-13 +0.00000e+00
 5.17947e-08 2.85390e+03 3.52210e-13 +0.00000e+00
 6.44947e-08 2.87141e+03 4.35974e-13 +0.00000e+00
 8.03086e-08 2.88867e+03 5.39692e-13 +0.00000e+00
 1.00000e-07 2.90551e+03 6.68163e-13 +0.00000e+00
 1.24520e-07 2.92192e+03 8.27308e-13 +0.00000e+00
 1.55052e-07 2.93787e+03 1.02446e-12 +0.00000e+00
 1.93070e-07 2.95359e+03 1.26862e-12 +0.00000e+00
 2.40410e-07 2.96928e+03 1.57085e-12 +0.00000e+00
 2.99358e-07 2.98526e+03 1.94467e-12 +0.00000e+00
 3.72759e-07 3.00169e+03 2.40673e-12 +0.00000e+00
 4.64159e-07 3.01867e+03 2.97751e-12 +0.00000e+00
 5.77969e-07 3.03606e+03 3.68231e-12 +0.00000e+00
 7.19686e-07 3.05370e+03 4.55235e-12 +0.00000e+00
 8.96151e-07 3.07141e+03 5.62598e-12 +0.00000e+00
 1.11588e-06 3.08905e+03 6.95028e-12 +0.00000e+00
 1.38950e-06 3.10654e+03 8.58266e-12 +0.00000e+00
 1.73020e-06 3.12388e+03 1.05931e-11 +0.00000e+00
 2.15443e-06 3.14114e+03 1.30661e-11 +0.00000e+00
 2.68270e-06 3.15845e+03 1.61037e-11 +0.00000e+00
 3.34048e-06 3.17601e+03 1.98277e-11 +0.00000e+00
 4.15956e-06 3.19397e+03 2.43839e-11 +0.00000e+00
 5.17947e-06 3.21253e+03 2.99440e-11 +0.00000e+00
 6.44947e-06 3.23182e+03 3.67114e-11 +0.00000e+00
 8.03086e-06 3.25208e+03 4.49213e-11 +0.00000e+00
 1.00000e-05 3.27347e+03 5.48462e-11 +0.00000e+00
 1.24520e-05 3.29617e+03 6.67985e-11 +0.00000e+00
 1.55052e-05 3.32042e+03 8.11276e-11 +0.00000e+00
 1.93070e-05 3.34628e+03 9.82347e-11 +0.00000e+00
 2.40410e-05 3.37389e+03 1.18554e-10 +0.00000e+00
 2.99358e-05 3.40335e+03 1.42579e-10 +0.00000e+00
 3.72759e-05 3.43479e+03 1.70833e-10 +0.00000e+00
 4.64159e-05 3.46859e+03 2.03878e-10 +0.00000e+00
 5.77969e-05 3.50520e+03 2.42315e-10 +0.00000e+00
 7.19686e-05 3.54541e+03 2.86726e-10 +0.00000e+00
 8.96151e-05 3.59021e+03 3.37747e-10 +0.00000e+00
 1.11588e-04 3.64041e+03 3.96015e-10 +0.00000e+00
 1.38950e-04 3.69554e+03 4.62398e-10 +0.00000e+00
 1.73020e-04 3.75247e+03 5.38356e-10 +0.00000e+00
 2.15443e-04 3.80672e+03 6.25796e-10 +0.00000e+00
 2.68270e-04 3.85620e+03 7.26722e-10 +0.00000e+00
 3.34048e-04 3.90193e+03 8.42817e-10 +0.00000e+00
 4.15956e-04 3.94557e+03 9.75607e-10 +0.00000e+00
 5.17947e-04 3.98778e+03 1.12711e-09 +0.00000e+00
 6.44947e-04 4.02832e+03 1.29967e-09 +0.00000e+00
 8.03086e-04 4.06658e+03 1.49590e-09 +0.00000e+00
 1.00000e-03 4.10214e+03 1.71885e-09 +0.00000e+00
 1.24520e-03 4.13495e+03 1.97169e-09 -2.54468e-07
 1.55052e-03 4.16514e+03 2.25783e-09 -3.16863e-07
 1.93070e-03 4.19296e+03 2.58120e-09 -3.94555e-07
 2.40410e-03 4.21871e+03 2.94609e-09 -4.91299e-07
 2.99358e-03 4.24275e+03 3.35722e-09 -6.11765e-07
 3.72759e-03 4.26547e+03 3.82003e-09 -7.61769e-07
 4.64159e-03 4.28724e+03 4.34040e-09 -9.48552e-07
 5.77969e-03 4.30842e+03 4.92491e-09 -1.18113e-06
 7.19686e-03 4.32938e+03 5.58100e-09 -1.47074e-06
 8.96151e-03 4.35052e+03 6.31663e-09 -1.83137e-06
 1.11588e-02 4.37220e+03 7.14038e-09 -2.28041e-06
 1.38950e-02 4.39481e+03 8.06193e-09 -2.83957e-06
 1.73020e-02 4.41878e+03 9.09160e-09 -3.53582e-06
 2.15443e-02 4.44460e+03 1.02395e-08 -4.40278e-06
 2.68270e-02 4.47274e+03 1.15163e-08 -5.48233e-06
 3.34048e-02 4.50362e+03 1.29336e-08 -6.82658e-06
 4.15956e-02 4.53767e+03 1.45019e-08 -8.50046e-06
 5.17947e-02 4.57547e+03 1.62282e-08 -1.05847e-05
 6.44947e-02 4.61766e+03 1.81179e-08 -1.31801e-05
 8.03086e-02 4.66487e+03 2.01725e-08 -1.64118e-05
 1.00000e-01 4.71756e+03 2.23839e-08 -2.04359e-05
 1.24520e-01 4.77639e+03 2.47308e-08 -2.54468e-05
 1.55052e-01 4.84198e+03 2.71832e-08 -3.16863e-05
 1.93070e-01 4.91506e+03 2.96961e-08 -3.94555e-05
 2.40410e-01 4.99661e+03 3.22048e-08 -4.91299e-05
 2.99358e-01 5.08805e+03 3.46261e-08 -6.11765e-05
 3.72759e-01 5.19137e+03 3.68678e-08 -7.61769e-05
 4.64159e-01 5.30500e+03 3.88764e-08 -9.48552e-05
 5.77969e-01 5.43754e+03 4.05207e-08 -1.18113e-04
 7.19686e-01 5.59736e+03 4.16578e-08 -1.47003e-04
 8.96151e-01 5.77983e+03 4.22998e-08 -1.80805e-04
 1.11588e+00 6.01394e+03 4.22135e-08 -1.77738e-04
 1.38950e+00 6.26423e+03 4.17250e-08 +1.75161e-04
 1.73020e+00 6.51688e+03 4.10326e-08 +2.22689e-03
 2.15443e+00 6.74022e+03 4.04294e-08 +7.61835e-03
 2.68270e+00 6.95703e+03 3.98103e-08 +1.76465e-02
 3.34048e+00 7.16218e+03 3.92260e-08 +2.98702e-02
 4.15956e+00 7.35064e+03 3.87184e-08 +4.01239e-02
 5.17947e+00 7.52250e+03 3.82957e-08 +4.86763e-02
 6.44947e+00 7.67911e+03 3.79572e-08 +5.53997e-02
 8.03086e+00 7.82352e+03 3.76918e-08 +6.04929e-02
 1.00000e+01 7.95869e+03 3.74882e-08 +6.43526e-02
 1.24520e+01 8.08709e+03 3.73369e-08 +6.72995e-02
 1.55052e+01 8.21064e+03 3.72311e-08 +6.95876e-02
 1.93070e+01 8.33070e+03 3.71661e-08 +7.13931e-02
 2.40410e+01 8.44829e+03 3.71390e-08 +7.28332e-02
 2.99358e+01 8.56434e+03 3.71469e-08 +7.39802e-02
 3.72759e+01 8.67965e+03 3.71874e-08 +7.49117e-02
 4.64159e+01 8.79460e+03 3.72597e-08 +7.56838e-02
 5.77969e+01 8.90922e+03 3.73656e-08 +7.63316e-02
 7.19686e+01 9.02343e+03 3.75078e-08 +7.68715e-02
 8.96151e+01 9.13739e+03 3.76882e-08 +7.73180e-02
 1.11588e+02 9.25121e+03 3.79088e-08 +7.76900e-02
 1.38950e+02 9.36493e+03 3.81734e-08 +7.80000e-02
 1.73020e+02 9.47858e+03 3.84863e-08 +7.82587e-02
 2.15443e+02 9.59219e+03 3.88521e-08 +7.84735e-02
 2.68270e+02 9.70587e+03 3.92757e-08 +7.86520e-02
 3.34048e+02 9.81966e+03 3.97628e-08 +7.88007e-02
 4.15956e+02 9.93363e+03 4.03204e-08 +7.89245e-02
 5.17947e+02 1.00478e+04 4.09562e-08 +7.90277e-02
 6.44947e+02 1.01620e+04 4.16806e-08 +7.91146e-02
 8.03086e+02 1.02763e+04 4.25048e-08 +7.91865e-02
 1.00000e+03 1.03908e+04 4.34385e-08 +7.92454e-02
