#n1=128 n2=4 Teff=05100 R=1.1451e+13 L=6.3125e+37 logg=+0.50
#   tau          T          rho         Fconv
 0.00000e+00 2.41065e+03 6.44279e-21 +0.00000e+00
 1.00000e-09 2.41065e+03 5.19837e-17 +0.00000e+00
 1.24520e-09 2.42271e+03 6.49369e-17 +0.00000e+00
 1.55052e-09 2.43553e+03 8.10060e-17 +0.00000e+00
 1.93070e-09 2.44894e+03 1.00935e-16 +0.00000e+00
 2.40410e-09 2.46287e+03 1.25642e-16 +0.00000e+00
 2.99358e-09 2.47724e+03 1.56267e-16 +0.00000e+00
 3.72759e-09 2.49203e+03 1.94217e-16 +0.00000e+00
 4.64159e-09 2.50719e+03 2.41236e-16 +0.00000e+00
 5.77969e-09 2.52270e+03 2.99480e-16 +0.00000e+00
 7.19686e-09 2.53858e+03 3.71614e-16 +0.00000e+00
 8.96151e-09 2.55485e+03 4.60926e-16 +0.00000e+00
 1.11588e-08 2.57155e+03 5.71473e-16 +0.00000e+00
 1.38950e-08 2.58876e+03 7.08249e-16 +0.00000e+00
 1.73020e-08 2.60654e+03 8.77400e-16 +0.00000e+00
 2.15443e-08 2.62497e+03 1.08648e-15 +0.00000e+00
 2.68270e-08 2.64413e+03 1.34477e-15 +0.00000e+00
 3.34048e-08 2.66415e+03 1.66362e-15 +0.00000e+00
 4.15956e-08 2.68511e+03 2.05695e-15 +0.00000e+00
 5.17947e-08 2.70707e+03 2.54182e-15 +0.00000e+00
 6.44947e-08 2.73023e+03 3.13896e-15 +0.00000e+00
 8.03086e-08 2.75468e+03 3.87372e-15 +0.00000e+00
 1.00000e-07 2.78049e+03 4.77705e-15 +0.00000e+00
 1.24520e-07 2.80778e+03 5.88669e-15 +0.00000e+00
 1.55052e-07 2.83663e+03 7.24864e-15 +0.00000e+00
 1.93070e-07 2.86707e+03 8.91917e-15 +0.00000e+00
 2.40410e-07 2.89912e+03 1.09672e-14 +0.00000e+00
 2.99358e-07 2.93268e+03 1.34776e-14 +0.00000e+00
 3.72759e-07 2.96757e+03 1.65553e-14 +0.00000e+00
 4.64159e-07 3.00351e+03 2.03306e-14 +0.00000e+00
 5.77969e-07 3.04011e+03 2.49658e-14 +0.00000e+00
 7.19686e-07 3.07695e+03 3.06633e-14 +0.00000e+00
 8.96151e-07 3.11361e+03 3.76754e-14 +0.00000e+00
 1.11588e-06 3.14975e+03 4.63155e-14 +0.00000e+00
 1.38950e-06 3.18508e+03 5.69731e-14 +0.00000e+00
 1.73020e-06 3.21949e+03 7.01290e-14 +0.00000e+00
 2.15443e-06 3.25288e+03 8.63795e-14 +0.00000e+00
 2.68270e-06 3.28527e+03 1.06460e-13 +0.00000e+00
 3.34048e-06 3.31662e+03 1.31281e-13 +0.00000e+00
 4.15956e-06 3.34701e+03 1.61965e-13 +0.00000e+00
 5.17947e-06 3.37643e+03 1.99903e-13 +0.00000e+00
 6.44947e-06 3.40497e+03 2.46801e-13 +0.00000e+00
 8.03086e-06 3.43265e+03 3.04768e-13 +0.00000e+00
 1.00000e-05 3.45958e+03 3.76388e-13 +0.00000e+00
 1.24520e-05 3.48583e+03 4.64832e-13 +0.00000e+00
 1.55052e-05 3.51149e+03 5.73978e-13 +0.00000e+00
 1.93070e-05 3.53662e+03 7.08560e-13 +0.00000e+00
 2.40410e-05 3.56131e+03 8.74331e-13 +0.00000e+00
 2.99358e-05 3.58559e+03 1.07828e-12 +0.00000e+00
 3.72759e-05 3.60950e+03 1.32883e-12 +0.00000e+00
 4.64159e-05 3.63303e+03 1.63614e-12 +0.00000e+00
 5.77969e-05 3.65621e+03 2.01233e-12 +0.00000e+00
 7.19686e-05 3.67899e+03 2.47186e-12 +0.00000e+00
 8.96151e-05 3.70140e+03 3.03177e-12 +0.00000e+00
 1.11588e-04 3.72342e+03 3.71206e-12 +0.00000e+00
 1.38950e-04 3.74504e+03 4.53602e-12 +0.00000e+00
 1.73020e-04 3.76630e+03 5.53052e-12 +0.00000e+00
 2.15443e-04 3.78720e+03 6.72634e-12 +0.00000e+00
 2.68270e-04 3.80775e+03 8.15848e-12 +0.00000e+00
 3.34048e-04 3.82798e+03 9.86640e-12 +0.00000e+00
 4.15956e-04 3.84792e+03 1.18944e-11 +0.00000e+00
 5.17947e-04 3.86762e+03 1.42918e-11 +0.00000e+00
 6.44947e-04 3.88713e+03 1.71134e-11 +0.00000e+00
 8.03086e-04 3.90648e+03 2.04201e-11 +0.00000e+00
 1.00000e-03 3.92578e+03 2.42791e-11 +0.00000e+00
 1.24520e-03 3.94503e+03 2.87654e-11 -2.54896e-07
 1.55052e-03 3.96437e+03 3.39615e-11 -3.17396e-07
 1.93070e-03 3.98384e+03 3.99596e-11 -3.95220e-07
 2.40410e-03 4.00353e+03 4.68621e-11 -4.92126e-07
 2.99358e-03 4.02357e+03 5.47800e-11 -6.12796e-07
 3.72759e-03 4.04401e+03 6.38449e-11 -7.63050e-07
 4.64159e-03 4.06509e+03 7.41990e-11 -9.50148e-07
 5.77969e-03 4.08684e+03 8.60045e-11 -1.18312e-06
 7.19686e-03 4.10953e+03 9.94401e-11 -1.47322e-06
 8.96151e-03 4.13328e+03 1.14710e-10 -1.83445e-06
 1.11588e-02 4.15830e+03 1.32042e-10 -2.28425e-06
 1.38950e-02 4.18478e+03 1.51696e-10 -2.84435e-06
 1.73020e-02 4.21289e+03 1.73962e-10 -3.54178e-06
 2.15443e-02 4.24297e+03 1.99167e-10 -4.41021e-06
 2.68270e-02 4.27525e+03 2.27682e-10 -5.49156e-06
 3.34048e-02 4.31014e+03 2.59922e-10 -6.83808e-06
 4.15956e-02 4.34803e+03 2.96357e-10 -8.51475e-06
 5.17947e-02 4.38946e+03 3.37511e-10 -1.06025e-05
 6.44947e-02 4.43509e+03 3.83967e-10 -1.32023e-05
 8.03086e-02 4.48567e+03 4.36373e-10 -1.64394e-05
 1.00000e-01 4.54216e+03 4.95419e-10 -2.04703e-05
 1.24520e-01 4.60565e+03 5.61813e-10 -2.54896e-05
 1.55052e-01 4.67704e+03 6.36236e-10 -3.17396e-05
 1.93070e-01 4.75752e+03 7.19102e-10 -3.95220e-05
 2.40410e-01 4.84889e+03 8.10177e-10 -4.92126e-05
 2.99358e-01 4.95179e+03 9.08289e-10 -6.12796e-05
 3.72759e-01 5.06762e+03 1.01046e-09 -7.63050e-05
 4.64159e-01 5.19802e+03 1.11173e-09 -9.50148e-05
 5.77969e-01 5.35280e+03 1.20312e-09 -1.18312e-04
 7.19686e-01 5.52357e+03 1.27964e-09 -1.47322e-04
 8.96151e-01 5.69179e+03 1.34439e-09 -1.83445e-04
 1.11588e+00 5.93613e+03 1.37248e-09 -2.28425e-04
 1.38950e+00 6.17725e+03 1.38324e-09 -2.84435e-04
 1.73020e+00 6.47295e+03 1.36491e-09 -3.54170e-04
 2.15443e+00 6.77493e+03 1.33192e-09 -4.40791e-04
 2.68270e+00 7.12731e+03 1.27650e-09 -5.32283e-04
 3.34048e+00 7.74420e+03 1.14217e-09 +8.89418e-03
 4.15956e+00 7.91585e+03 1.10669e-09 +2.31523e-02
 5.17947e+00 8.07049e+03 1.07362e-09 +3.71330e-02
 6.44947e+00 8.20759e+03 1.04375e-09 +4.75516e-02
 8.03086e+00 8.33175e+03 1.01641e-09 +5.48895e-02
 1.00000e+01 8.44731e+03 9.90824e-10 +6.01139e-02
 1.24520e+01 8.55753e+03 9.66373e-10 +6.39296e-02
 1.55052e+01 8.66477e+03 9.42615e-10 +6.67885e-02
 1.93070e+01 8.77089e+03 9.19221e-10 +6.89759e-02
 2.40410e+01 8.87736e+03 8.95947e-10 +7.06779e-02
 2.99358e+01 8.98554e+03 8.72603e-10 +7.20180e-02
 3.72759e+01 9.09671e+03 8.49035e-10 +7.30804e-02
 4.64159e+01 9.21229e+03 8.25113e-10 +7.39233e-02
 5.77969e+01 9.33391e+03 8.00719e-10 +7.45868e-02
 7.19686e+01 9.46366e+03 7.75731e-10 +7.50969e-02
 8.96151e+01 9.60438e+03 7.50011e-10 +7.54668e-02
 1.11588e+02 9.76032e+03 7.23371e-10 +7.56944e-02
 1.38950e+02 9.93827e+03 6.95525e-10 +7.57526e-02
 1.73020e+02 1.01505e+04 6.65961e-10 +7.55582e-02
 2.15443e+02 1.04225e+04 6.33610e-10 +7.48521e-02
 2.68270e+02 1.08242e+04 5.95606e-10 +7.25437e-02
 3.34048e+02 1.17038e+04 5.38682e-10 +5.72146e-02
 4.15956e+02 1.49793e+04 4.25932e-10 +1.28511e-03
 5.17947e+02 2.70872e+04 2.77495e-10 -6.14109e-04
 6.44947e+02 1.36769e+04 6.35571e-10 +3.37913e-02
 8.03086e+02 3.27034e+04 3.04079e-10 -6.14109e-04
 1.00000e+03 3.19848e+04 4.65598e-10 -6.14109e-04
