#n1=128 n2=4 Teff=05100 R=3.1313e+12 L=4.7341e+36 logg=+1.50
#   tau          T          rho         Fconv
 0.00000e+00 3.01180e+03 4.95449e-21 +0.00000e+00
 1.00000e-09 3.01180e+03 6.09677e-16 +0.00000e+00
 1.24520e-09 3.01231e+03 7.60784e-16 +0.00000e+00
 1.55052e-09 3.01279e+03 9.49211e-16 +0.00000e+00
 1.93070e-09 3.01327e+03 1.18415e-15 +0.00000e+00
 2.40410e-09 3.01373e+03 1.47708e-15 +0.00000e+00
 2.99358e-09 3.01417e+03 1.84229e-15 +0.00000e+00
 3.72759e-09 3.01458e+03 2.29760e-15 +0.00000e+00
 4.64159e-09 3.01496e+03 2.86524e-15 +0.00000e+00
 5.77969e-09 3.01528e+03 3.57293e-15 +0.00000e+00
 7.19686e-09 3.01551e+03 4.45522e-15 +0.00000e+00
 8.96151e-09 3.01564e+03 5.55526e-15 +0.00000e+00
 1.11588e-08 3.01561e+03 6.92689e-15 +0.00000e+00
 1.38950e-08 3.01534e+03 8.63745e-15 +0.00000e+00
 1.73020e-08 3.01470e+03 1.07713e-14 +0.00000e+00
 2.15443e-08 3.01278e+03 1.34375e-14 +0.00000e+00
 2.68270e-08 3.00286e+03 1.68078e-14 +0.00000e+00
 3.34048e-08 2.98644e+03 2.10690e-14 +0.00000e+00
 4.15956e-08 2.95797e+03 2.65183e-14 +0.00000e+00
 5.17947e-08 2.92555e+03 3.34241e-14 +0.00000e+00
 6.44947e-08 2.90262e+03 4.19944e-14 +0.00000e+00
 8.03086e-08 2.88669e+03 5.26355e-14 +0.00000e+00
 1.00000e-07 2.88959e+03 6.55427e-14 +0.00000e+00
 1.24520e-07 2.88809e+03 8.17373e-14 +0.00000e+00
 1.55052e-07 2.88739e+03 1.01903e-13 +0.00000e+00
 1.93070e-07 2.88735e+03 1.27012e-13 +0.00000e+00
 2.40410e-07 2.89097e+03 1.58105e-13 +0.00000e+00
 2.99358e-07 2.89601e+03 1.96711e-13 +0.00000e+00
 3.72759e-07 2.90268e+03 2.44604e-13 +0.00000e+00
 4.64159e-07 2.91002e+03 3.04086e-13 +0.00000e+00
 5.77969e-07 2.91842e+03 3.77894e-13 +0.00000e+00
 7.19686e-07 2.92736e+03 4.69529e-13 +0.00000e+00
 8.96151e-07 2.93729e+03 5.83188e-13 +0.00000e+00
 1.11588e-06 2.94817e+03 7.24129e-13 +0.00000e+00
 1.38950e-06 2.96026e+03 8.98769e-13 +0.00000e+00
 1.73020e-06 2.97354e+03 1.11508e-12 +0.00000e+00
 2.15443e-06 2.98788e+03 1.38297e-12 +0.00000e+00
 2.68270e-06 3.00325e+03 1.71465e-12 +0.00000e+00
 3.34048e-06 3.01928e+03 2.12542e-12 +0.00000e+00
 4.15956e-06 3.03602e+03 2.63400e-12 +0.00000e+00
 5.17947e-06 3.05303e+03 3.26397e-12 +0.00000e+00
 6.44947e-06 3.07053e+03 4.04398e-12 +0.00000e+00
 8.03086e-06 3.08821e+03 5.01006e-12 +0.00000e+00
 1.00000e-05 3.10651e+03 6.20558e-12 +0.00000e+00
 1.24520e-05 3.12529e+03 7.68501e-12 +0.00000e+00
 1.55052e-05 3.14519e+03 9.51343e-12 +0.00000e+00
 1.93070e-05 3.16606e+03 1.17727e-11 +0.00000e+00
 2.40410e-05 3.18847e+03 1.45606e-11 +0.00000e+00
 2.99358e-05 3.21218e+03 1.80001e-11 +0.00000e+00
 3.72759e-05 3.23749e+03 2.22390e-11 +0.00000e+00
 4.64159e-05 3.26416e+03 2.74617e-11 +0.00000e+00
 5.77969e-05 3.29233e+03 3.38907e-11 +0.00000e+00
 7.19686e-05 3.32187e+03 4.18003e-11 +0.00000e+00
 8.96151e-05 3.35302e+03 5.15204e-11 +0.00000e+00
 1.11588e-04 3.38595e+03 6.34514e-11 +0.00000e+00
 1.38950e-04 3.42103e+03 7.80719e-11 +0.00000e+00
 1.73020e-04 3.45855e+03 9.59579e-11 +0.00000e+00
 2.15443e-04 3.49859e+03 1.17803e-10 +0.00000e+00
 2.68270e-04 3.54082e+03 1.44451e-10 +0.00000e+00
 3.34048e-04 3.58437e+03 1.76935e-10 +0.00000e+00
 4.15956e-04 3.62801e+03 2.16517e-10 +0.00000e+00
 5.17947e-04 3.67060e+03 2.64712e-10 +0.00000e+00
 6.44947e-04 3.71150e+03 3.23279e-10 +0.00000e+00
 8.03086e-04 3.75061e+03 3.94236e-10 +0.00000e+00
 1.00000e-03 3.78794e+03 4.79879e-10 +0.00000e+00
 1.24520e-03 3.82336e+03 5.82816e-10 -2.54149e-07
 1.55052e-03 3.85676e+03 7.06015e-10 -3.16466e-07
 1.93070e-03 3.88813e+03 8.52696e-10 -3.94063e-07
 2.40410e-03 3.91743e+03 1.02657e-09 -4.90685e-07
 2.99358e-03 3.94493e+03 1.23148e-09 -6.11002e-07
 3.72759e-03 3.97088e+03 1.47178e-09 -7.60815e-07
 4.64159e-03 3.99562e+03 1.75205e-09 -9.47366e-07
 5.77969e-03 4.01946e+03 2.07706e-09 -1.17966e-06
 7.19686e-03 4.04267e+03 2.45227e-09 -1.46891e-06
 8.96151e-03 4.06554e+03 2.88281e-09 -1.82908e-06
 1.11588e-02 4.08838e+03 3.37440e-09 -2.27756e-06
 1.38950e-02 4.11156e+03 3.93297e-09 -2.83602e-06
 1.73020e-02 4.13546e+03 4.56330e-09 -3.53141e-06
 2.15443e-02 4.16050e+03 5.27057e-09 -4.39730e-06
 2.68270e-02 4.18713e+03 6.05918e-09 -5.47549e-06
 3.34048e-02 4.21582e+03 6.93065e-09 -6.81806e-06
 4.15956e-02 4.24707e+03 7.88565e-09 -8.48982e-06
 5.17947e-02 4.28138e+03 8.92231e-09 -1.05715e-05
 6.44947e-02 4.31928e+03 1.00336e-08 -1.31636e-05
 8.03086e-02 4.36132e+03 1.12087e-08 -1.63913e-05
 1.00000e-01 4.40799e+03 1.24331e-08 -2.04104e-05
 1.24520e-01 4.45998e+03 1.36865e-08 -2.54149e-05
 1.55052e-01 4.51803e+03 1.49422e-08 -3.16466e-05
 1.93070e-01 4.58313e+03 1.61693e-08 -3.94063e-05
 2.40410e-01 4.65662e+03 1.73321e-08 -4.90685e-05
 2.99358e-01 4.74026e+03 1.83912e-08 -6.11002e-05
 3.72759e-01 4.83617e+03 1.93052e-08 -7.60815e-05
 4.64159e-01 4.94574e+03 2.00427e-08 -9.47366e-05
 5.77969e-01 5.07477e+03 2.05589e-08 -1.17957e-04
 7.19686e-01 5.23019e+03 2.08091e-08 -1.46609e-04
 8.96151e-01 5.40253e+03 2.08453e-08 -1.79145e-04
 1.11588e+00 5.58814e+03 2.07166e-08 -1.90368e-04
 1.38950e+00 5.79660e+03 2.04178e-08 +5.90712e-05
 1.73020e+00 6.02963e+03 1.99711e-08 +1.94999e-03
 2.15443e+00 6.25028e+03 1.95346e-08 +7.69930e-03
 2.68270e+00 6.46339e+03 1.91083e-08 +1.84917e-02
 3.34048e+00 6.66178e+03 1.87220e-08 +3.13603e-02
 4.15956e+00 6.84067e+03 1.83926e-08 +4.18846e-02
 5.17947e+00 7.00219e+03 1.81147e-08 +5.00409e-02
 6.44947e+00 7.15010e+03 1.78782e-08 +5.62376e-02
 8.03086e+00 7.28764e+03 1.76746e-08 +6.09617e-02
 1.00000e+01 7.41728e+03 1.74976e-08 +6.46037e-02
 1.24520e+01 7.54086e+03 1.73427e-08 +6.74432e-02
 1.55052e+01 7.65979e+03 1.72065e-08 +6.96844e-02
 1.93070e+01 7.77511e+03 1.70869e-08 +7.14685e-02
 2.40410e+01 7.88761e+03 1.69821e-08 +7.29016e-02
 2.99358e+01 7.99793e+03 1.68910e-08 +7.40606e-02
 3.72759e+01 8.10655e+03 1.68126e-08 +7.50030e-02
 4.64159e+01 8.21386e+03 1.67466e-08 +7.57729e-02
 5.77969e+01 8.32017e+03 1.66926e-08 +7.64040e-02
 7.19686e+01 8.42576e+03 1.66503e-08 +7.69227e-02
 8.96151e+01 8.53082e+03 1.66200e-08 +7.73504e-02
 1.11588e+02 8.63558e+03 1.66017e-08 +7.77028e-02
 1.38950e+02 8.74024e+03 1.65955e-08 +7.79937e-02
 1.73020e+02 8.84499e+03 1.66020e-08 +7.82348e-02
 2.15443e+02 8.94995e+03 1.66214e-08 +7.84346e-02
 2.68270e+02 9.05527e+03 1.66547e-08 +7.86004e-02
 3.34048e+02 9.16108e+03 1.67022e-08 +7.87386e-02
 4.15956e+02 9.26876e+03 1.67610e-08 +7.88396e-02
 5.17947e+02 9.37872e+03 1.68293e-08 +7.89336e-02
 6.44947e+02 9.49026e+03 1.69106e-08 +7.90130e-02
 8.03086e+02 9.60333e+03 1.70058e-08 +7.90801e-02
 1.00000e+03 9.71786e+03 1.71168e-08 +7.91368e-02
