#n1=128 n2=4 Teff=05100 R=5.7218e+10 L=1.5780e+33 logg=+4.50
#      tau          T          rho         Fconv
  0.00000e+00  2.74821e+03  5.57095e-21 +0.00000e+00
  1.00000e-09  2.74821e+03  6.90103e-13 +0.00000e+00
  1.24520e-09  2.75291e+03  8.61194e-13 +0.00000e+00
  1.55052e-09  2.75980e+03  1.07293e-12 +0.00000e+00
  1.93070e-09  2.76856e+03  1.33454e-12 +0.00000e+00
  2.40410e-09  2.77890e+03  1.65725e-12 +0.00000e+00
  2.99358e-09  2.79057e+03  2.05473e-12 +0.00000e+00
  3.72759e-09  2.80337e+03  2.54347e-12 +0.00000e+00
  4.64159e-09  2.81718e+03  3.14336e-12 +0.00000e+00
  5.77969e-09  2.83194e+03  3.87808e-12 +0.00000e+00
  7.19686e-09  2.84766e+03  4.77580e-12 +0.00000e+00
  8.96151e-09  2.86433e+03  5.86962e-12 +0.00000e+00
  1.11588e-08  2.88196e+03  7.19842e-12 +0.00000e+00
  1.38950e-08  2.90048e+03  8.80724e-12 +0.00000e+00
  1.73020e-08  2.91985e+03  1.07481e-11 +0.00000e+00
  2.15443e-08  2.93993e+03  1.30806e-11 +0.00000e+00
  2.68270e-08  2.96063e+03  1.58721e-11 +0.00000e+00
  3.34048e-08  2.98176e+03  1.91993e-11 +0.00000e+00
  4.15956e-08  3.00323e+03  2.31468e-11 +0.00000e+00
  5.17947e-08  3.02486e+03  2.78105e-11 +0.00000e+00
  6.44947e-08  3.04657e+03  3.32941e-11 +0.00000e+00
  8.03086e-08  3.06821e+03  3.97154e-11 +0.00000e+00
  1.00000e-07  3.08972e+03  4.72021e-11 +0.00000e+00
  1.24520e-07  3.11102e+03  5.58941e-11 +0.00000e+00
  1.55052e-07  3.13203e+03  6.59523e-11 +0.00000e+00
  1.93070e-07  3.15275e+03  7.75454e-11 +0.00000e+00
  2.40410e-07  3.17311e+03  9.08693e-11 +0.00000e+00
  2.99358e-07  3.19315e+03  1.06140e-10 +0.00000e+00
  3.72759e-07  3.21285e+03  1.23590e-10 +0.00000e+00
  4.64159e-07  3.23221e+03  1.43496e-10 +0.00000e+00
  5.77969e-07  3.25129e+03  1.66154e-10 +0.00000e+00
  7.19686e-07  3.27012e+03  1.91888e-10 +0.00000e+00
  8.96151e-07  3.28877e+03  2.21079e-10 +0.00000e+00
  1.11588e-06  3.30734e+03  2.54136e-10 +0.00000e+00
  1.38950e-06  3.32597e+03  2.91490e-10 +0.00000e+00
  1.73020e-06  3.34480e+03  3.33631e-10 +0.00000e+00
  2.15443e-06  3.36393e+03  3.81110e-10 +0.00000e+00
  2.68270e-06  3.38336e+03  4.34501e-10 +0.00000e+00
  3.34048e-06  3.40308e+03  4.94456e-10 +0.00000e+00
  4.15956e-06  3.42307e+03  5.61777e-10 +0.00000e+00
  5.17947e-06  3.44329e+03  6.37277e-10 +0.00000e+00
  6.44947e-06  3.46374e+03  7.21847e-10 +0.00000e+00
  8.03086e-06  3.48439e+03  8.16605e-10 +0.00000e+00
  1.00000e-05  3.50525e+03  9.22743e-10 +0.00000e+00
  1.24520e-05  3.52631e+03  1.04152e-09 +0.00000e+00
  1.55052e-05  3.54753e+03  1.17439e-09 +0.00000e+00
  1.93070e-05  3.56891e+03  1.32315e-09 +0.00000e+00
  2.40410e-05  3.59041e+03  1.48964e-09 +0.00000e+00
  2.99358e-05  3.61202e+03  1.67587e-09 +0.00000e+00
  3.72759e-05  3.63368e+03  1.88428e-09 +0.00000e+00
  4.64159e-05  3.65534e+03  2.11777e-09 +0.00000e+00
  5.77969e-05  3.67695e+03  2.37926e-09 +0.00000e+00
  7.19686e-05  3.69845e+03  2.67209e-09 +0.00000e+00
  8.96151e-05  3.71980e+03  3.00047e-09 +0.00000e+00
  1.11588e-04  3.74093e+03  3.36902e-09 +0.00000e+00
  1.38950e-04  3.76183e+03  3.78258e-09 +0.00000e+00
  1.73020e-04  3.78248e+03  4.24666e-09 +0.00000e+00
  2.15443e-04  3.80286e+03  4.76830e-09 +0.00000e+00
  2.68270e-04  3.82297e+03  5.35479e-09 +0.00000e+00
  3.34048e-04  3.84283e+03  6.01402e-09 +0.00000e+00
  4.15956e-04  3.86244e+03  6.75506e-09 +0.00000e+00
  5.17947e-04  3.88185e+03  7.58929e-09 +0.00000e+00
  6.44947e-04  3.90110e+03  8.52813e-09 +0.00000e+00
  8.03086e-04  3.92022e+03  9.58414e-09 +0.00000e+00
  1.00000e-03  3.93930e+03  1.07720e-08 +0.00000e+00
  1.24520e-03  3.95835e+03  1.21096e-08 -2.54586e-07
  1.55052e-03  3.97749e+03  1.36145e-08 -3.17010e-07
  1.93070e-03  3.99676e+03  1.53062e-08 -3.94740e-07
  2.40410e-03  4.01626e+03  1.72083e-08 -4.91528e-07
  2.99358e-03  4.03609e+03  1.93473e-08 -6.12052e-07
  3.72759e-03  4.05631e+03  2.17502e-08 -7.62123e-07
  4.64159e-03  4.07714e+03  2.44452e-08 -9.48994e-07
  5.77969e-03  4.09862e+03  2.74695e-08 -1.18169e-06
  7.19686e-03  4.12099e+03  3.08596e-08 -1.47143e-06
  8.96151e-03  4.14436e+03  3.46530e-08 -1.83222e-06
  1.11588e-02  4.16893e+03  3.88906e-08 -2.28148e-06
  1.38950e-02  4.19487e+03  4.36240e-08 -2.84089e-06
  1.73020e-02  4.22233e+03  4.89023e-08 -3.53747e-06
  2.15443e-02  4.25162e+03  5.47732e-08 -4.40485e-06
  2.68270e-02  4.28297e+03  6.12905e-08 -5.48489e-06
  3.34048e-02  4.31675e+03  6.85185e-08 -6.82977e-06
  4.15956e-02  4.35335e+03  7.65109e-08 -8.50440e-06
  5.17947e-02  4.39327e+03  8.53174e-08 -1.05897e-05
  6.44947e-02  4.43720e+03  9.49885e-08 -1.31862e-05
  8.03086e-02  4.48589e+03  1.05585e-07 -1.64195e-05
  1.00000e-01  4.54035e+03  1.17137e-07 -2.04455e-05
  1.24520e-01  4.60176e+03  1.29663e-07 -2.54586e-05
  1.55052e-01  4.67107e+03  1.43196e-07 -3.17010e-05
  1.93070e-01  4.74959e+03  1.57788e-07 -3.94740e-05
  2.40410e-01  4.83913e+03  1.73448e-07 -4.91528e-05
  2.99358e-01  4.94022e+03  1.90255e-07 -6.12052e-05
  3.72759e-01  5.05398e+03  2.08323e-07 -7.62123e-05
  4.64159e-01  5.18174e+03  2.27827e-07 -9.48994e-05
  5.77969e-01  5.33214e+03  2.48550e-07 -1.18169e-04
  7.19686e-01  5.49318e+03  2.71140e-07 -1.47143e-04
  8.96151e-01  5.65171e+03  2.96184e-07 -1.83222e-04
  1.11588e+00  5.89389e+03  3.17968e-07 -2.28148e-04
  1.38950e+00  6.13229e+03  3.38809e-07 -2.84089e-04
  1.73020e+00  6.41985e+03  3.53316e-07 -2.79608e-04
  2.15443e+00  6.74046e+03  3.60450e-07 +1.01212e-03
  2.68270e+00  6.95340e+03  3.70209e-07 +4.21810e-03
  3.34048e+00  7.16375e+03  3.78411e-07 +1.34683e-02
  4.15956e+00  7.36742e+03  3.85647e-07 +2.46358e-02
  5.17947e+00  7.55966e+03  3.92596e-07 +3.47931e-02
  6.44947e+00  7.74029e+03  3.99648e-07 +4.32317e-02
  8.03086e+00  7.91104e+03  4.07013e-07 +4.99821e-02
  1.00000e+01  8.07404e+03  4.14811e-07 +5.53349e-02
  1.24520e+01  8.23109e+03  4.23125e-07 +5.96229e-02
  1.55052e+01  8.38355e+03  4.32027e-07 +6.30847e-02
  1.93070e+01  8.53255e+03  4.41582e-07 +6.58803e-02
  2.40410e+01  8.67917e+03  4.51833e-07 +6.81611e-02
  2.99358e+01  8.82383e+03  4.62851e-07 +7.00724e-02
  3.72759e+01  8.96639e+03  4.74747e-07 +7.16954e-02
  4.64159e+01  9.10655e+03  4.87651e-07 +7.30618e-02
  5.77969e+01  9.24428e+03  5.01694e-07 +7.41961e-02
  7.19686e+01  9.37983e+03  5.17002e-07 +7.51279e-02
  8.96151e+01  9.51368e+03  5.33690e-07 +7.58895e-02
  1.11588e+02  9.64622e+03  5.51881e-07 +7.65176e-02
  1.38950e+02  9.77772e+03  5.71713e-07 +7.70356e-02
  1.73020e+02  9.90847e+03  5.93332e-07 +7.74629e-02
  2.15443e+02  1.00388e+04  6.16889e-07 +7.78141e-02
  2.68270e+02  1.01691e+04  6.42564e-07 +7.81048e-02
  3.34048e+02  1.02995e+04  6.70528e-07 +7.83465e-02
  4.15956e+02  1.04303e+04  7.00974e-07 +7.85475e-02
  5.17947e+02  1.05616e+04  7.34111e-07 +7.87149e-02
  6.44947e+02  1.06936e+04  7.70158e-07 +7.88536e-02
  8.03086e+02  1.08267e+04  8.09325e-07 +7.89686e-02
  1.00000e+03  1.09612e+04  8.51832e-07 +7.90637e-02
