#n1=128 n2=4 Teff=05500 R=2.4572e+13 L=3.9287e+38 logg=+0.00
#   tau          T          rho         Fconv
 0.00000e+00 3.59516e+03 3.62868e-21 +0.00000e+00
 1.00000e-09 3.59516e+03 1.87944e-19 +0.00000e+00
 1.24520e-09 3.59905e+03 2.76924e-19 +0.00000e+00
 1.55052e-09 3.60286e+03 4.08600e-19 +0.00000e+00
 1.93070e-09 3.60680e+03 6.03241e-19 +0.00000e+00
 2.40410e-09 3.61086e+03 8.90352e-19 +0.00000e+00
 2.99358e-09 3.61505e+03 1.31272e-18 +0.00000e+00
 3.72759e-09 3.61935e+03 1.93209e-18 +0.00000e+00
 4.64159e-09 3.62373e+03 2.83716e-18 +0.00000e+00
 5.77969e-09 3.62812e+03 4.15482e-18 +0.00000e+00
 7.19686e-09 3.63246e+03 6.06601e-18 +0.00000e+00
 8.96151e-09 3.63669e+03 8.82764e-18 +0.00000e+00
 1.11588e-08 3.64078e+03 1.28026e-17 +0.00000e+00
 1.38950e-08 3.64473e+03 1.84993e-17 +0.00000e+00
 1.73020e-08 3.64859e+03 2.66232e-17 +0.00000e+00
 2.15443e-08 3.65240e+03 3.81437e-17 +0.00000e+00
 2.68270e-08 3.65617e+03 5.43807e-17 +0.00000e+00
 3.34048e-08 3.65992e+03 7.71162e-17 +0.00000e+00
 4.15956e-08 3.66363e+03 1.08738e-16 +0.00000e+00
 5.17947e-08 3.66731e+03 1.52417e-16 +0.00000e+00
 6.44947e-08 3.67097e+03 2.12339e-16 +0.00000e+00
 8.03086e-08 3.67460e+03 2.93980e-16 +0.00000e+00
 1.00000e-07 3.67823e+03 4.04468e-16 +0.00000e+00
 1.24520e-07 3.68187e+03 5.53021e-16 +0.00000e+00
 1.55052e-07 3.68553e+03 7.51503e-16 +0.00000e+00
 1.93070e-07 3.68924e+03 1.01512e-15 +0.00000e+00
 2.40410e-07 3.69302e+03 1.36328e-15 +0.00000e+00
 2.99358e-07 3.69688e+03 1.82068e-15 +0.00000e+00
 3.72759e-07 3.70086e+03 2.41869e-15 +0.00000e+00
 4.64159e-07 3.70499e+03 3.19699e-15 +0.00000e+00
 5.77969e-07 3.70929e+03 4.20576e-15 +0.00000e+00
 7.19686e-07 3.71379e+03 5.50828e-15 +0.00000e+00
 8.96151e-07 3.71852e+03 7.18432e-15 +0.00000e+00
 1.11588e-06 3.72351e+03 9.33420e-15 +0.00000e+00
 1.38950e-06 3.72878e+03 1.20840e-14 +0.00000e+00
 1.73020e-06 3.73437e+03 1.55923e-14 +0.00000e+00
 2.15443e-06 3.74032e+03 2.00574e-14 +0.00000e+00
 2.68270e-06 3.74668e+03 2.57281e-14 +0.00000e+00
 3.34048e-06 3.75350e+03 3.29155e-14 +0.00000e+00
 4.15956e-06 3.76082e+03 4.20086e-14 +0.00000e+00
 5.17947e-06 3.76874e+03 5.34926e-14 +0.00000e+00
 6.44947e-06 3.77729e+03 6.79730e-14 +0.00000e+00
 8.03086e-06 3.78653e+03 8.62044e-14 +0.00000e+00
 1.00000e-05 3.79649e+03 1.09127e-13 +0.00000e+00
 1.24520e-05 3.80719e+03 1.37914e-13 +0.00000e+00
 1.55052e-05 3.81863e+03 1.74025e-13 +0.00000e+00
 1.93070e-05 3.83078e+03 2.19280e-13 +0.00000e+00
 2.40410e-05 3.84359e+03 2.75947e-13 +0.00000e+00
 2.99358e-05 3.85700e+03 3.46857e-13 +0.00000e+00
 3.72759e-05 3.87094e+03 4.35535e-13 +0.00000e+00
 4.64159e-05 3.88535e+03 5.46376e-13 +0.00000e+00
 5.77969e-05 3.90020e+03 6.84850e-13 +0.00000e+00
 7.19686e-05 3.91550e+03 8.57754e-13 +0.00000e+00
 8.96151e-05 3.93133e+03 1.07351e-12 +0.00000e+00
 1.11588e-04 3.94792e+03 1.34247e-12 +0.00000e+00
 1.38950e-04 3.96557e+03 1.67735e-12 +0.00000e+00
 1.73020e-04 3.98474e+03 2.09360e-12 +0.00000e+00
 2.15443e-04 4.00598e+03 2.60982e-12 +0.00000e+00
 2.68270e-04 4.03000e+03 3.24812e-12 +0.00000e+00
 3.34048e-04 4.05761e+03 4.03438e-12 +0.00000e+00
 4.15956e-04 4.08959e+03 4.99835e-12 +0.00000e+00
 5.17947e-04 4.12625e+03 6.17409e-12 +0.00000e+00
 6.44947e-04 4.16652e+03 7.60217e-12 +0.00000e+00
 8.03086e-04 4.20705e+03 9.33587e-12 +0.00000e+00
 1.00000e-03 4.24285e+03 1.14507e-11 +0.00000e+00
 1.24520e-03 4.27037e+03 1.40501e-11 -2.55082e-07
 1.55052e-03 4.28994e+03 1.72618e-11 -3.17628e-07
 1.93070e-03 4.30442e+03 2.12331e-11 -3.95508e-07
 2.40410e-03 4.31665e+03 2.61332e-11 -4.92486e-07
 2.99358e-03 4.32819e+03 3.21610e-11 -6.13241e-07
 3.72759e-03 4.33965e+03 3.95514e-11 -7.63607e-07
 4.64159e-03 4.35130e+03 4.85801e-11 -9.50842e-07
 5.77969e-03 4.36328e+03 5.95667e-11 -1.18398e-06
 7.19686e-03 4.37578e+03 7.28768e-11 -1.47429e-06
 8.96151e-03 4.38896e+03 8.89224e-11 -1.83579e-06
 1.11588e-02 4.40307e+03 1.08159e-10 -2.28592e-06
 1.38950e-02 4.41839e+03 1.31077e-10 -2.84642e-06
 1.73020e-02 4.43525e+03 1.58187e-10 -3.54436e-06
 2.15443e-02 4.45402e+03 1.89998e-10 -4.41341e-06
 2.68270e-02 4.47510e+03 2.26981e-10 -5.49557e-06
 3.34048e-02 4.49896e+03 2.69527e-10 -6.84307e-06
 4.15956e-02 4.52610e+03 3.17887e-10 -8.52096e-06
 5.17947e-02 4.55710e+03 3.72106e-10 -1.06103e-05
 6.44947e-02 4.59261e+03 4.31948e-10 -1.32119e-05
 8.03086e-02 4.63338e+03 4.96820e-10 -1.64514e-05
 1.00000e-01 4.68025e+03 5.65722e-10 -2.04853e-05
 1.24520e-01 4.73414e+03 6.37216e-10 -2.55082e-05
 1.55052e-01 4.79609e+03 7.09455e-10 -3.17628e-05
 1.93070e-01 4.86726e+03 7.80269e-10 -3.95508e-05
 2.40410e-01 4.94890e+03 8.47304e-10 -4.92486e-05
 2.99358e-01 5.04244e+03 9.08201e-10 -6.13241e-05
 3.72759e-01 5.14957e+03 9.60777e-10 -7.63607e-05
 4.64159e-01 5.27231e+03 1.00317e-09 -9.50842e-05
 5.77969e-01 5.41319e+03 1.03394e-09 -1.18398e-04
 7.19686e-01 5.57555e+03 1.05207e-09 -1.47429e-04
 8.96151e-01 5.76333e+03 1.05705e-09 -1.83579e-04
 1.11588e+00 5.98232e+03 1.04858e-09 -2.28590e-04
 1.38950e+00 6.23904e+03 1.02670e-09 -2.84622e-04
 1.73020e+00 6.54030e+03 9.91757e-10 -3.53418e-04
 2.15443e+00 6.96276e+03 9.31124e-10 -2.15365e-04
 2.68270e+00 7.39973e+03 8.62305e-10 +1.23803e-02
 3.34048e+00 7.59800e+03 8.31050e-10 +2.96040e-02
 4.15956e+00 7.76016e+03 8.04790e-10 +4.43581e-02
 5.17947e+00 7.89660e+03 7.82260e-10 +5.39414e-02
 6.44947e+00 8.01678e+03 7.62111e-10 +6.02296e-02
 8.03086e+00 8.12683e+03 7.43431e-10 +6.45462e-02
 1.00000e+01 8.23061e+03 7.25635e-10 +6.76384e-02
 1.24520e+01 8.33068e+03 7.08338e-10 +6.99304e-02
 1.55052e+01 8.42884e+03 6.91274e-10 +7.16753e-02
 1.93070e+01 8.52647e+03 6.74250e-10 +7.30306e-02
 2.40410e+01 8.62469e+03 6.57120e-10 +7.40996e-02
 2.99358e+01 8.72449e+03 6.39772e-10 +7.49517e-02
 3.72759e+01 8.82686e+03 6.22113e-10 +7.56353e-02
 4.64159e+01 8.93284e+03 6.04066e-10 +7.61856e-02
 5.77969e+01 9.04362e+03 5.85561e-10 +7.66269e-02
 7.19686e+01 9.16070e+03 5.66532e-10 +7.69766e-02
 8.96151e+01 9.28603e+03 5.46906e-10 +7.72464e-02
 1.11588e+02 9.42241e+03 5.26594e-10 +7.74411e-02
 1.38950e+02 9.57406e+03 5.05474e-10 +7.75575e-02
 1.73020e+02 9.74791e+03 4.83344e-10 +7.75784e-02
 2.15443e+02 9.95664e+03 4.59842e-10 +7.74515e-02
 2.68270e+02 1.02275e+04 4.34187e-10 +7.70139e-02
 3.34048e+02 1.06378e+04 4.04208e-10 +7.55409e-02
 4.15956e+02 1.16230e+04 3.58685e-10 +6.37069e-02
 5.17947e+02 2.61503e+04 1.65062e-10 -6.14558e-04
 6.44947e+02 1.79449e+04 2.70226e-10 -6.07667e-04
 8.03086e+02 3.68719e+04 1.55804e-10 -6.14558e-04
 1.00000e+03 3.15297e+04 2.53450e-10 -6.14558e-04
