#n1=128 n2=4 Teff=05300 R=2.0588e+11 L=2.3831e+34 logg=+3.50
#   tau          T          rho         Fconv
 0.00000e+00 3.85289e+03 2.51342e-21 +0.00000e+00
 1.00000e-09 3.85289e+03 3.11376e-14 +0.00000e+00
 1.24520e-09 3.85338e+03 4.08496e-14 +0.00000e+00
 1.55052e-09 3.85385e+03 5.33075e-14 +0.00000e+00
 1.93070e-09 3.85432e+03 6.92332e-14 +0.00000e+00
 2.40410e-09 3.85481e+03 8.95301e-14 +0.00000e+00
 2.99358e-09 3.85532e+03 1.15328e-13 +0.00000e+00
 3.72759e-09 3.85586e+03 1.48040e-13 +0.00000e+00
 4.64159e-09 3.85646e+03 1.89429e-13 +0.00000e+00
 5.77969e-09 3.85711e+03 2.41700e-13 +0.00000e+00
 7.19686e-09 3.85783e+03 3.07601e-13 +0.00000e+00
 8.96151e-09 3.85861e+03 3.90565e-13 +0.00000e+00
 1.11588e-08 3.85948e+03 4.94868e-13 +0.00000e+00
 1.38950e-08 3.86043e+03 6.25843e-13 +0.00000e+00
 1.73020e-08 3.86148e+03 7.90130e-13 +0.00000e+00
 2.15443e-08 3.86264e+03 9.96002e-13 +0.00000e+00
 2.68270e-08 3.86392e+03 1.25375e-12 +0.00000e+00
 3.34048e-08 3.86533e+03 1.57619e-12 +0.00000e+00
 4.15956e-08 3.86690e+03 1.97923e-12 +0.00000e+00
 5.17947e-08 3.86862e+03 2.48269e-12 +0.00000e+00
 6.44947e-08 3.87052e+03 3.11115e-12 +0.00000e+00
 8.03086e-08 3.87261e+03 3.89515e-12 +0.00000e+00
 1.00000e-07 3.87490e+03 4.87260e-12 +0.00000e+00
 1.24520e-07 3.87740e+03 6.09050e-12 +0.00000e+00
 1.55052e-07 3.88014e+03 7.60712e-12 +0.00000e+00
 1.93070e-07 3.88313e+03 9.49460e-12 +0.00000e+00
 2.40410e-07 3.88639e+03 1.18422e-11 +0.00000e+00
 2.99358e-07 3.88996e+03 1.47601e-11 +0.00000e+00
 3.72759e-07 3.89387e+03 1.83846e-11 +0.00000e+00
 4.64159e-07 3.89816e+03 2.28832e-11 +0.00000e+00
 5.77969e-07 3.90289e+03 2.84623e-11 +0.00000e+00
 7.19686e-07 3.90809e+03 3.53753e-11 +0.00000e+00
 8.96151e-07 3.91382e+03 4.39325e-11 +0.00000e+00
 1.11588e-06 3.92010e+03 5.45139e-11 +0.00000e+00
 1.38950e-06 3.92695e+03 6.75827e-11 +0.00000e+00
 1.73020e-06 3.93437e+03 8.37025e-11 +0.00000e+00
 2.15443e-06 3.94236e+03 1.03557e-10 +0.00000e+00
 2.68270e-06 3.95090e+03 1.27972e-10 +0.00000e+00
 3.34048e-06 3.95994e+03 1.57943e-10 +0.00000e+00
 4.15956e-06 3.96945e+03 1.94662e-10 +0.00000e+00
 5.17947e-06 3.97940e+03 2.39549e-10 +0.00000e+00
 6.44947e-06 3.98975e+03 2.94289e-10 +0.00000e+00
 8.03086e-06 4.00049e+03 3.60863e-10 +0.00000e+00
 1.00000e-05 4.01163e+03 4.41589e-10 +0.00000e+00
 1.24520e-05 4.02318e+03 5.39144e-10 +0.00000e+00
 1.55052e-05 4.03520e+03 6.56600e-10 +0.00000e+00
 1.93070e-05 4.04773e+03 7.97438e-10 +0.00000e+00
 2.40410e-05 4.06081e+03 9.65563e-10 +0.00000e+00
 2.99358e-05 4.07447e+03 1.16530e-09 +0.00000e+00
 3.72759e-05 4.08868e+03 1.40143e-09 +0.00000e+00
 4.64159e-05 4.10340e+03 1.67913e-09 +0.00000e+00
 5.77969e-05 4.11852e+03 2.00408e-09 +0.00000e+00
 7.19686e-05 4.13391e+03 2.38249e-09 +0.00000e+00
 8.96151e-05 4.14943e+03 2.82113e-09 +0.00000e+00
 1.11588e-04 4.16493e+03 3.32757e-09 +0.00000e+00
 1.38950e-04 4.18027e+03 3.91022e-09 +0.00000e+00
 1.73020e-04 4.19526e+03 4.57872e-09 +0.00000e+00
 2.15443e-04 4.20975e+03 5.34422e-09 +0.00000e+00
 2.68270e-04 4.22365e+03 6.21954e-09 +0.00000e+00
 3.34048e-04 4.23687e+03 7.21961e-09 +0.00000e+00
 4.15956e-04 4.24929e+03 8.36209e-09 +0.00000e+00
 5.17947e-04 4.26088e+03 9.66770e-09 +0.00000e+00
 6.44947e-04 4.27158e+03 1.11607e-08 +0.00000e+00
 8.03086e-04 4.28140e+03 1.28697e-08 +0.00000e+00
 1.00000e-03 4.29040e+03 1.48277e-08 +0.00000e+00
 1.24520e-03 4.29864e+03 1.70730e-08 -2.54557e-07
 1.55052e-03 4.30624e+03 1.96495e-08 -3.16975e-07
 1.93070e-03 4.31336e+03 2.26072e-08 -3.94696e-07
 2.40410e-03 4.32017e+03 2.60018e-08 -4.91473e-07
 2.99358e-03 4.32687e+03 2.98953e-08 -6.11983e-07
 3.72759e-03 4.33365e+03 3.43563e-08 -7.62038e-07
 4.64159e-03 4.34071e+03 3.94587e-08 -9.48888e-07
 5.77969e-03 4.34826e+03 4.52815e-08 -1.18155e-06
 7.19686e-03 4.35649e+03 5.19090e-08 -1.47127e-06
 8.96151e-03 4.36560e+03 5.94278e-08 -1.83201e-06
 1.11588e-02 4.37580e+03 6.79247e-08 -2.28123e-06
 1.38950e-02 4.38735e+03 7.74844e-08 -2.84056e-06
 1.73020e-02 4.40051e+03 8.81843e-08 -3.53706e-06
 2.15443e-02 4.41559e+03 1.00087e-07 -4.40435e-06
 2.68270e-02 4.43295e+03 1.13233e-07 -5.48428e-06
 3.34048e-02 4.45299e+03 1.27634e-07 -6.82900e-06
 4.15956e-02 4.47619e+03 1.43258e-07 -8.50347e-06
 5.17947e-02 4.50308e+03 1.60016e-07 -1.05885e-05
 6.44947e-02 4.53431e+03 1.77757e-07 -1.31847e-05
 8.03086e-02 4.57061e+03 1.96249e-07 -1.64176e-05
 1.00000e-01 4.61290e+03 2.15173e-07 -2.04432e-05
 1.24520e-01 4.66224e+03 2.34119e-07 -2.54557e-05
 1.55052e-01 4.71993e+03 2.52584e-07 -3.16975e-05
 1.93070e-01 4.78753e+03 2.69997e-07 -3.94696e-05
 2.40410e-01 4.86688e+03 2.85742e-07 -4.91473e-05
 2.99358e-01 4.96031e+03 2.99189e-07 -6.11983e-05
 3.72759e-01 5.07102e+03 3.09720e-07 -7.24737e-05
 4.64159e-01 5.20336e+03 3.16696e-07 +1.16219e-04
 5.77969e-01 5.33866e+03 3.21519e-07 +1.22979e-03
 7.19686e-01 5.47316e+03 3.24936e-07 +4.36228e-03
 8.96151e-01 5.60529e+03 3.27463e-07 +9.17225e-03
 1.11588e+00 5.73285e+03 3.29567e-07 +1.46621e-02
 1.38950e+00 5.85658e+03 3.31459e-07 +2.08394e-02
 1.73020e+00 5.97832e+03 3.33202e-07 +2.80355e-02
 2.15443e+00 6.10006e+03 3.34792e-07 +3.68098e-02
 2.68270e+00 6.22339e+03 3.36214e-07 +4.74366e-02
 3.34048e+00 6.34887e+03 3.37487e-07 +5.58870e-02
 4.15956e+00 6.47314e+03 3.38849e-07 +5.96444e-02
 5.17947e+00 6.59640e+03 3.40360e-07 +6.27237e-02
 6.44947e+00 6.71930e+03 3.42040e-07 +6.52860e-02
 8.03086e+00 6.84227e+03 3.43911e-07 +6.74284e-02
 1.00000e+01 6.96570e+03 3.45995e-07 +6.92323e-02
 1.24520e+01 7.08982e+03 3.48313e-07 +7.07620e-02
 1.55052e+01 7.21478e+03 3.50889e-07 +7.20606e-02
 1.93070e+01 7.34070e+03 3.53749e-07 +7.31674e-02
 2.40410e+01 7.46761e+03 3.56919e-07 +7.41165e-02
 2.99358e+01 7.59538e+03 3.60435e-07 +7.49332e-02
 3.72759e+01 7.72385e+03 3.64336e-07 +7.56341e-02
 4.64159e+01 7.85296e+03 3.68657e-07 +7.62318e-02
 5.77969e+01 7.98271e+03 3.73430e-07 +7.67389e-02
 7.19686e+01 8.11316e+03 3.78687e-07 +7.71701e-02
 8.96151e+01 8.24430e+03 3.84460e-07 +7.75375e-02
 1.11588e+02 8.37606e+03 3.90787e-07 +7.78500e-02
 1.38950e+02 8.50844e+03 3.97704e-07 +7.81144e-02
 1.73020e+02 8.64162e+03 4.05239e-07 +7.83374e-02
 2.15443e+02 8.77549e+03 4.13432e-07 +7.85294e-02
 2.68270e+02 8.90957e+03 4.22352e-07 +7.86962e-02
 3.34048e+02 9.04316e+03 4.32095e-07 +7.88403e-02
 4.15956e+02 9.17579e+03 4.42764e-07 +7.89626e-02
 5.17947e+02 9.30728e+03 4.54460e-07 +7.90652e-02
 6.44947e+02 9.43771e+03 4.67280e-07 +7.91501e-02
 8.03086e+02 9.56734e+03 4.81321e-07 +7.92205e-02
 1.00000e+03 9.69631e+03 4.96689e-07 +7.92789e-02
