#n1=128 n2=4 Teff=05700 R=3.5037e+12 L=9.2493e+36 logg=+1.50
#   tau          T          rho         Fconv
 0.00000e+00 3.33320e+03 4.38415e-21 +0.00000e+00
 1.00000e-09 3.33320e+03 4.64140e-16 +0.00000e+00
 1.24520e-09 3.33466e+03 5.89292e-16 +0.00000e+00
 1.55052e-09 3.33619e+03 7.46609e-16 +0.00000e+00
 1.93070e-09 3.33783e+03 9.44145e-16 +0.00000e+00
 2.40410e-09 3.33961e+03 1.19195e-15 +0.00000e+00
 2.99358e-09 3.34155e+03 1.50256e-15 +0.00000e+00
 3.72759e-09 3.34366e+03 1.89158e-15 +0.00000e+00
 4.64159e-09 3.34598e+03 2.37846e-15 +0.00000e+00
 5.77969e-09 3.34853e+03 2.98741e-15 +0.00000e+00
 7.19686e-09 3.35136e+03 3.74858e-15 +0.00000e+00
 8.96151e-09 3.35449e+03 4.69945e-15 +0.00000e+00
 1.11588e-08 3.35797e+03 5.88666e-15 +0.00000e+00
 1.38950e-08 3.36182e+03 7.36818e-15 +0.00000e+00
 1.73020e-08 3.36609e+03 9.21607e-15 +0.00000e+00
 2.15443e-08 3.37081e+03 1.15199e-14 +0.00000e+00
 2.68270e-08 3.37598e+03 1.43910e-14 +0.00000e+00
 3.34048e-08 3.38161e+03 1.79677e-14 +0.00000e+00
 4.15956e-08 3.38772e+03 2.24220e-14 +0.00000e+00
 5.17947e-08 3.39426e+03 2.79677e-14 +0.00000e+00
 6.44947e-08 3.40121e+03 3.48706e-14 +0.00000e+00
 8.03086e-08 3.40851e+03 4.34616e-14 +0.00000e+00
 1.00000e-07 3.41608e+03 5.41527e-14 +0.00000e+00
 1.24520e-07 3.42384e+03 6.74566e-14 +0.00000e+00
 1.55052e-07 3.43170e+03 8.40122e-14 +0.00000e+00
 1.93070e-07 3.43961e+03 1.04614e-13 +0.00000e+00
 2.40410e-07 3.44751e+03 1.30252e-13 +0.00000e+00
 2.99358e-07 3.45543e+03 1.62154e-13 +0.00000e+00
 3.72759e-07 3.46343e+03 2.01846e-13 +0.00000e+00
 4.64159e-07 3.47162e+03 2.51216e-13 +0.00000e+00
 5.77969e-07 3.48013e+03 3.12608e-13 +0.00000e+00
 7.19686e-07 3.48913e+03 3.88916e-13 +0.00000e+00
 8.96151e-07 3.49875e+03 4.83728e-13 +0.00000e+00
 1.11588e-06 3.50901e+03 6.01494e-13 +0.00000e+00
 1.38950e-06 3.51984e+03 7.47753e-13 +0.00000e+00
 1.73020e-06 3.53117e+03 9.29371e-13 +0.00000e+00
 2.15443e-06 3.54289e+03 1.15489e-12 +0.00000e+00
 2.68270e-06 3.55489e+03 1.43491e-12 +0.00000e+00
 3.34048e-06 3.56719e+03 1.78255e-12 +0.00000e+00
 4.15956e-06 3.57952e+03 2.21422e-12 +0.00000e+00
 5.17947e-06 3.59210e+03 2.74999e-12 +0.00000e+00
 6.44947e-06 3.60521e+03 3.41458e-12 +0.00000e+00
 8.03086e-06 3.61901e+03 4.23849e-12 +0.00000e+00
 1.00000e-05 3.63369e+03 5.25923e-12 +0.00000e+00
 1.24520e-05 3.64956e+03 6.52264e-12 +0.00000e+00
 1.55052e-05 3.66693e+03 8.08469e-12 +0.00000e+00
 1.93070e-05 3.68623e+03 1.00132e-11 +0.00000e+00
 2.40410e-05 3.70795e+03 1.23900e-11 +0.00000e+00
 2.99358e-05 3.73273e+03 1.53128e-11 +0.00000e+00
 3.72759e-05 3.76120e+03 1.88976e-11 +0.00000e+00
 4.64159e-05 3.79373e+03 2.32825e-11 +0.00000e+00
 5.77969e-05 3.82990e+03 2.86350e-11 +0.00000e+00
 7.19686e-05 3.86838e+03 3.51609e-11 +0.00000e+00
 8.96151e-05 3.90770e+03 4.31099e-11 +0.00000e+00
 1.11588e-04 3.94718e+03 5.27700e-11 +0.00000e+00
 1.38950e-04 3.98680e+03 6.44692e-11 +0.00000e+00
 1.73020e-04 4.02676e+03 7.85693e-11 +0.00000e+00
 2.15443e-04 4.06736e+03 9.54675e-11 +0.00000e+00
 2.68270e-04 4.10884e+03 1.15575e-10 +0.00000e+00
 3.34048e-04 4.15123e+03 1.39316e-10 +0.00000e+00
 4.15956e-04 4.19415e+03 1.67112e-10 +0.00000e+00
 5.17947e-04 4.23683e+03 1.99385e-10 +0.00000e+00
 6.44947e-04 4.27822e+03 2.36600e-10 +0.00000e+00
 8.03086e-04 4.31729e+03 2.79262e-10 +0.00000e+00
 1.00000e-03 4.35334e+03 3.27994e-10 +0.00000e+00
 1.24520e-03 4.38612e+03 3.83534e-10 -2.54121e-07
 1.55052e-03 4.41568e+03 4.46739e-10 -3.16431e-07
 1.93070e-03 4.44223e+03 5.18674e-10 -3.94019e-07
 2.40410e-03 4.46614e+03 6.00549e-10 -4.90631e-07
 2.99358e-03 4.48795e+03 6.93695e-10 -6.10932e-07
 3.72759e-03 4.50826e+03 7.99620e-10 -7.60731e-07
 4.64159e-03 4.52767e+03 9.19906e-10 -9.47261e-07
 5.77969e-03 4.54664e+03 1.05617e-09 -1.17953e-06
 7.19686e-03 4.56558e+03 1.21018e-09 -1.46874e-06
 8.96151e-03 4.58487e+03 1.38375e-09 -1.82887e-06
 1.11588e-02 4.60488e+03 1.57855e-09 -2.27731e-06
 1.38950e-02 4.62602e+03 1.79624e-09 -2.83570e-06
 1.73020e-02 4.64879e+03 2.03823e-09 -3.53101e-06
 2.15443e-02 4.67368e+03 2.30542e-09 -4.39680e-06
 2.68270e-02 4.70120e+03 2.59813e-09 -5.47488e-06
 3.34048e-02 4.73187e+03 2.91607e-09 -6.81731e-06
 4.15956e-02 4.76621e+03 3.25806e-09 -8.48888e-06
 5.17947e-02 4.80477e+03 3.62162e-09 -1.05703e-05
 6.44947e-02 4.84810e+03 4.00331e-09 -1.31621e-05
 8.03086e-02 4.89677e+03 4.39855e-09 -1.63895e-05
 1.00000e-01 4.95127e+03 4.80171e-09 -2.04081e-05
 1.24520e-01 5.01223e+03 5.20605e-09 -2.54121e-05
 1.55052e-01 5.08059e+03 5.60358e-09 -3.16431e-05
 1.93070e-01 5.15768e+03 5.98509e-09 -3.94019e-05
 2.40410e-01 5.24581e+03 6.33883e-09 -4.90631e-05
 2.99358e-01 5.34600e+03 6.65454e-09 -6.10932e-05
 3.72759e-01 5.45951e+03 6.92286e-09 -7.60731e-05
 4.64159e-01 5.58299e+03 7.14511e-09 -9.47261e-05
 5.77969e-01 5.72522e+03 7.30706e-09 -1.17952e-04
 7.19686e-01 5.89757e+03 7.38806e-09 -1.46871e-04
 8.96151e-01 6.09842e+03 7.39004e-09 -1.82826e-04
 1.11588e+00 6.36167e+03 7.27000e-09 -2.26366e-04
 1.38950e+00 6.62261e+03 7.12005e-09 -2.66054e-04
 1.73020e+00 6.93350e+03 6.88967e-09 +3.48974e-05
 2.15443e+00 7.29210e+03 6.58629e-09 +5.73724e-03
 2.68270e+00 7.52085e+03 6.40775e-09 +1.69224e-02
 3.34048e+00 7.71979e+03 6.25291e-09 +3.26525e-02
 4.15956e+00 7.89023e+03 6.12218e-09 +4.50291e-02
 5.17947e+00 8.03827e+03 6.01107e-09 +5.36717e-02
 6.44947e+00 8.17079e+03 5.91384e-09 +5.96924e-02
 8.03086e+00 8.29275e+03 5.82635e-09 +6.39909e-02
 1.00000e+01 8.40751e+03 5.74575e-09 +6.71553e-02
 1.24520e+01 8.51741e+03 5.67014e-09 +6.95450e-02
 1.55052e+01 8.62407e+03 5.59821e-09 +7.13863e-02
 1.93070e+01 8.72870e+03 5.52901e-09 +7.28288e-02
 2.40410e+01 8.83222e+03 5.46182e-09 +7.39788e-02
 2.99358e+01 8.93532e+03 5.39624e-09 +7.49000e-02
 3.72759e+01 9.03863e+03 5.33177e-09 +7.56498e-02
 4.64159e+01 9.14260e+03 5.26829e-09 +7.62601e-02
 5.77969e+01 9.24770e+03 5.20543e-09 +7.67635e-02
 7.19686e+01 9.35431e+03 5.14326e-09 +7.71769e-02
 8.96151e+01 9.46286e+03 5.08148e-09 +7.75212e-02
 1.11588e+02 9.57372e+03 5.02032e-09 +7.78055e-02
 1.38950e+02 9.68734e+03 4.95951e-09 +7.80434e-02
 1.73020e+02 9.80438e+03 4.89972e-09 +7.82362e-02
 2.15443e+02 9.92571e+03 4.84020e-09 +7.83968e-02
 2.68270e+02 1.00521e+04 4.78093e-09 +7.85310e-02
 3.34048e+02 1.01843e+04 4.72206e-09 +7.86424e-02
 4.15956e+02 1.03235e+04 4.66370e-09 +7.87342e-02
 5.17947e+02 1.04712e+04 4.60574e-09 +7.88094e-02
 6.44947e+02 1.06292e+04 4.54840e-09 +7.88693e-02
 8.03086e+02 1.08002e+04 4.49131e-09 +7.89156e-02
 1.00000e+03 1.09879e+04 4.43423e-09 +7.89485e-02
