#n1=128 n2=4 Teff=05900 R=3.6286e+12 L=1.1378e+37 logg=+1.50
#      tau          T          rho         Fconv
  0.00000e+00  3.39146e+03  4.35885e-21 +0.00000e+00
  1.00000e-09  3.39146e+03  3.36135e-16 +0.00000e+00
  1.24520e-09  3.39892e+03  4.31066e-16 +0.00000e+00
  1.55052e-09  3.40721e+03  5.50395e-16 +0.00000e+00
  1.93070e-09  3.41622e+03  7.00086e-16 +0.00000e+00
  2.40410e-09  3.42584e+03  8.87644e-16 +0.00000e+00
  2.99358e-09  3.43594e+03  1.12239e-15 +0.00000e+00
  3.72759e-09  3.44639e+03  1.41594e-15 +0.00000e+00
  4.64159e-09  3.45707e+03  1.78291e-15 +0.00000e+00
  5.77969e-09  3.46789e+03  2.24139e-15 +0.00000e+00
  7.19686e-09  3.47878e+03  2.81412e-15 +0.00000e+00
  8.96151e-09  3.48973e+03  3.52926e-15 +0.00000e+00
  1.11588e-08  3.50077e+03  4.42202e-15 +0.00000e+00
  1.38950e-08  3.51194e+03  5.53594e-15 +0.00000e+00
  1.73020e-08  3.52328e+03  6.92553e-15 +0.00000e+00
  2.15443e-08  3.53479e+03  8.65819e-15 +0.00000e+00
  2.68270e-08  3.54648e+03  1.08180e-14 +0.00000e+00
  3.34048e-08  3.55838e+03  1.35094e-14 +0.00000e+00
  4.15956e-08  3.57054e+03  1.68619e-14 +0.00000e+00
  5.17947e-08  3.58310e+03  2.10356e-14 +0.00000e+00
  6.44947e-08  3.59625e+03  2.62276e-14 +0.00000e+00
  8.03086e-08  3.61023e+03  3.26817e-14 +0.00000e+00
  1.00000e-07  3.62523e+03  4.06958e-14 +0.00000e+00
  1.24520e-07  3.64138e+03  5.06400e-14 +0.00000e+00
  1.55052e-07  3.65873e+03  6.29659e-14 +0.00000e+00
  1.93070e-07  3.67723e+03  7.82383e-14 +0.00000e+00
  2.40410e-07  3.69683e+03  9.71432e-14 +0.00000e+00
  2.99358e-07  3.71743e+03  1.20541e-13 +0.00000e+00
  3.72759e-07  3.73897e+03  1.49473e-13 +0.00000e+00
  4.64159e-07  3.76135e+03  1.85247e-13 +0.00000e+00
  5.77969e-07  3.78450e+03  2.29439e-13 +0.00000e+00
  7.19686e-07  3.80828e+03  2.84039e-13 +0.00000e+00
  8.96151e-07  3.83258e+03  3.51433e-13 +0.00000e+00
  1.11588e-06  3.85732e+03  4.34634e-13 +0.00000e+00
  1.38950e-06  3.88240e+03  5.37249e-13 +0.00000e+00
  1.73020e-06  3.90775e+03  6.63820e-13 +0.00000e+00
  2.15443e-06  3.93327e+03  8.19783e-13 +0.00000e+00
  2.68270e-06  3.95890e+03  1.01194e-12 +0.00000e+00
  3.34048e-06  3.98455e+03  1.24844e-12 +0.00000e+00
  4.15956e-06  4.01019e+03  1.53938e-12 +0.00000e+00
  5.17947e-06  4.03574e+03  1.89689e-12 +0.00000e+00
  6.44947e-06  4.06115e+03  2.33577e-12 +0.00000e+00
  8.03086e-06  4.08637e+03  2.87388e-12 +0.00000e+00
  1.00000e-05  4.11136e+03  3.53253e-12 +0.00000e+00
  1.24520e-05  4.13608e+03  4.33763e-12 +0.00000e+00
  1.55052e-05  4.16054e+03  5.31901e-12 +0.00000e+00
  1.93070e-05  4.18473e+03  6.51325e-12 +0.00000e+00
  2.40410e-05  4.20868e+03  7.96124e-12 +0.00000e+00
  2.99358e-05  4.23240e+03  9.71278e-12 +0.00000e+00
  3.72759e-05  4.25596e+03  1.18220e-11 +0.00000e+00
  4.64159e-05  4.27938e+03  1.43538e-11 +0.00000e+00
  5.77969e-05  4.30274e+03  1.73787e-11 +0.00000e+00
  7.19686e-05  4.32608e+03  2.09759e-11 +0.00000e+00
  8.96151e-05  4.34944e+03  2.52366e-11 +0.00000e+00
  1.11588e-04  4.37284e+03  3.02532e-11 +0.00000e+00
  1.38950e-04  4.39631e+03  3.61393e-11 +0.00000e+00
  1.73020e-04  4.41984e+03  4.30054e-11 +0.00000e+00
  2.15443e-04  4.44343e+03  5.09818e-11 +0.00000e+00
  2.68270e-04  4.46706e+03  6.02153e-11 +0.00000e+00
  3.34048e-04  4.49071e+03  7.08455e-11 +0.00000e+00
  4.15956e-04  4.51435e+03  8.30538e-11 +0.00000e+00
  5.17947e-04  4.53796e+03  9.70275e-11 +0.00000e+00
  6.44947e-04  4.56150e+03  1.12956e-10 +0.00000e+00
  8.03086e-04  4.58493e+03  1.31092e-10 +0.00000e+00
  1.00000e-03  4.60826e+03  1.51685e-10 +0.00000e+00
  1.24520e-03  4.63145e+03  1.74995e-10 -2.54341e-07
  1.55052e-03  4.65459e+03  2.01370e-10 -3.16704e-07
  1.93070e-03  4.67771e+03  2.31162e-10 -3.94359e-07
  2.40410e-03  4.70088e+03  2.64709e-10 -4.91056e-07
  2.99358e-03  4.72422e+03  3.02480e-10 -6.11460e-07
  3.72759e-03  4.74785e+03  3.44980e-10 -7.61389e-07
  4.64159e-03  4.77194e+03  3.92628e-10 -9.48080e-07
  5.77969e-03  4.79655e+03  4.46026e-10 -1.18055e-06
  7.19686e-03  4.82196e+03  5.05847e-10 -1.47001e-06
  8.96151e-03  4.84835e+03  5.72672e-10 -1.83045e-06
  1.11588e-02  4.87594e+03  6.47127e-10 -2.27927e-06
  1.38950e-02  4.90502e+03  7.30008e-10 -2.83815e-06
  1.73020e-02  4.93588e+03  8.22103e-10 -3.53405e-06
  2.15443e-02  4.96892e+03  9.23901e-10 -4.40059e-06
  2.68270e-02  5.00446e+03  1.03609e-09 -5.47961e-06
  3.34048e-02  5.04302e+03  1.15930e-09 -6.82319e-06
  4.15956e-02  5.08511e+03  1.29389e-09 -8.49622e-06
  5.17947e-02  5.13140e+03  1.43959e-09 -1.05795e-05
  6.44947e-02  5.18260e+03  1.59611e-09 -1.31735e-05
  8.03086e-02  5.23962e+03  1.76258e-09 -1.64036e-05
  1.00000e-01  5.30330e+03  1.93729e-09 -2.04257e-05
  1.24520e-01  5.37497e+03  2.11726e-09 -2.54341e-05
  1.55052e-01  5.45558e+03  2.29910e-09 -3.16704e-05
  1.93070e-01  5.54664e+03  2.47834e-09 -3.94359e-05
  2.40410e-01  5.64983e+03  2.64959e-09 -4.91056e-05
  2.99358e-01  5.76656e+03  2.80721e-09 -6.11460e-05
  3.72759e-01  5.90134e+03  2.94336e-09 -7.61389e-05
  4.64159e-01  6.05205e+03  3.05445e-09 -9.48080e-05
  5.77969e-01  6.20489e+03  3.14849e-09 -1.18055e-04
  7.19686e-01  6.41224e+03  3.19226e-09 -1.47001e-04
  8.96151e-01  6.66628e+03  3.18294e-09 -1.83041e-04
  1.11588e+00  6.91520e+03  3.15282e-09 -2.27825e-04
  1.38950e+00  7.29659e+03  3.02660e-09 -2.72497e-04
  1.73020e+00  7.63237e+03  2.90031e-09 +1.04184e-04
  2.15443e+00  8.20354e+03  2.61686e-09 +2.98027e-02
  2.68270e+00  8.35715e+03  2.54740e-09 +2.87783e-02
  3.34048e+00  8.49482e+03  2.48462e-09 +4.02214e-02
  4.15956e+00  8.62343e+03  2.42535e-09 +4.86392e-02
  5.17947e+00  8.74464e+03  2.36931e-09 +5.49480e-02
  6.44947e+00  8.86074e+03  2.31567e-09 +5.96834e-02
  8.03086e+00  8.97374e+03  2.26367e-09 +6.32896e-02
  1.00000e+01  9.08529e+03  2.21266e-09 +6.60829e-02
  1.24520e+01  9.19681e+03  2.16224e-09 +6.82492e-02
  1.55052e+01  9.30974e+03  2.11191e-09 +6.99560e-02
  1.93070e+01  9.42530e+03  2.06125e-09 +7.13252e-02
  2.40410e+01  9.54470e+03  2.01006e-09 +7.24208e-02
  2.99358e+01  9.66933e+03  1.95811e-09 +7.32957e-02
  3.72759e+01  9.80086e+03  1.90511e-09 +7.39912e-02
  4.64159e+01  9.94143e+03  1.85083e-09 +7.45310e-02
  5.77969e+01  1.00940e+04  1.79492e-09 +7.49289e-02
  7.19686e+01  1.02629e+04  1.73715e-09 +7.51756e-02
  8.96151e+01  1.04550e+04  1.67664e-09 +7.52549e-02
  1.11588e+02  1.06823e+04  1.61239e-09 +7.50879e-02
  1.38950e+02  1.09688e+04  1.54205e-09 +7.44552e-02
  1.73020e+02  1.13748e+04  1.46022e-09 +7.25188e-02
  2.15443e+02  1.21411e+04  1.34608e-09 +6.31418e-02
  2.68270e+02  1.49284e+04  1.10518e-09 +5.20010e-03
  3.34048e+02  2.49268e+04  7.69027e-10 -6.12773e-04
  4.15956e+02  2.77304e+04  9.00031e-10 -6.12773e-04
  5.17947e+02  2.84681e+04  1.12036e-09 -6.12773e-04
  6.44947e+02  2.12167e+04  1.71823e-09 -4.49091e-04
  8.03086e+02  2.50156e+04  1.63918e-09 -6.12522e-04
  1.00000e+03  3.01763e+04  1.62505e-09 -6.12773e-04
