#n1=128 n2=4 Teff=05700 R=1.2800e+13 L=1.2310e+38 logg=+0.50
#      tau          T          rho         Fconv
  0.00000e+00  3.24783e+03  4.65538e-21 +0.00000e+00
  1.00000e-09  3.24783e+03  2.75154e-17 +0.00000e+00
  1.24520e-09  3.25520e+03  3.54877e-17 +0.00000e+00
  1.55052e-09  3.26325e+03  4.55531e-17 +0.00000e+00
  1.93070e-09  3.27196e+03  5.82352e-17 +0.00000e+00
  2.40410e-09  3.28126e+03  7.41880e-17 +0.00000e+00
  2.99358e-09  3.29104e+03  9.42285e-17 +0.00000e+00
  3.72759e-09  3.30120e+03  1.19379e-16 +0.00000e+00
  4.64159e-09  3.31162e+03  1.50922e-16 +0.00000e+00
  5.77969e-09  3.32221e+03  1.90458e-16 +0.00000e+00
  7.19686e-09  3.33294e+03  2.39994e-16 +0.00000e+00
  8.96151e-09  3.34379e+03  3.02032e-16 +0.00000e+00
  1.11588e-08  3.35477e+03  3.79698e-16 +0.00000e+00
  1.38950e-08  3.36594e+03  4.76883e-16 +0.00000e+00
  1.73020e-08  3.37733e+03  5.98435e-16 +0.00000e+00
  2.15443e-08  3.38896e+03  7.50399e-16 +0.00000e+00
  2.68270e-08  3.40081e+03  9.40317e-16 +0.00000e+00
  3.34048e-08  3.41282e+03  1.17761e-15 +0.00000e+00
  4.15956e-08  3.42496e+03  1.47403e-15 +0.00000e+00
  5.17947e-08  3.43725e+03  1.84421e-15 +0.00000e+00
  6.44947e-08  3.44976e+03  2.30637e-15 +0.00000e+00
  8.03086e-08  3.46262e+03  2.88305e-15 +0.00000e+00
  1.00000e-07  3.47601e+03  3.60214e-15 +0.00000e+00
  1.24520e-07  3.49011e+03  4.49807e-15 +0.00000e+00
  1.55052e-07  3.50509e+03  5.61334e-15 +0.00000e+00
  1.93070e-07  3.52107e+03  7.00041e-15 +0.00000e+00
  2.40410e-07  3.53807e+03  8.72408e-15 +0.00000e+00
  2.99358e-07  3.55609e+03  1.08645e-14 +0.00000e+00
  3.72759e-07  3.57511e+03  1.35205e-14 +0.00000e+00
  4.64159e-07  3.59508e+03  1.68145e-14 +0.00000e+00
  5.77969e-07  3.61593e+03  2.08974e-14 +0.00000e+00
  7.19686e-07  3.63757e+03  2.59560e-14 +0.00000e+00
  8.96151e-07  3.65994e+03  3.22208e-14 +0.00000e+00
  1.11588e-06  3.68296e+03  3.99767e-14 +0.00000e+00
  1.38950e-06  3.70657e+03  4.95754e-14 +0.00000e+00
  1.73020e-06  3.73070e+03  6.14511e-14 +0.00000e+00
  2.15443e-06  3.75529e+03  7.61400e-14 +0.00000e+00
  2.68270e-06  3.78025e+03  9.43050e-14 +0.00000e+00
  3.34048e-06  3.80549e+03  1.16766e-13 +0.00000e+00
  4.15956e-06  3.83086e+03  1.44538e-13 +0.00000e+00
  5.17947e-06  3.85628e+03  1.78878e-13 +0.00000e+00
  6.44947e-06  3.88163e+03  2.21342e-13 +0.00000e+00
  8.03086e-06  3.90683e+03  2.73859e-13 +0.00000e+00
  1.00000e-05  3.93182e+03  3.38815e-13 +0.00000e+00
  1.24520e-05  3.95656e+03  4.19163e-13 +0.00000e+00
  1.55052e-05  3.98103e+03  5.18550e-13 +0.00000e+00
  1.93070e-05  4.00525e+03  6.41478e-13 +0.00000e+00
  2.40410e-05  4.02923e+03  7.93491e-13 +0.00000e+00
  2.99358e-05  4.05303e+03  9.81399e-13 +0.00000e+00
  3.72759e-05  4.07668e+03  1.21355e-12 +0.00000e+00
  4.64159e-05  4.10024e+03  1.50014e-12 +0.00000e+00
  5.77969e-05  4.12373e+03  1.85361e-12 +0.00000e+00
  7.19686e-05  4.14717e+03  2.28904e-12 +0.00000e+00
  8.96151e-05  4.17057e+03  2.82470e-12 +0.00000e+00
  1.11588e-04  4.19391e+03  3.48255e-12 +0.00000e+00
  1.38950e-04  4.21722e+03  4.28883e-12 +0.00000e+00
  1.73020e-04  4.24048e+03  5.27476e-12 +0.00000e+00
  2.15443e-04  4.26369e+03  6.47714e-12 +0.00000e+00
  2.68270e-04  4.28684e+03  7.93903e-12 +0.00000e+00
  3.34048e-04  4.30991e+03  9.71044e-12 +0.00000e+00
  4.15956e-04  4.33287e+03  1.18489e-11 +0.00000e+00
  5.17947e-04  4.35567e+03  1.44202e-11 +0.00000e+00
  6.44947e-04  4.37832e+03  1.74984e-11 +0.00000e+00
  8.03086e-04  4.40080e+03  2.11668e-11 +0.00000e+00
  1.00000e-03  4.42314e+03  2.55174e-11 +0.00000e+00
  1.24520e-03  4.44534e+03  3.06525e-11 -2.54834e-07
  1.55052e-03  4.46751e+03  3.66830e-11 -3.17319e-07
  1.93070e-03  4.48970e+03  4.37303e-11 -3.95125e-07
  2.40410e-03  4.51198e+03  5.19264e-11 -4.92007e-07
  2.99358e-03  4.53447e+03  6.14137e-11 -6.12646e-07
  3.72759e-03  4.55728e+03  7.23467e-11 -7.62865e-07
  4.64159e-03  4.58058e+03  8.48904e-11 -9.49918e-07
  5.77969e-03  4.60444e+03  9.92249e-11 -1.18283e-06
  7.19686e-03  4.62914e+03  1.15539e-10 -1.47286e-06
  8.96151e-03  4.65484e+03  1.34035e-10 -1.83400e-06
  1.11588e-02  4.68180e+03  1.54924e-10 -2.28369e-06
  1.38950e-02  4.71026e+03  1.78424e-10 -2.84365e-06
  1.73020e-02  4.74050e+03  2.04758e-10 -3.54091e-06
  2.15443e-02  4.77288e+03  2.34135e-10 -4.40913e-06
  2.68270e-02  4.80770e+03  2.66757e-10 -5.49023e-06
  3.34048e-02  4.84552e+03  3.02775e-10 -6.83643e-06
  4.15956e-02  4.88682e+03  3.42286e-10 -8.51269e-06
  5.17947e-02  4.93223e+03  3.85287e-10 -1.06000e-05
  6.44947e-02  4.98245e+03  4.31638e-10 -1.31991e-05
  8.03086e-02  5.03837e+03  4.81005e-10 -1.64354e-05
  1.00000e-01  5.10091e+03  5.32814e-10 -2.04653e-05
  1.24520e-01  5.17145e+03  5.86161e-10 -2.54834e-05
  1.55052e-01  5.25090e+03  6.39895e-10 -3.17319e-05
  1.93070e-01  5.34083e+03  6.92523e-10 -3.95125e-05
  2.40410e-01  5.44314e+03  7.42248e-10 -4.92007e-05
  2.99358e-01  5.55927e+03  7.87254e-10 -6.12646e-05
  3.72759e-01  5.69244e+03  8.25450e-10 -7.62865e-05
  4.64159e-01  5.84372e+03  8.55227e-10 -9.49918e-05
  5.77969e-01  6.00295e+03  8.77900e-10 -1.18283e-04
  7.19686e-01  6.18834e+03  8.90438e-10 -1.47286e-04
  8.96151e-01  6.45012e+03  8.82519e-10 -1.83400e-04
  1.11588e+00  6.67614e+03  8.73106e-10 -2.28366e-04
  1.38950e+00  7.01261e+03  8.39456e-10 -2.84009e-04
  1.73020e+00  7.36013e+03  7.96529e-10 -3.12842e-04
  2.15443e+00  7.94715e+03  7.02786e-10 +1.68797e-02
  2.68270e+00  8.12238e+03  6.74484e-10 +2.09726e-02
  3.34048e+00  8.27406e+03  6.49389e-10 +3.41878e-02
  4.15956e+00  8.41283e+03  6.26034e-10 +4.44017e-02
  5.17947e+00  8.54172e+03  6.04192e-10 +5.17811e-02
  6.44947e+00  8.66454e+03  5.83404e-10 +5.71022e-02
  8.03086e+00  8.78452e+03  5.63271e-10 +6.09995e-02
  1.00000e+01  8.90441e+03  5.43475e-10 +6.38976e-02
  1.24520e+01  9.02673e+03  5.23768e-10 +6.60679e-02
  1.55052e+01  9.15410e+03  5.03942e-10 +6.76805e-02
  1.93070e+01  9.28966e+03  4.83808e-10 +6.88341e-02
  2.40410e+01  9.43762e+03  4.63168e-10 +6.95650e-02
  2.99358e+01  9.60446e+03  4.41772e-10 +6.98343e-02
  3.72759e+01  9.80154e+03  4.19233e-10 +6.94548e-02
  4.64159e+01  1.00526e+04  3.94807e-10 +6.77986e-02
  5.77969e+01  1.04233e+04  3.66558e-10 +6.21096e-02
  7.19686e+01  1.12402e+04  3.26423e-10 +2.69359e-02
  8.96151e+01  1.87769e+04  1.90425e-10 -6.13961e-04
  1.11588e+02  1.85706e+04  2.08040e-10 -6.13961e-04
  1.38950e+02  1.98871e+04  2.12784e-10 -6.13961e-04
  1.73020e+02  2.07438e+04  2.27561e-10 -6.13961e-04
  2.15443e+02  2.14676e+04  2.48824e-10 -6.13961e-04
  2.68270e+02  2.17248e+04  2.81292e-10 -6.13961e-04
  3.34048e+02  1.74842e+04  3.84684e-10 -6.10922e-04
  4.15956e+02  2.81041e+04  2.85786e-10 -6.13961e-04
  5.17947e+02  3.05889e+04  3.35951e-10 -6.13961e-04
  6.44947e+02  1.69138e+04  6.79662e-10 +2.08963e-02
  8.03086e+02  2.69079e+04  4.75598e-10 -6.13961e-04
  1.00000e+03  3.44719e+04  4.58532e-10 -6.13961e-04
