#n1=128 n2=4 Teff=06400 R=4.7747e+11 L=2.7288e+35 logg=+3.00
#   tau          T          rho         Fconv
 0.00000e+00 3.59117e+03 2.34099e-21 +0.00000e+00
 1.00000e-09 3.59117e+03 3.42648e-15 +0.00000e+00
 1.24520e-09 3.59266e+03 4.91025e-15 +0.00000e+00
 1.55052e-09 3.59429e+03 6.95013e-15 +0.00000e+00
 1.93070e-09 3.59612e+03 9.71955e-15 +0.00000e+00
 2.40410e-09 3.59816e+03 1.34394e-14 +0.00000e+00
 2.99358e-09 3.60045e+03 1.83903e-14 +0.00000e+00
 3.72759e-09 3.60301e+03 2.49284e-14 +0.00000e+00
 4.64159e-09 3.60591e+03 3.35054e-14 +0.00000e+00
 5.77969e-09 3.60917e+03 4.46936e-14 +0.00000e+00
 7.19686e-09 3.61284e+03 5.92190e-14 +0.00000e+00
 8.96151e-09 3.61696e+03 7.80019e-14 +0.00000e+00
 1.11588e-08 3.62156e+03 1.02208e-13 +0.00000e+00
 1.38950e-08 3.62667e+03 1.33312e-13 +0.00000e+00
 1.73020e-08 3.63232e+03 1.73173e-13 +0.00000e+00
 2.15443e-08 3.63852e+03 2.24128e-13 +0.00000e+00
 2.68270e-08 3.64531e+03 2.89104e-13 +0.00000e+00
 3.34048e-08 3.65270e+03 3.71756e-13 +0.00000e+00
 4.15956e-08 3.66073e+03 4.76645e-13 +0.00000e+00
 5.17947e-08 3.66944e+03 6.09441e-13 +0.00000e+00
 6.44947e-08 3.67883e+03 7.77185e-13 +0.00000e+00
 8.03086e-08 3.68893e+03 9.88612e-13 +0.00000e+00
 1.00000e-07 3.69970e+03 1.25455e-12 +0.00000e+00
 1.24520e-07 3.71107e+03 1.58843e-12 +0.00000e+00
 1.55052e-07 3.72290e+03 2.00688e-12 +0.00000e+00
 1.93070e-07 3.73501e+03 2.53046e-12 +0.00000e+00
 2.40410e-07 3.74727e+03 3.18461e-12 +0.00000e+00
 2.99358e-07 3.75955e+03 4.00063e-12 +0.00000e+00
 3.72759e-07 3.77193e+03 5.01674e-12 +0.00000e+00
 4.64159e-07 3.78459e+03 6.27947e-12 +0.00000e+00
 5.77969e-07 3.79772e+03 7.84532e-12 +0.00000e+00
 7.19686e-07 3.81143e+03 9.78281e-12 +0.00000e+00
 8.96151e-07 3.82570e+03 1.21752e-11 +0.00000e+00
 1.11588e-06 3.84041e+03 1.51230e-11 +0.00000e+00
 1.38950e-06 3.85552e+03 1.87468e-11 +0.00000e+00
 1.73020e-06 3.87088e+03 2.31918e-11 +0.00000e+00
 2.15443e-06 3.88637e+03 2.86302e-11 +0.00000e+00
 2.68270e-06 3.90227e+03 3.52629e-11 +0.00000e+00
 3.34048e-06 3.91943e+03 4.33177e-11 +0.00000e+00
 4.15956e-06 3.93688e+03 5.30782e-11 +0.00000e+00
 5.17947e-06 3.95571e+03 6.48431e-11 +0.00000e+00
 6.44947e-06 3.97664e+03 7.89491e-11 +0.00000e+00
 8.03086e-06 4.00030e+03 9.57652e-11 +0.00000e+00
 1.00000e-05 4.02732e+03 1.15686e-10 +0.00000e+00
 1.24520e-05 4.05827e+03 1.39127e-10 +0.00000e+00
 1.55052e-05 4.09268e+03 1.66549e-10 +0.00000e+00
 1.93070e-05 4.13028e+03 1.98420e-10 +0.00000e+00
 2.40410e-05 4.17020e+03 2.35248e-10 +0.00000e+00
 2.99358e-05 4.21147e+03 2.77567e-10 +0.00000e+00
 3.72759e-05 4.25337e+03 3.25923e-10 +0.00000e+00
 4.64159e-05 4.29564e+03 3.80855e-10 +0.00000e+00
 5.77969e-05 4.33819e+03 4.42904e-10 +0.00000e+00
 7.19686e-05 4.38097e+03 5.12624e-10 +0.00000e+00
 8.96151e-05 4.42388e+03 5.90596e-10 +0.00000e+00
 1.11588e-04 4.46683e+03 6.77430e-10 +0.00000e+00
 1.38950e-04 4.50985e+03 7.73749e-10 +0.00000e+00
 1.73020e-04 4.55312e+03 8.80152e-10 +0.00000e+00
 2.15443e-04 4.59693e+03 9.97177e-10 +0.00000e+00
 2.68270e-04 4.64154e+03 1.12528e-09 +0.00000e+00
 3.34048e-04 4.68703e+03 1.26488e-09 +0.00000e+00
 4.15956e-04 4.73314e+03 1.41638e-09 +0.00000e+00
 5.17947e-04 4.77956e+03 1.58020e-09 +0.00000e+00
 6.44947e-04 4.82552e+03 1.75699e-09 +0.00000e+00
 8.03086e-04 4.87050e+03 1.94745e-09 +0.00000e+00
 1.00000e-03 4.91390e+03 2.15251e-09 +0.00000e+00
 1.24520e-03 4.95525e+03 2.37336e-09 -2.54236e-07
 1.55052e-03 4.99411e+03 2.61152e-09 -3.16574e-07
 1.93070e-03 5.03013e+03 2.86904e-09 -3.94196e-07
 2.40410e-03 5.06312e+03 3.14856e-09 -4.90853e-07
 2.99358e-03 5.09306e+03 3.45348e-09 -6.11208e-07
 3.72759e-03 5.12018e+03 3.78787e-09 -7.61074e-07
 4.64159e-03 5.14494e+03 4.15645e-09 -9.47688e-07
 5.77969e-03 5.16796e+03 4.56447e-09 -1.18006e-06
 7.19686e-03 5.18992e+03 5.01759e-09 -1.46940e-06
 8.96151e-03 5.21153e+03 5.52167e-09 -1.82970e-06
 1.11588e-02 5.23350e+03 6.08263e-09 -2.27834e-06
 1.38950e-02 5.25654e+03 6.70617e-09 -2.83698e-06
 1.73020e-02 5.28136e+03 7.39735e-09 -3.53259e-06
 2.15443e-02 5.30870e+03 8.16033e-09 -4.39878e-06
 2.68270e-02 5.33921e+03 8.99787e-09 -5.47735e-06
 3.34048e-02 5.37362e+03 9.91084e-09 -6.82037e-06
 4.15956e-02 5.41262e+03 1.08978e-08 -8.49271e-06
 5.17947e-02 5.45693e+03 1.19545e-08 -1.05751e-05
 6.44947e-02 5.50732e+03 1.30731e-08 -1.31681e-05
 8.03086e-02 5.56454e+03 1.42421e-08 -1.63969e-05
 1.00000e-01 5.62930e+03 1.54466e-08 -2.04173e-05
 1.24520e-01 5.70245e+03 1.66676e-08 -2.54236e-05
 1.55052e-01 5.78466e+03 1.78831e-08 -3.16574e-05
 1.93070e-01 5.87685e+03 1.90674e-08 -3.94196e-05
 2.40410e-01 5.98024e+03 2.01921e-08 -4.90853e-05
 2.99358e-01 6.09675e+03 2.12253e-08 -6.11208e-05
 3.72759e-01 6.22914e+03 2.21301e-08 -7.61074e-05
 4.64159e-01 6.37529e+03 2.28967e-08 -9.47687e-05
 5.77969e-01 6.54813e+03 2.34556e-08 -1.17999e-04
 7.19686e-01 6.75998e+03 2.37306e-08 -1.46759e-04
 8.96151e-01 7.00380e+03 2.37394e-08 -1.79578e-04
 1.11588e+00 7.30263e+03 2.33958e-08 -1.87774e-04
 1.38950e+00 7.61525e+03 2.28692e-08 +2.64805e-04
 1.73020e+00 7.93761e+03 2.21954e-08 +5.30895e-03
 2.15443e+00 8.16747e+03 2.17658e-08 +1.49125e-02
 2.68270e+00 8.36866e+03 2.13951e-08 +2.90040e-02
 3.34048e+00 8.54876e+03 2.10696e-08 +4.26722e-02
 4.15956e+00 8.70884e+03 2.07955e-08 +5.14846e-02
 5.17947e+00 8.85429e+03 2.05627e-08 +5.77026e-02
 6.44947e+00 8.98995e+03 2.03602e-08 +6.22071e-02
 8.03086e+00 9.11920e+03 2.01804e-08 +6.55587e-02
 1.00000e+01 9.24435e+03 2.00182e-08 +6.81272e-02
 1.24520e+01 9.36694e+03 1.98705e-08 +7.01433e-02
 1.55052e+01 9.48804e+03 1.97356e-08 +7.17545e-02
 1.93070e+01 9.60844e+03 1.96126e-08 +7.30517e-02
 2.40410e+01 9.72882e+03 1.95008e-08 +7.41082e-02
 2.99358e+01 9.84966e+03 1.94004e-08 +7.49774e-02
 3.72759e+01 9.97130e+03 1.93125e-08 +7.56980e-02
 4.64159e+01 1.00939e+04 1.92388e-08 +7.63036e-02
 5.77969e+01 1.02173e+04 1.91830e-08 +7.68147e-02
 7.19686e+01 1.03418e+04 1.91481e-08 +7.72366e-02
 8.96151e+01 1.04678e+04 1.91356e-08 +7.75803e-02
 1.11588e+02 1.05962e+04 1.91455e-08 +7.78581e-02
 1.38950e+02 1.07282e+04 1.91767e-08 +7.80881e-02
 1.73020e+02 1.08640e+04 1.92326e-08 +7.82813e-02
 2.15443e+02 1.10043e+04 1.93148e-08 +7.84421e-02
 2.68270e+02 1.11502e+04 1.94245e-08 +7.85748e-02
 3.34048e+02 1.13027e+04 1.95621e-08 +7.86840e-02
 4.15956e+02 1.14631e+04 1.97286e-08 +7.87756e-02
 5.17947e+02 1.16327e+04 1.99263e-08 +7.88517e-02
 6.44947e+02 1.18133e+04 2.01572e-08 +7.89143e-02
 8.03086e+02 1.20069e+04 2.04197e-08 +7.89652e-02
 1.00000e+03 1.22166e+04 2.07215e-08 +7.90053e-02
