#n1=128 n2=4 Teff=06500 R=4.8618e+11 L=3.0048e+35 logg=+3.00
#   tau          T          rho         Fconv
 0.00000e+00 4.80820e+03 1.61907e-21 +0.00000e+00
 1.00000e-09 4.80820e+03 4.61444e-17 +0.00000e+00
 1.24520e-09 4.81046e+03 6.94254e-17 +0.00000e+00
 1.55052e-09 4.81272e+03 1.04127e-16 +0.00000e+00
 1.93070e-09 4.81495e+03 1.55418e-16 +0.00000e+00
 2.40410e-09 4.81712e+03 2.30462e-16 +0.00000e+00
 2.99358e-09 4.81921e+03 3.39033e-16 +0.00000e+00
 3.72759e-09 4.82119e+03 4.94305e-16 +0.00000e+00
 4.64159e-09 4.82305e+03 7.13986e-16 +0.00000e+00
 5.77969e-09 4.82477e+03 1.02204e-15 +0.00000e+00
 7.19686e-09 4.82637e+03 1.45144e-15 +0.00000e+00
 8.96151e-09 4.82784e+03 2.04857e-15 +0.00000e+00
 1.11588e-08 4.82922e+03 2.87997e-15 +0.00000e+00
 1.38950e-08 4.83051e+03 4.04239e-15 +0.00000e+00
 1.73020e-08 4.83175e+03 5.67642e-15 +0.00000e+00
 2.15443e-08 4.83295e+03 7.98356e-15 +0.00000e+00
 2.68270e-08 4.83413e+03 1.12464e-14 +0.00000e+00
 3.34048e-08 4.83529e+03 1.58541e-14 +0.00000e+00
 4.15956e-08 4.83643e+03 2.23372e-14 +0.00000e+00
 5.17947e-08 4.83756e+03 3.14232e-14 +0.00000e+00
 6.44947e-08 4.83868e+03 4.41193e-14 +0.00000e+00
 8.03086e-08 4.83980e+03 6.18267e-14 +0.00000e+00
 1.00000e-07 4.84093e+03 8.64936e-14 +0.00000e+00
 1.24520e-07 4.84210e+03 1.20828e-13 +0.00000e+00
 1.55052e-07 4.84334e+03 1.68569e-13 +0.00000e+00
 1.93070e-07 4.84469e+03 2.34841e-13 +0.00000e+00
 2.40410e-07 4.84622e+03 3.26585e-13 +0.00000e+00
 2.99358e-07 4.84799e+03 4.53105e-13 +0.00000e+00
 3.72759e-07 4.85011e+03 6.26737e-13 +0.00000e+00
 4.64159e-07 4.85272e+03 8.63695e-13 +0.00000e+00
 5.77969e-07 4.85597e+03 1.18512e-12 +0.00000e+00
 7.19686e-07 4.86000e+03 1.61826e-12 +0.00000e+00
 8.96151e-07 4.86495e+03 2.19769e-12 +0.00000e+00
 1.11588e-06 4.87093e+03 2.96659e-12 +0.00000e+00
 1.38950e-06 4.87800e+03 3.97809e-12 +0.00000e+00
 1.73020e-06 4.88615e+03 5.29640e-12 +0.00000e+00
 2.15443e-06 4.89532e+03 6.99780e-12 +0.00000e+00
 2.68270e-06 4.90538e+03 9.17134e-12 +0.00000e+00
 3.34048e-06 4.91619e+03 1.19194e-11 +0.00000e+00
 4.15956e-06 4.92756e+03 1.53581e-11 +0.00000e+00
 5.17947e-06 4.93938e+03 1.96174e-11 +0.00000e+00
 6.44947e-06 4.95153e+03 2.48411e-11 +0.00000e+00
 8.03086e-06 4.96397e+03 3.11874e-11 +0.00000e+00
 1.00000e-05 4.97664e+03 3.88288e-11 +0.00000e+00
 1.24520e-05 4.98951e+03 4.79537e-11 +0.00000e+00
 1.55052e-05 5.00251e+03 5.87679e-11 +0.00000e+00
 1.93070e-05 5.01557e+03 7.14971e-11 +0.00000e+00
 2.40410e-05 5.02857e+03 8.63902e-11 +0.00000e+00
 2.99358e-05 5.04141e+03 1.03723e-10 +0.00000e+00
 3.72759e-05 5.05397e+03 1.23804e-10 +0.00000e+00
 4.64159e-05 5.06615e+03 1.46980e-10 +0.00000e+00
 5.77969e-05 5.07786e+03 1.73641e-10 +0.00000e+00
 7.19686e-05 5.08903e+03 2.04230e-10 +0.00000e+00
 8.96151e-05 5.09961e+03 2.39249e-10 +0.00000e+00
 1.11588e-04 5.10956e+03 2.79271e-10 +0.00000e+00
 1.38950e-04 5.11887e+03 3.24947e-10 +0.00000e+00
 1.73020e-04 5.12753e+03 3.77016e-10 +0.00000e+00
 2.15443e-04 5.13559e+03 4.36320e-10 +0.00000e+00
 2.68270e-04 5.14306e+03 5.03819e-10 +0.00000e+00
 3.34048e-04 5.15000e+03 5.80600e-10 +0.00000e+00
 4.15956e-04 5.15648e+03 6.67907e-10 +0.00000e+00
 5.17947e-04 5.16257e+03 7.67150e-10 +0.00000e+00
 6.44947e-04 5.16835e+03 8.79937e-10 +0.00000e+00
 8.03086e-04 5.17390e+03 1.00809e-09 +0.00000e+00
 1.00000e-03 5.17931e+03 1.15370e-09 +0.00000e+00
 1.24520e-03 5.18467e+03 1.31911e-09 -2.54699e-07
 1.55052e-03 5.19007e+03 1.50700e-09 -3.17150e-07
 1.93070e-03 5.19561e+03 1.72042e-09 -3.94914e-07
 2.40410e-03 5.20140e+03 1.96282e-09 -4.91746e-07
 2.99358e-03 5.20756e+03 2.23807e-09 -6.12321e-07
 3.72759e-03 5.21424e+03 2.55053e-09 -7.62460e-07
 4.64159e-03 5.22161e+03 2.90502e-09 -9.49413e-07
 5.77969e-03 5.22984e+03 3.30686e-09 -1.18220e-06
 7.19686e-03 5.23916e+03 3.76178e-09 -1.47208e-06
 8.96151e-03 5.24977e+03 4.27596e-09 -1.83303e-06
 1.11588e-02 5.26194e+03 4.85588e-09 -2.28248e-06
 1.38950e-02 5.27596e+03 5.50819e-09 -2.84214e-06
 1.73020e-02 5.29217e+03 6.23943e-09 -3.53902e-06
 2.15443e-02 5.31094e+03 7.05582e-09 -4.40679e-06
 2.68270e-02 5.33272e+03 7.96268e-09 -5.48731e-06
 3.34048e-02 5.35804e+03 8.96404e-09 -6.83279e-06
 4.15956e-02 5.38748e+03 1.00619e-08 -8.50817e-06
 5.17947e-02 5.42172e+03 1.12555e-08 -1.05944e-05
 6.44947e-02 5.46151e+03 1.25403e-08 -1.31920e-05
 8.03086e-02 5.50775e+03 1.39071e-08 -1.64267e-05
 1.00000e-01 5.56147e+03 1.53412e-08 -2.04545e-05
 1.24520e-01 5.62388e+03 1.68209e-08 -2.54699e-05
 1.55052e-01 5.69639e+03 1.83175e-08 -3.17150e-05
 1.93070e-01 5.78068e+03 1.97937e-08 -3.94914e-05
 2.40410e-01 5.87866e+03 2.12052e-08 -4.91746e-05
 2.99358e-01 5.99255e+03 2.25025e-08 -6.12321e-05
 3.72759e-01 6.12485e+03 2.36351e-08 -7.62460e-05
 4.64159e-01 6.27854e+03 2.45546e-08 -9.49412e-05
 5.77969e-01 6.45727e+03 2.52180e-08 -1.18216e-04
 7.19686e-01 6.66568e+03 2.55898e-08 -1.47086e-04
 8.96151e-01 6.90953e+03 2.56430e-08 -1.81145e-04
 1.11588e+00 7.19526e+03 2.53616e-08 -1.93001e-04
 1.38950e+00 7.52366e+03 2.47632e-08 +2.91629e-04
 1.73020e+00 7.87014e+03 2.39632e-08 +6.15545e-03
 2.15443e+00 8.11283e+03 2.34597e-08 +1.67359e-02
 2.68270e+00 8.32040e+03 2.30402e-08 +3.13187e-02
 3.34048e+00 8.50403e+03 2.26789e-08 +4.49932e-02
 4.15956e+00 8.66608e+03 2.23779e-08 +5.33857e-02
 5.17947e+00 8.81281e+03 2.21233e-08 +5.92519e-02
 6.44947e+00 8.94936e+03 2.19025e-08 +6.34939e-02
 8.03086e+00 9.07916e+03 2.17069e-08 +6.66437e-02
 1.00000e+01 9.20464e+03 2.15307e-08 +6.90506e-02
 1.24520e+01 9.32741e+03 2.13703e-08 +7.09366e-02
 1.55052e+01 9.44853e+03 2.12238e-08 +7.24429e-02
 1.93070e+01 9.56880e+03 2.10902e-08 +7.36567e-02
 2.40410e+01 9.68889e+03 2.09689e-08 +7.46432e-02
 2.99358e+01 9.80929e+03 2.08598e-08 +7.54534e-02
 3.72759e+01 9.93036e+03 2.07636e-08 +7.61241e-02
 4.64159e+01 1.00523e+04 2.06820e-08 +7.66840e-02
 5.77969e+01 1.01752e+04 2.06180e-08 +7.71589e-02
 7.19686e+01 1.02988e+04 2.05758e-08 +7.75530e-02
 8.96151e+01 1.04237e+04 2.05570e-08 +7.78751e-02
 1.11588e+02 1.05507e+04 2.05620e-08 +7.81359e-02
 1.38950e+02 1.06808e+04 2.05901e-08 +7.83485e-02
 1.73020e+02 1.08147e+04 2.06425e-08 +7.85274e-02
 2.15443e+02 1.09527e+04 2.07217e-08 +7.86769e-02
 2.68270e+02 1.10958e+04 2.08291e-08 +7.88006e-02
 3.34048e+02 1.12450e+04 2.09651e-08 +7.89025e-02
 4.15956e+02 1.14016e+04 2.11301e-08 +7.89876e-02
 5.17947e+02 1.15666e+04 2.13262e-08 +7.90587e-02
 6.44947e+02 1.17414e+04 2.15529e-08 +7.91181e-02
 8.03086e+02 1.19280e+04 2.18166e-08 +7.91667e-02
 1.00000e+03 1.21287e+04 2.21181e-08 +7.92059e-02
