#n1=128 n2=4 Teff=06500 R=4.8609e+11 L=3.0048e+35 logg=+3.00
#   tau          T          rho         Fconv
 0.00000e+00 3.66702e+03 2.23748e-21 +0.00000e+00
 1.00000e-09 3.66702e+03 8.17833e-16 +0.00000e+00
 1.24520e-09 3.67266e+03 1.22851e-15 +0.00000e+00
 1.55052e-09 3.67977e+03 1.82448e-15 +0.00000e+00
 1.93070e-09 3.68853e+03 2.67925e-15 +0.00000e+00
 2.40410e-09 3.69906e+03 3.88972e-15 +0.00000e+00
 2.99358e-09 3.71140e+03 5.58339e-15 +0.00000e+00
 3.72759e-09 3.72548e+03 7.92682e-15 +0.00000e+00
 4.64159e-09 3.74113e+03 1.11370e-14 +0.00000e+00
 5.77969e-09 3.75810e+03 1.54967e-14 +0.00000e+00
 7.19686e-09 3.77608e+03 2.13757e-14 +0.00000e+00
 8.96151e-09 3.79477e+03 2.92572e-14 +0.00000e+00
 1.11588e-08 3.81393e+03 3.97732e-14 +0.00000e+00
 1.38950e-08 3.83347e+03 5.37484e-14 +0.00000e+00
 1.73020e-08 3.85341e+03 7.22552e-14 +0.00000e+00
 2.15443e-08 3.87395e+03 9.66838e-14 +0.00000e+00
 2.68270e-08 3.89534e+03 1.28823e-13 +0.00000e+00
 3.34048e-08 3.91784e+03 1.70953e-13 +0.00000e+00
 4.15956e-08 3.94167e+03 2.25940e-13 +0.00000e+00
 5.17947e-08 3.96693e+03 2.97347e-13 +0.00000e+00
 6.44947e-08 3.99364e+03 3.89559e-13 +0.00000e+00
 8.03086e-08 4.02163e+03 5.07953e-13 +0.00000e+00
 1.00000e-07 4.05052e+03 6.59110e-13 +0.00000e+00
 1.24520e-07 4.07982e+03 8.51089e-13 +0.00000e+00
 1.55052e-07 4.10896e+03 1.09376e-12 +0.00000e+00
 1.93070e-07 4.13748e+03 1.39919e-12 +0.00000e+00
 2.40410e-07 4.16505e+03 1.78204e-12 +0.00000e+00
 2.99358e-07 4.19157e+03 2.25997e-12 +0.00000e+00
 3.72759e-07 4.21709e+03 2.85404e-12 +0.00000e+00
 4.64159e-07 4.24176e+03 3.58919e-12 +0.00000e+00
 5.77969e-07 4.26575e+03 4.49464e-12 +0.00000e+00
 7.19686e-07 4.28920e+03 5.60439e-12 +0.00000e+00
 8.96151e-07 4.31224e+03 6.95759e-12 +0.00000e+00
 1.11588e-06 4.33498e+03 8.59887e-12 +0.00000e+00
 1.38950e-06 4.35759e+03 1.05785e-11 +0.00000e+00
 1.73020e-06 4.38022e+03 1.29526e-11 +0.00000e+00
 2.15443e-06 4.40305e+03 1.57831e-11 +0.00000e+00
 2.68270e-06 4.42622e+03 1.91382e-11 +0.00000e+00
 3.34048e-06 4.44985e+03 2.30927e-11 +0.00000e+00
 4.15956e-06 4.47396e+03 2.77285e-11 +0.00000e+00
 5.17947e-06 4.49856e+03 3.31358e-11 +0.00000e+00
 6.44947e-06 4.52360e+03 3.94135e-11 +0.00000e+00
 8.03086e-06 4.54900e+03 4.66711e-11 +0.00000e+00
 1.00000e-05 4.57471e+03 5.50294e-11 +0.00000e+00
 1.24520e-05 4.60065e+03 6.46227e-11 +0.00000e+00
 1.55052e-05 4.62676e+03 7.56000e-11 +0.00000e+00
 1.93070e-05 4.65298e+03 8.81276e-11 +0.00000e+00
 2.40410e-05 4.67926e+03 1.02391e-10 +0.00000e+00
 2.99358e-05 4.70555e+03 1.18596e-10 +0.00000e+00
 3.72759e-05 4.73182e+03 1.36975e-10 +0.00000e+00
 4.64159e-05 4.75804e+03 1.57787e-10 +0.00000e+00
 5.77969e-05 4.78418e+03 1.81319e-10 +0.00000e+00
 7.19686e-05 4.81022e+03 2.07892e-10 +0.00000e+00
 8.96151e-05 4.83615e+03 2.37865e-10 +0.00000e+00
 1.11588e-04 4.86198e+03 2.71636e-10 +0.00000e+00
 1.38950e-04 4.88771e+03 3.09645e-10 +0.00000e+00
 1.73020e-04 4.91334e+03 3.52382e-10 +0.00000e+00
 2.15443e-04 4.93891e+03 4.00387e-10 +0.00000e+00
 2.68270e-04 4.96445e+03 4.54255e-10 +0.00000e+00
 3.34048e-04 4.98997e+03 5.14643e-10 +0.00000e+00
 4.15956e-04 5.01550e+03 5.82274e-10 +0.00000e+00
 5.17947e-04 5.04106e+03 6.57940e-10 +0.00000e+00
 6.44947e-04 5.06668e+03 7.42506e-10 +0.00000e+00
 8.03086e-04 5.09236e+03 8.36920e-10 +0.00000e+00
 1.00000e-03 5.11810e+03 9.42215e-10 +0.00000e+00
 1.24520e-03 5.14392e+03 1.05952e-09 -2.54606e-07
 1.55052e-03 5.16982e+03 1.19005e-09 -3.17034e-07
 1.93070e-03 5.19581e+03 1.33518e-09 -3.94770e-07
 2.40410e-03 5.22189e+03 1.49640e-09 -4.91566e-07
 2.99358e-03 5.24813e+03 1.67539e-09 -6.12097e-07
 3.72759e-03 5.27457e+03 1.87406e-09 -7.62181e-07
 4.64159e-03 5.30135e+03 2.09452e-09 -9.49066e-07
 5.77969e-03 5.32853e+03 2.33922e-09 -1.18177e-06
 7.19686e-03 5.35638e+03 2.61078e-09 -1.47154e-06
 8.96151e-03 5.38506e+03 2.91213e-09 -1.83236e-06
 1.11588e-02 5.41484e+03 3.24628e-09 -2.28165e-06
 1.38950e-02 5.44603e+03 3.61633e-09 -2.84110e-06
 1.73020e-02 5.47893e+03 4.02545e-09 -3.53773e-06
 2.15443e-02 5.51403e+03 4.47656e-09 -4.40518e-06
 2.68270e-02 5.55165e+03 4.97249e-09 -5.48531e-06
 3.34048e-02 5.59245e+03 5.51534e-09 -6.83029e-06
 4.15956e-02 5.63701e+03 6.10655e-09 -8.50506e-06
 5.17947e-02 5.68615e+03 6.74621e-09 -1.05905e-05
 6.44947e-02 5.74066e+03 7.43286e-09 -1.31872e-05
 8.03086e-02 5.80146e+03 8.16272e-09 -1.64207e-05
 1.00000e-01 5.86996e+03 8.92842e-09 -2.04470e-05
 1.24520e-01 5.94793e+03 9.71809e-09 -2.54606e-05
 1.55052e-01 6.03652e+03 1.05170e-08 -3.17034e-05
 1.93070e-01 6.13758e+03 1.13057e-08 -3.94770e-05
 2.40410e-01 6.25270e+03 1.20617e-08 -4.91566e-05
 2.99358e-01 6.38453e+03 1.27583e-08 -6.12097e-05
 3.72759e-01 6.53790e+03 1.33609e-08 -7.62181e-05
 4.64159e-01 6.71402e+03 1.38450e-08 -9.49065e-05
 5.77969e-01 6.92785e+03 1.41542e-08 -1.18173e-04
 7.19686e-01 7.21119e+03 1.41824e-08 -1.46964e-04
 8.96151e-01 7.53002e+03 1.39984e-08 -1.76248e-04
 1.11588e+00 7.95927e+03 1.34262e-08 +2.36811e-04
 1.38950e+00 8.29907e+03 1.29299e-08 +3.12241e-03
 1.73020e+00 8.51094e+03 1.26596e-08 +7.17334e-03
 2.15443e+00 8.70018e+03 1.24142e-08 +1.63515e-02
 2.68270e+00 8.87678e+03 1.21778e-08 +2.87516e-02
 3.34048e+00 9.04227e+03 1.19520e-08 +4.11752e-02
 4.15956e+00 9.19459e+03 1.17469e-08 +4.96821e-02
 5.17947e+00 9.33635e+03 1.15615e-08 +5.59536e-02
 6.44947e+00 9.47084e+03 1.13918e-08 +6.06190e-02
 8.03086e+00 9.60064e+03 1.12345e-08 +6.41518e-02
 1.00000e+01 9.72777e+03 1.10871e-08 +6.68765e-02
 1.24520e+01 9.85378e+03 1.09479e-08 +6.90126e-02
 1.55052e+01 9.97998e+03 1.08155e-08 +7.07104e-02
 1.93070e+01 1.01075e+04 1.06892e-08 +7.20749e-02
 2.40410e+01 1.02373e+04 1.05684e-08 +7.31813e-02
 2.99358e+01 1.03704e+04 1.04526e-08 +7.40841e-02
 3.72759e+01 1.05079e+04 1.03415e-08 +7.48238e-02
 4.64159e+01 1.06507e+04 1.02354e-08 +7.54310e-02
 5.77969e+01 1.08003e+04 1.01342e-08 +7.59286e-02
 7.19686e+01 1.09583e+04 1.00380e-08 +7.63334e-02
 8.96151e+01 1.11265e+04 9.94685e-09 +7.66582e-02
 1.11588e+02 1.13077e+04 9.86061e-09 +7.69109e-02
 1.38950e+02 1.15055e+04 9.77899e-09 +7.70948e-02
 1.73020e+02 1.17180e+04 9.71860e-09 +7.73255e-02
 2.15443e+02 1.19537e+04 9.67398e-09 +7.74065e-02
 2.68270e+02 1.22266e+04 9.63568e-09 +7.73646e-02
 3.34048e+02 1.25592e+04 9.59110e-09 +7.71682e-02
 4.15956e+02 1.29935e+04 9.52939e-09 +7.66127e-02
 5.17947e+02 1.36483e+04 9.39696e-09 +7.51068e-02
 6.44947e+02 1.48433e+04 9.10927e-09 +7.00843e-02
 8.03086e+02 1.75321e+04 8.43600e-09 +5.61751e-02
 1.00000e+03 2.38196e+04 7.40324e-09 -5.54856e-04
