#n1=128 n2=4 Teff=06900 R=5.4830e+13 L=4.8466e+39 logg=-0.50
#   tau          T          rho         Fconv
 0.00000e+00 3.96373e+03 2.08290e-21 +0.00000e+00
 1.00000e-09 3.96373e+03 2.81062e-21 +0.00000e+00
 1.24520e-09 3.96632e+03 2.99147e-21 +0.00000e+00
 1.55052e-09 3.96904e+03 3.21774e-21 +0.00000e+00
 1.93070e-09 3.97220e+03 3.50160e-21 +0.00000e+00
 2.40410e-09 3.97586e+03 3.85930e-21 +0.00000e+00
 2.99358e-09 3.98003e+03 4.31150e-21 +0.00000e+00
 3.72759e-09 3.98474e+03 4.88616e-21 +0.00000e+00
 4.64159e-09 3.98998e+03 5.62023e-21 +0.00000e+00
 5.77969e-09 3.99576e+03 6.56580e-21 +0.00000e+00
 7.19686e-09 4.00205e+03 7.79364e-21 +0.00000e+00
 8.96151e-09 4.00884e+03 9.41438e-21 +0.00000e+00
 1.11588e-08 4.01610e+03 1.15723e-20 +0.00000e+00
 1.38950e-08 4.02382e+03 1.44219e-20 +0.00000e+00
 1.73020e-08 4.03193e+03 1.81851e-20 +0.00000e+00
 2.15443e-08 4.04038e+03 2.31611e-20 +0.00000e+00
 2.68270e-08 4.04909e+03 2.97464e-20 +0.00000e+00
 3.34048e-08 4.05801e+03 3.84653e-20 +0.00000e+00
 4.15956e-08 4.06709e+03 5.00113e-20 +0.00000e+00
 5.17947e-08 4.07630e+03 6.53124e-20 +0.00000e+00
 6.44947e-08 4.08561e+03 8.56402e-20 +0.00000e+00
 8.03086e-08 4.09502e+03 1.12772e-19 +0.00000e+00
 1.00000e-07 4.10453e+03 1.49260e-19 +0.00000e+00
 1.24520e-07 4.11417e+03 1.98808e-19 +0.00000e+00
 1.55052e-07 4.12399e+03 2.66849e-19 +0.00000e+00
 1.93070e-07 4.13402e+03 3.60712e-19 +0.00000e+00
 2.40410e-07 4.14430e+03 4.90754e-19 +0.00000e+00
 2.99358e-07 4.15485e+03 6.68705e-19 +0.00000e+00
 3.72759e-07 4.16541e+03 9.12170e-19 +0.00000e+00
 4.64159e-07 4.17636e+03 1.24557e-18 +0.00000e+00
 5.77969e-07 4.18763e+03 1.70615e-18 +0.00000e+00
 7.19686e-07 4.19931e+03 2.34130e-18 +0.00000e+00
 8.96151e-07 4.21147e+03 3.21606e-18 +0.00000e+00
 1.11588e-06 4.22423e+03 4.41909e-18 +0.00000e+00
 1.38950e-06 4.23771e+03 6.07121e-18 +0.00000e+00
 1.73020e-06 4.25209e+03 8.33922e-18 +0.00000e+00
 2.15443e-06 4.26757e+03 1.14512e-17 +0.00000e+00
 2.68270e-06 4.28437e+03 1.57197e-17 +0.00000e+00
 3.34048e-06 4.30279e+03 2.15728e-17 +0.00000e+00
 4.15956e-06 4.32314e+03 2.95954e-17 +0.00000e+00
 5.17947e-06 4.34578e+03 4.05760e-17 +0.00000e+00
 6.44947e-06 4.37109e+03 5.56505e-17 +0.00000e+00
 8.03086e-06 4.39995e+03 7.63053e-17 +0.00000e+00
 1.00000e-05 4.43186e+03 1.04568e-16 +0.00000e+00
 1.24520e-05 4.46718e+03 1.43067e-16 +0.00000e+00
 1.55052e-05 4.50596e+03 1.95415e-16 +0.00000e+00
 1.93070e-05 4.54799e+03 2.66360e-16 +0.00000e+00
 2.40410e-05 4.59214e+03 3.62289e-16 +0.00000e+00
 2.99358e-05 4.63919e+03 4.91608e-16 +0.00000e+00
 3.72759e-05 4.68736e+03 6.65697e-16 +0.00000e+00
 4.64159e-05 4.73635e+03 8.99719e-16 +0.00000e+00
 5.77969e-05 4.78461e+03 1.21417e-15 +0.00000e+00
 7.19686e-05 4.83036e+03 1.63684e-15 +0.00000e+00
 8.96151e-05 4.87418e+03 2.20450e-15 +0.00000e+00
 1.11588e-04 4.91511e+03 2.96847e-15 +0.00000e+00
 1.38950e-04 4.95269e+03 3.99899e-15 +0.00000e+00
 1.73020e-04 4.98719e+03 5.39114e-15 +0.00000e+00
 2.15443e-04 5.01935e+03 7.27260e-15 +0.00000e+00
 2.68270e-04 5.05032e+03 9.81059e-15 +0.00000e+00
 3.34048e-04 5.07906e+03 1.32340e-14 +0.00000e+00
 4.15956e-04 5.10644e+03 1.78376e-14 +0.00000e+00
 5.17947e-04 5.13284e+03 2.40050e-14 +0.00000e+00
 6.44947e-04 5.15842e+03 3.22320e-14 +0.00000e+00
 8.03086e-04 5.18330e+03 4.31533e-14 +0.00000e+00
 1.00000e-03 5.20762e+03 5.75752e-14 +0.00000e+00
 1.24520e-03 5.23154e+03 7.65185e-14 -2.55031e-07
 1.55052e-03 5.25528e+03 1.01273e-13 -3.17564e-07
 1.93070e-03 5.27900e+03 1.33463e-13 -3.95430e-07
 2.40410e-03 5.30289e+03 1.75115e-13 -4.92388e-07
 2.99358e-03 5.32705e+03 2.28729e-13 -6.13120e-07
 3.72759e-03 5.35163e+03 2.97326e-13 -7.63456e-07
 4.64159e-03 5.37677e+03 3.84538e-13 -9.50650e-07
 5.77969e-03 5.40382e+03 4.94387e-13 -1.18375e-06
 7.19686e-03 5.43067e+03 6.32279e-13 -1.47400e-06
 8.96151e-03 5.45858e+03 8.04401e-13 -1.83543e-06
 1.11588e-02 5.48783e+03 1.01839e-12 -2.28546e-06
 1.38950e-02 5.52075e+03 1.28205e-12 -2.84586e-06
 1.73020e-02 5.55358e+03 1.60732e-12 -3.54365e-06
 2.15443e-02 5.58873e+03 2.00637e-12 -4.41254e-06
 2.68270e-02 5.62671e+03 2.49249e-12 -5.49448e-06
 3.34048e-02 5.66826e+03 3.07832e-12 -6.84171e-06
 4.15956e-02 5.71417e+03 3.77387e-12 -8.51928e-06
 5.17947e-02 5.76336e+03 4.58896e-12 -1.06082e-05
 6.44947e-02 5.82114e+03 5.51585e-12 -1.32092e-05
 8.03086e-02 5.88547e+03 6.54346e-12 -1.64482e-05
 1.00000e-01 5.95874e+03 7.64354e-12 -2.04812e-05
 1.24520e-01 6.04150e+03 8.77766e-12 -2.55056e-05
 1.55052e-01 6.13973e+03 9.87637e-12 -3.17553e-05
 1.93070e-01 6.25427e+03 1.08658e-11 -3.95449e-05
 2.40410e-01 6.38837e+03 1.16620e-11 -4.92348e-05
 2.99358e-01 6.54443e+03 1.21843e-11 -6.13148e-05
 3.72759e-01 6.72379e+03 1.23695e-11 -7.63460e-05
 4.64159e-01 6.93514e+03 1.21403e-11 -9.50650e-05
 5.77969e-01 7.19767e+03 1.13895e-11 -1.18375e-04
 7.19686e-01 7.48939e+03 1.02892e-11 -1.47400e-04
 8.96151e-01 7.82894e+03 9.00040e-12 -1.83543e-04
 1.11588e+00 8.26224e+03 7.77371e-12 -2.28546e-04
 1.38950e+00 8.61683e+03 7.20026e-12 -2.84586e-04
 1.73020e+00 8.91466e+03 6.95509e-12 -3.54365e-04
 2.15443e+00 9.22563e+03 6.83340e-12 -4.41255e-04
 2.68270e+00 9.56866e+03 6.79177e-12 -5.49449e-04
 3.34048e+00 9.95620e+03 6.81618e-12 -6.14437e-04
 4.15956e+00 1.04057e+04 6.90134e-12 -6.14438e-04
 5.17947e+00 1.07760e+04 7.14996e-12 -6.14435e-04
 6.44947e+00 1.12527e+04 7.44636e-12 -6.14440e-04
 8.03086e+00 1.17513e+04 7.86117e-12 -6.14435e-04
 1.00000e+01 1.26094e+04 8.16322e-12 -6.14436e-04
 1.24520e+01 1.26786e+04 9.23790e-12 -6.14436e-04
 1.55052e+01 1.37016e+04 9.72056e-12 -6.14436e-04
 1.93070e+01 1.41013e+04 1.10095e-11 -6.14437e-04
 2.40410e+01 1.49166e+04 1.22786e-11 -6.14436e-04
 2.99358e+01 1.56861e+04 1.39920e-11 -6.14436e-04
 3.72759e+01 1.64530e+04 1.61768e-11 -6.14436e-04
 4.64159e+01 1.74017e+04 1.87466e-11 -6.14436e-04
 5.77969e+01 1.84775e+04 2.18622e-11 -6.14436e-04
 7.19686e+01 1.95622e+04 2.57934e-11 -6.14436e-04
 8.96151e+01 2.04084e+04 3.10036e-11 -6.14436e-04
 1.11588e+02 2.18935e+04 3.64776e-11 -6.14436e-04
 1.38950e+02 2.29489e+04 4.40684e-11 -6.14436e-04
 1.73020e+02 2.44198e+04 5.26021e-11 -6.14436e-04
 2.15443e+02 2.58395e+04 6.32943e-11 -6.14436e-04
 2.68270e+02 2.74182e+04 7.60293e-11 -6.14436e-04
 3.34048e+02 2.91016e+04 9.12440e-11 -6.14436e-04
 4.15956e+02 3.09128e+04 1.09029e-10 -6.14436e-04
 5.17947e+02 3.28575e+04 1.29590e-10 -6.14436e-04
 6.44947e+02 3.49302e+04 1.53935e-10 -6.14436e-04
 8.03086e+02 3.71363e+04 1.83515e-10 -6.14436e-04
 1.00000e+03 3.96793e+04 2.18719e-10 -6.14436e-04
