#n1=128 n2=4 Teff=06000 R=4.7693e+13 L=2.0967e+39 logg=-0.50
#   tau          T          rho         Fconv
 0.00000e+00 3.44706e+03 3.77595e-21 +0.00000e+00
 1.00000e-09 3.44706e+03 1.71941e-20 +0.00000e+00
 1.24520e-09 3.45162e+03 2.20409e-20 +0.00000e+00
 1.55052e-09 3.45606e+03 2.87165e-20 +0.00000e+00
 1.93070e-09 3.46073e+03 3.78836e-20 +0.00000e+00
 2.40410e-09 3.46556e+03 5.04502e-20 +0.00000e+00
 2.99358e-09 3.47052e+03 6.76389e-20 +0.00000e+00
 3.72759e-09 3.47559e+03 9.11155e-20 +0.00000e+00
 4.64159e-09 3.48073e+03 1.23153e-19 +0.00000e+00
 5.77969e-09 3.48595e+03 1.66838e-19 +0.00000e+00
 7.19686e-09 3.49121e+03 2.26414e-19 +0.00000e+00
 8.96151e-09 3.49652e+03 3.07825e-19 +0.00000e+00
 1.11588e-08 3.50191e+03 4.19626e-19 +0.00000e+00
 1.38950e-08 3.50742e+03 5.74630e-19 +0.00000e+00
 1.73020e-08 3.51307e+03 7.90766e-19 +0.00000e+00
 2.15443e-08 3.51885e+03 1.09225e-18 +0.00000e+00
 2.68270e-08 3.52476e+03 1.51233e-18 +0.00000e+00
 3.34048e-08 3.53079e+03 2.09663e-18 +0.00000e+00
 4.15956e-08 3.53697e+03 2.90764e-18 +0.00000e+00
 5.17947e-08 3.54332e+03 4.03070e-18 +0.00000e+00
 6.44947e-08 3.54986e+03 5.58255e-18 +0.00000e+00
 8.03086e-08 3.55666e+03 7.72283e-18 +0.00000e+00
 1.00000e-07 3.56375e+03 1.06701e-17 +0.00000e+00
 1.24520e-07 3.57123e+03 1.47244e-17 +0.00000e+00
 1.55052e-07 3.57915e+03 2.02973e-17 +0.00000e+00
 1.93070e-07 3.58762e+03 2.79511e-17 +0.00000e+00
 2.40410e-07 3.59672e+03 3.84536e-17 +0.00000e+00
 2.99358e-07 3.60656e+03 5.28569e-17 +0.00000e+00
 3.72759e-07 3.61725e+03 7.25991e-17 +0.00000e+00
 4.64159e-07 3.62893e+03 9.96513e-17 +0.00000e+00
 5.77969e-07 3.64172e+03 1.36661e-16 +0.00000e+00
 7.19686e-07 3.65582e+03 1.87212e-16 +0.00000e+00
 8.96151e-07 3.67138e+03 2.56227e-16 +0.00000e+00
 1.11588e-06 3.68855e+03 3.50358e-16 +0.00000e+00
 1.38950e-06 3.70736e+03 4.78544e-16 +0.00000e+00
 1.73020e-06 3.72778e+03 6.52741e-16 +0.00000e+00
 2.15443e-06 3.74971e+03 8.88968e-16 +0.00000e+00
 2.68270e-06 3.77300e+03 1.20866e-15 +0.00000e+00
 3.34048e-06 3.79745e+03 1.64029e-15 +0.00000e+00
 4.15956e-06 3.82288e+03 2.22138e-15 +0.00000e+00
 5.17947e-06 3.84904e+03 3.00155e-15 +0.00000e+00
 6.44947e-06 3.87614e+03 4.04581e-15 +0.00000e+00
 8.03086e-06 3.90427e+03 5.43986e-15 +0.00000e+00
 1.00000e-05 3.93324e+03 7.29576e-15 +0.00000e+00
 1.24520e-05 3.96280e+03 9.75899e-15 +0.00000e+00
 1.55052e-05 3.99259e+03 1.30190e-14 +0.00000e+00
 1.93070e-05 4.02230e+03 1.73220e-14 +0.00000e+00
 2.40410e-05 4.05168e+03 2.29878e-14 +0.00000e+00
 2.99358e-05 4.08067e+03 3.04284e-14 +0.00000e+00
 3.72759e-05 4.10931e+03 4.01727e-14 +0.00000e+00
 4.64159e-05 4.13777e+03 5.28948e-14 +0.00000e+00
 5.77969e-05 4.16624e+03 6.94488e-14 +0.00000e+00
 7.19686e-05 4.19491e+03 9.09112e-14 +0.00000e+00
 8.96151e-05 4.22396e+03 1.18630e-13 +0.00000e+00
 1.11588e-04 4.25364e+03 1.54280e-13 +0.00000e+00
 1.38950e-04 4.28414e+03 1.99926e-13 +0.00000e+00
 1.73020e-04 4.31569e+03 2.58093e-13 +0.00000e+00
 2.15443e-04 4.34839e+03 3.31850e-13 +0.00000e+00
 2.68270e-04 4.38227e+03 4.24893e-13 +0.00000e+00
 3.34048e-04 4.41721e+03 5.41663e-13 +0.00000e+00
 4.15956e-04 4.45289e+03 6.87479e-13 +0.00000e+00
 5.17947e-04 4.48882e+03 8.68716e-13 +0.00000e+00
 6.44947e-04 4.52443e+03 1.09304e-12 +0.00000e+00
 8.03086e-04 4.55909e+03 1.36970e-12 +0.00000e+00
 1.00000e-03 4.59226e+03 1.70996e-12 +0.00000e+00
 1.24520e-03 4.62356e+03 2.12764e-12 -2.55021e-07
 1.55052e-03 4.65273e+03 2.63979e-12 -3.17550e-07
 1.93070e-03 4.67969e+03 3.26737e-12 -3.95412e-07
 2.40410e-03 4.70452e+03 4.03598e-12 -4.92366e-07
 2.99358e-03 4.72748e+03 4.97644e-12 -6.13094e-07
 3.72759e-03 4.74894e+03 6.12536e-12 -7.63422e-07
 4.64159e-03 4.76929e+03 7.52579e-12 -9.50610e-07
 5.77969e-03 4.78896e+03 9.22764e-12 -1.18370e-06
 7.19686e-03 4.80834e+03 1.12883e-11 -1.47394e-06
 8.96151e-03 4.82781e+03 1.37728e-11 -1.83535e-06
 1.11588e-02 4.84776e+03 1.67530e-11 -2.28536e-06
 1.38950e-02 4.86863e+03 2.03049e-11 -2.84572e-06
 1.73020e-02 4.89085e+03 2.45052e-11 -3.54349e-06
 2.15443e-02 4.91491e+03 2.94263e-11 -4.41234e-06
 2.68270e-02 4.94133e+03 3.51311e-11 -5.49423e-06
 3.34048e-02 4.97067e+03 4.16671e-11 -6.84141e-06
 4.15956e-02 5.00353e+03 4.90599e-11 -8.51890e-06
 5.17947e-02 5.04054e+03 5.73053e-11 -1.06077e-05
 6.44947e-02 5.08242e+03 6.63609e-11 -1.32087e-05
 8.03086e-02 5.12997e+03 7.61361e-11 -1.64475e-05
 1.00000e-01 5.18412e+03 8.64855e-11 -2.04803e-05
 1.24520e-01 5.24599e+03 9.72013e-11 -2.55021e-05
 1.55052e-01 5.31688e+03 1.08013e-10 -3.17550e-05
 1.93070e-01 5.39843e+03 1.18588e-10 -3.95412e-05
 2.40410e-01 5.49272e+03 1.28535e-10 -4.92366e-05
 2.99358e-01 5.60235e+03 1.37417e-10 -6.13094e-05
 3.72759e-01 5.73073e+03 1.44764e-10 -7.63423e-05
 4.64159e-01 5.88031e+03 1.50179e-10 -9.50610e-05
 5.77969e-01 6.05769e+03 1.53204e-10 -1.18370e-04
 7.19686e-01 6.26836e+03 1.53492e-10 -1.47394e-04
 8.96151e-01 6.51812e+03 1.50789e-10 -1.83535e-04
 1.11588e+00 6.81816e+03 1.44690e-10 -2.28534e-04
 1.38950e+00 7.17073e+03 1.34945e-10 -2.83981e-04
 1.73020e+00 7.56419e+03 1.21701e-10 -2.02371e-04
 2.15443e+00 7.98585e+03 1.05714e-10 +6.65103e-03
 2.68270e+00 8.20379e+03 9.73418e-11 +1.45347e-02
 3.34048e+00 8.40952e+03 8.97978e-11 +2.48320e-02
 4.15956e+00 8.61620e+03 8.28340e-11 +3.06706e-02
 5.17947e+00 8.83984e+03 7.62570e-11 +3.13787e-02
 6.44947e+00 9.11066e+03 6.97984e-11 +2.47445e-02
 8.03086e+00 9.48670e+03 6.33439e-11 +7.56427e-03
 1.00000e+01 1.01756e+04 5.63624e-11 -5.80232e-04
 1.24520e+01 1.04608e+04 5.46676e-11 -6.11405e-04
 1.55052e+01 1.02860e+04 5.62892e-11 -5.99089e-04
 1.93070e+01 1.07617e+04 5.37336e-11 -6.14051e-04
 2.40410e+01 1.13673e+04 5.12419e-11 -6.14398e-04
 2.99358e+01 1.24260e+04 4.76294e-11 -6.14408e-04
 3.72759e+01 1.24447e+04 4.88086e-11 -6.14408e-04
 4.64159e+01 1.33690e+04 4.65921e-11 -6.14408e-04
 5.77969e+01 1.37497e+04 4.70855e-11 -6.14408e-04
 7.19686e+01 1.44528e+04 4.68601e-11 -6.14408e-04
 8.96151e+01 1.55036e+04 4.65118e-11 -6.14409e-04
 1.11588e+02 1.62980e+04 4.82501e-11 -6.14409e-04
 1.38950e+02 1.74127e+04 5.03211e-11 -6.14409e-04
 1.73020e+02 1.81156e+04 5.49204e-11 -6.14409e-04
 2.15443e+02 1.92512e+04 5.98039e-11 -6.14409e-04
 2.68270e+02 2.02075e+04 6.70807e-11 -6.14409e-04
 3.34048e+02 2.19522e+04 7.42853e-11 -6.14409e-04
 4.15956e+02 2.31149e+04 8.62297e-11 -6.14409e-04
 5.17947e+02 2.44737e+04 1.00659e-10 -6.14409e-04
 6.44947e+02 2.60133e+04 1.18286e-10 -6.14409e-04
 8.03086e+02 2.74885e+04 1.40727e-10 -6.14409e-04
 1.00000e+03 2.97615e+04 1.64505e-10 -6.14409e-04
