#n1=128 n2=4 Teff=06800 R=7.6381e+10 L=8.8875e+33 logg=+4.50
#   tau          T          rho         Fconv
 0.00000e+00 5.06788e+03 1.53459e-21 +0.00000e+00
 1.00000e-09 5.06788e+03 3.84421e-15 +0.00000e+00
 1.24520e-09 5.06885e+03 5.84233e-15 +0.00000e+00
 1.55052e-09 5.06958e+03 8.79074e-15 +0.00000e+00
 1.93070e-09 5.07004e+03 1.30831e-14 +0.00000e+00
 2.40410e-09 5.07022e+03 1.92514e-14 +0.00000e+00
 2.99358e-09 5.07012e+03 2.80197e-14 +0.00000e+00
 3.72759e-09 5.06974e+03 4.03935e-14 +0.00000e+00
 4.64159e-09 5.06911e+03 5.78025e-14 +0.00000e+00
 5.77969e-09 5.06828e+03 8.23215e-14 +0.00000e+00
 7.19686e-09 5.06730e+03 1.16985e-13 +0.00000e+00
 8.96151e-09 5.06620e+03 1.66194e-13 +0.00000e+00
 1.11588e-08 5.06500e+03 2.36179e-13 +0.00000e+00
 1.38950e-08 5.06370e+03 3.35491e-13 +0.00000e+00
 1.73020e-08 5.06233e+03 4.75554e-13 +0.00000e+00
 2.15443e-08 5.06095e+03 6.71465e-13 +0.00000e+00
 2.68270e-08 5.05967e+03 9.43190e-13 +0.00000e+00
 3.34048e-08 5.05862e+03 1.31711e-12 +0.00000e+00
 4.15956e-08 5.05790e+03 1.82785e-12 +0.00000e+00
 5.17947e-08 5.05763e+03 2.52017e-12 +0.00000e+00
 6.44947e-08 5.05793e+03 3.45134e-12 +0.00000e+00
 8.03086e-08 5.05888e+03 4.69280e-12 +0.00000e+00
 1.00000e-07 5.06058e+03 6.33110e-12 +0.00000e+00
 1.24520e-07 5.06309e+03 8.46843e-12 +0.00000e+00
 1.55052e-07 5.06644e+03 1.12222e-11 +0.00000e+00
 1.93070e-07 5.07066e+03 1.47245e-11 +0.00000e+00
 2.40410e-07 5.07571e+03 1.91212e-11 +0.00000e+00
 2.99358e-07 5.08154e+03 2.45728e-11 +0.00000e+00
 3.72759e-07 5.08808e+03 3.12553e-11 +0.00000e+00
 4.64159e-07 5.09525e+03 3.93631e-11 +0.00000e+00
 5.77969e-07 5.10294e+03 4.91121e-11 +0.00000e+00
 7.19686e-07 5.11105e+03 6.07435e-11 +0.00000e+00
 8.96151e-07 5.11949e+03 7.45287e-11 +0.00000e+00
 1.11588e-06 5.12817e+03 9.07745e-11 +0.00000e+00
 1.38950e-06 5.13705e+03 1.09828e-10 +0.00000e+00
 1.73020e-06 5.14605e+03 1.32086e-10 +0.00000e+00
 2.15443e-06 5.15517e+03 1.57996e-10 +0.00000e+00
 2.68270e-06 5.16438e+03 1.88070e-10 +0.00000e+00
 3.34048e-06 5.17369e+03 2.22888e-10 +0.00000e+00
 4.15956e-06 5.18311e+03 2.63109e-10 +0.00000e+00
 5.17947e-06 5.19266e+03 3.09480e-10 +0.00000e+00
 6.44947e-06 5.20237e+03 3.62846e-10 +0.00000e+00
 8.03086e-06 5.21226e+03 4.24158e-10 +0.00000e+00
 1.00000e-05 5.22232e+03 4.94493e-10 +0.00000e+00
 1.24520e-05 5.23255e+03 5.75059e-10 +0.00000e+00
 1.55052e-05 5.24294e+03 6.67218e-10 +0.00000e+00
 1.93070e-05 5.25347e+03 7.72498e-10 +0.00000e+00
 2.40410e-05 5.26408e+03 8.92618e-10 +0.00000e+00
 2.99358e-05 5.27475e+03 1.02951e-09 +0.00000e+00
 3.72759e-05 5.28542e+03 1.18532e-09 +0.00000e+00
 4.64159e-05 5.29603e+03 1.36250e-09 +0.00000e+00
 5.77969e-05 5.30655e+03 1.56376e-09 +0.00000e+00
 7.19686e-05 5.31692e+03 1.79216e-09 +0.00000e+00
 8.96151e-05 5.32710e+03 2.05112e-09 +0.00000e+00
 1.11588e-04 5.33702e+03 2.34450e-09 +0.00000e+00
 1.38950e-04 5.34666e+03 2.67660e-09 +0.00000e+00
 1.73020e-04 5.35597e+03 3.05229e-09 +0.00000e+00
 2.15443e-04 5.36489e+03 3.47712e-09 +0.00000e+00
 2.68270e-04 5.37343e+03 3.95736e-09 +0.00000e+00
 3.34048e-04 5.38152e+03 4.50016e-09 +0.00000e+00
 4.15956e-04 5.38917e+03 5.11372e-09 +0.00000e+00
 5.17947e-04 5.39637e+03 5.80748e-09 +0.00000e+00
 6.44947e-04 5.40315e+03 6.59233e-09 +0.00000e+00
 8.03086e-04 5.40954e+03 7.48092e-09 +0.00000e+00
 1.00000e-03 5.41559e+03 8.48788e-09 +0.00000e+00
 1.24520e-03 5.42138e+03 9.63018e-09 -2.54579e-07
 1.55052e-03 5.42702e+03 1.09274e-08 -3.17001e-07
 1.93070e-03 5.43265e+03 1.24020e-08 -3.94729e-07
 2.40410e-03 5.43843e+03 1.40796e-08 -4.91515e-07
 2.99358e-03 5.44453e+03 1.59890e-08 -6.12034e-07
 3.72759e-03 5.45113e+03 1.81624e-08 -7.62103e-07
 4.64159e-03 5.45844e+03 2.06354e-08 -9.48964e-07
 5.77969e-03 5.46663e+03 2.34471e-08 -1.18165e-06
 7.19686e-03 5.47593e+03 2.66396e-08 -1.47139e-06
 8.96151e-03 5.48657e+03 3.02582e-08 -1.83217e-06
 1.11588e-02 5.49883e+03 3.43506e-08 -2.28141e-06
 1.38950e-02 5.51301e+03 3.89659e-08 -2.84081e-06
 1.73020e-02 5.52945e+03 4.41525e-08 -3.53736e-06
 2.15443e-02 5.54856e+03 4.99561e-08 -4.40472e-06
 2.68270e-02 5.57078e+03 5.64187e-08 -5.48474e-06
 3.34048e-02 5.59660e+03 6.35708e-08 -6.82958e-06
 4.15956e-02 5.62664e+03 7.14309e-08 -8.50421e-06
 5.17947e-02 5.66157e+03 8.00026e-08 -1.05894e-05
 6.44947e-02 5.70220e+03 8.92562e-08 -1.31858e-05
 8.03086e-02 5.74953e+03 9.91240e-08 -1.64190e-05
 1.00000e-01 5.80471e+03 1.09496e-07 -2.04449e-05
 1.24520e-01 5.86913e+03 1.20209e-07 -2.54579e-05
 1.55052e-01 5.94433e+03 1.31038e-07 -3.17001e-05
 1.93070e-01 6.03208e+03 1.41712e-07 -3.94729e-05
 2.40410e-01 6.13428e+03 1.51917e-07 -4.91515e-05
 2.99358e-01 6.25313e+03 1.61319e-07 -6.12034e-05
 3.72759e-01 6.39117e+03 1.69584e-07 -7.62103e-05
 4.64159e-01 6.55144e+03 1.76395e-07 -9.48716e-05
 5.77969e-01 6.73778e+03 1.81466e-07 -1.15534e-04
 7.19686e-01 6.95502e+03 1.84558e-07 -8.77824e-05
 8.96151e-01 7.20905e+03 1.85491e-07 +6.08440e-04
 1.11588e+00 7.50372e+03 1.84177e-07 +4.64222e-03
 1.38950e+00 7.73957e+03 1.83666e-07 +9.75781e-03
 1.73020e+00 7.95464e+03 1.83317e-07 +1.77157e-02
 2.15443e+00 8.15551e+03 1.83104e-07 +2.73476e-02
 2.68270e+00 8.34644e+03 1.83003e-07 +3.88665e-02
 3.34048e+00 8.53045e+03 1.82988e-07 +4.92620e-02
 4.15956e+00 8.70399e+03 1.83193e-07 +5.51962e-02
 5.17947e+00 8.86806e+03 1.83645e-07 +5.99687e-02
 6.44947e+00 9.02350e+03 1.84370e-07 +6.38334e-02
 8.03086e+00 9.17157e+03 1.85385e-07 +6.68802e-02
 1.00000e+01 9.31370e+03 1.86697e-07 +6.92903e-02
 1.24520e+01 9.45109e+03 1.88317e-07 +7.12021e-02
 1.55052e+01 9.58486e+03 1.90257e-07 +7.27237e-02
 1.93070e+01 9.71591e+03 1.92530e-07 +7.39446e-02
 2.40410e+01 9.84498e+03 1.95156e-07 +7.49306e-02
 2.99358e+01 9.97270e+03 1.98155e-07 +7.57310e-02
 3.72759e+01 1.00996e+04 2.01554e-07 +7.63846e-02
 4.64159e+01 1.02260e+04 2.05382e-07 +7.69207e-02
 5.77969e+01 1.03524e+04 2.09668e-07 +7.73597e-02
 7.19686e+01 1.04792e+04 2.14442e-07 +7.77201e-02
 8.96151e+01 1.06070e+04 2.19734e-07 +7.80172e-02
 1.11588e+02 1.07360e+04 2.25576e-07 +7.82632e-02
 1.38950e+02 1.08666e+04 2.32002e-07 +7.84681e-02
 1.73020e+02 1.09990e+04 2.39051e-07 +7.86400e-02
 2.15443e+02 1.11333e+04 2.46770e-07 +7.87849e-02
 2.68270e+02 1.12696e+04 2.55211e-07 +7.89078e-02
 3.34048e+02 1.14077e+04 2.64445e-07 +7.90114e-02
 4.15956e+02 1.15480e+04 2.74537e-07 +7.90986e-02
 5.17947e+02 1.16902e+04 2.85567e-07 +7.91725e-02
 6.44947e+02 1.18344e+04 2.97629e-07 +7.92353e-02
 8.03086e+02 1.19804e+04 3.10838e-07 +7.92888e-02
 1.00000e+03 1.21280e+04 3.25333e-07 +7.93341e-02
