#n1=128 n2=4 Teff=06100 R=2.7255e+13 L=7.3192e+38 logg=+0.00
#   tau          T          rho         Fconv
 0.00000e+00 3.43772e+03 3.27072e-21 +0.00000e+00
 1.00000e-09 3.43772e+03 4.95670e-20 +0.00000e+00
 1.24520e-09 3.44125e+03 6.90733e-20 +0.00000e+00
 1.55052e-09 3.44490e+03 9.67583e-20 +0.00000e+00
 1.93070e-09 3.44871e+03 1.35857e-19 +0.00000e+00
 2.40410e-09 3.45271e+03 1.90884e-19 +0.00000e+00
 2.99358e-09 3.45693e+03 2.68184e-19 +0.00000e+00
 3.72759e-09 3.46144e+03 3.76799e-19 +0.00000e+00
 4.64159e-09 3.46632e+03 5.29784e-19 +0.00000e+00
 5.77969e-09 3.47168e+03 7.45540e-19 +0.00000e+00
 7.19686e-09 3.47765e+03 1.05009e-18 +0.00000e+00
 8.96151e-09 3.48434e+03 1.47874e-18 +0.00000e+00
 1.11588e-08 3.49189e+03 2.08057e-18 +0.00000e+00
 1.38950e-08 3.50043e+03 2.92707e-18 +0.00000e+00
 1.73020e-08 3.51017e+03 4.11847e-18 +0.00000e+00
 2.15443e-08 3.52128e+03 5.79092e-18 +0.00000e+00
 2.68270e-08 3.53395e+03 8.12915e-18 +0.00000e+00
 3.34048e-08 3.54831e+03 1.13833e-17 +0.00000e+00
 4.15956e-08 3.56444e+03 1.58920e-17 +0.00000e+00
 5.17947e-08 3.58236e+03 2.21136e-17 +0.00000e+00
 6.44947e-08 3.60198e+03 3.06685e-17 +0.00000e+00
 8.03086e-08 3.62316e+03 4.23985e-17 +0.00000e+00
 1.00000e-07 3.64569e+03 5.84495e-17 +0.00000e+00
 1.24520e-07 3.66930e+03 8.03816e-17 +0.00000e+00
 1.55052e-07 3.69380e+03 1.10305e-16 +0.00000e+00
 1.93070e-07 3.71907e+03 1.51058e-16 +0.00000e+00
 2.40410e-07 3.74498e+03 2.06446e-16 +0.00000e+00
 2.99358e-07 3.77130e+03 2.81587e-16 +0.00000e+00
 3.72759e-07 3.79775e+03 3.83354e-16 +0.00000e+00
 4.64159e-07 3.82393e+03 5.20967e-16 +0.00000e+00
 5.77969e-07 3.84958e+03 7.06838e-16 +0.00000e+00
 7.19686e-07 3.87474e+03 9.57705e-16 +0.00000e+00
 8.96151e-07 3.89960e+03 1.29612e-15 +0.00000e+00
 1.11588e-06 3.92447e+03 1.75212e-15 +0.00000e+00
 1.38950e-06 3.94962e+03 2.36541e-15 +0.00000e+00
 1.73020e-06 3.97521e+03 3.18840e-15 +0.00000e+00
 2.15443e-06 4.00123e+03 4.29010e-15 +0.00000e+00
 2.68270e-06 4.02760e+03 5.76098e-15 +0.00000e+00
 3.34048e-06 4.05418e+03 7.71912e-15 +0.00000e+00
 4.15956e-06 4.08088e+03 1.03177e-14 +0.00000e+00
 5.17947e-06 4.10763e+03 1.37546e-14 +0.00000e+00
 6.44947e-06 4.13436e+03 1.82842e-14 +0.00000e+00
 8.03086e-06 4.16099e+03 2.42322e-14 +0.00000e+00
 1.00000e-05 4.18744e+03 3.20135e-14 +0.00000e+00
 1.24520e-05 4.21364e+03 4.21559e-14 +0.00000e+00
 1.55052e-05 4.23950e+03 5.53296e-14 +0.00000e+00
 1.93070e-05 4.26495e+03 7.23844e-14 +0.00000e+00
 2.40410e-05 4.28998e+03 9.43967e-14 +0.00000e+00
 2.99358e-05 4.31457e+03 1.22728e-13 +0.00000e+00
 3.72759e-05 4.33875e+03 1.59097e-13 +0.00000e+00
 4.64159e-05 4.36258e+03 2.05669e-13 +0.00000e+00
 5.77969e-05 4.38609e+03 2.65165e-13 +0.00000e+00
 7.19686e-05 4.40935e+03 3.40990e-13 +0.00000e+00
 8.96151e-05 4.43241e+03 4.37400e-13 +0.00000e+00
 1.11588e-04 4.45532e+03 5.59690e-13 +0.00000e+00
 1.38950e-04 4.47813e+03 7.14419e-13 +0.00000e+00
 1.73020e-04 4.50087e+03 9.09681e-13 +0.00000e+00
 2.15443e-04 4.52359e+03 1.15540e-12 +0.00000e+00
 2.68270e-04 4.54629e+03 1.46370e-12 +0.00000e+00
 3.34048e-04 4.56903e+03 1.84925e-12 +0.00000e+00
 4.15956e-04 4.59186e+03 2.32967e-12 +0.00000e+00
 5.17947e-04 4.61486e+03 2.92596e-12 +0.00000e+00
 6.44947e-04 4.63815e+03 3.66282e-12 +0.00000e+00
 8.03086e-04 4.66183e+03 4.56900e-12 +0.00000e+00
 1.00000e-03 4.68595e+03 5.67762e-12 +0.00000e+00
 1.24520e-03 4.71049e+03 7.02640e-12 -2.54885e-07
 1.55052e-03 4.73576e+03 8.65643e-12 -3.17383e-07
 1.93070e-03 4.76180e+03 1.06121e-11 -3.95204e-07
 2.40410e-03 4.78866e+03 1.29402e-11 -4.92105e-07
 2.99358e-03 4.81646e+03 1.56886e-11 -6.12769e-07
 3.72759e-03 4.84534e+03 1.89048e-11 -7.63018e-07
 4.64159e-03 4.87525e+03 2.26367e-11 -9.50107e-07
 5.77969e-03 4.90624e+03 2.69322e-11 -1.18307e-06
 7.19686e-03 4.93836e+03 3.18391e-11 -1.47316e-06
 8.96151e-03 4.97159e+03 3.74053e-11 -1.83437e-06
 1.11588e-02 5.00573e+03 4.36823e-11 -2.28415e-06
 1.38950e-02 5.04081e+03 5.07200e-11 -2.84422e-06
 1.73020e-02 5.07659e+03 5.85732e-11 -3.54162e-06
 2.15443e-02 5.11402e+03 6.72746e-11 -4.41001e-06
 2.68270e-02 5.15321e+03 7.68570e-11 -5.49133e-06
 3.34048e-02 5.19599e+03 8.72929e-11 -6.83779e-06
 4.15956e-02 5.24225e+03 9.85507e-11 -8.51439e-06
 5.17947e-02 5.29021e+03 1.10648e-10 -1.06021e-05
 6.44947e-02 5.33946e+03 1.23590e-10 -1.32017e-05
 8.03086e-02 5.38692e+03 1.37533e-10 -1.64387e-05
 1.00000e-01 5.44193e+03 1.52171e-10 -2.04694e-05
 1.24520e-01 5.50962e+03 1.67009e-10 -2.54885e-05
 1.55052e-01 5.59284e+03 1.81430e-10 -3.17383e-05
 1.93070e-01 5.69398e+03 1.94722e-10 -3.95204e-05
 2.40410e-01 5.80981e+03 2.06455e-10 -4.92112e-05
 2.99358e-01 5.93914e+03 2.16267e-10 -6.12770e-05
 3.72759e-01 6.06946e+03 2.24613e-10 -7.63018e-05
 4.64159e-01 6.22312e+03 2.30410e-10 -9.50107e-05
 5.77969e-01 6.44906e+03 2.30611e-10 -1.18307e-04
 7.19686e-01 6.69433e+03 2.27110e-10 -1.47316e-04
 8.96151e-01 6.98905e+03 2.18529e-10 -1.83435e-04
 1.11588e+00 7.29763e+03 2.06488e-10 -2.28238e-04
 1.38950e+00 7.55301e+03 1.94924e-10 -2.72540e-04
 1.73020e+00 8.25303e+03 1.55604e-10 +1.79208e-02
 2.15443e+00 8.45119e+03 1.44498e-10 +1.07626e-02
 2.68270e+00 8.62855e+03 1.35182e-10 +1.65949e-02
 3.34048e+00 8.82028e+03 1.25900e-10 +2.14155e-02
 4.15956e+00 9.03495e+03 1.16750e-10 +2.17428e-02
 5.17947e+00 9.29314e+03 1.07673e-10 +1.60974e-02
 6.44947e+00 9.62926e+03 9.88130e-11 +4.71405e-03
 8.03086e+00 1.04419e+04 8.61750e-11 -6.06364e-04
 1.00000e+01 1.04821e+04 8.63350e-11 -6.08110e-04
 1.24520e+01 1.11602e+04 8.07252e-11 -6.14049e-04
 1.55052e+01 1.13426e+04 8.03053e-11 -6.14071e-04
 1.93070e+01 1.18252e+04 7.80806e-11 -6.14082e-04
 2.40410e+01 1.30671e+04 7.19453e-11 -6.14084e-04
 2.99358e+01 1.38025e+04 6.99985e-11 -6.14084e-04
 3.72759e+01 1.41867e+04 7.09067e-11 -6.14084e-04
 4.64159e+01 1.49508e+04 7.05990e-11 -6.14084e-04
 5.77969e+01 1.53633e+04 7.34698e-11 -6.14084e-04
 7.19686e+01 1.70433e+04 7.21982e-11 -6.14084e-04
 8.96151e+01 1.76550e+04 7.78137e-11 -6.14084e-04
 1.11588e+02 1.84476e+04 8.43734e-11 -6.14084e-04
 1.38950e+02 1.94781e+04 9.20635e-11 -6.14084e-04
 1.73020e+02 2.02466e+04 1.03323e-10 -6.14084e-04
 2.15443e+02 2.19630e+04 1.13323e-10 -6.14084e-04
 2.68270e+02 2.25256e+04 1.32306e-10 -6.14084e-04
 3.34048e+02 2.40577e+04 1.49687e-10 -6.14084e-04
 4.15956e+02 2.48491e+04 1.75713e-10 -6.14084e-04
 5.17947e+02 2.63734e+04 2.01798e-10 -6.14084e-04
 6.44947e+02 2.74342e+04 2.36971e-10 -6.14084e-04
 8.03086e+02 2.89571e+04 2.74899e-10 -6.14084e-04
 1.00000e+03 3.01022e+04 3.23786e-10 -6.14084e-04
