#n1=128 n2=4 Teff=06600 R=5.2444e+13 L=3.7110e+39 logg=-0.50
#   tau          T          rho         Fconv
 0.00000e+00 3.60774e+03 2.62486e-21 +0.00000e+00
 1.00000e-09 3.60774e+03 4.37967e-21 +0.00000e+00
 1.24520e-09 3.61067e+03 4.85747e-21 +0.00000e+00
 1.55052e-09 3.61353e+03 5.45923e-21 +0.00000e+00
 1.93070e-09 3.61678e+03 6.21733e-21 +0.00000e+00
 2.40410e-09 3.62040e+03 7.16823e-21 +0.00000e+00
 2.99358e-09 3.62438e+03 8.36530e-21 +0.00000e+00
 3.72759e-09 3.62869e+03 9.95492e-21 +0.00000e+00
 4.64159e-09 3.63336e+03 1.20576e-20 +0.00000e+00
 5.77969e-09 3.63837e+03 1.48531e-20 +0.00000e+00
 7.19686e-09 3.64369e+03 1.85850e-20 +0.00000e+00
 8.96151e-09 3.64931e+03 2.35835e-20 +0.00000e+00
 1.11588e-08 3.65517e+03 3.02916e-20 +0.00000e+00
 1.38950e-08 3.66124e+03 3.93026e-20 +0.00000e+00
 1.73020e-08 3.66750e+03 5.14123e-20 +0.00000e+00
 2.15443e-08 3.67391e+03 6.77054e-20 +0.00000e+00
 2.68270e-08 3.68046e+03 8.96292e-20 +0.00000e+00
 3.34048e-08 3.68714e+03 1.19227e-19 +0.00000e+00
 4.15956e-08 3.69398e+03 1.59285e-19 +0.00000e+00
 5.17947e-08 3.70098e+03 2.13798e-19 +0.00000e+00
 6.44947e-08 3.70819e+03 2.88322e-19 +0.00000e+00
 8.03086e-08 3.71563e+03 3.90618e-19 +0.00000e+00
 1.00000e-07 3.72335e+03 5.31429e-19 +0.00000e+00
 1.24520e-07 3.73139e+03 7.25547e-19 +0.00000e+00
 1.55052e-07 3.73979e+03 9.93413e-19 +0.00000e+00
 1.93070e-07 3.74864e+03 1.36334e-18 +0.00000e+00
 2.40410e-07 3.75803e+03 1.87535e-18 +0.00000e+00
 2.99358e-07 3.76809e+03 2.58545e-18 +0.00000e+00
 3.72759e-07 3.77894e+03 3.56932e-18 +0.00000e+00
 4.64159e-07 3.79070e+03 4.93043e-18 +0.00000e+00
 5.77969e-07 3.80352e+03 6.81118e-18 +0.00000e+00
 7.19686e-07 3.81759e+03 9.40764e-18 +0.00000e+00
 8.96151e-07 3.83310e+03 1.29890e-17 +0.00000e+00
 1.11588e-06 3.85025e+03 1.79277e-17 +0.00000e+00
 1.38950e-06 3.86926e+03 2.47359e-17 +0.00000e+00
 1.73020e-06 3.89031e+03 3.41108e-17 +0.00000e+00
 2.15443e-06 3.91348e+03 4.70104e-17 +0.00000e+00
 2.68270e-06 3.93883e+03 6.47447e-17 +0.00000e+00
 3.34048e-06 3.96625e+03 8.91148e-17 +0.00000e+00
 4.15956e-06 3.99554e+03 1.22553e-16 +0.00000e+00
 5.17947e-06 4.02644e+03 1.68360e-16 +0.00000e+00
 6.44947e-06 4.05884e+03 2.31081e-16 +0.00000e+00
 8.03086e-06 4.09262e+03 3.16952e-16 +0.00000e+00
 1.00000e-05 4.12759e+03 4.34418e-16 +0.00000e+00
 1.24520e-05 4.16346e+03 5.94873e-16 +0.00000e+00
 1.55052e-05 4.19996e+03 8.13849e-16 +0.00000e+00
 1.93070e-05 4.23687e+03 1.11264e-15 +0.00000e+00
 2.40410e-05 4.27421e+03 1.52028e-15 +0.00000e+00
 2.99358e-05 4.31203e+03 2.07631e-15 +0.00000e+00
 3.72759e-05 4.35052e+03 2.83447e-15 +0.00000e+00
 4.64159e-05 4.38977e+03 3.86765e-15 +0.00000e+00
 5.77969e-05 4.42978e+03 5.27434e-15 +0.00000e+00
 7.19686e-05 4.47034e+03 7.18707e-15 +0.00000e+00
 8.96151e-05 4.51122e+03 9.78302e-15 +0.00000e+00
 1.11588e-04 4.55224e+03 1.32976e-14 +0.00000e+00
 1.38950e-04 4.59343e+03 1.80396e-14 +0.00000e+00
 1.73020e-04 4.63501e+03 2.44077e-14 +0.00000e+00
 2.15443e-04 4.67725e+03 3.29062e-14 +0.00000e+00
 2.68270e-04 4.72033e+03 4.41612e-14 +0.00000e+00
 3.34048e-04 4.76427e+03 5.89330e-14 +0.00000e+00
 4.15956e-04 4.80890e+03 7.81271e-14 +0.00000e+00
 5.17947e-04 4.85397e+03 1.02803e-13 +0.00000e+00
 6.44947e-04 4.89922e+03 1.34181e-13 +0.00000e+00
 8.03086e-04 4.94435e+03 1.73659e-13 +0.00000e+00
 1.00000e-03 4.98903e+03 2.22850e-13 +0.00000e+00
 1.24520e-03 5.03294e+03 2.83647e-13 -2.55077e-07
 1.55052e-03 5.07576e+03 3.58318e-13 -3.17621e-07
 1.93070e-03 5.11715e+03 4.49619e-13 -3.95501e-07
 2.40410e-03 5.15670e+03 5.60942e-13 -4.92477e-07
 2.99358e-03 5.19393e+03 6.96533e-13 -6.13230e-07
 3.72759e-03 5.22847e+03 8.61773e-13 -7.63592e-07
 4.64159e-03 5.26018e+03 1.06355e-12 -9.50825e-07
 5.77969e-03 5.28923e+03 1.31074e-12 -1.18396e-06
 7.19686e-03 5.31613e+03 1.61467e-12 -1.47427e-06
 8.96151e-03 5.34162e+03 1.98968e-12 -1.83575e-06
 1.11588e-02 5.36658e+03 2.45352e-12 -2.28588e-06
 1.38950e-02 5.39192e+03 3.02749e-12 -2.84637e-06
 1.73020e-02 5.41859e+03 3.73599e-12 -3.54429e-06
 2.15443e-02 5.44745e+03 4.60539e-12 -4.41333e-06
 2.68270e-02 5.47935e+03 5.66198e-12 -5.49546e-06
 3.34048e-02 5.51509e+03 6.92896e-12 -6.84294e-06
 4.15956e-02 5.55549e+03 8.42270e-12 -8.52081e-06
 5.17947e-02 5.60142e+03 1.01480e-11 -1.06101e-05
 6.44947e-02 5.65379e+03 1.20934e-11 -1.32116e-05
 8.03086e-02 5.71357e+03 1.42278e-11 -1.64511e-05
 1.00000e-01 5.78190e+03 1.64978e-11 -2.04849e-05
 1.24520e-01 5.86011e+03 1.88272e-11 -2.55077e-05
 1.55052e-01 5.94969e+03 2.11206e-11 -3.17621e-05
 1.93070e-01 6.05270e+03 2.32643e-11 -3.95493e-05
 2.40410e-01 6.17202e+03 2.51293e-11 -4.92626e-05
 2.99358e-01 6.31131e+03 2.65761e-11 -6.13237e-05
 3.72759e-01 6.47558e+03 2.74558e-11 -7.63594e-05
 4.64159e-01 6.66571e+03 2.76665e-11 -9.50825e-05
 5.77969e-01 6.89402e+03 2.70341e-11 -1.18396e-04
 7.19686e-01 7.16984e+03 2.54118e-11 -1.47427e-04
 8.96151e-01 7.48601e+03 2.29017e-11 -1.83575e-04
 1.11588e+00 7.86057e+03 1.96735e-11 -2.28573e-04
 1.38950e+00 8.31456e+03 1.64194e-11 -2.84619e-04
 1.73020e+00 8.60364e+03 1.50137e-11 -3.54427e-04
 2.15443e+00 8.88659e+03 1.41041e-11 -4.41333e-04
 2.68270e+00 9.20290e+03 1.34436e-11 -5.49546e-04
 3.34048e+00 9.56501e+03 1.29585e-11 -6.14546e-04
 4.15956e+00 9.99773e+03 1.25780e-11 -6.14546e-04
 5.17947e+00 1.03104e+04 1.25262e-11 -6.14546e-04
 6.44947e+00 1.07673e+04 1.24301e-11 -6.14546e-04
 8.03086e+00 1.12473e+04 1.24701e-11 -6.14546e-04
 1.00000e+01 1.17615e+04 1.26423e-11 -6.14546e-04
 1.24520e+01 1.23542e+04 1.28998e-11 -6.14546e-04
 1.55052e+01 1.31521e+04 1.31029e-11 -6.14546e-04
 1.93070e+01 1.35376e+04 1.40476e-11 -6.14546e-04
 2.40410e+01 1.40535e+04 1.51299e-11 -6.14546e-04
 2.99358e+01 1.54026e+04 1.57564e-11 -6.14546e-04
 3.72759e+01 1.55659e+04 1.81347e-11 -6.14546e-04
 4.64159e+01 1.67776e+04 1.98482e-11 -6.14546e-04
 5.77969e+01 1.74812e+04 2.28164e-11 -6.14546e-04
 7.19686e+01 1.85235e+04 2.61181e-11 -6.14546e-04
 8.96151e+01 1.95788e+04 3.03338e-11 -6.14546e-04
 1.11588e+02 2.06803e+04 3.55946e-11 -6.14546e-04
 1.38950e+02 2.19400e+04 4.19417e-11 -6.14546e-04
 1.73020e+02 2.32332e+04 4.98510e-11 -6.14546e-04
 2.15443e+02 2.47283e+04 5.93217e-11 -6.14546e-04
 2.68270e+02 2.60473e+04 7.15298e-11 -6.14546e-04
 3.34048e+02 2.78546e+04 8.52296e-11 -6.14546e-04
 4.15956e+02 2.94268e+04 1.02789e-10 -6.14546e-04
 5.17947e+02 3.15194e+04 1.21825e-10 -6.14546e-04
 6.44947e+02 3.33641e+04 1.45786e-10 -6.14546e-04
 8.03086e+02 3.56731e+04 1.72691e-10 -6.14546e-04
 1.00000e+03 3.81906e+04 2.05710e-10 -6.14546e-04
