#n1=128 n2=4 Teff=06500 R=7.3013e+10 L=6.7794e+33 logg=+4.50
#   tau          T          rho         Fconv
 0.00000e+00 3.71507e+03 2.13466e-21 +0.00000e+00
 1.00000e-09 3.71507e+03 1.98058e-13 +0.00000e+00
 1.24520e-09 3.72207e+03 2.69576e-13 +0.00000e+00
 1.55052e-09 3.73016e+03 3.63181e-13 +0.00000e+00
 1.93070e-09 3.73929e+03 4.84470e-13 +0.00000e+00
 2.40410e-09 3.74947e+03 6.40423e-13 +0.00000e+00
 2.99358e-09 3.76069e+03 8.39639e-13 +0.00000e+00
 3.72759e-09 3.77298e+03 1.09269e-12 +0.00000e+00
 4.64159e-09 3.78634e+03 1.41249e-12 +0.00000e+00
 5.77969e-09 3.80080e+03 1.81482e-12 +0.00000e+00
 7.19686e-09 3.81639e+03 2.31882e-12 +0.00000e+00
 8.96151e-09 3.83313e+03 2.94761e-12 +0.00000e+00
 1.11588e-08 3.85105e+03 3.72902e-12 +0.00000e+00
 1.38950e-08 3.87010e+03 4.69647e-12 +0.00000e+00
 1.73020e-08 3.89025e+03 5.88996e-12 +0.00000e+00
 2.15443e-08 3.91135e+03 7.35686e-12 +0.00000e+00
 2.68270e-08 3.93324e+03 9.15304e-12 +0.00000e+00
 3.34048e-08 3.95568e+03 1.13442e-11 +0.00000e+00
 4.15956e-08 3.97840e+03 1.40071e-11 +0.00000e+00
 5.17947e-08 4.00117e+03 1.72313e-11 +0.00000e+00
 6.44947e-08 4.02375e+03 2.11198e-11 +0.00000e+00
 8.03086e-08 4.04602e+03 2.57912e-11 +0.00000e+00
 1.00000e-07 4.06790e+03 3.13803e-11 +0.00000e+00
 1.24520e-07 4.08936e+03 3.80398e-11 +0.00000e+00
 1.55052e-07 4.11039e+03 4.59411e-11 +0.00000e+00
 1.93070e-07 4.13104e+03 5.52757e-11 +0.00000e+00
 2.40410e-07 4.15133e+03 6.62567e-11 +0.00000e+00
 2.99358e-07 4.17136e+03 7.91185e-11 +0.00000e+00
 3.72759e-07 4.19121e+03 9.41205e-11 +0.00000e+00
 4.64159e-07 4.21096e+03 1.11547e-10 +0.00000e+00
 5.77969e-07 4.23067e+03 1.31713e-10 +0.00000e+00
 7.19686e-07 4.25040e+03 1.54964e-10 +0.00000e+00
 8.96151e-07 4.27025e+03 1.81678e-10 +0.00000e+00
 1.11588e-06 4.29033e+03 2.12275e-10 +0.00000e+00
 1.38950e-06 4.31076e+03 2.47217e-10 +0.00000e+00
 1.73020e-06 4.33167e+03 2.87015e-10 +0.00000e+00
 2.15443e-06 4.35312e+03 3.32243e-10 +0.00000e+00
 2.68270e-06 4.37515e+03 3.83541e-10 +0.00000e+00
 3.34048e-06 4.39776e+03 4.41626e-10 +0.00000e+00
 4.15956e-06 4.42088e+03 5.07305e-10 +0.00000e+00
 5.17947e-06 4.44448e+03 5.81479e-10 +0.00000e+00
 6.44947e-06 4.46851e+03 6.65159e-10 +0.00000e+00
 8.03086e-06 4.49288e+03 7.59481e-10 +0.00000e+00
 1.00000e-05 4.51754e+03 8.65715e-10 +0.00000e+00
 1.24520e-05 4.54246e+03 9.85289e-10 +0.00000e+00
 1.55052e-05 4.56754e+03 1.11981e-09 +0.00000e+00
 1.93070e-05 4.59277e+03 1.27107e-09 +0.00000e+00
 2.40410e-05 4.61807e+03 1.44110e-09 +0.00000e+00
 2.99358e-05 4.64342e+03 1.63217e-09 +0.00000e+00
 3.72759e-05 4.66876e+03 1.84683e-09 +0.00000e+00
 4.64159e-05 4.69408e+03 2.08794e-09 +0.00000e+00
 5.77969e-05 4.71934e+03 2.35870e-09 +0.00000e+00
 7.19686e-05 4.74453e+03 2.66270e-09 +0.00000e+00
 8.96151e-05 4.76965e+03 3.00395e-09 +0.00000e+00
 1.11588e-04 4.79469e+03 3.38692e-09 +0.00000e+00
 1.38950e-04 4.81968e+03 3.81659e-09 +0.00000e+00
 1.73020e-04 4.84463e+03 4.29848e-09 +0.00000e+00
 2.15443e-04 4.86957e+03 4.83875e-09 +0.00000e+00
 2.68270e-04 4.89453e+03 5.44419e-09 +0.00000e+00
 3.34048e-04 4.91953e+03 6.12230e-09 +0.00000e+00
 4.15956e-04 4.94459e+03 6.88137e-09 +0.00000e+00
 5.17947e-04 4.96973e+03 7.73053e-09 +0.00000e+00
 6.44947e-04 4.99496e+03 8.67979e-09 +0.00000e+00
 8.03086e-04 5.02026e+03 9.74014e-09 +0.00000e+00
 1.00000e-03 5.04563e+03 1.09237e-08 +0.00000e+00
 1.24520e-03 5.07106e+03 1.22435e-08 -2.54601e-07
 1.55052e-03 5.09655e+03 1.37141e-08 -3.17028e-07
 1.93070e-03 5.12211e+03 1.53512e-08 -3.94762e-07
 2.40410e-03 5.14773e+03 1.71720e-08 -4.91556e-07
 2.99358e-03 5.17350e+03 1.91954e-08 -6.12085e-07
 3.72759e-03 5.19948e+03 2.14421e-08 -7.62166e-07
 4.64159e-03 5.22582e+03 2.39350e-08 -9.49047e-07
 5.77969e-03 5.25259e+03 2.66998e-08 -1.18175e-06
 7.19686e-03 5.28006e+03 2.97646e-08 -1.47151e-06
 8.96151e-03 5.30840e+03 3.31603e-08 -1.83232e-06
 1.11588e-02 5.33787e+03 3.69199e-08 -2.28160e-06
 1.38950e-02 5.36877e+03 4.10774e-08 -2.84105e-06
 1.73020e-02 5.40138e+03 4.56675e-08 -3.53766e-06
 2.15443e-02 5.43618e+03 5.07227e-08 -4.40509e-06
 2.68270e-02 5.47348e+03 5.62734e-08 -5.48520e-06
 3.34048e-02 5.51396e+03 6.23430e-08 -6.83016e-06
 4.15956e-02 5.55817e+03 6.89528e-08 -8.50489e-06
 5.17947e-02 5.60681e+03 7.61093e-08 -1.05903e-05
 6.44947e-02 5.66072e+03 8.37981e-08 -1.31870e-05
 8.03086e-02 5.72100e+03 9.19795e-08 -1.64204e-05
 1.00000e-01 5.78847e+03 1.00589e-07 -2.04466e-05
 1.24520e-01 5.86441e+03 1.09517e-07 -2.54601e-05
 1.55052e-01 5.95043e+03 1.18604e-07 -3.17028e-05
 1.93070e-01 6.04822e+03 1.27641e-07 -3.94762e-05
 2.40410e-01 6.15915e+03 1.36399e-07 -4.91556e-05
 2.99358e-01 6.28577e+03 1.44594e-07 -6.12085e-05
 3.72759e-01 6.43377e+03 1.51826e-07 -7.62166e-05
 4.64159e-01 6.60322e+03 1.57852e-07 -9.48852e-05
 5.77969e-01 6.79650e+03 1.62490e-07 -1.14740e-04
 7.19686e-01 7.08799e+03 1.63395e-07 +6.08316e-06
 8.96151e-01 7.37496e+03 1.63144e-07 +9.82110e-04
 1.11588e+00 7.68884e+03 1.61242e-07 +5.28514e-03
 1.38950e+00 7.89951e+03 1.61158e-07 +7.43222e-03
 1.73020e+00 8.09191e+03 1.61310e-07 +1.36918e-02
 2.15443e+00 8.27787e+03 1.61501e-07 +2.23507e-02
 2.68270e+00 8.45847e+03 1.61741e-07 +3.30180e-02
 3.34048e+00 8.63480e+03 1.62031e-07 +4.32165e-02
 4.15956e+00 8.80303e+03 1.62484e-07 +5.02335e-02
 5.17947e+00 8.96235e+03 1.63159e-07 +5.60575e-02
 6.44947e+00 9.11328e+03 1.64090e-07 +6.07055e-02
 8.03086e+00 9.25724e+03 1.65292e-07 +6.43723e-02
 1.00000e+01 9.39554e+03 1.66776e-07 +6.72678e-02
 1.24520e+01 9.52940e+03 1.68555e-07 +6.95571e-02
 1.55052e+01 9.65991e+03 1.70641e-07 +7.13785e-02
 1.93070e+01 9.78796e+03 1.73053e-07 +7.28395e-02
 2.40410e+01 9.91424e+03 1.75810e-07 +7.40191e-02
 2.99358e+01 1.00394e+04 1.78936e-07 +7.49763e-02
 3.72759e+01 1.01638e+04 1.82459e-07 +7.57597e-02
 4.64159e+01 1.02879e+04 1.86408e-07 +7.64000e-02
 5.77969e+01 1.04122e+04 1.90813e-07 +7.69238e-02
 7.19686e+01 1.05372e+04 1.95704e-07 +7.73535e-02
 8.96151e+01 1.06633e+04 2.01110e-07 +7.77077e-02
 1.11588e+02 1.07909e+04 2.07062e-07 +7.80017e-02
 1.38950e+02 1.09203e+04 2.13597e-07 +7.82472e-02
 1.73020e+02 1.10517e+04 2.20754e-07 +7.84538e-02
 2.15443e+02 1.11851e+04 2.28583e-07 +7.86285e-02
 2.68270e+02 1.13205e+04 2.37143e-07 +7.87764e-02
 3.34048e+02 1.14579e+04 2.46491e-07 +7.89012e-02
 4.15956e+02 1.15974e+04 2.56704e-07 +7.90065e-02
 5.17947e+02 1.17389e+04 2.67863e-07 +7.90958e-02
 6.44947e+02 1.18824e+04 2.80067e-07 +7.91718e-02
 8.03086e+02 1.20276e+04 2.93433e-07 +7.92366e-02
 1.00000e+03 1.21744e+04 3.08104e-07 +7.92913e-02
