#n1=128 n2=4 Teff=06400 R=5.0825e+13 L=3.0855e+39 logg=-0.50
#   tau          T          rho         Fconv
 0.00000e+00 3.95388e+03 2.78238e-21 +0.00000e+00
 1.00000e-09 3.95388e+03 5.78168e-21 +0.00000e+00
 1.24520e-09 3.95718e+03 6.65551e-21 +0.00000e+00
 1.55052e-09 3.96088e+03 7.78738e-21 +0.00000e+00
 1.93070e-09 3.96500e+03 9.26951e-21 +0.00000e+00
 2.40410e-09 3.96953e+03 1.12181e-20 +0.00000e+00
 2.99358e-09 3.97444e+03 1.37872e-20 +0.00000e+00
 3.72759e-09 3.97969e+03 1.71806e-20 +0.00000e+00
 4.64159e-09 3.98525e+03 2.16687e-20 +0.00000e+00
 5.77969e-09 3.99108e+03 2.76114e-20 +0.00000e+00
 7.19686e-09 3.99712e+03 3.54806e-20 +0.00000e+00
 8.96151e-09 4.00334e+03 4.59361e-20 +0.00000e+00
 1.11588e-08 4.00971e+03 5.98362e-20 +0.00000e+00
 1.38950e-08 4.01621e+03 7.83998e-20 +0.00000e+00
 1.73020e-08 4.02280e+03 1.03230e-19 +0.00000e+00
 2.15443e-08 4.02950e+03 1.36649e-19 +0.00000e+00
 2.68270e-08 4.03629e+03 1.81741e-19 +0.00000e+00
 3.34048e-08 4.04317e+03 2.42913e-19 +0.00000e+00
 4.15956e-08 4.05012e+03 3.26285e-19 +0.00000e+00
 5.17947e-08 4.05715e+03 4.40997e-19 +0.00000e+00
 6.44947e-08 4.06430e+03 6.00290e-19 +0.00000e+00
 8.03086e-08 4.07157e+03 8.22325e-19 +0.00000e+00
 1.00000e-07 4.07895e+03 1.13204e-18 +0.00000e+00
 1.24520e-07 4.08640e+03 1.56376e-18 +0.00000e+00
 1.55052e-07 4.09391e+03 2.16477e-18 +0.00000e+00
 1.93070e-07 4.10147e+03 3.00007e-18 +0.00000e+00
 2.40410e-07 4.10906e+03 4.15899e-18 +0.00000e+00
 2.99358e-07 4.11667e+03 5.76466e-18 +0.00000e+00
 3.72759e-07 4.12433e+03 7.98713e-18 +0.00000e+00
 4.64159e-07 4.13202e+03 1.10611e-17 +0.00000e+00
 5.77969e-07 4.13975e+03 1.53133e-17 +0.00000e+00
 7.19686e-07 4.14758e+03 2.11979e-17 +0.00000e+00
 8.96151e-07 4.15552e+03 2.93451e-17 +0.00000e+00
 1.11588e-06 4.16360e+03 4.06308e-17 +0.00000e+00
 1.38950e-06 4.17186e+03 5.62755e-17 +0.00000e+00
 1.73020e-06 4.18034e+03 7.79820e-17 +0.00000e+00
 2.15443e-06 4.18909e+03 1.08108e-16 +0.00000e+00
 2.68270e-06 4.19816e+03 1.49891e-16 +0.00000e+00
 3.34048e-06 4.20747e+03 2.07835e-16 +0.00000e+00
 4.15956e-06 4.21738e+03 2.88204e-16 +0.00000e+00
 5.17947e-06 4.22785e+03 3.99739e-16 +0.00000e+00
 6.44947e-06 4.23902e+03 5.54467e-16 +0.00000e+00
 8.03086e-06 4.25102e+03 7.68969e-16 +0.00000e+00
 1.00000e-05 4.26403e+03 1.06612e-15 +0.00000e+00
 1.24520e-05 4.27826e+03 1.47628e-15 +0.00000e+00
 1.55052e-05 4.28866e+03 2.05498e-15 +0.00000e+00
 1.93070e-05 4.30614e+03 2.85930e-15 +0.00000e+00
 2.40410e-05 4.32561e+03 3.96800e-15 +0.00000e+00
 2.99358e-05 4.34737e+03 5.49221e-15 +0.00000e+00
 3.72759e-05 4.37182e+03 7.58254e-15 +0.00000e+00
 4.64159e-05 4.39891e+03 1.04394e-14 +0.00000e+00
 5.77969e-05 4.42709e+03 1.43017e-14 +0.00000e+00
 7.19686e-05 4.46056e+03 1.94732e-14 +0.00000e+00
 8.96151e-05 4.49746e+03 2.64303e-14 +0.00000e+00
 1.11588e-04 4.53741e+03 3.57353e-14 +0.00000e+00
 1.38950e-04 4.57996e+03 4.81007e-14 +0.00000e+00
 1.73020e-04 4.62430e+03 6.44212e-14 +0.00000e+00
 2.15443e-04 4.66913e+03 8.58083e-14 +0.00000e+00
 2.68270e-04 4.71432e+03 1.13600e-13 +0.00000e+00
 3.34048e-04 4.75840e+03 1.49487e-13 +0.00000e+00
 4.15956e-04 4.79971e+03 1.95512e-13 +0.00000e+00
 5.17947e-04 4.83653e+03 2.54235e-13 +0.00000e+00
 6.44947e-04 4.86994e+03 3.28604e-13 +0.00000e+00
 8.03086e-04 4.89920e+03 4.22456e-13 +0.00000e+00
 1.00000e-03 4.92408e+03 5.40597e-13 +0.00000e+00
 1.24520e-03 4.94504e+03 6.89056e-13 -2.54768e-07
 1.55052e-03 4.96286e+03 8.75423e-13 -3.17237e-07
 1.93070e-03 4.97839e+03 1.10918e-12 -3.95022e-07
 2.40410e-03 4.99238e+03 1.40212e-12 -4.91881e-07
 2.99358e-03 5.00542e+03 1.76893e-12 -6.12489e-07
 3.72759e-03 5.01795e+03 2.22800e-12 -7.62669e-07
 4.64159e-03 5.03037e+03 2.80246e-12 -9.49673e-07
 5.77969e-03 5.04303e+03 3.52141e-12 -1.18253e-06
 7.19686e-03 5.05627e+03 4.42113e-12 -1.47248e-06
 8.96151e-03 5.07047e+03 5.54566e-12 -1.83354e-06
 1.11588e-02 5.08606e+03 6.94621e-12 -2.28311e-06
 1.38950e-02 5.10351e+03 8.67908e-12 -2.84292e-06
 1.73020e-02 5.12332e+03 1.08024e-11 -3.53999e-06
 2.15443e-02 5.14599e+03 1.33721e-11 -4.40799e-06
 2.68270e-02 5.17209e+03 1.64367e-11 -5.48882e-06
 3.34048e-02 5.20219e+03 2.00319e-11 -6.83466e-06
 4.15956e-02 5.23697e+03 2.41737e-11 -8.51050e-06
 5.17947e-02 5.27718e+03 2.88515e-11 -1.05973e-05
 6.44947e-02 5.32368e+03 3.40210e-11 -1.31956e-05
 8.03086e-02 5.37745e+03 3.95989e-11 -1.64312e-05
 1.00000e-01 5.43967e+03 4.54590e-11 -2.04601e-05
 1.24520e-01 5.51171e+03 5.14323e-11 -2.54768e-05
 1.55052e-01 5.59524e+03 5.73091e-11 -3.17237e-05
 1.93070e-01 5.69225e+03 6.28458e-11 -3.95022e-05
 2.40410e-01 5.80514e+03 6.77761e-11 -4.91881e-05
 2.99358e-01 5.93685e+03 7.18260e-11 -6.12516e-05
 3.72759e-01 6.09098e+03 7.47308e-11 -7.62672e-05
 4.64159e-01 6.27188e+03 7.62513e-11 -9.49674e-05
 5.77969e-01 6.48467e+03 7.61811e-11 -1.18253e-04
 7.19686e-01 6.73462e+03 7.43449e-11 -1.47248e-04
 8.96151e-01 7.02615e+03 7.05844e-11 -1.83352e-04
 1.11588e+00 7.36167e+03 6.47734e-11 -2.28215e-04
 1.38950e+00 7.73999e+03 5.70374e-11 -2.72665e-04
 1.73020e+00 8.14637e+03 4.84967e-11 -1.27674e-04
 2.15443e+00 8.42729e+03 4.32252e-11 -1.22580e-04
 2.68270e+00 8.69890e+03 3.90949e-11 -3.33163e-04
 3.34048e+00 9.03030e+03 3.54083e-11 -5.79399e-04
 4.15956e+00 9.30600e+03 3.32974e-11 -6.10553e-04
 5.17947e+00 9.69003e+03 3.12574e-11 -6.13727e-04
 6.44947e+00 1.02253e+04 2.93578e-11 -6.13802e-04
 8.03086e+00 1.02603e+04 2.95699e-11 -6.13802e-04
 1.00000e+01 1.07385e+04 2.85018e-11 -6.13803e-04
 1.24520e+01 1.11888e+04 2.78268e-11 -6.13803e-04
 1.55052e+01 1.18506e+04 2.69276e-11 -6.13803e-04
 1.93070e+01 1.21203e+04 2.72287e-11 -6.13803e-04
 2.40410e+01 1.30806e+04 2.61790e-11 -6.13803e-04
 2.99358e+01 1.33296e+04 2.71093e-11 -6.13803e-04
 3.72759e+01 1.40511e+04 2.72721e-11 -6.13803e-04
 4.64159e+01 1.47943e+04 2.79942e-11 -6.13803e-04
 5.77969e+01 1.56600e+04 2.91852e-11 -6.13803e-04
 7.19686e+01 1.67700e+04 3.07722e-11 -6.13803e-04
 8.96151e+01 1.73877e+04 3.41229e-11 -6.13803e-04
 1.11588e+02 1.81719e+04 3.80847e-11 -6.13803e-04
 1.38950e+02 1.99446e+04 4.15022e-11 -6.13803e-04
 1.73020e+02 2.02620e+04 4.92757e-11 -6.13803e-04
 2.15443e+02 2.19494e+04 5.55624e-11 -6.13803e-04
 2.68270e+02 2.32248e+04 6.50458e-11 -6.13803e-04
 3.34048e+02 2.41546e+04 7.78436e-11 -6.13803e-04
 4.15956e+02 2.61703e+04 9.03823e-11 -6.13803e-04
 5.17947e+02 2.73504e+04 1.09241e-10 -6.13803e-04
 6.44947e+02 2.91734e+04 1.29628e-10 -6.13803e-04
 8.03086e+02 3.09980e+04 1.54463e-10 -6.13803e-04
 1.00000e+03 3.33664e+04 1.81120e-10 -6.13803e-04
