#n1=128 n2=4 Teff=06300 R=6.8935e+12 L=5.3331e+37 logg=+1.00
#   tau          T          rho         Fconv
 0.00000e+00 3.57854e+03 2.49757e-21 +0.00000e+00
 1.00000e-09 3.57854e+03 7.79334e-19 +0.00000e+00
 1.24520e-09 3.58117e+03 1.16883e-18 +0.00000e+00
 1.55052e-09 3.58391e+03 1.74047e-18 +0.00000e+00
 1.93070e-09 3.58684e+03 2.56896e-18 +0.00000e+00
 2.40410e-09 3.59005e+03 3.75679e-18 +0.00000e+00
 2.99358e-09 3.59360e+03 5.44528e-18 +0.00000e+00
 3.72759e-09 3.59760e+03 7.83161e-18 +0.00000e+00
 4.64159e-09 3.60214e+03 1.11956e-17 +0.00000e+00
 5.77969e-09 3.60733e+03 1.59335e-17 +0.00000e+00
 7.19686e-09 3.61329e+03 2.26060e-17 +0.00000e+00
 8.96151e-09 3.62018e+03 3.19945e-17 +0.00000e+00
 1.11588e-08 3.62820e+03 4.51729e-17 +0.00000e+00
 1.38950e-08 3.63758e+03 6.36058e-17 +0.00000e+00
 1.73020e-08 3.64854e+03 8.92987e-17 +0.00000e+00
 2.15443e-08 3.66129e+03 1.24998e-16 +0.00000e+00
 2.68270e-08 3.67599e+03 1.74404e-16 +0.00000e+00
 3.34048e-08 3.69274e+03 2.42481e-16 +0.00000e+00
 4.15956e-08 3.71158e+03 3.35913e-16 +0.00000e+00
 5.17947e-08 3.73248e+03 4.63722e-16 +0.00000e+00
 6.44947e-08 3.75539e+03 6.38088e-16 +0.00000e+00
 8.03086e-08 3.78016e+03 8.75444e-16 +0.00000e+00
 1.00000e-07 3.80657e+03 1.19790e-15 +0.00000e+00
 1.24520e-07 3.83434e+03 1.63505e-15 +0.00000e+00
 1.55052e-07 3.86298e+03 2.22637e-15 +0.00000e+00
 1.93070e-07 3.89185e+03 3.02478e-15 +0.00000e+00
 2.40410e-07 3.92027e+03 4.10136e-15 +0.00000e+00
 2.99358e-07 3.94766e+03 5.55143e-15 +0.00000e+00
 3.72759e-07 3.97379e+03 7.50220e-15 +0.00000e+00
 4.64159e-07 3.99888e+03 1.01231e-14 +0.00000e+00
 5.77969e-07 4.02351e+03 1.36388e-14 +0.00000e+00
 7.19686e-07 4.04819e+03 1.83443e-14 +0.00000e+00
 8.96151e-07 4.07311e+03 2.46257e-14 +0.00000e+00
 1.11588e-06 4.09815e+03 3.29889e-14 +0.00000e+00
 1.38950e-06 4.12320e+03 4.40929e-14 +0.00000e+00
 1.73020e-06 4.14827e+03 5.87906e-14 +0.00000e+00
 2.15443e-06 4.17336e+03 7.81803e-14 +0.00000e+00
 2.68270e-06 4.19855e+03 1.03665e-13 +0.00000e+00
 3.34048e-06 4.22389e+03 1.37029e-13 +0.00000e+00
 4.15956e-06 4.24944e+03 1.80521e-13 +0.00000e+00
 5.17947e-06 4.27517e+03 2.36970e-13 +0.00000e+00
 6.44947e-06 4.30099e+03 3.09921e-13 +0.00000e+00
 8.03086e-06 4.32674e+03 4.03810e-13 +0.00000e+00
 1.00000e-05 4.35229e+03 5.24173e-13 +0.00000e+00
 1.24520e-05 4.37755e+03 6.77908e-13 +0.00000e+00
 1.55052e-05 4.40244e+03 8.73589e-13 +0.00000e+00
 1.93070e-05 4.42695e+03 1.12184e-12 +0.00000e+00
 2.40410e-05 4.45107e+03 1.43576e-12 +0.00000e+00
 2.99358e-05 4.47484e+03 1.83142e-12 +0.00000e+00
 3.72759e-05 4.49833e+03 2.32840e-12 +0.00000e+00
 4.64159e-05 4.52161e+03 2.95039e-12 +0.00000e+00
 5.77969e-05 4.54471e+03 3.72582e-12 +0.00000e+00
 7.19686e-05 4.56767e+03 4.68856e-12 +0.00000e+00
 8.96151e-05 4.59049e+03 5.87859e-12 +0.00000e+00
 1.11588e-04 4.61322e+03 7.34249e-12 +0.00000e+00
 1.38950e-04 4.63590e+03 9.13389e-12 +0.00000e+00
 1.73020e-04 4.65856e+03 1.13138e-11 +0.00000e+00
 2.15443e-04 4.68123e+03 1.39504e-11 +0.00000e+00
 2.68270e-04 4.70395e+03 1.71192e-11 +0.00000e+00
 3.34048e-04 4.72679e+03 2.09021e-11 +0.00000e+00
 4.15956e-04 4.74980e+03 2.53868e-11 +0.00000e+00
 5.17947e-04 4.77305e+03 3.06660e-11 +0.00000e+00
 6.44947e-04 4.79667e+03 3.68362e-11 +0.00000e+00
 8.03086e-04 4.82074e+03 4.39965e-11 +0.00000e+00
 1.00000e-03 4.84531e+03 5.22483e-11 +0.00000e+00
 1.24520e-03 4.87034e+03 6.16965e-11 -2.54600e-07
 1.55052e-03 4.89613e+03 7.24409e-11 -3.17028e-07
 1.93070e-03 4.92273e+03 8.45816e-11 -3.94761e-07
 2.40410e-03 4.95015e+03 9.82189e-11 -4.91555e-07
 2.99358e-03 4.97852e+03 1.13451e-10 -6.12083e-07
 3.72759e-03 5.00798e+03 1.30373e-10 -7.62165e-07
 4.64159e-03 5.03846e+03 1.49092e-10 -9.49045e-07
 5.77969e-03 5.06999e+03 1.69719e-10 -1.18175e-06
 7.19686e-03 5.10262e+03 1.92381e-10 -1.47151e-06
 8.96151e-03 5.13632e+03 2.17220e-10 -1.83232e-06
 1.11588e-02 5.17087e+03 2.44411e-10 -2.28160e-06
 1.38950e-02 5.20629e+03 2.74137e-10 -2.84104e-06
 1.73020e-02 5.24238e+03 3.06620e-10 -3.53766e-06
 2.15443e-02 5.28005e+03 3.41983e-10 -4.40508e-06
 2.68270e-02 5.31940e+03 3.80372e-10 -5.48519e-06
 3.34048e-02 5.36230e+03 4.21684e-10 -6.83014e-06
 4.15956e-02 5.40865e+03 4.65844e-10 -8.50487e-06
 5.17947e-02 5.45681e+03 5.12975e-10 -1.05902e-05
 6.44947e-02 5.50654e+03 5.63122e-10 -1.31869e-05
 8.03086e-02 5.55495e+03 6.16882e-10 -1.64204e-05
 1.00000e-01 5.61112e+03 6.73020e-10 -2.04465e-05
 1.24520e-01 5.68036e+03 7.29698e-10 -2.54600e-05
 1.55052e-01 5.76522e+03 7.84790e-10 -3.17028e-05
 1.93070e-01 5.86832e+03 8.35788e-10 -3.94761e-05
 2.40410e-01 5.98816e+03 8.80893e-10 -4.91555e-05
 2.99358e-01 6.12199e+03 9.18988e-10 -6.12083e-05
 3.72759e-01 6.25662e+03 9.52078e-10 -7.62165e-05
 4.64159e-01 6.41629e+03 9.75476e-10 -9.49045e-05
 5.77969e-01 6.62704e+03 9.82392e-10 -1.18175e-04
 7.19686e-01 6.90501e+03 9.67457e-10 -1.47149e-04
 8.96151e-01 7.24088e+03 9.30858e-10 -1.83117e-04
 1.11588e+00 7.53173e+03 8.92708e-10 -2.25377e-04
 1.38950e+00 7.76146e+03 8.59902e-10 -1.79305e-04
 1.73020e+00 8.51780e+03 7.08283e-10 +5.63221e-02
 2.15443e+00 8.65859e+03 6.80299e-10 +2.58578e-02
 2.68270e+00 8.78577e+03 6.55515e-10 +3.54496e-02
 3.34048e+00 8.91801e+03 6.29905e-10 +4.45658e-02
 4.15956e+00 9.05188e+03 6.04498e-10 +4.97764e-02
 5.17947e+00 9.18906e+03 5.79310e-10 +5.36269e-02
 6.44947e+00 9.33308e+03 5.54076e-10 +5.63477e-02
 8.03086e+00 9.48868e+03 5.28499e-10 +5.80501e-02
 1.00000e+01 9.66303e+03 5.02215e-10 +5.86676e-02
 1.24520e+01 9.86869e+03 4.74690e-10 +5.77802e-02
 1.55052e+01 1.01321e+04 4.44943e-10 +5.39167e-02
 1.93070e+01 1.05264e+04 4.10665e-10 +4.08949e-02
 2.40410e+01 1.12929e+04 3.68090e-10 +3.61647e-03
 2.99358e+01 1.32944e+04 3.10203e-10 -6.13112e-04
 3.72759e+01 1.39990e+04 3.02275e-10 -6.13219e-04
 4.64159e+01 1.41488e+04 3.10390e-10 -6.13128e-04
 5.77969e+01 1.46901e+04 3.11535e-10 -6.13118e-04
 7.19686e+01 1.54659e+04 3.11058e-10 -6.13303e-04
 8.96151e+01 1.71926e+04 3.00435e-10 -6.13396e-04
 1.11588e+02 1.77889e+04 3.21584e-10 -6.13396e-04
 1.38950e+02 1.83943e+04 3.48786e-10 -6.13396e-04
 1.73020e+02 1.92017e+04 3.79524e-10 -6.13396e-04
 2.15443e+02 2.00143e+04 4.18575e-10 -6.13396e-04
 2.68270e+02 2.09705e+04 4.65615e-10 -6.13396e-04
 3.34048e+02 2.11560e+04 5.37067e-10 -6.13396e-04
 4.15956e+02 2.45816e+04 5.51936e-10 -6.13396e-04
 5.17947e+02 2.45769e+04 6.64493e-10 -6.13396e-04
 6.44947e+02 2.63235e+04 7.48977e-10 -6.13396e-04
 8.03086e+02 2.26372e+04 1.00229e-09 -6.06506e-04
 1.00000e+03 3.11766e+04 8.50534e-10 -6.13396e-04
