#n1=128 n2=4 Teff=06800 R=5.0744e+11 L=3.9225e+35 logg=+3.00
#   tau          T          rho         Fconv
 0.00000e+00 4.93232e+03 1.57709e-21 +0.00000e+00
 1.00000e-09 4.93232e+03 1.59533e-17 +0.00000e+00
 1.24520e-09 4.93406e+03 2.30739e-17 +0.00000e+00
 1.55052e-09 4.93589e+03 3.33767e-17 +0.00000e+00
 1.93070e-09 4.93781e+03 4.81832e-17 +0.00000e+00
 2.40410e-09 4.93972e+03 6.95499e-17 +0.00000e+00
 2.99358e-09 4.94160e+03 1.00668e-16 +0.00000e+00
 3.72759e-09 4.94346e+03 1.46161e-16 +0.00000e+00
 4.64159e-09 4.94530e+03 2.12634e-16 +0.00000e+00
 5.77969e-09 4.94711e+03 3.09383e-16 +0.00000e+00
 7.19686e-09 4.94888e+03 4.49360e-16 +0.00000e+00
 8.96151e-09 4.95059e+03 6.50484e-16 +0.00000e+00
 1.11588e-08 4.95224e+03 9.37419e-16 +0.00000e+00
 1.38950e-08 4.95382e+03 1.34414e-15 +0.00000e+00
 1.73020e-08 4.95531e+03 1.91780e-15 +0.00000e+00
 2.15443e-08 4.95674e+03 2.72459e-15 +0.00000e+00
 2.68270e-08 4.95811e+03 3.85879e-15 +0.00000e+00
 3.34048e-08 4.95943e+03 5.45606e-15 +0.00000e+00
 4.15956e-08 4.96071e+03 7.71244e-15 +0.00000e+00
 5.17947e-08 4.96197e+03 1.09094e-14 +0.00000e+00
 6.44947e-08 4.96322e+03 1.54457e-14 +0.00000e+00
 8.03086e-08 4.96447e+03 2.18781e-14 +0.00000e+00
 1.00000e-07 4.96572e+03 3.09800e-14 +0.00000e+00
 1.24520e-07 4.96698e+03 4.38289e-14 +0.00000e+00
 1.55052e-07 4.96828e+03 6.19372e-14 +0.00000e+00
 1.93070e-07 4.96964e+03 8.74403e-14 +0.00000e+00
 2.40410e-07 4.97110e+03 1.23363e-13 +0.00000e+00
 2.99358e-07 4.97273e+03 1.73980e-13 +0.00000e+00
 3.72759e-07 4.97462e+03 2.45295e-13 +0.00000e+00
 4.64159e-07 4.97688e+03 3.45653e-13 +0.00000e+00
 5.77969e-07 4.97968e+03 4.86508e-13 +0.00000e+00
 7.19686e-07 4.98323e+03 6.83331e-13 +0.00000e+00
 8.96151e-07 4.98777e+03 9.56735e-13 +0.00000e+00
 1.11588e-06 4.99354e+03 1.33384e-12 +0.00000e+00
 1.38950e-06 5.00078e+03 1.84979e-12 +0.00000e+00
 1.73020e-06 5.00964e+03 2.54915e-12 +0.00000e+00
 2.15443e-06 5.02017e+03 3.48729e-12 +0.00000e+00
 2.68270e-06 5.03230e+03 4.73142e-12 +0.00000e+00
 3.34048e-06 5.04588e+03 6.36116e-12 +0.00000e+00
 4.15956e-06 5.06071e+03 8.46836e-12 +0.00000e+00
 5.17947e-06 5.07664e+03 1.11560e-11 +0.00000e+00
 6.44947e-06 5.09359e+03 1.45367e-11 +0.00000e+00
 8.03086e-06 5.11152e+03 1.87304e-11 +0.00000e+00
 1.00000e-05 5.13037e+03 2.38633e-11 +0.00000e+00
 1.24520e-05 5.15001e+03 3.00659e-11 +0.00000e+00
 1.55052e-05 5.17023e+03 3.74736e-11 +0.00000e+00
 1.93070e-05 5.19080e+03 4.62269e-11 +0.00000e+00
 2.40410e-05 5.21143e+03 5.64740e-11 +0.00000e+00
 2.99358e-05 5.23187e+03 6.83741e-11 +0.00000e+00
 3.72759e-05 5.25187e+03 8.21015e-11 +0.00000e+00
 4.64159e-05 5.27120e+03 9.78515e-11 +0.00000e+00
 5.77969e-05 5.28969e+03 1.15845e-10 +0.00000e+00
 7.19686e-05 5.30717e+03 1.36334e-10 +0.00000e+00
 8.96151e-05 5.32356e+03 1.59609e-10 +0.00000e+00
 1.11588e-04 5.33875e+03 1.86003e-10 +0.00000e+00
 1.38950e-04 5.35273e+03 2.15901e-10 +0.00000e+00
 1.73020e-04 5.36550e+03 2.49747e-10 +0.00000e+00
 2.15443e-04 5.37710e+03 2.88058e-10 +0.00000e+00
 2.68270e-04 5.38759e+03 3.31434e-10 +0.00000e+00
 3.34048e-04 5.39706e+03 3.80571e-10 +0.00000e+00
 4.15956e-04 5.40562e+03 4.36279e-10 +0.00000e+00
 5.17947e-04 5.41338e+03 4.99500e-10 +0.00000e+00
 6.44947e-04 5.42045e+03 5.71321e-10 +0.00000e+00
 8.03086e-04 5.42697e+03 6.53009e-10 +0.00000e+00
 1.00000e-03 5.43305e+03 7.46028e-10 +0.00000e+00
 1.24520e-03 5.43883e+03 8.52062e-10 -2.54588e-07
 1.55052e-03 5.44444e+03 9.73041e-10 -3.17012e-07
 1.93070e-03 5.45007e+03 1.11116e-09 -3.94742e-07
 2.40410e-03 5.45588e+03 1.26890e-09 -4.91531e-07
 2.99358e-03 5.46208e+03 1.44901e-09 -6.12054e-07
 3.72759e-03 5.46887e+03 1.65457e-09 -7.62128e-07
 4.64159e-03 5.47644e+03 1.88897e-09 -9.48995e-07
 5.77969e-03 5.48498e+03 2.15594e-09 -1.18169e-06
 7.19686e-03 5.49472e+03 2.45952e-09 -1.47144e-06
 8.96151e-03 5.50587e+03 2.80408e-09 -1.83223e-06
 1.11588e-02 5.51870e+03 3.19420e-09 -2.28149e-06
 1.38950e-02 5.53351e+03 3.63460e-09 -2.84090e-06
 1.73020e-02 5.55066e+03 4.13001e-09 -3.53748e-06
 2.15443e-02 5.57056e+03 4.68479e-09 -4.40487e-06
 2.68270e-02 5.59369e+03 5.30276e-09 -5.48492e-06
 3.34048e-02 5.62059e+03 5.98672e-09 -6.82981e-06
 4.15956e-02 5.65191e+03 6.73794e-09 -8.50449e-06
 5.17947e-02 5.68836e+03 7.55563e-09 -1.05897e-05
 6.44947e-02 5.73077e+03 8.43633e-09 -1.31863e-05
 8.03086e-02 5.78012e+03 9.37304e-09 -1.64196e-05
 1.00000e-01 5.83755e+03 1.03545e-08 -2.04455e-05
 1.24520e-01 5.90440e+03 1.13646e-08 -2.54588e-05
 1.55052e-01 5.98226e+03 1.23815e-08 -3.17012e-05
 1.93070e-01 6.07300e+03 1.33783e-08 -3.94742e-05
 2.40410e-01 6.17878e+03 1.43235e-08 -4.91531e-05
 2.99358e-01 6.30212e+03 1.51825e-08 -6.12054e-05
 3.72759e-01 6.44595e+03 1.59195e-08 -7.62128e-05
 4.64159e-01 6.61382e+03 1.65002e-08 -9.48995e-05
 5.77969e-01 6.81011e+03 1.68928e-08 -1.18165e-04
 7.19686e-01 7.04017e+03 1.70702e-08 -1.47033e-04
 8.96151e-01 7.31027e+03 1.70107e-08 -1.80475e-04
 1.11588e+00 7.62514e+03 1.67037e-08 -1.54851e-04
 1.38950e+00 7.96531e+03 1.62087e-08 +1.10533e-03
 1.73020e+00 8.23662e+03 1.58037e-08 +6.75160e-03
 2.15443e+00 8.47408e+03 1.54308e-08 +1.84667e-02
 2.68270e+00 8.68019e+03 1.51016e-08 +3.33661e-02
 3.34048e+00 8.86339e+03 1.48072e-08 +4.69238e-02
 4.15956e+00 9.02518e+03 1.45538e-08 +5.48906e-02
 5.17947e+00 9.17178e+03 1.43324e-08 +6.04293e-02
 6.44947e+00 9.30845e+03 1.41342e-08 +6.44087e-02
 8.03086e+00 9.43870e+03 1.39530e-08 +6.73588e-02
 1.00000e+01 9.56500e+03 1.37849e-08 +6.96042e-02
 1.24520e+01 9.68911e+03 1.36273e-08 +7.13496e-02
 1.55052e+01 9.81238e+03 1.34781e-08 +7.27294e-02
 1.93070e+01 9.93588e+03 1.33364e-08 +7.38347e-02
 2.40410e+01 1.00605e+04 1.32009e-08 +7.47286e-02
 2.99358e+01 1.01872e+04 1.30716e-08 +7.54592e-02
 3.72759e+01 1.03165e+04 1.29481e-08 +7.60592e-02
 4.64159e+01 1.04575e+04 1.28022e-08 +7.63649e-02
 5.77969e+01 1.06020e+04 1.26626e-08 +7.68274e-02
 7.19686e+01 1.07503e+04 1.25322e-08 +7.72075e-02
 8.96151e+01 1.09034e+04 1.24129e-08 +7.75221e-02
 1.11588e+02 1.10626e+04 1.23056e-08 +7.77754e-02
 1.38950e+02 1.12300e+04 1.22100e-08 +7.79761e-02
 1.73020e+02 1.14081e+04 1.21256e-08 +7.81361e-02
 2.15443e+02 1.15995e+04 1.20539e-08 +7.82620e-02
 2.68270e+02 1.18080e+04 1.19955e-08 +7.83524e-02
 3.34048e+02 1.20401e+04 1.19484e-08 +7.84007e-02
 4.15956e+02 1.23066e+04 1.19040e-08 +7.83989e-02
 5.17947e+02 1.26237e+04 1.18612e-08 +7.83399e-02
 6.44947e+02 1.30197e+04 1.18119e-08 +7.81635e-02
 8.03086e+02 1.35590e+04 1.17313e-08 +7.77484e-02
 1.00000e+03 1.44020e+04 1.15654e-08 +7.65287e-02
