#n1=128 n2=4 Teff=06100 R=3.7513e+12 L=1.3871e+37 logg=+1.50
#   tau          T          rho         Fconv
 0.00000e+00 4.25089e+03 1.87747e-21 +0.00000e+00
 1.00000e-09 4.25089e+03 1.13327e-18 +0.00000e+00
 1.24520e-09 4.25338e+03 1.69313e-18 +0.00000e+00
 1.55052e-09 4.25588e+03 2.52312e-18 +0.00000e+00
 1.93070e-09 4.25831e+03 3.73499e-18 +0.00000e+00
 2.40410e-09 4.26062e+03 5.48629e-18 +0.00000e+00
 2.99358e-09 4.26280e+03 8.01479e-18 +0.00000e+00
 3.72759e-09 4.26491e+03 1.16889e-17 +0.00000e+00
 4.64159e-09 4.26697e+03 1.70393e-17 +0.00000e+00
 5.77969e-09 4.26901e+03 2.48085e-17 +0.00000e+00
 7.19686e-09 4.27100e+03 3.60417e-17 +0.00000e+00
 8.96151e-09 4.27297e+03 5.22077e-17 +0.00000e+00
 1.11588e-08 4.27491e+03 7.53655e-17 +0.00000e+00
 1.38950e-08 4.27682e+03 1.08391e-16 +0.00000e+00
 1.73020e-08 4.27872e+03 1.55286e-16 +0.00000e+00
 2.15443e-08 4.28059e+03 2.21598e-16 +0.00000e+00
 2.68270e-08 4.28246e+03 3.15011e-16 +0.00000e+00
 3.34048e-08 4.28432e+03 4.46154e-16 +0.00000e+00
 4.15956e-08 4.28618e+03 6.29718e-16 +0.00000e+00
 5.17947e-08 4.28804e+03 8.85958e-16 +0.00000e+00
 6.44947e-08 4.28990e+03 1.24277e-15 +0.00000e+00
 8.03086e-08 4.29178e+03 1.73868e-15 +0.00000e+00
 1.00000e-07 4.29368e+03 2.42706e-15 +0.00000e+00
 1.24520e-07 4.29562e+03 3.38201e-15 +0.00000e+00
 1.55052e-07 4.29762e+03 4.70630e-15 +0.00000e+00
 1.93070e-07 4.29973e+03 6.54235e-15 +0.00000e+00
 2.40410e-07 4.30199e+03 9.08666e-15 +0.00000e+00
 2.99358e-07 4.30446e+03 1.26075e-14 +0.00000e+00
 3.72759e-07 4.30723e+03 1.74681e-14 +0.00000e+00
 4.64159e-07 4.31040e+03 2.41584e-14 +0.00000e+00
 5.77969e-07 4.31407e+03 3.33402e-14 +0.00000e+00
 7.19686e-07 4.31837e+03 4.59053e-14 +0.00000e+00
 8.96151e-07 4.32341e+03 6.30480e-14 +0.00000e+00
 1.11588e-06 4.32927e+03 8.63559e-14 +0.00000e+00
 1.38950e-06 4.33602e+03 1.17932e-13 +0.00000e+00
 1.73020e-06 4.34371e+03 1.60549e-13 +0.00000e+00
 2.15443e-06 4.35239e+03 2.17831e-13 +0.00000e+00
 2.68270e-06 4.36216e+03 2.94478e-13 +0.00000e+00
 3.34048e-06 4.37318e+03 3.96540e-13 +0.00000e+00
 4.15956e-06 4.38569e+03 5.31745e-13 +0.00000e+00
 5.17947e-06 4.39990e+03 7.09892e-13 +0.00000e+00
 6.44947e-06 4.41603e+03 9.43302e-13 +0.00000e+00
 8.03086e-06 4.43420e+03 1.24733e-12 +0.00000e+00
 1.00000e-05 4.45447e+03 1.64097e-12 +0.00000e+00
 1.24520e-05 4.47680e+03 2.14752e-12 +0.00000e+00
 1.55052e-05 4.50109e+03 2.79535e-12 +0.00000e+00
 1.93070e-05 4.52712e+03 3.61869e-12 +0.00000e+00
 2.40410e-05 4.55454e+03 4.65858e-12 +0.00000e+00
 2.99358e-05 4.58291e+03 5.96373e-12 +0.00000e+00
 3.72759e-05 4.61175e+03 7.59142e-12 +0.00000e+00
 4.64159e-05 4.64051e+03 9.60838e-12 +0.00000e+00
 5.77969e-05 4.66862e+03 1.20915e-11 +0.00000e+00
 7.19686e-05 4.69555e+03 1.51285e-11 +0.00000e+00
 8.96151e-05 4.72084e+03 1.88184e-11 +0.00000e+00
 1.11588e-04 4.74415e+03 2.32722e-11 +0.00000e+00
 1.38950e-04 4.76527e+03 2.86144e-11 +0.00000e+00
 1.73020e-04 4.78410e+03 3.49840e-11 +0.00000e+00
 2.15443e-04 4.80070e+03 4.25377e-11 +0.00000e+00
 2.68270e-04 4.81520e+03 5.14522e-11 +0.00000e+00
 3.34048e-04 4.82778e+03 6.19286e-11 +0.00000e+00
 4.15956e-04 4.83863e+03 7.41952e-11 +0.00000e+00
 5.17947e-04 4.84797e+03 8.85111e-11 +0.00000e+00
 6.44947e-04 4.85602e+03 1.05169e-10 +0.00000e+00
 8.03086e-04 4.86307e+03 1.24497e-10 +0.00000e+00
 1.00000e-03 4.86942e+03 1.46864e-10 +0.00000e+00
 1.24520e-03 4.87540e+03 1.72680e-10 -2.54784e-07
 1.55052e-03 4.88126e+03 2.02406e-10 -3.17256e-07
 1.93070e-03 4.88722e+03 2.36561e-10 -3.95046e-07
 2.40410e-03 4.89344e+03 2.75722e-10 -4.91910e-07
 2.99358e-03 4.90007e+03 3.20537e-10 -6.12525e-07
 3.72759e-03 4.90726e+03 3.71721e-10 -7.62715e-07
 4.64159e-03 4.91515e+03 4.30058e-10 -9.49729e-07
 5.77969e-03 4.92392e+03 4.96406e-10 -1.18260e-06
 7.19686e-03 4.93371e+03 5.71679e-10 -1.47258e-06
 8.96151e-03 4.94472e+03 6.56840e-10 -1.83364e-06
 1.11588e-02 4.95717e+03 7.52886e-10 -2.28324e-06
 1.38950e-02 4.97131e+03 8.60821e-10 -2.84309e-06
 1.73020e-02 4.98744e+03 9.81631e-10 -3.54021e-06
 2.15443e-02 5.00591e+03 1.11623e-09 -4.40826e-06
 2.68270e-02 5.02714e+03 1.26539e-09 -5.48914e-06
 3.34048e-02 5.05160e+03 1.42966e-09 -6.83507e-06
 4.15956e-02 5.07986e+03 1.60926e-09 -8.51100e-06
 5.17947e-02 5.11256e+03 1.80392e-09 -1.05979e-05
 6.44947e-02 5.15046e+03 2.01277e-09 -1.31964e-05
 8.03086e-02 5.19440e+03 2.23413e-09 -1.64322e-05
 1.00000e-01 5.24535e+03 2.46539e-09 -2.04613e-05
 1.24520e-01 5.30443e+03 2.70293e-09 -2.54784e-05
 1.55052e-01 5.37291e+03 2.94198e-09 -3.17256e-05
 1.93070e-01 5.45227e+03 3.17669e-09 -3.95046e-05
 2.40410e-01 5.54422e+03 3.40018e-09 -4.91910e-05
 2.99358e-01 5.65078e+03 3.60482e-09 -6.12525e-05
 3.72759e-01 5.77433e+03 3.78253e-09 -7.62715e-05
 4.64159e-01 5.91773e+03 3.92531e-09 -9.49729e-05
 5.77969e-01 6.08441e+03 4.02591e-09 -1.18260e-04
 7.19686e-01 6.27869e+03 4.07828e-09 -1.47256e-04
 8.96151e-01 6.50612e+03 4.07783e-09 -1.83356e-04
 1.11588e+00 6.77341e+03 4.02149e-09 -2.28077e-04
 1.38950e+00 7.08766e+03 3.90753e-09 -2.74240e-04
 1.73020e+00 7.45058e+03 3.73759e-09 +1.47196e-04
 2.15443e+00 7.79993e+03 3.55400e-09 +7.77670e-03
 2.68270e+00 8.02584e+03 3.43617e-09 +2.21052e-02
 3.34048e+00 8.21646e+03 3.33418e-09 +3.87457e-02
 4.15956e+00 8.37774e+03 3.24695e-09 +4.98208e-02
 5.17947e+00 8.51871e+03 3.17051e-09 +5.71741e-02
 6.44947e+00 8.64673e+03 3.10111e-09 +6.22159e-02
 8.03086e+00 8.76658e+03 3.03627e-09 +6.58131e-02
 1.00000e+01 8.88141e+03 2.97436e-09 +6.84694e-02
 1.24520e+01 8.99341e+03 2.91428e-09 +7.04856e-02
 1.55052e+01 9.10420e+03 2.85522e-09 +7.20491e-02
 1.93070e+01 9.21506e+03 2.79663e-09 +7.32817e-02
 2.40410e+01 9.32709e+03 2.73807e-09 +7.42656e-02
 2.99358e+01 9.44128e+03 2.67920e-09 +7.50579e-02
 3.72759e+01 9.55864e+03 2.61976e-09 +7.56998e-02
 4.64159e+01 9.68022e+03 2.55952e-09 +7.62209e-02
 5.77969e+01 9.80727e+03 2.49829e-09 +7.66429e-02
 7.19686e+01 9.94127e+03 2.43588e-09 +7.69818e-02
 8.96151e+01 1.00842e+04 2.37208e-09 +7.72486e-02
 1.11588e+02 1.02388e+04 2.30663e-09 +7.74492e-02
 1.38950e+02 1.04088e+04 2.23916e-09 +7.75845e-02
 1.73020e+02 1.06005e+04 2.16908e-09 +7.76461e-02
 2.15443e+02 1.08241e+04 2.09533e-09 +7.76083e-02
 2.68270e+02 1.10990e+04 2.01589e-09 +7.73996e-02
 3.34048e+02 1.14697e+04 1.92604e-09 +7.67846e-02
 4.15956e+02 1.20758e+04 1.81120e-09 +7.45578e-02
 5.17947e+02 1.38572e+04 1.58452e-09 +5.24238e-02
 6.44947e+02 2.05170e+04 1.15008e-09 -6.12677e-04
 8.03086e+02 1.92169e+04 1.43968e-09 +5.99572e-05
 1.00000e+03 2.06444e+04 1.54720e-09 -4.43290e-04
