#n1=128 n2=4 Teff=06400 R=1.8075e+12 L=3.9030e+36 logg=+2.00
#   tau          T          rho         Fconv
 0.00000e+00 4.50200e+03 1.73510e-21 +0.00000e+00
 1.00000e-09 4.50200e+03 2.15677e-18 +0.00000e+00
 1.24520e-09 4.50431e+03 3.16619e-18 +0.00000e+00
 1.55052e-09 4.50671e+03 4.65510e-18 +0.00000e+00
 1.93070e-09 4.50911e+03 6.82500e-18 +0.00000e+00
 2.40410e-09 4.51148e+03 9.95471e-18 +0.00000e+00
 2.99358e-09 4.51376e+03 1.44251e-17 +0.00000e+00
 3.72759e-09 4.51594e+03 2.07921e-17 +0.00000e+00
 4.64159e-09 4.51800e+03 2.99558e-17 +0.00000e+00
 5.77969e-09 4.52001e+03 4.32287e-17 +0.00000e+00
 7.19686e-09 4.52198e+03 6.24525e-17 +0.00000e+00
 8.96151e-09 4.52392e+03 9.02201e-17 +0.00000e+00
 1.11588e-08 4.52582e+03 1.30186e-16 +0.00000e+00
 1.38950e-08 4.52767e+03 1.87491e-16 +0.00000e+00
 1.73020e-08 4.52949e+03 2.69355e-16 +0.00000e+00
 2.15443e-08 4.53128e+03 3.85889e-16 +0.00000e+00
 2.68270e-08 4.53303e+03 5.51199e-16 +0.00000e+00
 3.34048e-08 4.53476e+03 7.84921e-16 +0.00000e+00
 4.15956e-08 4.53648e+03 1.11436e-15 +0.00000e+00
 5.17947e-08 4.53818e+03 1.57746e-15 +0.00000e+00
 6.44947e-08 4.53987e+03 2.22695e-15 +0.00000e+00
 8.03086e-08 4.54157e+03 3.13581e-15 +0.00000e+00
 1.00000e-07 4.54327e+03 4.40529e-15 +0.00000e+00
 1.24520e-07 4.54498e+03 6.17636e-15 +0.00000e+00
 1.55052e-07 4.54673e+03 8.64581e-15 +0.00000e+00
 1.93070e-07 4.54854e+03 1.20885e-14 +0.00000e+00
 2.40410e-07 4.55044e+03 1.68885e-14 +0.00000e+00
 2.99358e-07 4.55248e+03 2.35823e-14 +0.00000e+00
 3.72759e-07 4.55475e+03 3.29112e-14 +0.00000e+00
 4.64159e-07 4.55733e+03 4.58888e-14 +0.00000e+00
 5.77969e-07 4.56035e+03 6.38928e-14 +0.00000e+00
 7.19686e-07 4.56399e+03 8.87944e-14 +0.00000e+00
 8.96151e-07 4.56841e+03 1.23139e-13 +0.00000e+00
 1.11588e-06 4.57379e+03 1.70363e-13 +0.00000e+00
 1.38950e-06 4.58027e+03 2.35066e-13 +0.00000e+00
 1.73020e-06 4.58795e+03 3.23368e-13 +0.00000e+00
 2.15443e-06 4.59688e+03 4.43368e-13 +0.00000e+00
 2.68270e-06 4.60706e+03 6.05687e-13 +0.00000e+00
 3.34048e-06 4.61856e+03 8.24097e-13 +0.00000e+00
 4.15956e-06 4.63148e+03 1.11623e-12 +0.00000e+00
 5.17947e-06 4.64607e+03 1.50438e-12 +0.00000e+00
 6.44947e-06 4.66260e+03 2.01637e-12 +0.00000e+00
 8.03086e-06 4.68128e+03 2.68639e-12 +0.00000e+00
 1.00000e-05 4.70225e+03 3.55577e-12 +0.00000e+00
 1.24520e-05 4.72548e+03 4.67366e-12 +0.00000e+00
 1.55052e-05 4.75085e+03 6.09752e-12 +0.00000e+00
 1.93070e-05 4.77807e+03 7.89336e-12 +0.00000e+00
 2.40410e-05 4.80676e+03 1.01354e-11 +0.00000e+00
 2.99358e-05 4.83640e+03 1.29059e-11 +0.00000e+00
 3.72759e-05 4.86635e+03 1.62938e-11 +0.00000e+00
 4.64159e-05 4.89594e+03 2.03947e-11 +0.00000e+00
 5.77969e-05 4.92448e+03 2.53102e-11 +0.00000e+00
 7.19686e-05 4.95137e+03 3.11487e-11 +0.00000e+00
 8.96151e-05 4.97610e+03 3.80285e-11 +0.00000e+00
 1.11588e-04 4.99836e+03 4.60810e-11 +0.00000e+00
 1.38950e-04 5.01800e+03 5.54561e-11 +0.00000e+00
 1.73020e-04 5.03507e+03 6.63265e-11 +0.00000e+00
 2.15443e-04 5.04974e+03 7.88915e-11 +0.00000e+00
 2.68270e-04 5.06229e+03 9.33791e-11 +0.00000e+00
 3.34048e-04 5.07303e+03 1.10049e-10 +0.00000e+00
 4.15956e-04 5.08231e+03 1.29195e-10 +0.00000e+00
 5.17947e-04 5.09041e+03 1.51154e-10 +0.00000e+00
 6.44947e-04 5.09759e+03 1.76310e-10 +0.00000e+00
 8.03086e-04 5.10407e+03 2.05106e-10 +0.00000e+00
 1.00000e-03 5.11004e+03 2.38051e-10 +0.00000e+00
 1.24520e-03 5.11571e+03 2.75734e-10 -2.54726e-07
 1.55052e-03 5.12127e+03 3.18822e-10 -3.17185e-07
 1.93070e-03 5.12694e+03 3.68072e-10 -3.94957e-07
 2.40410e-03 5.13290e+03 4.24333e-10 -4.91800e-07
 2.99358e-03 5.13935e+03 4.88555e-10 -6.12388e-07
 3.72759e-03 5.14642e+03 5.61788e-10 -7.62543e-07
 4.64159e-03 5.15428e+03 6.45187e-10 -9.49517e-07
 5.77969e-03 5.16307e+03 7.40007e-10 -1.18234e-06
 7.19686e-03 5.17298e+03 8.47599e-10 -1.47224e-06
 8.96151e-03 5.18421e+03 9.69400e-10 -1.83323e-06
 1.11588e-02 5.19699e+03 1.10692e-09 -2.28274e-06
 1.38950e-02 5.21160e+03 1.26169e-09 -2.84245e-06
 1.73020e-02 5.22836e+03 1.43526e-09 -3.53941e-06
 2.15443e-02 5.24764e+03 1.62904e-09 -4.40727e-06
 2.68270e-02 5.26988e+03 1.84427e-09 -5.48792e-06
 3.34048e-02 5.29561e+03 2.08184e-09 -6.83353e-06
 4.15956e-02 5.32543e+03 2.34212e-09 -8.50910e-06
 5.17947e-02 5.36003e+03 2.62475e-09 -1.05955e-05
 6.44947e-02 5.40021e+03 2.92843e-09 -1.31935e-05
 8.03086e-02 5.44691e+03 3.25067e-09 -1.64285e-05
 1.00000e-01 5.50116e+03 3.58757e-09 -2.04567e-05
 1.24520e-01 5.56420e+03 3.93360e-09 -2.54726e-05
 1.55052e-01 5.63743e+03 4.28152e-09 -3.17185e-05
 1.93070e-01 5.72250e+03 4.62232e-09 -3.94957e-05
 2.40410e-01 5.82135e+03 4.94536e-09 -4.91800e-05
 2.99358e-01 5.93628e+03 5.23881e-09 -6.12388e-05
 3.72759e-01 6.07002e+03 5.49025e-09 -7.62543e-05
 4.64159e-01 6.22584e+03 5.68762e-09 -9.49517e-05
 5.77969e-01 6.40778e+03 5.82001e-09 -1.18234e-04
 7.19686e-01 6.62092e+03 5.87826e-09 -1.47222e-04
 8.96151e-01 6.87147e+03 5.85524e-09 -1.83248e-04
 1.11588e+00 7.16616e+03 5.74615e-09 -2.25683e-04
 1.38950e+00 7.50916e+03 5.55025e-09 -1.65419e-04
 1.73020e+00 7.89114e+03 5.27724e-09 +3.35018e-03
 2.15443e+00 8.13908e+03 5.10182e-09 +1.26812e-02
 2.68270e+00 8.34826e+03 4.94902e-09 +2.81902e-02
 3.34048e+00 8.52989e+03 4.81319e-09 +4.32122e-02
 4.15956e+00 8.68728e+03 4.69492e-09 +5.25269e-02
 5.17947e+00 8.82794e+03 4.58957e-09 +5.88376e-02
 6.44947e+00 8.95796e+03 4.49280e-09 +6.32665e-02
 8.03086e+00 9.08135e+03 4.40170e-09 +6.64891e-02
 1.00000e+01 9.20086e+03 4.31433e-09 +6.89058e-02
 1.24520e+01 9.31848e+03 4.22933e-09 +7.07621e-02
 1.55052e+01 9.43574e+03 4.14574e-09 +7.22151e-02
 1.93070e+01 9.55393e+03 4.06284e-09 +7.33683e-02
 2.40410e+01 9.67417e+03 3.98010e-09 +7.42932e-02
 2.99358e+01 9.79758e+03 3.89708e-09 +7.50402e-02
 3.72759e+01 9.92533e+03 3.81346e-09 +7.56451e-02
 4.64159e+01 1.00587e+04 3.72894e-09 +7.61343e-02
 5.77969e+01 1.01994e+04 3.64323e-09 +7.65269e-02
 7.19686e+01 1.03494e+04 3.55604e-09 +7.68358e-02
 8.96151e+01 1.05115e+04 3.46699e-09 +7.70685e-02
 1.11588e+02 1.06898e+04 3.37556e-09 +7.72260e-02
 1.38950e+02 1.08904e+04 3.28088e-09 +7.72995e-02
 1.73020e+02 1.11238e+04 3.18146e-09 +7.72610e-02
 2.15443e+02 1.14095e+04 3.07436e-09 +7.70335e-02
 2.68270e+02 1.17907e+04 2.95293e-09 +7.63709e-02
 3.34048e+02 1.23972e+04 2.79734e-09 +7.41007e-02
 4.15956e+02 1.39806e+04 2.50353e-09 +5.58909e-02
 5.17947e+02 1.92610e+04 1.93565e-09 -4.86850e-04
 6.44947e+02 1.83637e+04 2.34798e-09 +1.04553e-02
 8.03086e+02 2.08938e+04 2.39745e-09 -4.13419e-04
 1.00000e+03 2.02336e+04 2.93059e-09 +7.77520e-03
