#n1=128 n2=4 Teff=06500 R=8.6385e+11 L=9.5018e+35 logg=+2.50
#   tau          T          rho         Fconv
 0.00000e+00 3.96554e+03 1.98575e-21 +0.00000e+00
 1.00000e-09 3.96554e+03 5.80626e-17 +0.00000e+00
 1.24520e-09 3.96668e+03 8.85763e-17 +0.00000e+00
 1.55052e-09 3.96775e+03 1.34228e-16 +0.00000e+00
 1.93070e-09 3.96876e+03 2.01939e-16 +0.00000e+00
 2.40410e-09 3.96973e+03 3.01389e-16 +0.00000e+00
 2.99358e-09 3.97069e+03 4.46066e-16 +0.00000e+00
 3.72759e-09 3.97165e+03 6.54674e-16 +0.00000e+00
 4.64159e-09 3.97267e+03 9.53124e-16 +0.00000e+00
 5.77969e-09 3.97379e+03 1.37728e-15 +0.00000e+00
 7.19686e-09 3.97507e+03 1.97671e-15 +0.00000e+00
 8.96151e-09 3.97655e+03 2.81990e-15 +0.00000e+00
 1.11588e-08 3.97829e+03 4.00130e-15 +0.00000e+00
 1.38950e-08 3.98034e+03 5.65064e-15 +0.00000e+00
 1.73020e-08 3.98275e+03 7.94491e-15 +0.00000e+00
 2.15443e-08 3.98553e+03 1.11239e-14 +0.00000e+00
 2.68270e-08 3.98873e+03 1.55116e-14 +0.00000e+00
 3.34048e-08 3.99236e+03 2.15465e-14 +0.00000e+00
 4.15956e-08 3.99644e+03 2.98228e-14 +0.00000e+00
 5.17947e-08 4.00100e+03 4.11447e-14 +0.00000e+00
 6.44947e-08 4.00611e+03 5.65922e-14 +0.00000e+00
 8.03086e-08 4.01189e+03 7.76032e-14 +0.00000e+00
 1.00000e-07 4.01849e+03 1.06069e-13 +0.00000e+00
 1.24520e-07 4.02609e+03 1.44456e-13 +0.00000e+00
 1.55052e-07 4.03484e+03 1.95946e-13 +0.00000e+00
 1.93070e-07 4.04486e+03 2.64629e-13 +0.00000e+00
 2.40410e-07 4.05622e+03 3.55736e-13 +0.00000e+00
 2.99358e-07 4.06897e+03 4.75939e-13 +0.00000e+00
 3.72759e-07 4.08311e+03 6.33688e-13 +0.00000e+00
 4.64159e-07 4.09859e+03 8.39628e-13 +0.00000e+00
 5.77969e-07 4.11532e+03 1.10709e-12 +0.00000e+00
 7.19686e-07 4.13315e+03 1.45271e-12 +0.00000e+00
 8.96151e-07 4.15192e+03 1.89712e-12 +0.00000e+00
 1.11588e-06 4.17143e+03 2.46581e-12 +0.00000e+00
 1.38950e-06 4.19150e+03 3.19006e-12 +0.00000e+00
 1.73020e-06 4.21193e+03 4.10811e-12 +0.00000e+00
 2.15443e-06 4.23257e+03 5.26642e-12 +0.00000e+00
 2.68270e-06 4.25326e+03 6.72120e-12 +0.00000e+00
 3.34048e-06 4.27384e+03 8.54008e-12 +0.00000e+00
 4.15956e-06 4.29417e+03 1.08041e-11 +0.00000e+00
 5.17947e-06 4.31415e+03 1.36097e-11 +0.00000e+00
 6.44947e-06 4.33376e+03 1.70709e-11 +0.00000e+00
 8.03086e-06 4.35314e+03 2.13215e-11 +0.00000e+00
 1.00000e-05 4.37237e+03 2.65173e-11 +0.00000e+00
 1.24520e-05 4.39153e+03 3.28390e-11 +0.00000e+00
 1.55052e-05 4.41084e+03 4.04917e-11 +0.00000e+00
 1.93070e-05 4.43063e+03 4.97063e-11 +0.00000e+00
 2.40410e-05 4.45116e+03 6.07410e-11 +0.00000e+00
 2.99358e-05 4.47257e+03 7.38822e-11 +0.00000e+00
 3.72759e-05 4.49492e+03 8.94428e-11 +0.00000e+00
 4.64159e-05 4.51824e+03 1.07760e-10 +0.00000e+00
 5.77969e-05 4.54251e+03 1.29192e-10 +0.00000e+00
 7.19686e-05 4.56770e+03 1.54110e-10 +0.00000e+00
 8.96151e-05 4.59378e+03 1.82899e-10 +0.00000e+00
 1.11588e-04 4.62072e+03 2.15945e-10 +0.00000e+00
 1.38950e-04 4.64859e+03 2.53628e-10 +0.00000e+00
 1.73020e-04 4.67749e+03 2.96310e-10 +0.00000e+00
 2.15443e-04 4.70752e+03 3.44328e-10 +0.00000e+00
 2.68270e-04 4.73877e+03 3.97983e-10 +0.00000e+00
 3.34048e-04 4.77122e+03 4.57544e-10 +0.00000e+00
 4.15956e-04 4.80472e+03 5.23257e-10 +0.00000e+00
 5.17947e-04 4.83908e+03 5.95344e-10 +0.00000e+00
 6.44947e-04 4.87404e+03 6.74018e-10 +0.00000e+00
 8.03086e-04 4.90930e+03 7.59495e-10 +0.00000e+00
 1.00000e-03 4.94455e+03 8.52023e-10 +0.00000e+00
 1.24520e-03 4.97944e+03 9.51924e-10 -2.54284e-07
 1.55052e-03 5.01365e+03 1.05966e-09 -3.16633e-07
 1.93070e-03 5.04684e+03 1.17590e-09 -3.94271e-07
 2.40410e-03 5.07865e+03 1.30163e-09 -4.90945e-07
 2.99358e-03 5.10875e+03 1.43828e-09 -6.11324e-07
 3.72759e-03 5.13687e+03 1.58767e-09 -7.61218e-07
 4.64159e-03 5.16298e+03 1.75207e-09 -9.47867e-07
 5.77969e-03 5.18729e+03 1.93403e-09 -1.18028e-06
 7.19686e-03 5.21023e+03 2.13634e-09 -1.46968e-06
 8.96151e-03 5.23238e+03 2.36189e-09 -1.83004e-06
 1.11588e-02 5.25442e+03 2.61366e-09 -2.27876e-06
 1.38950e-02 5.27707e+03 2.89454e-09 -2.83751e-06
 1.73020e-02 5.30106e+03 3.20730e-09 -3.53326e-06
 2.15443e-02 5.32708e+03 3.55439e-09 -4.39961e-06
 2.68270e-02 5.35581e+03 3.93778e-09 -5.47838e-06
 3.34048e-02 5.38792e+03 4.35867e-09 -6.82166e-06
 4.15956e-02 5.42412e+03 4.81726e-09 -8.49432e-06
 5.17947e-02 5.46513e+03 5.31240e-09 -1.05771e-05
 6.44947e-02 5.51172e+03 5.84134e-09 -1.31706e-05
 8.03086e-02 5.56469e+03 6.39941e-09 -1.63999e-05
 1.00000e-01 5.62500e+03 6.97967e-09 -2.04212e-05
 1.24520e-01 5.69366e+03 7.57281e-09 -2.54284e-05
 1.55052e-01 5.77186e+03 8.16710e-09 -3.16633e-05
 1.93070e-01 5.86110e+03 8.74806e-09 -3.94271e-05
 2.40410e-01 5.96335e+03 9.29842e-09 -4.90945e-05
 2.99358e-01 6.08109e+03 9.79864e-09 -6.11324e-05
 3.72759e-01 6.21758e+03 1.02272e-08 -7.61218e-05
 4.64159e-01 6.37520e+03 1.05660e-08 -9.47867e-05
 5.77969e-01 6.56198e+03 1.07887e-08 -1.18027e-04
 7.19686e-01 6.78611e+03 1.08706e-08 -1.46936e-04
 8.96151e-01 7.05212e+03 1.08007e-08 -1.82115e-04
 1.11588e+00 7.37486e+03 1.05556e-08 -1.95664e-04
 1.38950e+00 7.74769e+03 1.01511e-08 +7.78922e-04
 1.73020e+00 8.07144e+03 9.76620e-09 +7.70679e-03
 2.15443e+00 8.29049e+03 9.51972e-09 +1.78703e-02
 2.68270e+00 8.48020e+03 9.30418e-09 +3.20815e-02
 3.34048e+00 8.65088e+03 9.10804e-09 +4.54704e-02
 4.15956e+00 8.80290e+03 8.93525e-09 +5.36597e-02
 5.17947e+00 8.94128e+03 8.78101e-09 +5.94177e-02
 6.44947e+00 9.07061e+03 8.63998e-09 +6.35771e-02
 8.03086e+00 9.19408e+03 8.50843e-09 +6.66681e-02
 1.00000e+01 9.31394e+03 8.38381e-09 +6.90225e-02
 1.24520e+01 9.43183e+03 8.26432e-09 +7.08525e-02
 1.55052e+01 9.54905e+03 8.14867e-09 +7.22983e-02
 1.93070e+01 9.66663e+03 8.03597e-09 +7.34555e-02
 2.40410e+01 9.78546e+03 7.92555e-09 +7.43911e-02
 2.99358e+01 9.90634e+03 7.81694e-09 +7.51534e-02
 3.72759e+01 1.00301e+04 7.70983e-09 +7.57783e-02
 4.64159e+01 1.01575e+04 7.60401e-09 +7.62924e-02
 5.77969e+01 1.02894e+04 7.49933e-09 +7.67162e-02
 7.19686e+01 1.04269e+04 7.39574e-09 +7.70654e-02
 8.96151e+01 1.05712e+04 7.29318e-09 +7.73520e-02
 1.11588e+02 1.07238e+04 7.19161e-09 +7.75851e-02
 1.38950e+02 1.08867e+04 7.09091e-09 +7.77713e-02
 1.73020e+02 1.10627e+04 6.99087e-09 +7.79145e-02
 2.15443e+02 1.12557e+04 6.89100e-09 +7.80158e-02
 2.68270e+02 1.14714e+04 6.79036e-09 +7.80720e-02
 3.34048e+02 1.17193e+04 6.68708e-09 +7.80715e-02
 4.15956e+02 1.20157e+04 6.57736e-09 +7.79846e-02
 5.17947e+02 1.23931e+04 6.45289e-09 +7.77294e-02
 6.44947e+02 1.29308e+04 6.29252e-09 +7.70193e-02
 8.03086e+02 1.38973e+04 6.02498e-09 +7.42698e-02
 1.00000e+03 1.63390e+04 5.44723e-09 +6.37136e-02
