#n1=128 n2=4 Teff=06400 R=4.0404e+10 L=1.9514e+33 logg=+5.00
#   tau          T          rho         Fconv
 0.00000e+00 3.92259e+03 1.99301e-21 +0.00000e+00
 1.00000e-09 3.92259e+03 8.05072e-13 +0.00000e+00
 1.24520e-09 3.92288e+03 1.07024e-12 +0.00000e+00
 1.55052e-09 3.92318e+03 1.41108e-12 +0.00000e+00
 1.93070e-09 3.92347e+03 1.84696e-12 +0.00000e+00
 2.40410e-09 3.92374e+03 2.40166e-12 +0.00000e+00
 2.99358e-09 3.92403e+03 3.10427e-12 +0.00000e+00
 3.72759e-09 3.92435e+03 3.99082e-12 +0.00000e+00
 4.64159e-09 3.92473e+03 5.10528e-12 +0.00000e+00
 5.77969e-09 3.92522e+03 6.50094e-12 +0.00000e+00
 7.19686e-09 3.92595e+03 8.24275e-12 +0.00000e+00
 8.96151e-09 3.92705e+03 1.04089e-11 +0.00000e+00
 1.11588e-08 3.92866e+03 1.30934e-11 +0.00000e+00
 1.38950e-08 3.93093e+03 1.64088e-11 +0.00000e+00
 1.73020e-08 3.93404e+03 2.04889e-11 +0.00000e+00
 2.15443e-08 3.93813e+03 2.54928e-11 +0.00000e+00
 2.68270e-08 3.94336e+03 3.16087e-11 +0.00000e+00
 3.34048e-08 3.94983e+03 3.90586e-11 +0.00000e+00
 4.15956e-08 3.95759e+03 4.81046e-11 +0.00000e+00
 5.17947e-08 3.96663e+03 5.90556e-11 +0.00000e+00
 6.44947e-08 3.97684e+03 7.22754e-11 +0.00000e+00
 8.03086e-08 3.98805e+03 8.81909e-11 +0.00000e+00
 1.00000e-07 4.00002e+03 1.07302e-10 +0.00000e+00
 1.24520e-07 4.01252e+03 1.30193e-10 +0.00000e+00
 1.55052e-07 4.02529e+03 1.57546e-10 +0.00000e+00
 1.93070e-07 4.03809e+03 1.90150e-10 +0.00000e+00
 2.40410e-07 4.05074e+03 2.28920e-10 +0.00000e+00
 2.99358e-07 4.06311e+03 2.74917e-10 +0.00000e+00
 3.72759e-07 4.07519e+03 3.29364e-10 +0.00000e+00
 4.64159e-07 4.08706e+03 3.93663e-10 +0.00000e+00
 5.77969e-07 4.09889e+03 4.69426e-10 +0.00000e+00
 7.19686e-07 4.11087e+03 5.58501e-10 +0.00000e+00
 8.96151e-07 4.12317e+03 6.63001e-10 +0.00000e+00
 1.11588e-06 4.13584e+03 7.85345e-10 +0.00000e+00
 1.38950e-06 4.14890e+03 9.28265e-10 +0.00000e+00
 1.73020e-06 4.16239e+03 1.09482e-09 +0.00000e+00
 2.15443e-06 4.17634e+03 1.28843e-09 +0.00000e+00
 2.68270e-06 4.19082e+03 1.51288e-09 +0.00000e+00
 3.34048e-06 4.20602e+03 1.77231e-09 +0.00000e+00
 4.15956e-06 4.22242e+03 2.07113e-09 +0.00000e+00
 5.17947e-06 4.24082e+03 2.41386e-09 +0.00000e+00
 6.44947e-06 4.25834e+03 2.80771e-09 +0.00000e+00
 8.03086e-06 4.27588e+03 3.25785e-09 +0.00000e+00
 1.00000e-05 4.29420e+03 3.77004e-09 +0.00000e+00
 1.24520e-05 4.31375e+03 4.35070e-09 +0.00000e+00
 1.55052e-05 4.33476e+03 5.00666e-09 +0.00000e+00
 1.93070e-05 4.35735e+03 5.74522e-09 +0.00000e+00
 2.40410e-05 4.38149e+03 6.57417e-09 +0.00000e+00
 2.99358e-05 4.40706e+03 7.50201e-09 +0.00000e+00
 3.72759e-05 4.43390e+03 8.53793e-09 +0.00000e+00
 4.64159e-05 4.46191e+03 9.69193e-09 +0.00000e+00
 5.77969e-05 4.49101e+03 1.09749e-08 +0.00000e+00
 7.19686e-05 4.52112e+03 1.23987e-08 +0.00000e+00
 8.96151e-05 4.55217e+03 1.39764e-08 +0.00000e+00
 1.11588e-04 4.58408e+03 1.57225e-08 +0.00000e+00
 1.38950e-04 4.61682e+03 1.76522e-08 +0.00000e+00
 1.73020e-04 4.65038e+03 1.97818e-08 +0.00000e+00
 2.15443e-04 4.68484e+03 2.21284e-08 +0.00000e+00
 2.68270e-04 4.72023e+03 2.47094e-08 +0.00000e+00
 3.34048e-04 4.75651e+03 2.75431e-08 +0.00000e+00
 4.15956e-04 4.79351e+03 3.06494e-08 +0.00000e+00
 5.17947e-04 4.83093e+03 3.40497e-08 +0.00000e+00
 6.44947e-04 4.86830e+03 3.77685e-08 +0.00000e+00
 8.03086e-04 4.90520e+03 4.18339e-08 +0.00000e+00
 1.00000e-03 4.94118e+03 4.62780e-08 +0.00000e+00
 1.24520e-03 4.97582e+03 5.11375e-08 -2.54576e-07
 1.55052e-03 5.00875e+03 5.64542e-08 -3.16998e-07
 1.93070e-03 5.03969e+03 6.22757e-08 -3.94725e-07
 2.40410e-03 5.06844e+03 6.86603e-08 -4.91511e-07
 2.99358e-03 5.09498e+03 7.56749e-08 -6.12028e-07
 3.72759e-03 5.11944e+03 8.33963e-08 -7.62095e-07
 4.64159e-03 5.14217e+03 9.19131e-08 -9.48958e-07
 5.77969e-03 5.16363e+03 1.01324e-07 -1.18164e-06
 7.19686e-03 5.18435e+03 1.11742e-07 -1.47137e-06
 8.96151e-03 5.20491e+03 1.23289e-07 -1.83216e-06
 1.11588e-02 5.22591e+03 1.36094e-07 -2.28139e-06
 1.38950e-02 5.24794e+03 1.50291e-07 -2.84078e-06
 1.73020e-02 5.27163e+03 1.66005e-07 -3.53733e-06
 2.15443e-02 5.29757e+03 1.83340e-07 -4.40467e-06
 2.68270e-02 5.32636e+03 2.02373e-07 -5.48469e-06
 3.34048e-02 5.35862e+03 2.23129e-07 -6.82951e-06
 4.15956e-02 5.39496e+03 2.45586e-07 -8.50409e-06
 5.17947e-02 5.43604e+03 2.69685e-07 -1.05893e-05
 6.44947e-02 5.48255e+03 2.95285e-07 -1.31857e-05
 8.03086e-02 5.53523e+03 3.22154e-07 -1.64189e-05
 1.00000e-01 5.59489e+03 3.49979e-07 -2.04447e-05
 1.24520e-01 5.66247e+03 3.78368e-07 -2.54576e-05
 1.55052e-01 5.73896e+03 4.06820e-07 -3.16998e-05
 1.93070e-01 5.82566e+03 4.34727e-07 -3.94725e-05
 2.40410e-01 5.92422e+03 4.61390e-07 -4.91511e-05
 2.99358e-01 6.03686e+03 4.85998e-07 -6.12028e-05
 3.72759e-01 6.16646e+03 5.07676e-07 -7.62095e-05
 4.64159e-01 6.31448e+03 5.25787e-07 -9.12577e-05
 5.77969e-01 6.48915e+03 5.39128e-07 +1.58159e-04
 7.19686e-01 6.69816e+03 5.46450e-07 +2.21979e-03
 8.96151e-01 6.88429e+03 5.53352e-07 +4.88368e-03
 1.11588e+00 7.06275e+03 5.59547e-07 +9.52677e-03
 1.38950e+00 7.23623e+03 5.65306e-07 +1.56171e-02
 1.73020e+00 7.40579e+03 5.70886e-07 +2.28935e-02
 2.15443e+00 7.57267e+03 5.76431e-07 +3.16127e-02
 2.68270e+00 7.73838e+03 5.81997e-07 +4.23566e-02
 3.34048e+00 7.90359e+03 5.87649e-07 +5.15375e-02
 4.15956e+00 8.06429e+03 5.93834e-07 +5.63558e-02
 5.17947e+00 8.22081e+03 6.00689e-07 +6.02737e-02
 6.44947e+00 8.37417e+03 6.08271e-07 +6.34821e-02
 8.03086e+00 8.52518e+03 6.16633e-07 +6.61074e-02
 1.00000e+01 8.67473e+03 6.25802e-07 +6.82685e-02
 1.24520e+01 8.82316e+03 6.35838e-07 +7.00970e-02
 1.55052e+01 8.97020e+03 6.46855e-07 +7.16648e-02
 1.93070e+01 9.11545e+03 6.58987e-07 +7.29936e-02
 2.40410e+01 9.25884e+03 6.72364e-07 +7.41059e-02
 2.99358e+01 9.40053e+03 6.87105e-07 +7.50289e-02
 3.72759e+01 9.54081e+03 7.03324e-07 +7.57921e-02
 4.64159e+01 9.67991e+03 7.21148e-07 +7.64273e-02
 5.77969e+01 9.81800e+03 7.40722e-07 +7.69548e-02
 7.19686e+01 9.95530e+03 7.62195e-07 +7.73914e-02
 8.96151e+01 1.00921e+04 7.85719e-07 +7.77522e-02
 1.11588e+02 1.02288e+04 8.11451e-07 +7.80510e-02
 1.38950e+02 1.03656e+04 8.39563e-07 +7.82988e-02
 1.73020e+02 1.05028e+04 8.70235e-07 +7.85046e-02
 2.15443e+02 1.06407e+04 9.03652e-07 +7.86754e-02
 2.68270e+02 1.07796e+04 9.40006e-07 +7.88172e-02
 3.34048e+02 1.09199e+04 9.79492e-07 +7.89357e-02
 4.15956e+02 1.10617e+04 1.02233e-06 +7.90354e-02
 5.17947e+02 1.12051e+04 1.06879e-06 +7.91198e-02
 6.44947e+02 1.13499e+04 1.11918e-06 +7.91914e-02
 8.03086e+02 1.14960e+04 1.17386e-06 +7.92521e-02
 1.00000e+03 1.16432e+04 1.23326e-06 +7.93035e-02
