#n1=128 n2=4 Teff=06800 R=1.5282e+13 L=3.5548e+38 logg=+0.50
#   tau          T          rho         Fconv
 0.00000e+00 3.42236e+03 3.52314e-21 +0.00000e+00
 1.00000e-09 3.42236e+03 1.10181e-18 +0.00000e+00
 1.24520e-09 3.42621e+03 1.65352e-18 +0.00000e+00
 1.55052e-09 3.43038e+03 2.46071e-18 +0.00000e+00
 1.93070e-09 3.43504e+03 3.62795e-18 +0.00000e+00
 2.40410e-09 3.44030e+03 5.30051e-18 +0.00000e+00
 2.99358e-09 3.44630e+03 7.68007e-18 +0.00000e+00
 3.72759e-09 3.45318e+03 1.10450e-17 +0.00000e+00
 4.64159e-09 3.46112e+03 1.57744e-17 +0.00000e+00
 5.77969e-09 3.47031e+03 2.23753e-17 +0.00000e+00
 7.19686e-09 3.48091e+03 3.15180e-17 +0.00000e+00
 8.96151e-09 3.49303e+03 4.40847e-17 +0.00000e+00
 1.11588e-08 3.50673e+03 6.12427e-17 +0.00000e+00
 1.38950e-08 3.52202e+03 8.45377e-17 +0.00000e+00
 1.73020e-08 3.53882e+03 1.16010e-16 +0.00000e+00
 2.15443e-08 3.55702e+03 1.58358e-16 +0.00000e+00
 2.68270e-08 3.57643e+03 2.15163e-16 +0.00000e+00
 3.34048e-08 3.59685e+03 2.91161e-16 +0.00000e+00
 4.15956e-08 3.61814e+03 3.92582e-16 +0.00000e+00
 5.17947e-08 3.64026e+03 5.27549e-16 +0.00000e+00
 6.44947e-08 3.66318e+03 7.06562e-16 +0.00000e+00
 8.03086e-08 3.68695e+03 9.43061e-16 +0.00000e+00
 1.00000e-07 3.71152e+03 1.25418e-15 +0.00000e+00
 1.24520e-07 3.73667e+03 1.66178e-15 +0.00000e+00
 1.55052e-07 3.76209e+03 2.19361e-15 +0.00000e+00
 1.93070e-07 3.78748e+03 2.88493e-15 +0.00000e+00
 2.40410e-07 3.81265e+03 3.78039e-15 +0.00000e+00
 2.99358e-07 3.83756e+03 4.93633e-15 +0.00000e+00
 3.72759e-07 3.86224e+03 6.42356e-15 +0.00000e+00
 4.64159e-07 3.88666e+03 8.33093e-15 +0.00000e+00
 5.77969e-07 3.91067e+03 1.07702e-14 +0.00000e+00
 7.19686e-07 3.93403e+03 1.38829e-14 +0.00000e+00
 8.96151e-07 3.95637e+03 1.78482e-14 +0.00000e+00
 1.11588e-06 3.97605e+03 2.29086e-14 +0.00000e+00
 1.38950e-06 3.99295e+03 2.93751e-14 +0.00000e+00
 1.73020e-06 4.00797e+03 3.76299e-14 +0.00000e+00
 2.15443e-06 4.01597e+03 4.82637e-14 +0.00000e+00
 2.68270e-06 4.01680e+03 6.21361e-14 +0.00000e+00
 3.34048e-06 4.00966e+03 8.03452e-14 +0.00000e+00
 4.15956e-06 3.99353e+03 1.04466e-13 +0.00000e+00
 5.17947e-06 3.96771e+03 1.36700e-13 +0.00000e+00
 6.44947e-06 3.93261e+03 1.80004e-13 +0.00000e+00
 8.03086e-06 3.89089e+03 2.38088e-13 +0.00000e+00
 1.00000e-05 3.84457e+03 3.15535e-13 +0.00000e+00
 1.24520e-05 3.79698e+03 4.17651e-13 +0.00000e+00
 1.55052e-05 3.75023e+03 5.50661e-13 +0.00000e+00
 1.93070e-05 3.70220e+03 7.22707e-13 +0.00000e+00
 2.40410e-05 3.65168e+03 9.44034e-13 +0.00000e+00
 2.99358e-05 3.60958e+03 1.22343e-12 +0.00000e+00
 3.72759e-05 3.58589e+03 1.56872e-12 +0.00000e+00
 4.64159e-05 3.57305e+03 1.99534e-12 +0.00000e+00
 5.77969e-05 3.57267e+03 2.51779e-12 +0.00000e+00
 7.19686e-05 3.57745e+03 3.16009e-12 +0.00000e+00
 8.96151e-05 3.58889e+03 3.94526e-12 +0.00000e+00
 1.11588e-04 3.60683e+03 4.90149e-12 +0.00000e+00
 1.38950e-04 3.63119e+03 6.06165e-12 +0.00000e+00
 1.73020e-04 3.66221e+03 7.46344e-12 +0.00000e+00
 2.15443e-04 3.70022e+03 9.14992e-12 +0.00000e+00
 2.68270e-04 3.74592e+03 1.11693e-11 +0.00000e+00
 3.34048e-04 3.80029e+03 1.35747e-11 +0.00000e+00
 4.15956e-04 3.86475e+03 1.64223e-11 +0.00000e+00
 5.17947e-04 3.94039e+03 1.97710e-11 +0.00000e+00
 6.44947e-04 4.02868e+03 2.36725e-11 +0.00000e+00
 8.03086e-04 4.12774e+03 2.81775e-11 +0.00000e+00
 1.00000e-03 4.23587e+03 3.32992e-11 +0.00000e+00
 1.24520e-03 4.35177e+03 3.89798e-11 -2.54787e-07
 1.55052e-03 4.47325e+03 4.50803e-11 -3.17260e-07
 1.93070e-03 4.59935e+03 5.13575e-11 -3.95052e-07
 2.40410e-03 4.72573e+03 5.75748e-11 -4.91917e-07
 2.99358e-03 4.85962e+03 6.33217e-11 -6.12534e-07
 3.72759e-03 4.98765e+03 6.86063e-11 -7.62725e-07
 4.64159e-03 5.12239e+03 7.31419e-11 -9.49739e-07
 5.77969e-03 5.25246e+03 7.70839e-11 -1.18263e-06
 7.19686e-03 5.37110e+03 8.06865e-11 -1.47260e-06
 8.96151e-03 5.48671e+03 8.39453e-11 -1.83363e-06
 1.11588e-02 5.59240e+03 8.71027e-11 -2.28334e-06
 1.38950e-02 5.69003e+03 9.02503e-11 -2.84317e-06
 1.73020e-02 5.77648e+03 9.35563e-11 -3.54016e-06
 2.15443e-02 5.85197e+03 9.71379e-11 -4.40831e-06
 2.68270e-02 5.91690e+03 1.01111e-10 -5.48923e-06
 3.34048e-02 5.97173e+03 1.05607e-10 -6.83517e-06
 4.15956e-02 6.02340e+03 1.10592e-10 -8.51116e-06
 5.17947e-02 6.07289e+03 1.16116e-10 -1.05980e-05
 6.44947e-02 6.12186e+03 1.22201e-10 -1.31966e-05
 8.03086e-02 6.17200e+03 1.28840e-10 -1.64325e-05
 1.00000e-01 6.22578e+03 1.35972e-10 -2.04616e-05
 1.24520e-01 6.28819e+03 1.43369e-10 -2.54790e-05
 1.55052e-01 6.35843e+03 1.50899e-10 -3.17254e-05
 1.93070e-01 6.44534e+03 1.58029e-10 -3.95049e-05
 2.40410e-01 6.55710e+03 1.64021e-10 -4.91918e-05
 2.99358e-01 6.70089e+03 1.67996e-10 -6.12533e-05
 3.72759e-01 6.88151e+03 1.69112e-10 -7.62725e-05
 4.64159e-01 7.10466e+03 1.66561e-10 -9.49739e-05
 5.77969e-01 7.37670e+03 1.59603e-10 -1.18261e-04
 7.19686e-01 7.71275e+03 1.47212e-10 -1.47187e-04
 8.96151e-01 8.07977e+03 1.31174e-10 -1.78663e-04
 1.11588e+00 8.46358e+03 1.13885e-10 -1.59868e-04
 1.38950e+00 8.81533e+03 9.98395e-11 -1.92650e-04
 1.73020e+00 9.05756e+03 9.20996e-11 -3.21299e-04
 2.15443e+00 9.31612e+03 8.56233e-11 -4.31463e-04
 2.68270e+00 9.61738e+03 8.00546e-11 -5.47917e-04
 3.34048e+00 9.95948e+03 7.56687e-11 -6.13801e-04
 4.15956e+00 1.04105e+04 7.17218e-11 -6.13847e-04
 5.17947e+00 1.08371e+04 6.93682e-11 -6.13847e-04
 6.44947e+00 1.12306e+04 6.81102e-11 -6.13847e-04
 8.03086e+00 1.22665e+04 6.40077e-11 -6.13847e-04
 1.00000e+01 1.21821e+04 6.71498e-11 -6.13847e-04
 1.24520e+01 1.31303e+04 6.52877e-11 -6.13847e-04
 1.55052e+01 1.34241e+04 6.79776e-11 -6.13847e-04
 1.93070e+01 1.42187e+04 6.87639e-11 -6.13847e-04
 2.40410e+01 1.41220e+04 7.58696e-11 -6.13847e-04
 2.99358e+01 1.62781e+04 7.23182e-11 -6.13847e-04
 3.72759e+01 1.62075e+04 8.28209e-11 -6.13847e-04
 4.64159e+01 1.72405e+04 8.95077e-11 -6.13847e-04
 5.77969e+01 1.79102e+04 1.00389e-10 -6.13847e-04
 7.19686e+01 1.88248e+04 1.12407e-10 -6.13847e-04
 8.96151e+01 1.96443e+04 1.27753e-10 -6.13847e-04
 1.11588e+02 2.07748e+04 1.44600e-10 -6.13847e-04
 1.38950e+02 2.13501e+04 1.68500e-10 -6.13847e-04
 1.73020e+02 2.30414e+04 1.89287e-10 -6.13847e-04
 2.15443e+02 2.33315e+04 2.25191e-10 -6.13847e-04
 2.68270e+02 2.52186e+04 2.52477e-10 -6.13847e-04
 3.34048e+02 2.58803e+04 2.97609e-10 -6.13847e-04
 4.15956e+02 2.75756e+04 3.38832e-10 -6.13847e-04
 5.17947e+02 2.83661e+04 3.98283e-10 -6.13847e-04
 6.44947e+02 3.12447e+04 4.40451e-10 -6.13847e-04
 8.03086e+02 3.01064e+04 5.50956e-10 -6.13847e-04
 1.00000e+03 3.52281e+04 5.58410e-10 -6.13847e-04
