#n1=128 n2=4 Teff=06200 R=1.7521e+12 L=3.2278e+36 logg=+2.00
#      tau          T          rho         Fconv
  0.00000e+00  3.51205e+03  2.54919e-21 +0.00000e+00
  1.00000e-09  3.51205e+03  8.02978e-17 +0.00000e+00
  1.24520e-09  3.51663e+03  1.21016e-16 +0.00000e+00
  1.55052e-09  3.52220e+03  1.80341e-16 +0.00000e+00
  1.93070e-09  3.52898e+03  2.65422e-16 +0.00000e+00
  2.40410e-09  3.53712e+03  3.86082e-16 +0.00000e+00
  2.99358e-09  3.54674e+03  5.55242e-16 +0.00000e+00
  3.72759e-09  3.55790e+03  7.89853e-16 +0.00000e+00
  4.64159e-09  3.57061e+03  1.11203e-15 +0.00000e+00
  5.77969e-09  3.58480e+03  1.55055e-15 +0.00000e+00
  7.19686e-09  3.60034e+03  2.14277e-15 +0.00000e+00
  8.96151e-09  3.61704e+03  2.93706e-15 +0.00000e+00
  1.11588e-08  3.63471e+03  3.99588e-15 +0.00000e+00
  1.38950e-08  3.65310e+03  5.39988e-15 +0.00000e+00
  1.73020e-08  3.67198e+03  7.25340e-15 +0.00000e+00
  2.15443e-08  3.69111e+03  9.69152e-15 +0.00000e+00
  2.68270e-08  3.71028e+03  1.28894e-14 +0.00000e+00
  3.34048e-08  3.72931e+03  1.70737e-14 +0.00000e+00
  4.15956e-08  3.74811e+03  2.25373e-14 +0.00000e+00
  5.17947e-08  3.76668e+03  2.96581e-14 +0.00000e+00
  6.44947e-08  3.78513e+03  3.89206e-14 +0.00000e+00
  8.03086e-08  3.80367e+03  5.09392e-14 +0.00000e+00
  1.00000e-07  3.82259e+03  6.64864e-14 +0.00000e+00
  1.24520e-07  3.84216e+03  8.65287e-14 +0.00000e+00
  1.55052e-07  3.86260e+03  1.12274e-13 +0.00000e+00
  1.93070e-07  3.88391e+03  1.45233e-13 +0.00000e+00
  2.40410e-07  3.90599e+03  1.87298e-13 +0.00000e+00
  2.99358e-07  3.92866e+03  2.40830e-13 +0.00000e+00
  3.72759e-07  3.95172e+03  3.08766e-13 +0.00000e+00
  4.64159e-07  3.97501e+03  3.94754e-13 +0.00000e+00
  5.77969e-07  3.99845e+03  5.03307e-13 +0.00000e+00
  7.19686e-07  4.02205e+03  6.39975e-13 +0.00000e+00
  8.96151e-07  4.04592e+03  8.11558e-13 +0.00000e+00
  1.11588e-06  4.07015e+03  1.02635e-12 +0.00000e+00
  1.38950e-06  4.09481e+03  1.29443e-12 +0.00000e+00
  1.73020e-06  4.11989e+03  1.62804e-12 +0.00000e+00
  2.15443e-06  4.14531e+03  2.04199e-12 +0.00000e+00
  2.68270e-06  4.17101e+03  2.55413e-12 +0.00000e+00
  3.34048e-06  4.19690e+03  3.18584e-12 +0.00000e+00
  4.15956e-06  4.22292e+03  3.96264e-12 +0.00000e+00
  5.17947e-06  4.24900e+03  4.91479e-12 +0.00000e+00
  6.44947e-06  4.27507e+03  6.07799e-12 +0.00000e+00
  8.03086e-06  4.30107e+03  7.49398e-12 +0.00000e+00
  1.00000e-05  4.32697e+03  9.21131e-12 +0.00000e+00
  1.24520e-05  4.35273e+03  1.12859e-11 +0.00000e+00
  1.55052e-05  4.37832e+03  1.37816e-11 +0.00000e+00
  1.93070e-05  4.40372e+03  1.67709e-11 +0.00000e+00
  2.40410e-05  4.42892e+03  2.03350e-11 +0.00000e+00
  2.99358e-05  4.45393e+03  2.45649e-11 +0.00000e+00
  3.72759e-05  4.47875e+03  2.95611e-11 +0.00000e+00
  4.64159e-05  4.50339e+03  3.54348e-11 +0.00000e+00
  5.77969e-05  4.52787e+03  4.23081e-11 +0.00000e+00
  7.19686e-05  4.55221e+03  5.03145e-11 +0.00000e+00
  8.96151e-05  4.57645e+03  5.96003e-11 +0.00000e+00
  1.11588e-04  4.60063e+03  7.03252e-11 +0.00000e+00
  1.38950e-04  4.62479e+03  8.26635e-11 +0.00000e+00
  1.73020e-04  4.64897e+03  9.68056e-11 +0.00000e+00
  2.15443e-04  4.67320e+03  1.12960e-10 +0.00000e+00
  2.68270e-04  4.69750e+03  1.31353e-10 +0.00000e+00
  3.34048e-04  4.72189e+03  1.52236e-10 +0.00000e+00
  4.15956e-04  4.74637e+03  1.75882e-10 +0.00000e+00
  5.17947e-04  4.77092e+03  2.02590e-10 +0.00000e+00
  6.44947e-04  4.79552e+03  2.32690e-10 +0.00000e+00
  8.03086e-04  4.82014e+03  2.66539e-10 +0.00000e+00
  1.00000e-03  4.84476e+03  3.04527e-10 +0.00000e+00
  1.24520e-03  4.86936e+03  3.47078e-10 -2.54902e-07
  1.55052e-03  4.89394e+03  3.94644e-10 -3.17403e-07
  1.93070e-03  4.91852e+03  4.47714e-10 -3.95230e-07
  2.40410e-03  4.94313e+03  5.06816e-10 -4.92140e-07
  2.99358e-03  4.96787e+03  5.72517e-10 -6.12811e-07
  3.72759e-03  4.99281e+03  6.45446e-10 -7.63071e-07
  4.64159e-03  5.01812e+03  7.26283e-10 -9.50173e-07
  5.77969e-03  5.04388e+03  8.15786e-10 -1.18315e-06
  7.19686e-03  5.07037e+03  9.14765e-10 -1.47326e-06
  8.96151e-03  5.09775e+03  1.02413e-09 -1.83450e-06
  1.11588e-02  5.12629e+03  1.14484e-09 -2.28431e-06
  1.38950e-02  5.15627e+03  1.27788e-09 -2.84441e-06
  1.73020e-02  5.18799e+03  1.42426e-09 -3.54186e-06
  2.15443e-02  5.22187e+03  1.58485e-09 -4.41032e-06
  2.68270e-02  5.25825e+03  1.76049e-09 -5.49171e-06
  3.34048e-02  5.29773e+03  1.95167e-09 -6.83825e-06
  4.15956e-02  5.34083e+03  2.15864e-09 -8.51498e-06
  5.17947e-02  5.38828e+03  2.38109e-09 -1.06028e-05
  6.44947e-02  5.44086e+03  2.61812e-09 -1.32027e-05
  8.03086e-02  5.49956e+03  2.86790e-09 -1.64398e-05
  1.00000e-01  5.56526e+03  3.12775e-09 -2.04708e-05
  1.24520e-01  5.63934e+03  3.39353e-09 -2.54902e-05
  1.55052e-01  5.72281e+03  3.66026e-09 -3.17403e-05
  1.93070e-01  5.81732e+03  3.92134e-09 -3.95230e-05
  2.40410e-01  5.92470e+03  4.16900e-09 -4.92140e-05
  2.99358e-01  6.04706e+03  4.39473e-09 -6.12811e-05
  3.72759e-01  6.18967e+03  4.58644e-09 -7.63071e-05
  4.64159e-01  6.35033e+03  4.73887e-09 -9.50173e-05
  5.77969e-01  6.52089e+03  4.85786e-09 -1.18315e-04
  7.19686e-01  6.78296e+03  4.86374e-09 -1.47321e-04
  8.96151e-01  7.05238e+03  4.82072e-09 -1.83328e-04
  1.11588e+00  7.40063e+03  4.67412e-09 -2.19821e-04
  1.38950e+00  7.81720e+03  4.42967e-09 +4.04894e-04
  1.73020e+00  8.18348e+03  4.18635e-09 +7.98877e-03
  2.15443e+00  8.37754e+03  4.06489e-09 +1.45300e-02
  2.68270e+00  8.54773e+03  3.95630e-09 +2.71659e-02
  3.34048e+00  8.70586e+03  3.85277e-09 +4.02060e-02
  4.15956e+00  8.85043e+03  3.75735e-09 +4.91403e-02
  5.17947e+00  8.98445e+03  3.66902e-09 +5.56201e-02
  6.44947e+00  9.11150e+03  3.58581e-09 +6.03721e-02
  8.03086e+00  9.23436e+03  3.50614e-09 +6.39287e-02
  1.00000e+01  9.35520e+03  3.42879e-09 +6.66448e-02
  1.24520e+01  9.47577e+03  3.35286e-09 +6.87547e-02
  1.55052e+01  9.59758e+03  3.27766e-09 +7.04156e-02
  1.93070e+01  9.72204e+03  3.20265e-09 +7.17353e-02
  2.40410e+01  9.85059e+03  3.12739e-09 +7.27884e-02
  2.99358e+01  9.98480e+03  3.05149e-09 +7.36278e-02
  3.72759e+01  1.01266e+04  2.97459e-09 +7.42898e-02
  4.64159e+01  1.02784e+04  2.89632e-09 +7.47976e-02
  5.77969e+01  1.04435e+04  2.81619e-09 +7.51620e-02
  7.19686e+01  1.06271e+04  2.73356e-09 +7.53782e-02
  8.96151e+01  1.08370e+04  2.64734e-09 +7.54144e-02
  1.11588e+02  1.10876e+04  2.55561e-09 +7.51786e-02
  1.38950e+02  1.14084e+04  2.45430e-09 +7.43952e-02
  1.73020e+02  1.18772e+04  2.33271e-09 +7.19546e-02
  2.15443e+02  1.28406e+04  2.14598e-09 +5.83024e-02
  2.68270e+02  1.60437e+04  1.76692e-09 +5.21593e-03
  3.34048e+02  2.10066e+04  1.54685e-09 -6.14120e-04
  4.15956e+02  2.16435e+04  1.79883e-09 -6.14074e-04
  5.17947e+02  2.23202e+04  2.07490e-09 -6.13796e-04
  6.44947e+02  2.35375e+04  2.34695e-09 -6.13585e-04
  8.03086e+02  2.40413e+04  2.73537e-09 -6.07973e-04
  1.00000e+03  2.40623e+04  3.20406e-09 -4.95645e-04
