#n1=128 n2=4 Teff=06100 R=1.2194e+11 L=1.4666e+34 logg=+4.00
#      tau          T          rho         Fconv
  0.00000e+00  3.49195e+03  2.57249e-21 +0.00000e+00
  1.00000e-09  3.49195e+03  1.14619e-13 +0.00000e+00
  1.24520e-09  3.49478e+03  1.47477e-13 +0.00000e+00
  1.55052e-09  3.49766e+03  1.88916e-13 +0.00000e+00
  1.93070e-09  3.50061e+03  2.41016e-13 +0.00000e+00
  2.40410e-09  3.50378e+03  3.06344e-13 +0.00000e+00
  2.99358e-09  3.50747e+03  3.88042e-13 +0.00000e+00
  3.72759e-09  3.51213e+03  4.89927e-13 +0.00000e+00
  4.64159e-09  3.51827e+03  6.16618e-13 +0.00000e+00
  5.77969e-09  3.52640e+03  7.73687e-13 +0.00000e+00
  7.19686e-09  3.53685e+03  9.67863e-13 +0.00000e+00
  8.96151e-09  3.54970e+03  1.20729e-12 +0.00000e+00
  1.11588e-08  3.56481e+03  1.50184e-12 +0.00000e+00
  1.38950e-08  3.58189e+03  1.86345e-12 +0.00000e+00
  1.73020e-08  3.60056e+03  2.30650e-12 +0.00000e+00
  2.15443e-08  3.62043e+03  2.84822e-12 +0.00000e+00
  2.68270e-08  3.64113e+03  3.50913e-12 +0.00000e+00
  3.34048e-08  3.66233e+03  4.31352e-12 +0.00000e+00
  4.15956e-08  3.68373e+03  5.28998e-12 +0.00000e+00
  5.17947e-08  3.70509e+03  6.47185e-12 +0.00000e+00
  6.44947e-08  3.72625e+03  7.89763e-12 +0.00000e+00
  8.03086e-08  3.74717e+03  9.61133e-12 +0.00000e+00
  1.00000e-07  3.76791e+03  1.16627e-11 +0.00000e+00
  1.24520e-07  3.78861e+03  1.41077e-11 +0.00000e+00
  1.55052e-07  3.80941e+03  1.70088e-11 +0.00000e+00
  1.93070e-07  3.83041e+03  2.04355e-11 +0.00000e+00
  2.40410e-07  3.85171e+03  2.44654e-11 +0.00000e+00
  2.99358e-07  3.87331e+03  2.91847e-11 +0.00000e+00
  3.72759e-07  3.89524e+03  3.46892e-11 +0.00000e+00
  4.64159e-07  3.91748e+03  4.10851e-11 +0.00000e+00
  5.77969e-07  3.94005e+03  4.84903e-11 +0.00000e+00
  7.19686e-07  3.96296e+03  5.70362e-11 +0.00000e+00
  8.96151e-07  3.98621e+03  6.68689e-11 +0.00000e+00
  1.11588e-06  4.00979e+03  7.81506e-11 +0.00000e+00
  1.38950e-06  4.03366e+03  9.10633e-11 +0.00000e+00
  1.73020e-06  4.05777e+03  1.05815e-10 +0.00000e+00
  2.15443e-06  4.08208e+03  1.22637e-10 +0.00000e+00
  2.68270e-06  4.10655e+03  1.41788e-10 +0.00000e+00
  3.34048e-06  4.13111e+03  1.63560e-10 +0.00000e+00
  4.15956e-06  4.15574e+03  1.88278e-10 +0.00000e+00
  5.17947e-06  4.18039e+03  2.16311e-10 +0.00000e+00
  6.44947e-06  4.20504e+03  2.48071e-10 +0.00000e+00
  8.03086e-06  4.22966e+03  2.84021e-10 +0.00000e+00
  1.00000e-05  4.25422e+03  3.24681e-10 +0.00000e+00
  1.24520e-05  4.27871e+03  3.70637e-10 +0.00000e+00
  1.55052e-05  4.30312e+03  4.22545e-10 +0.00000e+00
  1.93070e-05  4.32743e+03  4.81144e-10 +0.00000e+00
  2.40410e-05  4.35163e+03  5.47263e-10 +0.00000e+00
  2.99358e-05  4.37571e+03  6.21834e-10 +0.00000e+00
  3.72759e-05  4.39967e+03  7.05903e-10 +0.00000e+00
  4.64159e-05  4.42351e+03  8.00644e-10 +0.00000e+00
  5.77969e-05  4.44724e+03  9.07376e-10 +0.00000e+00
  7.19686e-05  4.47089e+03  1.02758e-09 +0.00000e+00
  8.96151e-05  4.49447e+03  1.16291e-09 +0.00000e+00
  1.11588e-04  4.51803e+03  1.31524e-09 +0.00000e+00
  1.38950e-04  4.54159e+03  1.48665e-09 +0.00000e+00
  1.73020e-04  4.56519e+03  1.67949e-09 +0.00000e+00
  2.15443e-04  4.58885e+03  1.89641e-09 +0.00000e+00
  2.68270e-04  4.61261e+03  2.14036e-09 +0.00000e+00
  3.34048e-04  4.63646e+03  2.41467e-09 +0.00000e+00
  4.15956e-04  4.66041e+03  2.72310e-09 +0.00000e+00
  5.17947e-04  4.68444e+03  3.06984e-09 +0.00000e+00
  6.44947e-04  4.70852e+03  3.45961e-09 +0.00000e+00
  8.03086e-04  4.73263e+03  3.89772e-09 +0.00000e+00
  1.00000e-03  4.75674e+03  4.39008e-09 +0.00000e+00
  1.24520e-03  4.78084e+03  4.94334e-09 -2.54623e-07
  1.55052e-03  4.80492e+03  5.56489e-09 -3.17055e-07
  1.93070e-03  4.82900e+03  6.26302e-09 -3.94796e-07
  2.40410e-03  4.85311e+03  7.04692e-09 -4.91598e-07
  2.99358e-03  4.87735e+03  7.92683e-09 -6.12137e-07
  3.72759e-03  4.90179e+03  8.91414e-09 -7.62232e-07
  4.64159e-03  4.92659e+03  1.00214e-08 -9.49128e-07
  5.77969e-03  4.95183e+03  1.12627e-08 -1.18185e-06
  7.19686e-03  4.97778e+03  1.26533e-08 -1.47164e-06
  8.96151e-03  5.00461e+03  1.42102e-08 -1.83248e-06
  1.11588e-02  5.03256e+03  1.59521e-08 -2.28179e-06
  1.38950e-02  5.06193e+03  1.78992e-08 -2.84129e-06
  1.73020e-02  5.09299e+03  2.00739e-08 -3.53797e-06
  2.15443e-02  5.12616e+03  2.25000e-08 -4.40547e-06
  2.68270e-02  5.16177e+03  2.52035e-08 -5.48567e-06
  3.34048e-02  5.20040e+03  2.82107e-08 -6.83074e-06
  4.15956e-02  5.24255e+03  3.15489e-08 -8.50561e-06
  5.17947e-02  5.28894e+03  3.52437e-08 -1.05912e-05
  6.44947e-02  5.34029e+03  3.93178e-08 -1.31881e-05
  8.03086e-02  5.39758e+03  4.37858e-08 -1.64218e-05
  1.00000e-01  5.46161e+03  4.86541e-08 -2.04483e-05
  1.24520e-01  5.53368e+03  5.39062e-08 -2.54623e-05
  1.55052e-01  5.61467e+03  5.95031e-08 -3.17055e-05
  1.93070e-01  5.70607e+03  6.53644e-08 -3.94796e-05
  2.40410e-01  5.80950e+03  7.13637e-08 -4.91598e-05
  2.99358e-01  5.92683e+03  7.73243e-08 -6.12137e-05
  3.72759e-01  6.06309e+03  8.29695e-08 -7.62232e-05
  4.64159e-01  6.21601e+03  8.81075e-08 -9.49128e-05
  5.77969e-01  6.37928e+03  9.27241e-08 -1.18184e-04
  7.19686e-01  6.63493e+03  9.51452e-08 -1.46101e-04
  8.96151e-01  6.89390e+03  9.65722e-08 -1.64867e-04
  1.11588e+00  7.21479e+03  9.62136e-08 +1.58823e-04
  1.38950e+00  7.55440e+03  9.47819e-08 +2.38223e-03
  1.73020e+00  7.77520e+03  9.45734e-08 +4.70140e-03
  2.15443e+00  7.98150e+03  9.44007e-08 +1.16387e-02
  2.68270e+00  8.18129e+03  9.41928e-08 +2.21054e-02
  3.34048e+00  8.37228e+03  9.40063e-08 +3.38283e-02
  4.15956e+00  8.55063e+03  9.39214e-08 +4.30999e-02
  5.17947e+00  8.71772e+03  9.39529e-08 +5.03801e-02
  6.44947e+00  8.87509e+03  9.41082e-08 +5.62623e-02
  8.03086e+00  9.02350e+03  9.44043e-08 +6.09832e-02
  1.00000e+01  9.16438e+03  9.48480e-08 +6.46618e-02
  1.24520e+01  9.29928e+03  9.54428e-08 +6.75485e-02
  1.55052e+01  9.42944e+03  9.61945e-08 +6.98264e-02
  1.93070e+01  9.55594e+03  9.71099e-08 +7.16298e-02
  2.40410e+01  9.67973e+03  9.81970e-08 +7.30677e-02
  2.99358e+01  9.80156e+03  9.94660e-08 +7.42244e-02
  3.72759e+01  9.92202e+03  1.00930e-07 +7.51608e-02
  4.64159e+01  1.00416e+04  1.02603e-07 +7.59230e-02
  5.77969e+01  1.01607e+04  1.04503e-07 +7.65504e-02
  7.19686e+01  1.02794e+04  1.06652e-07 +7.70629e-02
  8.96151e+01  1.03985e+04  1.09068e-07 +7.74803e-02
  1.11588e+02  1.05182e+04  1.11767e-07 +7.78207e-02
  1.38950e+02  1.06394e+04  1.14765e-07 +7.80995e-02
  1.73020e+02  1.07623e+04  1.18077e-07 +7.83304e-02
  2.15443e+02  1.08875e+04  1.21723e-07 +7.85228e-02
  2.68270e+02  1.10151e+04  1.25722e-07 +7.86843e-02
  3.34048e+02  1.11453e+04  1.30099e-07 +7.88209e-02
  4.15956e+02  1.12782e+04  1.34879e-07 +7.89372e-02
  5.17947e+02  1.14137e+04  1.40101e-07 +7.90354e-02
  6.44947e+02  1.15520e+04  1.45800e-07 +7.91189e-02
  8.03086e+02  1.16929e+04  1.52019e-07 +7.91901e-02
  1.00000e+03  1.18364e+04  1.58818e-07 +7.92511e-02
