#n1=128 n2=4 Teff=06200 R=2.4157e+11 L=6.1420e+34 logg=+3.50
#   tau          T          rho         Fconv
 0.00000e+00 4.66510e+03 1.66975e-21 +0.00000e+00
 1.00000e-09 4.66510e+03 6.99107e-16 +0.00000e+00
 1.24520e-09 4.66642e+03 1.06358e-15 +0.00000e+00
 1.55052e-09 4.66764e+03 1.59875e-15 +0.00000e+00
 1.93070e-09 4.66876e+03 2.37386e-15 +0.00000e+00
 2.40410e-09 4.66978e+03 3.48306e-15 +0.00000e+00
 2.99358e-09 4.67071e+03 5.05694e-15 +0.00000e+00
 3.72759e-09 4.67156e+03 7.28072e-15 +0.00000e+00
 4.64159e-09 4.67235e+03 1.04220e-14 +0.00000e+00
 5.77969e-09 4.67309e+03 1.48692e-14 +0.00000e+00
 7.19686e-09 4.67378e+03 2.11788e-14 +0.00000e+00
 8.96151e-09 4.67444e+03 3.01292e-14 +0.00000e+00
 1.11588e-08 4.67506e+03 4.27800e-14 +0.00000e+00
 1.38950e-08 4.67563e+03 6.05461e-14 +0.00000e+00
 1.73020e-08 4.67615e+03 8.53024e-14 +0.00000e+00
 2.15443e-08 4.67664e+03 1.19546e-13 +0.00000e+00
 2.68270e-08 4.67710e+03 1.66634e-13 +0.00000e+00
 3.34048e-08 4.67758e+03 2.31087e-13 +0.00000e+00
 4.15956e-08 4.67812e+03 3.18972e-13 +0.00000e+00
 5.17947e-08 4.67876e+03 4.38366e-13 +0.00000e+00
 6.44947e-08 4.67956e+03 5.99915e-13 +0.00000e+00
 8.03086e-08 4.68060e+03 8.17476e-13 +0.00000e+00
 1.00000e-07 4.68195e+03 1.10886e-12 +0.00000e+00
 1.24520e-07 4.68368e+03 1.49665e-12 +0.00000e+00
 1.55052e-07 4.68589e+03 2.00920e-12 +0.00000e+00
 1.93070e-07 4.68865e+03 2.68171e-12 +0.00000e+00
 2.40410e-07 4.69201e+03 3.55752e-12 +0.00000e+00
 2.99358e-07 4.69602e+03 4.68954e-12 +0.00000e+00
 3.72759e-07 4.70069e+03 6.14169e-12 +0.00000e+00
 4.64159e-07 4.70603e+03 7.99044e-12 +0.00000e+00
 5.77969e-07 4.71201e+03 1.03263e-11 +0.00000e+00
 7.19686e-07 4.71858e+03 1.32556e-11 +0.00000e+00
 8.96151e-07 4.72566e+03 1.69019e-11 +0.00000e+00
 1.11588e-06 4.73319e+03 2.14082e-11 +0.00000e+00
 1.38950e-06 4.74106e+03 2.69387e-11 +0.00000e+00
 1.73020e-06 4.74920e+03 3.36810e-11 +0.00000e+00
 2.15443e-06 4.75754e+03 4.18481e-11 +0.00000e+00
 2.68270e-06 4.76604e+03 5.16816e-11 +0.00000e+00
 3.34048e-06 4.77464e+03 6.34540e-11 +0.00000e+00
 4.15956e-06 4.78336e+03 7.74730e-11 +0.00000e+00
 5.17947e-06 4.79217e+03 9.40849e-11 +0.00000e+00
 6.44947e-06 4.80107e+03 1.13680e-10 +0.00000e+00
 8.03086e-06 4.81004e+03 1.36699e-10 +0.00000e+00
 1.00000e-05 4.81906e+03 1.63639e-10 +0.00000e+00
 1.24520e-05 4.82808e+03 1.95065e-10 +0.00000e+00
 1.55052e-05 4.83707e+03 2.31615e-10 +0.00000e+00
 1.93070e-05 4.84597e+03 2.74018e-10 +0.00000e+00
 2.40410e-05 4.85473e+03 3.23104e-10 +0.00000e+00
 2.99358e-05 4.86332e+03 3.79819e-10 +0.00000e+00
 3.72759e-05 4.87168e+03 4.45245e-10 +0.00000e+00
 4.64159e-05 4.87980e+03 5.20621e-10 +0.00000e+00
 5.77969e-05 4.88763e+03 6.07360e-10 +0.00000e+00
 7.19686e-05 4.89516e+03 7.07080e-10 +0.00000e+00
 8.96151e-05 4.90238e+03 8.21624e-10 +0.00000e+00
 1.11588e-04 4.90927e+03 9.53095e-10 +0.00000e+00
 1.38950e-04 4.91584e+03 1.10388e-09 +0.00000e+00
 1.73020e-04 4.92209e+03 1.27670e-09 +0.00000e+00
 2.15443e-04 4.92803e+03 1.47462e-09 +0.00000e+00
 2.68270e-04 4.93368e+03 1.70112e-09 +0.00000e+00
 3.34048e-04 4.93906e+03 1.96010e-09 +0.00000e+00
 4.15956e-04 4.94420e+03 2.25597e-09 +0.00000e+00
 5.17947e-04 4.94913e+03 2.59367e-09 +0.00000e+00
 6.44947e-04 4.95388e+03 2.97876e-09 +0.00000e+00
 8.03086e-04 4.95848e+03 3.41745e-09 +0.00000e+00
 1.00000e-03 4.96298e+03 3.91671e-09 +0.00000e+00
 1.24520e-03 4.96745e+03 4.48436e-09 -2.54647e-07
 1.55052e-03 4.97194e+03 5.12910e-09 -3.17086e-07
 1.93070e-03 4.97656e+03 5.86064e-09 -3.94834e-07
 2.40410e-03 4.98142e+03 6.68976e-09 -4.91647e-07
 2.99358e-03 4.98664e+03 7.62834e-09 -6.12198e-07
 3.72759e-03 4.99237e+03 8.68944e-09 -7.62307e-07
 4.64159e-03 4.99877e+03 9.88731e-09 -9.49222e-07
 5.77969e-03 5.00601e+03 1.12375e-08 -1.18197e-06
 7.19686e-03 5.01427e+03 1.27567e-08 -1.47178e-06
 8.96151e-03 5.02375e+03 1.44630e-08 -1.83267e-06
 1.11588e-02 5.03469e+03 1.63755e-08 -2.28202e-06
 1.38950e-02 5.04735e+03 1.85140e-08 -2.84157e-06
 1.73020e-02 5.06204e+03 2.08980e-08 -3.53832e-06
 2.15443e-02 5.07911e+03 2.35465e-08 -4.40590e-06
 2.68270e-02 5.09898e+03 2.64761e-08 -5.48621e-06
 3.34048e-02 5.12210e+03 2.96991e-08 -6.83141e-06
 4.15956e-02 5.14901e+03 3.32218e-08 -8.50646e-06
 5.17947e-02 5.18033e+03 3.70424e-08 -1.05922e-05
 6.44947e-02 5.21674e+03 4.11472e-08 -1.31894e-05
 8.03086e-02 5.25908e+03 4.55079e-08 -1.64234e-05
 1.00000e-01 5.30829e+03 5.00779e-08 -2.04503e-05
 1.24520e-01 5.36550e+03 5.47909e-08 -2.54647e-05
 1.55052e-01 5.43203e+03 5.95586e-08 -3.17086e-05
 1.93070e-01 5.50936e+03 6.42697e-08 -3.94834e-05
 2.40410e-01 5.59915e+03 6.87932e-08 -4.91647e-05
 2.99358e-01 5.70323e+03 7.29842e-08 -6.12198e-05
 3.72759e-01 5.82359e+03 7.66937e-08 -7.62307e-05
 4.64159e-01 5.96255e+03 7.97790e-08 -9.49218e-05
 5.77969e-01 6.12281e+03 8.21185e-08 -1.18058e-04
 7.19686e-01 6.30765e+03 8.36207e-08 -1.43539e-04
 8.96151e-01 6.52095e+03 8.42282e-08 -1.30816e-04
 1.11588e+00 6.76278e+03 8.39865e-08 +3.06419e-04
 1.38950e+00 7.03231e+03 8.29796e-08 +3.07996e-03
 1.73020e+00 7.27334e+03 8.20562e-08 +9.31564e-03
 2.15443e+00 7.49874e+03 8.11599e-08 +1.93863e-02
 2.68270e+00 7.70641e+03 8.03699e-08 +3.19155e-02
 3.34048e+00 7.89866e+03 7.96949e-08 +4.38795e-02
 4.15956e+00 8.07369e+03 7.91810e-08 +5.16127e-02
 5.17947e+00 8.23517e+03 7.88102e-08 +5.73861e-02
 6.44947e+00 8.38674e+03 7.85587e-08 +6.17799e-02
 8.03086e+00 8.53112e+03 7.84094e-08 +6.51352e-02
 1.00000e+01 8.67075e+03 7.83445e-08 +6.77414e-02
 1.24520e+01 8.80679e+03 7.83584e-08 +6.98666e-02
 1.55052e+01 8.93942e+03 7.84569e-08 +7.16363e-02
 1.93070e+01 9.06870e+03 7.86484e-08 +7.30799e-02
 2.40410e+01 9.19517e+03 7.89363e-08 +7.42503e-02
 2.99358e+01 9.31929e+03 7.93259e-08 +7.52034e-02
 3.72759e+01 9.44146e+03 7.98233e-08 +7.59808e-02
 4.64159e+01 9.56206e+03 8.04359e-08 +7.66135e-02
 5.77969e+01 9.68153e+03 8.11708e-08 +7.71298e-02
 7.19686e+01 9.80020e+03 8.20367e-08 +7.75528e-02
 8.96151e+01 9.91839e+03 8.30440e-08 +7.79005e-02
 1.11588e+02 1.00363e+04 8.42043e-08 +7.81868e-02
 1.38950e+02 1.01542e+04 8.55324e-08 +7.84248e-02
 1.73020e+02 1.02721e+04 8.70449e-08 +7.86209e-02
 2.15443e+02 1.03904e+04 8.87560e-08 +7.87811e-02
 2.68270e+02 1.05096e+04 9.06779e-08 +7.89120e-02
 3.34048e+02 1.06303e+04 9.28212e-08 +7.90192e-02
 4.15956e+02 1.07531e+04 9.51967e-08 +7.91080e-02
 5.17947e+02 1.08782e+04 9.78156e-08 +7.91822e-02
 6.44947e+02 1.10060e+04 1.00694e-07 +7.92444e-02
 8.03086e+02 1.11367e+04 1.03848e-07 +7.92969e-02
 1.00000e+03 1.12703e+04 1.07297e-07 +7.93416e-02
