#n1=128 n2=4 Teff=06000 R=7.9638e+11 L=5.8521e+35 logg=+2.50
#   tau          T          rho         Fconv
 0.00000e+00 4.39837e+03 1.79577e-21 +0.00000e+00
 1.00000e-09 4.39837e+03 6.31052e-17 +0.00000e+00
 1.24520e-09 4.40001e+03 9.61205e-17 +0.00000e+00
 1.55052e-09 4.40159e+03 1.44712e-16 +0.00000e+00
 1.93070e-09 4.40310e+03 2.15182e-16 +0.00000e+00
 2.40410e-09 4.40453e+03 3.16030e-16 +0.00000e+00
 2.99358e-09 4.40591e+03 4.58804e-16 +0.00000e+00
 3.72759e-09 4.40722e+03 6.59464e-16 +0.00000e+00
 4.64159e-09 4.40848e+03 9.40496e-16 +0.00000e+00
 5.77969e-09 4.40970e+03 1.33396e-15 +0.00000e+00
 7.19686e-09 4.41090e+03 1.88553e-15 +0.00000e+00
 8.96151e-09 4.41207e+03 2.65937e-15 +0.00000e+00
 1.11588e-08 4.41322e+03 3.74365e-15 +0.00000e+00
 1.38950e-08 4.41435e+03 5.25738e-15 +0.00000e+00
 1.73020e-08 4.41546e+03 7.35993e-15 +0.00000e+00
 2.15443e-08 4.41653e+03 1.02654e-14 +0.00000e+00
 2.68270e-08 4.41756e+03 1.42644e-14 +0.00000e+00
 3.34048e-08 4.41857e+03 1.97516e-14 +0.00000e+00
 4.15956e-08 4.41957e+03 2.72623e-14 +0.00000e+00
 5.17947e-08 4.42057e+03 3.75204e-14 +0.00000e+00
 6.44947e-08 4.42159e+03 5.15002e-14 +0.00000e+00
 8.03086e-08 4.42268e+03 7.05023e-14 +0.00000e+00
 1.00000e-07 4.42387e+03 9.62479e-14 +0.00000e+00
 1.24520e-07 4.42523e+03 1.30997e-13 +0.00000e+00
 1.55052e-07 4.42680e+03 1.77694e-13 +0.00000e+00
 1.93070e-07 4.42868e+03 2.40151e-13 +0.00000e+00
 2.40410e-07 4.43094e+03 3.23293e-13 +0.00000e+00
 2.99358e-07 4.43366e+03 4.33450e-13 +0.00000e+00
 3.72759e-07 4.43692e+03 5.78726e-13 +0.00000e+00
 4.64159e-07 4.44076e+03 7.69414e-13 +0.00000e+00
 5.77969e-07 4.44523e+03 1.01852e-12 +0.00000e+00
 7.19686e-07 4.45036e+03 1.34239e-12 +0.00000e+00
 8.96151e-07 4.45614e+03 1.76145e-12 +0.00000e+00
 1.11588e-06 4.46256e+03 2.30108e-12 +0.00000e+00
 1.38950e-06 4.46959e+03 2.99260e-12 +0.00000e+00
 1.73020e-06 4.47719e+03 3.87448e-12 +0.00000e+00
 2.15443e-06 4.48537e+03 4.99358e-12 +0.00000e+00
 2.68270e-06 4.49414e+03 6.40666e-12 +0.00000e+00
 3.34048e-06 4.50355e+03 8.18195e-12 +0.00000e+00
 4.15956e-06 4.51367e+03 1.04008e-11 +0.00000e+00
 5.17947e-06 4.52458e+03 1.31595e-11 +0.00000e+00
 6.44947e-06 4.53630e+03 1.65712e-11 +0.00000e+00
 8.03086e-06 4.54886e+03 2.07679e-11 +0.00000e+00
 1.00000e-05 4.56220e+03 2.59025e-11 +0.00000e+00
 1.24520e-05 4.57625e+03 3.21508e-11 +0.00000e+00
 1.55052e-05 4.59089e+03 3.97131e-11 +0.00000e+00
 1.93070e-05 4.60596e+03 4.88163e-11 +0.00000e+00
 2.40410e-05 4.62128e+03 5.97160e-11 +0.00000e+00
 2.99358e-05 4.63665e+03 7.26987e-11 +0.00000e+00
 3.72759e-05 4.65183e+03 8.80855e-11 +0.00000e+00
 4.64159e-05 4.66663e+03 1.06236e-10 +0.00000e+00
 5.77969e-05 4.68083e+03 1.27557e-10 +0.00000e+00
 7.19686e-05 4.69429e+03 1.52506e-10 +0.00000e+00
 8.96151e-05 4.70686e+03 1.81607e-10 +0.00000e+00
 1.11588e-04 4.71849e+03 2.15459e-10 +0.00000e+00
 1.38950e-04 4.72914e+03 2.54748e-10 +0.00000e+00
 1.73020e-04 4.73883e+03 3.00260e-10 +0.00000e+00
 2.15443e-04 4.74761e+03 3.52895e-10 +0.00000e+00
 2.68270e-04 4.75557e+03 4.13681e-10 +0.00000e+00
 3.34048e-04 4.76279e+03 4.83781e-10 +0.00000e+00
 4.15956e-04 4.76938e+03 5.64513e-10 +0.00000e+00
 5.17947e-04 4.77545e+03 6.57360e-10 +0.00000e+00
 6.44947e-04 4.78110e+03 7.63983e-10 +0.00000e+00
 8.03086e-04 4.78646e+03 8.86245e-10 +0.00000e+00
 1.00000e-03 4.79161e+03 1.02622e-09 +0.00000e+00
 1.24520e-03 4.79666e+03 1.18622e-09 -2.54760e-07
 1.55052e-03 4.80173e+03 1.36880e-09 -3.17225e-07
 1.93070e-03 4.80695e+03 1.57679e-09 -3.95008e-07
 2.40410e-03 4.81243e+03 1.81329e-09 -4.91863e-07
 2.99358e-03 4.81831e+03 2.08168e-09 -6.12467e-07
 3.72759e-03 4.82473e+03 2.38567e-09 -7.62642e-07
 4.64159e-03 4.83183e+03 2.72924e-09 -9.49639e-07
 5.77969e-03 4.83975e+03 3.11675e-09 -1.18249e-06
 7.19686e-03 4.84865e+03 3.55286e-09 -1.47244e-06
 8.96151e-03 4.85870e+03 4.04255e-09 -1.83347e-06
 1.11588e-02 4.87012e+03 4.59100e-09 -2.28303e-06
 1.38950e-02 4.88315e+03 5.20350e-09 -2.84282e-06
 1.73020e-02 4.89808e+03 5.88524e-09 -3.53987e-06
 2.15443e-02 4.91526e+03 6.64103e-09 -4.40783e-06
 2.68270e-02 4.93510e+03 7.47493e-09 -5.48862e-06
 3.34048e-02 4.95805e+03 8.38971e-09 -6.83442e-06
 4.15956e-02 4.98467e+03 9.38634e-09 -8.51020e-06
 5.17947e-02 5.01555e+03 1.04633e-08 -1.05969e-05
 6.44947e-02 5.05140e+03 1.16158e-08 -1.31952e-05
 8.03086e-02 5.09300e+03 1.28351e-08 -1.64307e-05
 1.00000e-01 5.14125e+03 1.41079e-08 -2.04594e-05
 1.24520e-01 5.19718e+03 1.54155e-08 -2.54760e-05
 1.55052e-01 5.26198e+03 1.67339e-08 -3.17225e-05
 1.93070e-01 5.33703e+03 1.80337e-08 -3.95008e-05
 2.40410e-01 5.42392e+03 1.92802e-08 -4.91863e-05
 2.99358e-01 5.52445e+03 2.04349e-08 -6.12467e-05
 3.72759e-01 5.64065e+03 2.14569e-08 -7.62642e-05
 4.64159e-01 5.77479e+03 2.23059e-08 -9.49639e-05
 5.77969e-01 5.92956e+03 2.29459e-08 -1.18247e-04
 7.19686e-01 6.10826e+03 2.33481e-08 -1.47188e-04
 8.96151e-01 6.31507e+03 2.34930e-08 -1.82398e-04
 1.11588e+00 6.55511e+03 2.33707e-08 -2.13885e-04
 1.38950e+00 6.83339e+03 2.29844e-08 -7.13222e-05
 1.73020e+00 7.14783e+03 2.23679e-08 +1.99397e-03
 2.15443e+00 7.40638e+03 2.18787e-08 +8.84232e-03
 2.68270e+00 7.64208e+03 2.14265e-08 +2.23357e-02
 3.34048e+00 7.85191e+03 2.10306e-08 +3.40327e-02
 4.15956e+00 8.04273e+03 2.06754e-08 +4.67231e-02
 5.17947e+00 8.20518e+03 2.03978e-08 +5.52481e-02
 6.44947e+00 8.34901e+03 2.01739e-08 +6.10263e-02
 8.03086e+00 8.48072e+03 1.99880e-08 +6.50855e-02
 1.00000e+01 8.60450e+03 1.98299e-08 +6.80384e-02
 1.24520e+01 8.72320e+03 1.96929e-08 +7.02489e-02
 1.55052e+01 8.83880e+03 1.95725e-08 +7.19503e-02
 1.93070e+01 8.95263e+03 1.94655e-08 +7.32923e-02
 2.40410e+01 9.06561e+03 1.93702e-08 +7.43681e-02
 2.99358e+01 9.17841e+03 1.92852e-08 +7.52406e-02
 3.72759e+01 9.29155e+03 1.92098e-08 +7.59561e-02
 4.64159e+01 9.40535e+03 1.91437e-08 +7.65490e-02
 5.77969e+01 9.52002e+03 1.90873e-08 +7.70427e-02
 7.19686e+01 9.63578e+03 1.90411e-08 +7.74535e-02
 8.96151e+01 9.75280e+03 1.90056e-08 +7.77973e-02
 1.11588e+02 9.87118e+03 1.89824e-08 +7.80861e-02
 1.38950e+02 9.99098e+03 1.89731e-08 +7.83295e-02
 1.73020e+02 1.01121e+04 1.89808e-08 +7.85370e-02
 2.15443e+02 1.02342e+04 1.90099e-08 +7.87130e-02
 2.68270e+02 1.03575e+04 1.90642e-08 +7.88590e-02
 3.34048e+02 1.04823e+04 1.91458e-08 +7.89786e-02
 4.15956e+02 1.06095e+04 1.92555e-08 +7.90755e-02
 5.17947e+02 1.07398e+04 1.93936e-08 +7.91563e-02
 6.44947e+02 1.08737e+04 1.95639e-08 +7.92241e-02
 8.03086e+02 1.10117e+04 1.97691e-08 +7.92806e-02
 1.00000e+03 1.11546e+04 2.00113e-08 +7.93273e-02
