#n1=128 n2=4 Teff=06200 R=1.2343e+11 L=1.6070e+34 logg=+4.00
#   tau          T          rho         Fconv
 0.00000e+00 4.51667e+03 1.72351e-21 +0.00000e+00
 1.00000e-09 4.51667e+03 4.55464e-15 +0.00000e+00
 1.24520e-09 4.51129e+03 6.91177e-15 +0.00000e+00
 1.55052e-09 4.50611e+03 1.03750e-14 +0.00000e+00
 1.93070e-09 4.50121e+03 1.54335e-14 +0.00000e+00
 2.40410e-09 4.49682e+03 2.27816e-14 +0.00000e+00
 2.99358e-09 4.49307e+03 3.34319e-14 +0.00000e+00
 3.72759e-09 4.48996e+03 4.88629e-14 +0.00000e+00
 4.64159e-09 4.48740e+03 7.11866e-14 +0.00000e+00
 5.77969e-09 4.48530e+03 1.03299e-13 +0.00000e+00
 7.19686e-09 4.48360e+03 1.49015e-13 +0.00000e+00
 8.96151e-09 4.48231e+03 2.13242e-13 +0.00000e+00
 1.11588e-08 4.48145e+03 3.02235e-13 +0.00000e+00
 1.38950e-08 4.48107e+03 4.23946e-13 +0.00000e+00
 1.73020e-08 4.48118e+03 5.88708e-13 +0.00000e+00
 2.15443e-08 4.48179e+03 8.10015e-13 +0.00000e+00
 2.68270e-08 4.48290e+03 1.10526e-12 +0.00000e+00
 3.34048e-08 4.48449e+03 1.49665e-12 +0.00000e+00
 4.15956e-08 4.48657e+03 2.01210e-12 +0.00000e+00
 5.17947e-08 4.48915e+03 2.68638e-12 +0.00000e+00
 6.44947e-08 4.49224e+03 3.56212e-12 +0.00000e+00
 8.03086e-08 4.49585e+03 4.69112e-12 +0.00000e+00
 1.00000e-07 4.49998e+03 6.13578e-12 +0.00000e+00
 1.24520e-07 4.50464e+03 7.97069e-12 +0.00000e+00
 1.55052e-07 4.50982e+03 1.02844e-11 +0.00000e+00
 1.93070e-07 4.51549e+03 1.31812e-11 +0.00000e+00
 2.40410e-07 4.52165e+03 1.67837e-11 +0.00000e+00
 2.99358e-07 4.52825e+03 2.12354e-11 +0.00000e+00
 3.72759e-07 4.53528e+03 2.67031e-11 +0.00000e+00
 4.64159e-07 4.54272e+03 3.33802e-11 +0.00000e+00
 5.77969e-07 4.55058e+03 4.14901e-11 +0.00000e+00
 7.19686e-07 4.55886e+03 5.12899e-11 +0.00000e+00
 8.96151e-07 4.56758e+03 6.30749e-11 +0.00000e+00
 1.11588e-06 4.57679e+03 7.71838e-11 +0.00000e+00
 1.38950e-06 4.58651e+03 9.40039e-11 +0.00000e+00
 1.73020e-06 4.59679e+03 1.13978e-10 +0.00000e+00
 2.15443e-06 4.60765e+03 1.37611e-10 +0.00000e+00
 2.68270e-06 4.61911e+03 1.65475e-10 +0.00000e+00
 3.34048e-06 4.63120e+03 1.98219e-10 +0.00000e+00
 4.15956e-06 4.64391e+03 2.36575e-10 +0.00000e+00
 5.17947e-06 4.65723e+03 2.81365e-10 +0.00000e+00
 6.44947e-06 4.67116e+03 3.33506e-10 +0.00000e+00
 8.03086e-06 4.68565e+03 3.94023e-10 +0.00000e+00
 1.00000e-05 4.70067e+03 4.64051e-10 +0.00000e+00
 1.24520e-05 4.71614e+03 5.44850e-10 +0.00000e+00
 1.55052e-05 4.73199e+03 6.37816e-10 +0.00000e+00
 1.93070e-05 4.74812e+03 7.44498e-10 +0.00000e+00
 2.40410e-05 4.76444e+03 8.66627e-10 +0.00000e+00
 2.99358e-05 4.78083e+03 1.00615e-09 +0.00000e+00
 3.72759e-05 4.79716e+03 1.16525e-09 +0.00000e+00
 4.64159e-05 4.81331e+03 1.34642e-09 +0.00000e+00
 5.77969e-05 4.82916e+03 1.55251e-09 +0.00000e+00
 7.19686e-05 4.84462e+03 1.78678e-09 +0.00000e+00
 8.96151e-05 4.85974e+03 2.05285e-09 +0.00000e+00
 1.11588e-04 4.87401e+03 2.35522e-09 +0.00000e+00
 1.38950e-04 4.88754e+03 2.69876e-09 +0.00000e+00
 1.73020e-04 4.90039e+03 3.08902e-09 +0.00000e+00
 2.15443e-04 4.91216e+03 3.53280e-09 +0.00000e+00
 2.68270e-04 4.92301e+03 4.03746e-09 +0.00000e+00
 3.34048e-04 4.93300e+03 4.61141e-09 +0.00000e+00
 4.15956e-04 4.94197e+03 5.26453e-09 +0.00000e+00
 5.17947e-04 4.95002e+03 6.00776e-09 +0.00000e+00
 6.44947e-04 4.95724e+03 6.85356e-09 +0.00000e+00
 8.03086e-04 4.96377e+03 7.81573e-09 +0.00000e+00
 1.00000e-03 4.96980e+03 8.90957e-09 +0.00000e+00
 1.24520e-03 4.97547e+03 1.01521e-08 -2.54090e-07
 1.55052e-03 4.98096e+03 1.15620e-08 -3.16392e-07
 1.93070e-03 4.98643e+03 1.31602e-08 -3.93971e-07
 2.40410e-03 4.99202e+03 1.49696e-08 -4.90572e-07
 2.99358e-03 4.99789e+03 1.70156e-08 -6.10860e-07
 3.72759e-03 5.00418e+03 1.93264e-08 -7.60641e-07
 4.64159e-03 5.01106e+03 2.19326e-08 -9.47147e-07
 5.77969e-03 5.01870e+03 2.48677e-08 -1.17938e-06
 7.19686e-03 5.02728e+03 2.81678e-08 -1.46856e-06
 8.96151e-03 5.03701e+03 3.18718e-08 -1.82866e-06
 1.11588e-02 5.04813e+03 3.60200e-08 -2.27703e-06
 1.38950e-02 5.06092e+03 4.06538e-08 -2.83535e-06
 1.73020e-02 5.07568e+03 4.58139e-08 -3.53058e-06
 2.15443e-02 5.09279e+03 5.15388e-08 -4.39627e-06
 2.68270e-02 5.11263e+03 5.78616e-08 -5.47422e-06
 3.34048e-02 5.13569e+03 6.48062e-08 -6.81648e-06
 4.15956e-02 5.16247e+03 7.23829e-08 -8.48787e-06
 5.17947e-02 5.19360e+03 8.05838e-08 -1.05691e-05
 6.44947e-02 5.22978e+03 8.93767e-08 -1.31606e-05
 8.03086e-02 5.27183e+03 9.86976e-08 -1.63875e-05
 1.00000e-01 5.32073e+03 1.08445e-07 -2.04056e-05
 1.24520e-01 5.37765e+03 1.18478e-07 -2.54090e-05
 1.55052e-01 5.44389e+03 1.28606e-07 -3.16392e-05
 1.93070e-01 5.52094e+03 1.38596e-07 -3.93971e-05
 2.40410e-01 5.61041e+03 1.48172e-07 -4.90572e-05
 2.99358e-01 5.71407e+03 1.57032e-07 -6.10860e-05
 3.72759e-01 5.83392e+03 1.64860e-07 -7.60641e-05
 4.64159e-01 5.97221e+03 1.71367e-07 -9.47050e-05
 5.77969e-01 6.13174e+03 1.76302e-07 -1.15260e-04
 7.19686e-01 6.31591e+03 1.79474e-07 -8.31498e-05
 8.96151e-01 6.52879e+03 1.80764e-07 +5.64986e-04
 1.11588e+00 6.77390e+03 1.80121e-07 +3.94399e-03
 1.38950e+00 6.98897e+03 1.79622e-07 +9.12526e-03
 1.73020e+00 7.19152e+03 1.79080e-07 +1.69345e-02
 2.15443e+00 7.38340e+03 1.78591e-07 +2.63560e-02
 2.68270e+00 7.56690e+03 1.78189e-07 +3.76104e-02
 3.34048e+00 7.74404e+03 1.77881e-07 +4.78959e-02
 4.15956e+00 7.91095e+03 1.77810e-07 +5.40003e-02
 5.17947e+00 8.06917e+03 1.77986e-07 +5.87519e-02
 6.44947e+00 8.22097e+03 1.78391e-07 +6.24955e-02
 8.03086e+00 8.36793e+03 1.79016e-07 +6.54921e-02
 1.00000e+01 8.51123e+03 1.79854e-07 +6.78953e-02
 1.24520e+01 8.65216e+03 1.80895e-07 +6.98279e-02
 1.55052e+01 8.79129e+03 1.82139e-07 +7.14463e-02
 1.93070e+01 8.92834e+03 1.83611e-07 +7.28276e-02
 2.40410e+01 9.06288e+03 1.85345e-07 +7.39869e-02
 2.99358e+01 9.19495e+03 1.87364e-07 +7.49446e-02
 3.72759e+01 9.32478e+03 1.89695e-07 +7.57325e-02
 4.64159e+01 9.45266e+03 1.92361e-07 +7.63776e-02
 5.77969e+01 9.57898e+03 1.95387e-07 +7.69054e-02
 7.19686e+01 9.70410e+03 1.98800e-07 +7.73385e-02
 8.96151e+01 9.82832e+03 2.02632e-07 +7.76942e-02
 1.11588e+02 9.95195e+03 2.06914e-07 +7.79867e-02
 1.38950e+02 1.00753e+04 2.11682e-07 +7.82275e-02
 1.73020e+02 1.01986e+04 2.16975e-07 +7.84266e-02
 2.15443e+02 1.03221e+04 2.22836e-07 +7.85908e-02
 2.68270e+02 1.04462e+04 2.29307e-07 +7.87262e-02
 3.34048e+02 1.05711e+04 2.36430e-07 +7.88382e-02
 4.15956e+02 1.06973e+04 2.44253e-07 +7.89312e-02
 5.17947e+02 1.08249e+04 2.52824e-07 +7.90086e-02
 6.44947e+02 1.09542e+04 2.62191e-07 +7.90734e-02
 8.03086e+02 1.10853e+04 2.72422e-07 +7.91278e-02
 1.00000e+03 1.12182e+04 2.83589e-07 +7.91741e-02
