#n1=128 n2=4 Teff=06900 R=1.5500e+13 L=3.8774e+38 logg=+0.50
#   tau          T          rho         Fconv
 0.00000e+00 4.56664e+03 1.71500e-21 +0.00000e+00
 1.00000e-09 4.56664e+03 1.51823e-20 +0.00000e+00
 1.24520e-09 4.56934e+03 1.89394e-20 +0.00000e+00
 1.55052e-09 4.57252e+03 2.38199e-20 +0.00000e+00
 1.93070e-09 4.57583e+03 3.01903e-20 +0.00000e+00
 2.40410e-09 4.57923e+03 3.85396e-20 +0.00000e+00
 2.99358e-09 4.58273e+03 4.95245e-20 +0.00000e+00
 3.72759e-09 4.58630e+03 6.40315e-20 +0.00000e+00
 4.64159e-09 4.58994e+03 8.32525e-20 +0.00000e+00
 5.77969e-09 4.59364e+03 1.08722e-19 +0.00000e+00
 7.19686e-09 4.59740e+03 1.42410e-19 +0.00000e+00
 8.96151e-09 4.60121e+03 1.86862e-19 +0.00000e+00
 1.11588e-08 4.60506e+03 2.45374e-19 +0.00000e+00
 1.38950e-08 4.60895e+03 3.22324e-19 +0.00000e+00
 1.73020e-08 4.61287e+03 4.23543e-19 +0.00000e+00
 2.15443e-08 4.61684e+03 5.57067e-19 +0.00000e+00
 2.68270e-08 4.62084e+03 7.33893e-19 +0.00000e+00
 3.34048e-08 4.61798e+03 9.81102e-19 +0.00000e+00
 4.15956e-08 4.62211e+03 1.30919e-18 +0.00000e+00
 5.17947e-08 4.62632e+03 1.75446e-18 +0.00000e+00
 6.44947e-08 4.63059e+03 2.36381e-18 +0.00000e+00
 8.03086e-08 4.63494e+03 3.20806e-18 +0.00000e+00
 1.00000e-07 4.63935e+03 4.38706e-18 +0.00000e+00
 1.24520e-07 4.64384e+03 6.03769e-18 +0.00000e+00
 1.55052e-07 4.64840e+03 8.35308e-18 +0.00000e+00
 1.93070e-07 4.65303e+03 1.16010e-17 +0.00000e+00
 2.40410e-07 4.65506e+03 1.60508e-17 +0.00000e+00
 2.99358e-07 4.65979e+03 2.22595e-17 +0.00000e+00
 3.72759e-07 4.66455e+03 3.09217e-17 +0.00000e+00
 4.64159e-07 4.66932e+03 4.29863e-17 +0.00000e+00
 5.77969e-07 4.67408e+03 5.97691e-17 +0.00000e+00
 7.19686e-07 4.67885e+03 8.30948e-17 +0.00000e+00
 8.96151e-07 4.68362e+03 1.15504e-16 +0.00000e+00
 1.11588e-06 4.68842e+03 1.60574e-16 +0.00000e+00
 1.38950e-06 4.69326e+03 2.23319e-16 +0.00000e+00
 1.73020e-06 4.69815e+03 3.10872e-16 +0.00000e+00
 2.15443e-06 4.70318e+03 4.33332e-16 +0.00000e+00
 2.68270e-06 4.70837e+03 6.05117e-16 +0.00000e+00
 3.34048e-06 4.71378e+03 8.46655e-16 +0.00000e+00
 4.15956e-06 4.71946e+03 1.18684e-15 +0.00000e+00
 5.17947e-06 4.72550e+03 1.66613e-15 +0.00000e+00
 6.44947e-06 4.73199e+03 2.34123e-15 +0.00000e+00
 8.03086e-06 4.73907e+03 3.29148e-15 +0.00000e+00
 1.00000e-05 4.74682e+03 4.62793e-15 +0.00000e+00
 1.24520e-05 4.75545e+03 6.50504e-15 +0.00000e+00
 1.55052e-05 4.76518e+03 9.13733e-15 +0.00000e+00
 1.93070e-05 4.77630e+03 1.28217e-14 +0.00000e+00
 2.40410e-05 4.78916e+03 1.79659e-14 +0.00000e+00
 2.99358e-05 4.80417e+03 2.51255e-14 +0.00000e+00
 3.72759e-05 4.82175e+03 3.50508e-14 +0.00000e+00
 4.64159e-05 4.84235e+03 4.87501e-14 +0.00000e+00
 5.77969e-05 4.86638e+03 6.75668e-14 +0.00000e+00
 7.19686e-05 4.89420e+03 9.32708e-14 +0.00000e+00
 8.96151e-05 4.92608e+03 1.28154e-13 +0.00000e+00
 1.11588e-04 4.96218e+03 1.75139e-13 +0.00000e+00
 1.38950e-04 5.00257e+03 2.37859e-13 +0.00000e+00
 1.73020e-04 5.04647e+03 3.20737e-13 +0.00000e+00
 2.15443e-04 5.09295e+03 4.28956e-13 +0.00000e+00
 2.68270e-04 5.14066e+03 5.68544e-13 +0.00000e+00
 3.34048e-04 5.18783e+03 7.46476e-13 +0.00000e+00
 4.15956e-04 5.23251e+03 9.70943e-13 +0.00000e+00
 5.17947e-04 5.27444e+03 1.25121e-12 +0.00000e+00
 6.44947e-04 5.31227e+03 1.59890e-12 +0.00000e+00
 8.03086e-04 5.34510e+03 2.02831e-12 +0.00000e+00
 1.00000e-03 5.37275e+03 2.55735e-12 +0.00000e+00
 1.24520e-03 5.39562e+03 3.20903e-12 -2.54751e-07
 1.55052e-03 5.41458e+03 4.01316e-12 -3.17216e-07
 1.93070e-03 5.43071e+03 5.00814e-12 -3.94996e-07
 2.40410e-03 5.44508e+03 6.24275e-12 -4.91848e-07
 2.99358e-03 5.45861e+03 7.77760e-12 -6.12447e-07
 3.72759e-03 5.47195e+03 9.68593e-12 -7.62618e-07
 4.64159e-03 5.48558e+03 1.20533e-11 -9.49607e-07
 5.77969e-03 5.49982e+03 1.49764e-11 -1.18245e-06
 7.19686e-03 5.51498e+03 1.85603e-11 -1.47238e-06
 8.96151e-03 5.53143e+03 2.29157e-11 -1.83341e-06
 1.11588e-02 5.54956e+03 2.81530e-11 -2.28296e-06
 1.38950e-02 5.56983e+03 3.43758e-11 -2.84273e-06
 1.73020e-02 5.59273e+03 4.16729e-11 -3.53976e-06
 2.15443e-02 5.61877e+03 5.01104e-11 -4.40769e-06
 2.68270e-02 5.64850e+03 5.97233e-11 -5.48845e-06
 3.34048e-02 5.68257e+03 7.05067e-11 -6.83420e-06
 4.15956e-02 5.72171e+03 8.24069e-11 -8.50993e-06
 5.17947e-02 5.76680e+03 9.53118e-11 -1.05965e-05
 6.44947e-02 5.81889e+03 1.09040e-10 -1.31947e-05
 8.03086e-02 5.87920e+03 1.23331e-10 -1.64301e-05
 1.00000e-01 5.94924e+03 1.37834e-10 -2.04587e-05
 1.24520e-01 6.03076e+03 1.52109e-10 -2.54751e-05
 1.55052e-01 6.12588e+03 1.65621e-10 -3.17216e-05
 1.93070e-01 6.23713e+03 1.77763e-10 -3.94996e-05
 2.40410e-01 6.36754e+03 1.87869e-10 -4.91854e-05
 2.99358e-01 6.52070e+03 1.95258e-10 -6.12448e-05
 3.72759e-01 6.70071e+03 1.99274e-10 -7.62617e-05
 4.64159e-01 6.91203e+03 1.99333e-10 -9.49607e-05
 5.77969e-01 7.15895e+03 1.94953e-10 -1.18245e-04
 7.19686e-01 7.44490e+03 1.85772e-10 -1.47234e-04
 8.96151e-01 7.77157e+03 1.71645e-10 -1.82974e-04
 1.11588e+00 8.13640e+03 1.53180e-10 -2.05650e-04
 1.38950e+00 8.52161e+03 1.33142e-10 -9.78572e-06
 1.73020e+00 8.79359e+03 1.20402e-10 +3.33665e-06
 2.15443e+00 9.04629e+03 1.10398e-10 -1.33940e-04
 2.68270e+00 9.30502e+03 1.02214e-10 -4.10791e-04
 3.34048e+00 9.58493e+03 9.55404e-11 -5.86716e-04
 4.15956e+00 9.90358e+03 9.01072e-11 -6.11677e-04
 5.17947e+00 1.02966e+04 8.54901e-11 -6.13697e-04
 6.44947e+00 1.05438e+04 8.39244e-11 -6.13753e-04
 8.03086e+00 1.09168e+04 8.18938e-11 -6.13761e-04
 1.00000e+01 1.13732e+04 8.01419e-11 -6.13761e-04
 1.24520e+01 1.20515e+04 7.80145e-11 -6.13762e-04
 1.55052e+01 1.21485e+04 8.07697e-11 -6.13762e-04
 1.93070e+01 1.30599e+04 7.91798e-11 -6.13762e-04
 2.40410e+01 1.31794e+04 8.39477e-11 -6.13762e-04
 2.99358e+01 1.37741e+04 8.64867e-11 -6.13762e-04
 3.72759e+01 1.43819e+04 9.03979e-11 -6.13762e-04
 4.64159e+01 1.49922e+04 9.60831e-11 -6.13762e-04
 5.77969e+01 1.59966e+04 1.01557e-10 -6.13762e-04
 7.19686e+01 1.68060e+04 1.11458e-10 -6.13762e-04
 8.96151e+01 1.73682e+04 1.25659e-10 -6.13762e-04
 1.11588e+02 1.82087e+04 1.40828e-10 -6.13762e-04
 1.38950e+02 1.90491e+04 1.59517e-10 -6.13762e-04
 1.73020e+02 1.99025e+04 1.81956e-10 -6.13762e-04
 2.15443e+02 2.08670e+04 2.07731e-10 -6.13762e-04
 2.68270e+02 2.23920e+04 2.34282e-10 -6.13762e-04
 3.34048e+02 2.32387e+04 2.73876e-10 -6.13762e-04
 4.15956e+02 2.37126e+04 3.22912e-10 -6.13761e-04
 5.17947e+02 2.58550e+04 3.60693e-10 -6.13762e-04
 6.44947e+02 2.62570e+04 4.29458e-10 -6.13761e-04
 8.03086e+02 2.77243e+04 4.90036e-10 -6.13761e-04
 1.00000e+03 2.97038e+04 5.54646e-10 -6.13760e-04
