#n1=128 n2=4 Teff=06600 R=1.3185e+11 L=2.3505e+34 logg=+4.00
#      tau          T          rho         Fconv
  0.00000e+00  3.79341e+03  2.11123e-21 +0.00000e+00
  1.00000e-09  3.79341e+03  2.16609e-14 +0.00000e+00
  1.24520e-09  3.80046e+03  3.15102e-14 +0.00000e+00
  1.55052e-09  3.80913e+03  4.52202e-14 +0.00000e+00
  1.93070e-09  3.81944e+03  6.40642e-14 +0.00000e+00
  2.40410e-09  3.83137e+03  8.96647e-14 +0.00000e+00
  2.99358e-09  3.84483e+03  1.24090e-13 +0.00000e+00
  3.72759e-09  3.85969e+03  1.69962e-13 +0.00000e+00
  4.64159e-09  3.87571e+03  2.30586e-13 +0.00000e+00
  5.77969e-09  3.89264e+03  3.10115e-13 +0.00000e+00
  7.19686e-09  3.91020e+03  4.13757e-13 +0.00000e+00
  8.96151e-09  3.92816e+03  5.48045e-13 +0.00000e+00
  1.11588e-08  3.94640e+03  7.21153e-13 +0.00000e+00
  1.38950e-08  3.96489e+03  9.43268e-13 +0.00000e+00
  1.73020e-08  3.98371e+03  1.22699e-12 +0.00000e+00
  2.15443e-08  4.00298e+03  1.58774e-12 +0.00000e+00
  2.68270e-08  4.02279e+03  2.04431e-12 +0.00000e+00
  3.34048e-08  4.04313e+03  2.61947e-12 +0.00000e+00
  4.15956e-08  4.06393e+03  3.34054e-12 +0.00000e+00
  5.17947e-08  4.08508e+03  4.24004e-12 +0.00000e+00
  6.44947e-08  4.10652e+03  5.35625e-12 +0.00000e+00
  8.03086e-08  4.12820e+03  6.73379e-12 +0.00000e+00
  1.00000e-07  4.15012e+03  8.42424e-12 +0.00000e+00
  1.24520e-07  4.17231e+03  1.04866e-11 +0.00000e+00
  1.55052e-07  4.19476e+03  1.29882e-11 +0.00000e+00
  1.93070e-07  4.21742e+03  1.60051e-11 +0.00000e+00
  2.40410e-07  4.24020e+03  1.96228e-11 +0.00000e+00
  2.99358e-07  4.26299e+03  2.39371e-11 +0.00000e+00
  3.72759e-07  4.28567e+03  2.90542e-11 +0.00000e+00
  4.64159e-07  4.30814e+03  3.50915e-11 +0.00000e+00
  5.77969e-07  4.33033e+03  4.21783e-11 +0.00000e+00
  7.19686e-07  4.35223e+03  5.04561e-11 +0.00000e+00
  8.96151e-07  4.37387e+03  6.00797e-11 +0.00000e+00
  1.11588e-06  4.39534e+03  7.12183e-11 +0.00000e+00
  1.38950e-06  4.41680e+03  8.40569e-11 +0.00000e+00
  1.73020e-06  4.43842e+03  9.87985e-11 +0.00000e+00
  2.15443e-06  4.46036e+03  1.15668e-10 +0.00000e+00
  2.68270e-06  4.48273e+03  1.34913e-10 +0.00000e+00
  3.34048e-06  4.50564e+03  1.56813e-10 +0.00000e+00
  4.15956e-06  4.52909e+03  1.81678e-10 +0.00000e+00
  5.17947e-06  4.55309e+03  2.09858e-10 +0.00000e+00
  6.44947e-06  4.57760e+03  2.41744e-10 +0.00000e+00
  8.03086e-06  4.60256e+03  2.77777e-10 +0.00000e+00
  1.00000e-05  4.62790e+03  3.18450e-10 +0.00000e+00
  1.24520e-05  4.65357e+03  3.64318e-10 +0.00000e+00
  1.55052e-05  4.67948e+03  4.16004e-10 +0.00000e+00
  1.93070e-05  4.70559e+03  4.74208e-10 +0.00000e+00
  2.40410e-05  4.73182e+03  5.39714e-10 +0.00000e+00
  2.99358e-05  4.75813e+03  6.13404e-10 +0.00000e+00
  3.72759e-05  4.78446e+03  6.96265e-10 +0.00000e+00
  4.64159e-05  4.81077e+03  7.89404e-10 +0.00000e+00
  5.77969e-05  4.83704e+03  8.94056e-10 +0.00000e+00
  7.19686e-05  4.86322e+03  1.01160e-09 +0.00000e+00
  8.96151e-05  4.88931e+03  1.14359e-09 +0.00000e+00
  1.11588e-04  4.91531e+03  1.29171e-09 +0.00000e+00
  1.38950e-04  4.94121e+03  1.45788e-09 +0.00000e+00
  1.73020e-04  4.96702e+03  1.64420e-09 +0.00000e+00
  2.15443e-04  4.99278e+03  1.85298e-09 +0.00000e+00
  2.68270e-04  5.01851e+03  2.08679e-09 +0.00000e+00
  3.34048e-04  5.04423e+03  2.34844e-09 +0.00000e+00
  4.15956e-04  5.06997e+03  2.64101e-09 +0.00000e+00
  5.17947e-04  5.09574e+03  2.96789e-09 +0.00000e+00
  6.44947e-04  5.12157e+03  3.33276e-09 +0.00000e+00
  8.03086e-04  5.14748e+03  3.73966e-09 +0.00000e+00
  1.00000e-03  5.17346e+03  4.19297e-09 +0.00000e+00
  1.24520e-03  5.19951e+03  4.69749e-09 -2.54548e-07
  1.55052e-03  5.22565e+03  5.25844e-09 -3.16963e-07
  1.93070e-03  5.25188e+03  5.88160e-09 -3.94681e-07
  2.40410e-03  5.27821e+03  6.57342e-09 -4.91456e-07
  2.99358e-03  5.30470e+03  7.34110e-09 -6.11959e-07
  3.72759e-03  5.33139e+03  8.19285e-09 -7.62009e-07
  4.64159e-03  5.35842e+03  9.13774e-09 -9.48855e-07
  5.77969e-03  5.38586e+03  1.01861e-08 -1.18150e-06
  7.19686e-03  5.41397e+03  1.13490e-08 -1.47121e-06
  8.96151e-03  5.44291e+03  1.26386e-08 -1.83194e-06
  1.11588e-02  5.47294e+03  1.40676e-08 -2.28114e-06
  1.38950e-02  5.50441e+03  1.56492e-08 -2.84047e-06
  1.73020e-02  5.53757e+03  1.73967e-08 -3.53694e-06
  2.15443e-02  5.57293e+03  1.93230e-08 -4.40418e-06
  2.68270e-02  5.61081e+03  2.14408e-08 -5.48407e-06
  3.34048e-02  5.65186e+03  2.37599e-08 -6.82876e-06
  4.15956e-02  5.69665e+03  2.62876e-08 -8.50315e-06
  5.17947e-02  5.74598e+03  2.90265e-08 -1.05881e-05
  6.44947e-02  5.80064e+03  3.19723e-08 -1.31843e-05
  8.03086e-02  5.86150e+03  3.51114e-08 -1.64170e-05
  1.00000e-01  5.92996e+03  3.84161e-08 -2.04424e-05
  1.24520e-01  6.00773e+03  4.18404e-08 -2.54548e-05
  1.55052e-01  6.09592e+03  4.53259e-08 -3.16963e-05
  1.93070e-01  6.19630e+03  4.87934e-08 -3.94681e-05
  2.40410e-01  6.31039e+03  5.21530e-08 -4.91456e-05
  2.99358e-01  6.44089e+03  5.52944e-08 -6.11959e-05
  3.72759e-01  6.59292e+03  5.80700e-08 -7.62009e-05
  4.64159e-01  6.76833e+03  6.03681e-08 -9.48827e-05
  5.77969e-01  6.98378e+03  6.19297e-08 -1.17930e-04
  7.19686e-01  7.27052e+03  6.23107e-08 -1.39462e-04
  8.96151e-01  7.58510e+03  6.19161e-08 -3.15862e-05
  1.11588e+00  7.97707e+03  6.02943e-08 +2.22240e-03
  1.38950e+00  8.21180e+03  5.97497e-08 +3.79724e-03
  1.73020e+00  8.41767e+03  5.93422e-08 +9.23724e-03
  2.15443e+00  8.61439e+03  5.89314e-08 +1.80375e-02
  2.68270e+00  8.80236e+03  5.85285e-08 +2.94154e-02
  3.34048e+00  8.98078e+03  5.81552e-08 +4.13385e-02
  4.15956e+00  9.14523e+03  5.78710e-08 +4.97376e-02
  5.17947e+00  9.29744e+03  5.76846e-08 +5.61177e-02
  6.44947e+00  9.44015e+03  5.75916e-08 +6.09644e-02
  8.03086e+00  9.57569e+03  5.75882e-08 +6.46585e-02
  1.00000e+01  9.70608e+03  5.76709e-08 +6.75051e-02
  1.24520e+01  9.83281e+03  5.78388e-08 +6.97343e-02
  1.55052e+01  9.95701e+03  5.80936e-08 +7.15028e-02
  1.93070e+01  1.00795e+04  5.84393e-08 +7.29265e-02
  2.40410e+01  1.02007e+04  5.88837e-08 +7.40872e-02
  2.99358e+01  1.03212e+04  5.94351e-08 +7.50211e-02
  3.72759e+01  1.04418e+04  6.00979e-08 +7.57707e-02
  4.64159e+01  1.05634e+04  6.08748e-08 +7.63734e-02
  5.77969e+01  1.06867e+04  6.17673e-08 +7.68637e-02
  7.19686e+01  1.08125e+04  6.27797e-08 +7.72710e-02
  8.96151e+01  1.09412e+04  6.39175e-08 +7.76100e-02
  1.11588e+02  1.10731e+04  6.51859e-08 +7.78937e-02
  1.38950e+02  1.12088e+04  6.65909e-08 +7.81324e-02
  1.73020e+02  1.13485e+04  6.81398e-08 +7.83346e-02
  2.15443e+02  1.14925e+04  6.98373e-08 +7.85068e-02
  2.68270e+02  1.16411e+04  7.17009e-08 +7.86539e-02
  3.34048e+02  1.17943e+04  7.37442e-08 +7.87808e-02
  4.15956e+02  1.19521e+04  7.59902e-08 +7.88913e-02
  5.17947e+02  1.21139e+04  7.84725e-08 +7.89883e-02
  6.44947e+02  1.22794e+04  8.12143e-08 +7.90727e-02
  8.03086e+02  1.24484e+04  8.42792e-08 +7.91443e-02
  1.00000e+03  1.26212e+04  8.77018e-08 +7.92043e-02
