#n1=128 n2=4 Teff=06100 R=1.2195e+11 L=1.4666e+34 logg=+4.00
#   tau          T          rho         Fconv
 0.00000e+00 3.45283e+03 2.72834e-21 +0.00000e+00
 1.00000e-09 3.45283e+03 1.15811e-13 +0.00000e+00
 1.24520e-09 3.45543e+03 1.47491e-13 +0.00000e+00
 1.55052e-09 3.45822e+03 1.87128e-13 +0.00000e+00
 1.93070e-09 3.46163e+03 2.36577e-13 +0.00000e+00
 2.40410e-09 3.46618e+03 2.98102e-13 +0.00000e+00
 2.99358e-09 3.47251e+03 3.74436e-13 +0.00000e+00
 3.72759e-09 3.48113e+03 4.68873e-13 +0.00000e+00
 4.64159e-09 3.49234e+03 5.85399e-13 +0.00000e+00
 5.77969e-09 3.50615e+03 7.28849e-13 +0.00000e+00
 7.19686e-09 3.52229e+03 9.05084e-13 +0.00000e+00
 8.96151e-09 3.54040e+03 1.12120e-12 +0.00000e+00
 1.11588e-08 3.56005e+03 1.38574e-12 +0.00000e+00
 1.38950e-08 3.58082e+03 1.70894e-12 +0.00000e+00
 1.73020e-08 3.60233e+03 2.10303e-12 +0.00000e+00
 2.15443e-08 3.62422e+03 2.58250e-12 +0.00000e+00
 2.68270e-08 3.64617e+03 3.16443e-12 +0.00000e+00
 3.34048e-08 3.66794e+03 3.86878e-12 +0.00000e+00
 4.15956e-08 3.68939e+03 4.71863e-12 +0.00000e+00
 5.17947e-08 3.71051e+03 5.74042e-12 +0.00000e+00
 6.44947e-08 3.73136e+03 6.96414e-12 +0.00000e+00
 8.03086e-08 3.75210e+03 8.42353e-12 +0.00000e+00
 1.00000e-07 3.77291e+03 1.01563e-11 +0.00000e+00
 1.24520e-07 3.79397e+03 1.22048e-11 +0.00000e+00
 1.55052e-07 3.81539e+03 1.46159e-11 +0.00000e+00
 1.93070e-07 3.83724e+03 1.74421e-11 +0.00000e+00
 2.40410e-07 3.85951e+03 2.07422e-11 +0.00000e+00
 2.99358e-07 3.88217e+03 2.45816e-11 +0.00000e+00
 3.72759e-07 3.90516e+03 2.90336e-11 +0.00000e+00
 4.64159e-07 3.92843e+03 3.41797e-11 +0.00000e+00
 5.77969e-07 3.95196e+03 4.01111e-11 +0.00000e+00
 7.19686e-07 3.97572e+03 4.69294e-11 +0.00000e+00
 8.96151e-07 3.99970e+03 5.47486e-11 +0.00000e+00
 1.11588e-06 4.02389e+03 6.36921e-11 +0.00000e+00
 1.38950e-06 4.04827e+03 7.39067e-11 +0.00000e+00
 1.73020e-06 4.07281e+03 8.55538e-11 +0.00000e+00
 2.15443e-06 4.09747e+03 9.88147e-11 +0.00000e+00
 2.68270e-06 4.12223e+03 1.13893e-10 +0.00000e+00
 3.34048e-06 4.14706e+03 1.31019e-10 +0.00000e+00
 4.15956e-06 4.17191e+03 1.50449e-10 +0.00000e+00
 5.17947e-06 4.19677e+03 1.72475e-10 +0.00000e+00
 6.44947e-06 4.22161e+03 1.97421e-10 +0.00000e+00
 8.03086e-06 4.24641e+03 2.25654e-10 +0.00000e+00
 1.00000e-05 4.27115e+03 2.57588e-10 +0.00000e+00
 1.24520e-05 4.29581e+03 2.93684e-10 +0.00000e+00
 1.55052e-05 4.32038e+03 3.34464e-10 +0.00000e+00
 1.93070e-05 4.34485e+03 3.80514e-10 +0.00000e+00
 2.40410e-05 4.36920e+03 4.32493e-10 +0.00000e+00
 2.99358e-05 4.39344e+03 4.91139e-10 +0.00000e+00
 3.72759e-05 4.41755e+03 5.57285e-10 +0.00000e+00
 4.64159e-05 4.44154e+03 6.31863e-10 +0.00000e+00
 5.77969e-05 4.46542e+03 7.15924e-10 +0.00000e+00
 7.19686e-05 4.48922e+03 8.10643e-10 +0.00000e+00
 8.96151e-05 4.51295e+03 9.17344e-10 +0.00000e+00
 1.11588e-04 4.53665e+03 1.03751e-09 +0.00000e+00
 1.38950e-04 4.56035e+03 1.17281e-09 +0.00000e+00
 1.73020e-04 4.58409e+03 1.32512e-09 +0.00000e+00
 2.15443e-04 4.60789e+03 1.49655e-09 +0.00000e+00
 2.68270e-04 4.63178e+03 1.68947e-09 +0.00000e+00
 3.34048e-04 4.65577e+03 1.90654e-09 +0.00000e+00
 4.15956e-04 4.67986e+03 2.15076e-09 +0.00000e+00
 5.17947e-04 4.70402e+03 2.42552e-09 +0.00000e+00
 6.44947e-04 4.72822e+03 2.73460e-09 +0.00000e+00
 8.03086e-04 4.75246e+03 3.08226e-09 +0.00000e+00
 1.00000e-03 4.77670e+03 3.47329e-09 +0.00000e+00
 1.24520e-03 4.80092e+03 3.91303e-09 -2.54664e-07
 1.55052e-03 4.82512e+03 4.40748e-09 -3.17108e-07
 1.93070e-03 4.84933e+03 4.96335e-09 -3.94861e-07
 2.40410e-03 4.87356e+03 5.58814e-09 -4.91679e-07
 2.99358e-03 4.89792e+03 6.29017e-09 -6.12238e-07
 3.72759e-03 4.92248e+03 7.07881e-09 -7.62357e-07
 4.64159e-03 4.94741e+03 7.96435e-09 -9.49284e-07
 5.77969e-03 4.97277e+03 8.95847e-09 -1.18205e-06
 7.19686e-03 4.99884e+03 1.00738e-08 -1.47189e-06
 8.96151e-03 5.02580e+03 1.13246e-08 -1.83278e-06
 1.11588e-02 5.05389e+03 1.27266e-08 -2.28217e-06
 1.38950e-02 5.08340e+03 1.42969e-08 -2.84175e-06
 1.73020e-02 5.11461e+03 1.60547e-08 -3.53855e-06
 2.15443e-02 5.14796e+03 1.80204e-08 -4.40619e-06
 2.68270e-02 5.18376e+03 2.02172e-08 -5.48657e-06
 3.34048e-02 5.22260e+03 2.26686e-08 -6.83187e-06
 4.15956e-02 5.26502e+03 2.54002e-08 -8.50701e-06
 5.17947e-02 5.31171e+03 2.84377e-08 -1.05929e-05
 6.44947e-02 5.36345e+03 3.18065e-08 -1.31902e-05
 8.03086e-02 5.42121e+03 3.55286e-08 -1.64245e-05
 1.00000e-01 5.48583e+03 3.96213e-08 -2.04517e-05
 1.24520e-01 5.55865e+03 4.40871e-08 -2.54664e-05
 1.55052e-01 5.64060e+03 4.89137e-08 -3.17108e-05
 1.93070e-01 5.73322e+03 5.40555e-08 -3.94861e-05
 2.40410e-01 5.83815e+03 5.94241e-08 -4.91679e-05
 2.99358e-01 5.95727e+03 6.48790e-08 -6.12238e-05
 3.72759e-01 6.09552e+03 7.01823e-08 -7.62357e-05
 4.64159e-01 6.25036e+03 7.51478e-08 -9.49284e-05
 5.77969e-01 6.41433e+03 7.97416e-08 -1.18205e-04
 7.19686e-01 6.66808e+03 8.25028e-08 -1.47028e-04
 8.96151e-01 6.92483e+03 8.43729e-08 -1.79507e-04
 1.11588e+00 7.24894e+03 8.45287e-08 -1.12106e-04
 1.38950e+00 7.61436e+03 8.33231e-08 +1.17100e-03
 1.73020e+00 7.90324e+03 8.24826e-08 +4.22740e-03
 2.15443e+00 8.11364e+03 8.23208e-08 +9.46730e-03
 2.68270e+00 8.31477e+03 8.21474e-08 +1.92874e-02
 3.34048e+00 8.50752e+03 8.19752e-08 +3.10214e-02
 4.15956e+00 8.68837e+03 8.18708e-08 +4.07843e-02
 5.17947e+00 8.85708e+03 8.18673e-08 +4.88384e-02
 6.44947e+00 9.01415e+03 8.19889e-08 +5.53202e-02
 8.03086e+00 9.16134e+03 8.22441e-08 +6.03115e-02
 1.00000e+01 9.30076e+03 8.26338e-08 +6.41708e-02
 1.24520e+01 9.43409e+03 8.31607e-08 +6.71760e-02
 1.55052e+01 9.56277e+03 8.38291e-08 +6.95264e-02
 1.93070e+01 9.68803e+03 8.46437e-08 +7.13809e-02
 2.40410e+01 9.81082e+03 8.56120e-08 +7.28602e-02
 2.99358e+01 9.93188e+03 8.67439e-08 +7.40503e-02
 3.72759e+01 1.00518e+04 8.80513e-08 +7.50152e-02
 4.64159e+01 1.01709e+04 8.95502e-08 +7.58069e-02
 5.77969e+01 1.02896e+04 9.12578e-08 +7.64512e-02
 7.19686e+01 1.04084e+04 9.31891e-08 +7.69737e-02
 8.96151e+01 1.05279e+04 9.53572e-08 +7.73980e-02
 1.11588e+02 1.06489e+04 9.77738e-08 +7.77443e-02
 1.38950e+02 1.07718e+04 1.00450e-07 +7.80313e-02
 1.73020e+02 1.08969e+04 1.03403e-07 +7.82701e-02
 2.15443e+02 1.10247e+04 1.06647e-07 +7.84704e-02
 2.68270e+02 1.11552e+04 1.10201e-07 +7.86395e-02
 3.34048e+02 1.12887e+04 1.14088e-07 +7.87834e-02
 4.15956e+02 1.14251e+04 1.18334e-07 +7.89052e-02
 5.17947e+02 1.15646e+04 1.22969e-07 +7.90089e-02
 6.44947e+02 1.17071e+04 1.28020e-07 +7.90979e-02
 8.03086e+02 1.18523e+04 1.33546e-07 +7.91741e-02
 1.00000e+03 1.20000e+04 1.39603e-07 +7.92398e-02
