#n1=128 n2=4 Teff=06900 R=4.2453e+12 L=2.9080e+37 logg=+1.50
#   tau          T          rho         Fconv
 0.00000e+00 3.79556e+03 2.16063e-21 +0.00000e+00
 1.00000e-09 3.79556e+03 9.00256e-19 +0.00000e+00
 1.24520e-09 3.79783e+03 1.31529e-18 +0.00000e+00
 1.55052e-09 3.80026e+03 1.91768e-18 +0.00000e+00
 1.93070e-09 3.80290e+03 2.78388e-18 +0.00000e+00
 2.40410e-09 3.80583e+03 4.01719e-18 +0.00000e+00
 2.99358e-09 3.80912e+03 5.75646e-18 +0.00000e+00
 3.72759e-09 3.81290e+03 8.18902e-18 +0.00000e+00
 4.64159e-09 3.81727e+03 1.15712e-17 +0.00000e+00
 5.77969e-09 3.82240e+03 1.62587e-17 +0.00000e+00
 7.19686e-09 3.82842e+03 2.27508e-17 +0.00000e+00
 8.96151e-09 3.83552e+03 3.17492e-17 +0.00000e+00
 1.11588e-08 3.84388e+03 4.42399e-17 +0.00000e+00
 1.38950e-08 3.85375e+03 6.16045e-17 +0.00000e+00
 1.73020e-08 3.86540e+03 8.57728e-17 +0.00000e+00
 2.15443e-08 3.87917e+03 1.19449e-16 +0.00000e+00
 2.68270e-08 3.89537e+03 1.66426e-16 +0.00000e+00
 3.34048e-08 3.91423e+03 2.31900e-16 +0.00000e+00
 4.15956e-08 3.93580e+03 3.22849e-16 +0.00000e+00
 5.17947e-08 3.95998e+03 4.48631e-16 +0.00000e+00
 6.44947e-08 3.98652e+03 6.21857e-16 +0.00000e+00
 8.03086e-08 4.01511e+03 8.59603e-16 +0.00000e+00
 1.00000e-07 4.04545e+03 1.18508e-15 +0.00000e+00
 1.24520e-07 4.07724e+03 1.62992e-15 +0.00000e+00
 1.55052e-07 4.11018e+03 2.23729e-15 +0.00000e+00
 1.93070e-07 4.14382e+03 3.06625e-15 +0.00000e+00
 2.40410e-07 4.17742e+03 4.19800e-15 +0.00000e+00
 2.99358e-07 4.21012e+03 5.74460e-15 +0.00000e+00
 3.72759e-07 4.24117e+03 7.86091e-15 +0.00000e+00
 4.64159e-07 4.27029e+03 1.07600e-14 +0.00000e+00
 5.77969e-07 4.29773e+03 1.47322e-14 +0.00000e+00
 7.19686e-07 4.32414e+03 2.01686e-14 +0.00000e+00
 8.96151e-07 4.35026e+03 2.75914e-14 +0.00000e+00
 1.11588e-06 4.37653e+03 3.76976e-14 +0.00000e+00
 1.38950e-06 4.40305e+03 5.14171e-14 +0.00000e+00
 1.73020e-06 4.42974e+03 6.99849e-14 +0.00000e+00
 2.15443e-06 4.45652e+03 9.50293e-14 +0.00000e+00
 2.68270e-06 4.48343e+03 1.28676e-13 +0.00000e+00
 3.34048e-06 4.51059e+03 1.73668e-13 +0.00000e+00
 4.15956e-06 4.53816e+03 2.33504e-13 +0.00000e+00
 5.17947e-06 4.56626e+03 3.12596e-13 +0.00000e+00
 6.44947e-06 4.59497e+03 4.16445e-13 +0.00000e+00
 8.03086e-06 4.62430e+03 5.51852e-13 +0.00000e+00
 1.00000e-05 4.65421e+03 7.27157e-13 +0.00000e+00
 1.24520e-05 4.68464e+03 9.52508e-13 +0.00000e+00
 1.55052e-05 4.71551e+03 1.24016e-12 +0.00000e+00
 1.93070e-05 4.74676e+03 1.60481e-12 +0.00000e+00
 2.40410e-05 4.77833e+03 2.06388e-12 +0.00000e+00
 2.99358e-05 4.81021e+03 2.63781e-12 +0.00000e+00
 3.72759e-05 4.84237e+03 3.35024e-12 +0.00000e+00
 4.64159e-05 4.87482e+03 4.22809e-12 +0.00000e+00
 5.77969e-05 4.90753e+03 5.30157e-12 +0.00000e+00
 7.19686e-05 4.94046e+03 6.60402e-12 +0.00000e+00
 8.96151e-05 4.97358e+03 8.17166e-12 +0.00000e+00
 1.11588e-04 5.00683e+03 1.00432e-11 +0.00000e+00
 1.38950e-04 5.04017e+03 1.22595e-11 +0.00000e+00
 1.73020e-04 5.07356e+03 1.48632e-11 +0.00000e+00
 2.15443e-04 5.10700e+03 1.78979e-11 +0.00000e+00
 2.68270e-04 5.14050e+03 2.14088e-11 +0.00000e+00
 3.34048e-04 5.17414e+03 2.54412e-11 +0.00000e+00
 4.15956e-04 5.20798e+03 3.00412e-11 +0.00000e+00
 5.17947e-04 5.24207e+03 3.52549e-11 +0.00000e+00
 6.44947e-04 5.27653e+03 4.11288e-11 +0.00000e+00
 8.03086e-04 5.31147e+03 4.77095e-11 +0.00000e+00
 1.00000e-03 5.34696e+03 5.50455e-11 +0.00000e+00
 1.24520e-03 5.38301e+03 6.31894e-11 -2.54809e-07
 1.55052e-03 5.41974e+03 7.21983e-11 -3.17287e-07
 1.93070e-03 5.45713e+03 8.21380e-11 -3.95085e-07
 2.40410e-03 5.49519e+03 9.30853e-11 -4.91959e-07
 2.99358e-03 5.53384e+03 1.05130e-10 -6.12586e-07
 3.72759e-03 5.57305e+03 1.18375e-10 -7.62790e-07
 4.64159e-03 5.61269e+03 1.32937e-10 -9.49821e-07
 5.77969e-03 5.65276e+03 1.48941e-10 -1.18272e-06
 7.19686e-03 5.69307e+03 1.66531e-10 -1.47271e-06
 8.96151e-03 5.73364e+03 1.85859e-10 -1.83383e-06
 1.11588e-02 5.77449e+03 2.07087e-10 -2.28347e-06
 1.38950e-02 5.81583e+03 2.30376e-10 -2.84337e-06
 1.73020e-02 5.85765e+03 2.55907e-10 -3.54056e-06
 2.15443e-02 5.90084e+03 2.83796e-10 -4.40869e-06
 2.68270e-02 5.94545e+03 3.14176e-10 -5.48968e-06
 3.34048e-02 5.99293e+03 3.47038e-10 -6.83574e-06
 4.15956e-02 6.04429e+03 3.82294e-10 -8.51185e-06
 5.17947e-02 6.10393e+03 4.19319e-10 -1.05989e-05
 6.44947e-02 6.16857e+03 4.57918e-10 -1.31977e-05
 8.03086e-02 6.23313e+03 4.98459e-10 -1.64338e-05
 1.00000e-01 6.30581e+03 5.39932e-10 -2.04633e-05
 1.24520e-01 6.39079e+03 5.81026e-10 -2.54809e-05
 1.55052e-01 6.49148e+03 6.20042e-10 -3.17287e-05
 1.93070e-01 6.61104e+03 6.54983e-10 -3.95086e-05
 2.40410e-01 6.75444e+03 6.83307e-10 -4.91959e-05
 2.99358e-01 6.91836e+03 7.03614e-10 -6.12586e-05
 3.72759e-01 7.08664e+03 7.17526e-10 -7.62790e-05
 4.64159e-01 7.28463e+03 7.21051e-10 -9.49821e-05
 5.77969e-01 7.61438e+03 6.94559e-10 -1.18265e-04
 7.19686e-01 7.89714e+03 6.64588e-10 -1.47106e-04
 8.96151e-01 8.19463e+03 6.24504e-10 -1.71927e-04
 1.11588e+00 8.79521e+03 5.21683e-10 +3.27753e-03
 1.38950e+00 9.04574e+03 4.81094e-10 +1.82900e-03
 1.73020e+00 9.24602e+03 4.51353e-10 +2.42149e-03
 2.15443e+00 9.45974e+03 4.22369e-10 +3.18999e-03
 2.68270e+00 9.70224e+03 3.93605e-10 +2.77327e-03
 3.34048e+00 9.98679e+03 3.65890e-10 +1.01205e-03
 4.15956e+00 1.08439e+04 3.10959e-10 -6.08827e-04
 5.17947e+00 1.09507e+04 3.10005e-10 -6.11363e-04
 6.44947e+00 1.14145e+04 2.97077e-10 -6.13826e-04
 8.03086e+00 1.19124e+04 2.88027e-10 -6.13897e-04
 1.00000e+01 1.24359e+04 2.82377e-10 -6.13899e-04
 1.24520e+01 1.29605e+04 2.80385e-10 -6.13899e-04
 1.55052e+01 1.37848e+04 2.75825e-10 -6.13899e-04
 1.93070e+01 1.45543e+04 2.77296e-10 -6.13899e-04
 2.40410e+01 1.48825e+04 2.92693e-10 -6.13899e-04
 2.99358e+01 1.55760e+04 3.04435e-10 -6.13899e-04
 3.72759e+01 1.62143e+04 3.23874e-10 -6.13900e-04
 4.64159e+01 1.68988e+04 3.49405e-10 -6.13900e-04
 5.77969e+01 1.76215e+04 3.81974e-10 -6.13900e-04
 7.19686e+01 1.83862e+04 4.22183e-10 -6.13900e-04
 8.96151e+01 1.91960e+04 4.70717e-10 -6.13900e-04
 1.11588e+02 2.00522e+04 5.28417e-10 -6.13900e-04
 1.38950e+02 2.09653e+04 5.96118e-10 -6.13900e-04
 1.73020e+02 2.18674e+04 6.76537e-10 -6.13900e-04
 2.15443e+02 2.28891e+04 7.67152e-10 -6.13900e-04
 2.68270e+02 2.42784e+04 8.64777e-10 -6.13900e-04
 3.34048e+02 2.50248e+04 1.00117e-09 -6.13900e-04
 4.15956e+02 2.62665e+04 1.13763e-09 -6.13899e-04
 5.17947e+02 2.72598e+04 1.30612e-09 -6.13899e-04
 6.44947e+02 2.85572e+04 1.48569e-09 -6.13899e-04
 8.03086e+02 2.97192e+04 1.70010e-09 -6.13891e-04
 1.00000e+03 3.11192e+04 1.93267e-09 -6.13843e-04
