#n1=128 n2=4 Teff=06900 R=7.5464e+12 L=9.1956e+37 logg=+1.00
#   tau          T          rho         Fconv
 0.00000e+00 3.27645e+03 4.31319e-21 +0.00000e+00
 1.00000e-09 3.27645e+03 6.79516e-17 +0.00000e+00
 1.24520e-09 3.28216e+03 9.21655e-17 +0.00000e+00
 1.55052e-09 3.28858e+03 1.23788e-16 +0.00000e+00
 1.93070e-09 3.29580e+03 1.64745e-16 +0.00000e+00
 2.40410e-09 3.30379e+03 2.17481e-16 +0.00000e+00
 2.99358e-09 3.31255e+03 2.85075e-16 +0.00000e+00
 3.72759e-09 3.32199e+03 3.71399e-16 +0.00000e+00
 4.64159e-09 3.33205e+03 4.81323e-16 +0.00000e+00
 5.77969e-09 3.34258e+03 6.20957e-16 +0.00000e+00
 7.19686e-09 3.35346e+03 7.97978e-16 +0.00000e+00
 8.96151e-09 3.36455e+03 1.02202e-15 +0.00000e+00
 1.11588e-08 3.37574e+03 1.30515e-15 +0.00000e+00
 1.38950e-08 3.38694e+03 1.66250e-15 +0.00000e+00
 1.73020e-08 3.39811e+03 2.11297e-15 +0.00000e+00
 2.15443e-08 3.40924e+03 2.68013e-15 +0.00000e+00
 2.68270e-08 3.42034e+03 3.39342e-15 +0.00000e+00
 3.34048e-08 3.43139e+03 4.28961e-15 +0.00000e+00
 4.15956e-08 3.44230e+03 5.41471e-15 +0.00000e+00
 5.17947e-08 3.45294e+03 6.82635e-15 +0.00000e+00
 6.44947e-08 3.46313e+03 8.59686e-15 +0.00000e+00
 8.03086e-08 3.47267e+03 1.08170e-14 +0.00000e+00
 1.00000e-07 3.48138e+03 1.36008e-14 +0.00000e+00
 1.24520e-07 3.48907e+03 1.70915e-14 +0.00000e+00
 1.55052e-07 3.49560e+03 2.14691e-14 +0.00000e+00
 1.93070e-07 3.50080e+03 2.69604e-14 +0.00000e+00
 2.40410e-07 3.50445e+03 3.38507e-14 +0.00000e+00
 2.99358e-07 3.50614e+03 4.25041e-14 +0.00000e+00
 3.72759e-07 3.50565e+03 5.33768e-14 +0.00000e+00
 4.64159e-07 3.50343e+03 6.70332e-14 +0.00000e+00
 5.77969e-07 3.49997e+03 8.41749e-14 +0.00000e+00
 7.19686e-07 3.49501e+03 1.05697e-13 +0.00000e+00
 8.96151e-07 3.48815e+03 1.32733e-13 +0.00000e+00
 1.11588e-06 3.47856e+03 1.66734e-13 +0.00000e+00
 1.38950e-06 3.46603e+03 2.09519e-13 +0.00000e+00
 1.73020e-06 3.45139e+03 2.63308e-13 +0.00000e+00
 2.15443e-06 3.43657e+03 3.30747e-13 +0.00000e+00
 2.68270e-06 3.42427e+03 4.14915e-13 +0.00000e+00
 3.34048e-06 3.41621e+03 5.19543e-13 +0.00000e+00
 4.15956e-06 3.41318e+03 6.49182e-13 +0.00000e+00
 5.17947e-06 3.41478e+03 8.09544e-13 +0.00000e+00
 6.44947e-06 3.41913e+03 1.00804e-12 +0.00000e+00
 8.03086e-06 3.42463e+03 1.25393e-12 +0.00000e+00
 1.00000e-05 3.43081e+03 1.55836e-12 +0.00000e+00
 1.24520e-05 3.43773e+03 1.93478e-12 +0.00000e+00
 1.55052e-05 3.44564e+03 2.39936e-12 +0.00000e+00
 1.93070e-05 3.45474e+03 2.97159e-12 +0.00000e+00
 2.40410e-05 3.46518e+03 3.67487e-12 +0.00000e+00
 2.99358e-05 3.47713e+03 4.53700e-12 +0.00000e+00
 3.72759e-05 3.49078e+03 5.59085e-12 +0.00000e+00
 4.64159e-05 3.50652e+03 6.87460e-12 +0.00000e+00
 5.77969e-05 3.52471e+03 8.43244e-12 +0.00000e+00
 7.19686e-05 3.54594e+03 1.03145e-11 +0.00000e+00
 8.96151e-05 3.57075e+03 1.25775e-11 +0.00000e+00
 1.11588e-04 3.59985e+03 1.52845e-11 +0.00000e+00
 1.38950e-04 3.63386e+03 1.85059e-11 +0.00000e+00
 1.73020e-04 3.67355e+03 2.23189e-11 +0.00000e+00
 2.15443e-04 3.71962e+03 2.68098e-11 +0.00000e+00
 2.68270e-04 3.77295e+03 3.20732e-11 +0.00000e+00
 3.34048e-04 3.83447e+03 3.82144e-11 +0.00000e+00
 4.15956e-04 3.90520e+03 4.53496e-11 +0.00000e+00
 5.17947e-04 3.98516e+03 5.36129e-11 +0.00000e+00
 6.44947e-04 4.07443e+03 6.31323e-11 +0.00000e+00
 8.03086e-04 4.17073e+03 7.40374e-11 +0.00000e+00
 1.00000e-03 4.27272e+03 8.63648e-11 +0.00000e+00
 1.24520e-03 4.38028e+03 9.99835e-11 -2.54620e-07
 1.55052e-03 4.49141e+03 1.14620e-10 -3.17053e-07
 1.93070e-03 4.60777e+03 1.29710e-10 -3.94793e-07
 2.40410e-03 4.72785e+03 1.44628e-10 -4.91595e-07
 2.99358e-03 4.85069e+03 1.58755e-10 -6.12133e-07
 3.72759e-03 4.97354e+03 1.71750e-10 -7.62226e-07
 4.64159e-03 5.09492e+03 1.83500e-10 -9.49119e-07
 5.77969e-03 5.21291e+03 1.94131e-10 -1.18184e-06
 7.19686e-03 5.32690e+03 2.03787e-10 -1.47163e-06
 8.96151e-03 5.41441e+03 2.14039e-10 -1.83247e-06
 1.11588e-02 5.51985e+03 2.23180e-10 -2.28179e-06
 1.38950e-02 5.61875e+03 2.32251e-10 -2.84127e-06
 1.73020e-02 5.71523e+03 2.41251e-10 -3.53794e-06
 2.15443e-02 5.80695e+03 2.50418e-10 -4.40544e-06
 2.68270e-02 5.89346e+03 2.59920e-10 -5.48564e-06
 3.34048e-02 5.97471e+03 2.69908e-10 -6.83070e-06
 4.15956e-02 6.05152e+03 2.80480e-10 -8.50556e-06
 5.17947e-02 6.12526e+03 2.91673e-10 -1.05911e-05
 6.44947e-02 6.19691e+03 3.03514e-10 -1.31880e-05
 8.03086e-02 6.26735e+03 3.16007e-10 -1.64218e-05
 1.00000e-01 6.33812e+03 3.29086e-10 -2.04482e-05
 1.24520e-01 6.41220e+03 3.42511e-10 -2.54624e-05
 1.55052e-01 6.49453e+03 3.55756e-10 -3.17056e-05
 1.93070e-01 6.59213e+03 3.67886e-10 -3.94793e-05
 2.40410e-01 6.71290e+03 3.77566e-10 -4.91595e-05
 2.99358e-01 6.86355e+03 3.83283e-10 -6.12133e-05
 3.72759e-01 7.05104e+03 3.83384e-10 -7.62226e-05
 4.64159e-01 7.28202e+03 3.76259e-10 -9.49119e-05
 5.77969e-01 7.55998e+03 3.60704e-10 -1.18173e-04
 7.19686e-01 7.89589e+03 3.35018e-10 -1.45959e-04
 8.96151e-01 8.26432e+03 3.01824e-10 -1.06898e-04
 1.11588e+00 8.66211e+03 2.63918e-10 +8.66260e-04
 1.38950e+00 8.90235e+03 2.42619e-10 +8.69513e-04
 1.73020e+00 9.13159e+03 2.24313e-10 +1.13165e-03
 2.15443e+00 9.36413e+03 2.08332e-10 +8.42836e-04
 2.68270e+00 9.65637e+03 1.91950e-10 -3.56148e-05
 3.34048e+00 9.96929e+03 1.78964e-10 -5.31721e-04
 4.15956e+00 1.03270e+04 1.68494e-10 -6.08392e-04
 5.17947e+00 1.07511e+04 1.60009e-10 -6.13303e-04
 6.44947e+00 1.12072e+04 1.53907e-10 -6.13442e-04
 8.03086e+00 1.19142e+04 1.46699e-10 -6.13446e-04
 1.00000e+01 1.21477e+04 1.47831e-10 -6.13446e-04
 1.24520e+01 1.27124e+04 1.46168e-10 -6.13446e-04
 1.55052e+01 1.32939e+04 1.46387e-10 -6.13446e-04
 1.93070e+01 1.34361e+04 1.53533e-10 -6.13446e-04
 2.40410e+01 1.57040e+04 1.38917e-10 -6.13446e-04
 2.99358e+01 1.56557e+04 1.54643e-10 -6.13446e-04
 3.72759e+01 1.65905e+04 1.62926e-10 -6.13446e-04
 4.64159e+01 1.71043e+04 1.79403e-10 -6.13446e-04
 5.77969e+01 1.78876e+04 1.96913e-10 -6.13446e-04
 7.19686e+01 1.86530e+04 2.19200e-10 -6.13446e-04
 8.96151e+01 1.94080e+04 2.46464e-10 -6.13446e-04
 1.11588e+02 2.02850e+04 2.77674e-10 -6.13446e-04
 1.38950e+02 2.13590e+04 3.13357e-10 -6.13446e-04
 1.73020e+02 2.18264e+04 3.63691e-10 -6.13446e-04
 2.15443e+02 2.35045e+04 4.05447e-10 -6.13446e-04
 2.68270e+02 2.37567e+04 4.78096e-10 -6.13446e-04
 3.34048e+02 2.57397e+04 5.30047e-10 -6.13446e-04
 4.15956e+02 2.63119e+04 6.21179e-10 -6.13446e-04
 5.17947e+02 2.77347e+04 7.04545e-10 -6.13446e-04
 6.44947e+02 3.01251e+04 7.86559e-10 -6.13446e-04
 8.03086e+02 2.73413e+04 1.01726e-09 -6.13361e-04
 1.00000e+03 3.49050e+04 9.33176e-10 -6.13446e-04
