#n1=128 n2=4 Teff=06400 R=8.4943e+11 L=8.6295e+35 logg=+2.50
#      tau          T          rho         Fconv
  0.00000e+00  3.64679e+03  2.26599e-21 +0.00000e+00
  1.00000e-09  3.64679e+03  2.04732e-16 +0.00000e+00
  1.24520e-09  3.65125e+03  3.09589e-16 +0.00000e+00
  1.55052e-09  3.65676e+03  4.63005e-16 +0.00000e+00
  1.93070e-09  3.66354e+03  6.83960e-16 +0.00000e+00
  2.40410e-09  3.67183e+03  9.99126e-16 +0.00000e+00
  2.99358e-09  3.68181e+03  1.44386e-15 +0.00000e+00
  3.72759e-09  3.69362e+03  2.06490e-15 +0.00000e+00
  4.64159e-09  3.70734e+03  2.92358e-15 +0.00000e+00
  5.77969e-09  3.72296e+03  4.10003e-15 +0.00000e+00
  7.19686e-09  3.74039e+03  5.69855e-15 +0.00000e+00
  8.96151e-09  3.75944e+03  7.85470e-15 +0.00000e+00
  1.11588e-08  3.77984e+03  1.07440e-14 +0.00000e+00
  1.38950e-08  3.80124e+03  1.45935e-14 +0.00000e+00
  1.73020e-08  3.82329e+03  1.96971e-14 +0.00000e+00
  2.15443e-08  3.84559e+03  2.64366e-14 +0.00000e+00
  2.68270e-08  3.86780e+03  3.53074e-14 +0.00000e+00
  3.34048e-08  3.88965e+03  4.69525e-14 +0.00000e+00
  4.15956e-08  3.91094e+03  6.22060e-14 +0.00000e+00
  5.17947e-08  3.93161e+03  8.21467e-14 +0.00000e+00
  6.44947e-08  3.95174e+03  1.08164e-13 +0.00000e+00
  8.03086e-08  3.97158e+03  1.42029e-13 +0.00000e+00
  1.00000e-07  3.99155e+03  1.85972e-13 +0.00000e+00
  1.24520e-07  4.01202e+03  2.42778e-13 +0.00000e+00
  1.55052e-07  4.03323e+03  3.15920e-13 +0.00000e+00
  1.93070e-07  4.05515e+03  4.09743e-13 +0.00000e+00
  2.40410e-07  4.07758e+03  5.29680e-13 +0.00000e+00
  2.99358e-07  4.10029e+03  6.82489e-13 +0.00000e+00
  3.72759e-07  4.12309e+03  8.76527e-13 +0.00000e+00
  4.64159e-07  4.14586e+03  1.12209e-12 +0.00000e+00
  5.77969e-07  4.16853e+03  1.43180e-12 +0.00000e+00
  7.19686e-07  4.19116e+03  1.82099e-12 +0.00000e+00
  8.96151e-07  4.21385e+03  2.30822e-12 +0.00000e+00
  1.11588e-06  4.23672e+03  2.91570e-12 +0.00000e+00
  1.38950e-06  4.25989e+03  3.66986e-12 +0.00000e+00
  1.73020e-06  4.28342e+03  4.60192e-12 +0.00000e+00
  2.15443e-06  4.30737e+03  5.74850e-12 +0.00000e+00
  2.68270e-06  4.33174e+03  7.15218e-12 +0.00000e+00
  3.34048e-06  4.35650e+03  8.86206e-12 +0.00000e+00
  4.15956e-06  4.38162e+03  1.09343e-11 +0.00000e+00
  5.17947e-06  4.40704e+03  1.34327e-11 +0.00000e+00
  6.44947e-06  4.43267e+03  1.64290e-11 +0.00000e+00
  8.03086e-06  4.45846e+03  2.00035e-11 +0.00000e+00
  1.00000e-05  4.48432e+03  2.42452e-11 +0.00000e+00
  1.24520e-05  4.51020e+03  2.92529e-11 +0.00000e+00
  1.55052e-05  4.53605e+03  3.51350e-11 +0.00000e+00
  1.93070e-05  4.56183e+03  4.20110e-11 +0.00000e+00
  2.40410e-05  4.58751e+03  5.00119e-11 +0.00000e+00
  2.99358e-05  4.61308e+03  5.92814e-11 +0.00000e+00
  3.72759e-05  4.63851e+03  6.99777e-11 +0.00000e+00
  4.64159e-05  4.66382e+03  8.22743e-11 +0.00000e+00
  5.77969e-05  4.68900e+03  9.63627e-11 +0.00000e+00
  7.19686e-05  4.71406e+03  1.12453e-10 +0.00000e+00
  8.96151e-05  4.73903e+03  1.30778e-10 +0.00000e+00
  1.11588e-04  4.76393e+03  1.51592e-10 +0.00000e+00
  1.38950e-04  4.78880e+03  1.75174e-10 +0.00000e+00
  1.73020e-04  4.81366e+03  2.01834e-10 +0.00000e+00
  2.15443e-04  4.83856e+03  2.31908e-10 +0.00000e+00
  2.68270e-04  4.86351e+03  2.65765e-10 +0.00000e+00
  3.34048e-04  4.88854e+03  3.03808e-10 +0.00000e+00
  4.15956e-04  4.91366e+03  3.46478e-10 +0.00000e+00
  5.17947e-04  4.93887e+03  3.94253e-10 +0.00000e+00
  6.44947e-04  4.96416e+03  4.47652e-10 +0.00000e+00
  8.03086e-04  4.98951e+03  5.07234e-10 +0.00000e+00
  1.00000e-03  5.01490e+03  5.73602e-10 +0.00000e+00
  1.24520e-03  5.04032e+03  6.47407e-10 -2.54440e-07
  1.55052e-03  5.06576e+03  7.29349e-10 -3.16829e-07
  1.93070e-03  5.09123e+03  8.20194e-10 -3.94513e-07
  2.40410e-03  5.11674e+03  9.20786e-10 -4.91247e-07
  2.99358e-03  5.14237e+03  1.03206e-09 -6.11700e-07
  3.72759e-03  5.16819e+03  1.15508e-09 -7.61686e-07
  4.64159e-03  5.19438e+03  1.29099e-09 -9.48449e-07
  5.77969e-03  5.22100e+03  1.44115e-09 -1.18101e-06
  7.19686e-03  5.24834e+03  1.60699e-09 -1.47058e-06
  8.96151e-03  5.27658e+03  1.79009e-09 -1.83117e-06
  1.11588e-02  5.30597e+03  1.99213e-09 -2.28017e-06
  1.38950e-02  5.33683e+03  2.21479e-09 -2.83926e-06
  1.73020e-02  5.36941e+03  2.45974e-09 -3.53543e-06
  2.15443e-02  5.40420e+03  2.72841e-09 -4.40231e-06
  2.68270e-02  5.44151e+03  3.02214e-09 -5.48175e-06
  3.34048e-02  5.48201e+03  3.34170e-09 -6.82585e-06
  4.15956e-02  5.52628e+03  3.68736e-09 -8.49954e-06
  5.17947e-02  5.57506e+03  4.05853e-09 -1.05836e-05
  6.44947e-02  5.62920e+03  4.45355e-09 -1.31786e-05
  8.03086e-02  5.68970e+03  4.86927e-09 -1.64101e-05
  1.00000e-01  5.75758e+03  5.30097e-09 -2.04337e-05
  1.24520e-01  5.83437e+03  5.74146e-09 -2.54440e-05
  1.55052e-01  5.92107e+03  6.18229e-09 -3.16829e-05
  1.93070e-01  6.01949e+03  6.61239e-09 -3.94513e-05
  2.40410e-01  6.13162e+03  7.01870e-09 -4.91247e-05
  2.99358e-01  6.25984e+03  7.38686e-09 -6.11700e-05
  3.72759e-01  6.40933e+03  7.69751e-09 -7.61686e-05
  4.64159e-01  6.57961e+03  7.93977e-09 -9.48449e-05
  5.77969e-01  6.76949e+03  8.11070e-09 -1.18100e-04
  7.19686e-01  7.05326e+03  8.09014e-09 -1.47003e-04
  8.96151e-01  7.35342e+03  7.97407e-09 -1.81364e-04
  1.11588e+00  7.74320e+03  7.66916e-09 -1.09418e-04
  1.38950e+00  8.10871e+03  7.32686e-09 +1.77468e-03
  1.73020e+00  8.33083e+03  7.13339e-09 +5.29636e-03
  2.15443e+00  8.52733e+03  6.95634e-09 +1.44186e-02
  2.68270e+00  8.70878e+03  6.78623e-09 +2.75327e-02
  3.34048e+00  8.87633e+03  6.62511e-09 +4.07029e-02
  4.15956e+00  9.02853e+03  6.47860e-09 +4.96068e-02
  5.17947e+00  9.16896e+03  6.34485e-09 +5.60267e-02
  6.44947e+00  9.30156e+03  6.22052e-09 +6.07211e-02
  8.03086e+00  9.42933e+03  6.10297e-09 +6.42310e-02
  1.00000e+01  9.55453e+03  5.99029e-09 +6.69118e-02
  1.24520e+01  9.67894e+03  5.88105e-09 +6.89972e-02
  1.55052e+01  9.80403e+03  5.77421e-09 +7.06432e-02
  1.93070e+01  9.93113e+03  5.66899e-09 +7.19568e-02
  2.40410e+01  1.00615e+04  5.56479e-09 +7.30129e-02
  2.99358e+01  1.01965e+04  5.46113e-09 +7.38653e-02
  3.72759e+01  1.03375e+04  5.35762e-09 +7.45522e-02
  4.64159e+01  1.04864e+04  5.25387e-09 +7.51013e-02
  5.77969e+01  1.06454e+04  5.14950e-09 +7.55311e-02
  7.19686e+01  1.08176e+04  5.04397e-09 +7.58517e-02
  8.96151e+01  1.10074e+04  4.93652e-09 +7.60638e-02
  1.11588e+02  1.12216e+04  4.82589e-09 +7.61530e-02
  1.38950e+02  1.14717e+04  4.70978e-09 +7.60755e-02
  1.73020e+02  1.17791e+04  4.58365e-09 +7.57111e-02
  2.15443e+02  1.21918e+04  4.43694e-09 +7.46742e-02
  2.68270e+02  1.28553e+04  4.23758e-09 +7.10995e-02
  3.34048e+02  1.45731e+04  3.82782e-09 +4.55896e-02
  4.15956e+02  1.85559e+04  3.23612e-09 +1.08343e-03
  5.17947e+02  2.20748e+04  3.29368e-09 -6.12078e-04
  6.44947e+02  2.29238e+04  3.89724e-09 -6.05864e-04
  8.03086e+02  2.35551e+04  4.58464e-09 -5.46077e-04
  1.00000e+03  2.50891e+04  5.17426e-09 -5.32238e-04
