#n1=128 n2=4 Teff=06100 R=1.7256e+12 L=2.9330e+36 logg=+2.00
#   tau          T          rho         Fconv
 0.00000e+00 3.70738e+03 2.36815e-21 +0.00000e+00
 1.00000e-09 3.70738e+03 7.24504e-17 +0.00000e+00
 1.24520e-09 3.70855e+03 1.09432e-16 +0.00000e+00
 1.55052e-09 3.70971e+03 1.63266e-16 +0.00000e+00
 1.93070e-09 3.71089e+03 2.40662e-16 +0.00000e+00
 2.40410e-09 3.71213e+03 3.50665e-16 +0.00000e+00
 2.99358e-09 3.71344e+03 5.05543e-16 +0.00000e+00
 3.72759e-09 3.71487e+03 7.21976e-16 +0.00000e+00
 4.64159e-09 3.71644e+03 1.02260e-15 +0.00000e+00
 5.77969e-09 3.71817e+03 1.43790e-15 +0.00000e+00
 7.19686e-09 3.72011e+03 2.00838e-15 +0.00000e+00
 8.96151e-09 3.72226e+03 2.78736e-15 +0.00000e+00
 1.11588e-08 3.72465e+03 3.84463e-15 +0.00000e+00
 1.38950e-08 3.72730e+03 5.27163e-15 +0.00000e+00
 1.73020e-08 3.73021e+03 7.18844e-15 +0.00000e+00
 2.15443e-08 3.73341e+03 9.75285e-15 +0.00000e+00
 2.68270e-08 3.73694e+03 1.31718e-14 +0.00000e+00
 3.34048e-08 3.74084e+03 1.77152e-14 +0.00000e+00
 4.15956e-08 3.74519e+03 2.37321e-14 +0.00000e+00
 5.17947e-08 3.75007e+03 3.16707e-14 +0.00000e+00
 6.44947e-08 3.75556e+03 4.21034e-14 +0.00000e+00
 8.03086e-08 3.76177e+03 5.57575e-14 +0.00000e+00
 1.00000e-07 3.76876e+03 7.35547e-14 +0.00000e+00
 1.24520e-07 3.77657e+03 9.66605e-14 +0.00000e+00
 1.55052e-07 3.78523e+03 1.26547e-13 +0.00000e+00
 1.93070e-07 3.79477e+03 1.65073e-13 +0.00000e+00
 2.40410e-07 3.80517e+03 2.14574e-13 +0.00000e+00
 2.99358e-07 3.81640e+03 2.77989e-13 +0.00000e+00
 3.72759e-07 3.82841e+03 3.58995e-13 +0.00000e+00
 4.64159e-07 3.84116e+03 4.62198e-13 +0.00000e+00
 5.77969e-07 3.85458e+03 5.93348e-13 +0.00000e+00
 7.19686e-07 3.86859e+03 7.59617e-13 +0.00000e+00
 8.96151e-07 3.88315e+03 9.69925e-13 +0.00000e+00
 1.11588e-06 3.89821e+03 1.23535e-12 +0.00000e+00
 1.38950e-06 3.91375e+03 1.56962e-12 +0.00000e+00
 1.73020e-06 3.92972e+03 1.98972e-12 +0.00000e+00
 2.15443e-06 3.94610e+03 2.51663e-12 +0.00000e+00
 2.68270e-06 3.96285e+03 3.17618e-12 +0.00000e+00
 3.34048e-06 3.97992e+03 4.00018e-12 +0.00000e+00
 4.15956e-06 3.99726e+03 5.02764e-12 +0.00000e+00
 5.17947e-06 4.01485e+03 6.30635e-12 +0.00000e+00
 6.44947e-06 4.03268e+03 7.89453e-12 +0.00000e+00
 8.03086e-06 4.05086e+03 9.86274e-12 +0.00000e+00
 1.00000e-05 4.06963e+03 1.22959e-11 +0.00000e+00
 1.24520e-05 4.08933e+03 1.52954e-11 +0.00000e+00
 1.55052e-05 4.10997e+03 1.89831e-11 +0.00000e+00
 1.93070e-05 4.13104e+03 2.35068e-11 +0.00000e+00
 2.40410e-05 4.15270e+03 2.90373e-11 +0.00000e+00
 2.99358e-05 4.17526e+03 3.57725e-11 +0.00000e+00
 3.72759e-05 4.19889e+03 4.39411e-11 +0.00000e+00
 4.64159e-05 4.22363e+03 5.38041e-11 +0.00000e+00
 5.77969e-05 4.24954e+03 6.56541e-11 +0.00000e+00
 7.19686e-05 4.27667e+03 7.98140e-11 +0.00000e+00
 8.96151e-05 4.30506e+03 9.66330e-11 +0.00000e+00
 1.11588e-04 4.33473e+03 1.16482e-10 +0.00000e+00
 1.38950e-04 4.36566e+03 1.39746e-10 +0.00000e+00
 1.73020e-04 4.39780e+03 1.66816e-10 +0.00000e+00
 2.15443e-04 4.43111e+03 1.98080e-10 +0.00000e+00
 2.68270e-04 4.46554e+03 2.33907e-10 +0.00000e+00
 3.34048e-04 4.50093e+03 2.74649e-10 +0.00000e+00
 4.15956e-04 4.53704e+03 3.20639e-10 +0.00000e+00
 5.17947e-04 4.57350e+03 3.72201e-10 +0.00000e+00
 6.44947e-04 4.60976e+03 4.29677e-10 +0.00000e+00
 8.03086e-04 4.64521e+03 4.93457e-10 +0.00000e+00
 1.00000e-03 4.67925e+03 5.63995e-10 +0.00000e+00
 1.24520e-03 4.71142e+03 6.41835e-10 -2.54967e-07
 1.55052e-03 4.74138e+03 7.27621e-10 -3.17485e-07
 1.93070e-03 4.76896e+03 8.22134e-10 -3.95331e-07
 2.40410e-03 4.79420e+03 9.26306e-10 -4.92264e-07
 2.99358e-03 4.81732e+03 1.04123e-09 -6.12966e-07
 3.72759e-03 4.83870e+03 1.16817e-09 -7.63264e-07
 4.64159e-03 4.85882e+03 1.30855e-09 -9.50413e-07
 5.77969e-03 4.87815e+03 1.46398e-09 -1.18345e-06
 7.19686e-03 4.89716e+03 1.63623e-09 -1.47364e-06
 8.96151e-03 4.91630e+03 1.82712e-09 -1.83496e-06
 1.11588e-02 4.93602e+03 2.03854e-09 -2.28488e-06
 1.38950e-02 4.95681e+03 2.27232e-09 -2.84513e-06
 1.73020e-02 4.97917e+03 2.53019e-09 -3.54276e-06
 2.15443e-02 5.00364e+03 2.81363e-09 -4.41143e-06
 2.68270e-02 5.03073e+03 3.12380e-09 -5.49309e-06
 3.34048e-02 5.06100e+03 3.46134e-09 -6.83999e-06
 4.15956e-02 5.09503e+03 3.82620e-09 -8.51713e-06
 5.17947e-02 5.13343e+03 4.21739e-09 -1.06055e-05
 6.44947e-02 5.17688e+03 4.63279e-09 -1.32059e-05
 8.03086e-02 5.22607e+03 5.06895e-09 -1.64440e-05
 1.00000e-01 5.28173e+03 5.52101e-09 -2.04760e-05
 1.24520e-01 5.34477e+03 5.98249e-09 -2.54967e-05
 1.55052e-01 5.41613e+03 6.44532e-09 -3.17485e-05
 1.93070e-01 5.49704e+03 6.89962e-09 -3.95331e-05
 2.40410e-01 5.58907e+03 7.33365e-09 -4.92264e-05
 2.99358e-01 5.69433e+03 7.73361e-09 -6.12966e-05
 3.72759e-01 5.81595e+03 8.08305e-09 -7.63264e-05
 4.64159e-01 5.95490e+03 8.37007e-09 -9.50413e-05
 5.77969e-01 6.11885e+03 8.57362e-09 -1.18345e-04
 7.19686e-01 6.31330e+03 8.67796e-09 -1.47358e-04
 8.96151e-01 6.54251e+03 8.67497e-09 -1.83389e-04
 1.11588e+00 6.82165e+03 8.54521e-09 -2.25720e-04
 1.38950e+00 7.14447e+03 8.30438e-09 -2.14205e-04
 1.73020e+00 7.44843e+03 8.04981e-09 +6.81264e-04
 2.15443e+00 7.76593e+03 7.74573e-09 +9.14905e-03
 2.68270e+00 7.98814e+03 7.54176e-09 +2.29939e-02
 3.34048e+00 8.17994e+03 7.36428e-09 +3.87273e-02
 4.15956e+00 8.34446e+03 7.21351e-09 +4.94916e-02
 5.17947e+00 8.48912e+03 7.08333e-09 +5.68455e-02
 6.44947e+00 8.62054e+03 6.96743e-09 +6.19800e-02
 8.03086e+00 8.74319e+03 6.86146e-09 +6.56841e-02
 1.00000e+01 8.86007e+03 6.76254e-09 +6.84381e-02
 1.24520e+01 8.97326e+03 6.66870e-09 +7.05376e-02
 1.55052e+01 9.08428e+03 6.57857e-09 +7.21708e-02
 1.93070e+01 9.19428e+03 6.49118e-09 +7.34616e-02
 2.40410e+01 9.30414e+03 6.40583e-09 +7.44951e-02
 2.99358e+01 9.41463e+03 6.32200e-09 +7.53309e-02
 3.72759e+01 9.52640e+03 6.23934e-09 +7.60121e-02
 4.64159e+01 9.64006e+03 6.15757e-09 +7.65709e-02
 5.77969e+01 9.75620e+03 6.07653e-09 +7.70314e-02
 7.19686e+01 9.87545e+03 5.99610e-09 +7.74122e-02
 8.96151e+01 9.99848e+03 5.91623e-09 +7.77274e-02
 1.11588e+02 1.01260e+04 5.83692e-09 +7.79888e-02
 1.38950e+02 1.02590e+04 5.75816e-09 +7.82051e-02
 1.73020e+02 1.03986e+04 5.67998e-09 +7.83832e-02
 2.15443e+02 1.05461e+04 5.60241e-09 +7.85286e-02
 2.68270e+02 1.07035e+04 5.52542e-09 +7.86454e-02
 3.34048e+02 1.08732e+04 5.44888e-09 +7.87360e-02
 4.15956e+02 1.10589e+04 5.37251e-09 +7.88010e-02
 5.17947e+02 1.12660e+04 5.29568e-09 +7.88393e-02
 6.44947e+02 1.15029e+04 5.21709e-09 +7.88444e-02
 8.03086e+02 1.17845e+04 5.13416e-09 +7.88005e-02
 1.00000e+03 1.21399e+04 5.04129e-09 +7.86644e-02
