#n1=128 n2=4 Teff=06700 R=1.8943e+12 L=5.1453e+36 logg=+2.00
#      tau          T          rho         Fconv
  0.00000e+00  3.88722e+03  2.06847e-21 +0.00000e+00
  1.00000e-09  3.88722e+03  4.79001e-18 +0.00000e+00
  1.24520e-09  3.88929e+03  7.15293e-18 +0.00000e+00
  1.55052e-09  3.89153e+03  1.06259e-17 +0.00000e+00
  1.93070e-09  3.89405e+03  1.56838e-17 +0.00000e+00
  2.40410e-09  3.89695e+03  2.29965e-17 +0.00000e+00
  2.99358e-09  3.90037e+03  3.35233e-17 +0.00000e+00
  3.72759e-09  3.90451e+03  4.86490e-17 +0.00000e+00
  4.64159e-09  3.90956e+03  7.03578e-17 +0.00000e+00
  5.77969e-09  3.91574e+03  1.01425e-16 +0.00000e+00
  7.19686e-09  3.92326e+03  1.45624e-16 +0.00000e+00
  8.96151e-09  3.93234e+03  2.08143e-16 +0.00000e+00
  1.11588e-08  3.94324e+03  2.96421e-16 +0.00000e+00
  1.38950e-08  3.95638e+03  4.21091e-16 +0.00000e+00
  1.73020e-08  3.97217e+03  5.96720e-16 +0.00000e+00
  2.15443e-08  3.99094e+03  8.42900e-16 +0.00000e+00
  2.68270e-08  4.01292e+03  1.18592e-15 +0.00000e+00
  3.34048e-08  4.03816e+03  1.66089e-15 +0.00000e+00
  4.15956e-08  4.06650e+03  2.31458e-15 +0.00000e+00
  5.17947e-08  4.09756e+03  3.20899e-15 +0.00000e+00
  6.44947e-08  4.13072e+03  4.42626e-15 +0.00000e+00
  8.03086e-08  4.16516e+03  6.07557e-15 +0.00000e+00
  1.00000e-07  4.19989e+03  8.30248e-15 +0.00000e+00
  1.24520e-07  4.23393e+03  1.13023e-14 +0.00000e+00
  1.55052e-07  4.26644e+03  1.53392e-14 +0.00000e+00
  1.93070e-07  4.29688e+03  2.07730e-14 +0.00000e+00
  2.40410e-07  4.32508e+03  2.80955e-14 +0.00000e+00
  2.99358e-07  4.35131e+03  3.79771e-14 +0.00000e+00
  3.72759e-07  4.37609e+03  5.13181e-14 +0.00000e+00
  4.64159e-07  4.40003e+03  6.93131e-14 +0.00000e+00
  5.77969e-07  4.42356e+03  9.35427e-14 +0.00000e+00
  7.19686e-07  4.44692e+03  1.26098e-13 +0.00000e+00
  8.96151e-07  4.47018e+03  1.69731e-13 +0.00000e+00
  1.11588e-06  4.49334e+03  2.28047e-13 +0.00000e+00
  1.38950e-06  4.51638e+03  3.05735e-13 +0.00000e+00
  1.73020e-06  4.53930e+03  4.08857e-13 +0.00000e+00
  2.15443e-06  4.56219e+03  5.45174e-13 +0.00000e+00
  2.68270e-06  4.58515e+03  7.24522e-13 +0.00000e+00
  3.34048e-06  4.60832e+03  9.59213e-13 +0.00000e+00
  4.15956e-06  4.63183e+03  1.26450e-12 +0.00000e+00
  5.17947e-06  4.65577e+03  1.65904e-12 +0.00000e+00
  6.44947e-06  4.68021e+03  2.16541e-12 +0.00000e+00
  8.03086e-06  4.70515e+03  2.81062e-12 +0.00000e+00
  1.00000e-05  4.73054e+03  3.62659e-12 +0.00000e+00
  1.24520e-05  4.75633e+03  4.65056e-12 +0.00000e+00
  1.55052e-05  4.78246e+03  5.92546e-12 +0.00000e+00
  1.93070e-05  4.80888e+03  7.50002e-12 +0.00000e+00
  2.40410e-05  4.83552e+03  9.42876e-12 +0.00000e+00
  2.99358e-05  4.86236e+03  1.17718e-11 +0.00000e+00
  3.72759e-05  4.88934e+03  1.45945e-11 +0.00000e+00
  4.64159e-05  4.91640e+03  1.79672e-11 +0.00000e+00
  5.77969e-05  4.94350e+03  2.19645e-11 +0.00000e+00
  7.19686e-05  4.97059e+03  2.66657e-11 +0.00000e+00
  8.96151e-05  4.99764e+03  3.21537e-11 +0.00000e+00
  1.11588e-04  5.02461e+03  3.85162e-11 +0.00000e+00
  1.38950e-04  5.05147e+03  4.58450e-11 +0.00000e+00
  1.73020e-04  5.07823e+03  5.42373e-11 +0.00000e+00
  2.15443e-04  5.10489e+03  6.37961e-11 +0.00000e+00
  2.68270e-04  5.13145e+03  7.46305e-11 +0.00000e+00
  3.34048e-04  5.15794e+03  8.68567e-11 +0.00000e+00
  4.15956e-04  5.18438e+03  1.00598e-10 +0.00000e+00
  5.17947e-04  5.21081e+03  1.15986e-10 +0.00000e+00
  6.44947e-04  5.23725e+03  1.33166e-10 +0.00000e+00
  8.03086e-04  5.26374e+03  1.52295e-10 +0.00000e+00
  1.00000e-03  5.29029e+03  1.73551e-10 +0.00000e+00
  1.24520e-03  5.31692e+03  1.97134e-10 -2.54906e-07
  1.55052e-03  5.34366e+03  2.23270e-10 -3.17409e-07
  1.93070e-03  5.37051e+03  2.52222e-10 -3.95237e-07
  2.40410e-03  5.39751e+03  2.84300e-10 -4.92148e-07
  2.99358e-03  5.42469e+03  3.19854e-10 -6.12821e-07
  3.72759e-03  5.45211e+03  3.59282e-10 -7.63082e-07
  4.64159e-03  5.47988e+03  4.03025e-10 -9.50186e-07
  5.77969e-03  5.50806e+03  4.51568e-10 -1.18317e-06
  7.19686e-03  5.53690e+03  5.05412e-10 -1.47328e-06
  8.96151e-03  5.56657e+03  5.65076e-10 -1.83453e-06
  1.11588e-02  5.59732e+03  6.31082e-10 -2.28434e-06
  1.38950e-02  5.62951e+03  7.03928e-10 -2.84446e-06
  1.73020e-02  5.66342e+03  7.84093e-10 -3.54191e-06
  2.15443e-02  5.69956e+03  8.71962e-10 -4.41039e-06
  2.68270e-02  5.73830e+03  9.67854e-10 -5.49179e-06
  3.34048e-02  5.78031e+03  1.07187e-09 -6.83837e-06
  4.15956e-02  5.82621e+03  1.18391e-09 -8.51511e-06
  5.17947e-02  5.87669e+03  1.30357e-09 -1.06030e-05
  6.44947e-02  5.93285e+03  1.42999e-09 -1.32028e-05
  8.03086e-02  5.99601e+03  1.56170e-09 -1.64401e-05
  1.00000e-01  6.06751e+03  1.69666e-09 -2.04711e-05
  1.24520e-01  6.14915e+03  1.83200e-09 -2.54906e-05
  1.55052e-01  6.24252e+03  1.96431e-09 -3.17409e-05
  1.93070e-01  6.34983e+03  2.08939e-09 -3.95237e-05
  2.40410e-01  6.47318e+03  2.20262e-09 -4.92148e-05
  2.99358e-01  6.61576e+03  2.29870e-09 -6.12821e-05
  3.72759e-01  6.78307e+03  2.37105e-09 -7.63082e-05
  4.64159e-01  6.97746e+03  2.41469e-09 -9.50186e-05
  5.77969e-01  7.21540e+03  2.41865e-09 -1.18316e-04
  7.19686e-01  7.52536e+03  2.36489e-09 -1.47218e-04
  8.96151e-01  7.87583e+03  2.26451e-09 -1.73254e-04
  1.11588e+00  8.33704e+03  2.08114e-09 +1.20301e-03
  1.38950e+00  8.61962e+03  1.96201e-09 +4.67804e-03
  1.73020e+00  8.81212e+03  1.88104e-09 +9.72990e-03
  2.15443e+00  8.98891e+03  1.80526e-09 +1.86669e-02
  2.68270e+00  9.16004e+03  1.73099e-09 +2.98043e-02
  3.34048e+00  9.32926e+03  1.65757e-09 +4.03039e-02
  4.15956e+00  9.49466e+03  1.58731e-09 +4.68899e-02
  5.17947e+00  9.65976e+03  1.51967e-09 +5.15731e-02
  6.44947e+00  9.82980e+03  1.45347e-09 +5.47832e-02
  8.03086e+00  1.00110e+04  1.38755e-09 +5.67547e-02
  1.00000e+01  1.02120e+04  1.32068e-09 +5.74821e-02
  1.24520e+01  1.04476e+04  1.25124e-09 +5.65506e-02
  1.55052e+01  1.07478e+04  1.17644e-09 +5.24075e-02
  1.93070e+01  1.11945e+04  1.09004e-09 +3.86282e-02
  2.40410e+01  1.20346e+04  9.84016e-10 +3.20181e-03
  2.99358e+01  1.44237e+04  8.22162e-10 -6.13793e-04
  3.72759e+01  1.40475e+04  8.84664e-10 -6.12807e-04
  4.64159e+01  1.50407e+04  8.66193e-10 -6.13409e-04
  5.77969e+01  1.53093e+04  9.07903e-10 -6.12738e-04
  7.19686e+01  1.64343e+04  9.09628e-10 -6.13829e-04
  8.96151e+01  1.65999e+04  9.90506e-10 -6.13238e-04
  1.11588e+02  1.73837e+04  1.04595e-09 -6.13894e-04
  1.38950e+02  1.80839e+04  1.13035e-09 -6.14026e-04
  1.73020e+02  1.88387e+04  1.23542e-09 -6.14073e-04
  2.15443e+02  1.96406e+04  1.36392e-09 -6.14083e-04
  2.68270e+02  2.04912e+04  1.51808e-09 -6.14070e-04
  3.34048e+02  2.13875e+04  1.70074e-09 -6.14027e-04
  4.15956e+02  2.23179e+04  1.91566e-09 -6.13904e-04
  5.17947e+02  2.32748e+04  2.16816e-09 -6.13531e-04
  6.44947e+02  2.38899e+04  2.48664e-09 -6.10480e-04
  8.03086e+02  2.74415e+04  2.61935e-09 -6.14087e-04
  1.00000e+03  2.88022e+04  3.05138e-09 -6.13844e-04
