#n1=128 n2=4 Teff=06200 R=8.2416e+11 L=7.1584e+35 logg=+2.50
#   tau          T          rho         Fconv
 0.00000e+00 3.79208e+03 2.15852e-21 +0.00000e+00
 1.00000e-09 3.79208e+03 2.55246e-16 +0.00000e+00
 1.24520e-09 3.79298e+03 3.84657e-16 +0.00000e+00
 1.55052e-09 3.79392e+03 5.72467e-16 +0.00000e+00
 1.93070e-09 3.79491e+03 8.41922e-16 +0.00000e+00
 2.40410e-09 3.79600e+03 1.22436e-15 +0.00000e+00
 2.99358e-09 3.79720e+03 1.76248e-15 +0.00000e+00
 3.72759e-09 3.79856e+03 2.51453e-15 +0.00000e+00
 4.64159e-09 3.80009e+03 3.55951e-15 +0.00000e+00
 5.77969e-09 3.80183e+03 5.00320e-15 +0.00000e+00
 7.19686e-09 3.80379e+03 6.98520e-15 +0.00000e+00
 8.96151e-09 3.80600e+03 9.68806e-15 +0.00000e+00
 1.11588e-08 3.80846e+03 1.33501e-14 +0.00000e+00
 1.38950e-08 3.81119e+03 1.82827e-14 +0.00000e+00
 1.73020e-08 3.81421e+03 2.48938e-14 +0.00000e+00
 2.15443e-08 3.81752e+03 3.37169e-14 +0.00000e+00
 2.68270e-08 3.82117e+03 4.54458e-14 +0.00000e+00
 3.34048e-08 3.82522e+03 6.09793e-14 +0.00000e+00
 4.15956e-08 3.82973e+03 8.14719e-14 +0.00000e+00
 5.17947e-08 3.83479e+03 1.08397e-13 +0.00000e+00
 6.44947e-08 3.84051e+03 1.43625e-13 +0.00000e+00
 8.03086e-08 3.84695e+03 1.89517e-13 +0.00000e+00
 1.00000e-07 3.85417e+03 2.49048e-13 +0.00000e+00
 1.24520e-07 3.86222e+03 3.25953e-13 +0.00000e+00
 1.55052e-07 3.87112e+03 4.24920e-13 +0.00000e+00
 1.93070e-07 3.88087e+03 5.51816e-13 +0.00000e+00
 2.40410e-07 3.89147e+03 7.13974e-13 +0.00000e+00
 2.99358e-07 3.90288e+03 9.20537e-13 +0.00000e+00
 3.72759e-07 3.91507e+03 1.18288e-12 +0.00000e+00
 4.64159e-07 3.92800e+03 1.51512e-12 +0.00000e+00
 5.77969e-07 3.94160e+03 1.93472e-12 +0.00000e+00
 7.19686e-07 3.95585e+03 2.46325e-12 +0.00000e+00
 8.96151e-07 3.97071e+03 3.12730e-12 +0.00000e+00
 1.11588e-06 3.98614e+03 3.95951e-12 +0.00000e+00
 1.38950e-06 4.00209e+03 4.99989e-12 +0.00000e+00
 1.73020e-06 4.01851e+03 6.29733e-12 +0.00000e+00
 2.15443e-06 4.03529e+03 7.91146e-12 +0.00000e+00
 2.68270e-06 4.05234e+03 9.91480e-12 +0.00000e+00
 3.34048e-06 4.06953e+03 1.23952e-11 +0.00000e+00
 4.15956e-06 4.08676e+03 1.54589e-11 +0.00000e+00
 5.17947e-06 4.10402e+03 1.92333e-11 +0.00000e+00
 6.44947e-06 4.12138e+03 2.38704e-11 +0.00000e+00
 8.03086e-06 4.13907e+03 2.95495e-11 +0.00000e+00
 1.00000e-05 4.15738e+03 3.64812e-11 +0.00000e+00
 1.24520e-05 4.17651e+03 4.49118e-11 +0.00000e+00
 1.55052e-05 4.19667e+03 5.51245e-11 +0.00000e+00
 1.93070e-05 4.21739e+03 6.74544e-11 +0.00000e+00
 2.40410e-05 4.23873e+03 8.22741e-11 +0.00000e+00
 2.99358e-05 4.26095e+03 9.99971e-11 +0.00000e+00
 3.72759e-05 4.28414e+03 1.21081e-10 +0.00000e+00
 4.64159e-05 4.30837e+03 1.46024e-10 +0.00000e+00
 5.77969e-05 4.33367e+03 1.75359e-10 +0.00000e+00
 7.19686e-05 4.36011e+03 2.09641e-10 +0.00000e+00
 8.96151e-05 4.38776e+03 2.49441e-10 +0.00000e+00
 1.11588e-04 4.41666e+03 2.95335e-10 +0.00000e+00
 1.38950e-04 4.44682e+03 3.47891e-10 +0.00000e+00
 1.73020e-04 4.47819e+03 4.07665e-10 +0.00000e+00
 2.15443e-04 4.51075e+03 4.75185e-10 +0.00000e+00
 2.68270e-04 4.54444e+03 5.50945e-10 +0.00000e+00
 3.34048e-04 4.57911e+03 6.35413e-10 +0.00000e+00
 4.15956e-04 4.61454e+03 7.29042e-10 +0.00000e+00
 5.17947e-04 4.65035e+03 8.32309e-10 +0.00000e+00
 6.44947e-04 4.68603e+03 9.45767e-10 +0.00000e+00
 8.03086e-04 4.72095e+03 1.07011e-09 +0.00000e+00
 1.00000e-03 4.75455e+03 1.20619e-09 +0.00000e+00
 1.24520e-03 4.78635e+03 1.35508e-09 -2.54313e-07
 1.55052e-03 4.81603e+03 1.51806e-09 -3.16671e-07
 1.93070e-03 4.84342e+03 1.69669e-09 -3.94318e-07
 2.40410e-03 4.86852e+03 1.89285e-09 -4.91003e-07
 2.99358e-03 4.89158e+03 2.10868e-09 -6.11396e-07
 3.72759e-03 4.91296e+03 2.34663e-09 -7.61309e-07
 4.64159e-03 4.93312e+03 2.60943e-09 -9.47980e-07
 5.77969e-03 4.95252e+03 2.90014e-09 -1.18042e-06
 7.19686e-03 4.97162e+03 3.22212e-09 -1.46986e-06
 8.96151e-03 4.99087e+03 3.57897e-09 -1.83027e-06
 1.11588e-02 5.01072e+03 3.97437e-09 -2.27903e-06
 1.38950e-02 5.03166e+03 4.41200e-09 -2.83784e-06
 1.73020e-02 5.05418e+03 4.89531e-09 -3.53369e-06
 2.15443e-02 5.07882e+03 5.42735e-09 -4.40013e-06
 2.68270e-02 5.10610e+03 6.01056e-09 -5.47903e-06
 3.34048e-02 5.13660e+03 6.64637e-09 -6.82247e-06
 4.15956e-02 5.17090e+03 7.33487e-09 -8.49533e-06
 5.17947e-02 5.20964e+03 8.07437e-09 -1.05784e-05
 6.44947e-02 5.25350e+03 8.86101e-09 -1.31722e-05
 8.03086e-02 5.30319e+03 9.68841e-09 -1.64019e-05
 1.00000e-01 5.35950e+03 1.05474e-08 -2.04236e-05
 1.24520e-01 5.42335e+03 1.14258e-08 -2.54313e-05
 1.55052e-01 5.49573e+03 1.23082e-08 -3.16671e-05
 1.93070e-01 5.57793e+03 1.31756e-08 -3.94318e-05
 2.40410e-01 5.67157e+03 1.40055e-08 -4.91003e-05
 2.99358e-01 5.77881e+03 1.47713e-08 -6.11396e-05
 3.72759e-01 5.90276e+03 1.54416e-08 -7.61309e-05
 4.64159e-01 6.04460e+03 1.59933e-08 -9.47979e-05
 5.77969e-01 6.21178e+03 1.63876e-08 -1.18040e-04
 7.19686e-01 6.40982e+03 1.65953e-08 -1.46945e-04
 8.96151e-01 6.64326e+03 1.66008e-08 -1.82198e-04
 1.11588e+00 6.92664e+03 1.63702e-08 -2.09309e-04
 1.38950e+00 7.25556e+03 1.59294e-08 +9.45372e-05
 1.73020e+00 7.57136e+03 1.54479e-08 +3.16614e-03
 2.15443e+00 7.81417e+03 1.50962e-08 +1.14352e-02
 2.68270e+00 8.03063e+03 1.47787e-08 +2.56605e-02
 3.34048e+00 8.22211e+03 1.44995e-08 +4.03566e-02
 4.15956e+00 8.38879e+03 1.42647e-08 +5.02498e-02
 5.17947e+00 8.53694e+03 1.40657e-08 +5.71640e-02
 6.44947e+00 8.67237e+03 1.38927e-08 +6.20858e-02
 8.03086e+00 8.79912e+03 1.37391e-08 +6.56878e-02
 1.00000e+01 8.91998e+03 1.36003e-08 +6.83933e-02
 1.24520e+01 9.03689e+03 1.34735e-08 +7.04708e-02
 1.55052e+01 9.15129e+03 1.33564e-08 +7.20952e-02
 1.93070e+01 9.26423e+03 1.32477e-08 +7.33838e-02
 2.40410e+01 9.37654e+03 1.31465e-08 +7.44183e-02
 2.99358e+01 9.48890e+03 1.30521e-08 +7.52565e-02
 3.72759e+01 9.60186e+03 1.29643e-08 +7.59410e-02
 4.64159e+01 9.71591e+03 1.28829e-08 +7.65032e-02
 5.77969e+01 9.83149e+03 1.28079e-08 +7.69674e-02
 7.19686e+01 9.94903e+03 1.27395e-08 +7.73522e-02
 8.96151e+01 1.00689e+04 1.26782e-08 +7.76721e-02
 1.11588e+02 1.01916e+04 1.26242e-08 +7.79388e-02
 1.38950e+02 1.03176e+04 1.25782e-08 +7.81614e-02
 1.73020e+02 1.04473e+04 1.25405e-08 +7.83477e-02
 2.15443e+02 1.05886e+04 1.24874e-08 +7.84481e-02
 2.68270e+02 1.07342e+04 1.24442e-08 +7.85959e-02
 3.34048e+02 1.08838e+04 1.24168e-08 +7.87201e-02
 4.15956e+02 1.10384e+04 1.24072e-08 +7.88207e-02
 5.17947e+02 1.11996e+04 1.24158e-08 +7.89018e-02
 6.44947e+02 1.13696e+04 1.24431e-08 +7.89671e-02
 8.03086e+02 1.15502e+04 1.24907e-08 +7.90204e-02
 1.00000e+03 1.17441e+04 1.25607e-08 +7.90618e-02
