#n1=128 n2=4 Teff=06900 R=1.5512e+13 L=3.8774e+38 logg=+0.50
#   tau          T          rho         Fconv
 0.00000e+00 4.59506e+03 1.71024e-21 +0.00000e+00
 1.00000e-09 4.59506e+03 1.60122e-20 +0.00000e+00
 1.24520e-09 4.59772e+03 2.01682e-20 +0.00000e+00
 1.55052e-09 4.59816e+03 2.55401e-20 +0.00000e+00
 1.93070e-09 4.60148e+03 3.26963e-20 +0.00000e+00
 2.40410e-09 4.60491e+03 4.22066e-20 +0.00000e+00
 2.99358e-09 4.60844e+03 5.48678e-20 +0.00000e+00
 3.72759e-09 4.61204e+03 7.17745e-20 +0.00000e+00
 4.64159e-09 4.61571e+03 9.43345e-20 +0.00000e+00
 5.77969e-09 4.61943e+03 1.24394e-19 +0.00000e+00
 7.19686e-09 4.62320e+03 1.64330e-19 +0.00000e+00
 8.96151e-09 4.62700e+03 2.17245e-19 +0.00000e+00
 1.11588e-08 4.63083e+03 2.87247e-19 +0.00000e+00
 1.38950e-08 4.63468e+03 3.79861e-19 +0.00000e+00
 1.73020e-08 4.63856e+03 5.02648e-19 +0.00000e+00
 2.15443e-08 4.64246e+03 6.66224e-19 +0.00000e+00
 2.68270e-08 4.64640e+03 8.85467e-19 +0.00000e+00
 3.34048e-08 4.65039e+03 1.18104e-18 +0.00000e+00
 4.15956e-08 4.65443e+03 1.58201e-18 +0.00000e+00
 5.17947e-08 4.65854e+03 2.12914e-18 +0.00000e+00
 6.44947e-08 4.66272e+03 2.88268e-18 +0.00000e+00
 8.03086e-08 4.66695e+03 3.93136e-18 +0.00000e+00
 1.00000e-07 4.67127e+03 5.39727e-18 +0.00000e+00
 1.24520e-07 4.67566e+03 7.45043e-18 +0.00000e+00
 1.55052e-07 4.68013e+03 1.03297e-17 +0.00000e+00
 1.93070e-07 4.68466e+03 1.43681e-17 +0.00000e+00
 2.40410e-07 4.68923e+03 2.00275e-17 +0.00000e+00
 2.99358e-07 4.69384e+03 2.79458e-17 +0.00000e+00
 3.72759e-07 4.69846e+03 3.90041e-17 +0.00000e+00
 4.64159e-07 4.70308e+03 5.44234e-17 +0.00000e+00
 5.77969e-07 4.70769e+03 7.58971e-17 +0.00000e+00
 7.19686e-07 4.71230e+03 1.05784e-16 +0.00000e+00
 8.96151e-07 4.71690e+03 1.47395e-16 +0.00000e+00
 1.11588e-06 4.72150e+03 2.05390e-16 +0.00000e+00
 1.38950e-06 4.72613e+03 2.86358e-16 +0.00000e+00
 1.73020e-06 4.73081e+03 3.99639e-16 +0.00000e+00
 2.15443e-06 4.73555e+03 5.58487e-16 +0.00000e+00
 2.68270e-06 4.74041e+03 7.81682e-16 +0.00000e+00
 3.34048e-06 4.74540e+03 1.09576e-15 +0.00000e+00
 4.15956e-06 4.75057e+03 1.53798e-15 +0.00000e+00
 5.17947e-06 4.75595e+03 2.16053e-15 +0.00000e+00
 6.44947e-06 4.76161e+03 3.03662e-15 +0.00000e+00
 8.03086e-06 4.76760e+03 4.26908e-15 +0.00000e+00
 1.00000e-05 4.77400e+03 6.00203e-15 +0.00000e+00
 1.24520e-05 4.78092e+03 8.43716e-15 +0.00000e+00
 1.55052e-05 4.78850e+03 1.18560e-14 +0.00000e+00
 1.93070e-05 4.79690e+03 1.66503e-14 +0.00000e+00
 2.40410e-05 4.80634e+03 2.33609e-14 +0.00000e+00
 2.99358e-05 4.81709e+03 3.27310e-14 +0.00000e+00
 3.72759e-05 4.82947e+03 4.57740e-14 +0.00000e+00
 4.64159e-05 4.84381e+03 6.38618e-14 +0.00000e+00
 5.77969e-05 4.86049e+03 8.88325e-14 +0.00000e+00
 7.19686e-05 4.87986e+03 1.23118e-13 +0.00000e+00
 8.96151e-05 4.90221e+03 1.69906e-13 +0.00000e+00
 1.11588e-04 4.92780e+03 2.33304e-13 +0.00000e+00
 1.38950e-04 4.95728e+03 3.18494e-13 +0.00000e+00
 1.73020e-04 4.98963e+03 4.31883e-13 +0.00000e+00
 2.15443e-04 5.02482e+03 5.80813e-13 +0.00000e+00
 2.68270e-04 5.06232e+03 7.73868e-13 +0.00000e+00
 3.34048e-04 5.10122e+03 1.02084e-12 +0.00000e+00
 4.15956e-04 5.13974e+03 1.33303e-12 +0.00000e+00
 5.17947e-04 5.17833e+03 1.72265e-12 +0.00000e+00
 6.44947e-04 5.21512e+03 2.20487e-12 +0.00000e+00
 8.03086e-04 5.24842e+03 2.79765e-12 +0.00000e+00
 1.00000e-03 5.27899e+03 3.52084e-12 +0.00000e+00
 1.24520e-03 5.30610e+03 4.40076e-12 -2.55145e-07
 1.55052e-03 5.32972e+03 5.47047e-12 -3.17705e-07
 1.93070e-03 5.35032e+03 6.77210e-12 -3.95606e-07
 2.40410e-03 5.36869e+03 8.35873e-12 -4.92607e-07
 2.99358e-03 5.38570e+03 1.02954e-11 -6.13393e-07
 3.72759e-03 5.40217e+03 1.26588e-11 -7.63795e-07
 4.64159e-03 5.41878e+03 1.55361e-11 -9.51073e-07
 5.77969e-03 5.43610e+03 1.90217e-11 -1.18428e-06
 7.19686e-03 5.45454e+03 2.32144e-11 -1.47466e-06
 8.96151e-03 5.47447e+03 2.82142e-11 -1.83624e-06
 1.11588e-02 5.49619e+03 3.41189e-11 -2.28648e-06
 1.38950e-02 5.52004e+03 4.10190e-11 -2.84712e-06
 1.73020e-02 5.54641e+03 4.89914e-11 -3.54522e-06
 2.15443e-02 5.57575e+03 5.80928e-11 -4.41450e-06
 2.68270e-02 5.60860e+03 6.83504e-11 -5.49692e-06
 3.34048e-02 5.64561e+03 7.97533e-11 -6.84475e-06
 4.15956e-02 5.68751e+03 9.22422e-11 -8.52307e-06
 5.17947e-02 5.73519e+03 1.05699e-10 -1.06129e-05
 6.44947e-02 5.78971e+03 1.19937e-10 -1.32151e-05
 8.03086e-02 5.85231e+03 1.34687e-10 -1.64555e-05
 1.00000e-01 5.92449e+03 1.49589e-10 -2.04903e-05
 1.24520e-01 6.00805e+03 1.64192e-10 -2.55145e-05
 1.55052e-01 6.10510e+03 1.77951e-10 -3.17705e-05
 1.93070e-01 6.21817e+03 1.90246e-10 -3.95629e-05
 2.40410e-01 6.35030e+03 2.00402e-10 -4.92606e-05
 2.99358e-01 6.50508e+03 2.07730e-10 -6.13394e-05
 3.72759e-01 6.68667e+03 2.11564e-10 -7.63795e-05
 4.64159e-01 6.89963e+03 2.11311e-10 -9.51073e-05
 5.77969e-01 7.14842e+03 2.06472e-10 -1.18428e-04
 7.19686e-01 7.43662e+03 1.96657e-10 -1.47460e-04
 8.96151e-01 7.76586e+03 1.81693e-10 -1.83076e-04
 1.11588e+00 8.13395e+03 1.62133e-10 -1.92221e-04
 1.38950e+00 8.52426e+03 1.40743e-10 +1.87840e-04
 1.73020e+00 8.79363e+03 1.27373e-10 +2.63017e-04
 2.15443e+00 9.04080e+03 1.16919e-10 +1.29537e-04
 2.68270e+00 9.29241e+03 1.08312e-10 -2.52081e-04
 3.34048e+00 9.56319e+03 1.01225e-10 -5.44035e-04
 4.15956e+00 9.86792e+03 9.54337e-11 -6.07961e-04
 5.17947e+00 1.02400e+04 9.04869e-11 -6.14454e-04
 6.44947e+00 1.07224e+04 8.60954e-11 -6.14705e-04
 8.03086e+00 1.08691e+04 8.61688e-11 -6.14707e-04
 1.00000e+01 1.12992e+04 8.42815e-11 -6.14708e-04
 1.24520e+01 1.18541e+04 8.24761e-11 -6.14709e-04
 1.55052e+01 1.28685e+04 7.89322e-11 -6.14709e-04
 1.93070e+01 1.24756e+04 8.59253e-11 -6.14709e-04
 2.40410e+01 1.35617e+04 8.37512e-11 -6.14709e-04
 2.99358e+01 1.37174e+04 8.94066e-11 -6.14708e-04
 3.72759e+01 1.44189e+04 9.22889e-11 -6.14708e-04
 4.64159e+01 1.50258e+04 9.77794e-11 -6.14709e-04
 5.77969e+01 1.57991e+04 1.04340e-10 -6.14709e-04
 7.19686e+01 1.71136e+04 1.11040e-10 -6.14709e-04
 8.96151e+01 1.73710e+04 1.27382e-10 -6.14709e-04
 1.11588e+02 1.82555e+04 1.41945e-10 -6.14709e-04
 1.38950e+02 1.90844e+04 1.60492e-10 -6.14709e-04
 1.73020e+02 1.99835e+04 1.82453e-10 -6.14709e-04
 2.15443e+02 2.07296e+04 2.09857e-10 -6.14709e-04
 2.68270e+02 2.25953e+04 2.33207e-10 -6.14709e-04
 3.34048e+02 2.32795e+04 2.74457e-10 -6.14709e-04
 4.15956e+02 2.38428e+04 3.22273e-10 -6.14708e-04
 5.17947e+02 2.59428e+04 3.60652e-10 -6.14709e-04
 6.44947e+02 2.63441e+04 4.29325e-10 -6.14708e-04
 8.03086e+02 2.77619e+04 4.90543e-10 -6.14708e-04
 1.00000e+03 2.97274e+04 5.54989e-10 -6.14708e-04
