#n1=128 n2=4 Teff=06500 R=1.4618e+13 L=2.7117e+38 logg=+0.50
#      tau          T          rho         Fconv
  0.00000e+00  3.72209e+03  2.26329e-21 +0.00000e+00
  1.00000e-09  3.72209e+03  4.05868e-20 +0.00000e+00
  1.24520e-09  3.72511e+03  5.53912e-20 +0.00000e+00
  1.55052e-09  3.72820e+03  7.66527e-20 +0.00000e+00
  1.93070e-09  3.73145e+03  1.06942e-19 +0.00000e+00
  2.40410e-09  3.73487e+03  1.49891e-19 +0.00000e+00
  2.99358e-09  3.73845e+03  2.10472e-19 +0.00000e+00
  3.72759e-09  3.74223e+03  2.95400e-19 +0.00000e+00
  4.64159e-09  3.74621e+03  4.13675e-19 +0.00000e+00
  5.77969e-09  3.75046e+03  5.77374e-19 +0.00000e+00
  7.19686e-09  3.75501e+03  8.02984e-19 +0.00000e+00
  8.96151e-09  3.75996e+03  1.11342e-18 +0.00000e+00
  1.11588e-08  3.76543e+03  1.54121e-18 +0.00000e+00
  1.38950e-08  3.77156e+03  2.13327e-18 +0.00000e+00
  1.73020e-08  3.77856e+03  2.95803e-18 +0.00000e+00
  2.15443e-08  3.78668e+03  4.11181e-18 +0.00000e+00
  2.68270e-08  3.79620e+03  5.73128e-18 +0.00000e+00
  3.34048e-08  3.80742e+03  7.99836e-18 +0.00000e+00
  4.15956e-08  3.82060e+03  1.11633e-17 +0.00000e+00
  5.17947e-08  3.83599e+03  1.55785e-17 +0.00000e+00
  6.44947e-08  3.85386e+03  2.17359e-17 +0.00000e+00
  8.03086e-08  3.87441e+03  3.03019e-17 +0.00000e+00
  1.00000e-07  3.89777e+03  4.21752e-17 +0.00000e+00
  1.24520e-07  3.92395e+03  5.85715e-17 +0.00000e+00
  1.55052e-07  3.95283e+03  8.11301e-17 +0.00000e+00
  1.93070e-07  3.98404e+03  1.12065e-16 +0.00000e+00
  2.40410e-07  4.01715e+03  1.54361e-16 +0.00000e+00
  2.99358e-07  4.05159e+03  2.12024e-16 +0.00000e+00
  3.72759e-07  4.08662e+03  2.90440e-16 +0.00000e+00
  4.64159e-07  4.12152e+03  3.96867e-16 +0.00000e+00
  5.77969e-07  4.15559e+03  5.41183e-16 +0.00000e+00
  7.19686e-07  4.18838e+03  7.36934e-16 +0.00000e+00
  8.96151e-07  4.21972e+03  1.00281e-15 +0.00000e+00
  1.11588e-06  4.24975e+03  1.36451e-15 +0.00000e+00
  1.38950e-06  4.27876e+03  1.85694e-15 +0.00000e+00
  1.73020e-06  4.30709e+03  2.52743e-15 +0.00000e+00
  2.15443e-06  4.33503e+03  3.44026e-15 +0.00000e+00
  2.68270e-06  4.36283e+03  4.68233e-15 +0.00000e+00
  3.34048e-06  4.39060e+03  6.37070e-15 +0.00000e+00
  4.15956e-06  4.41840e+03  8.66279e-15 +0.00000e+00
  5.17947e-06  4.44629e+03  1.17695e-14 +0.00000e+00
  6.44947e-06  4.47426e+03  1.59718e-14 +0.00000e+00
  8.03086e-06  4.50234e+03  2.16417e-14 +0.00000e+00
  1.00000e-05  4.53050e+03  2.92667e-14 +0.00000e+00
  1.24520e-05  4.55870e+03  3.94829e-14 +0.00000e+00
  1.55052e-05  4.58686e+03  5.31158e-14 +0.00000e+00
  1.93070e-05  4.61493e+03  7.12309e-14 +0.00000e+00
  2.40410e-05  4.64286e+03  9.51976e-14 +0.00000e+00
  2.99358e-05  4.67060e+03  1.26769e-13 +0.00000e+00
  3.72759e-05  4.69813e+03  1.68184e-13 +0.00000e+00
  4.64159e-05  4.72545e+03  2.22286e-13 +0.00000e+00
  5.77969e-05  4.75254e+03  2.92679e-13 +0.00000e+00
  7.19686e-05  4.77942e+03  3.83896e-13 +0.00000e+00
  8.96151e-05  4.80608e+03  5.01605e-13 +0.00000e+00
  1.11588e-04  4.83254e+03  6.52830e-13 +0.00000e+00
  1.38950e-04  4.85881e+03  8.46215e-13 +0.00000e+00
  1.73020e-04  4.88491e+03  1.09230e-12 +0.00000e+00
  2.15443e-04  4.91087e+03  1.40383e-12 +0.00000e+00
  2.68270e-04  4.93672e+03  1.79606e-12 +0.00000e+00
  3.34048e-04  4.96250e+03  2.28714e-12 +0.00000e+00
  4.15956e-04  4.98824e+03  2.89839e-12 +0.00000e+00
  5.17947e-04  5.01396e+03  3.65467e-12 +0.00000e+00
  6.44947e-04  5.03970e+03  4.58446e-12 +0.00000e+00
  8.03086e-04  5.06548e+03  5.71998e-12 +0.00000e+00
  1.00000e-03  5.09131e+03  7.09709e-12 +0.00000e+00
  1.24520e-03  5.11720e+03  8.75519e-12 -2.55143e-07
  1.55052e-03  5.14316e+03  1.07371e-11 -3.17703e-07
  1.93070e-03  5.16921e+03  1.30894e-11 -3.95602e-07
  2.40410e-03  5.19536e+03  1.58627e-11 -4.92603e-07
  2.99358e-03  5.22168e+03  1.91117e-11 -6.13388e-07
  3.72759e-03  5.24822e+03  2.28963e-11 -7.63789e-07
  4.64159e-03  5.27512e+03  2.72809e-11 -9.51068e-07
  5.77969e-03  5.30247e+03  3.23345e-11 -1.18426e-06
  7.19686e-03  5.33052e+03  3.81278e-11 -1.47464e-06
  8.96151e-03  5.35946e+03  4.47321e-11 -1.83622e-06
  1.11588e-02  5.38958e+03  5.22164e-11 -2.28646e-06
  1.38950e-02  5.42121e+03  6.06440e-11 -2.84710e-06
  1.73020e-02  5.45466e+03  7.00709e-11 -3.54519e-06
  2.15443e-02  5.49045e+03  8.05366e-11 -4.41447e-06
  2.68270e-02  5.52897e+03  9.20647e-11 -5.49688e-06
  3.34048e-02  5.57090e+03  1.04646e-10 -6.84470e-06
  4.15956e-02  5.61688e+03  1.18237e-10 -8.52300e-06
  5.17947e-02  5.66782e+03  1.32738e-10 -1.06129e-05
  6.44947e-02  5.72460e+03  1.47995e-10 -1.32150e-05
  8.03086e-02  5.78826e+03  1.63784e-10 -1.64553e-05
  1.00000e-01  5.86035e+03  1.79789e-10 -2.04902e-05
  1.24520e-01  5.94282e+03  1.95580e-10 -2.55143e-05
  1.55052e-01  6.03710e+03  2.10669e-10 -3.17703e-05
  1.93070e-01  6.14532e+03  2.24474e-10 -3.95617e-05
  2.40410e-01  6.26949e+03  2.36377e-10 -4.92602e-05
  2.99358e-01  6.41263e+03  2.45702e-10 -6.13389e-05
  3.72759e-01  6.57982e+03  2.51650e-10 -7.63790e-05
  4.64159e-01  6.77177e+03  2.53718e-10 -9.51068e-05
  5.77969e-01  7.00118e+03  2.50827e-10 -1.18426e-04
  7.19686e-01  7.29783e+03  2.40645e-10 -1.47462e-04
  8.96151e-01  7.62806e+03  2.24638e-10 -1.83298e-04
  1.11588e+00  8.08190e+03  1.96916e-10 -1.31370e-04
  1.38950e+00  8.49275e+03  1.70315e-10 +9.63395e-04
  1.73020e+00  8.72050e+03  1.56652e-10 +9.21330e-04
  2.15443e+00  8.92613e+03  1.45597e-10 +1.26217e-03
  2.68270e+00  9.16554e+03  1.34420e-10 +1.03437e-03
  3.34048e+00  9.58920e+03  1.19258e-10 -3.57061e-04
  4.15956e+00  9.74905e+03  1.15557e-10 -5.24900e-04
  5.17947e+00  1.00883e+04  1.08978e-10 -6.09147e-04
  6.44947e+00  1.04769e+04  1.03779e-10 -6.14521e-04
  8.03086e+00  1.09288e+04  9.95849e-11 -6.14699e-04
  1.00000e+01  1.16956e+04  9.40591e-11 -6.14704e-04
  1.24520e+01  1.21920e+04  9.24711e-11 -6.14704e-04
  1.55052e+01  1.27850e+04  9.11827e-11 -6.14704e-04
  1.93070e+01  1.33687e+04  9.10368e-11 -6.14704e-04
  2.40410e+01  1.43484e+04  8.91737e-11 -6.14704e-04
  2.99358e+01  1.50244e+04  9.14308e-11 -6.14704e-04
  3.72759e+01  1.55393e+04  9.66495e-11 -6.14704e-04
  4.64159e+01  1.63195e+04  1.02197e-10 -6.14704e-04
  5.77969e+01  1.70691e+04  1.10444e-10 -6.14704e-04
  7.19686e+01  1.78801e+04  1.20977e-10 -6.14704e-04
  8.96151e+01  1.87117e+04  1.34305e-10 -6.14704e-04
  1.11588e+02  1.99000e+04  1.48765e-10 -6.14704e-04
  1.38950e+02  2.09061e+04  1.68663e-10 -6.14704e-04
  1.73020e+02  2.16761e+04  1.94353e-10 -6.14704e-04
  2.15443e+02  2.29951e+04  2.20340e-10 -6.14704e-04
  2.68270e+02  2.38313e+04  2.56083e-10 -6.14704e-04
  3.34048e+02  2.52175e+04  2.92531e-10 -6.14704e-04
  4.15956e+02  2.61870e+04  3.40566e-10 -6.14704e-04
  5.17947e+02  2.75421e+04  3.91684e-10 -6.14704e-04
  6.44947e+02  2.88861e+04  4.52397e-10 -6.14704e-04
  8.03086e+02  3.01061e+04  5.24861e-10 -6.14704e-04
  1.00000e+03  3.19938e+04  5.96896e-10 -6.14704e-04
