#n1=128 n2=4 Teff=06200 R=1.3926e+13 L=2.0414e+38 logg=+0.50
#   tau          T          rho         Fconv
 0.00000e+00 3.57433e+03 2.68361e-21 +0.00000e+00
 1.00000e-09 3.57433e+03 1.52107e-19 +0.00000e+00
 1.24520e-09 3.57707e+03 2.22434e-19 +0.00000e+00
 1.55052e-09 3.57983e+03 3.25595e-19 +0.00000e+00
 1.93070e-09 3.58259e+03 4.75940e-19 +0.00000e+00
 2.40410e-09 3.58534e+03 6.93730e-19 +0.00000e+00
 2.99358e-09 3.58807e+03 1.00766e-18 +0.00000e+00
 3.72759e-09 3.59078e+03 1.45865e-18 +0.00000e+00
 4.64159e-09 3.59348e+03 2.10502e-18 +0.00000e+00
 5.77969e-09 3.59619e+03 3.02953e-18 +0.00000e+00
 7.19686e-09 3.59894e+03 4.34991e-18 +0.00000e+00
 8.96151e-09 3.60176e+03 6.23618e-18 +0.00000e+00
 1.11588e-08 3.60468e+03 8.92823e-18 +0.00000e+00
 1.38950e-08 3.60775e+03 1.27582e-17 +0.00000e+00
 1.73020e-08 3.61099e+03 1.81859e-17 +0.00000e+00
 2.15443e-08 3.61447e+03 2.58443e-17 +0.00000e+00
 2.68270e-08 3.61824e+03 3.66032e-17 +0.00000e+00
 3.34048e-08 3.62235e+03 5.16578e-17 +0.00000e+00
 4.15956e-08 3.62685e+03 7.26492e-17 +0.00000e+00
 5.17947e-08 3.63182e+03 1.01832e-16 +0.00000e+00
 6.44947e-08 3.63731e+03 1.42308e-16 +0.00000e+00
 8.03086e-08 3.64342e+03 1.98350e-16 +0.00000e+00
 1.00000e-07 3.65028e+03 2.75848e-16 +0.00000e+00
 1.24520e-07 3.65805e+03 3.82907e-16 +0.00000e+00
 1.55052e-07 3.66693e+03 5.30640e-16 +0.00000e+00
 1.93070e-07 3.67710e+03 7.34231e-16 +0.00000e+00
 2.40410e-07 3.68873e+03 1.01438e-15 +0.00000e+00
 2.99358e-07 3.70192e+03 1.39901e-15 +0.00000e+00
 3.72759e-07 3.71672e+03 1.92552e-15 +0.00000e+00
 4.64159e-07 3.73311e+03 2.64396e-15 +0.00000e+00
 5.77969e-07 3.75099e+03 3.62151e-15 +0.00000e+00
 7.19686e-07 3.77017e+03 4.94822e-15 +0.00000e+00
 8.96151e-07 3.79041e+03 6.74412e-15 +0.00000e+00
 1.11588e-06 3.81146e+03 9.16871e-15 +0.00000e+00
 1.38950e-06 3.83317e+03 1.24328e-14 +0.00000e+00
 1.73020e-06 3.85551e+03 1.68140e-14 +0.00000e+00
 2.15443e-06 3.87850e+03 2.26748e-14 +0.00000e+00
 2.68270e-06 3.90215e+03 3.04858e-14 +0.00000e+00
 3.34048e-06 3.92636e+03 4.08574e-14 +0.00000e+00
 4.15956e-06 3.95093e+03 5.45806e-14 +0.00000e+00
 5.17947e-06 3.97563e+03 7.26792e-14 +0.00000e+00
 6.44947e-06 4.00027e+03 9.64713e-14 +0.00000e+00
 8.03086e-06 4.02475e+03 1.27646e-13 +0.00000e+00
 1.00000e-05 4.04899e+03 1.68363e-13 +0.00000e+00
 1.24520e-05 4.07298e+03 2.21367e-13 +0.00000e+00
 1.55052e-05 4.09689e+03 2.90123e-13 +0.00000e+00
 1.93070e-05 4.12107e+03 3.78967e-13 +0.00000e+00
 2.40410e-05 4.14595e+03 4.93274e-13 +0.00000e+00
 2.99358e-05 4.17198e+03 6.39655e-13 +0.00000e+00
 3.72759e-05 4.19945e+03 8.26191e-13 +0.00000e+00
 4.64159e-05 4.22847e+03 1.06271e-12 +0.00000e+00
 5.77969e-05 4.25909e+03 1.36109e-12 +0.00000e+00
 7.19686e-05 4.29132e+03 1.73555e-12 +0.00000e+00
 8.96151e-05 4.32517e+03 2.20300e-12 +0.00000e+00
 1.11588e-04 4.36055e+03 2.78339e-12 +0.00000e+00
 1.38950e-04 4.39737e+03 3.50004e-12 +0.00000e+00
 1.73020e-04 4.43542e+03 4.37996e-12 +0.00000e+00
 2.15443e-04 4.47463e+03 5.45371e-12 +0.00000e+00
 2.68270e-04 4.51490e+03 6.75540e-12 +0.00000e+00
 3.34048e-04 4.55606e+03 8.32232e-12 +0.00000e+00
 4.15956e-04 4.59783e+03 1.01945e-11 +0.00000e+00
 5.17947e-04 4.63982e+03 1.24146e-11 +0.00000e+00
 6.44947e-04 4.68139e+03 1.50281e-11 +0.00000e+00
 8.03086e-04 4.72180e+03 1.80847e-11 +0.00000e+00
 1.00000e-03 4.76037e+03 2.16390e-11 +0.00000e+00
 1.24520e-03 4.79656e+03 2.57515e-11 -2.54616e-07
 1.55052e-03 4.83001e+03 3.04907e-11 -3.17048e-07
 1.93070e-03 4.86054e+03 3.59355e-11 -3.94787e-07
 2.40410e-03 4.88820e+03 4.21782e-11 -4.91588e-07
 2.99358e-03 4.91329e+03 4.93282e-11 -6.12125e-07
 3.72759e-03 4.93629e+03 5.75135e-11 -7.62216e-07
 4.64159e-03 4.95778e+03 6.68807e-11 -9.49109e-07
 5.77969e-03 4.97832e+03 7.75935e-11 -1.18183e-06
 7.19686e-03 4.99847e+03 8.98296e-11 -1.47161e-06
 8.96151e-03 5.01875e+03 1.03774e-10 -1.83245e-06
 1.11588e-02 5.03966e+03 1.19610e-10 -2.28175e-06
 1.38950e-02 5.06174e+03 1.37514e-10 -2.84123e-06
 1.73020e-02 5.08555e+03 1.57641e-10 -3.53790e-06
 2.15443e-02 5.11167e+03 1.80116e-10 -4.40538e-06
 2.68270e-02 5.14065e+03 2.05023e-10 -5.48556e-06
 3.34048e-02 5.17312e+03 2.32387e-10 -6.83060e-06
 4.15956e-02 5.20968e+03 2.62155e-10 -8.50545e-06
 5.17947e-02 5.25102e+03 2.94176e-10 -1.05910e-05
 6.44947e-02 5.29784e+03 3.28183e-10 -1.31879e-05
 8.03086e-02 5.35090e+03 3.63782e-10 -1.64214e-05
 1.00000e-01 5.41100e+03 4.00444e-10 -2.04479e-05
 1.24520e-01 5.47910e+03 4.37488e-10 -2.54616e-05
 1.55052e-01 5.55625e+03 4.74101e-10 -3.17048e-05
 1.93070e-01 5.64384e+03 5.09319e-10 -3.94787e-05
 2.40410e-01 5.74376e+03 5.42028e-10 -4.91588e-05
 2.99358e-01 5.85866e+03 5.70946e-10 -6.12125e-05
 3.72759e-01 5.99291e+03 5.94515e-10 -7.62216e-05
 4.64159e-01 6.14681e+03 6.11797e-10 -9.49109e-05
 5.77969e-01 6.33183e+03 6.20668e-10 -1.18183e-04
 7.19686e-01 6.55529e+03 6.19540e-10 -1.47161e-04
 8.96151e-01 6.82073e+03 6.07676e-10 -1.83242e-04
 1.11588e+00 7.14972e+03 5.82290e-10 -2.27940e-04
 1.38950e+00 7.52665e+03 5.44637e-10 -2.41781e-04
 1.73020e+00 7.92764e+03 4.97216e-10 +2.84069e-03
 2.15443e+00 8.15436e+03 4.68887e-10 +1.03001e-02
 2.68270e+00 8.34952e+03 4.43674e-10 +2.42865e-02
 3.34048e+00 8.52694e+03 4.20392e-10 +3.82544e-02
 4.15956e+00 8.68864e+03 3.99289e-10 +4.70942e-02
 5.17947e+00 8.84166e+03 3.79763e-10 +5.29727e-02
 6.44947e+00 8.99295e+03 3.61175e-10 +5.68827e-02
 8.03086e+00 9.14886e+03 3.43045e-10 +5.93875e-02
 1.00000e+01 9.31664e+03 3.24975e-10 +6.07190e-02
 1.24520e+01 9.50677e+03 3.06561e-10 +6.07767e-02
 1.55052e+01 9.73866e+03 2.87241e-10 +5.88146e-02
 1.93070e+01 1.00599e+04 2.65900e-10 +5.16822e-02
 2.40410e+01 1.06443e+04 2.39505e-10 +2.20286e-02
 2.99358e+01 1.20386e+04 2.06372e-10 -6.04216e-04
 3.72759e+01 1.16688e+04 2.17282e-10 -5.09753e-04
 4.64159e+01 1.28624e+04 1.99586e-10 -6.12732e-04
 5.77969e+01 1.27172e+04 2.07987e-10 -6.11810e-04
 7.19686e+01 1.32645e+04 2.06076e-10 -6.12571e-04
 8.96151e+01 1.38633e+04 2.05653e-10 -6.12483e-04
 1.11588e+02 1.62829e+04 1.83024e-10 -6.13437e-04
 1.38950e+02 1.78350e+04 1.85502e-10 -6.13438e-04
 1.73020e+02 1.80539e+04 2.06564e-10 -6.13438e-04
 2.15443e+02 1.86941e+04 2.26593e-10 -6.13438e-04
 2.68270e+02 1.98914e+04 2.45696e-10 -6.13438e-04
 3.34048e+02 2.09983e+04 2.73025e-10 -6.13438e-04
 4.15956e+02 2.16735e+04 3.12049e-10 -6.13438e-04
 5.17947e+02 2.30738e+04 3.49757e-10 -6.13438e-04
 6.44947e+02 2.34934e+04 4.09144e-10 -6.13437e-04
 8.03086e+02 2.48756e+04 4.61571e-10 -6.13437e-04
 1.00000e+03 2.59815e+04 5.30632e-10 -6.13436e-04
