#n1=128 n2=4 Teff=06400 R=1.2776e+11 L=1.9514e+34 logg=+4.00
#   tau          T          rho         Fconv
 0.00000e+00 3.55950e+03 2.45651e-21 +0.00000e+00
 1.00000e-09 3.55950e+03 1.19246e-13 +0.00000e+00
 1.24520e-09 3.55859e+03 1.54621e-13 +0.00000e+00
 1.55052e-09 3.55722e+03 1.99565e-13 +0.00000e+00
 1.93070e-09 3.55542e+03 2.56458e-13 +0.00000e+00
 2.40410e-09 3.55315e+03 3.28307e-13 +0.00000e+00
 2.99358e-09 3.55041e+03 4.18872e-13 +0.00000e+00
 3.72759e-09 3.54713e+03 5.32880e-13 +0.00000e+00
 4.64159e-09 3.54348e+03 6.76187e-13 +0.00000e+00
 5.77969e-09 3.53939e+03 8.56142e-13 +0.00000e+00
 7.19686e-09 3.53575e+03 1.08171e-12 +0.00000e+00
 8.96151e-09 3.53274e+03 1.36404e-12 +0.00000e+00
 1.11588e-08 3.53133e+03 1.71661e-12 +0.00000e+00
 1.38950e-08 3.53167e+03 2.15641e-12 +0.00000e+00
 1.73020e-08 3.53388e+03 2.70410e-12 +0.00000e+00
 2.15443e-08 3.53802e+03 3.38524e-12 +0.00000e+00
 2.68270e-08 3.54319e+03 4.23200e-12 +0.00000e+00
 3.34048e-08 3.54925e+03 5.28297e-12 +0.00000e+00
 4.15956e-08 3.55596e+03 6.58593e-12 +0.00000e+00
 5.17947e-08 3.56296e+03 8.19940e-12 +0.00000e+00
 6.44947e-08 3.57013e+03 1.01946e-11 +0.00000e+00
 8.03086e-08 3.57762e+03 1.26574e-11 +0.00000e+00
 1.00000e-07 3.58578e+03 1.56902e-11 +0.00000e+00
 1.24520e-07 3.59495e+03 1.94155e-11 +0.00000e+00
 1.55052e-07 3.60523e+03 2.39799e-11 +0.00000e+00
 1.93070e-07 3.61646e+03 2.95590e-11 +0.00000e+00
 2.40410e-07 3.62835e+03 3.63627e-11 +0.00000e+00
 2.99358e-07 3.64060e+03 4.46389e-11 +0.00000e+00
 3.72759e-07 3.65313e+03 5.46771e-11 +0.00000e+00
 4.64159e-07 3.66681e+03 6.67979e-11 +0.00000e+00
 5.77969e-07 3.67935e+03 8.14315e-11 +0.00000e+00
 7.19686e-07 3.69308e+03 9.89729e-11 +0.00000e+00
 8.96151e-07 3.70695e+03 1.19949e-10 +0.00000e+00
 1.11588e-06 3.72043e+03 1.44945e-10 +0.00000e+00
 1.38950e-06 3.73573e+03 1.74501e-10 +0.00000e+00
 1.73020e-06 3.75187e+03 2.09339e-10 +0.00000e+00
 2.15443e-06 3.76806e+03 2.50257e-10 +0.00000e+00
 2.68270e-06 3.78549e+03 2.98000e-10 +0.00000e+00
 3.34048e-06 3.80464e+03 3.53410e-10 +0.00000e+00
 4.15956e-06 3.82585e+03 4.17395e-10 +0.00000e+00
 5.17947e-06 3.84953e+03 4.90918e-10 +0.00000e+00
 6.44947e-06 3.87620e+03 5.74982e-10 +0.00000e+00
 8.03086e-06 3.90656e+03 6.70624e-10 +0.00000e+00
 1.00000e-05 3.94139e+03 7.78897e-10 +0.00000e+00
 1.24520e-05 3.98176e+03 9.00838e-10 +0.00000e+00
 1.55052e-05 4.02595e+03 1.03816e-09 +0.00000e+00
 1.93070e-05 4.07354e+03 1.19242e-09 +0.00000e+00
 2.40410e-05 4.12288e+03 1.36568e-09 +0.00000e+00
 2.99358e-05 4.17244e+03 1.56022e-09 +0.00000e+00
 3.72759e-05 4.22133e+03 1.77831e-09 +0.00000e+00
 4.64159e-05 4.26947e+03 2.02214e-09 +0.00000e+00
 5.77969e-05 4.31698e+03 2.29398e-09 +0.00000e+00
 7.19686e-05 4.36397e+03 2.59625e-09 +0.00000e+00
 8.96151e-05 4.41047e+03 2.93162e-09 +0.00000e+00
 1.11588e-04 4.45647e+03 3.30304e-09 +0.00000e+00
 1.38950e-04 4.50210e+03 3.71356e-09 +0.00000e+00
 1.73020e-04 4.54767e+03 4.16627e-09 +0.00000e+00
 2.15443e-04 4.59356e+03 4.66413e-09 +0.00000e+00
 2.68270e-04 4.64016e+03 5.20991e-09 +0.00000e+00
 3.34048e-04 4.68755e+03 5.80645e-09 +0.00000e+00
 4.15956e-04 4.73547e+03 6.45682e-09 +0.00000e+00
 5.17947e-04 4.78360e+03 7.16421e-09 +0.00000e+00
 6.44947e-04 4.83110e+03 7.93298e-09 +0.00000e+00
 8.03086e-04 4.87745e+03 8.76777e-09 +0.00000e+00
 1.00000e-03 4.92205e+03 9.67418e-09 +0.00000e+00
 1.24520e-03 4.96441e+03 1.06587e-08 -2.54542e-07
 1.55052e-03 5.00412e+03 1.17293e-08 -3.16955e-07
 1.93070e-03 5.04084e+03 1.28955e-08 -3.94671e-07
 2.40410e-03 5.07436e+03 1.41689e-08 -4.91444e-07
 2.99358e-03 5.10469e+03 1.55637e-08 -6.11945e-07
 3.72759e-03 5.13207e+03 1.70965e-08 -7.61991e-07
 4.64159e-03 5.15701e+03 1.87856e-08 -9.48829e-07
 5.77969e-03 5.18013e+03 2.06517e-08 -1.18148e-06
 7.19686e-03 5.20214e+03 2.27187e-08 -1.47117e-06
 8.96151e-03 5.22379e+03 2.50106e-08 -1.83191e-06
 1.11588e-02 5.24580e+03 2.75523e-08 -2.28108e-06
 1.38950e-02 5.26890e+03 3.03678e-08 -2.84040e-06
 1.73020e-02 5.29383e+03 3.34790e-08 -3.53685e-06
 2.15443e-02 5.32132e+03 3.69042e-08 -4.40408e-06
 2.68270e-02 5.35206e+03 4.06562e-08 -5.48395e-06
 3.34048e-02 5.38678e+03 4.47400e-08 -6.82859e-06
 4.15956e-02 5.42618e+03 4.91508e-08 -8.50294e-06
 5.17947e-02 5.47100e+03 5.38711e-08 -1.05879e-05
 6.44947e-02 5.52200e+03 5.88677e-08 -1.31839e-05
 8.03086e-02 5.57992e+03 6.40901e-08 -1.64166e-05
 1.00000e-01 5.64544e+03 6.94739e-08 -2.04419e-05
 1.24520e-01 5.71930e+03 7.49386e-08 -2.54542e-05
 1.55052e-01 5.80203e+03 8.03898e-08 -3.16955e-05
 1.93070e-01 5.89426e+03 8.57241e-08 -3.94671e-05
 2.40410e-01 5.99677e+03 9.08327e-08 -4.91444e-05
 2.99358e-01 6.11092e+03 9.55970e-08 -6.11945e-05
 3.72759e-01 6.23873e+03 9.98839e-08 -7.61991e-05
 4.64159e-01 6.37655e+03 1.03699e-07 -9.48821e-05
 5.77969e-01 6.53710e+03 1.06755e-07 -1.17902e-04
 7.19686e-01 6.73211e+03 1.08716e-07 -1.40577e-04
 8.96151e-01 6.95036e+03 1.09731e-07 -9.78273e-05
 1.11588e+00 7.21164e+03 1.09472e-07 +8.03907e-04
 1.38950e+00 7.51943e+03 1.07873e-07 +5.88831e-03
 1.73020e+00 7.74566e+03 1.07179e-07 +1.14852e-02
 2.15443e+00 7.95224e+03 1.06622e-07 +2.08789e-02
 2.68270e+00 8.14648e+03 1.06145e-07 +3.24907e-02
 3.34048e+00 8.33113e+03 1.05742e-07 +4.36904e-02
 4.15956e+00 8.50296e+03 1.05489e-07 +5.10419e-02
 5.17947e+00 8.66442e+03 1.05379e-07 +5.66082e-02
 6.44947e+00 8.81793e+03 1.05401e-07 +6.10475e-02
 8.03086e+00 8.96426e+03 1.05563e-07 +6.46661e-02
 1.00000e+01 9.10416e+03 1.05877e-07 +6.75368e-02
 1.24520e+01 9.23889e+03 1.06345e-07 +6.98118e-02
 1.55052e+01 9.36944e+03 1.06971e-07 +7.16251e-02
 1.93070e+01 9.49669e+03 1.07763e-07 +7.30742e-02
 2.40410e+01 9.62143e+03 1.08727e-07 +7.42356e-02
 2.99358e+01 9.74437e+03 1.09874e-07 +7.51734e-02
 3.72759e+01 9.86604e+03 1.11214e-07 +7.59351e-02
 4.64159e+01 9.98689e+03 1.12761e-07 +7.65564e-02
 5.77969e+01 1.01073e+04 1.14532e-07 +7.70672e-02
 7.19686e+01 1.02275e+04 1.16545e-07 +7.74877e-02
 8.96151e+01 1.03478e+04 1.18821e-07 +7.78315e-02
 1.11588e+02 1.04688e+04 1.21374e-07 +7.81124e-02
 1.38950e+02 1.05909e+04 1.24222e-07 +7.83425e-02
 1.73020e+02 1.07148e+04 1.27378e-07 +7.85325e-02
 2.15443e+02 1.08407e+04 1.30861e-07 +7.86908e-02
 2.68270e+02 1.09689e+04 1.34686e-07 +7.88236e-02
 3.34048e+02 1.10997e+04 1.38879e-07 +7.89355e-02
 4.15956e+02 1.12331e+04 1.43467e-07 +7.90305e-02
 5.17947e+02 1.13691e+04 1.48482e-07 +7.91111e-02
 6.44947e+02 1.15078e+04 1.53958e-07 +7.91794e-02
 8.03086e+02 1.16491e+04 1.59939e-07 +7.92376e-02
 1.00000e+03 1.17930e+04 1.66479e-07 +7.92873e-02
