#n1=128 n2=4 Teff=06000 R=2.6806e+13 L=6.6304e+38 logg=+0.00
#   tau          T          rho         Fconv
 0.00000e+00 3.29096e+03 2.34355e-21 +0.00000e+00
 1.00000e-09 3.29096e+03 6.42417e-21 +0.00000e+00
 1.24520e-09 3.29301e+03 7.45214e-21 +0.00000e+00
 1.55052e-09 3.29515e+03 8.74289e-21 +0.00000e+00
 1.93070e-09 3.29742e+03 1.03637e-20 +0.00000e+00
 2.40410e-09 3.29982e+03 1.23996e-20 +0.00000e+00
 2.99358e-09 3.30234e+03 1.49583e-20 +0.00000e+00
 3.72759e-09 3.30496e+03 1.81738e-20 +0.00000e+00
 4.64159e-09 3.30768e+03 2.22167e-20 +0.00000e+00
 5.77969e-09 3.31050e+03 2.72988e-20 +0.00000e+00
 7.19686e-09 3.31339e+03 3.36898e-20 +0.00000e+00
 8.96151e-09 3.31638e+03 4.17267e-20 +0.00000e+00
 1.11588e-08 3.31945e+03 5.18376e-20 +0.00000e+00
 1.38950e-08 3.32260e+03 6.45692e-20 +0.00000e+00
 1.73020e-08 3.32585e+03 8.06179e-20 +0.00000e+00
 2.15443e-08 3.32919e+03 1.00922e-19 +0.00000e+00
 2.68270e-08 3.33264e+03 1.26744e-19 +0.00000e+00
 3.34048e-08 3.33622e+03 1.60250e-19 +0.00000e+00
 4.15956e-08 3.33994e+03 2.09779e-19 +0.00000e+00
 5.17947e-08 3.34390e+03 2.77257e-19 +0.00000e+00
 6.44947e-08 3.34809e+03 3.70709e-19 +0.00000e+00
 8.03086e-08 3.35250e+03 5.07855e-19 +0.00000e+00
 1.00000e-07 3.35720e+03 7.29443e-19 +0.00000e+00
 1.24520e-07 3.36229e+03 1.15285e-18 +0.00000e+00
 1.55052e-07 3.36824e+03 2.24854e-18 +0.00000e+00
 1.93070e-07 3.37771e+03 4.98304e-18 +0.00000e+00
 2.40410e-07 3.39037e+03 1.17917e-17 +0.00000e+00
 2.99358e-07 3.40703e+03 2.87598e-17 +0.00000e+00
 3.72759e-07 3.43071e+03 7.18382e-17 +0.00000e+00
 4.64159e-07 3.46333e+03 1.76786e-16 +0.00000e+00
 5.77969e-07 3.50054e+03 3.95608e-16 +0.00000e+00
 7.19686e-07 3.53569e+03 7.76461e-16 +0.00000e+00
 8.96151e-07 3.56689e+03 1.36631e-15 +0.00000e+00
 1.11588e-06 3.59540e+03 2.22401e-15 +0.00000e+00
 1.38950e-06 3.62246e+03 3.42690e-15 +0.00000e+00
 1.73020e-06 3.64851e+03 5.07712e-15 +0.00000e+00
 2.15443e-06 3.67356e+03 7.30855e-15 +0.00000e+00
 2.68270e-06 3.69752e+03 1.02956e-14 +0.00000e+00
 3.34048e-06 3.72038e+03 1.42647e-14 +0.00000e+00
 4.15956e-06 3.74222e+03 1.95089e-14 +0.00000e+00
 5.17947e-06 3.76321e+03 2.64046e-14 +0.00000e+00
 6.44947e-06 3.78357e+03 3.54336e-14 +0.00000e+00
 8.03086e-06 3.80365e+03 4.72076e-14 +0.00000e+00
 1.00000e-05 3.82391e+03 6.24986e-14 +0.00000e+00
 1.24520e-05 3.84494e+03 8.22712e-14 +0.00000e+00
 1.55052e-05 3.86738e+03 1.07721e-13 +0.00000e+00
 1.93070e-05 3.89191e+03 1.40317e-13 +0.00000e+00
 2.40410e-05 3.91919e+03 1.81846e-13 +0.00000e+00
 2.99358e-05 3.94967e+03 2.34480e-13 +0.00000e+00
 3.72759e-05 3.98339e+03 3.00852e-13 +0.00000e+00
 4.64159e-05 4.01989e+03 3.84185e-13 +0.00000e+00
 5.77969e-05 4.05837e+03 4.88436e-13 +0.00000e+00
 7.19686e-05 4.09818e+03 6.18416e-13 +0.00000e+00
 8.96151e-05 4.13903e+03 7.79911e-13 +0.00000e+00
 1.11588e-04 4.18080e+03 9.79858e-13 +0.00000e+00
 1.38950e-04 4.22337e+03 1.22655e-12 +0.00000e+00
 1.73020e-04 4.26677e+03 1.52978e-12 +0.00000e+00
 2.15443e-04 4.31115e+03 1.90101e-12 +0.00000e+00
 2.68270e-04 4.35655e+03 2.35351e-12 +0.00000e+00
 3.34048e-04 4.40273e+03 2.90270e-12 +0.00000e+00
 4.15956e-04 4.44914e+03 3.56656e-12 +0.00000e+00
 5.17947e-04 4.49500e+03 4.36604e-12 +0.00000e+00
 6.44947e-04 4.53942e+03 5.32585e-12 +0.00000e+00
 8.03086e-04 4.58154e+03 6.47529e-12 +0.00000e+00
 1.00000e-03 4.62071e+03 7.84921e-12 +0.00000e+00
 1.24520e-03 4.65661e+03 9.48903e-12 -2.54757e-07
 1.55052e-03 4.68908e+03 1.14439e-11 -3.17222e-07
 1.93070e-03 4.71818e+03 1.37716e-11 -3.95004e-07
 2.40410e-03 4.74420e+03 1.65389e-11 -4.91858e-07
 2.99358e-03 4.76764e+03 1.98217e-11 -6.12461e-07
 3.72759e-03 4.78916e+03 2.37046e-11 -7.62634e-07
 4.64159e-03 4.80940e+03 2.82815e-11 -9.49629e-07
 5.77969e-03 4.82898e+03 3.36557e-11 -1.18248e-06
 7.19686e-03 4.84839e+03 3.99392e-11 -1.47242e-06
 8.96151e-03 4.86813e+03 4.72505e-11 -1.83345e-06
 1.11588e-02 4.88862e+03 5.57106e-11 -2.28300e-06
 1.38950e-02 4.91036e+03 6.54360e-11 -2.84278e-06
 1.73020e-02 4.93387e+03 7.65299e-11 -3.53983e-06
 2.15443e-02 4.95969e+03 8.90750e-11 -4.40779e-06
 2.68270e-02 4.98842e+03 1.03124e-10 -5.48856e-06
 3.34048e-02 5.02067e+03 1.18689e-10 -6.83434e-06
 4.15956e-02 5.05707e+03 1.35733e-10 -8.51011e-06
 5.17947e-02 5.09827e+03 1.54157e-10 -1.05968e-05
 6.44947e-02 5.14493e+03 1.73790e-10 -1.31951e-05
 8.03086e-02 5.19778e+03 1.94385e-10 -1.64305e-05
 1.00000e-01 5.25752e+03 2.15613e-10 -2.04592e-05
 1.24520e-01 5.32504e+03 2.37061e-10 -2.54757e-05
 1.55052e-01 5.40118e+03 2.58252e-10 -3.17222e-05
 1.93070e-01 5.48709e+03 2.78638e-10 -3.95004e-05
 2.40410e-01 5.58436e+03 2.97603e-10 -4.91858e-05
 2.99358e-01 5.69541e+03 3.14452e-10 -6.12462e-05
 3.72759e-01 5.82473e+03 3.28294e-10 -7.62635e-05
 4.64159e-01 5.97027e+03 3.38792e-10 -9.49630e-05
 5.77969e-01 6.14603e+03 3.44591e-10 -1.18248e-04
 7.19686e-01 6.35905e+03 3.44763e-10 -1.47242e-04
 8.96151e-01 6.60969e+03 3.39109e-10 -1.83345e-04
 1.11588e+00 6.92551e+03 3.25635e-10 -2.28280e-04
 1.38950e+00 7.26183e+03 3.07151e-10 -2.81432e-04
 1.73020e+00 7.65561e+03 2.80860e-10 +2.92793e-04
 2.15443e+00 8.12631e+03 2.44663e-10 +2.16665e-02
 2.68270e+00 8.29578e+03 2.31381e-10 +2.66375e-02
 3.34048e+00 8.45166e+03 2.19313e-10 +3.80899e-02
 4.15956e+00 8.60190e+03 2.07942e-10 +4.53466e-02
 5.17947e+00 8.75124e+03 1.97088e-10 +5.02204e-02
 6.44947e+00 8.90604e+03 1.86500e-10 +5.32485e-02
 8.03086e+00 9.07428e+03 1.75944e-10 +5.46213e-02
 1.00000e+01 9.26848e+03 1.65158e-10 +5.40061e-02
 1.24520e+01 9.51383e+03 1.53753e-10 +4.97714e-02
 1.55052e+01 9.87885e+03 1.40932e-10 +3.49234e-02
 1.93070e+01 1.05558e+04 1.26114e-10 +1.67439e-03
 2.40410e+01 1.16004e+04 1.13303e-10 -6.12101e-04
 2.99358e+01 1.13447e+04 1.17641e-10 -6.04017e-04
 3.72759e+01 1.22940e+04 1.09695e-10 -6.13644e-04
 4.64159e+01 1.24173e+04 1.11053e-10 -6.13647e-04
 5.77969e+01 1.30019e+04 1.08862e-10 -6.13701e-04
 7.19686e+01 1.48624e+04 9.73103e-11 -6.13770e-04
 8.96151e+01 1.60876e+04 9.50980e-11 -6.13774e-04
 1.11588e+02 1.64631e+04 1.00592e-10 -6.13774e-04
 1.38950e+02 1.71885e+04 1.05739e-10 -6.13775e-04
 1.73020e+02 1.79163e+04 1.13170e-10 -6.13775e-04
 2.15443e+02 1.88958e+04 1.21744e-10 -6.13775e-04
 2.68270e+02 2.03287e+04 1.31274e-10 -6.13775e-04
 3.34048e+02 2.10978e+04 1.48687e-10 -6.13775e-04
 4.15956e+02 2.22768e+04 1.67485e-10 -6.13775e-04
 5.17947e+02 2.29442e+04 1.94268e-10 -6.13775e-04
 6.44947e+02 2.56977e+04 2.13255e-10 -6.13775e-04
 8.03086e+02 2.59502e+04 2.57743e-10 -6.13775e-04
 1.00000e+03 2.79507e+04 2.90543e-10 -6.13775e-04
