#n1=128 n2=4 Teff=06300 R=8.3664e+11 L=7.8671e+35 logg=+2.50
#   tau          T          rho         Fconv
 0.00000e+00 3.54205e+03 2.53041e-21 +0.00000e+00
 1.00000e-09 3.54205e+03 8.17999e-16 +0.00000e+00
 1.24520e-09 3.54379e+03 1.19015e-15 +0.00000e+00
 1.55052e-09 3.54571e+03 1.70955e-15 +0.00000e+00
 1.93070e-09 3.54785e+03 2.42481e-15 +0.00000e+00
 2.40410e-09 3.55025e+03 3.39872e-15 +0.00000e+00
 2.99358e-09 3.55292e+03 4.71195e-15 +0.00000e+00
 3.72759e-09 3.55592e+03 6.46776e-15 +0.00000e+00
 4.64159e-09 3.55930e+03 8.79776e-15 +0.00000e+00
 5.77969e-09 3.56311e+03 1.18695e-14 +0.00000e+00
 7.19686e-09 3.56742e+03 1.58963e-14 +0.00000e+00
 8.96151e-09 3.57226e+03 2.11498e-14 +0.00000e+00
 1.11588e-08 3.57768e+03 2.79759e-14 +0.00000e+00
 1.38950e-08 3.58370e+03 3.68148e-14 +0.00000e+00
 1.73020e-08 3.59032e+03 4.82259e-14 +0.00000e+00
 2.15443e-08 3.59755e+03 6.29183e-14 +0.00000e+00
 2.68270e-08 3.60538e+03 8.17866e-14 +0.00000e+00
 3.34048e-08 3.61377e+03 1.05955e-13 +0.00000e+00
 4.15956e-08 3.62270e+03 1.36836e-13 +0.00000e+00
 5.17947e-08 3.63211e+03 1.76197e-13 +0.00000e+00
 6.44947e-08 3.64201e+03 2.26250e-13 +0.00000e+00
 8.03086e-08 3.65239e+03 2.89758e-13 +0.00000e+00
 1.00000e-07 3.66328e+03 3.70169e-13 +0.00000e+00
 1.24520e-07 3.67474e+03 4.71774e-13 +0.00000e+00
 1.55052e-07 3.68680e+03 5.99915e-13 +0.00000e+00
 1.93070e-07 3.69948e+03 7.61230e-13 +0.00000e+00
 2.40410e-07 3.71275e+03 9.63966e-13 +0.00000e+00
 2.99358e-07 3.72651e+03 1.21836e-12 +0.00000e+00
 3.72759e-07 3.74065e+03 1.53713e-12 +0.00000e+00
 4.64159e-07 3.75503e+03 1.93602e-12 +0.00000e+00
 5.77969e-07 3.76963e+03 2.43444e-12 +0.00000e+00
 7.19686e-07 3.78448e+03 3.05631e-12 +0.00000e+00
 8.96151e-07 3.79968e+03 3.83093e-12 +0.00000e+00
 1.11588e-06 3.81530e+03 4.79420e-12 +0.00000e+00
 1.38950e-06 3.83133e+03 5.99008e-12 +0.00000e+00
 1.73020e-06 3.84767e+03 7.47232e-12 +0.00000e+00
 2.15443e-06 3.86418e+03 9.30646e-12 +0.00000e+00
 2.68270e-06 3.88079e+03 1.15719e-11 +0.00000e+00
 3.34048e-06 3.89756e+03 1.43641e-11 +0.00000e+00
 4.15956e-06 3.91471e+03 1.77970e-11 +0.00000e+00
 5.17947e-06 3.93260e+03 2.20050e-11 +0.00000e+00
 6.44947e-06 3.95176e+03 2.71447e-11 +0.00000e+00
 8.03086e-06 3.97282e+03 3.33963e-11 +0.00000e+00
 1.00000e-05 3.99642e+03 4.09644e-11 +0.00000e+00
 1.24520e-05 4.02311e+03 5.00782e-11 +0.00000e+00
 1.55052e-05 4.05286e+03 6.09970e-11 +0.00000e+00
 1.93070e-05 4.08557e+03 7.40056e-11 +0.00000e+00
 2.40410e-05 4.12071e+03 8.94187e-11 +0.00000e+00
 2.99358e-05 4.15758e+03 1.07579e-10 +0.00000e+00
 3.72759e-05 4.19560e+03 1.28848e-10 +0.00000e+00
 4.64159e-05 4.23445e+03 1.53603e-10 +0.00000e+00
 5.77969e-05 4.27397e+03 1.82225e-10 +0.00000e+00
 7.19686e-05 4.31405e+03 2.15105e-10 +0.00000e+00
 8.96151e-05 4.35453e+03 2.52639e-10 +0.00000e+00
 1.11588e-04 4.39530e+03 2.95234e-10 +0.00000e+00
 1.38950e-04 4.43633e+03 3.43289e-10 +0.00000e+00
 1.73020e-04 4.47773e+03 3.97191e-10 +0.00000e+00
 2.15443e-04 4.51974e+03 4.57286e-10 +0.00000e+00
 2.68270e-04 4.56258e+03 5.23875e-10 +0.00000e+00
 3.34048e-04 4.60628e+03 5.97216e-10 +0.00000e+00
 4.15956e-04 4.65065e+03 6.77555e-10 +0.00000e+00
 5.17947e-04 4.69534e+03 7.65130e-10 +0.00000e+00
 6.44947e-04 4.73968e+03 8.60271e-10 +0.00000e+00
 8.03086e-04 4.78314e+03 9.63350e-10 +0.00000e+00
 1.00000e-03 4.82515e+03 1.07485e-09 +0.00000e+00
 1.24520e-03 4.86524e+03 1.19536e-09 -2.54227e-07
 1.55052e-03 4.90298e+03 1.32569e-09 -3.16563e-07
 1.93070e-03 4.93803e+03 1.46689e-09 -3.94182e-07
 2.40410e-03 4.97019e+03 1.62038e-09 -4.90835e-07
 2.99358e-03 4.99943e+03 1.78797e-09 -6.11186e-07
 3.72759e-03 5.02596e+03 1.97187e-09 -7.61047e-07
 4.64159e-03 5.05024e+03 2.17465e-09 -9.47654e-07
 5.77969e-03 5.07284e+03 2.39911e-09 -1.18002e-06
 7.19686e-03 5.09443e+03 2.64828e-09 -1.46936e-06
 8.96151e-03 5.11568e+03 2.92521e-09 -1.82964e-06
 1.11588e-02 5.13727e+03 3.23299e-09 -2.27825e-06
 1.38950e-02 5.15991e+03 3.57456e-09 -2.83688e-06
 1.73020e-02 5.18428e+03 3.95256e-09 -3.53247e-06
 2.15443e-02 5.21107e+03 4.36919e-09 -4.39862e-06
 2.68270e-02 5.24094e+03 4.82592e-09 -5.47715e-06
 3.34048e-02 5.27458e+03 5.32326e-09 -6.82013e-06
 4.15956e-02 5.31265e+03 5.86045e-09 -8.49240e-06
 5.17947e-02 5.35586e+03 6.43518e-09 -1.05747e-05
 6.44947e-02 5.40494e+03 7.04328e-09 -1.31676e-05
 8.03086e-02 5.46062e+03 7.67860e-09 -1.63963e-05
 1.00000e-01 5.52360e+03 8.33294e-09 -2.04166e-05
 1.24520e-01 5.59472e+03 8.99591e-09 -2.54227e-05
 1.55052e-01 5.67473e+03 9.65552e-09 -3.16563e-05
 1.93070e-01 5.76461e+03 1.02977e-08 -3.94182e-05
 2.40410e-01 5.86573e+03 1.09065e-08 -4.90835e-05
 2.99358e-01 5.98021e+03 1.14630e-08 -6.11186e-05
 3.72759e-01 6.11106e+03 1.19458e-08 -7.61047e-05
 4.64159e-01 6.25688e+03 1.23464e-08 -9.47654e-05
 5.77969e-01 6.43022e+03 1.26268e-08 -1.18000e-04
 7.19686e-01 6.64339e+03 1.27457e-08 -1.46901e-04
 8.96151e-01 6.89217e+03 1.27077e-08 -1.82204e-04
 1.11588e+00 7.20294e+03 1.24592e-08 -2.05929e-04
 1.38950e+00 7.52933e+03 1.21052e-08 +1.99832e-04
 1.73020e+00 7.90556e+03 1.15861e-08 +7.07016e-03
 2.15443e+00 8.12712e+03 1.13149e-08 +1.52563e-02
 2.68270e+00 8.31837e+03 1.10817e-08 +2.89438e-02
 3.34048e+00 8.49104e+03 1.08699e-08 +4.25807e-02
 4.15956e+00 8.64480e+03 1.06848e-08 +5.14844e-02
 5.17947e+00 8.78422e+03 1.05218e-08 +5.78077e-02
 6.44947e+00 8.91379e+03 1.03752e-08 +6.23840e-02
 8.03086e+00 9.03673e+03 1.02406e-08 +6.57804e-02
 1.00000e+01 9.15535e+03 1.01154e-08 +6.83609e-02
 1.24520e+01 9.27129e+03 9.99728e-09 +7.03611e-02
 1.55052e+01 9.38584e+03 9.88498e-09 +7.19370e-02
 1.93070e+01 9.49997e+03 9.77746e-09 +7.31954e-02
 2.40410e+01 9.61450e+03 9.67404e-09 +7.42109e-02
 2.99358e+01 9.73012e+03 9.57424e-09 +7.50377e-02
 3.72759e+01 9.84746e+03 9.47779e-09 +7.57152e-02
 4.64159e+01 9.96713e+03 9.38455e-09 +7.62736e-02
 5.77969e+01 1.00897e+04 9.29448e-09 +7.67355e-02
 7.19686e+01 1.02158e+04 9.20767e-09 +7.71186e-02
 8.96151e+01 1.03462e+04 9.12426e-09 +7.74370e-02
 1.11588e+02 1.04816e+04 9.04448e-09 +7.77017e-02
 1.38950e+02 1.06230e+04 8.96860e-09 +7.79212e-02
 1.73020e+02 1.07716e+04 8.89693e-09 +7.81026e-02
 2.15443e+02 1.09288e+04 8.82979e-09 +7.82512e-02
 2.68270e+02 1.10965e+04 8.76744e-09 +7.83709e-02
 3.34048e+02 1.12774e+04 8.70929e-09 +7.84648e-02
 4.15956e+02 1.14750e+04 8.65667e-09 +7.85331e-02
 5.17947e+02 1.16948e+04 8.60848e-09 +7.85750e-02
 6.44947e+02 1.19449e+04 8.56340e-09 +7.85853e-02
 8.03086e+02 1.22240e+04 8.54464e-09 +7.86126e-02
 1.00000e+03 1.25641e+04 8.52615e-09 +7.85242e-02
