#n1=128 n2=4 Teff=06300 R=3.8756e+12 L=1.6865e+37 logg=+1.50
#   tau          T          rho         Fconv
 0.00000e+00 3.65607e+03 2.33074e-21 +0.00000e+00
 1.00000e-09 3.65607e+03 5.18798e-18 +0.00000e+00
 1.24520e-09 3.65764e+03 7.90940e-18 +0.00000e+00
 1.55052e-09 3.65919e+03 1.19918e-17 +0.00000e+00
 1.93070e-09 3.66072e+03 1.80304e-17 +0.00000e+00
 2.40410e-09 3.66227e+03 2.68742e-17 +0.00000e+00
 2.99358e-09 3.66385e+03 3.97521e-17 +0.00000e+00
 3.72759e-09 3.66552e+03 5.83951e-17 +0.00000e+00
 4.64159e-09 3.66731e+03 8.51953e-17 +0.00000e+00
 5.77969e-09 3.66926e+03 1.23462e-16 +0.00000e+00
 7.19686e-09 3.67141e+03 1.77745e-16 +0.00000e+00
 8.96151e-09 3.67381e+03 2.54270e-16 +0.00000e+00
 1.11588e-08 3.67648e+03 3.61523e-16 +0.00000e+00
 1.38950e-08 3.67947e+03 5.11060e-16 +0.00000e+00
 1.73020e-08 3.68280e+03 7.18573e-16 +0.00000e+00
 2.15443e-08 3.68651e+03 1.00532e-15 +0.00000e+00
 2.68270e-08 3.69064e+03 1.40002e-15 +0.00000e+00
 3.34048e-08 3.69528e+03 1.94145e-15 +0.00000e+00
 4.15956e-08 3.70053e+03 2.68202e-15 +0.00000e+00
 5.17947e-08 3.70654e+03 3.69247e-15 +0.00000e+00
 6.44947e-08 3.71344e+03 5.06791e-15 +0.00000e+00
 8.03086e-08 3.72139e+03 6.93566e-15 +0.00000e+00
 1.00000e-07 3.73048e+03 9.46553e-15 +0.00000e+00
 1.24520e-07 3.74081e+03 1.28816e-14 +0.00000e+00
 1.55052e-07 3.75243e+03 1.74768e-14 +0.00000e+00
 1.93070e-07 3.76533e+03 2.36320e-14 +0.00000e+00
 2.40410e-07 3.77945e+03 3.18432e-14 +0.00000e+00
 2.99358e-07 3.79470e+03 4.27554e-14 +0.00000e+00
 3.72759e-07 3.81096e+03 5.72049e-14 +0.00000e+00
 4.64159e-07 3.82807e+03 7.62693e-14 +0.00000e+00
 5.77969e-07 3.84590e+03 1.01332e-13 +0.00000e+00
 7.19686e-07 3.86431e+03 1.34164e-13 +0.00000e+00
 8.96151e-07 3.88321e+03 1.77022e-13 +0.00000e+00
 1.11588e-06 3.90251e+03 2.32776e-13 +0.00000e+00
 1.38950e-06 3.92214e+03 3.05056e-13 +0.00000e+00
 1.73020e-06 3.94204e+03 3.98441e-13 +0.00000e+00
 2.15443e-06 3.96212e+03 5.18697e-13 +0.00000e+00
 2.68270e-06 3.98230e+03 6.73067e-13 +0.00000e+00
 3.34048e-06 4.00249e+03 8.70620e-13 +0.00000e+00
 4.15956e-06 4.02266e+03 1.12267e-12 +0.00000e+00
 5.17947e-06 4.04282e+03 1.44327e-12 +0.00000e+00
 6.44947e-06 4.06302e+03 1.84981e-12 +0.00000e+00
 8.03086e-06 4.08343e+03 2.36371e-12 +0.00000e+00
 1.00000e-05 4.10427e+03 3.01110e-12 +0.00000e+00
 1.24520e-05 4.12588e+03 3.82370e-12 +0.00000e+00
 1.55052e-05 4.14862e+03 4.83970e-12 +0.00000e+00
 1.93070e-05 4.17279e+03 6.10477e-12 +0.00000e+00
 2.40410e-05 4.19859e+03 7.67325e-12 +0.00000e+00
 2.99358e-05 4.22605e+03 9.60943e-12 +0.00000e+00
 3.72759e-05 4.25509e+03 1.19887e-11 +0.00000e+00
 4.64159e-05 4.28564e+03 1.48982e-11 +0.00000e+00
 5.77969e-05 4.31762e+03 1.84378e-11 +0.00000e+00
 7.19686e-05 4.35093e+03 2.27196e-11 +0.00000e+00
 8.96151e-05 4.38546e+03 2.78679e-11 +0.00000e+00
 1.11588e-04 4.42105e+03 3.40174e-11 +0.00000e+00
 1.38950e-04 4.45761e+03 4.13105e-11 +0.00000e+00
 1.73020e-04 4.49512e+03 4.98919e-11 +0.00000e+00
 2.15443e-04 4.53363e+03 5.99031e-11 +0.00000e+00
 2.68270e-04 4.57322e+03 7.14743e-11 +0.00000e+00
 3.34048e-04 4.61386e+03 8.47204e-11 +0.00000e+00
 4.15956e-04 4.65531e+03 9.97390e-11 +0.00000e+00
 5.17947e-04 4.69724e+03 1.16610e-10 +0.00000e+00
 6.44947e-04 4.73905e+03 1.35407e-10 +0.00000e+00
 8.03086e-04 4.78021e+03 1.56202e-10 +0.00000e+00
 1.00000e-03 4.82019e+03 1.79072e-10 +0.00000e+00
 1.24520e-03 4.85849e+03 2.04115e-10 -2.54478e-07
 1.55052e-03 4.89469e+03 2.31473e-10 -3.16876e-07
 1.93070e-03 4.92847e+03 2.61350e-10 -3.94572e-07
 2.40410e-03 4.95960e+03 2.94044e-10 -4.91320e-07
 2.99358e-03 4.98805e+03 3.29954e-10 -6.11790e-07
 3.72759e-03 5.01402e+03 3.69586e-10 -7.61800e-07
 4.64159e-03 5.03790e+03 4.13538e-10 -9.48590e-07
 5.77969e-03 5.06023e+03 4.62481e-10 -1.18119e-06
 7.19686e-03 5.08161e+03 5.17127e-10 -1.47081e-06
 8.96151e-03 5.10270e+03 5.78209e-10 -1.83144e-06
 1.11588e-02 5.12414e+03 6.46455e-10 -2.28051e-06
 1.38950e-02 5.14658e+03 7.22558e-10 -2.83968e-06
 1.73020e-02 5.17068e+03 8.07138e-10 -3.53596e-06
 2.15443e-02 5.19711e+03 9.00701e-10 -4.40297e-06
 2.68270e-02 5.22649e+03 1.00360e-09 -5.48256e-06
 3.34048e-02 5.25948e+03 1.11598e-09 -6.82687e-06
 4.15956e-02 5.29674e+03 1.23767e-09 -8.50080e-06
 5.17947e-02 5.33895e+03 1.36815e-09 -1.05852e-05
 6.44947e-02 5.38684e+03 1.50644e-09 -1.31806e-05
 8.03086e-02 5.44116e+03 1.65108e-09 -1.64125e-05
 1.00000e-01 5.50268e+03 1.80011e-09 -2.04368e-05
 1.24520e-01 5.57232e+03 1.95098e-09 -2.54478e-05
 1.55052e-01 5.65101e+03 2.10070e-09 -3.16876e-05
 1.93070e-01 5.74001e+03 2.24567e-09 -3.94572e-05
 2.40410e-01 5.84102e+03 2.38171e-09 -4.91320e-05
 2.99358e-01 5.95653e+03 2.50401e-09 -6.11790e-05
 3.72759e-01 6.08987e+03 2.60706e-09 -7.61800e-05
 4.64159e-01 6.24138e+03 2.68751e-09 -9.48590e-05
 5.77969e-01 6.42218e+03 2.73705e-09 -1.18119e-04
 7.19686e-01 6.64327e+03 2.74726e-09 -1.47080e-04
 8.96151e-01 6.90448e+03 2.71701e-09 -1.83113e-04
 1.11588e+00 7.22862e+03 2.63537e-09 -2.26057e-04
 1.38950e+00 7.58954e+03 2.51485e-09 -1.53814e-04
 1.73020e+00 7.94562e+03 2.37628e-09 +3.17349e-03
 2.15443e+00 8.17558e+03 2.28497e-09 +1.19475e-02
 2.68270e+00 8.37299e+03 2.20319e-09 +2.71057e-02
 3.34048e+00 8.54702e+03 2.12881e-09 +4.19545e-02
 4.15956e+00 8.69973e+03 2.06262e-09 +5.12803e-02
 5.17947e+00 8.83785e+03 2.00249e-09 +5.76225e-02
 6.44947e+00 8.96710e+03 1.94627e-09 +6.20799e-02
 8.03086e+00 9.09139e+03 1.89249e-09 +6.53217e-02
 1.00000e+01 9.21356e+03 1.84013e-09 +6.77467e-02
 1.24520e+01 9.33583e+03 1.78846e-09 +6.95987e-02
 1.55052e+01 9.46014e+03 1.73694e-09 +7.10326e-02
 1.93070e+01 9.58838e+03 1.68515e-09 +7.21490e-02
 2.40410e+01 9.72262e+03 1.63271e-09 +7.30139e-02
 2.99358e+01 9.86537e+03 1.57929e-09 +7.36687e-02
 3.72759e+01 1.00200e+04 1.52451e-09 +7.41341e-02
 4.64159e+01 1.01913e+04 1.46792e-09 +7.44081e-02
 5.77969e+01 1.03873e+04 1.40884e-09 +7.44516e-02
 7.19686e+01 1.06221e+04 1.34605e-09 +7.41423e-02
 8.96151e+01 1.09263e+04 1.27706e-09 +7.30909e-02
 1.11588e+02 1.13863e+04 1.19493e-09 +6.95493e-02
 1.38950e+02 1.24798e+04 1.06546e-09 +4.27678e-02
 1.73020e+02 1.70782e+04 7.85615e-10 -6.05307e-04
 2.15443e+02 1.60991e+04 9.16321e-10 +2.89009e-04
 2.68270e+02 1.68109e+04 9.50369e-10 -2.25873e-04
 3.34048e+02 1.89785e+04 9.36692e-10 -6.12249e-04
 4.15956e+02 1.77101e+04 1.13512e-09 +1.81116e-05
 5.17947e+02 1.99230e+04 1.14366e-09 -6.08923e-04
 6.44947e+02 1.93926e+04 1.35008e-09 -4.09368e-04
 8.03086e+02 2.03484e+04 1.47460e-09 -4.59941e-04
 1.00000e+03 2.20426e+04 1.58762e-09 -5.70087e-04
