#n1=128 n2=4 Teff=06600 R=7.4147e+10 L=7.4333e+33 logg=+4.50
#   tau          T          rho         Fconv
 0.00000e+00 3.92005e+03 1.98867e-21 +0.00000e+00
 1.00000e-09 3.92005e+03 7.85085e-14 +0.00000e+00
 1.24520e-09 3.92020e+03 1.13858e-13 +0.00000e+00
 1.55052e-09 3.92042e+03 1.63173e-13 +0.00000e+00
 1.93070e-09 3.92070e+03 2.31659e-13 +0.00000e+00
 2.40410e-09 3.92102e+03 3.25920e-13 +0.00000e+00
 2.99358e-09 3.92138e+03 4.54419e-13 +0.00000e+00
 3.72759e-09 3.92176e+03 6.27821e-13 +0.00000e+00
 4.64159e-09 3.92215e+03 8.59439e-13 +0.00000e+00
 5.77969e-09 3.92258e+03 1.16614e-12 +0.00000e+00
 7.19686e-09 3.92255e+03 1.56670e-12 +0.00000e+00
 8.96151e-09 3.92328e+03 2.08486e-12 +0.00000e+00
 1.11588e-08 3.92445e+03 2.75369e-12 +0.00000e+00
 1.38950e-08 3.92621e+03 3.61003e-12 +0.00000e+00
 1.73020e-08 3.92874e+03 4.69858e-12 +0.00000e+00
 2.15443e-08 3.93226e+03 6.07327e-12 +0.00000e+00
 2.68270e-08 3.93693e+03 7.79887e-12 +0.00000e+00
 3.34048e-08 3.94290e+03 9.95265e-12 +0.00000e+00
 4.15956e-08 3.95023e+03 1.26264e-11 +0.00000e+00
 5.17947e-08 3.95894e+03 1.59291e-11 +0.00000e+00
 6.44947e-08 3.96891e+03 1.99897e-11 +0.00000e+00
 8.03086e-08 3.97997e+03 2.49610e-11 +0.00000e+00
 1.00000e-07 3.99184e+03 3.10243e-11 +0.00000e+00
 1.24520e-07 4.00421e+03 3.83943e-11 +0.00000e+00
 1.55052e-07 4.01676e+03 4.73138e-11 +0.00000e+00
 1.93070e-07 4.02432e+03 5.82184e-11 +0.00000e+00
 2.40410e-07 4.03635e+03 7.13248e-11 +0.00000e+00
 2.99358e-07 4.04796e+03 8.70602e-11 +0.00000e+00
 3.72759e-07 4.05917e+03 1.05905e-10 +0.00000e+00
 4.64159e-07 4.07012e+03 1.28419e-10 +0.00000e+00
 5.77969e-07 4.08103e+03 1.55255e-10 +0.00000e+00
 7.19686e-07 4.09212e+03 1.87176e-10 +0.00000e+00
 8.96151e-07 4.10356e+03 2.25061e-10 +0.00000e+00
 1.11588e-06 4.11546e+03 2.69931e-10 +0.00000e+00
 1.38950e-06 4.12788e+03 3.22971e-10 +0.00000e+00
 1.73020e-06 4.14090e+03 3.85552e-10 +0.00000e+00
 2.15443e-06 4.15453e+03 4.59250e-10 +0.00000e+00
 2.68270e-06 4.16890e+03 5.45850e-10 +0.00000e+00
 3.34048e-06 4.18413e+03 6.47430e-10 +0.00000e+00
 4.15956e-06 4.20543e+03 7.64336e-10 +0.00000e+00
 5.17947e-06 4.22390e+03 9.00669e-10 +0.00000e+00
 6.44947e-06 4.25538e+03 1.05642e-09 +0.00000e+00
 8.03086e-06 4.27862e+03 1.24058e-09 +0.00000e+00
 1.00000e-05 4.29969e+03 1.45385e-09 +0.00000e+00
 1.24520e-05 4.32172e+03 1.69856e-09 +0.00000e+00
 1.55052e-05 4.34545e+03 1.97785e-09 +0.00000e+00
 1.93070e-05 4.37093e+03 2.29510e-09 +0.00000e+00
 2.40410e-05 4.39811e+03 2.65371e-09 +0.00000e+00
 2.99358e-05 4.42682e+03 3.05714e-09 +0.00000e+00
 3.72759e-05 4.45685e+03 3.50902e-09 +0.00000e+00
 4.64159e-05 4.48796e+03 4.01322e-09 +0.00000e+00
 5.77969e-05 4.51993e+03 4.57395e-09 +0.00000e+00
 7.19686e-05 4.55252e+03 5.19594e-09 +0.00000e+00
 8.96151e-05 4.58558e+03 5.88444e-09 +0.00000e+00
 1.11588e-04 4.61908e+03 6.64507e-09 +0.00000e+00
 1.38950e-04 4.65316e+03 7.48369e-09 +0.00000e+00
 1.73020e-04 4.68806e+03 8.40606e-09 +0.00000e+00
 2.15443e-04 4.72401e+03 9.41775e-09 +0.00000e+00
 2.68270e-04 4.76114e+03 1.05242e-08 +0.00000e+00
 3.34048e-04 4.79943e+03 1.17307e-08 +0.00000e+00
 4.15956e-04 4.83867e+03 1.30432e-08 +0.00000e+00
 5.17947e-04 4.87860e+03 1.44675e-08 +0.00000e+00
 6.44947e-04 4.91894e+03 1.60100e-08 +0.00000e+00
 8.03086e-04 4.95938e+03 1.76770e-08 +0.00000e+00
 1.00000e-03 4.99959e+03 1.94758e-08 +0.00000e+00
 1.24520e-03 5.03924e+03 2.14142e-08 -2.54553e-07
 1.55052e-03 5.07798e+03 2.35013e-08 -3.16969e-07
 1.93070e-03 5.11549e+03 2.57493e-08 -3.94688e-07
 2.40410e-03 5.15136e+03 2.81742e-08 -4.91465e-07
 2.99358e-03 5.18514e+03 3.07986e-08 -6.11970e-07
 3.72759e-03 5.21651e+03 3.36526e-08 -7.62024e-07
 4.64159e-03 5.24537e+03 3.67747e-08 -9.48872e-07
 5.77969e-03 5.27193e+03 4.02113e-08 -1.18153e-06
 7.19686e-03 5.29668e+03 4.40145e-08 -1.47124e-06
 8.96151e-03 5.32031e+03 4.82398e-08 -1.83198e-06
 1.11588e-02 5.34364e+03 5.29449e-08 -2.28118e-06
 1.38950e-02 5.36752e+03 5.81850e-08 -2.84052e-06
 1.73020e-02 5.39279e+03 6.40105e-08 -3.53701e-06
 2.15443e-02 5.42024e+03 7.04629e-08 -4.40426e-06
 2.68270e-02 5.45062e+03 7.75723e-08 -5.48418e-06
 3.34048e-02 5.48465e+03 8.53554e-08 -6.82888e-06
 4.15956e-02 5.52304e+03 9.38048e-08 -8.50330e-06
 5.17947e-02 5.56651e+03 1.02891e-07 -1.05883e-05
 6.44947e-02 5.61583e+03 1.12564e-07 -1.31845e-05
 8.03086e-02 5.67173e+03 1.22733e-07 -1.64173e-05
 1.00000e-01 5.73506e+03 1.33268e-07 -2.04428e-05
 1.24520e-01 5.80672e+03 1.44005e-07 -2.54553e-05
 1.55052e-01 5.88766e+03 1.54751e-07 -3.16969e-05
 1.93070e-01 5.97908e+03 1.65274e-07 -3.94688e-05
 2.40410e-01 6.08269e+03 1.75308e-07 -4.91465e-05
 2.99358e-01 6.20063e+03 1.84559e-07 -6.11970e-05
 3.72759e-01 6.33598e+03 1.92696e-07 -7.62024e-05
 4.64159e-01 6.48970e+03 1.99501e-07 -9.47524e-05
 5.77969e-01 6.67162e+03 2.04470e-07 -1.09358e-04
 7.19686e-01 6.89089e+03 2.07123e-07 +2.84030e-05
 8.96151e-01 7.14803e+03 2.07342e-07 +1.22861e-03
 1.11588e+00 7.37194e+03 2.07686e-07 +3.67632e-03
 1.38950e+00 7.58623e+03 2.07801e-07 +9.04081e-03
 1.73020e+00 7.79116e+03 2.07844e-07 +1.68469e-02
 2.15443e+00 7.98586e+03 2.07960e-07 +2.63460e-02
 2.68270e+00 8.17261e+03 2.08171e-07 +3.76569e-02
 3.34048e+00 8.35358e+03 2.08468e-07 +4.79747e-02
 4.15956e+00 8.52462e+03 2.09021e-07 +5.40807e-02
 5.17947e+00 8.68750e+03 2.09838e-07 +5.88170e-02
 6.44947e+00 8.84386e+03 2.10919e-07 +6.26736e-02
 8.03086e+00 8.99407e+03 2.12297e-07 +6.58582e-02
 1.00000e+01 9.13866e+03 2.14003e-07 +6.84222e-02
 1.24520e+01 9.27854e+03 2.16056e-07 +7.04819e-02
 1.55052e+01 9.41455e+03 2.18476e-07 +7.21362e-02
 1.93070e+01 9.54752e+03 2.21284e-07 +7.34657e-02
 2.40410e+01 9.67818e+03 2.24503e-07 +7.45407e-02
 2.99358e+01 9.80713e+03 2.28160e-07 +7.54142e-02
 3.72759e+01 9.93485e+03 2.32285e-07 +7.61264e-02
 4.64159e+01 1.00618e+04 2.36912e-07 +7.67091e-02
 5.77969e+01 1.01884e+04 2.42078e-07 +7.71883e-02
 7.19686e+01 1.03150e+04 2.47824e-07 +7.75821e-02
 8.96151e+01 1.04419e+04 2.54191e-07 +7.79064e-02
 1.11588e+02 1.05695e+04 2.61220e-07 +7.81743e-02
 1.38950e+02 1.06982e+04 2.68958e-07 +7.83962e-02
 1.73020e+02 1.08283e+04 2.77451e-07 +7.85807e-02
 2.15443e+02 1.09599e+04 2.86752e-07 +7.87350e-02
 2.68270e+02 1.10934e+04 2.96923e-07 +7.88651e-02
 3.34048e+02 1.12285e+04 3.08037e-07 +7.89750e-02
 4.15956e+02 1.13654e+04 3.20177e-07 +7.90677e-02
 5.17947e+02 1.15041e+04 3.33434e-07 +7.91457e-02
 6.44947e+02 1.16445e+04 3.47902e-07 +7.92118e-02
 8.03086e+02 1.17868e+04 3.63711e-07 +7.92676e-02
 1.00000e+03 1.19306e+04 3.81005e-07 +7.93150e-02
