#n1=128 n2=4 Teff=06900 R=7.5511e+12 L=9.1956e+37 logg=+1.00
#   tau          T          rho         Fconv
 0.00000e+00 3.86152e+03 2.04859e-21 +0.00000e+00
 1.00000e-09 3.86152e+03 1.11109e-19 +0.00000e+00
 1.24520e-09 3.86389e+03 1.52944e-19 +0.00000e+00
 1.55052e-09 3.86623e+03 2.12590e-19 +0.00000e+00
 1.93070e-09 3.86862e+03 2.96785e-19 +0.00000e+00
 2.40410e-09 3.87104e+03 4.14987e-19 +0.00000e+00
 2.99358e-09 3.87349e+03 5.79979e-19 +0.00000e+00
 3.72759e-09 3.87595e+03 8.08851e-19 +0.00000e+00
 4.64159e-09 3.87841e+03 1.12471e-18 +0.00000e+00
 5.77969e-09 3.88088e+03 1.55926e-18 +0.00000e+00
 7.19686e-09 3.88335e+03 2.15717e-18 +0.00000e+00
 8.96151e-09 3.88583e+03 2.98258e-18 +0.00000e+00
 1.11588e-08 3.88834e+03 4.12852e-18 +0.00000e+00
 1.38950e-08 3.89089e+03 5.72987e-18 +0.00000e+00
 1.73020e-08 3.89353e+03 7.97942e-18 +0.00000e+00
 2.15443e-08 3.89629e+03 1.11484e-17 +0.00000e+00
 2.68270e-08 3.89923e+03 1.56148e-17 +0.00000e+00
 3.34048e-08 3.90239e+03 2.19165e-17 +0.00000e+00
 4.15956e-08 3.90586e+03 3.08346e-17 +0.00000e+00
 5.17947e-08 3.90975e+03 4.34612e-17 +0.00000e+00
 6.44947e-08 3.91414e+03 6.13092e-17 +0.00000e+00
 8.03086e-08 3.91916e+03 8.64691e-17 +0.00000e+00
 1.00000e-07 3.92491e+03 1.21823e-16 +0.00000e+00
 1.24520e-07 3.93149e+03 1.71341e-16 +0.00000e+00
 1.55052e-07 3.93900e+03 2.40499e-16 +0.00000e+00
 1.93070e-07 3.94761e+03 3.36855e-16 +0.00000e+00
 2.40410e-07 3.95754e+03 4.70856e-16 +0.00000e+00
 2.99358e-07 3.96906e+03 6.56970e-16 +0.00000e+00
 3.72759e-07 3.98247e+03 9.15259e-16 +0.00000e+00
 4.64159e-07 3.99802e+03 1.27356e-15 +0.00000e+00
 5.77969e-07 4.01593e+03 1.77039e-15 +0.00000e+00
 7.19686e-07 4.03633e+03 2.45905e-15 +0.00000e+00
 8.96151e-07 4.05925e+03 3.41319e-15 +0.00000e+00
 1.11588e-06 4.08458e+03 4.73389e-15 +0.00000e+00
 1.38950e-06 4.11201e+03 6.55893e-15 +0.00000e+00
 1.73020e-06 4.14117e+03 9.07674e-15 +0.00000e+00
 2.15443e-06 4.17168e+03 1.25463e-14 +0.00000e+00
 2.68270e-06 4.20313e+03 1.73219e-14 +0.00000e+00
 3.34048e-06 4.23519e+03 2.38857e-14 +0.00000e+00
 4.15956e-06 4.26746e+03 3.28953e-14 +0.00000e+00
 5.17947e-06 4.29961e+03 4.52496e-14 +0.00000e+00
 6.44947e-06 4.33144e+03 6.21756e-14 +0.00000e+00
 8.03086e-06 4.36302e+03 8.53387e-14 +0.00000e+00
 1.00000e-05 4.39461e+03 1.16984e-13 +0.00000e+00
 1.24520e-05 4.42656e+03 1.60120e-13 +0.00000e+00
 1.55052e-05 4.45908e+03 2.18754e-13 +0.00000e+00
 1.93070e-05 4.49233e+03 2.98171e-13 +0.00000e+00
 2.40410e-05 4.52657e+03 4.05225e-13 +0.00000e+00
 2.99358e-05 4.56203e+03 5.48675e-13 +0.00000e+00
 3.72759e-05 4.59885e+03 7.39491e-13 +0.00000e+00
 4.64159e-05 4.63668e+03 9.91263e-13 +0.00000e+00
 5.77969e-05 4.67528e+03 1.32038e-12 +0.00000e+00
 7.19686e-05 4.71426e+03 1.74628e-12 +0.00000e+00
 8.96151e-05 4.75336e+03 2.29148e-12 +0.00000e+00
 1.11588e-04 4.79254e+03 2.98125e-12 +0.00000e+00
 1.38950e-04 4.83198e+03 3.84302e-12 +0.00000e+00
 1.73020e-04 4.87200e+03 4.90530e-12 +0.00000e+00
 2.15443e-04 4.91290e+03 6.19655e-12 +0.00000e+00
 2.68270e-04 4.95485e+03 7.74401e-12 +0.00000e+00
 3.34048e-04 4.99786e+03 9.57290e-12 +0.00000e+00
 4.15956e-04 5.04182e+03 1.17056e-11 +0.00000e+00
 5.17947e-04 5.08663e+03 1.41609e-11 +0.00000e+00
 6.44947e-04 5.13220e+03 1.69531e-11 +0.00000e+00
 8.03086e-04 5.17853e+03 2.00924e-11 +0.00000e+00
 1.00000e-03 5.22564e+03 2.35851e-11 +0.00000e+00
 1.24520e-03 5.27347e+03 2.74375e-11 -2.54938e-07
 1.55052e-03 5.32174e+03 3.16613e-11 -3.17448e-07
 1.93070e-03 5.36994e+03 3.62799e-11 -3.95285e-07
 2.40410e-03 5.41740e+03 4.13344e-11 -4.92208e-07
 2.99358e-03 5.46335e+03 4.68875e-11 -6.12896e-07
 3.72759e-03 5.50697e+03 5.30260e-11 -7.63176e-07
 4.64159e-03 5.54754e+03 5.98616e-11 -9.50302e-07
 5.77969e-03 5.58468e+03 6.75300e-11 -1.18332e-06
 7.19686e-03 5.61848e+03 7.61876e-11 -1.47346e-06
 8.96151e-03 5.64950e+03 8.60047e-11 -1.83475e-06
 1.11588e-02 5.67869e+03 9.71549e-11 -2.28463e-06
 1.38950e-02 5.70720e+03 1.09803e-10 -2.84481e-06
 1.73020e-02 5.73628e+03 1.24090e-10 -3.54235e-06
 2.15443e-02 5.76717e+03 1.40120e-10 -4.41092e-06
 2.68270e-02 5.80102e+03 1.57943e-10 -5.49247e-06
 3.34048e-02 5.83894e+03 1.77539e-10 -6.83920e-06
 4.15956e-02 5.88195e+03 1.98806e-10 -8.51616e-06
 5.17947e-02 5.93112e+03 2.21538e-10 -1.06043e-05
 6.44947e-02 5.98750e+03 2.45420e-10 -1.32044e-05
 8.03086e-02 6.05217e+03 2.70016e-10 -1.64422e-05
 1.00000e-01 6.12626e+03 2.94766e-10 -2.04737e-05
 1.24520e-01 6.21117e+03 3.18987e-10 -2.54938e-05
 1.55052e-01 6.30838e+03 3.41886e-10 -3.17448e-05
 1.93070e-01 6.41991e+03 3.62557e-10 -3.95288e-05
 2.40410e-01 6.54905e+03 3.79928e-10 -4.92209e-05
 2.99358e-01 6.69996e+03 3.92798e-10 -6.12896e-05
 3.72759e-01 6.87777e+03 3.99866e-10 -7.63176e-05
 4.64159e-01 7.08075e+03 4.00577e-10 -9.50302e-05
 5.77969e-01 7.31959e+03 3.93499e-10 -1.18332e-04
 7.19686e-01 7.60299e+03 3.77248e-10 -1.47327e-04
 8.96151e-01 7.92089e+03 3.52481e-10 -1.82028e-04
 1.11588e+00 8.29012e+03 3.17965e-10 -1.24069e-04
 1.38950e+00 8.71481e+03 2.75638e-10 +1.53705e-03
 1.73020e+00 8.95708e+03 2.53414e-10 +1.70462e-03
 2.15443e+00 9.19188e+03 2.34141e-10 +2.36225e-03
 2.68270e+00 9.46186e+03 2.15233e-10 +1.86085e-03
 3.34048e+00 9.88406e+03 1.92738e-10 -1.97462e-04
 4.15956e+00 1.00316e+04 1.87920e-10 -4.42414e-04
 5.17947e+00 1.03825e+04 1.77580e-10 -6.02513e-04
 6.44947e+00 1.07994e+04 1.69118e-10 -6.13839e-04
 8.03086e+00 1.16749e+04 1.56339e-10 -6.14210e-04
 1.00000e+01 1.13605e+04 1.65041e-10 -6.14203e-04
 1.24520e+01 1.22637e+04 1.56344e-10 -6.14210e-04
 1.55052e+01 1.23176e+04 1.61689e-10 -6.14210e-04
 1.93070e+01 1.28286e+04 1.62310e-10 -6.14210e-04
 2.40410e+01 1.34184e+04 1.64230e-10 -6.14210e-04
 2.99358e+01 1.40817e+04 1.67653e-10 -6.14210e-04
 3.72759e+01 1.56467e+04 1.63555e-10 -6.14211e-04
 4.64159e+01 1.55222e+04 1.85102e-10 -6.14210e-04
 5.77969e+01 1.65254e+04 1.95500e-10 -6.14211e-04
 7.19686e+01 1.74445e+04 2.13358e-10 -6.14211e-04
 8.96151e+01 1.76974e+04 2.43665e-10 -6.14211e-04
 1.11588e+02 1.89504e+04 2.66645e-10 -6.14211e-04
 1.38950e+02 1.93465e+04 3.07249e-10 -6.14211e-04
 1.73020e+02 2.02850e+04 3.45714e-10 -6.14211e-04
 2.15443e+02 2.11263e+04 3.93516e-10 -6.14211e-04
 2.68270e+02 2.20410e+04 4.48445e-10 -6.14210e-04
 3.34048e+02 2.30003e+04 5.12123e-10 -6.14210e-04
 4.15956e+02 2.40087e+04 5.85639e-10 -6.14210e-04
 5.17947e+02 2.50674e+04 6.70341e-10 -6.14210e-04
 6.44947e+02 2.61847e+04 7.67584e-10 -6.14209e-04
 8.03086e+02 2.73878e+04 8.78644e-10 -6.14204e-04
 1.00000e+03 2.85514e+04 1.00908e-09 -6.14180e-04
