#n1=128 n2=4 Teff=06900 R=9.1625e+11 L=1.3557e+36 logg=+2.50
#   tau          T          rho         Fconv
 0.00000e+00 3.77943e+03 2.15682e-21 +0.00000e+00
 1.00000e-09 3.77943e+03 4.63084e-17 +0.00000e+00
 1.24520e-09 3.78263e+03 7.04766e-17 +0.00000e+00
 1.55052e-09 3.78653e+03 1.06673e-16 +0.00000e+00
 1.93070e-09 3.79136e+03 1.60146e-16 +0.00000e+00
 2.40410e-09 3.79725e+03 2.38113e-16 +0.00000e+00
 2.99358e-09 3.80439e+03 3.50496e-16 +0.00000e+00
 3.72759e-09 3.81303e+03 5.11083e-16 +0.00000e+00
 4.64159e-09 3.82345e+03 7.39252e-16 +0.00000e+00
 5.77969e-09 3.83598e+03 1.06231e-15 +0.00000e+00
 7.19686e-09 3.85088e+03 1.51792e-15 +0.00000e+00
 8.96151e-09 3.86832e+03 2.15656e-15 +0.00000e+00
 1.11588e-08 3.88826e+03 3.04540e-15 +0.00000e+00
 1.38950e-08 3.91055e+03 4.27362e-15 +0.00000e+00
 1.73020e-08 3.93487e+03 5.95971e-15 +0.00000e+00
 2.15443e-08 3.96085e+03 8.26174e-15 +0.00000e+00
 2.68270e-08 3.98806e+03 1.13909e-14 +0.00000e+00
 3.34048e-08 4.01616e+03 1.56296e-14 +0.00000e+00
 4.15956e-08 4.04481e+03 2.13553e-14 +0.00000e+00
 5.17947e-08 4.07366e+03 2.90729e-14 +0.00000e+00
 6.44947e-08 4.10223e+03 3.94586e-14 +0.00000e+00
 8.03086e-08 4.12994e+03 5.34188e-14 +0.00000e+00
 1.00000e-07 4.15624e+03 7.21667e-14 +0.00000e+00
 1.24520e-07 4.18085e+03 9.73158e-14 +0.00000e+00
 1.55052e-07 4.20398e+03 1.30986e-13 +0.00000e+00
 1.93070e-07 4.22618e+03 1.75922e-13 +0.00000e+00
 2.40410e-07 4.24811e+03 2.35633e-13 +0.00000e+00
 2.99358e-07 4.27026e+03 3.14581e-13 +0.00000e+00
 3.72759e-07 4.29277e+03 4.18429e-13 +0.00000e+00
 4.64159e-07 4.31554e+03 5.54338e-13 +0.00000e+00
 5.77969e-07 4.33839e+03 7.31303e-13 +0.00000e+00
 7.19686e-07 4.36118e+03 9.60516e-13 +0.00000e+00
 8.96151e-07 4.38392e+03 1.25574e-12 +0.00000e+00
 1.11588e-06 4.40672e+03 1.63369e-12 +0.00000e+00
 1.38950e-06 4.42977e+03 2.11436e-12 +0.00000e+00
 1.73020e-06 4.45323e+03 2.72145e-12 +0.00000e+00
 2.15443e-06 4.47720e+03 3.48269e-12 +0.00000e+00
 2.68270e-06 4.50176e+03 4.43012e-12 +0.00000e+00
 3.34048e-06 4.52694e+03 5.60039e-12 +0.00000e+00
 4.15956e-06 4.55279e+03 7.03482e-12 +0.00000e+00
 5.17947e-06 4.57935e+03 8.77951e-12 +0.00000e+00
 6.44947e-06 4.60663e+03 1.08853e-11 +0.00000e+00
 8.03086e-06 4.63464e+03 1.34078e-11 +0.00000e+00
 1.00000e-05 4.66336e+03 1.64071e-11 +0.00000e+00
 1.24520e-05 4.69273e+03 1.99486e-11 +0.00000e+00
 1.55052e-05 4.72270e+03 2.41021e-11 +0.00000e+00
 1.93070e-05 4.75318e+03 2.89431e-11 +0.00000e+00
 2.40410e-05 4.78412e+03 3.45526e-11 +0.00000e+00
 2.99358e-05 4.81548e+03 4.10174e-11 +0.00000e+00
 3.72759e-05 4.84721e+03 4.84307e-11 +0.00000e+00
 4.64159e-05 4.87927e+03 5.68926e-11 +0.00000e+00
 5.77969e-05 4.91163e+03 6.65101e-11 +0.00000e+00
 7.19686e-05 4.94424e+03 7.73987e-11 +0.00000e+00
 8.96151e-05 4.97706e+03 8.96819e-11 +0.00000e+00
 1.11588e-04 5.01004e+03 1.03493e-10 +0.00000e+00
 1.38950e-04 5.04314e+03 1.18972e-10 +0.00000e+00
 1.73020e-04 5.07632e+03 1.36273e-10 +0.00000e+00
 2.15443e-04 5.10960e+03 1.55556e-10 +0.00000e+00
 2.68270e-04 5.14296e+03 1.76994e-10 +0.00000e+00
 3.34048e-04 5.17649e+03 2.00764e-10 +0.00000e+00
 4.15956e-04 5.21025e+03 2.27057e-10 +0.00000e+00
 5.17947e-04 5.24427e+03 2.56069e-10 +0.00000e+00
 6.44947e-04 5.27869e+03 2.88002e-10 +0.00000e+00
 8.03086e-04 5.31359e+03 3.23066e-10 +0.00000e+00
 1.00000e-03 5.34905e+03 3.61485e-10 +0.00000e+00
 1.24520e-03 5.38508e+03 4.03507e-10 -2.54599e-07
 1.55052e-03 5.42178e+03 4.49401e-10 -3.17026e-07
 1.93070e-03 5.45915e+03 4.99478e-10 -3.94759e-07
 2.40410e-03 5.49718e+03 5.54106e-10 -4.91553e-07
 2.99358e-03 5.53581e+03 6.13723e-10 -6.12080e-07
 3.72759e-03 5.57498e+03 6.78838e-10 -7.62161e-07
 4.64159e-03 5.61459e+03 7.50048e-10 -9.49038e-07
 5.77969e-03 5.65461e+03 8.27999e-10 -1.18174e-06
 7.19686e-03 5.69485e+03 9.13433e-10 -1.47150e-06
 8.96151e-03 5.73533e+03 1.00713e-09 -1.83231e-06
 1.11588e-02 5.77606e+03 1.10993e-09 -2.28159e-06
 1.38950e-02 5.81724e+03 1.22265e-09 -2.84103e-06
 1.73020e-02 5.85885e+03 1.34624e-09 -3.53764e-06
 2.15443e-02 5.90176e+03 1.48139e-09 -4.40505e-06
 2.68270e-02 5.94599e+03 1.62890e-09 -5.48516e-06
 3.34048e-02 5.99296e+03 1.78898e-09 -6.83010e-06
 4.15956e-02 6.04365e+03 1.96152e-09 -8.50483e-06
 5.17947e-02 6.10239e+03 2.14399e-09 -1.05902e-05
 6.44947e-02 6.16582e+03 2.33610e-09 -1.31868e-05
 8.03086e-02 6.22872e+03 2.54018e-09 -1.64203e-05
 1.00000e-01 6.29919e+03 2.75209e-09 -2.04464e-05
 1.24520e-01 6.38125e+03 2.96655e-09 -2.54599e-05
 1.55052e-01 6.47820e+03 3.17662e-09 -3.17026e-05
 1.93070e-01 6.59300e+03 3.37394e-09 -3.94759e-05
 2.40410e-01 6.73046e+03 3.54745e-09 -4.91553e-05
 2.99358e-01 6.88707e+03 3.69125e-09 -6.12080e-05
 3.72759e-01 7.04693e+03 3.81311e-09 -7.62161e-05
 4.64159e-01 7.23713e+03 3.89320e-09 -9.49038e-05
 5.77969e-01 7.56189e+03 3.83901e-09 -1.18146e-04
 7.19686e-01 7.84137e+03 3.76784e-09 -1.46656e-04
 8.96151e-01 8.14314e+03 3.64580e-09 -1.51658e-04
 1.11588e+00 8.75057e+03 3.23842e-09 +1.23491e-02
 1.38950e+00 8.98097e+03 3.08763e-09 +9.02558e-03
 1.73020e+00 9.14951e+03 2.98106e-09 +1.37732e-02
 2.15443e+00 9.31029e+03 2.87881e-09 +2.20123e-02
 2.68270e+00 9.47160e+03 2.77556e-09 +3.22027e-02
 3.34048e+00 9.63617e+03 2.67055e-09 +4.16350e-02
 4.15956e+00 9.80082e+03 2.56810e-09 +4.73911e-02
 5.17947e+00 9.96814e+03 2.46809e-09 +5.15888e-02
 6.44947e+00 1.01428e+04 2.36917e-09 +5.45125e-02
 8.03086e+00 1.03306e+04 2.26992e-09 +5.63056e-02
 1.00000e+01 1.05405e+04 2.16863e-09 +5.69073e-02
 1.24520e+01 1.07873e+04 2.06285e-09 +5.58686e-02
 1.55052e+01 1.11021e+04 1.94821e-09 +5.16307e-02
 1.93070e+01 1.15673e+04 1.81496e-09 +3.80371e-02
 2.40410e+01 1.24218e+04 1.65092e-09 +3.88952e-03
 2.99358e+01 1.43514e+04 1.44386e-09 -6.11908e-04
 3.72759e+01 1.48905e+04 1.46176e-09 -6.12133e-04
 4.64159e+01 1.56257e+04 1.47956e-09 -6.12127e-04
 5.77969e+01 1.63139e+04 1.52723e-09 -6.12245e-04
 7.19686e+01 1.70272e+04 1.60093e-09 -6.12777e-04
 8.96151e+01 1.76948e+04 1.71199e-09 -6.13079e-04
 1.11588e+02 1.84890e+04 1.84585e-09 -6.13289e-04
 1.38950e+02 1.95206e+04 1.99796e-09 -6.13374e-04
 1.73020e+02 2.19910e+04 2.09163e-09 -6.13394e-04
 2.15443e+02 2.14744e+04 2.52857e-09 -6.13372e-04
 2.68270e+02 2.27719e+04 2.80101e-09 -6.13381e-04
 3.34048e+02 2.35036e+04 3.19672e-09 -6.13319e-04
 4.15956e+02 2.45689e+04 3.60798e-09 -6.13210e-04
 5.17947e+02 2.53521e+04 4.12222e-09 -6.12292e-04
 6.44947e+02 2.64466e+04 4.66135e-09 -6.10155e-04
 8.03086e+02 2.72900e+04 5.32192e-09 -5.95946e-04
 1.00000e+03 2.85806e+04 5.98898e-09 -5.72399e-04
