#n1=128 n2=4 Teff=06900 R=2.6868e+11 L=1.1659e+35 logg=+3.50
#   tau          T          rho         Fconv
 0.00000e+00 3.99612e+03 1.95651e-21 +0.00000e+00
 1.00000e-09 3.99612e+03 1.45954e-15 +0.00000e+00
 1.24520e-09 3.99711e+03 2.21559e-15 +0.00000e+00
 1.55052e-09 3.99835e+03 3.32696e-15 +0.00000e+00
 1.93070e-09 3.99990e+03 4.94183e-15 +0.00000e+00
 2.40410e-09 4.00182e+03 7.26156e-15 +0.00000e+00
 2.99358e-09 4.00416e+03 1.05612e-14 +0.00000e+00
 3.72759e-09 4.00694e+03 1.52180e-14 +0.00000e+00
 4.64159e-09 4.01019e+03 2.17508e-14 +0.00000e+00
 5.77969e-09 4.01394e+03 3.08727e-14 +0.00000e+00
 7.19686e-09 4.01824e+03 4.35559e-14 +0.00000e+00
 8.96151e-09 4.02316e+03 6.11068e-14 +0.00000e+00
 1.11588e-08 4.02883e+03 8.52560e-14 +0.00000e+00
 1.38950e-08 4.03544e+03 1.18273e-13 +0.00000e+00
 1.73020e-08 4.04316e+03 1.63123e-13 +0.00000e+00
 2.15443e-08 4.05217e+03 2.23684e-13 +0.00000e+00
 2.68270e-08 4.06262e+03 3.05016e-13 +0.00000e+00
 3.34048e-08 4.07462e+03 4.13689e-13 +0.00000e+00
 4.15956e-08 4.08825e+03 5.58154e-13 +0.00000e+00
 5.17947e-08 4.10354e+03 7.49149e-13 +0.00000e+00
 6.44947e-08 4.12044e+03 1.00017e-12 +0.00000e+00
 8.03086e-08 4.13884e+03 1.32802e-12 +0.00000e+00
 1.00000e-07 4.15855e+03 1.75347e-12 +0.00000e+00
 1.24520e-07 4.17935e+03 2.30197e-12 +0.00000e+00
 1.55052e-07 4.20098e+03 3.00462e-12 +0.00000e+00
 1.93070e-07 4.22320e+03 3.89924e-12 +0.00000e+00
 2.40410e-07 4.24572e+03 5.03162e-12 +0.00000e+00
 2.99358e-07 4.26827e+03 6.45687e-12 +0.00000e+00
 3.72759e-07 4.29054e+03 8.24098e-12 +0.00000e+00
 4.64159e-07 4.31219e+03 1.04626e-11 +0.00000e+00
 5.77969e-07 4.33296e+03 1.32152e-11 +0.00000e+00
 7.19686e-07 4.35269e+03 1.66084e-11 +0.00000e+00
 8.96151e-07 4.37142e+03 2.07705e-11 +0.00000e+00
 1.11588e-06 4.38934e+03 2.58491e-11 +0.00000e+00
 1.38950e-06 4.40677e+03 3.20138e-11 +0.00000e+00
 1.73020e-06 4.42399e+03 3.94577e-11 +0.00000e+00
 2.15443e-06 4.44124e+03 4.84001e-11 +0.00000e+00
 2.68270e-06 4.45867e+03 5.90895e-11 +0.00000e+00
 3.34048e-06 4.47636e+03 7.18062e-11 +0.00000e+00
 4.15956e-06 4.49438e+03 8.68647e-11 +0.00000e+00
 5.17947e-06 4.51276e+03 1.04616e-10 +0.00000e+00
 6.44947e-06 4.53155e+03 1.25448e-10 +0.00000e+00
 8.03086e-06 4.55081e+03 1.49791e-10 +0.00000e+00
 1.00000e-05 4.57059e+03 1.78112e-10 +0.00000e+00
 1.24520e-05 4.59094e+03 2.10920e-10 +0.00000e+00
 1.55052e-05 4.61195e+03 2.48766e-10 +0.00000e+00
 1.93070e-05 4.63366e+03 2.92240e-10 +0.00000e+00
 2.40410e-05 4.65612e+03 3.41971e-10 +0.00000e+00
 2.99358e-05 4.67936e+03 3.98631e-10 +0.00000e+00
 3.72759e-05 4.70340e+03 4.62931e-10 +0.00000e+00
 4.64159e-05 4.72822e+03 5.35626e-10 +0.00000e+00
 5.77969e-05 4.75381e+03 6.17521e-10 +0.00000e+00
 7.19686e-05 4.78011e+03 7.09468e-10 +0.00000e+00
 8.96151e-05 4.80707e+03 8.12379e-10 +0.00000e+00
 1.11588e-04 4.83462e+03 9.27225e-10 +0.00000e+00
 1.38950e-04 4.86270e+03 1.05504e-09 +0.00000e+00
 1.73020e-04 4.89123e+03 1.19693e-09 +0.00000e+00
 2.15443e-04 4.92019e+03 1.35404e-09 +0.00000e+00
 2.68270e-04 4.94952e+03 1.52758e-09 +0.00000e+00
 3.34048e-04 4.97923e+03 1.71880e-09 +0.00000e+00
 4.15956e-04 5.00932e+03 1.92893e-09 +0.00000e+00
 5.17947e-04 5.03979e+03 2.15923e-09 +0.00000e+00
 6.44947e-04 5.07070e+03 2.41091e-09 +0.00000e+00
 8.03086e-04 5.10207e+03 2.68517e-09 +0.00000e+00
 1.00000e-03 5.13393e+03 2.98319e-09 +0.00000e+00
 1.24520e-03 5.16630e+03 3.30624e-09 -2.54567e-07
 1.55052e-03 5.19921e+03 3.65568e-09 -3.16986e-07
 1.93070e-03 5.23266e+03 4.03318e-09 -3.94710e-07
 2.40410e-03 5.26662e+03 4.44080e-09 -4.91492e-07
 2.99358e-03 5.30106e+03 4.88118e-09 -6.12004e-07
 3.72759e-03 5.33595e+03 5.35765e-09 -7.62066e-07
 4.64159e-03 5.37122e+03 5.87441e-09 -9.48920e-07
 5.77969e-03 5.40686e+03 6.43632e-09 -1.18159e-06
 7.19686e-03 5.44277e+03 7.04907e-09 -1.47132e-06
 8.96151e-03 5.47897e+03 7.71896e-09 -1.83208e-06
 1.11588e-02 5.51553e+03 8.45284e-09 -2.28130e-06
 1.38950e-02 5.55261e+03 9.25770e-09 -2.84067e-06
 1.73020e-02 5.59032e+03 1.01411e-08 -3.53720e-06
 2.15443e-02 5.62927e+03 1.11089e-08 -4.40450e-06
 2.68270e-02 5.66967e+03 1.21677e-08 -5.48447e-06
 3.34048e-02 5.71258e+03 1.33203e-08 -6.82925e-06
 4.15956e-02 5.75888e+03 1.45673e-08 -8.50377e-06
 5.17947e-02 5.81144e+03 1.58973e-08 -1.05888e-05
 6.44947e-02 5.86810e+03 1.73095e-08 -1.31852e-05
 8.03086e-02 5.92576e+03 1.88144e-08 -1.64182e-05
 1.00000e-01 5.98992e+03 2.03892e-08 -2.04439e-05
 1.24520e-01 6.06366e+03 2.20027e-08 -2.54567e-05
 1.55052e-01 6.14949e+03 2.36139e-08 -3.16986e-05
 1.93070e-01 6.24973e+03 2.51738e-08 -3.94710e-05
 2.40410e-01 6.36764e+03 2.66212e-08 -4.91492e-05
 2.99358e-01 6.50143e+03 2.79195e-08 -6.12004e-05
 3.72759e-01 6.64387e+03 2.90842e-08 -7.62065e-05
 4.64159e-01 6.81641e+03 2.99902e-08 -9.48881e-05
 5.77969e-01 7.07830e+03 3.02471e-08 -1.17956e-04
 7.19686e-01 7.33690e+03 3.02782e-08 -1.44802e-04
 8.96151e-01 7.64857e+03 2.98652e-08 -9.08032e-05
 1.11588e+00 8.15700e+03 2.82906e-08 +6.89923e-03
 1.38950e+00 8.40437e+03 2.76870e-08 +8.94540e-03
 1.73020e+00 8.59639e+03 2.72730e-08 +1.60879e-02
 2.15443e+00 8.77178e+03 2.69021e-08 +2.62562e-02
 2.68270e+00 8.93769e+03 2.65509e-08 +3.85948e-02
 3.34048e+00 9.09691e+03 2.62120e-08 +4.97065e-02
 4.15956e+00 9.24563e+03 2.59090e-08 +5.60381e-02
 5.17947e+00 9.38579e+03 2.56405e-08 +6.07880e-02
 6.44947e+00 9.51986e+03 2.54011e-08 +6.44132e-02
 8.03086e+00 9.64979e+03 2.51868e-08 +6.72115e-02
 1.00000e+01 9.77707e+03 2.49946e-08 +6.94124e-02
 1.24520e+01 9.90278e+03 2.48232e-08 +7.11706e-02
 1.55052e+01 1.00277e+04 2.46727e-08 +7.25936e-02
 1.93070e+01 1.01522e+04 2.45451e-08 +7.37727e-02
 2.40410e+01 1.02766e+04 2.44436e-08 +7.47373e-02
 2.99358e+01 1.04015e+04 2.43695e-08 +7.55150e-02
 3.72759e+01 1.05278e+04 2.43222e-08 +7.61385e-02
 4.64159e+01 1.06568e+04 2.42998e-08 +7.66401e-02
 5.77969e+01 1.07893e+04 2.43014e-08 +7.70595e-02
 7.19686e+01 1.09258e+04 2.43301e-08 +7.74085e-02
 8.96151e+01 1.10671e+04 2.43864e-08 +7.76975e-02
 1.11588e+02 1.12142e+04 2.44701e-08 +7.79355e-02
 1.38950e+02 1.13684e+04 2.45807e-08 +7.81339e-02
 1.73020e+02 1.15308e+04 2.47195e-08 +7.82996e-02
 2.15443e+02 1.17026e+04 2.48883e-08 +7.84389e-02
 2.68270e+02 1.18854e+04 2.50891e-08 +7.85540e-02
 3.34048e+02 1.20812e+04 2.53249e-08 +7.86490e-02
 4.15956e+02 1.22924e+04 2.55958e-08 +7.87283e-02
 5.17947e+02 1.25211e+04 2.59206e-08 +7.87945e-02
 6.44947e+02 1.27702e+04 2.63108e-08 +7.88489e-02
 8.03086e+02 1.30431e+04 2.67785e-08 +7.88917e-02
 1.00000e+03 1.33457e+04 2.73555e-08 +7.89151e-02
