#n1=128 n2=4 Teff=06300 R=7.0674e+10 L=5.6059e+33 logg=+4.50
#   tau          T          rho         Fconv
 0.00000e+00 3.51707e+03 2.65412e-21 +0.00000e+00
 1.00000e-09 3.51707e+03 4.88569e-13 +0.00000e+00
 1.24520e-09 3.51491e+03 6.17866e-13 +0.00000e+00
 1.55052e-09 3.51235e+03 7.79911e-13 +0.00000e+00
 1.93070e-09 3.50932e+03 9.82862e-13 +0.00000e+00
 2.40410e-09 3.50584e+03 1.23684e-12 +0.00000e+00
 2.99358e-09 3.50201e+03 1.55439e-12 +0.00000e+00
 3.72759e-09 3.49800e+03 1.95103e-12 +0.00000e+00
 4.64159e-09 3.49410e+03 2.44585e-12 +0.00000e+00
 5.77969e-09 3.49072e+03 3.06223e-12 +0.00000e+00
 7.19686e-09 3.48846e+03 3.82860e-12 +0.00000e+00
 8.96151e-09 3.48779e+03 4.77949e-12 +0.00000e+00
 1.11588e-08 3.48906e+03 5.95710e-12 +0.00000e+00
 1.38950e-08 3.49238e+03 7.41295e-12 +0.00000e+00
 1.73020e-08 3.49754e+03 9.21014e-12 +0.00000e+00
 2.15443e-08 3.50414e+03 1.14261e-11 +0.00000e+00
 2.68270e-08 3.51167e+03 1.41555e-11 +0.00000e+00
 3.34048e-08 3.51965e+03 1.75134e-11 +0.00000e+00
 4.15956e-08 3.52778e+03 2.16382e-11 +0.00000e+00
 5.17947e-08 3.53602e+03 2.66944e-11 +0.00000e+00
 6.44947e-08 3.54457e+03 3.28754e-11 +0.00000e+00
 8.03086e-08 3.55379e+03 4.04069e-11 +0.00000e+00
 1.00000e-07 3.56389e+03 4.95521e-11 +0.00000e+00
 1.24520e-07 3.57489e+03 6.06187e-11 +0.00000e+00
 1.55052e-07 3.58657e+03 7.39655e-11 +0.00000e+00
 1.93070e-07 3.59863e+03 9.00078e-11 +0.00000e+00
 2.40410e-07 3.61076e+03 1.09222e-10 +0.00000e+00
 2.99358e-07 3.62274e+03 1.32149e-10 +0.00000e+00
 3.72759e-07 3.63457e+03 1.59388e-10 +0.00000e+00
 4.64159e-07 3.64675e+03 1.91590e-10 +0.00000e+00
 5.77969e-07 3.65848e+03 2.29537e-10 +0.00000e+00
 7.19686e-07 3.67102e+03 2.73973e-10 +0.00000e+00
 8.96151e-07 3.68402e+03 3.25814e-10 +0.00000e+00
 1.11588e-06 3.69724e+03 3.86068e-10 +0.00000e+00
 1.38950e-06 3.71197e+03 4.55677e-10 +0.00000e+00
 1.73020e-06 3.72763e+03 5.35872e-10 +0.00000e+00
 2.15443e-06 3.74365e+03 6.28032e-10 +0.00000e+00
 2.68270e-06 3.76082e+03 7.33467e-10 +0.00000e+00
 3.34048e-06 3.77951e+03 8.53655e-10 +0.00000e+00
 4.15956e-06 3.80005e+03 9.90210e-10 +0.00000e+00
 5.17947e-06 3.82280e+03 1.14486e-09 +0.00000e+00
 6.44947e-06 3.84826e+03 1.31945e-09 +0.00000e+00
 8.03086e-06 3.87706e+03 1.51586e-09 +0.00000e+00
 1.00000e-05 3.90991e+03 1.73611e-09 +0.00000e+00
 1.24520e-05 3.94763e+03 1.98226e-09 +0.00000e+00
 1.55052e-05 3.98892e+03 2.25765e-09 +0.00000e+00
 1.93070e-05 4.03333e+03 2.56565e-09 +0.00000e+00
 2.40410e-05 4.07946e+03 2.91075e-09 +0.00000e+00
 2.99358e-05 4.12597e+03 3.29803e-09 +0.00000e+00
 3.72759e-05 4.17207e+03 3.73281e-09 +0.00000e+00
 4.64159e-05 4.21764e+03 4.22045e-09 +0.00000e+00
 5.77969e-05 4.26276e+03 4.76662e-09 +0.00000e+00
 7.19686e-05 4.30750e+03 5.37749e-09 +0.00000e+00
 8.96151e-05 4.35190e+03 6.05988e-09 +0.00000e+00
 1.11588e-04 4.39593e+03 6.82123e-09 +0.00000e+00
 1.38950e-04 4.43972e+03 7.66953e-09 +0.00000e+00
 1.73020e-04 4.48352e+03 8.61306e-09 +0.00000e+00
 2.15443e-04 4.52770e+03 9.66034e-09 +0.00000e+00
 2.68270e-04 4.57257e+03 1.08201e-08 +0.00000e+00
 3.34048e-04 4.61821e+03 1.21018e-08 +0.00000e+00
 4.15956e-04 4.66439e+03 1.35158e-08 +0.00000e+00
 5.17947e-04 4.71078e+03 1.50732e-08 +0.00000e+00
 6.44947e-04 4.75663e+03 1.67874e-08 +0.00000e+00
 8.03086e-04 4.80141e+03 1.86726e-08 +0.00000e+00
 1.00000e-03 4.84456e+03 2.07447e-08 +0.00000e+00
 1.24520e-03 4.88560e+03 2.30213e-08 -2.54585e-07
 1.55052e-03 4.92413e+03 2.55229e-08 -3.17009e-07
 1.93070e-03 4.95981e+03 2.82730e-08 -3.94737e-07
 2.40410e-03 4.99245e+03 3.12989e-08 -4.91526e-07
 2.99358e-03 5.02204e+03 3.46323e-08 -6.12047e-07
 3.72759e-03 5.04881e+03 3.83092e-08 -7.62119e-07
 4.64159e-03 5.07323e+03 4.23706e-08 -9.48989e-07
 5.77969e-03 5.09592e+03 4.68618e-08 -1.18168e-06
 7.19686e-03 5.11754e+03 5.18331e-08 -1.47143e-06
 8.96151e-03 5.13883e+03 5.73394e-08 -1.83221e-06
 1.11588e-02 5.16046e+03 6.34377e-08 -2.28146e-06
 1.38950e-02 5.18317e+03 7.01871e-08 -2.84088e-06
 1.73020e-02 5.20766e+03 7.76439e-08 -3.53745e-06
 2.15443e-02 5.23464e+03 8.58569e-08 -4.40482e-06
 2.68270e-02 5.26478e+03 9.48635e-08 -5.48486e-06
 3.34048e-02 5.29879e+03 1.04682e-07 -6.82973e-06
 4.15956e-02 5.33735e+03 1.15307e-07 -8.50437e-06
 5.17947e-02 5.38118e+03 1.26700e-07 -1.05896e-05
 6.44947e-02 5.43101e+03 1.38788e-07 -1.31862e-05
 8.03086e-02 5.48756e+03 1.51464e-07 -1.64194e-05
 1.00000e-01 5.55152e+03 1.64578e-07 -2.04453e-05
 1.24520e-01 5.62363e+03 1.77928e-07 -2.54585e-05
 1.55052e-01 5.70447e+03 1.91289e-07 -3.17009e-05
 1.93070e-01 5.79475e+03 2.04408e-07 -3.94737e-05
 2.40410e-01 5.89541e+03 2.17001e-07 -4.91526e-05
 2.99358e-01 6.00798e+03 2.28757e-07 -6.12047e-05
 3.72759e-01 6.13469e+03 2.39323e-07 -7.62119e-05
 4.64159e-01 6.27277e+03 2.48652e-07 -9.48911e-05
 5.77969e-01 6.43458e+03 2.56037e-07 -1.12101e-04
 7.19686e-01 6.63176e+03 2.60676e-07 +1.40382e-05
 8.96151e-01 6.85595e+03 2.62753e-07 +1.08267e-03
 1.11588e+00 7.06455e+03 2.64339e-07 +3.74576e-03
 1.38950e+00 7.26817e+03 2.65399e-07 +8.93530e-03
 1.73020e+00 7.46445e+03 2.66253e-07 +1.62563e-02
 2.15443e+00 7.65281e+03 2.67098e-07 +2.54455e-02
 2.68270e+00 7.83474e+03 2.68005e-07 +3.65099e-02
 3.34048e+00 8.01173e+03 2.69004e-07 +4.66297e-02
 4.15956e+00 8.18017e+03 2.70300e-07 +5.27984e-02
 5.17947e+00 8.34108e+03 2.71940e-07 +5.76994e-02
 6.44947e+00 8.49613e+03 2.73927e-07 +6.15996e-02
 8.03086e+00 8.64704e+03 2.76254e-07 +6.46981e-02
 1.00000e+01 8.79481e+03 2.78926e-07 +6.72608e-02
 1.24520e+01 8.93942e+03 2.81983e-07 +6.94258e-02
 1.55052e+01 9.08068e+03 2.85482e-07 +7.12290e-02
 1.93070e+01 9.21879e+03 2.89467e-07 +7.27116e-02
 2.40410e+01 9.35413e+03 2.93980e-07 +7.39249e-02
 2.99358e+01 9.48717e+03 2.99063e-07 +7.49134e-02
 3.72759e+01 9.61841e+03 3.04756e-07 +7.57212e-02
 4.64159e+01 9.74825e+03 3.11109e-07 +7.63836e-02
 5.77969e+01 9.87704e+03 3.18172e-07 +7.69275e-02
 7.19686e+01 1.00051e+04 3.26003e-07 +7.73744e-02
 8.96151e+01 1.01329e+04 3.34661e-07 +7.77424e-02
 1.11588e+02 1.02605e+04 3.44209e-07 +7.80460e-02
 1.38950e+02 1.03885e+04 3.54716e-07 +7.82968e-02
 1.73020e+02 1.05170e+04 3.66254e-07 +7.85045e-02
 2.15443e+02 1.06463e+04 3.78899e-07 +7.86772e-02
 2.68270e+02 1.07767e+04 3.92735e-07 +7.88205e-02
 3.34048e+02 1.09084e+04 4.07849e-07 +7.89403e-02
 4.15956e+02 1.10416e+04 4.24342e-07 +7.90410e-02
 5.17947e+02 1.11761e+04 4.42334e-07 +7.91261e-02
 6.44947e+02 1.13120e+04 4.61966e-07 +7.91978e-02
 8.03086e+02 1.14493e+04 4.83391e-07 +7.92582e-02
 1.00000e+03 1.15880e+04 5.06780e-07 +7.93088e-02
