#n1=128 n2=4 Teff=06400 R=7.1850e+10 L=6.1711e+33 logg=+4.50
#   tau          T          rho         Fconv
 0.00000e+00 3.73360e+03 2.12815e-21 +0.00000e+00
 1.00000e-09 3.73360e+03 2.18324e-13 +0.00000e+00
 1.24520e-09 3.73942e+03 2.94558e-13 +0.00000e+00
 1.55052e-09 3.74614e+03 3.93685e-13 +0.00000e+00
 1.93070e-09 3.75371e+03 5.21725e-13 +0.00000e+00
 2.40410e-09 3.76212e+03 6.86071e-13 +0.00000e+00
 2.99358e-09 3.77130e+03 8.95805e-13 +0.00000e+00
 3.72759e-09 3.78120e+03 1.16208e-12 +0.00000e+00
 4.64159e-09 3.79177e+03 1.49859e-12 +0.00000e+00
 5.77969e-09 3.80297e+03 1.92205e-12 +0.00000e+00
 7.19686e-09 3.81478e+03 2.45286e-12 +0.00000e+00
 8.96151e-09 3.82723e+03 3.11574e-12 +0.00000e+00
 1.11588e-08 3.84034e+03 3.94050e-12 +0.00000e+00
 1.38950e-08 3.85414e+03 4.96288e-12 +0.00000e+00
 1.73020e-08 3.86864e+03 6.22549e-12 +0.00000e+00
 2.15443e-08 3.88380e+03 7.77890e-12 +0.00000e+00
 2.68270e-08 3.89953e+03 9.68275e-12 +0.00000e+00
 3.34048e-08 3.91572e+03 1.20069e-11 +0.00000e+00
 4.15956e-08 3.93226e+03 1.48326e-11 +0.00000e+00
 5.17947e-08 3.94909e+03 1.82534e-11 +0.00000e+00
 6.44947e-08 3.96622e+03 2.23759e-11 +0.00000e+00
 8.03086e-08 3.98371e+03 2.73203e-11 +0.00000e+00
 1.00000e-07 4.00160e+03 3.32219e-11 +0.00000e+00
 1.24520e-07 4.01989e+03 4.02318e-11 +0.00000e+00
 1.55052e-07 4.03852e+03 4.85198e-11 +0.00000e+00
 1.93070e-07 4.05741e+03 5.82745e-11 +0.00000e+00
 2.40410e-07 4.07644e+03 6.97051e-11 +0.00000e+00
 2.99358e-07 4.09557e+03 8.30420e-11 +0.00000e+00
 3.72759e-07 4.11478e+03 9.85386e-11 +0.00000e+00
 4.64159e-07 4.13413e+03 1.16473e-10 +0.00000e+00
 5.77969e-07 4.15371e+03 1.37152e-10 +0.00000e+00
 7.19686e-07 4.17362e+03 1.60911e-10 +0.00000e+00
 8.96151e-07 4.19396e+03 1.88127e-10 +0.00000e+00
 1.11588e-06 4.21478e+03 2.19214e-10 +0.00000e+00
 1.38950e-06 4.23613e+03 2.54639e-10 +0.00000e+00
 1.73020e-06 4.25798e+03 2.94922e-10 +0.00000e+00
 2.15443e-06 4.28033e+03 3.40649e-10 +0.00000e+00
 2.68270e-06 4.30311e+03 3.92473e-10 +0.00000e+00
 3.34048e-06 4.32629e+03 4.51129e-10 +0.00000e+00
 4.15956e-06 4.34981e+03 5.17440e-10 +0.00000e+00
 5.17947e-06 4.37363e+03 5.92329e-10 +0.00000e+00
 6.44947e-06 4.39771e+03 6.76831e-10 +0.00000e+00
 8.03086e-06 4.42199e+03 7.72109e-10 +0.00000e+00
 1.00000e-05 4.44644e+03 8.79467e-10 +0.00000e+00
 1.24520e-05 4.47101e+03 1.00037e-09 +0.00000e+00
 1.55052e-05 4.49566e+03 1.13647e-09 +0.00000e+00
 1.93070e-05 4.52037e+03 1.28961e-09 +0.00000e+00
 2.40410e-05 4.54509e+03 1.46186e-09 +0.00000e+00
 2.99358e-05 4.56980e+03 1.65557e-09 +0.00000e+00
 3.72759e-05 4.59448e+03 1.87335e-09 +0.00000e+00
 4.64159e-05 4.61910e+03 2.11814e-09 +0.00000e+00
 5.77969e-05 4.64366e+03 2.39323e-09 +0.00000e+00
 7.19686e-05 4.66816e+03 2.70231e-09 +0.00000e+00
 8.96151e-05 4.69261e+03 3.04952e-09 +0.00000e+00
 1.11588e-04 4.71702e+03 3.43946e-09 +0.00000e+00
 1.38950e-04 4.74142e+03 3.87730e-09 +0.00000e+00
 1.73020e-04 4.76585e+03 4.36880e-09 +0.00000e+00
 2.15443e-04 4.79032e+03 4.92038e-09 +0.00000e+00
 2.68270e-04 4.81486e+03 5.53921e-09 +0.00000e+00
 3.34048e-04 4.83949e+03 6.23323e-09 +0.00000e+00
 4.15956e-04 4.86422e+03 7.01132e-09 +0.00000e+00
 5.17947e-04 4.88904e+03 7.88331e-09 +0.00000e+00
 6.44947e-04 4.91395e+03 8.86009e-09 +0.00000e+00
 8.03086e-04 4.93893e+03 9.95373e-09 +0.00000e+00
 1.00000e-03 4.96396e+03 1.11775e-08 +0.00000e+00
 1.24520e-03 4.98902e+03 1.25462e-08 -2.54570e-07
 1.55052e-03 5.01412e+03 1.40757e-08 -3.16990e-07
 1.93070e-03 5.03924e+03 1.57838e-08 -3.94714e-07
 2.40410e-03 5.06440e+03 1.76896e-08 -4.91498e-07
 2.99358e-03 5.08970e+03 1.98143e-08 -6.12011e-07
 3.72759e-03 5.11519e+03 2.21806e-08 -7.62075e-07
 4.64159e-03 5.14105e+03 2.48132e-08 -9.48933e-07
 5.77969e-03 5.16734e+03 2.77398e-08 -1.18161e-06
 7.19686e-03 5.19435e+03 3.09899e-08 -1.47133e-06
 8.96151e-03 5.22225e+03 3.45964e-08 -1.83211e-06
 1.11588e-02 5.25130e+03 3.85948e-08 -2.28133e-06
 1.38950e-02 5.28181e+03 4.30232e-08 -2.84071e-06
 1.73020e-02 5.31403e+03 4.79220e-08 -3.53723e-06
 2.15443e-02 5.34844e+03 5.33304e-08 -4.40456e-06
 2.68270e-02 5.38534e+03 5.92866e-08 -5.48455e-06
 3.34048e-02 5.42540e+03 6.58211e-08 -6.82933e-06
 4.15956e-02 5.46917e+03 7.29610e-08 -8.50387e-06
 5.17947e-02 5.51741e+03 8.07192e-08 -1.05890e-05
 6.44947e-02 5.57091e+03 8.90892e-08 -1.31854e-05
 8.03086e-02 5.63066e+03 9.80346e-08 -1.64184e-05
 1.00000e-01 5.69759e+03 1.07490e-07 -2.04441e-05
 1.24520e-01 5.77316e+03 1.17337e-07 -2.54570e-05
 1.55052e-01 5.85823e+03 1.27425e-07 -3.16990e-05
 1.93070e-01 5.95443e+03 1.37535e-07 -3.94714e-05
 2.40410e-01 6.06357e+03 1.47395e-07 -4.91498e-05
 2.99358e-01 6.18790e+03 1.56692e-07 -6.12011e-05
 3.72759e-01 6.33276e+03 1.64982e-07 -7.62075e-05
 4.64159e-01 6.49813e+03 1.71985e-07 -9.48878e-05
 5.77969e-01 6.68591e+03 1.77505e-07 -1.15349e-04
 7.19686e-01 6.97008e+03 1.78926e-07 -2.57550e-06
 8.96151e-01 7.24947e+03 1.79048e-07 +8.93087e-04
 1.11588e+00 7.55401e+03 1.77376e-07 +4.72076e-03
 1.38950e+00 7.76342e+03 1.77505e-07 +6.90940e-03
 1.73020e+00 7.95618e+03 1.77842e-07 +1.31197e-02
 2.15443e+00 8.14282e+03 1.78206e-07 +2.17263e-02
 2.68270e+00 8.32421e+03 1.78618e-07 +3.23085e-02
 3.34048e+00 8.50089e+03 1.79097e-07 +4.26304e-02
 4.15956e+00 8.66957e+03 1.79756e-07 +4.95734e-02
 5.17947e+00 8.83056e+03 1.80633e-07 +5.52712e-02
 6.44947e+00 8.98408e+03 1.81767e-07 +5.99832e-02
 8.03086e+00 9.13071e+03 1.83189e-07 +6.37540e-02
 1.00000e+01 9.27159e+03 1.84918e-07 +6.67554e-02
 1.24520e+01 9.40775e+03 1.86970e-07 +6.91448e-02
 1.55052e+01 9.54023e+03 1.89364e-07 +7.10485e-02
 1.93070e+01 9.66991e+03 1.92119e-07 +7.25751e-02
 2.40410e+01 9.79752e+03 1.95258e-07 +7.38076e-02
 2.99358e+01 9.92366e+03 1.98808e-07 +7.48072e-02
 3.72759e+01 1.00489e+04 2.02798e-07 +7.56213e-02
 4.64159e+01 1.01735e+04 2.07262e-07 +7.62890e-02
 5.77969e+01 1.02980e+04 2.12237e-07 +7.68362e-02
 7.19686e+01 1.04228e+04 2.17758e-07 +7.72851e-02
 8.96151e+01 1.05483e+04 2.23862e-07 +7.76547e-02
 1.11588e+02 1.06749e+04 2.30589e-07 +7.79603e-02
 1.38950e+02 1.08029e+04 2.37979e-07 +7.82139e-02
 1.73020e+02 1.09326e+04 2.46077e-07 +7.84261e-02
 2.15443e+02 1.10642e+04 2.54932e-07 +7.86046e-02
 2.68270e+02 1.11976e+04 2.64610e-07 +7.87554e-02
 3.34048e+02 1.13328e+04 2.75182e-07 +7.88831e-02
 4.15956e+02 1.14700e+04 2.86727e-07 +7.89903e-02
 5.17947e+02 1.16090e+04 2.99332e-07 +7.90810e-02
 6.44947e+02 1.17500e+04 3.13097e-07 +7.91577e-02
 8.03086e+02 1.18928e+04 3.28145e-07 +7.92230e-02
 1.00000e+03 1.20371e+04 3.44605e-07 +7.92786e-02
