#n1=128 n2=4 Teff=06800 R=4.2947e+10 L=2.8105e+33 logg=+5.00
#   tau          T          rho         Fconv
 0.00000e+00 4.46185e+03 1.74356e-21 +0.00000e+00
 1.00000e-09 4.46185e+03 7.85232e-14 +0.00000e+00
 1.24520e-09 4.46154e+03 1.17977e-13 +0.00000e+00
 1.55052e-09 4.46147e+03 1.75299e-13 +0.00000e+00
 1.93070e-09 4.46165e+03 2.57884e-13 +0.00000e+00
 2.40410e-09 4.46214e+03 3.75580e-13 +0.00000e+00
 2.99358e-09 4.46298e+03 5.41499e-13 +0.00000e+00
 3.72759e-09 4.46419e+03 7.72792e-13 +0.00000e+00
 4.64159e-09 4.46579e+03 1.09150e-12 +0.00000e+00
 5.77969e-09 4.46781e+03 1.52552e-12 +0.00000e+00
 7.19686e-09 4.47022e+03 2.10974e-12 +0.00000e+00
 8.96151e-09 4.47303e+03 2.88726e-12 +0.00000e+00
 1.11588e-08 4.47618e+03 3.91038e-12 +0.00000e+00
 1.38950e-08 4.47963e+03 5.24222e-12 +0.00000e+00
 1.73020e-08 4.48329e+03 6.95697e-12 +0.00000e+00
 2.15443e-08 4.48717e+03 9.14252e-12 +0.00000e+00
 2.68270e-08 4.49124e+03 1.19032e-11 +0.00000e+00
 3.34048e-08 4.49552e+03 1.53588e-11 +0.00000e+00
 4.15956e-08 4.50009e+03 1.96478e-11 +0.00000e+00
 5.17947e-08 4.50502e+03 2.49269e-11 +0.00000e+00
 6.44947e-08 4.51042e+03 3.13733e-11 +0.00000e+00
 8.03086e-08 4.51641e+03 3.91879e-11 +0.00000e+00
 1.00000e-07 4.52310e+03 4.86007e-11 +0.00000e+00
 1.24520e-07 4.53056e+03 5.98759e-11 +0.00000e+00
 1.55052e-07 4.53889e+03 7.33181e-11 +0.00000e+00
 1.93070e-07 4.54815e+03 8.92792e-11 +0.00000e+00
 2.40410e-07 4.55839e+03 1.08166e-10 +0.00000e+00
 2.99358e-07 4.56967e+03 1.30454e-10 +0.00000e+00
 3.72759e-07 4.58202e+03 1.56687e-10 +0.00000e+00
 4.64159e-07 4.59555e+03 1.87500e-10 +0.00000e+00
 5.77969e-07 4.60996e+03 2.23636e-10 +0.00000e+00
 7.19686e-07 4.62528e+03 2.65910e-10 +0.00000e+00
 8.96151e-07 4.64146e+03 3.15277e-10 +0.00000e+00
 1.11588e-06 4.65837e+03 3.72827e-10 +0.00000e+00
 1.38950e-06 4.67590e+03 4.39805e-10 +0.00000e+00
 1.73020e-06 4.69391e+03 5.17622e-10 +0.00000e+00
 2.15443e-06 4.71225e+03 6.07867e-10 +0.00000e+00
 2.68270e-06 4.73076e+03 7.12322e-10 +0.00000e+00
 3.34048e-06 4.74931e+03 8.32976e-10 +0.00000e+00
 4.15956e-06 4.76778e+03 9.72054e-10 +0.00000e+00
 5.17947e-06 4.78610e+03 1.13204e-09 +0.00000e+00
 6.44947e-06 4.80430e+03 1.31571e-09 +0.00000e+00
 8.03086e-06 4.82251e+03 1.52614e-09 +0.00000e+00
 1.00000e-05 4.84032e+03 1.76693e-09 +0.00000e+00
 1.24520e-05 4.85795e+03 2.04181e-09 +0.00000e+00
 1.55052e-05 4.87573e+03 2.35487e-09 +0.00000e+00
 1.93070e-05 4.89416e+03 2.71053e-09 +0.00000e+00
 2.40410e-05 4.91375e+03 3.11345e-09 +0.00000e+00
 2.99358e-05 4.93328e+03 3.57001e-09 +0.00000e+00
 3.72759e-05 4.95254e+03 4.08663e-09 +0.00000e+00
 4.64159e-05 4.97162e+03 4.67047e-09 +0.00000e+00
 5.77969e-05 4.99075e+03 5.32934e-09 +0.00000e+00
 7.19686e-05 5.01015e+03 6.07170e-09 +0.00000e+00
 8.96151e-05 5.02997e+03 6.90669e-09 +0.00000e+00
 1.11588e-04 5.05031e+03 7.84409e-09 +0.00000e+00
 1.38950e-04 5.07123e+03 8.89435e-09 +0.00000e+00
 1.73020e-04 5.09276e+03 1.00685e-08 +0.00000e+00
 2.15443e-04 5.11493e+03 1.13781e-08 +0.00000e+00
 2.68270e-04 5.13775e+03 1.28354e-08 +0.00000e+00
 3.34048e-04 5.16118e+03 1.44530e-08 +0.00000e+00
 4.15956e-04 5.18515e+03 1.62440e-08 +0.00000e+00
 5.17947e-04 5.20958e+03 1.82225e-08 +0.00000e+00
 6.44947e-04 5.23437e+03 2.04032e-08 +0.00000e+00
 8.03086e-04 5.25941e+03 2.28019e-08 +0.00000e+00
 1.00000e-03 5.28460e+03 2.54362e-08 +0.00000e+00
 1.24520e-03 5.30980e+03 2.83260e-08 -2.54516e-07
 1.55052e-03 5.33482e+03 3.14955e-08 -3.16923e-07
 1.93070e-03 5.35944e+03 3.49743e-08 -3.94631e-07
 2.40410e-03 5.38345e+03 3.87994e-08 -4.91393e-07
 2.99358e-03 5.40663e+03 4.30174e-08 -6.11882e-07
 3.72759e-03 5.42886e+03 4.76847e-08 -7.61914e-07
 4.64159e-03 5.45010e+03 5.28699e-08 -9.48729e-07
 5.77969e-03 5.47046e+03 5.86519e-08 -1.18136e-06
 7.19686e-03 5.49019e+03 6.51186e-08 -1.47102e-06
 8.96151e-03 5.50967e+03 7.23656e-08 -1.83171e-06
 1.11588e-02 5.52939e+03 8.04886e-08 -2.28085e-06
 1.38950e-02 5.54990e+03 8.95857e-08 -2.84011e-06
 1.73020e-02 5.57180e+03 9.97575e-08 -3.53649e-06
 2.15443e-02 5.59570e+03 1.11096e-07 -4.40363e-06
 2.68270e-02 5.62220e+03 1.23677e-07 -5.48339e-06
 3.34048e-02 5.65194e+03 1.37554e-07 -6.82789e-06
 4.15956e-02 5.68560e+03 1.52754e-07 -8.50211e-06
 5.17947e-02 5.72392e+03 1.69258e-07 -1.05868e-05
 6.44947e-02 5.76771e+03 1.87004e-07 -1.31826e-05
 8.03086e-02 5.81793e+03 2.05865e-07 -1.64150e-05
 1.00000e-01 5.87569e+03 2.25622e-07 -2.04398e-05
 1.24520e-01 5.94227e+03 2.45971e-07 -2.54516e-05
 1.55052e-01 6.01914e+03 2.66520e-07 -3.16923e-05
 1.93070e-01 6.10798e+03 2.86780e-07 -3.94631e-05
 2.40410e-01 6.21083e+03 3.06191e-07 -4.91393e-05
 2.99358e-01 6.33006e+03 3.24141e-07 -6.11882e-05
 3.72759e-01 6.46843e+03 3.39990e-07 -7.61914e-05
 4.64159e-01 6.62882e+03 3.53148e-07 -9.45150e-05
 5.77969e-01 6.81600e+03 3.63003e-07 -8.44388e-05
 7.19686e-01 7.03566e+03 3.69007e-07 +4.64206e-04
 8.96151e-01 7.29200e+03 3.70760e-07 +3.50875e-03
 1.11588e+00 7.50833e+03 3.73100e-07 +7.11587e-03
 1.38950e+00 7.71083e+03 3.75365e-07 +1.32260e-02
 1.73020e+00 7.90374e+03 3.77648e-07 +2.09625e-02
 2.15443e+00 8.08923e+03 3.80046e-07 +3.01116e-02
 2.68270e+00 8.27006e+03 3.82555e-07 +4.11580e-02
 3.34048e+00 8.44784e+03 3.85179e-07 +5.08776e-02
 4.15956e+00 8.61832e+03 3.88219e-07 +5.61085e-02
 5.17947e+00 8.78242e+03 3.91737e-07 +6.03281e-02
 6.44947e+00 8.94083e+03 3.95793e-07 +6.38326e-02
 8.03086e+00 9.09377e+03 4.00467e-07 +6.67110e-02
 1.00000e+01 9.24192e+03 4.05820e-07 +6.90463e-02
 1.24520e+01 9.38603e+03 4.11907e-07 +7.09350e-02
 1.55052e+01 9.52692e+03 4.18779e-07 +7.24597e-02
 1.93070e+01 9.66531e+03 4.26488e-07 +7.36989e-02
 2.40410e+01 9.80177e+03 4.35097e-07 +7.47097e-02
 2.99358e+01 9.93681e+03 4.44672e-07 +7.55358e-02
 3.72759e+01 1.00709e+04 4.55282e-07 +7.62118e-02
 4.64159e+01 1.02046e+04 4.67000e-07 +7.67677e-02
 5.77969e+01 1.03382e+04 4.79908e-07 +7.72262e-02
 7.19686e+01 1.04720e+04 4.94093e-07 +7.76062e-02
 8.96151e+01 1.06062e+04 5.09653e-07 +7.79222e-02
 1.11588e+02 1.07412e+04 5.26696e-07 +7.81850e-02
 1.38950e+02 1.08770e+04 5.45334e-07 +7.84045e-02
 1.73020e+02 1.10138e+04 5.65701e-07 +7.85883e-02
 2.15443e+02 1.11518e+04 5.87942e-07 +7.87424e-02
 2.68270e+02 1.12910e+04 6.12222e-07 +7.88717e-02
 3.34048e+02 1.14316e+04 6.38710e-07 +7.89795e-02
 4.15956e+02 1.15737e+04 6.67581e-07 +7.90695e-02
 5.17947e+02 1.17179e+04 6.99015e-07 +7.91446e-02
 6.44947e+02 1.18641e+04 7.33213e-07 +7.92080e-02
 8.03086e+02 1.20125e+04 7.70386e-07 +7.92617e-02
 1.00000e+03 1.21630e+04 8.10852e-07 +7.93073e-02
