#n1=128 n2=4 Teff=06000 R=3.7864e+10 L=1.3236e+33 logg=+5.00
#   tau          T          rho         Fconv
 0.00000e+00 3.33085e+03 2.45072e-21 +0.00000e+00
 1.00000e-09 3.33085e+03 1.06272e-12 +0.00000e+00
 1.24520e-09 3.34058e+03 1.35659e-12 +0.00000e+00
 1.55052e-09 3.35262e+03 1.71917e-12 +0.00000e+00
 1.93070e-09 3.36637e+03 2.16546e-12 +0.00000e+00
 2.40410e-09 3.38136e+03 2.71238e-12 +0.00000e+00
 2.99358e-09 3.39718e+03 3.37965e-12 +0.00000e+00
 3.72759e-09 3.41346e+03 4.19016e-12 +0.00000e+00
 4.64159e-09 3.42992e+03 5.17033e-12 +0.00000e+00
 5.77969e-09 3.44638e+03 6.35037e-12 +0.00000e+00
 7.19686e-09 3.46275e+03 7.76446e-12 +0.00000e+00
 8.96151e-09 3.47908e+03 9.45084e-12 +0.00000e+00
 1.11588e-08 3.49549e+03 1.14518e-11 +0.00000e+00
 1.38950e-08 3.51220e+03 1.38138e-11 +0.00000e+00
 1.73020e-08 3.52939e+03 1.65875e-11 +0.00000e+00
 2.15443e-08 3.54725e+03 1.98283e-11 +0.00000e+00
 2.68270e-08 3.56589e+03 2.35969e-11 +0.00000e+00
 3.34048e-08 3.58538e+03 2.79594e-11 +0.00000e+00
 4.15956e-08 3.60575e+03 3.29892e-11 +0.00000e+00
 5.17947e-08 3.62703e+03 3.87672e-11 +0.00000e+00
 6.44947e-08 3.64915e+03 4.53839e-11 +0.00000e+00
 8.03086e-08 3.67201e+03 5.29414e-11 +0.00000e+00
 1.00000e-07 3.69544e+03 6.15554e-11 +0.00000e+00
 1.24520e-07 3.71921e+03 7.13580e-11 +0.00000e+00
 1.55052e-07 3.74315e+03 8.24991e-11 +0.00000e+00
 1.93070e-07 3.76718e+03 9.51459e-11 +0.00000e+00
 2.40410e-07 3.79133e+03 1.09485e-10 +0.00000e+00
 2.99358e-07 3.81566e+03 1.25723e-10 +0.00000e+00
 3.72759e-07 3.84022e+03 1.44096e-10 +0.00000e+00
 4.64159e-07 3.86500e+03 1.64867e-10 +0.00000e+00
 5.77969e-07 3.88999e+03 1.88336e-10 +0.00000e+00
 7.19686e-07 3.91513e+03 2.14840e-10 +0.00000e+00
 8.96151e-07 3.94036e+03 2.44764e-10 +0.00000e+00
 1.11588e-06 3.96561e+03 2.78539e-10 +0.00000e+00
 1.38950e-06 3.99083e+03 3.16653e-10 +0.00000e+00
 1.73020e-06 4.01596e+03 3.59644e-10 +0.00000e+00
 2.15443e-06 4.04096e+03 4.08132e-10 +0.00000e+00
 2.68270e-06 4.06581e+03 4.62825e-10 +0.00000e+00
 3.34048e-06 4.09048e+03 5.24506e-10 +0.00000e+00
 4.15956e-06 4.11498e+03 5.94057e-10 +0.00000e+00
 5.17947e-06 4.13930e+03 6.72470e-10 +0.00000e+00
 6.44947e-06 4.16345e+03 7.60861e-10 +0.00000e+00
 8.03086e-06 4.18743e+03 8.60485e-10 +0.00000e+00
 1.00000e-05 4.21126e+03 9.72752e-10 +0.00000e+00
 1.24520e-05 4.23495e+03 1.09925e-09 +0.00000e+00
 1.55052e-05 4.25852e+03 1.24177e-09 +0.00000e+00
 1.93070e-05 4.28198e+03 1.40231e-09 +0.00000e+00
 2.40410e-05 4.30536e+03 1.58313e-09 +0.00000e+00
 2.99358e-05 4.32868e+03 1.78677e-09 +0.00000e+00
 3.72759e-05 4.35198e+03 2.01607e-09 +0.00000e+00
 4.64159e-05 4.37529e+03 2.27424e-09 +0.00000e+00
 5.77969e-05 4.39865e+03 2.56487e-09 +0.00000e+00
 7.19686e-05 4.42208e+03 2.89202e-09 +0.00000e+00
 8.96151e-05 4.44560e+03 3.26023e-09 +0.00000e+00
 1.11588e-04 4.46924e+03 3.67462e-09 +0.00000e+00
 1.38950e-04 4.49299e+03 4.14098e-09 +0.00000e+00
 1.73020e-04 4.51685e+03 4.66579e-09 +0.00000e+00
 2.15443e-04 4.54079e+03 5.25639e-09 +0.00000e+00
 2.68270e-04 4.56481e+03 5.92101e-09 +0.00000e+00
 3.34048e-04 4.58887e+03 6.66895e-09 +0.00000e+00
 4.15956e-04 4.61294e+03 7.51066e-09 +0.00000e+00
 5.17947e-04 4.63699e+03 8.45795e-09 +0.00000e+00
 6.44947e-04 4.66097e+03 9.52411e-09 +0.00000e+00
 8.03086e-04 4.68487e+03 1.07241e-08 +0.00000e+00
 1.00000e-03 4.70865e+03 1.20747e-08 +0.00000e+00
 1.24520e-03 4.73232e+03 1.35948e-08 -2.54623e-07
 1.55052e-03 4.75592e+03 1.53055e-08 -3.17055e-07
 1.93070e-03 4.77951e+03 1.72306e-08 -3.94796e-07
 2.40410e-03 4.80315e+03 1.93967e-08 -4.91600e-07
 2.99358e-03 4.82696e+03 2.18331e-08 -6.12139e-07
 3.72759e-03 4.85107e+03 2.45733e-08 -7.62233e-07
 4.64159e-03 4.87564e+03 2.76538e-08 -9.49130e-07
 5.77969e-03 4.90074e+03 3.11165e-08 -1.18186e-06
 7.19686e-03 4.92665e+03 3.50066e-08 -1.47165e-06
 8.96151e-03 4.95355e+03 3.93749e-08 -1.83249e-06
 1.11588e-02 4.98166e+03 4.42778e-08 -2.28180e-06
 1.38950e-02 5.01129e+03 4.97768e-08 -2.84129e-06
 1.73020e-02 5.04273e+03 5.59398e-08 -3.53797e-06
 2.15443e-02 5.07640e+03 6.28405e-08 -4.40547e-06
 2.68270e-02 5.11263e+03 7.05602e-08 -5.48568e-06
 3.34048e-02 5.15198e+03 7.91853e-08 -6.83075e-06
 4.15956e-02 5.19498e+03 8.88097e-08 -8.50563e-06
 5.17947e-02 5.24235e+03 9.95313e-08 -1.05912e-05
 6.44947e-02 5.29488e+03 1.11453e-07 -1.31881e-05
 8.03086e-02 5.35355e+03 1.24680e-07 -1.64219e-05
 1.00000e-01 5.41934e+03 1.39318e-07 -2.04484e-05
 1.24520e-01 5.49369e+03 1.55456e-07 -2.54623e-05
 1.55052e-01 5.57771e+03 1.73177e-07 -3.17055e-05
 1.93070e-01 5.67307e+03 1.92499e-07 -3.94796e-05
 2.40410e-01 5.78160e+03 2.13344e-07 -4.91600e-05
 2.99358e-01 5.90482e+03 2.35480e-07 -6.12139e-05
 3.72759e-01 6.04729e+03 2.58271e-07 -7.62233e-05
 4.64159e-01 6.20678e+03 2.81016e-07 -9.49130e-05
 5.77969e-01 6.37122e+03 3.03534e-07 -1.18186e-04
 7.19686e-01 6.59786e+03 3.21584e-07 -1.47138e-04
 8.96151e-01 6.88361e+03 3.33261e-07 -1.43479e-04
 1.11588e+00 7.19745e+03 3.39320e-07 +3.26375e-04
 1.38950e+00 7.46259e+03 3.44675e-07 +1.33018e-03
 1.73020e+00 7.67348e+03 3.51139e-07 +3.84798e-03
 2.15443e+00 7.88033e+03 3.56979e-07 +1.03170e-02
 2.68270e+00 8.08287e+03 3.62389e-07 +1.98238e-02
 3.34048e+00 8.27869e+03 3.67667e-07 +3.06717e-02
 4.15956e+00 8.46498e+03 3.73136e-07 +3.97818e-02
 5.17947e+00 8.64207e+03 3.78971e-07 +4.71295e-02
 6.44947e+00 8.81141e+03 3.85261e-07 +5.31377e-02
 8.03086e+00 8.97349e+03 3.92125e-07 +5.81197e-02
 1.00000e+01 9.12875e+03 3.99684e-07 +6.21711e-02
 1.24520e+01 9.27808e+03 4.08034e-07 +6.54265e-02
 1.55052e+01 9.42252e+03 4.17258e-07 +6.80286e-02
 1.93070e+01 9.56314e+03 4.27432e-07 +7.01111e-02
 2.40410e+01 9.70080e+03 4.38636e-07 +7.17934e-02
 2.99358e+01 9.83617e+03 4.50962e-07 +7.31570e-02
 3.72759e+01 9.96987e+03 4.64503e-07 +7.42647e-02
 4.64159e+01 1.01025e+04 4.79358e-07 +7.51665e-02
 5.77969e+01 1.02346e+04 4.95628e-07 +7.59063e-02
 7.19686e+01 1.03665e+04 5.13424e-07 +7.65155e-02
 8.96151e+01 1.04985e+04 5.32869e-07 +7.70194e-02
 1.11588e+02 1.06310e+04 5.54095e-07 +7.74384e-02
 1.38950e+02 1.07641e+04 5.77254e-07 +7.77864e-02
 1.73020e+02 1.08980e+04 6.02501e-07 +7.80764e-02
 2.15443e+02 1.10329e+04 6.30014e-07 +7.83187e-02
 2.68270e+02 1.11689e+04 6.59983e-07 +7.85212e-02
 3.34048e+02 1.13062e+04 6.92617e-07 +7.86905e-02
 4.15956e+02 1.14450e+04 7.28126e-07 +7.88310e-02
 5.17947e+02 1.15859e+04 7.66716e-07 +7.89479e-02
 6.44947e+02 1.17289e+04 8.08596e-07 +7.90465e-02
 8.03086e+02 1.18741e+04 8.54055e-07 +7.91302e-02
 1.00000e+03 1.20214e+04 9.03432e-07 +7.92018e-02
