#n1=128 n2=4 Teff=06200 R=6.7778e+12 L=4.8348e+37 logg=+1.00
#   tau          T          rho         Fconv
 0.00000e+00 4.20682e+03 1.92425e-21 +0.00000e+00
 1.00000e-09 4.20682e+03 1.81493e-19 +0.00000e+00
 1.24520e-09 4.20999e+03 2.62213e-19 +0.00000e+00
 1.55052e-09 4.21326e+03 3.80048e-19 +0.00000e+00
 1.93070e-09 4.21651e+03 5.51056e-19 +0.00000e+00
 2.40410e-09 4.21972e+03 7.97687e-19 +0.00000e+00
 2.99358e-09 4.22286e+03 1.15090e-18 +0.00000e+00
 3.72759e-09 4.22592e+03 1.65381e-18 +0.00000e+00
 4.64159e-09 4.22889e+03 2.36625e-18 +0.00000e+00
 5.77969e-09 4.23177e+03 3.37505e-18 +0.00000e+00
 7.19686e-09 4.23455e+03 4.81218e-18 +0.00000e+00
 8.96151e-09 4.23729e+03 6.87263e-18 +0.00000e+00
 1.11588e-08 4.24002e+03 9.82990e-18 +0.00000e+00
 1.38950e-08 4.24272e+03 1.40660e-17 +0.00000e+00
 1.73020e-08 4.24540e+03 2.01179e-17 +0.00000e+00
 2.15443e-08 4.24806e+03 2.87385e-17 +0.00000e+00
 2.68270e-08 4.25071e+03 4.09793e-17 +0.00000e+00
 3.34048e-08 4.25335e+03 5.83007e-17 +0.00000e+00
 4.15956e-08 4.25598e+03 8.27274e-17 +0.00000e+00
 5.17947e-08 4.25860e+03 1.17063e-16 +0.00000e+00
 6.44947e-08 4.26123e+03 1.65189e-16 +0.00000e+00
 8.03086e-08 4.26387e+03 2.32474e-16 +0.00000e+00
 1.00000e-07 4.26652e+03 3.26333e-16 +0.00000e+00
 1.24520e-07 4.26920e+03 4.57041e-16 +0.00000e+00
 1.55052e-07 4.27191e+03 6.38883e-16 +0.00000e+00
 1.93070e-07 4.27467e+03 8.91781e-16 +0.00000e+00
 2.40410e-07 4.27750e+03 1.24354e-15 +0.00000e+00
 2.99358e-07 4.28042e+03 1.73303e-15 +0.00000e+00
 3.72759e-07 4.28348e+03 2.41451e-15 +0.00000e+00
 4.64159e-07 4.28672e+03 3.36326e-15 +0.00000e+00
 5.77969e-07 4.29020e+03 4.68274e-15 +0.00000e+00
 7.19686e-07 4.29400e+03 6.51435e-15 +0.00000e+00
 8.96151e-07 4.29825e+03 9.05180e-15 +0.00000e+00
 1.11588e-06 4.30306e+03 1.25608e-14 +0.00000e+00
 1.38950e-06 4.30859e+03 1.74041e-14 +0.00000e+00
 1.73020e-06 4.31498e+03 2.40737e-14 +0.00000e+00
 2.15443e-06 4.32235e+03 3.32347e-14 +0.00000e+00
 2.68270e-06 4.33080e+03 4.57840e-14 +0.00000e+00
 3.34048e-06 4.34040e+03 6.29240e-14 +0.00000e+00
 4.15956e-06 4.35127e+03 8.62546e-14 +0.00000e+00
 5.17947e-06 4.36354e+03 1.17889e-13 +0.00000e+00
 6.44947e-06 4.37748e+03 1.60600e-13 +0.00000e+00
 8.03086e-06 4.39338e+03 2.17995e-13 +0.00000e+00
 1.00000e-05 4.41154e+03 2.94725e-13 +0.00000e+00
 1.24520e-05 4.43220e+03 3.96730e-13 +0.00000e+00
 1.55052e-05 4.45550e+03 5.31528e-13 +0.00000e+00
 1.93070e-05 4.48150e+03 7.08545e-13 +0.00000e+00
 2.40410e-05 4.51017e+03 9.39475e-13 +0.00000e+00
 2.99358e-05 4.54130e+03 1.23868e-12 +0.00000e+00
 3.72759e-05 4.57462e+03 1.62362e-12 +0.00000e+00
 4.64159e-05 4.60960e+03 2.11525e-12 +0.00000e+00
 5.77969e-05 4.64556e+03 2.73859e-12 +0.00000e+00
 7.19686e-05 4.68162e+03 3.52315e-12 +0.00000e+00
 8.96151e-05 4.71677e+03 4.50357e-12 +0.00000e+00
 1.11588e-04 4.74992e+03 5.72038e-12 +0.00000e+00
 1.38950e-04 4.78016e+03 7.22067e-12 +0.00000e+00
 1.73020e-04 4.80684e+03 9.05923e-12 +0.00000e+00
 2.15443e-04 4.82975e+03 1.12995e-11 +0.00000e+00
 2.68270e-04 4.84908e+03 1.40148e-11 +0.00000e+00
 3.34048e-04 4.86533e+03 1.72894e-11 +0.00000e+00
 4.15956e-04 4.87912e+03 2.12198e-11 +0.00000e+00
 5.17947e-04 4.89104e+03 2.59149e-11 +0.00000e+00
 6.44947e-04 4.90151e+03 3.14981e-11 +0.00000e+00
 8.03086e-04 4.91082e+03 3.81086e-11 +0.00000e+00
 1.00000e-03 4.91918e+03 4.59046e-11 +0.00000e+00
 1.24520e-03 4.92677e+03 5.50667e-11 -2.54660e-07
 1.55052e-03 4.93382e+03 6.58008e-11 -3.17102e-07
 1.93070e-03 4.94061e+03 7.83400e-11 -3.94855e-07
 2.40410e-03 4.94746e+03 9.29455e-11 -4.91673e-07
 2.99358e-03 4.95464e+03 1.09907e-10 -6.12230e-07
 3.72759e-03 4.96241e+03 1.29542e-10 -7.62347e-07
 4.64159e-03 4.97096e+03 1.52194e-10 -9.49272e-07
 5.77969e-03 4.98049e+03 1.78232e-10 -1.18203e-06
 7.19686e-03 4.99118e+03 2.08044e-10 -1.47186e-06
 8.96151e-03 5.00322e+03 2.42034e-10 -1.83276e-06
 1.11588e-02 5.01683e+03 2.80616e-10 -2.28214e-06
 1.38950e-02 5.03226e+03 3.24202e-10 -2.84171e-06
 1.73020e-02 5.04981e+03 3.73190e-10 -3.53850e-06
 2.15443e-02 5.06984e+03 4.27940e-10 -4.40613e-06
 2.68270e-02 5.09276e+03 4.88750e-10 -5.48650e-06
 3.34048e-02 5.11906e+03 5.55813e-10 -6.83177e-06
 4.15956e-02 5.14932e+03 6.29170e-10 -8.50691e-06
 5.17947e-02 5.18421e+03 7.08648e-10 -1.05928e-05
 6.44947e-02 5.22451e+03 7.93800e-10 -1.31901e-05
 8.03086e-02 5.27112e+03 8.83837e-10 -1.64242e-05
 1.00000e-01 5.32509e+03 9.77568e-10 -2.04514e-05
 1.24520e-01 5.38761e+03 1.07338e-09 -2.54660e-05
 1.55052e-01 5.46006e+03 1.16918e-09 -3.17102e-05
 1.93070e-01 5.54405e+03 1.26239e-09 -3.94855e-05
 2.40410e-01 5.64148e+03 1.34999e-09 -4.91673e-05
 2.99358e-01 5.75459e+03 1.42867e-09 -6.12230e-05
 3.72759e-01 5.88613e+03 1.49496e-09 -7.62347e-05
 4.64159e-01 6.03941e+03 1.54546e-09 -9.49272e-05
 5.77969e-01 6.21859e+03 1.57705e-09 -1.18203e-04
 7.19686e-01 6.42867e+03 1.58718e-09 -1.47186e-04
 8.96151e-01 6.67582e+03 1.57387e-09 -1.83273e-04
 1.11588e+00 6.96666e+03 1.53569e-09 -2.28077e-04
 1.38950e+00 7.30633e+03 1.47178e-09 -2.72665e-04
 1.73020e+00 7.69233e+03 1.38252e-09 +7.50026e-04
 2.15443e+00 8.07026e+03 1.28285e-09 +1.64795e-02
 2.68270e+00 8.26087e+03 1.23210e-09 +2.89331e-02
 3.34048e+00 8.42497e+03 1.18729e-09 +4.32463e-02
 4.15956e+00 8.57014e+03 1.14707e-09 +5.20742e-02
 5.17947e+00 8.70262e+03 1.11014e-09 +5.80888e-02
 6.44947e+00 8.82767e+03 1.07528e-09 +6.23272e-02
 8.03086e+00 8.94898e+03 1.04166e-09 +6.54132e-02
 1.00000e+01 9.06932e+03 1.00868e-09 +6.77176e-02
 1.24520e+01 9.19102e+03 9.75912e-10 +6.94673e-02
 1.55052e+01 9.31625e+03 9.43023e-10 +7.08045e-02
 1.93070e+01 9.44738e+03 9.09735e-10 +7.18186e-02
 2.40410e+01 9.58727e+03 8.75791e-10 +7.25621e-02
 2.99358e+01 9.73983e+03 8.40913e-10 +7.30558e-02
 3.72759e+01 9.91097e+03 8.04748e-10 +7.32821e-02
 4.64159e+01 1.01107e+04 7.66751e-10 +7.31512e-02
 5.77969e+01 1.03590e+04 7.25903e-10 +7.23809e-02
 7.19686e+01 1.07050e+04 6.79775e-10 +6.99012e-02
 8.96151e+01 1.13421e+04 6.19499e-10 +5.79957e-02
 1.11588e+02 1.45494e+04 4.73810e-10 -4.59562e-04
 1.38950e+02 1.40996e+04 5.13336e-10 -1.77104e-04
 1.73020e+02 1.51139e+04 5.01536e-10 -3.17570e-04
 2.15443e+02 1.52553e+04 5.30627e-10 -3.73755e-05
 2.68270e+02 1.59750e+04 5.43285e-10 -3.23035e-04
 3.34048e+02 1.73813e+04 5.44991e-10 -6.07534e-04
 4.15956e+02 2.05260e+04 5.31541e-10 -6.13541e-04
 5.17947e+02 1.97761e+04 6.44791e-10 -6.13149e-04
 6.44947e+02 2.07818e+04 7.13051e-10 -6.13126e-04
 8.03086e+02 2.23446e+04 7.84313e-10 -6.13325e-04
 1.00000e+03 2.20819e+04 9.39016e-10 -6.06327e-04
