#n1=128 n2=4 Teff=06100 R=6.6703e+12 L=4.3863e+37 logg=+1.00
#      tau          T          rho         Fconv
  0.00000e+00  3.45571e+03  2.84446e-21 +0.00000e+00
  1.00000e-09  3.45571e+03  1.78682e-18 +0.00000e+00
  1.24520e-09  3.45922e+03  2.70917e-18 +0.00000e+00
  1.55052e-09  3.46313e+03  4.08831e-18 +0.00000e+00
  1.93070e-09  3.46765e+03  6.12437e-18 +0.00000e+00
  2.40410e-09  3.47287e+03  9.09379e-18 +0.00000e+00
  2.99358e-09  3.47894e+03  1.33754e-17 +0.00000e+00
  3.72759e-09  3.48602e+03  1.94890e-17 +0.00000e+00
  4.64159e-09  3.49431e+03  2.81587e-17 +0.00000e+00
  5.77969e-09  3.50404e+03  4.04088e-17 +0.00000e+00
  7.19686e-09  3.51540e+03  5.76404e-17 +0.00000e+00
  8.96151e-09  3.52853e+03  8.17179e-17 +0.00000e+00
  1.11588e-08  3.54344e+03  1.15127e-16 +0.00000e+00
  1.38950e-08  3.56007e+03  1.61179e-16 +0.00000e+00
  1.73020e-08  3.57823e+03  2.24277e-16 +0.00000e+00
  2.15443e-08  3.59765e+03  3.10288e-16 +0.00000e+00
  2.68270e-08  3.61795e+03  4.27028e-16 +0.00000e+00
  3.34048e-08  3.63885e+03  5.84903e-16 +0.00000e+00
  4.15956e-08  3.66010e+03  7.97767e-16 +0.00000e+00
  5.17947e-08  3.68159e+03  1.08401e-15 +0.00000e+00
  6.44947e-08  3.70330e+03  1.46800e-15 +0.00000e+00
  8.03086e-08  3.72519e+03  1.98195e-15 +0.00000e+00
  1.00000e-07  3.74709e+03  2.66850e-15 +0.00000e+00
  1.24520e-07  3.76883e+03  3.58421e-15 +0.00000e+00
  1.55052e-07  3.79033e+03  4.80358e-15 +0.00000e+00
  1.93070e-07  3.81171e+03  6.42386e-15 +0.00000e+00
  2.40410e-07  3.83324e+03  8.57096e-15 +0.00000e+00
  2.99358e-07  3.85522e+03  1.14073e-14 +0.00000e+00
  3.72759e-07  3.87783e+03  1.51420e-14 +0.00000e+00
  4.64159e-07  3.90105e+03  2.00430e-14 +0.00000e+00
  5.77969e-07  3.92475e+03  2.64530e-14 +0.00000e+00
  7.19686e-07  3.94881e+03  3.48084e-14 +0.00000e+00
  8.96151e-07  3.97317e+03  4.56621e-14 +0.00000e+00
  1.11588e-06  3.99780e+03  5.97119e-14 +0.00000e+00
  1.38950e-06  4.02273e+03  7.78325e-14 +0.00000e+00
  1.73020e-06  4.04802e+03  1.01116e-13 +0.00000e+00
  2.15443e-06  4.07367e+03  1.30919e-13 +0.00000e+00
  2.68270e-06  4.09969e+03  1.68922e-13 +0.00000e+00
  3.34048e-06  4.12603e+03  2.17208e-13 +0.00000e+00
  4.15956e-06  4.15259e+03  2.78346e-13 +0.00000e+00
  5.17947e-06  4.17929e+03  3.55516e-13 +0.00000e+00
  6.44947e-06  4.20601e+03  4.52645e-13 +0.00000e+00
  8.03086e-06  4.23266e+03  5.74582e-13 +0.00000e+00
  1.00000e-05  4.25915e+03  7.27316e-13 +0.00000e+00
  1.24520e-05  4.28543e+03  9.18225e-13 +0.00000e+00
  1.55052e-05  4.31146e+03  1.15638e-12 +0.00000e+00
  1.93070e-05  4.33724e+03  1.45289e-12 +0.00000e+00
  2.40410e-05  4.36277e+03  1.82133e-12 +0.00000e+00
  2.99358e-05  4.38806e+03  2.27818e-12 +0.00000e+00
  3.72759e-05  4.41313e+03  2.84337e-12 +0.00000e+00
  4.64159e-05  4.43798e+03  3.54087e-12 +0.00000e+00
  5.77969e-05  4.46264e+03  4.39926e-12 +0.00000e+00
  7.19686e-05  4.48711e+03  5.45236e-12 +0.00000e+00
  8.96151e-05  4.51144e+03  6.73983e-12 +0.00000e+00
  1.11588e-04  4.53566e+03  8.30765e-12 +0.00000e+00
  1.38950e-04  4.55980e+03  1.02086e-11 +0.00000e+00
  1.73020e-04  4.58391e+03  1.25023e-11 +0.00000e+00
  2.15443e-04  4.60803e+03  1.52556e-11 +0.00000e+00
  2.68270e-04  4.63218e+03  1.85424e-11 +0.00000e+00
  3.34048e-04  4.65640e+03  2.24430e-11 +0.00000e+00
  4.15956e-04  4.68067e+03  2.70444e-11 +0.00000e+00
  5.17947e-04  4.70500e+03  3.24399e-11 +0.00000e+00
  6.44947e-04  4.72936e+03  3.87290e-11 +0.00000e+00
  8.03086e-04  4.75373e+03  4.60171e-11 +0.00000e+00
  1.00000e-03  4.77810e+03  5.44160e-11 +0.00000e+00
  1.24520e-03  4.80243e+03  6.40437e-11 -2.54747e-07
  1.55052e-03  4.82675e+03  7.50250e-11 -3.17210e-07
  1.93070e-03  4.85107e+03  8.74923e-11 -3.94988e-07
  2.40410e-03  4.87543e+03  1.01588e-10 -4.91838e-07
  2.99358e-03  4.89991e+03  1.17462e-10 -6.12435e-07
  3.72759e-03  4.92460e+03  1.35278e-10 -7.62603e-07
  4.64159e-03  4.94967e+03  1.55211e-10 -9.49590e-07
  5.77969e-03  4.97519e+03  1.77458e-10 -1.18243e-06
  7.19686e-03  5.00145e+03  2.02223e-10 -1.47236e-06
  8.96151e-03  5.02863e+03  2.29724e-10 -1.83338e-06
  1.11588e-02  5.05697e+03  2.60190e-10 -2.28291e-06
  1.38950e-02  5.08678e+03  2.93843e-10 -2.84267e-06
  1.73020e-02  5.11835e+03  3.30896e-10 -3.53969e-06
  2.15443e-02  5.15213e+03  3.71520e-10 -4.40761e-06
  2.68270e-02  5.18845e+03  4.15850e-10 -5.48834e-06
  3.34048e-02  5.22793e+03  4.63935e-10 -6.83407e-06
  4.15956e-02  5.27110e+03  5.15731e-10 -8.50976e-06
  5.17947e-02  5.31872e+03  5.71048e-10 -1.05963e-05
  6.44947e-02  5.37158e+03  6.29520e-10 -1.31945e-05
  8.03086e-02  5.43071e+03  6.90541e-10 -1.64298e-05
  1.00000e-01  5.49703e+03  7.53279e-10 -2.04583e-05
  1.24520e-01  5.57198e+03  8.16550e-10 -2.54747e-05
  1.55052e-01  5.65665e+03  8.78970e-10 -3.17210e-05
  1.93070e-01  5.75278e+03  9.38805e-10 -3.94988e-05
  2.40410e-01  5.86234e+03  9.94078e-10 -4.91838e-05
  2.99358e-01  5.98751e+03  1.04267e-09 -6.12435e-05
  3.72759e-01  6.13364e+03  1.08167e-09 -7.62603e-05
  4.64159e-01  6.29864e+03  1.10986e-09 -9.49590e-05
  5.77969e-01  6.47254e+03  1.12908e-09 -1.18243e-04
  7.19686e-01  6.73341e+03  1.12105e-09 -1.47235e-04
  8.96151e-01  6.99985e+03  1.10094e-09 -1.83327e-04
  1.11588e+00  7.34389e+03  1.05443e-09 -2.26862e-04
  1.38950e+00  7.77482e+03  9.77184e-10 +8.37600e-05
  1.73020e+00  8.22472e+03  8.82074e-10 +1.35537e-02
  2.15443e+00  8.40295e+03  8.44267e-10 +1.59781e-02
  2.68270e+00  8.55775e+03  8.11058e-10 +2.73484e-02
  3.34048e+00  8.70718e+03  7.78580e-10 +3.89937e-02
  4.15956e+00  8.84964e+03  7.47668e-10 +4.68330e-02
  5.17947e+00  8.98770e+03  7.18114e-10 +5.25434e-02
  6.44947e+00  9.12501e+03  6.89419e-10 +5.66883e-02
  8.03086e+00  9.26523e+03  6.61140e-10 +5.96740e-02
  1.00000e+01  9.41235e+03  6.32885e-10 +6.17487e-02
  1.24520e+01  9.57145e+03  6.04272e-10 +6.30218e-02
  1.55052e+01  9.75010e+03  5.74862e-10 +6.34441e-02
  1.93070e+01  9.96149e+03  5.44018e-10 +6.26705e-02
  2.40410e+01  1.02338e+04  5.10549e-10 +5.94620e-02
  2.99358e+01  1.06485e+04  4.71430e-10 +4.81310e-02
  3.72759e+01  1.15404e+04  4.18871e-10 +4.67083e-03
  4.64159e+01  1.42601e+04  3.38404e-10 -6.13203e-04
  5.77969e+01  1.50229e+04  3.32316e-10 -6.13431e-04
  7.19686e+01  1.54312e+04  3.39788e-10 -6.13517e-04
  8.96151e+01  1.61842e+04  3.43677e-10 -6.13715e-04
  1.11588e+02  1.67811e+04  3.57945e-10 -6.13741e-04
  1.38950e+02  1.95394e+04  3.42300e-10 -6.13749e-04
  1.73020e+02  1.94626e+04  3.92334e-10 -6.13749e-04
  2.15443e+02  2.05717e+04  4.26984e-10 -6.13749e-04
  2.68270e+02  2.12695e+04  4.79462e-10 -6.13749e-04
  3.34048e+02  2.24881e+04  5.32079e-10 -6.13749e-04
  4.15956e+02  2.31635e+04  6.08486e-10 -6.13749e-04
  5.17947e+02  2.42765e+04  6.87316e-10 -6.13749e-04
  6.44947e+02  2.47802e+04  7.95288e-10 -6.13748e-04
  8.03086e+02  2.73305e+04  8.68214e-10 -6.13749e-04
  1.00000e+03  2.77591e+04  1.02511e-09 -6.13746e-04
