#n1=128 n2=4 Teff=06100 R=6.6742e+12 L=4.3863e+37 logg=+1.00
#   tau          T          rho         Fconv
 0.00000e+00 4.22584e+03 1.95007e-21 +0.00000e+00
 1.00000e-09 4.22584e+03 2.46967e-19 +0.00000e+00
 1.24520e-09 4.22896e+03 3.63086e-19 +0.00000e+00
 1.55052e-09 4.23220e+03 5.35318e-19 +0.00000e+00
 1.93070e-09 4.23544e+03 7.88670e-19 +0.00000e+00
 2.40410e-09 4.23867e+03 1.15777e-18 +0.00000e+00
 2.99358e-09 4.24183e+03 1.69012e-18 +0.00000e+00
 3.72759e-09 4.24491e+03 2.45269e-18 +0.00000e+00
 4.64159e-09 4.24789e+03 3.54481e-18 +0.00000e+00
 5.77969e-09 4.25078e+03 5.11858e-18 +0.00000e+00
 7.19686e-09 4.25363e+03 7.39162e-18 +0.00000e+00
 8.96151e-09 4.25644e+03 1.06675e-17 +0.00000e+00
 1.11588e-08 4.25922e+03 1.53728e-17 +0.00000e+00
 1.38950e-08 4.26196e+03 2.21066e-17 +0.00000e+00
 1.73020e-08 4.26467e+03 3.17075e-17 +0.00000e+00
 2.15443e-08 4.26734e+03 4.53426e-17 +0.00000e+00
 2.68270e-08 4.26999e+03 6.46292e-17 +0.00000e+00
 3.34048e-08 4.27261e+03 9.18027e-17 +0.00000e+00
 4.15956e-08 4.27522e+03 1.29952e-16 +0.00000e+00
 5.17947e-08 4.27782e+03 1.83341e-16 +0.00000e+00
 6.44947e-08 4.28042e+03 2.57854e-16 +0.00000e+00
 8.03086e-08 4.28301e+03 3.61603e-16 +0.00000e+00
 1.00000e-07 4.28562e+03 5.05816e-16 +0.00000e+00
 1.24520e-07 4.28824e+03 7.06074e-16 +0.00000e+00
 1.55052e-07 4.29090e+03 9.84048e-16 +0.00000e+00
 1.93070e-07 4.29358e+03 1.36988e-15 +0.00000e+00
 2.40410e-07 4.29631e+03 1.90552e-15 +0.00000e+00
 2.99358e-07 4.29911e+03 2.64924e-15 +0.00000e+00
 3.72759e-07 4.30198e+03 3.68124e-15 +0.00000e+00
 4.64159e-07 4.30494e+03 5.11108e-15 +0.00000e+00
 5.77969e-07 4.30804e+03 7.08802e-15 +0.00000e+00
 7.19686e-07 4.31131e+03 9.81564e-15 +0.00000e+00
 8.96151e-07 4.31481e+03 1.35715e-14 +0.00000e+00
 1.11588e-06 4.31862e+03 1.87317e-14 +0.00000e+00
 1.38950e-06 4.32284e+03 2.58035e-14 +0.00000e+00
 1.73020e-06 4.32759e+03 3.54677e-14 +0.00000e+00
 2.15443e-06 4.33299e+03 4.86351e-14 +0.00000e+00
 2.68270e-06 4.33915e+03 6.65148e-14 +0.00000e+00
 3.34048e-06 4.34617e+03 9.07032e-14 +0.00000e+00
 4.15956e-06 4.35415e+03 1.23298e-13 +0.00000e+00
 5.17947e-06 4.36313e+03 1.67039e-13 +0.00000e+00
 6.44947e-06 4.37319e+03 2.25493e-13 +0.00000e+00
 8.03086e-06 4.38440e+03 3.03252e-13 +0.00000e+00
 1.00000e-05 4.39693e+03 4.06188e-13 +0.00000e+00
 1.24520e-05 4.41095e+03 5.41738e-13 +0.00000e+00
 1.55052e-05 4.42667e+03 7.19246e-13 +0.00000e+00
 1.93070e-05 4.44425e+03 9.50362e-13 +0.00000e+00
 2.40410e-05 4.46377e+03 1.24949e-12 +0.00000e+00
 2.99358e-05 4.48523e+03 1.63432e-12 +0.00000e+00
 3.72759e-05 4.50855e+03 2.12636e-12 +0.00000e+00
 4.64159e-05 4.53350e+03 2.75157e-12 +0.00000e+00
 5.77969e-05 4.55978e+03 3.54106e-12 +0.00000e+00
 7.19686e-05 4.58694e+03 4.53174e-12 +0.00000e+00
 8.96151e-05 4.61440e+03 5.76710e-12 +0.00000e+00
 1.11588e-04 4.64148e+03 7.29799e-12 +0.00000e+00
 1.38950e-04 4.66754e+03 9.18326e-12 +0.00000e+00
 1.73020e-04 4.69196e+03 1.14906e-11 +0.00000e+00
 2.15443e-04 4.71425e+03 1.42978e-11 +0.00000e+00
 2.68270e-04 4.73414e+03 1.76935e-11 +0.00000e+00
 3.34048e-04 4.75157e+03 2.17793e-11 +0.00000e+00
 4.15956e-04 4.76671e+03 2.66712e-11 +0.00000e+00
 5.17947e-04 4.77985e+03 3.25017e-11 +0.00000e+00
 6.44947e-04 4.79134e+03 3.94210e-11 +0.00000e+00
 8.03086e-04 4.80153e+03 4.75982e-11 +0.00000e+00
 1.00000e-03 4.81072e+03 5.72230e-11 +0.00000e+00
 1.24520e-03 4.81921e+03 6.85074e-11 -2.55045e-07
 1.55052e-03 4.82724e+03 8.16884e-11 -3.17581e-07
 1.93070e-03 4.83508e+03 9.70304e-11 -3.95451e-07
 2.40410e-03 4.84298e+03 1.14827e-10 -4.92413e-07
 2.99358e-03 4.85121e+03 1.35400e-10 -6.13152e-07
 3.72759e-03 4.85999e+03 1.59104e-10 -7.63496e-07
 4.64159e-03 4.86951e+03 1.86325e-10 -9.50701e-07
 5.77969e-03 4.87993e+03 2.17479e-10 -1.18381e-06
 7.19686e-03 4.89142e+03 2.53009e-10 -1.47408e-06
 8.96151e-03 4.90417e+03 2.93374e-10 -1.83552e-06
 1.11588e-02 4.91840e+03 3.39044e-10 -2.28558e-06
 1.38950e-02 4.93435e+03 3.90483e-10 -2.84600e-06
 1.73020e-02 4.95233e+03 4.48137e-10 -3.54383e-06
 2.15443e-02 4.97267e+03 5.12404e-10 -4.41277e-06
 2.68270e-02 4.99578e+03 5.83609e-10 -5.49476e-06
 3.34048e-02 5.02214e+03 6.61961e-10 -6.84207e-06
 4.15956e-02 5.05231e+03 7.47504e-10 -8.51971e-06
 5.17947e-02 5.08693e+03 8.40050e-10 -1.06087e-05
 6.44947e-02 5.12678e+03 9.39102e-10 -1.32099e-05
 8.03086e-02 5.17272e+03 1.04379e-09 -1.64490e-05
 1.00000e-01 5.22577e+03 1.15279e-09 -2.04822e-05
 1.24520e-01 5.28707e+03 1.26427e-09 -2.55045e-05
 1.55052e-01 5.35794e+03 1.37588e-09 -3.17581e-05
 1.93070e-01 5.43989e+03 1.48474e-09 -3.95451e-05
 2.40410e-01 5.53470e+03 1.58750e-09 -4.92413e-05
 2.99358e-01 5.64445e+03 1.68045e-09 -6.13152e-05
 3.72759e-01 5.77165e+03 1.75973e-09 -7.63496e-05
 4.64159e-01 5.91936e+03 1.82151e-09 -9.50701e-05
 5.77969e-01 6.09142e+03 1.86228e-09 -1.18381e-04
 7.19686e-01 6.29250e+03 1.87915e-09 -1.47408e-04
 8.96151e-01 6.52849e+03 1.86990e-09 -1.83550e-04
 1.11588e+00 6.80633e+03 1.83296e-09 -2.28481e-04
 1.38950e+00 7.13264e+03 1.76733e-09 -2.79535e-04
 1.73020e+00 7.50884e+03 1.67296e-09 +1.04015e-04
 2.15443e+00 7.89470e+03 1.56195e-09 +1.12955e-02
 2.68270e+00 8.10281e+03 1.50137e-09 +2.52060e-02
 3.34048e+00 8.27768e+03 1.44892e-09 +4.10118e-02
 4.15956e+00 8.42820e+03 1.40292e-09 +5.10771e-02
 5.17947e+00 8.56231e+03 1.36152e-09 +5.77886e-02
 6.44947e+00 8.68637e+03 1.32303e-09 +6.24310e-02
 8.03086e+00 8.80459e+03 1.28632e-09 +6.57687e-02
 1.00000e+01 8.91986e+03 1.25064e-09 +6.82458e-02
 1.24520e+01 9.03440e+03 1.21544e-09 +7.01291e-02
 1.55052e+01 9.14999e+03 1.18034e-09 +7.15853e-02
 1.93070e+01 9.26833e+03 1.14504e-09 +7.27228e-02
 2.40410e+01 9.39112e+03 1.10930e-09 +7.36128e-02
 2.99358e+01 9.52034e+03 1.07288e-09 +7.43026e-02
 3.72759e+01 9.65849e+03 1.03559e-09 +7.48212e-02
 4.64159e+01 9.80901e+03 9.97174e-10 +7.51807e-02
 5.77969e+01 9.97710e+03 9.57316e-10 +7.53724e-02
 7.19686e+01 1.01714e+04 9.15515e-10 +7.53499e-02
 8.96151e+01 1.04083e+04 8.70850e-10 +7.49736e-02
 1.11588e+02 1.07247e+04 8.21267e-10 +7.37709e-02
 1.38950e+02 1.12408e+04 7.60385e-10 +6.91952e-02
 1.73020e+02 1.28969e+04 6.46925e-10 +1.67486e-02
 2.15443e+02 1.70889e+04 4.97063e-10 -6.11737e-04
 2.68270e+02 1.56032e+04 5.96829e-10 +1.15598e-03
 3.34048e+02 1.69763e+04 5.91513e-10 -5.40280e-04
 4.15956e+02 1.70370e+04 6.49890e-10 -3.28825e-04
 5.17947e+02 1.78573e+04 6.87312e-10 -5.41583e-04
 6.44947e+02 2.04862e+04 6.89947e-10 -6.14130e-04
 8.03086e+02 2.14880e+04 7.76560e-10 -6.13904e-04
 1.00000e+03 2.25292e+04 8.79890e-10 -6.13315e-04
