#n1=128 n2=4 Teff=06500 R=2.5253e+11 L=8.1136e+34 logg=+3.50
#   tau          T          rho         Fconv
 0.00000e+00 3.63878e+03 2.22947e-21 +0.00000e+00
 1.00000e-09 3.63878e+03 1.45199e-14 +0.00000e+00
 1.24520e-09 3.63991e+03 2.04032e-14 +0.00000e+00
 1.55052e-09 3.64112e+03 2.83387e-14 +0.00000e+00
 1.93070e-09 3.64246e+03 3.89300e-14 +0.00000e+00
 2.40410e-09 3.64394e+03 5.29356e-14 +0.00000e+00
 2.99358e-09 3.64559e+03 7.13129e-14 +0.00000e+00
 3.72759e-09 3.64744e+03 9.52707e-14 +0.00000e+00
 4.64159e-09 3.64953e+03 1.26336e-13 +0.00000e+00
 5.77969e-09 3.65192e+03 1.66436e-13 +0.00000e+00
 7.19686e-09 3.65468e+03 2.18003e-13 +0.00000e+00
 8.96151e-09 3.65787e+03 2.84103e-13 +0.00000e+00
 1.11588e-08 3.66159e+03 3.68590e-13 +0.00000e+00
 1.38950e-08 3.66595e+03 4.76292e-13 +0.00000e+00
 1.73020e-08 3.67106e+03 6.13218e-13 +0.00000e+00
 2.15443e-08 3.67703e+03 7.86849e-13 +0.00000e+00
 2.68270e-08 3.68396e+03 1.00648e-12 +0.00000e+00
 3.34048e-08 3.69188e+03 1.28359e-12 +0.00000e+00
 4.15956e-08 3.70078e+03 1.63238e-12 +0.00000e+00
 5.17947e-08 3.71057e+03 2.07033e-12 +0.00000e+00
 6.44947e-08 3.72107e+03 2.61902e-12 +0.00000e+00
 8.03086e-08 3.73203e+03 3.30507e-12 +0.00000e+00
 1.00000e-07 3.74315e+03 4.16129e-12 +0.00000e+00
 1.24520e-07 3.75413e+03 5.22799e-12 +0.00000e+00
 1.55052e-07 3.76480e+03 6.55459e-12 +0.00000e+00
 1.93070e-07 3.77515e+03 8.20128e-12 +0.00000e+00
 2.40410e-07 3.78537e+03 1.02409e-11 +0.00000e+00
 2.99358e-07 3.79574e+03 1.27612e-11 +0.00000e+00
 3.72759e-07 3.80646e+03 1.58675e-11 +0.00000e+00
 4.64159e-07 3.81760e+03 1.96864e-11 +0.00000e+00
 5.77969e-07 3.82909e+03 2.43689e-11 +0.00000e+00
 7.19686e-07 3.84087e+03 3.00947e-11 +0.00000e+00
 8.96151e-07 3.85289e+03 3.70758e-11 +0.00000e+00
 1.11588e-06 3.86515e+03 4.55615e-11 +0.00000e+00
 1.38950e-06 3.87775e+03 5.58415e-11 +0.00000e+00
 1.73020e-06 3.89087e+03 6.82500e-11 +0.00000e+00
 2.15443e-06 3.90485e+03 8.31667e-11 +0.00000e+00
 2.68270e-06 3.92028e+03 1.01016e-10 +0.00000e+00
 3.34048e-06 3.93847e+03 1.22245e-10 +0.00000e+00
 4.15956e-06 3.95869e+03 1.47410e-10 +0.00000e+00
 5.17947e-06 3.98107e+03 1.77088e-10 +0.00000e+00
 6.44947e-06 4.00580e+03 2.11898e-10 +0.00000e+00
 8.03086e-06 4.03272e+03 2.52517e-10 +0.00000e+00
 1.00000e-05 4.06369e+03 2.99510e-10 +0.00000e+00
 1.24520e-05 4.09730e+03 3.53686e-10 +0.00000e+00
 1.55052e-05 4.13419e+03 4.15699e-10 +0.00000e+00
 1.93070e-05 4.17321e+03 4.86395e-10 +0.00000e+00
 2.40410e-05 4.21388e+03 5.66577e-10 +0.00000e+00
 2.99358e-05 4.25559e+03 6.57111e-10 +0.00000e+00
 3.72759e-05 4.29778e+03 7.58911e-10 +0.00000e+00
 4.64159e-05 4.34003e+03 8.72957e-10 +0.00000e+00
 5.77969e-05 4.38206e+03 1.00031e-09 +0.00000e+00
 7.19686e-05 4.42356e+03 1.14215e-09 +0.00000e+00
 8.96151e-05 4.46440e+03 1.29981e-09 +0.00000e+00
 1.11588e-04 4.50471e+03 1.47464e-09 +0.00000e+00
 1.38950e-04 4.54487e+03 1.66803e-09 +0.00000e+00
 1.73020e-04 4.58541e+03 1.88124e-09 +0.00000e+00
 2.15443e-04 4.62677e+03 2.11546e-09 +0.00000e+00
 2.68270e-04 4.66922e+03 2.37178e-09 +0.00000e+00
 3.34048e-04 4.71276e+03 2.65125e-09 +0.00000e+00
 4.15956e-04 4.75715e+03 2.95498e-09 +0.00000e+00
 5.17947e-04 4.80206e+03 3.28411e-09 +0.00000e+00
 6.44947e-04 4.84721e+03 3.63981e-09 +0.00000e+00
 8.03086e-04 4.89226e+03 4.02335e-09 +0.00000e+00
 1.00000e-03 4.93687e+03 4.43610e-09 +0.00000e+00
 1.24520e-03 4.98069e+03 4.87968e-09 -2.54485e-07
 1.55052e-03 5.02340e+03 5.35595e-09 -3.16884e-07
 1.93070e-03 5.06464e+03 5.86734e-09 -3.94583e-07
 2.40410e-03 5.10399e+03 6.41727e-09 -4.91333e-07
 2.99358e-03 5.14089e+03 7.01080e-09 -6.11807e-07
 3.72759e-03 5.17492e+03 7.65482e-09 -7.61820e-07
 4.64159e-03 5.20592e+03 8.35802e-09 -9.48616e-07
 5.77969e-03 5.23411e+03 9.13070e-09 -1.18121e-06
 7.19686e-03 5.26004e+03 9.98430e-09 -1.47084e-06
 8.96151e-03 5.28453e+03 1.09308e-08 -1.83149e-06
 1.11588e-02 5.30849e+03 1.19824e-08 -2.28056e-06
 1.38950e-02 5.33290e+03 1.31510e-08 -2.83976e-06
 1.73020e-02 5.35870e+03 1.44471e-08 -3.53605e-06
 2.15443e-02 5.38680e+03 1.58794e-08 -4.40309e-06
 2.68270e-02 5.41800e+03 1.74538e-08 -5.48271e-06
 3.34048e-02 5.45310e+03 1.91727e-08 -6.82705e-06
 4.15956e-02 5.49286e+03 2.10337e-08 -8.50103e-06
 5.17947e-02 5.53808e+03 2.30288e-08 -1.05855e-05
 6.44947e-02 5.58953e+03 2.51436e-08 -1.31810e-05
 8.03086e-02 5.64794e+03 2.73566e-08 -1.64129e-05
 1.00000e-01 5.71413e+03 2.96388e-08 -2.04374e-05
 1.24520e-01 5.78885e+03 3.19539e-08 -2.54485e-05
 1.55052e-01 5.87276e+03 3.42604e-08 -3.16884e-05
 1.93070e-01 5.96668e+03 3.65111e-08 -3.94583e-05
 2.40410e-01 6.07183e+03 3.86534e-08 -4.91333e-05
 2.99358e-01 6.18977e+03 4.06321e-08 -6.11807e-05
 3.72759e-01 6.32321e+03 4.23815e-08 -7.61820e-05
 4.64159e-01 6.47009e+03 4.38844e-08 -9.48609e-05
 5.77969e-01 6.64320e+03 4.50118e-08 -1.18081e-04
 7.19686e-01 6.85374e+03 4.56285e-08 -1.46193e-04
 8.96151e-01 7.09339e+03 4.57772e-08 -1.69811e-04
 1.11588e+00 7.38300e+03 4.53171e-08 -3.96361e-06
 1.38950e+00 7.73148e+03 4.41823e-08 +2.59357e-03
 1.73020e+00 7.97704e+03 4.35395e-08 +7.55022e-03
 2.15443e+00 8.19680e+03 4.29724e-08 +1.75666e-02
 2.68270e+00 8.39767e+03 4.24616e-08 +3.05580e-02
 3.34048e+00 8.58287e+03 4.20041e-08 +4.30274e-02
 4.15956e+00 8.75143e+03 4.16215e-08 +5.11875e-02
 5.17947e+00 8.90628e+03 4.13101e-08 +5.73475e-02
 6.44947e+00 9.05045e+03 4.10627e-08 +6.19887e-02
 8.03086e+00 9.18686e+03 4.08705e-08 +6.54898e-02
 1.00000e+01 9.31765e+03 4.07276e-08 +6.81916e-02
 1.24520e+01 9.44431e+03 4.06311e-08 +7.03117e-02
 1.55052e+01 9.56797e+03 4.05801e-08 +7.19877e-02
 1.93070e+01 9.68961e+03 4.05740e-08 +7.33245e-02
 2.40410e+01 9.80997e+03 4.06136e-08 +7.44033e-02
 2.99358e+01 9.92959e+03 4.07010e-08 +7.52815e-02
 3.72759e+01 1.00489e+04 4.08398e-08 +7.60024e-02
 4.64159e+01 1.01680e+04 4.10359e-08 +7.66030e-02
 5.77969e+01 1.02870e+04 4.12963e-08 +7.70955e-02
 7.19686e+01 1.04064e+04 4.16251e-08 +7.74950e-02
 8.96151e+01 1.05271e+04 4.20248e-08 +7.78181e-02
 1.11588e+02 1.06498e+04 4.24952e-08 +7.80804e-02
 1.38950e+02 1.07752e+04 4.30392e-08 +7.82987e-02
 1.73020e+02 1.09037e+04 4.36605e-08 +7.84809e-02
 2.15443e+02 1.10357e+04 4.43624e-08 +7.86330e-02
 2.68270e+02 1.11719e+04 4.51479e-08 +7.87603e-02
 3.34048e+02 1.13127e+04 4.60199e-08 +7.88676e-02
 4.15956e+02 1.14587e+04 4.69827e-08 +7.89587e-02
 5.17947e+02 1.16103e+04 4.80419e-08 +7.90363e-02
 6.44947e+02 1.17677e+04 4.92010e-08 +7.91034e-02
 8.03086e+02 1.19312e+04 5.04800e-08 +7.91613e-02
 1.00000e+03 1.21008e+04 5.18957e-08 +7.92123e-02
