#n1=128 n2=4 Teff=06000 R=2.6829e+13 L=6.6304e+38 logg=+0.00
#   tau          T          rho         Fconv
 0.00000e+00 3.91550e+03 2.63635e-21 +0.00000e+00
 1.00000e-09 3.91550e+03 2.36846e-20 +0.00000e+00
 1.24520e-09 3.91929e+03 3.19790e-20 +0.00000e+00
 1.55052e-09 3.92331e+03 4.37133e-20 +0.00000e+00
 1.93070e-09 3.92743e+03 6.02762e-20 +0.00000e+00
 2.40410e-09 3.93160e+03 8.35927e-20 +0.00000e+00
 2.99358e-09 3.93579e+03 1.16313e-19 +0.00000e+00
 3.72759e-09 3.93997e+03 1.62071e-19 +0.00000e+00
 4.64159e-09 3.94413e+03 2.25827e-19 +0.00000e+00
 5.77969e-09 3.94825e+03 3.14371e-19 +0.00000e+00
 7.19686e-09 3.95233e+03 4.37541e-19 +0.00000e+00
 8.96151e-09 3.95638e+03 6.10991e-19 +0.00000e+00
 1.11588e-08 3.96045e+03 8.57031e-19 +0.00000e+00
 1.38950e-08 3.96456e+03 1.20649e-18 +0.00000e+00
 1.73020e-08 3.96869e+03 1.70251e-18 +0.00000e+00
 2.15443e-08 3.97284e+03 2.40547e-18 +0.00000e+00
 2.68270e-08 3.97701e+03 3.39960e-18 +0.00000e+00
 3.34048e-08 3.98116e+03 4.80123e-18 +0.00000e+00
 4.15956e-08 3.98533e+03 6.77115e-18 +0.00000e+00
 5.17947e-08 3.98952e+03 9.53171e-18 +0.00000e+00
 6.44947e-08 3.99372e+03 1.33894e-17 +0.00000e+00
 8.03086e-08 3.99795e+03 1.87670e-17 +0.00000e+00
 1.00000e-07 4.00221e+03 2.62463e-17 +0.00000e+00
 1.24520e-07 4.00650e+03 3.66307e-17 +0.00000e+00
 1.55052e-07 4.01084e+03 5.10363e-17 +0.00000e+00
 1.93070e-07 4.01525e+03 7.10152e-17 +0.00000e+00
 2.40410e-07 4.01975e+03 9.87273e-17 +0.00000e+00
 2.99358e-07 4.02434e+03 1.37179e-16 +0.00000e+00
 3.72759e-07 4.02907e+03 1.90556e-16 +0.00000e+00
 4.64159e-07 4.03395e+03 2.64687e-16 +0.00000e+00
 5.77969e-07 4.03903e+03 3.67610e-16 +0.00000e+00
 7.19686e-07 4.04435e+03 5.10330e-16 +0.00000e+00
 8.96151e-07 4.04996e+03 7.07917e-16 +0.00000e+00
 1.11588e-06 4.05594e+03 9.81094e-16 +0.00000e+00
 1.38950e-06 4.06236e+03 1.35826e-15 +0.00000e+00
 1.73020e-06 4.06935e+03 1.87813e-15 +0.00000e+00
 2.15443e-06 4.07703e+03 2.59328e-15 +0.00000e+00
 2.68270e-06 4.08552e+03 3.57497e-15 +0.00000e+00
 3.34048e-06 4.09498e+03 4.91948e-15 +0.00000e+00
 4.15956e-06 4.10553e+03 6.75606e-15 +0.00000e+00
 5.17947e-06 4.11733e+03 9.25742e-15 +0.00000e+00
 6.44947e-06 4.13054e+03 1.26535e-14 +0.00000e+00
 8.03086e-06 4.14536e+03 1.72487e-14 +0.00000e+00
 1.00000e-05 4.16200e+03 2.34437e-14 +0.00000e+00
 1.24520e-05 4.18070e+03 3.17611e-14 +0.00000e+00
 1.55052e-05 4.20164e+03 4.28791e-14 +0.00000e+00
 1.93070e-05 4.22491e+03 5.76723e-14 +0.00000e+00
 2.40410e-05 4.25056e+03 7.72612e-14 +0.00000e+00
 2.99358e-05 4.27850e+03 1.03072e-13 +0.00000e+00
 3.72759e-05 4.30857e+03 1.36907e-13 +0.00000e+00
 4.64159e-05 4.34051e+03 1.81031e-13 +0.00000e+00
 5.77969e-05 4.37393e+03 2.38272e-13 +0.00000e+00
 7.19686e-05 4.40832e+03 3.12154e-13 +0.00000e+00
 8.96151e-05 4.44313e+03 4.07029e-13 +0.00000e+00
 1.11588e-04 4.47779e+03 5.28263e-13 +0.00000e+00
 1.38950e-04 4.51161e+03 6.82474e-13 +0.00000e+00
 1.73020e-04 4.54386e+03 8.77817e-13 +0.00000e+00
 2.15443e-04 4.57391e+03 1.12434e-12 +0.00000e+00
 2.68270e-04 4.60119e+03 1.43441e-12 +0.00000e+00
 3.34048e-04 4.62545e+03 1.82315e-12 +0.00000e+00
 4.15956e-04 4.64668e+03 2.30907e-12 +0.00000e+00
 5.17947e-04 4.66514e+03 2.91466e-12 +0.00000e+00
 6.44947e-04 4.68120e+03 3.66734e-12 +0.00000e+00
 8.03086e-04 4.69522e+03 4.60059e-12 +0.00000e+00
 1.00000e-03 4.70747e+03 5.75537e-12 +0.00000e+00
 1.24520e-03 4.71821e+03 7.18153e-12 -2.55195e-07
 1.55052e-03 4.72771e+03 8.93927e-12 -3.17766e-07
 1.93070e-03 4.73633e+03 1.11004e-11 -3.95681e-07
 2.40410e-03 4.74448e+03 1.37494e-11 -4.92702e-07
 2.99358e-03 4.75260e+03 1.69841e-11 -6.13512e-07
 3.72759e-03 4.76105e+03 2.09158e-11 -7.63942e-07
 4.64159e-03 4.77014e+03 2.56688e-11 -9.51258e-07
 5.77969e-03 4.78011e+03 3.13787e-11 -1.18451e-06
 7.19686e-03 4.79118e+03 3.81906e-11 -1.47495e-06
 8.96151e-03 4.80359e+03 4.62560e-11 -1.83660e-06
 1.11588e-02 4.81756e+03 5.57284e-11 -2.28692e-06
 1.38950e-02 4.83337e+03 6.67573e-11 -2.84766e-06
 1.73020e-02 4.85131e+03 7.94817e-11 -3.54590e-06
 2.15443e-02 4.87173e+03 9.40229e-11 -4.41535e-06
 2.68270e-02 4.89504e+03 1.10476e-10 -5.49798e-06
 3.34048e-02 4.92170e+03 1.28898e-10 -6.84607e-06
 4.15956e-02 4.95225e+03 1.49299e-10 -8.52471e-06
 5.17947e-02 4.98732e+03 1.71618e-10 -1.06149e-05
 6.44947e-02 5.02764e+03 1.95709e-10 -1.32177e-05
 8.03086e-02 5.07407e+03 2.21322e-10 -1.64587e-05
 1.00000e-01 5.12763e+03 2.48080e-10 -2.04943e-05
 1.24520e-01 5.18946e+03 2.75473e-10 -2.55195e-05
 1.55052e-01 5.26090e+03 3.02850e-10 -3.17766e-05
 1.93070e-01 5.34352e+03 3.29428e-10 -3.95681e-05
 2.40410e-01 5.43911e+03 3.54314e-10 -4.92702e-05
 2.99358e-01 5.54980e+03 3.76545e-10 -6.13512e-05
 3.72759e-01 5.67818e+03 3.95131e-10 -7.63944e-05
 4.64159e-01 5.82743e+03 4.09111e-10 -9.51258e-05
 5.77969e-01 6.00150e+03 4.17621e-10 -1.18451e-04
 7.19686e-01 6.20534e+03 4.19950e-10 -1.47495e-04
 8.96151e-01 6.44474e+03 4.15565e-10 -1.83660e-04
 1.11588e+00 6.72589e+03 4.04078e-10 -2.28688e-04
 1.38950e+00 7.05413e+03 3.85117e-10 -2.84189e-04
 1.73020e+00 7.43133e+03 3.58197e-10 -2.35268e-04
 2.15443e+00 7.84374e+03 3.23833e-10 +7.93971e-03
 2.68270e+00 8.05839e+03 3.04891e-10 +2.10762e-02
 3.34048e+00 8.24045e+03 2.88419e-10 +3.68887e-02
 4.15956e+00 8.40032e+03 2.73861e-10 +4.71481e-02
 5.17947e+00 8.54692e+03 2.60650e-10 +5.38202e-02
 6.44947e+00 8.68792e+03 2.48250e-10 +5.82513e-02
 8.03086e+00 8.82935e+03 2.36291e-10 +6.12144e-02
 1.00000e+01 8.97690e+03 2.24501e-10 +6.31042e-02
 1.24520e+01 9.13741e+03 2.12649e-10 +6.40574e-02
 1.55052e+01 9.32134e+03 2.00482e-10 +6.39323e-02
 1.93070e+01 9.54885e+03 1.87626e-10 +6.19783e-02
 2.40410e+01 9.87216e+03 1.73266e-10 +5.49207e-02
 2.99358e+01 1.05074e+04 1.54832e-10 +2.11656e-02
 3.72759e+01 1.17362e+04 1.35874e-10 -5.93230e-04
 4.64159e+01 1.14571e+04 1.41552e-10 -4.76741e-04
 5.77969e+01 1.23300e+04 1.33135e-10 -6.12168e-04
 7.19686e+01 1.24398e+04 1.35169e-10 -6.12115e-04
 8.96151e+01 1.29764e+04 1.33299e-10 -6.13433e-04
 1.11588e+02 1.54065e+04 1.14719e-10 -6.14813e-04
 1.38950e+02 1.50411e+04 1.26050e-10 -6.14636e-04
 1.73020e+02 1.64450e+04 1.23908e-10 -6.14827e-04
 2.15443e+02 1.67297e+04 1.34095e-10 -6.14826e-04
 2.68270e+02 1.76664e+04 1.41741e-10 -6.14827e-04
 3.34048e+02 1.87114e+04 1.52342e-10 -6.14827e-04
 4.15956e+02 2.05139e+04 1.62465e-10 -6.14827e-04
 5.17947e+02 2.16280e+04 1.83512e-10 -6.14827e-04
 6.44947e+02 2.26903e+04 2.10151e-10 -6.14827e-04
 8.03086e+02 2.39213e+04 2.41180e-10 -6.14827e-04
 1.00000e+03 2.55015e+04 2.76078e-10 -6.14827e-04
