#n1=128 n2=4 Teff=07000 R=2.7260e+11 L=1.2709e+35 logg=+3.50
#   tau          T          rho         Fconv
 0.00000e+00 3.84393e+03 2.10966e-21 +0.00000e+00
 1.00000e-09 3.84393e+03 1.67936e-15 +0.00000e+00
 1.24520e-09 3.84919e+03 2.54284e-15 +0.00000e+00
 1.55052e-09 3.85601e+03 3.81476e-15 +0.00000e+00
 1.93070e-09 3.86463e+03 5.66086e-15 +0.00000e+00
 2.40410e-09 3.87527e+03 8.30693e-15 +0.00000e+00
 2.99358e-09 3.88812e+03 1.20600e-14 +0.00000e+00
 3.72759e-09 3.90328e+03 1.73296e-14 +0.00000e+00
 4.64159e-09 3.92072e+03 2.46521e-14 +0.00000e+00
 5.77969e-09 3.94026e+03 3.47261e-14 +0.00000e+00
 7.19686e-09 3.96155e+03 4.84598e-14 +0.00000e+00
 8.96151e-09 3.98417e+03 6.70365e-14 +0.00000e+00
 1.11588e-08 4.00768e+03 9.20015e-14 +0.00000e+00
 1.38950e-08 4.03170e+03 1.25374e-13 +0.00000e+00
 1.73020e-08 4.05595e+03 1.69783e-13 +0.00000e+00
 2.15443e-08 4.08033e+03 2.28643e-13 +0.00000e+00
 2.68270e-08 4.10477e+03 3.06365e-13 +0.00000e+00
 3.34048e-08 4.12919e+03 4.08623e-13 +0.00000e+00
 4.15956e-08 4.15345e+03 5.42670e-13 +0.00000e+00
 5.17947e-08 4.17737e+03 7.17686e-13 +0.00000e+00
 6.44947e-08 4.20083e+03 9.45158e-13 +0.00000e+00
 8.03086e-08 4.22373e+03 1.23928e-12 +0.00000e+00
 1.00000e-07 4.24606e+03 1.61741e-12 +0.00000e+00
 1.24520e-07 4.26781e+03 2.10052e-12 +0.00000e+00
 1.55052e-07 4.28902e+03 2.71377e-12 +0.00000e+00
 1.93070e-07 4.30977e+03 3.48693e-12 +0.00000e+00
 2.40410e-07 4.33025e+03 4.45484e-12 +0.00000e+00
 2.99358e-07 4.35068e+03 5.65774e-12 +0.00000e+00
 3.72759e-07 4.37127e+03 7.14153e-12 +0.00000e+00
 4.64159e-07 4.39215e+03 8.95813e-12 +0.00000e+00
 5.77969e-07 4.41335e+03 1.11658e-11 +0.00000e+00
 7.19686e-07 4.43483e+03 1.38292e-11 +0.00000e+00
 8.96151e-07 4.45655e+03 1.70196e-11 +0.00000e+00
 1.11588e-06 4.47848e+03 2.08153e-11 +0.00000e+00
 1.38950e-06 4.50064e+03 2.53012e-11 +0.00000e+00
 1.73020e-06 4.52309e+03 3.05694e-11 +0.00000e+00
 2.15443e-06 4.54593e+03 3.67197e-11 +0.00000e+00
 2.68270e-06 4.56925e+03 4.38601e-11 +0.00000e+00
 3.34048e-06 4.59315e+03 5.21087e-11 +0.00000e+00
 4.15956e-06 4.61771e+03 6.15940e-11 +0.00000e+00
 5.17947e-06 4.64300e+03 7.24575e-11 +0.00000e+00
 6.44947e-06 4.66904e+03 8.48548e-11 +0.00000e+00
 8.03086e-06 4.69585e+03 9.89582e-11 +0.00000e+00
 1.00000e-05 4.72342e+03 1.14959e-10 +0.00000e+00
 1.24520e-05 4.75173e+03 1.33069e-10 +0.00000e+00
 1.55052e-05 4.78071e+03 1.53525e-10 +0.00000e+00
 1.93070e-05 4.81033e+03 1.76589e-10 +0.00000e+00
 2.40410e-05 4.84051e+03 2.02554e-10 +0.00000e+00
 2.99358e-05 4.87122e+03 2.31743e-10 +0.00000e+00
 3.72759e-05 4.90241e+03 2.64513e-10 +0.00000e+00
 4.64159e-05 4.93404e+03 3.01260e-10 +0.00000e+00
 5.77969e-05 4.96606e+03 3.42418e-10 +0.00000e+00
 7.19686e-05 4.99842e+03 3.88462e-10 +0.00000e+00
 8.96151e-05 5.03105e+03 4.39914e-10 +0.00000e+00
 1.11588e-04 5.06392e+03 4.97338e-10 +0.00000e+00
 1.38950e-04 5.09696e+03 5.61350e-10 +0.00000e+00
 1.73020e-04 5.13014e+03 6.32610e-10 +0.00000e+00
 2.15443e-04 5.16345e+03 7.11823e-10 +0.00000e+00
 2.68270e-04 5.19689e+03 7.99748e-10 +0.00000e+00
 3.34048e-04 5.23054e+03 8.97181e-10 +0.00000e+00
 4.15956e-04 5.26441e+03 1.00497e-09 +0.00000e+00
 5.17947e-04 5.29858e+03 1.12400e-09 +0.00000e+00
 6.44947e-04 5.33313e+03 1.25523e-09 +0.00000e+00
 8.03086e-04 5.36817e+03 1.39961e-09 +0.00000e+00
 1.00000e-03 5.40375e+03 1.55819e-09 +0.00000e+00
 1.24520e-03 5.43989e+03 1.73208e-09 -2.54642e-07
 1.55052e-03 5.47669e+03 1.92248e-09 -3.17080e-07
 1.93070e-03 5.51415e+03 2.13073e-09 -3.94826e-07
 2.40410e-03 5.55226e+03 2.35838e-09 -4.91637e-07
 2.99358e-03 5.59097e+03 2.60723e-09 -6.12185e-07
 3.72759e-03 5.63024e+03 2.87940e-09 -7.62287e-07
 4.64159e-03 5.66996e+03 3.17739e-09 -9.49205e-07
 5.77969e-03 5.71010e+03 3.50397e-09 -1.18194e-06
 7.19686e-03 5.75048e+03 3.86241e-09 -1.47175e-06
 8.96151e-03 5.79112e+03 4.25617e-09 -1.83262e-06
 1.11588e-02 5.83200e+03 4.68900e-09 -2.28198e-06
 1.38950e-02 5.87335e+03 5.16474e-09 -2.84151e-06
 1.73020e-02 5.91515e+03 5.68762e-09 -3.53824e-06
 2.15443e-02 5.95824e+03 6.26094e-09 -4.40581e-06
 2.68270e-02 6.00266e+03 6.88871e-09 -5.48609e-06
 3.34048e-02 6.04980e+03 7.57242e-09 -6.83127e-06
 4.15956e-02 6.10067e+03 8.31257e-09 -8.50629e-06
 5.17947e-02 6.15939e+03 9.10051e-09 -1.05920e-05
 6.44947e-02 6.22277e+03 9.93630e-09 -1.31891e-05
 8.03086e-02 6.28590e+03 1.08300e-08 -1.64231e-05
 1.00000e-01 6.35654e+03 1.17661e-08 -2.04499e-05
 1.24520e-01 6.43867e+03 1.27248e-08 -2.54642e-05
 1.55052e-01 6.53545e+03 1.36793e-08 -3.17080e-05
 1.93070e-01 6.64976e+03 1.45969e-08 -3.94826e-05
 2.40410e-01 6.78618e+03 1.54340e-08 -4.91637e-05
 2.99358e-01 6.94141e+03 1.61665e-08 -6.12185e-05
 3.72759e-01 7.10069e+03 1.68239e-08 -7.62287e-05
 4.64159e-01 7.29028e+03 1.73263e-08 -9.49161e-05
 5.77969e-01 7.60888e+03 1.73112e-08 -1.17895e-04
 7.19686e-01 7.89133e+03 1.72136e-08 -1.43371e-04
 8.96151e-01 8.20769e+03 1.68863e-08 +6.04599e-06
 1.11588e+00 8.83483e+03 1.54477e-08 +2.61647e-02
 1.38950e+00 9.04447e+03 1.50591e-08 +1.33844e-02
 1.73020e+00 9.19915e+03 1.48113e-08 +1.84058e-02
 2.15443e+00 9.34659e+03 1.45768e-08 +2.72349e-02
 2.68270e+00 9.49281e+03 1.43401e-08 +3.81713e-02
 3.34048e+00 9.63906e+03 1.40987e-08 +4.81773e-02
 4.15956e+00 9.78074e+03 1.38699e-08 +5.41096e-02
 5.17947e+00 9.91859e+03 1.36553e-08 +5.86954e-02
 6.44947e+00 1.00544e+04 1.34528e-08 +6.22680e-02
 8.03086e+00 1.01897e+04 1.32604e-08 +6.50818e-02
 1.00000e+01 1.03260e+04 1.30769e-08 +6.73207e-02
 1.24520e+01 1.04646e+04 1.29007e-08 +6.91170e-02
 1.55052e+01 1.06097e+04 1.27212e-08 +7.02359e-02
 1.93070e+01 1.07614e+04 1.25416e-08 +7.15254e-02
 2.40410e+01 1.09178e+04 1.23728e-08 +7.25918e-02
 2.99358e+01 1.10805e+04 1.22160e-08 +7.34472e-02
 3.72759e+01 1.12518e+04 1.20703e-08 +7.41082e-02
 4.64159e+01 1.14349e+04 1.19345e-08 +7.46240e-02
 5.77969e+01 1.16330e+04 1.18095e-08 +7.50149e-02
 7.19686e+01 1.18509e+04 1.16953e-08 +7.52691e-02
 8.96151e+01 1.20972e+04 1.15877e-08 +7.53426e-02
 1.11588e+02 1.23872e+04 1.14771e-08 +7.51809e-02
 1.38950e+02 1.27453e+04 1.13544e-08 +7.46886e-02
 1.73020e+02 1.32274e+04 1.11933e-08 +7.32777e-02
 2.15443e+02 1.39794e+04 1.09329e-08 +6.93234e-02
 2.68270e+02 1.56037e+04 1.03152e-08 +4.89761e-02
 3.34048e+02 1.88842e+04 9.37297e-09 +1.49679e-02
 4.15956e+02 2.40397e+04 9.19560e-09 -6.13215e-04
 5.17947e+02 2.48492e+04 1.12029e-08 -6.01056e-04
 6.44947e+02 2.64918e+04 1.30422e-08 -5.87218e-04
 8.03086e+02 2.71279e+04 1.55160e-08 -1.33308e-04
 1.00000e+03 2.92656e+04 1.73623e-08 -2.89507e-04
