#n1=128 n2=4 Teff=07600 R=2.1479e+12 L=1.0948e+37 logg=+2.00
#      tau          T          rho         Fconv
  0.00000e+00  4.39935e+03  1.81202e-21 +0.00000e+00
  1.00000e-09  4.39935e+03  6.10404e-19 +0.00000e+00
  1.24520e-09  4.40170e+03  7.69569e-19 +0.00000e+00
  1.55052e-09  4.40404e+03  9.72357e-19 +0.00000e+00
  1.93070e-09  4.40637e+03  1.23165e-18 +0.00000e+00
  2.40410e-09  4.40872e+03  1.56484e-18 +0.00000e+00
  2.99358e-09  4.41109e+03  1.99614e-18 +0.00000e+00
  3.72759e-09  4.41350e+03  2.55965e-18 +0.00000e+00
  4.64159e-09  4.41596e+03  3.30785e-18 +0.00000e+00
  5.77969e-09  4.41852e+03  4.32726e-18 +0.00000e+00
  7.19686e-09  4.42121e+03  5.75118e-18 +0.00000e+00
  8.96151e-09  4.42410e+03  7.64738e-18 +0.00000e+00
  1.11588e-08  4.42723e+03  1.01795e-17 +0.00000e+00
  1.38950e-08  4.43061e+03  1.35539e-17 +0.00000e+00
  1.73020e-08  4.43432e+03  1.80491e-17 +0.00000e+00
  2.15443e-08  4.43842e+03  2.40486e-17 +0.00000e+00
  2.68270e-08  4.44301e+03  3.20997e-17 +0.00000e+00
  3.34048e-08  4.44824e+03  4.30069e-17 +0.00000e+00
  4.15956e-08  4.45429e+03  5.79762e-17 +0.00000e+00
  5.17947e-08  4.46144e+03  7.88135e-17 +0.00000e+00
  6.44947e-08  4.47005e+03  1.08128e-16 +0.00000e+00
  8.03086e-08  4.48059e+03  1.49463e-16 +0.00000e+00
  1.00000e-07  4.49355e+03  2.07332e-16 +0.00000e+00
  1.24520e-07  4.50936e+03  2.88246e-16 +0.00000e+00
  1.55052e-07  4.52841e+03  4.01378e-16 +0.00000e+00
  1.93070e-07  4.55108e+03  5.59290e-16 +0.00000e+00
  2.40410e-07  4.57774e+03  7.79057e-16 +0.00000e+00
  2.99358e-07  4.60863e+03  1.08366e-15 +0.00000e+00
  3.72759e-07  4.64381e+03  1.50388e-15 +0.00000e+00
  4.64159e-07  4.68300e+03  2.08083e-15 +0.00000e+00
  5.77969e-07  4.72563e+03  2.86940e-15 +0.00000e+00
  7.19686e-07  4.77070e+03  3.94322e-15 +0.00000e+00
  8.96151e-07  4.81693e+03  5.40194e-15 +0.00000e+00
  1.11588e-06  4.86299e+03  7.38146e-15 +0.00000e+00
  1.38950e-06  4.90776e+03  1.00688e-14 +0.00000e+00
  1.73020e-06  4.95052e+03  1.37239e-14 +0.00000e+00
  2.15443e-06  4.99108e+03  1.87094e-14 +0.00000e+00
  2.68270e-06  5.02961e+03  2.55311e-14 +0.00000e+00
  3.34048e-06  5.06663e+03  3.48897e-14 +0.00000e+00
  4.15956e-06  5.10292e+03  4.77434e-14 +0.00000e+00
  5.17947e-06  5.13922e+03  6.53865e-14 +0.00000e+00
  6.44947e-06  5.17595e+03  8.95635e-14 +0.00000e+00
  8.03086e-06  5.21325e+03  1.22621e-13 +0.00000e+00
  1.00000e-05  5.25100e+03  1.67691e-13 +0.00000e+00
  1.24520e-05  5.28897e+03  2.28922e-13 +0.00000e+00
  1.55052e-05  5.32696e+03  3.11756e-13 +0.00000e+00
  1.93070e-05  5.36481e+03  4.23241e-13 +0.00000e+00
  2.40410e-05  5.40238e+03  5.72384e-13 +0.00000e+00
  2.99358e-05  5.43953e+03  7.70497e-13 +0.00000e+00
  3.72759e-05  5.47618e+03  1.03155e-12 +0.00000e+00
  4.64159e-05  5.51228e+03  1.37248e-12 +0.00000e+00
  5.77969e-05  5.54779e+03  1.81351e-12 +0.00000e+00
  7.19686e-05  5.58275e+03  2.37833e-12 +0.00000e+00
  8.96151e-05  5.61721e+03  3.09417e-12 +0.00000e+00
  1.11588e-04  5.65123e+03  3.99190e-12 +0.00000e+00
  1.38950e-04  5.68485e+03  5.10605e-12 +0.00000e+00
  1.73020e-04  5.71811e+03  6.47468e-12 +0.00000e+00
  2.15443e-04  5.75105e+03  8.13898e-12 +0.00000e+00
  2.68270e-04  5.78370e+03  1.01428e-11 +0.00000e+00
  3.34048e-04  5.81615e+03  1.25323e-11 +0.00000e+00
  4.15956e-04  5.84846e+03  1.53561e-11 +0.00000e+00
  5.17947e-04  5.88072e+03  1.86663e-11 +0.00000e+00
  6.44947e-04  5.91304e+03  2.25202e-11 +0.00000e+00
  8.03086e-04  5.94547e+03  2.69822e-11 +0.00000e+00
  1.00000e-03  5.97813e+03  3.21254e-11 +0.00000e+00
  1.24520e-03  6.01107e+03  3.80323e-11 -2.55002e-07
  1.55052e-03  6.04444e+03  4.47926e-11 -3.17529e-07
  1.93070e-03  6.07833e+03  5.25030e-11 -3.95386e-07
  2.40410e-03  6.11283e+03  6.12654e-11 -4.92333e-07
  2.99358e-03  6.14802e+03  7.11857e-11 -6.13050e-07
  3.72759e-03  6.18400e+03  8.23737e-11 -7.63372e-07
  4.64159e-03  6.22080e+03  9.49461e-11 -9.50546e-07
  5.77969e-03  6.25846e+03  1.09022e-10 -1.18361e-06
  7.19686e-03  6.29704e+03  1.24728e-10 -1.47384e-06
  8.96151e-03  6.33658e+03  1.42188e-10 -1.83522e-06
  1.11588e-02  6.37704e+03  1.61534e-10 -2.28521e-06
  1.38950e-02  6.41862e+03  1.82885e-10 -2.84553e-06
  1.73020e-02  6.46136e+03  2.06366e-10 -3.54325e-06
  2.15443e-02  6.50622e+03  2.32025e-10 -4.41205e-06
  2.68270e-02  6.55356e+03  2.59892e-10 -5.49388e-06
  3.34048e-02  6.60511e+03  2.89828e-10 -6.84094e-06
  4.15956e-02  6.66158e+03  3.21616e-10 -8.51833e-06
  5.17947e-02  6.72313e+03  3.54997e-10 -1.06070e-05
  6.44947e-02  6.79104e+03  3.89516e-10 -1.32078e-05
  8.03086e-02  6.86573e+03  4.24675e-10 -1.64463e-05
  1.00000e-01  6.95292e+03  4.59201e-10 -2.04789e-05
  1.24520e-01  7.05755e+03  4.91294e-10 -2.55002e-05
  1.55052e-01  7.18065e+03  5.19236e-10 -3.17529e-05
  1.93070e-01  7.32538e+03  5.41007e-10 -3.95386e-05
  2.40410e-01  7.49325e+03  5.54809e-10 -4.92333e-05
  2.99358e-01  7.68963e+03  5.58528e-10 -6.13050e-05
  3.72759e-01  7.93109e+03  5.48245e-10 -7.63367e-05
  4.64159e-01  8.19923e+03  5.25814e-10 -9.50482e-05
  5.77969e-01  8.47945e+03  4.94825e-10 -1.18190e-04
  7.19686e-01  8.87649e+03  4.40635e-10 -1.38725e-04
  8.96151e-01  9.40041e+03  3.71169e-10 -1.41613e-04
  1.11588e+00  9.65481e+03  3.46019e-10 -2.22784e-04
  1.38950e+00  9.87106e+03  3.29490e-10 -2.82602e-04
  1.73020e+00  1.01040e+04  3.15516e-10 -3.53711e-04
  2.15443e+00  1.03665e+04  3.03730e-10 -4.41082e-04
  2.68270e+00  1.06644e+04  2.94468e-10 -5.49372e-04
  3.34048e+00  1.10025e+04  2.87972e-10 -6.14363e-04
  4.15956e+00  1.13810e+04  2.84493e-10 -6.14369e-04
  5.17947e+00  1.18097e+04  2.83961e-10 -6.14369e-04
  6.44947e+00  1.23151e+04  2.86181e-10 -6.14369e-04
  8.03086e+00  1.27919e+04  2.94100e-10 -6.14369e-04
  1.00000e+01  1.36261e+04  3.00561e-10 -6.14369e-04
  1.24520e+01  1.37380e+04  3.29007e-10 -6.14369e-04
  1.55052e+01  1.47800e+04  3.41044e-10 -6.14369e-04
  1.93070e+01  1.49120e+04  3.82864e-10 -6.14369e-04
  2.40410e+01  1.56183e+04  4.13900e-10 -6.14369e-04
  2.99358e+01  1.62229e+04  4.56731e-10 -6.14369e-04
  3.72759e+01  1.68689e+04  5.07695e-10 -6.14369e-04
  4.64159e+01  1.75467e+04  5.68324e-10 -6.14369e-04
  5.77969e+01  1.82594e+04  6.39651e-10 -6.14369e-04
  7.19686e+01  1.90102e+04  7.22789e-10 -6.14369e-04
  8.96151e+01  1.98037e+04  8.18984e-10 -6.14369e-04
  1.11588e+02  2.06383e+04  9.29849e-10 -6.14369e-04
  1.38950e+02  2.15605e+04  1.05596e-09 -6.14369e-04
  1.73020e+02  2.23130e+04  1.20878e-09 -6.14369e-04
  2.15443e+02  2.45663e+04  1.32106e-09 -6.14369e-04
  2.68270e+02  2.56090e+04  1.53550e-09 -6.14369e-04
  3.34048e+02  2.58341e+04  1.81471e-09 -6.14363e-04
  4.15956e+02  2.78530e+04  2.03382e-09 -6.14363e-04
  5.17947e+02  2.78569e+04  2.40660e-09 -6.14295e-04
  6.44947e+02  3.05839e+04  2.61882e-09 -6.14348e-04
  8.03086e+02  3.11328e+04  3.06040e-09 -6.13950e-04
  1.00000e+03  3.28638e+04  3.42905e-09 -6.12616e-04
