#n1=128 n2=4 Teff=07400 R=8.2971e+10 L=1.4706e+34 logg=+4.50
#   tau          T          rho         Fconv
 0.00000e+00 4.29999e+03 1.81316e-21 +0.00000e+00
 1.00000e-09 4.29999e+03 4.69257e-15 +0.00000e+00
 1.24520e-09 4.30014e+03 7.14742e-15 +0.00000e+00
 1.55052e-09 4.30049e+03 1.08166e-14 +0.00000e+00
 1.93070e-09 4.30111e+03 1.62473e-14 +0.00000e+00
 2.40410e-09 4.30206e+03 2.41934e-14 +0.00000e+00
 2.99358e-09 4.30339e+03 3.56889e-14 +0.00000e+00
 3.72759e-09 4.30515e+03 5.21472e-14 +0.00000e+00
 4.64159e-09 4.30737e+03 7.55074e-14 +0.00000e+00
 5.77969e-09 4.31008e+03 1.08446e-13 +0.00000e+00
 7.19686e-09 4.31326e+03 1.54681e-13 +0.00000e+00
 8.96151e-09 4.31690e+03 2.19387e-13 +0.00000e+00
 1.11588e-08 4.32100e+03 3.09731e-13 +0.00000e+00
 1.38950e-08 4.32557e+03 4.35503e-13 +0.00000e+00
 1.73020e-08 4.33071e+03 6.09808e-13 +0.00000e+00
 2.15443e-08 4.33656e+03 8.49850e-13 +0.00000e+00
 2.68270e-08 4.34337e+03 1.17786e-12 +0.00000e+00
 3.34048e-08 4.35143e+03 1.62214e-12 +0.00000e+00
 4.15956e-08 4.36101e+03 2.21817e-12 +0.00000e+00
 5.17947e-08 4.37237e+03 3.00966e-12 +0.00000e+00
 6.44947e-08 4.38571e+03 4.04917e-12 +0.00000e+00
 8.03086e-08 4.40113e+03 5.39937e-12 +0.00000e+00
 1.00000e-07 4.41862e+03 7.13475e-12 +0.00000e+00
 1.24520e-07 4.43799e+03 9.34289e-12 +0.00000e+00
 1.55052e-07 4.45892e+03 1.21268e-11 +0.00000e+00
 1.93070e-07 4.48100e+03 1.56084e-11 +0.00000e+00
 2.40410e-07 4.50387e+03 1.99320e-11 +0.00000e+00
 2.99358e-07 4.52722e+03 2.52690e-11 +0.00000e+00
 3.72759e-07 4.55090e+03 3.18198e-11 +0.00000e+00
 4.64159e-07 4.57486e+03 3.98122e-11 +0.00000e+00
 5.77969e-07 4.59908e+03 4.95027e-11 +0.00000e+00
 7.19686e-07 4.62357e+03 6.11881e-11 +0.00000e+00
 8.96151e-07 4.64824e+03 7.52104e-11 +0.00000e+00
 1.11588e-06 4.67298e+03 9.19602e-11 +0.00000e+00
 1.38950e-06 4.69760e+03 1.11882e-10 +0.00000e+00
 1.73020e-06 4.72188e+03 1.35481e-10 +0.00000e+00
 2.15443e-06 4.74569e+03 1.63330e-10 +0.00000e+00
 2.68270e-06 4.76898e+03 1.96066e-10 +0.00000e+00
 3.34048e-06 4.79187e+03 2.34395e-10 +0.00000e+00
 4.15956e-06 4.81464e+03 2.79103e-10 +0.00000e+00
 5.17947e-06 4.83758e+03 3.31058e-10 +0.00000e+00
 6.44947e-06 4.86098e+03 3.91205e-10 +0.00000e+00
 8.03086e-06 4.88501e+03 4.60570e-10 +0.00000e+00
 1.00000e-05 4.90971e+03 5.40252e-10 +0.00000e+00
 1.24520e-05 4.93507e+03 6.31418e-10 +0.00000e+00
 1.55052e-05 4.96105e+03 7.35300e-10 +0.00000e+00
 1.93070e-05 4.98756e+03 8.53195e-10 +0.00000e+00
 2.40410e-05 5.01453e+03 9.86476e-10 +0.00000e+00
 2.99358e-05 5.04185e+03 1.13661e-09 +0.00000e+00
 3.72759e-05 5.06945e+03 1.30515e-09 +0.00000e+00
 4.64159e-05 5.09724e+03 1.49380e-09 +0.00000e+00
 5.77969e-05 5.12517e+03 1.70437e-09 +0.00000e+00
 7.19686e-05 5.15320e+03 1.93884e-09 +0.00000e+00
 8.96151e-05 5.18129e+03 2.19935e-09 +0.00000e+00
 1.11588e-04 5.20942e+03 2.48820e-09 +0.00000e+00
 1.38950e-04 5.23759e+03 2.80789e-09 +0.00000e+00
 1.73020e-04 5.26577e+03 3.16110e-09 +0.00000e+00
 2.15443e-04 5.29396e+03 3.55073e-09 +0.00000e+00
 2.68270e-04 5.32217e+03 3.97987e-09 +0.00000e+00
 3.34048e-04 5.35043e+03 4.45185e-09 +0.00000e+00
 4.15956e-04 5.37878e+03 4.97020e-09 +0.00000e+00
 5.17947e-04 5.40724e+03 5.53875e-09 +0.00000e+00
 6.44947e-04 5.43588e+03 6.16168e-09 +0.00000e+00
 8.03086e-04 5.46472e+03 6.84373e-09 +0.00000e+00
 1.00000e-03 5.49383e+03 7.59042e-09 +0.00000e+00
 1.24520e-03 5.52321e+03 8.40829e-09 -2.54614e-07
 1.55052e-03 5.55299e+03 9.30495e-09 -3.17045e-07
 1.93070e-03 5.58320e+03 1.02894e-08 -3.94783e-07
 2.40410e-03 5.61392e+03 1.13719e-08 -4.91583e-07
 2.99358e-03 5.64521e+03 1.25643e-08 -6.12119e-07
 3.72759e-03 5.67715e+03 1.38798e-08 -7.62208e-07
 4.64159e-03 5.70979e+03 1.53326e-08 -9.49098e-07
 5.77969e-03 5.74317e+03 1.69382e-08 -1.18181e-06
 7.19686e-03 5.77736e+03 1.87138e-08 -1.47159e-06
 8.96151e-03 5.81242e+03 2.06771e-08 -1.83242e-06
 1.11588e-02 5.84838e+03 2.28473e-08 -2.28172e-06
 1.38950e-02 5.88542e+03 2.52450e-08 -2.84120e-06
 1.73020e-02 5.92364e+03 2.78917e-08 -3.53785e-06
 2.15443e-02 5.96379e+03 3.08024e-08 -4.40532e-06
 2.68270e-02 6.00626e+03 3.39907e-08 -5.48549e-06
 3.34048e-02 6.05238e+03 3.74587e-08 -6.83052e-06
 4.15956e-02 6.10273e+03 4.12028e-08 -8.50535e-06
 5.17947e-02 6.15757e+03 4.52146e-08 -1.05908e-05
 6.44947e-02 6.21793e+03 4.94711e-08 -1.31877e-05
 8.03086e-02 6.28438e+03 5.39426e-08 -1.64213e-05
 1.00000e-01 6.36123e+03 5.85400e-08 -2.04477e-05
 1.24520e-01 6.45232e+03 6.31335e-08 -2.54614e-05
 1.55052e-01 6.55889e+03 6.75942e-08 -3.17045e-05
 1.93070e-01 6.68379e+03 7.17643e-08 -3.94783e-05
 2.40410e-01 6.82930e+03 7.54895e-08 -4.91583e-05
 2.99358e-01 7.00106e+03 7.85776e-08 -6.12108e-05
 3.72759e-01 7.21241e+03 8.07183e-08 -7.61425e-05
 4.64159e-01 7.45475e+03 8.19250e-08 -9.33415e-05
 5.77969e-01 7.72660e+03 8.22326e-08 -8.38635e-05
 7.19686e-01 8.10050e+03 8.07144e-08 +1.17398e-03
 8.96151e-01 8.56322e+03 7.74239e-08 +1.40582e-02
 1.11588e+00 8.78873e+03 7.64358e-08 +1.02542e-02
 1.38950e+00 8.96545e+03 7.59155e-08 +1.45395e-02
 1.73020e+00 9.13031e+03 7.54996e-08 +2.20871e-02
 2.15443e+00 9.28953e+03 7.51332e-08 +3.16975e-02
 2.68270e+00 9.44528e+03 7.48001e-08 +4.35627e-02
 3.34048e+00 9.59845e+03 7.44963e-08 +5.38544e-02
 4.15956e+00 9.74366e+03 7.43007e-08 +5.91307e-02
 5.17947e+00 9.88200e+03 7.42220e-08 +6.31526e-02
 6.44947e+00 1.00154e+04 7.42559e-08 +6.62604e-02
 8.03086e+00 1.01454e+04 7.44029e-08 +6.87193e-02
 1.00000e+01 1.02728e+04 7.46673e-08 +7.06629e-02
 1.24520e+01 1.03989e+04 7.50495e-08 +7.21953e-02
 1.55052e+01 1.05248e+04 7.55491e-08 +7.34077e-02
 1.93070e+01 1.06519e+04 7.61630e-08 +7.43784e-02
 2.40410e+01 1.07808e+04 7.68910e-08 +7.51754e-02
 2.99358e+01 1.09123e+04 7.77365e-08 +7.58349e-02
 3.72759e+01 1.10468e+04 7.87026e-08 +7.63837e-02
 4.64159e+01 1.11847e+04 7.97932e-08 +7.68438e-02
 5.77969e+01 1.13266e+04 8.10138e-08 +7.72320e-02
 7.19686e+01 1.14728e+04 8.23713e-08 +7.75614e-02
 8.96151e+01 1.16234e+04 8.38757e-08 +7.78426e-02
 1.11588e+02 1.17788e+04 8.55419e-08 +7.80844e-02
 1.38950e+02 1.19387e+04 8.73837e-08 +7.82956e-02
 1.73020e+02 1.21028e+04 8.94468e-08 +7.84797e-02
 2.15443e+02 1.22707e+04 9.17595e-08 +7.86391e-02
 2.68270e+02 1.24425e+04 9.43653e-08 +7.87744e-02
 3.34048e+02 1.26185e+04 9.72805e-08 +7.88880e-02
 4.15956e+02 1.27995e+04 1.00573e-07 +7.89850e-02
 5.17947e+02 1.29856e+04 1.04258e-07 +7.90680e-02
 6.44947e+02 1.31773e+04 1.08422e-07 +7.91362e-02
 8.03086e+02 1.33761e+04 1.13087e-07 +7.91927e-02
 1.00000e+03 1.35837e+04 1.18243e-07 +7.92403e-02
