#n1=128 n2=4 Teff=07400 R=8.0968e+12 L=1.3980e+38 logg=+1.00
#   tau          T          rho         Fconv
 0.00000e+00 4.60235e+03 1.69060e-21 +0.00000e+00
 1.00000e-09 4.60235e+03 4.60506e-20 +0.00000e+00
 1.24520e-09 4.60509e+03 5.73027e-20 +0.00000e+00
 1.55052e-09 4.60788e+03 7.14494e-20 +0.00000e+00
 1.93070e-09 4.61074e+03 8.92471e-20 +0.00000e+00
 2.40410e-09 4.61367e+03 1.11658e-19 +0.00000e+00
 2.99358e-09 4.61668e+03 1.39910e-19 +0.00000e+00
 3.72759e-09 4.61976e+03 1.75589e-19 +0.00000e+00
 4.64159e-09 4.62292e+03 2.20776e-19 +0.00000e+00
 5.77969e-09 4.62617e+03 2.78234e-19 +0.00000e+00
 7.19686e-09 4.62951e+03 3.51699e-19 +0.00000e+00
 8.96151e-09 4.63295e+03 4.46230e-19 +0.00000e+00
 1.11588e-08 4.63649e+03 5.68833e-19 +0.00000e+00
 1.38950e-08 4.64014e+03 7.28148e-19 +0.00000e+00
 1.73020e-08 4.64391e+03 9.32481e-19 +0.00000e+00
 2.15443e-08 4.64778e+03 1.19503e-18 +0.00000e+00
 2.68270e-08 4.65175e+03 1.53218e-18 +0.00000e+00
 3.34048e-08 4.65580e+03 1.96536e-18 +0.00000e+00
 4.15956e-08 4.65991e+03 2.52302e-18 +0.00000e+00
 5.17947e-08 4.66406e+03 3.24406e-18 +0.00000e+00
 6.44947e-08 4.66825e+03 4.18246e-18 +0.00000e+00
 8.03086e-08 4.67245e+03 5.41463e-18 +0.00000e+00
 1.00000e-07 4.67666e+03 7.04898e-18 +0.00000e+00
 1.24520e-07 4.68088e+03 9.24131e-18 +0.00000e+00
 1.55052e-07 4.68513e+03 1.22101e-17 +0.00000e+00
 1.93070e-07 4.68940e+03 1.62486e-17 +0.00000e+00
 2.40410e-07 4.69372e+03 2.17457e-17 +0.00000e+00
 2.99358e-07 4.69811e+03 2.92556e-17 +0.00000e+00
 3.72759e-07 4.70255e+03 3.95518e-17 +0.00000e+00
 4.64159e-07 4.70708e+03 5.37085e-17 +0.00000e+00
 5.77969e-07 4.71173e+03 7.32064e-17 +0.00000e+00
 7.19686e-07 4.71655e+03 1.00075e-16 +0.00000e+00
 8.96151e-07 4.72158e+03 1.37107e-16 +0.00000e+00
 1.11588e-06 4.72689e+03 1.88149e-16 +0.00000e+00
 1.38950e-06 4.73256e+03 2.58526e-16 +0.00000e+00
 1.73020e-06 4.73870e+03 3.55629e-16 +0.00000e+00
 2.15443e-06 4.74544e+03 4.89801e-16 +0.00000e+00
 2.68270e-06 4.75295e+03 6.75524e-16 +0.00000e+00
 3.34048e-06 4.76144e+03 9.33074e-16 +0.00000e+00
 4.15956e-06 4.77120e+03 1.29082e-15 +0.00000e+00
 5.17947e-06 4.78257e+03 1.78813e-15 +0.00000e+00
 6.44947e-06 4.79595e+03 2.47979e-15 +0.00000e+00
 8.03086e-06 4.81181e+03 3.44152e-15 +0.00000e+00
 1.00000e-05 4.83062e+03 4.77693e-15 +0.00000e+00
 1.24520e-05 4.85283e+03 6.62736e-15 +0.00000e+00
 1.55052e-05 4.87888e+03 9.18730e-15 +0.00000e+00
 1.93070e-05 4.90920e+03 1.27231e-14 +0.00000e+00
 2.40410e-05 4.94416e+03 1.75957e-14 +0.00000e+00
 2.99358e-05 4.98406e+03 2.42909e-14 +0.00000e+00
 3.72759e-05 5.02895e+03 3.34594e-14 +0.00000e+00
 4.64159e-05 5.07848e+03 4.59660e-14 +0.00000e+00
 5.77969e-05 5.13181e+03 6.29448e-14 +0.00000e+00
 7.19686e-05 5.18768e+03 8.58633e-14 +0.00000e+00
 8.96151e-05 5.24434e+03 1.16621e-13 +0.00000e+00
 1.11588e-04 5.29991e+03 1.57672e-13 +0.00000e+00
 1.38950e-04 5.35283e+03 2.12175e-13 +0.00000e+00
 1.73020e-04 5.40212e+03 2.84183e-13 +0.00000e+00
 2.15443e-04 5.44751e+03 3.78879e-13 +0.00000e+00
 2.68270e-04 5.48941e+03 5.02846e-13 +0.00000e+00
 3.34048e-04 5.52854e+03 6.64376e-13 +0.00000e+00
 4.15956e-04 5.56563e+03 8.73752e-13 +0.00000e+00
 5.17947e-04 5.60124e+03 1.14346e-12 +0.00000e+00
 6.44947e-04 5.63568e+03 1.48836e-12 +0.00000e+00
 8.03086e-04 5.66913e+03 1.92580e-12 +0.00000e+00
 1.00000e-03 5.70177e+03 2.47594e-12 +0.00000e+00
 1.24520e-03 5.73375e+03 3.16253e-12 -2.55060e-07
 1.55052e-03 5.76514e+03 4.01415e-12 -3.17600e-07
 1.93070e-03 5.79603e+03 5.06564e-12 -3.95474e-07
 2.40410e-03 5.82651e+03 6.35931e-12 -4.92443e-07
 2.99358e-03 5.85671e+03 7.94552e-12 -6.13191e-07
 3.72759e-03 5.88675e+03 9.88245e-12 -7.63542e-07
 4.64159e-03 5.91680e+03 1.22358e-11 -9.50759e-07
 5.77969e-03 5.94697e+03 1.50781e-11 -1.18388e-06
 7.19686e-03 5.97744e+03 1.84877e-11 -1.47417e-06
 8.96151e-03 6.00838e+03 2.25462e-11 -1.83563e-06
 1.11588e-02 6.04000e+03 2.73352e-11 -2.28572e-06
 1.38950e-02 6.07258e+03 3.29313e-11 -2.84617e-06
 1.73020e-02 6.10651e+03 3.94013e-11 -3.54404e-06
 2.15443e-02 6.14239e+03 4.67929e-11 -4.41303e-06
 2.68270e-02 6.18088e+03 5.51299e-11 -5.49509e-06
 3.34048e-02 6.22296e+03 6.43974e-11 -6.84247e-06
 4.15956e-02 6.26951e+03 7.45362e-11 -8.52024e-06
 5.17947e-02 6.32150e+03 8.54361e-11 -1.06094e-05
 6.44947e-02 6.38027e+03 9.69188e-11 -1.32107e-05
 8.03086e-02 6.44739e+03 1.08729e-10 -1.64500e-05
 1.00000e-01 6.52556e+03 1.20489e-10 -2.04835e-05
 1.24520e-01 6.61757e+03 1.31711e-10 -2.55060e-05
 1.55052e-01 6.72577e+03 1.41834e-10 -3.17599e-05
 1.93070e-01 6.85322e+03 1.50221e-10 -3.95478e-05
 2.40410e-01 7.00327e+03 1.56209e-10 -4.92444e-05
 2.99358e-01 7.18027e+03 1.59112e-10 -6.13191e-05
 3.72759e-01 7.38962e+03 1.58250e-10 -7.63542e-05
 4.64159e-01 7.63346e+03 1.53220e-10 -9.50759e-05
 5.77969e-01 7.91581e+03 1.43819e-10 -1.18386e-04
 7.19686e-01 8.24760e+03 1.30060e-10 -1.47349e-04
 8.96151e-01 8.61843e+03 1.14215e-10 -1.82969e-04
 1.11588e+00 8.95637e+03 1.01825e-10 -2.28032e-04
 1.38950e+00 9.24701e+03 9.37293e-11 -2.84480e-04
 1.73020e+00 9.52444e+03 8.81968e-11 -3.54384e-04
 2.15443e+00 9.80985e+03 8.43139e-11 -4.41301e-04
 2.68270e+00 1.01169e+04 8.16225e-11 -5.49509e-04
 3.34048e+00 1.04578e+04 7.98528e-11 -6.14505e-04
 4.15956e+00 1.08505e+04 7.88164e-11 -6.14505e-04
 5.17947e+00 1.13289e+04 7.83974e-11 -6.14505e-04
 6.44947e+00 1.14607e+04 8.16247e-11 -6.14505e-04
 8.03086e+00 1.21897e+04 8.18200e-11 -6.14505e-04
 1.00000e+01 1.23250e+04 8.75556e-11 -6.14505e-04
 1.24520e+01 1.28227e+04 9.19752e-11 -6.14505e-04
 1.55052e+01 1.33470e+04 9.79036e-11 -6.14505e-04
 1.93070e+01 1.38855e+04 1.05528e-10 -6.14505e-04
 2.40410e+01 1.44521e+04 1.14898e-10 -6.14505e-04
 2.99358e+01 1.50494e+04 1.26335e-10 -6.14505e-04
 3.72759e+01 1.56791e+04 1.40273e-10 -6.14505e-04
 4.64159e+01 1.63781e+04 1.56972e-10 -6.14505e-04
 5.77969e+01 1.67991e+04 1.79648e-10 -6.14505e-04
 7.19686e+01 1.84887e+04 1.94872e-10 -6.14505e-04
 8.96151e+01 1.90952e+04 2.26978e-10 -6.14505e-04
 1.11588e+02 1.95564e+04 2.64790e-10 -6.14505e-04
 1.38950e+02 2.07134e+04 2.99711e-10 -6.14505e-04
 1.73020e+02 2.12194e+04 3.49669e-10 -6.14505e-04
 2.15443e+02 2.25771e+04 3.94855e-10 -6.14505e-04
 2.68270e+02 2.29944e+04 4.63227e-10 -6.14505e-04
 3.34048e+02 2.46289e+04 5.19945e-10 -6.14505e-04
 4.15956e+02 2.50496e+04 6.10936e-10 -6.14505e-04
 5.17947e+02 2.67814e+04 6.85410e-10 -6.14505e-04
 6.44947e+02 2.74727e+04 7.99235e-10 -6.14499e-04
 8.03086e+02 2.89776e+04 9.05663e-10 -6.14493e-04
 1.00000e+03 3.06594e+04 1.02740e-09 -6.14469e-04
