#n1=128 n2=4 Teff=07600 R=8.5215e+10 L=1.7260e+34 logg=+4.50
#   tau          T          rho         Fconv
 0.00000e+00 4.46714e+03 1.74521e-21 +0.00000e+00
 1.00000e-09 4.46714e+03 1.22583e-15 +0.00000e+00
 1.24520e-09 4.46698e+03 1.83380e-15 +0.00000e+00
 1.55052e-09 4.46680e+03 2.74978e-15 +0.00000e+00
 1.93070e-09 4.46662e+03 4.13034e-15 +0.00000e+00
 2.40410e-09 4.46653e+03 6.20037e-15 +0.00000e+00
 2.99358e-09 4.46661e+03 9.28113e-15 +0.00000e+00
 3.72759e-09 4.46694e+03 1.38275e-14 +0.00000e+00
 4.64159e-09 4.46762e+03 2.04737e-14 +0.00000e+00
 5.77969e-09 4.46874e+03 3.00977e-14 +0.00000e+00
 7.19686e-09 4.47038e+03 4.39101e-14 +0.00000e+00
 8.96151e-09 4.47261e+03 6.35848e-14 +0.00000e+00
 1.11588e-08 4.47548e+03 9.14538e-14 +0.00000e+00
 1.38950e-08 4.47901e+03 1.30792e-13 +0.00000e+00
 1.73020e-08 4.48321e+03 1.86229e-13 +0.00000e+00
 2.15443e-08 4.48805e+03 2.64313e-13 +0.00000e+00
 2.68270e-08 4.49353e+03 3.74235e-13 +0.00000e+00
 3.34048e-08 4.49966e+03 5.28671e-13 +0.00000e+00
 4.15956e-08 4.50657e+03 7.44731e-13 +0.00000e+00
 5.17947e-08 4.51450e+03 1.04505e-12 +0.00000e+00
 6.44947e-08 4.52378e+03 1.45905e-12 +0.00000e+00
 8.03086e-08 4.53476e+03 2.02453e-12 +0.00000e+00
 1.00000e-07 4.54778e+03 2.78932e-12 +0.00000e+00
 1.24520e-07 4.56311e+03 3.81203e-12 +0.00000e+00
 1.55052e-07 4.58090e+03 5.16324e-12 +0.00000e+00
 1.93070e-07 4.60117e+03 6.92809e-12 +0.00000e+00
 2.40410e-07 4.62377e+03 9.20846e-12 +0.00000e+00
 2.99358e-07 4.64839e+03 1.21264e-11 +0.00000e+00
 3.72759e-07 4.67460e+03 1.58291e-11 +0.00000e+00
 4.64159e-07 4.70196e+03 2.04935e-11 +0.00000e+00
 5.77969e-07 4.73012e+03 2.63307e-11 +0.00000e+00
 7.19686e-07 4.75883e+03 3.35890e-11 +0.00000e+00
 8.96151e-07 4.78787e+03 4.25458e-11 +0.00000e+00
 1.11588e-06 4.81702e+03 5.35115e-11 +0.00000e+00
 1.38950e-06 4.84596e+03 6.68444e-11 +0.00000e+00
 1.73020e-06 4.87436e+03 8.29592e-11 +0.00000e+00
 2.15443e-06 4.90192e+03 1.02333e-10 +0.00000e+00
 2.68270e-06 4.92844e+03 1.25508e-10 +0.00000e+00
 3.34048e-06 4.95395e+03 1.53085e-10 +0.00000e+00
 4.15956e-06 4.97870e+03 1.85717e-10 +0.00000e+00
 5.17947e-06 5.00307e+03 2.24109e-10 +0.00000e+00
 6.44947e-06 5.02747e+03 2.69031e-10 +0.00000e+00
 8.03086e-06 5.05222e+03 3.21313e-10 +0.00000e+00
 1.00000e-05 5.07751e+03 3.81821e-10 +0.00000e+00
 1.24520e-05 5.10343e+03 4.51445e-10 +0.00000e+00
 1.55052e-05 5.12998e+03 5.31104e-10 +0.00000e+00
 1.93070e-05 5.15712e+03 6.21732e-10 +0.00000e+00
 2.40410e-05 5.18477e+03 7.24294e-10 +0.00000e+00
 2.99358e-05 5.21282e+03 8.39798e-10 +0.00000e+00
 3.72759e-05 5.24119e+03 9.69320e-10 +0.00000e+00
 4.64159e-05 5.26979e+03 1.11402e-09 +0.00000e+00
 5.77969e-05 5.29855e+03 1.27514e-09 +0.00000e+00
 7.19686e-05 5.32742e+03 1.45408e-09 +0.00000e+00
 8.96151e-05 5.35636e+03 1.65231e-09 +0.00000e+00
 1.11588e-04 5.38535e+03 1.87147e-09 +0.00000e+00
 1.38950e-04 5.41437e+03 2.11336e-09 +0.00000e+00
 1.73020e-04 5.44341e+03 2.37993e-09 +0.00000e+00
 2.15443e-04 5.47246e+03 2.67331e-09 +0.00000e+00
 2.68270e-04 5.50151e+03 2.99585e-09 +0.00000e+00
 3.34048e-04 5.53062e+03 3.35010e-09 +0.00000e+00
 4.15956e-04 5.55980e+03 3.73887e-09 +0.00000e+00
 5.17947e-04 5.58911e+03 4.16539e-09 +0.00000e+00
 6.44947e-04 5.61859e+03 4.63336e-09 +0.00000e+00
 8.03086e-04 5.64829e+03 5.14709e-09 +0.00000e+00
 1.00000e-03 5.67826e+03 5.71159e-09 +0.00000e+00
 1.24520e-03 5.70852e+03 6.33275e-09 -2.54590e-07
 1.55052e-03 5.73919e+03 7.01724e-09 -3.17015e-07
 1.93070e-03 5.77032e+03 7.77267e-09 -3.94746e-07
 2.40410e-03 5.80198e+03 8.60767e-09 -4.91536e-07
 2.99358e-03 5.83423e+03 9.53161e-09 -6.12058e-07
 3.72759e-03 5.86715e+03 1.05547e-08 -7.62137e-07
 4.64159e-03 5.90078e+03 1.16883e-08 -9.49008e-07
 5.77969e-03 5.93519e+03 1.29446e-08 -1.18170e-06
 7.19686e-03 5.97043e+03 1.43361e-08 -1.47145e-06
 8.96151e-03 6.00657e+03 1.58776e-08 -1.83225e-06
 1.11588e-02 6.04363e+03 1.75841e-08 -2.28151e-06
 1.38950e-02 6.08180e+03 1.94705e-08 -2.84093e-06
 1.73020e-02 6.12121e+03 2.15516e-08 -3.53752e-06
 2.15443e-02 6.16261e+03 2.38394e-08 -4.40491e-06
 2.68270e-02 6.20640e+03 2.63447e-08 -5.48499e-06
 3.34048e-02 6.25394e+03 2.90681e-08 -6.82987e-06
 4.15956e-02 6.30588e+03 3.20067e-08 -8.50455e-06
 5.17947e-02 6.36248e+03 3.51537e-08 -1.05898e-05
 6.44947e-02 6.42481e+03 3.84910e-08 -1.31864e-05
 8.03086e-02 6.49352e+03 4.19963e-08 -1.64197e-05
 1.00000e-01 6.57306e+03 4.55996e-08 -2.04457e-05
 1.24520e-01 6.66743e+03 4.91980e-08 -2.54590e-05
 1.55052e-01 6.77796e+03 5.26892e-08 -3.17015e-05
 1.93070e-01 6.90769e+03 5.59470e-08 -3.94746e-05
 2.40410e-01 7.05909e+03 5.88456e-08 -4.91536e-05
 2.99358e-01 7.23809e+03 6.12277e-08 -6.12048e-05
 3.72759e-01 7.45838e+03 6.28411e-08 -7.61540e-05
 4.64159e-01 7.71118e+03 6.36857e-08 -9.36145e-05
 5.77969e-01 7.99472e+03 6.37797e-08 -8.77793e-05
 7.19686e-01 8.38175e+03 6.23782e-08 +1.15088e-03
 8.96151e-01 8.85518e+03 5.95241e-08 +1.51137e-02
 1.11588e+00 9.07757e+03 5.86274e-08 +1.13532e-02
 1.38950e+00 9.24825e+03 5.81373e-08 +1.56341e-02
 1.73020e+00 9.40703e+03 5.77346e-08 +2.32089e-02
 2.15443e+00 9.56090e+03 5.73676e-08 +3.28345e-02
 2.68270e+00 9.71268e+03 5.70166e-08 +4.46682e-02
 3.34048e+00 9.86349e+03 5.66750e-08 +5.47727e-02
 4.15956e+00 1.00075e+04 5.64119e-08 +5.97620e-02
 5.17947e+00 1.01454e+04 5.62379e-08 +6.36246e-02
 6.44947e+00 1.02788e+04 5.61532e-08 +6.66117e-02
 8.03086e+00 1.04095e+04 5.61534e-08 +6.89136e-02
 1.00000e+01 1.05392e+04 5.62332e-08 +7.06974e-02
 1.24520e+01 1.06695e+04 5.63854e-08 +7.21021e-02
 1.55052e+01 1.08016e+04 5.66075e-08 +7.32483e-02
 1.93070e+01 1.09362e+04 5.68999e-08 +7.41883e-02
 2.40410e+01 1.10741e+04 5.72627e-08 +7.49639e-02
 2.99358e+01 1.12160e+04 5.76957e-08 +7.56073e-02
 3.72759e+01 1.13626e+04 5.81994e-08 +7.61466e-02
 4.64159e+01 1.15145e+04 5.87766e-08 +7.66039e-02
 5.77969e+01 1.16722e+04 5.94322e-08 +7.69930e-02
 7.19686e+01 1.18361e+04 6.01750e-08 +7.73282e-02
 8.96151e+01 1.20064e+04 6.10192e-08 +7.76206e-02
 1.11588e+02 1.21829e+04 6.19786e-08 +7.78781e-02
 1.38950e+02 1.23656e+04 6.30912e-08 +7.81001e-02
 1.73020e+02 1.25550e+04 6.43794e-08 +7.82883e-02
 2.15443e+02 1.27518e+04 6.58510e-08 +7.84496e-02
 2.68270e+02 1.29566e+04 6.75696e-08 +7.85881e-02
 3.34048e+02 1.31704e+04 6.95383e-08 +7.87049e-02
 4.15956e+02 1.33952e+04 7.18101e-08 +7.87959e-02
 5.17947e+02 1.36357e+04 7.43724e-08 +7.88641e-02
 6.44947e+02 1.38962e+04 7.71983e-08 +7.89190e-02
 8.03086e+02 1.41794e+04 8.03869e-08 +7.89661e-02
 1.00000e+03 1.44880e+04 8.39889e-08 +7.90052e-02
