#n1=128 n2=4 Teff=07400 R=4.5491e+12 L=4.4208e+37 logg=+1.50
#   tau          T          rho         Fconv
 0.00000e+00 4.63867e+03 1.67706e-21 +0.00000e+00
 1.00000e-09 4.63867e+03 1.61027e-19 +0.00000e+00
 1.24520e-09 4.64091e+03 2.01502e-19 +0.00000e+00
 1.55052e-09 4.64325e+03 2.52484e-19 +0.00000e+00
 1.93070e-09 4.64567e+03 3.16783e-19 +0.00000e+00
 2.40410e-09 4.64818e+03 3.98046e-19 +0.00000e+00
 2.99358e-09 4.65078e+03 5.01071e-19 +0.00000e+00
 3.72759e-09 4.65348e+03 6.32311e-19 +0.00000e+00
 4.64159e-09 4.65627e+03 8.00628e-19 +0.00000e+00
 5.77969e-09 4.65916e+03 1.01819e-18 +0.00000e+00
 7.19686e-09 4.66214e+03 1.30187e-18 +0.00000e+00
 8.96151e-09 4.66521e+03 1.67340e-18 +0.00000e+00
 1.11588e-08 4.66835e+03 2.15575e-18 +0.00000e+00
 1.38950e-08 4.67157e+03 2.77749e-18 +0.00000e+00
 1.73020e-08 4.67482e+03 3.58066e-18 +0.00000e+00
 2.15443e-08 4.67808e+03 4.61991e-18 +0.00000e+00
 2.68270e-08 4.68131e+03 5.97067e-18 +0.00000e+00
 3.34048e-08 4.68451e+03 7.73959e-18 +0.00000e+00
 4.15956e-08 4.68765e+03 1.00823e-17 +0.00000e+00
 5.17947e-08 4.69075e+03 1.32305e-17 +0.00000e+00
 6.44947e-08 4.69381e+03 1.75346e-17 +0.00000e+00
 8.03086e-08 4.69683e+03 2.35305e-17 +0.00000e+00
 1.00000e-07 4.69986e+03 3.19903e-17 +0.00000e+00
 1.24520e-07 4.70291e+03 4.38620e-17 +0.00000e+00
 1.55052e-07 4.70601e+03 6.03837e-17 +0.00000e+00
 1.93070e-07 4.70914e+03 8.34472e-17 +0.00000e+00
 2.40410e-07 4.71231e+03 1.15718e-16 +0.00000e+00
 2.99358e-07 4.71555e+03 1.60937e-16 +0.00000e+00
 3.72759e-07 4.71890e+03 2.24322e-16 +0.00000e+00
 4.64159e-07 4.72240e+03 3.13108e-16 +0.00000e+00
 5.77969e-07 4.72612e+03 4.37338e-16 +0.00000e+00
 7.19686e-07 4.73011e+03 6.10997e-16 +0.00000e+00
 8.96151e-07 4.73448e+03 8.53628e-16 +0.00000e+00
 1.11588e-06 4.73933e+03 1.19264e-15 +0.00000e+00
 1.38950e-06 4.74482e+03 1.66666e-15 +0.00000e+00
 1.73020e-06 4.75118e+03 2.33026e-15 +0.00000e+00
 2.15443e-06 4.75866e+03 3.26064e-15 +0.00000e+00
 2.68270e-06 4.76763e+03 4.56671e-15 +0.00000e+00
 3.34048e-06 4.77847e+03 6.40103e-15 +0.00000e+00
 4.15956e-06 4.79163e+03 8.97670e-15 +0.00000e+00
 5.17947e-06 4.80755e+03 1.25889e-14 +0.00000e+00
 6.44947e-06 4.82661e+03 1.76438e-14 +0.00000e+00
 8.03086e-06 4.84921e+03 2.46999e-14 +0.00000e+00
 1.00000e-05 4.87579e+03 3.45276e-14 +0.00000e+00
 1.24520e-05 4.90682e+03 4.81799e-14 +0.00000e+00
 1.55052e-05 4.94272e+03 6.70840e-14 +0.00000e+00
 1.93070e-05 4.98363e+03 9.31628e-14 +0.00000e+00
 2.40410e-05 5.02930e+03 1.28993e-13 +0.00000e+00
 2.99358e-05 5.07909e+03 1.77982e-13 +0.00000e+00
 3.72759e-05 5.13187e+03 2.44580e-13 +0.00000e+00
 4.64159e-05 5.18606e+03 3.34557e-13 +0.00000e+00
 5.77969e-05 5.23988e+03 4.55343e-13 +0.00000e+00
 7.19686e-05 5.29169e+03 6.16456e-13 +0.00000e+00
 8.96151e-05 5.34030e+03 8.29990e-13 +0.00000e+00
 1.11588e-04 5.38521e+03 1.11113e-12 +0.00000e+00
 1.38950e-04 5.42665e+03 1.47869e-12 +0.00000e+00
 1.73020e-04 5.46529e+03 1.95564e-12 +0.00000e+00
 2.15443e-04 5.50188e+03 2.56937e-12 +0.00000e+00
 2.68270e-04 5.53697e+03 3.35173e-12 +0.00000e+00
 3.34048e-04 5.57090e+03 4.33860e-12 +0.00000e+00
 4.15956e-04 5.60380e+03 5.56925e-12 +0.00000e+00
 5.17947e-04 5.63584e+03 7.08604e-12 +0.00000e+00
 6.44947e-04 5.66708e+03 8.93521e-12 +0.00000e+00
 8.03086e-04 5.69760e+03 1.11688e-11 +0.00000e+00
 1.00000e-03 5.72750e+03 1.38469e-11 +0.00000e+00
 1.24520e-03 5.75691e+03 1.70400e-11 -2.54608e-07
 1.55052e-03 5.78600e+03 2.08294e-11 -3.17037e-07
 1.93070e-03 5.81486e+03 2.53067e-11 -3.94773e-07
 2.40410e-03 5.84363e+03 3.05730e-11 -4.91571e-07
 2.99358e-03 5.87239e+03 3.67375e-11 -6.12105e-07
 3.72759e-03 5.90126e+03 4.39178e-11 -7.62190e-07
 4.64159e-03 5.93034e+03 5.22398e-11 -9.49076e-07
 5.77969e-03 5.95974e+03 6.18374e-11 -1.18179e-06
 7.19686e-03 5.98961e+03 7.28507e-11 -1.47156e-06
 8.96151e-03 6.02008e+03 8.54223e-11 -1.83238e-06
 1.11588e-02 6.05133e+03 9.96941e-11 -2.28167e-06
 1.38950e-02 6.08365e+03 1.15801e-10 -2.84113e-06
 1.73020e-02 6.11736e+03 1.33862e-10 -3.53777e-06
 2.15443e-02 6.15308e+03 1.53965e-10 -4.40522e-06
 2.68270e-02 6.19140e+03 1.76155e-10 -5.48536e-06
 3.34048e-02 6.23330e+03 2.00396e-10 -6.83036e-06
 4.15956e-02 6.27961e+03 2.26572e-10 -8.50515e-06
 5.17947e-02 6.33121e+03 2.54469e-10 -1.05906e-05
 6.44947e-02 6.38936e+03 2.83726e-10 -1.31874e-05
 8.03086e-02 6.45550e+03 3.13827e-10 -1.64209e-05
 1.00000e-01 6.53241e+03 3.43959e-10 -2.04472e-05
 1.24520e-01 6.62283e+03 3.73048e-10 -2.54608e-05
 1.55052e-01 6.72903e+03 3.99849e-10 -3.17037e-05
 1.93070e-01 6.85403e+03 4.22908e-10 -3.94775e-05
 2.40410e-01 7.00117e+03 4.40657e-10 -4.91572e-05
 2.99358e-01 7.17502e+03 4.51401e-10 -6.12105e-05
 3.72759e-01 7.38161e+03 4.53343e-10 -7.62190e-05
 4.64159e-01 7.62280e+03 4.45335e-10 -9.49076e-05
 5.77969e-01 7.90308e+03 4.26363e-10 -1.18166e-04
 7.19686e-01 8.23715e+03 3.94611e-10 -1.46311e-04
 8.96151e-01 8.61399e+03 3.52917e-10 -1.57332e-04
 1.11588e+00 8.94403e+03 3.16628e-10 -1.22547e-04
 1.38950e+00 9.21373e+03 2.90019e-10 -1.52331e-04
 1.73020e+00 9.46516e+03 2.68895e-10 -2.48691e-04
 2.15443e+00 9.72081e+03 2.51454e-10 -3.89133e-04
 2.68270e+00 9.99463e+03 2.37067e-10 -5.34574e-04
 3.34048e+00 1.03004e+04 2.25360e-10 -6.11546e-04
 4.15956e+00 1.06581e+04 2.15873e-10 -6.13299e-04
 5.17947e+00 1.11021e+04 2.08121e-10 -6.13411e-04
 6.44947e+00 1.11403e+04 2.13028e-10 -6.13411e-04
 8.03086e+00 1.18431e+04 2.05460e-10 -6.13417e-04
 1.00000e+01 1.18567e+04 2.14531e-10 -6.13417e-04
 1.24520e+01 1.22712e+04 2.17804e-10 -6.13417e-04
 1.55052e+01 1.27361e+04 2.23518e-10 -6.13417e-04
 1.93070e+01 1.32160e+04 2.32725e-10 -6.13417e-04
 2.40410e+01 1.37219e+04 2.45523e-10 -6.13417e-04
 2.99358e+01 1.42573e+04 2.62118e-10 -6.13417e-04
 3.72759e+01 1.48271e+04 2.82740e-10 -6.13417e-04
 4.64159e+01 1.54474e+04 3.07805e-10 -6.13417e-04
 5.77969e+01 1.59152e+04 3.42098e-10 -6.13417e-04
 7.19686e+01 1.79563e+04 3.55407e-10 -6.13417e-04
 8.96151e+01 1.85473e+04 4.11541e-10 -6.13417e-04
 1.11588e+02 1.88130e+04 4.80892e-10 -6.13417e-04
 1.38950e+02 1.99087e+04 5.39882e-10 -6.13417e-04
 1.73020e+02 2.02926e+04 6.27279e-10 -6.13417e-04
 2.15443e+02 2.16250e+04 7.02554e-10 -6.13417e-04
 2.68270e+02 2.18511e+04 8.23379e-10 -6.13417e-04
 3.34048e+02 2.34988e+04 9.15603e-10 -6.13417e-04
 4.15956e+02 2.36818e+04 1.07607e-09 -6.13393e-04
 5.17947e+02 2.54060e+04 1.19448e-09 -6.13399e-04
 6.44947e+02 2.58382e+04 1.39230e-09 -6.13205e-04
 8.03086e+02 2.73018e+04 1.56100e-09 -6.13076e-04
 1.00000e+03 2.90472e+04 1.75132e-09 -6.12887e-04
