#n1=128 n2=4 Teff=07400 R=3.3064e+13 L=2.3310e+39 logg=+0.00
#   tau          T          rho         Fconv
 0.00000e+00 4.24495e+03 1.83814e-21 +0.00000e+00
 1.00000e-09 4.24495e+03 4.66411e-21 +0.00000e+00
 1.24520e-09 4.24885e+03 5.37304e-21 +0.00000e+00
 1.55052e-09 4.25252e+03 6.26325e-21 +0.00000e+00
 1.93070e-09 4.25647e+03 7.38100e-21 +0.00000e+00
 2.40410e-09 4.26070e+03 8.78549e-21 +0.00000e+00
 2.99358e-09 4.26519e+03 1.05516e-20 +0.00000e+00
 3.72759e-09 4.26991e+03 1.27742e-20 +0.00000e+00
 4.64159e-09 4.27486e+03 1.55733e-20 +0.00000e+00
 5.77969e-09 4.28001e+03 1.91013e-20 +0.00000e+00
 7.19686e-09 4.28537e+03 2.35514e-20 +0.00000e+00
 8.96151e-09 4.29091e+03 2.91686e-20 +0.00000e+00
 1.11588e-08 4.29662e+03 3.62637e-20 +0.00000e+00
 1.38950e-08 4.30250e+03 4.52307e-20 +0.00000e+00
 1.73020e-08 4.30855e+03 5.65700e-20 +0.00000e+00
 2.15443e-08 4.31474e+03 7.09148e-20 +0.00000e+00
 2.68270e-08 4.32108e+03 8.90601e-20 +0.00000e+00
 3.34048e-08 4.32755e+03 1.11998e-19 +0.00000e+00
 4.15956e-08 4.33415e+03 1.40950e-19 +0.00000e+00
 5.17947e-08 4.34087e+03 1.77522e-19 +0.00000e+00
 6.44947e-08 4.34770e+03 2.24008e-19 +0.00000e+00
 8.03086e-08 4.35464e+03 2.83212e-19 +0.00000e+00
 1.00000e-07 4.36169e+03 3.58611e-19 +0.00000e+00
 1.24520e-07 4.36887e+03 4.54629e-19 +0.00000e+00
 1.55052e-07 4.37617e+03 5.76867e-19 +0.00000e+00
 1.93070e-07 4.38361e+03 7.32421e-19 +0.00000e+00
 2.40410e-07 4.39121e+03 9.30319e-19 +0.00000e+00
 2.99358e-07 4.39898e+03 1.18212e-18 +0.00000e+00
 3.72759e-07 4.40696e+03 1.50263e-18 +0.00000e+00
 4.64159e-07 4.41520e+03 1.91128e-18 +0.00000e+00
 5.77969e-07 4.42373e+03 2.43313e-18 +0.00000e+00
 7.19686e-07 4.43264e+03 3.10110e-18 +0.00000e+00
 8.96151e-07 4.44199e+03 3.95826e-18 +0.00000e+00
 1.11588e-06 4.45186e+03 5.06116e-18 +0.00000e+00
 1.38950e-06 4.46237e+03 6.48422e-18 +0.00000e+00
 1.73020e-06 4.47362e+03 8.32654e-18 +0.00000e+00
 2.15443e-06 4.48575e+03 1.07205e-17 +0.00000e+00
 2.68270e-06 4.49893e+03 1.38462e-17 +0.00000e+00
 3.34048e-06 4.51335e+03 1.79380e-17 +0.00000e+00
 4.15956e-06 4.52920e+03 2.32948e-17 +0.00000e+00
 5.17947e-06 4.54670e+03 3.03123e-17 +0.00000e+00
 6.44947e-06 4.56607e+03 3.95147e-17 +0.00000e+00
 8.03086e-06 4.58756e+03 5.16020e-17 +0.00000e+00
 1.00000e-05 4.61141e+03 6.75111e-17 +0.00000e+00
 1.24520e-05 4.63787e+03 8.85167e-17 +0.00000e+00
 1.55052e-05 4.66719e+03 1.16322e-16 +0.00000e+00
 1.93070e-05 4.69959e+03 1.53222e-16 +0.00000e+00
 2.40410e-05 4.73523e+03 2.02308e-16 +0.00000e+00
 2.99358e-05 4.77422e+03 2.67709e-16 +0.00000e+00
 3.72759e-05 4.81649e+03 3.54960e-16 +0.00000e+00
 4.64159e-05 4.86184e+03 4.71438e-16 +0.00000e+00
 5.77969e-05 4.90963e+03 6.26976e-16 +0.00000e+00
 7.19686e-05 4.95911e+03 8.34741e-16 +0.00000e+00
 8.96151e-05 5.00940e+03 1.11264e-15 +0.00000e+00
 1.11588e-04 5.05946e+03 1.48483e-15 +0.00000e+00
 1.38950e-04 5.10838e+03 1.98403e-15 +0.00000e+00
 1.73020e-04 5.15543e+03 2.65484e-15 +0.00000e+00
 2.15443e-04 5.20021e+03 3.55797e-15 +0.00000e+00
 2.68270e-04 5.24275e+03 4.77527e-15 +0.00000e+00
 3.34048e-04 5.28353e+03 6.41599e-15 +0.00000e+00
 4.15956e-04 5.32310e+03 8.62520e-15 +0.00000e+00
 5.17947e-04 5.36184e+03 1.15951e-14 +0.00000e+00
 6.44947e-04 5.40000e+03 1.55787e-14 +0.00000e+00
 8.03086e-04 5.43773e+03 2.09085e-14 +0.00000e+00
 1.00000e-03 5.47511e+03 2.80222e-14 +0.00000e+00
 1.24520e-03 5.51212e+03 3.74994e-14 -2.55090e-07
 1.55052e-03 5.54886e+03 5.01064e-14 -3.17637e-07
 1.93070e-03 5.58545e+03 6.68572e-14 -3.95520e-07
 2.40410e-03 5.62198e+03 8.90878e-14 -4.92501e-07
 2.99358e-03 5.65858e+03 1.18535e-13 -6.13263e-07
 3.72759e-03 5.69531e+03 1.57438e-13 -7.63632e-07
 4.64159e-03 5.73220e+03 2.08679e-13 -9.50871e-07
 5.77969e-03 5.76932e+03 2.75956e-13 -1.18402e-06
 7.19686e-03 5.80675e+03 3.63983e-13 -1.47434e-06
 8.96151e-03 5.84463e+03 4.78744e-13 -1.83585e-06
 1.11588e-02 5.88305e+03 6.27777e-13 -2.28599e-06
 1.38950e-02 5.92223e+03 8.20395e-13 -2.84651e-06
 1.73020e-02 5.96236e+03 1.06786e-12 -3.54446e-06
 2.15443e-02 6.00414e+03 1.38287e-12 -4.41355e-06
 2.68270e-02 6.04806e+03 1.77914e-12 -5.49574e-06
 3.34048e-02 6.09538e+03 2.26930e-12 -6.84328e-06
 4.15956e-02 6.14685e+03 2.86338e-12 -8.52124e-06
 5.17947e-02 6.20296e+03 3.56683e-12 -1.06106e-05
 6.44947e-02 6.26491e+03 4.37651e-12 -1.32123e-05
 8.03086e-02 6.33375e+03 5.27917e-12 -1.64519e-05
 1.00000e-01 6.41372e+03 6.23991e-12 -2.04862e-05
 1.24520e-01 6.50877e+03 7.20099e-12 -2.55093e-05
 1.55052e-01 6.62069e+03 8.09150e-12 -3.17639e-05
 1.93070e-01 6.75259e+03 8.82808e-12 -3.95523e-05
 2.40410e-01 6.90705e+03 9.32915e-12 -4.92540e-05
 2.99358e-01 7.08918e+03 9.51790e-12 -6.13263e-05
 3.72759e-01 7.30912e+03 9.32615e-12 -7.63632e-05
 4.64159e-01 7.55904e+03 8.83315e-12 -9.50871e-05
 5.77969e-01 7.83785e+03 8.19619e-12 -1.18402e-04
 7.19686e-01 8.19817e+03 7.48422e-12 -1.47434e-04
 8.96151e-01 8.62840e+03 6.98181e-12 -1.83584e-04
 1.11588e+00 8.93388e+03 6.93542e-12 -2.28599e-04
 1.38950e+00 9.23097e+03 7.04764e-12 -2.84653e-04
 1.73020e+00 9.55498e+03 7.26765e-12 -3.54447e-04
 2.15443e+00 9.91362e+03 7.59683e-12 -4.41362e-04
 2.68270e+00 1.03070e+04 8.05065e-12 -5.49574e-04
 3.34048e+00 1.07356e+04 8.64902e-12 -6.14577e-04
 4.15956e+00 1.11979e+04 9.41399e-12 -6.14577e-04
 5.17947e+00 1.19779e+04 1.01296e-11 -6.14577e-04
 6.44947e+00 1.19483e+04 1.18450e-11 -6.14577e-04
 8.03086e+00 1.29607e+04 1.27225e-11 -6.14577e-04
 1.00000e+01 1.32785e+04 1.46921e-11 -6.14577e-04
 1.24520e+01 1.40175e+04 1.64800e-11 -6.14577e-04
 1.55052e+01 1.46721e+04 1.88600e-11 -6.14577e-04
 1.93070e+01 1.53933e+04 2.17080e-11 -6.14577e-04
 2.40410e+01 1.61631e+04 2.51370e-11 -6.14577e-04
 2.99358e+01 1.69792e+04 2.92469e-11 -6.14577e-04
 3.72759e+01 1.78934e+04 3.40782e-11 -6.14577e-04
 4.64159e+01 1.87169e+04 4.00875e-11 -6.14577e-04
 5.77969e+01 1.99101e+04 4.65667e-11 -6.14577e-04
 7.19686e+01 2.07485e+04 5.52378e-11 -6.14577e-04
 8.96151e+01 2.20623e+04 6.43649e-11 -6.14577e-04
 1.11588e+02 2.30202e+04 7.63949e-11 -6.14577e-04
 1.38950e+02 2.44760e+04 8.91244e-11 -6.14577e-04
 1.73020e+02 2.55911e+04 1.05648e-10 -6.14577e-04
 2.15443e+02 2.72525e+04 1.23115e-10 -6.14577e-04
 2.68270e+02 2.85043e+04 1.45827e-10 -6.14577e-04
 3.34048e+02 3.04423e+04 1.68919e-10 -6.14577e-04
 4.15956e+02 3.19067e+04 1.98768e-10 -6.14577e-04
 5.17947e+02 3.40644e+04 2.28309e-10 -6.14577e-04
 6.44947e+02 3.58519e+04 2.66623e-10 -6.14577e-04
 8.03086e+02 3.80625e+04 3.09167e-10 -6.14577e-04
 1.00000e+03 4.05151e+04 3.59350e-10 -6.14577e-04
