#n1=128 n2=4 Teff=07800 R=1.5590e+11 L=6.4055e+34 logg=+4.00
#      tau          T          rho         Fconv
  0.00000e+00  4.20756e+03  1.89462e-21 +0.00000e+00
  1.00000e-09  4.20756e+03  4.13886e-16 +0.00000e+00
  1.24520e-09  4.20854e+03  6.17208e-16 +0.00000e+00
  1.55052e-09  4.21001e+03  9.16153e-16 +0.00000e+00
  1.93070e-09  4.21213e+03  1.34876e-15 +0.00000e+00
  2.40410e-09  4.21500e+03  1.96483e-15 +0.00000e+00
  2.99358e-09  4.21870e+03  2.83155e-15 +0.00000e+00
  3.72759e-09  4.22317e+03  4.03584e-15 +0.00000e+00
  4.64159e-09  4.22859e+03  5.69945e-15 +0.00000e+00
  5.77969e-09  4.23491e+03  7.98672e-15 +0.00000e+00
  7.19686e-09  4.24223e+03  1.11244e-14 +0.00000e+00
  8.96151e-09  4.25069e+03  1.54408e-14 +0.00000e+00
  1.11588e-08  4.26054e+03  2.14213e-14 +0.00000e+00
  1.38950e-08  4.27221e+03  2.97607e-14 +0.00000e+00
  1.73020e-08  4.28602e+03  4.14121e-14 +0.00000e+00
  2.15443e-08  4.30221e+03  5.76763e-14 +0.00000e+00
  2.68270e-08  4.32098e+03  8.03243e-14 +0.00000e+00
  3.34048e-08  4.34243e+03  1.11748e-13 +0.00000e+00
  4.15956e-08  4.36650e+03  1.55158e-13 +0.00000e+00
  5.17947e-08  4.39302e+03  2.14857e-13 +0.00000e+00
  6.44947e-08  4.42178e+03  2.96621e-13 +0.00000e+00
  8.03086e-08  4.45253e+03  4.08220e-13 +0.00000e+00
  1.00000e-07  4.48513e+03  5.60104e-13 +0.00000e+00
  1.24520e-07  4.51954e+03  7.66269e-13 +0.00000e+00
  1.55052e-07  4.55575e+03  1.04535e-12 +0.00000e+00
  1.93070e-07  4.59364e+03  1.42196e-12 +0.00000e+00
  2.40410e-07  4.63288e+03  1.92827e-12 +0.00000e+00
  2.99358e-07  4.67296e+03  2.60584e-12 +0.00000e+00
  3.72759e-07  4.71333e+03  3.50732e-12 +0.00000e+00
  4.64159e-07  4.75347e+03  4.69793e-12 +0.00000e+00
  5.77969e-07  4.79296e+03  6.25649e-12 +0.00000e+00
  7.19686e-07  4.83141e+03  8.27601e-12 +0.00000e+00
  8.96151e-07  4.86847e+03  1.08639e-11 +0.00000e+00
  1.11588e-06  4.90384e+03  1.41418e-11 +0.00000e+00
  1.38950e-06  4.93729e+03  1.82461e-11 +0.00000e+00
  1.73020e-06  4.96895e+03  2.33260e-11 +0.00000e+00
  2.15443e-06  4.99935e+03  2.95415e-11 +0.00000e+00
  2.68270e-06  5.02921e+03  3.70628e-11 +0.00000e+00
  3.34048e-06  5.05921e+03  4.60701e-11 +0.00000e+00
  4.15956e-06  5.08980e+03  5.67547e-11 +0.00000e+00
  5.17947e-06  5.12129e+03  6.93181e-11 +0.00000e+00
  6.44947e-06  5.15387e+03  8.39698e-11 +0.00000e+00
  8.03086e-06  5.18763e+03  1.00925e-10 +0.00000e+00
  1.00000e-05  5.22252e+03  1.20404e-10 +0.00000e+00
  1.24520e-05  5.25840e+03  1.42630e-10 +0.00000e+00
  1.55052e-05  5.29516e+03  1.67824e-10 +0.00000e+00
  1.93070e-05  5.33276e+03  1.96200e-10 +0.00000e+00
  2.40410e-05  5.37124e+03  2.27966e-10 +0.00000e+00
  2.99358e-05  5.41059e+03  2.63318e-10 +0.00000e+00
  3.72759e-05  5.45079e+03  3.02447e-10 +0.00000e+00
  4.64159e-05  5.49171e+03  3.45546e-10 +0.00000e+00
  5.77969e-05  5.53314e+03  3.92824e-10 +0.00000e+00
  7.19686e-05  5.57483e+03  4.44521e-10 +0.00000e+00
  8.96151e-05  5.61650e+03  5.00918e-10 +0.00000e+00
  1.11588e-04  5.65792e+03  5.62356e-10 +0.00000e+00
  1.38950e-04  5.69890e+03  6.29241e-10 +0.00000e+00
  1.73020e-04  5.73932e+03  7.02049e-10 +0.00000e+00
  2.15443e-04  5.77913e+03  7.81336e-10 +0.00000e+00
  2.68270e-04  5.81830e+03  8.67743e-10 +0.00000e+00
  3.34048e-04  5.85689e+03  9.62002e-10 +0.00000e+00
  4.15956e-04  5.89497e+03  1.06496e-09 +0.00000e+00
  5.17947e-04  5.93262e+03  1.17759e-09 +0.00000e+00
  6.44947e-04  5.96993e+03  1.30104e-09 +0.00000e+00
  8.03086e-04  6.00698e+03  1.43662e-09 +0.00000e+00
  1.00000e-03  6.04387e+03  1.58584e-09 +0.00000e+00
  1.24520e-03  6.08067e+03  1.75040e-09 -2.54750e-07
  1.55052e-03  6.11752e+03  1.93219e-09 -3.17214e-07
  1.93070e-03  6.15451e+03  2.13334e-09 -3.94994e-07
  2.40410e-03  6.19174e+03  2.35614e-09 -4.91844e-07
  2.99358e-03  6.22932e+03  2.60306e-09 -6.12445e-07
  3.72759e-03  6.26734e+03  2.87682e-09 -7.62613e-07
  4.64159e-03  6.30589e+03  3.18032e-09 -9.49605e-07
  5.77969e-03  6.34505e+03  3.51660e-09 -1.18244e-06
  7.19686e-03  6.38494e+03  3.88890e-09 -1.47238e-06
  8.96151e-03  6.42568e+03  4.30054e-09 -1.83340e-06
  1.11588e-02  6.46738e+03  4.75495e-09 -2.28295e-06
  1.38950e-02  6.51034e+03  5.25546e-09 -2.84272e-06
  1.73020e-02  6.55481e+03  5.80534e-09 -3.53974e-06
  2.15443e-02  6.60175e+03  6.40665e-09 -4.40768e-06
  2.68270e-02  6.65172e+03  7.06096e-09 -5.48843e-06
  3.34048e-02  6.70635e+03  7.76699e-09 -6.83419e-06
  4.15956e-02  6.76662e+03  8.52171e-09 -8.50991e-06
  5.17947e-02  6.83345e+03  9.32016e-09 -1.05965e-05
  6.44947e-02  6.90850e+03  1.01532e-08 -1.31947e-05
  8.03086e-02  6.99331e+03  1.10084e-08 -1.64300e-05
  1.00000e-01  7.09231e+03  1.18618e-08 -2.04586e-05
  1.24520e-01  7.20984e+03  1.26809e-08 -2.54750e-05
  1.55052e-01  7.34742e+03  1.34336e-08 -3.17213e-05
  1.93070e-01  7.50841e+03  1.40819e-08 -3.94994e-05
  2.40410e-01  7.69522e+03  1.45898e-08 -4.91844e-05
  2.99358e-01  7.91365e+03  1.49143e-08 -6.12402e-05
  3.72759e-01  8.17402e+03  1.49991e-08 -7.61430e-05
  4.64159e-01  8.47056e+03  1.48369e-08 -9.17358e-05
  5.77969e-01  8.80334e+03  1.44221e-08 -1.15294e-05
  7.19686e-01  9.21464e+03  1.36183e-08 +2.59917e-03
  8.96151e-01  9.45626e+03  1.31833e-08 +3.72527e-03
  1.11588e+00  9.64526e+03  1.28660e-08 +6.41774e-03
  1.38950e+00  9.82136e+03  1.25708e-08 +1.14146e-02
  1.73020e+00  9.99422e+03  1.22763e-08 +1.82628e-02
  2.15443e+00  1.01670e+04  1.19780e-08 +2.67112e-02
  2.68270e+00  1.03431e+04  1.16708e-08 +3.69601e-02
  3.34048e+00  1.05251e+04  1.13521e-08 +4.60116e-02
  4.15956e+00  1.07082e+04  1.10430e-08 +5.09868e-02
  5.17947e+00  1.08945e+04  1.07448e-08 +5.47069e-02
  6.44947e+00  1.10883e+04  1.04537e-08 +5.74290e-02
  8.03086e+00  1.12948e+04  1.01659e-08 +5.93058e-02
  1.00000e+01  1.15204e+04  9.87771e-09 +6.05698e-02
  1.24520e+01  1.17700e+04  9.59568e-09 +6.13303e-02
  1.55052e+01  1.20574e+04  9.31430e-09 +6.08449e-02
  1.93070e+01  1.24159e+04  9.01030e-09 +5.80389e-02
  2.40410e+01  1.29199e+04  8.64666e-09 +4.96774e-02
  2.99358e+01  1.38292e+04  8.11352e-09 +2.07031e-02
  3.72759e+01  1.73358e+04  6.72719e-09 -6.06499e-04
  4.64159e+01  1.78307e+04  7.23189e-09 -6.00281e-04
  5.77969e+01  1.94353e+04  7.44747e-09 -6.13379e-04
  7.19686e+01  1.96951e+04  8.40418e-09 -6.11205e-04
  8.96151e+01  2.03792e+04  9.29618e-09 -6.10957e-04
  1.11588e+02  2.10579e+04  1.03561e-08 -6.09527e-04
  1.38950e+02  2.17949e+04  1.15722e-08 -6.06785e-04
  1.73020e+02  2.25820e+04  1.29651e-08 -6.00300e-04
  2.15443e+02  2.34268e+04  1.45597e-08 -5.84523e-04
  2.68270e+02  2.43266e+04  1.63770e-08 -5.43030e-04
  3.34048e+02  2.52969e+04  1.84453e-08 -4.38122e-04
  4.15956e+02  2.63077e+04  2.08075e-08 -1.50946e-04
  5.17947e+02  2.74370e+04  2.34591e-08 +4.52670e-04
  6.44947e+02  2.85720e+04  2.65179e-08 +1.91923e-03
  8.03086e+02  2.98190e+04  2.99475e-08 +4.39244e-03
  1.00000e+03  3.13375e+04  3.36605e-08 +6.94715e-03
