#n1=128 n2=4 Teff=07000 R=7.6607e+12 L=1.0036e+38 logg=+1.00
#   tau          T          rho         Fconv
 0.00000e+00 4.29726e+03 1.81451e-21 +0.00000e+00
 1.00000e-09 4.29726e+03 5.69144e-20 +0.00000e+00
 1.24520e-09 4.30056e+03 7.26355e-20 +0.00000e+00
 1.55052e-09 4.30392e+03 9.33978e-20 +0.00000e+00
 1.93070e-09 4.30735e+03 1.21137e-19 +0.00000e+00
 2.40410e-09 4.31085e+03 1.58599e-19 +0.00000e+00
 2.99358e-09 4.31439e+03 2.09783e-19 +0.00000e+00
 3.72759e-09 4.31796e+03 2.79852e-19 +0.00000e+00
 4.64159e-09 4.32158e+03 3.74219e-19 +0.00000e+00
 5.77969e-09 4.32519e+03 5.00992e-19 +0.00000e+00
 7.19686e-09 4.32876e+03 6.70851e-19 +0.00000e+00
 8.96151e-09 4.33226e+03 8.97952e-19 +0.00000e+00
 1.11588e-08 4.33567e+03 1.20134e-18 +0.00000e+00
 1.38950e-08 4.33899e+03 1.60737e-18 +0.00000e+00
 1.73020e-08 4.34223e+03 2.15347e-18 +0.00000e+00
 2.15443e-08 4.34540e+03 2.89356e-18 +0.00000e+00
 2.68270e-08 4.34851e+03 3.90560e-18 +0.00000e+00
 3.34048e-08 4.35159e+03 5.30294e-18 +0.00000e+00
 4.15956e-08 4.35467e+03 7.24757e-18 +0.00000e+00
 5.17947e-08 4.35777e+03 9.96788e-18 +0.00000e+00
 6.44947e-08 4.36091e+03 1.37839e-17 +0.00000e+00
 8.03086e-08 4.36411e+03 1.91610e-17 +0.00000e+00
 1.00000e-07 4.36738e+03 2.67466e-17 +0.00000e+00
 1.24520e-07 4.37073e+03 3.74525e-17 +0.00000e+00
 1.55052e-07 4.37419e+03 5.25543e-17 +0.00000e+00
 1.93070e-07 4.37779e+03 7.38224e-17 +0.00000e+00
 2.40410e-07 4.38155e+03 1.03710e-16 +0.00000e+00
 2.99358e-07 4.38552e+03 1.45614e-16 +0.00000e+00
 3.72759e-07 4.38975e+03 2.04242e-16 +0.00000e+00
 4.64159e-07 4.39433e+03 2.86135e-16 +0.00000e+00
 5.77969e-07 4.39935e+03 4.00415e-16 +0.00000e+00
 7.19686e-07 4.40495e+03 5.59842e-16 +0.00000e+00
 8.96151e-07 4.41133e+03 7.82296e-16 +0.00000e+00
 1.11588e-06 4.41870e+03 1.09283e-15 +0.00000e+00
 1.38950e-06 4.42732e+03 1.52643e-15 +0.00000e+00
 1.73020e-06 4.43750e+03 2.13198e-15 +0.00000e+00
 2.15443e-06 4.44952e+03 2.97759e-15 +0.00000e+00
 2.68270e-06 4.46370e+03 4.15768e-15 +0.00000e+00
 3.34048e-06 4.48036e+03 5.80195e-15 +0.00000e+00
 4.15956e-06 4.49985e+03 8.08874e-15 +0.00000e+00
 5.17947e-06 4.52260e+03 1.12644e-14 +0.00000e+00
 6.44947e-06 4.54906e+03 1.56666e-14 +0.00000e+00
 8.03086e-06 4.57955e+03 2.17546e-14 +0.00000e+00
 1.00000e-05 4.61424e+03 3.01515e-14 +0.00000e+00
 1.24520e-05 4.65302e+03 4.16982e-14 +0.00000e+00
 1.55052e-05 4.69537e+03 5.75248e-14 +0.00000e+00
 1.93070e-05 4.74046e+03 7.91342e-14 +0.00000e+00
 2.40410e-05 4.78713e+03 1.08519e-13 +0.00000e+00
 2.99358e-05 4.83394e+03 1.48328e-13 +0.00000e+00
 3.72759e-05 4.87955e+03 2.02076e-13 +0.00000e+00
 4.64159e-05 4.92296e+03 2.74420e-13 +0.00000e+00
 5.77969e-05 4.96370e+03 3.71460e-13 +0.00000e+00
 7.19686e-05 5.00186e+03 5.01083e-13 +0.00000e+00
 8.96151e-05 5.03796e+03 6.73297e-13 +0.00000e+00
 1.11588e-04 5.07260e+03 9.00517e-13 +0.00000e+00
 1.38950e-04 5.10622e+03 1.19786e-12 +0.00000e+00
 1.73020e-04 5.13905e+03 1.58341e-12 +0.00000e+00
 2.15443e-04 5.17122e+03 2.07850e-12 +0.00000e+00
 2.68270e-04 5.20287e+03 2.70779e-12 +0.00000e+00
 3.34048e-04 5.23413e+03 3.49936e-12 +0.00000e+00
 4.15956e-04 5.26510e+03 4.48435e-12 +0.00000e+00
 5.17947e-04 5.29585e+03 5.69639e-12 +0.00000e+00
 6.44947e-04 5.32646e+03 7.17080e-12 +0.00000e+00
 8.03086e-04 5.35700e+03 8.94448e-12 +0.00000e+00
 1.00000e-03 5.38751e+03 1.10567e-11 +0.00000e+00
 1.24520e-03 5.41799e+03 1.35508e-11 -2.54662e-07
 1.55052e-03 5.44846e+03 1.64766e-11 -3.17105e-07
 1.93070e-03 5.47892e+03 1.98923e-11 -3.94858e-07
 2.40410e-03 5.50935e+03 2.38656e-11 -4.91677e-07
 2.99358e-03 5.53976e+03 2.84738e-11 -6.12234e-07
 3.72759e-03 5.57015e+03 3.38019e-11 -7.62349e-07
 4.64159e-03 5.60053e+03 3.99425e-11 -9.49282e-07
 5.77969e-03 5.63095e+03 4.69953e-11 -1.18204e-06
 7.19686e-03 5.66145e+03 5.50678e-11 -1.47187e-06
 8.96151e-03 5.69215e+03 6.42740e-11 -1.83277e-06
 1.11588e-02 5.72320e+03 7.47314e-11 -2.28216e-06
 1.38950e-02 5.75487e+03 8.65562e-11 -2.84174e-06
 1.73020e-02 5.78743e+03 9.98585e-11 -3.53853e-06
 2.15443e-02 5.82143e+03 1.14727e-10 -4.40616e-06
 2.68270e-02 5.85735e+03 1.31229e-10 -5.48654e-06
 3.34048e-02 5.89609e+03 1.49378e-10 -6.83182e-06
 4.15956e-02 5.93857e+03 1.69130e-10 -8.50697e-06
 5.17947e-02 5.98651e+03 1.90310e-10 -1.05929e-05
 6.44947e-02 6.03972e+03 2.12732e-10 -1.31902e-05
 8.03086e-02 6.09804e+03 2.36183e-10 -1.64244e-05
 1.00000e-01 6.16486e+03 2.60164e-10 -2.04516e-05
 1.24520e-01 6.24285e+03 2.83984e-10 -2.54662e-05
 1.55052e-01 6.33466e+03 3.06769e-10 -3.17105e-05
 1.93070e-01 6.44310e+03 3.27474e-10 -3.94858e-05
 2.40410e-01 6.57156e+03 3.44908e-10 -4.91678e-05
 2.99358e-01 6.72228e+03 3.57943e-10 -6.12234e-05
 3.72759e-01 6.89716e+03 3.65615e-10 -7.62349e-05
 4.64159e-01 7.10653e+03 3.66390e-10 -9.49282e-05
 5.77969e-01 7.36642e+03 3.58086e-10 -1.18204e-04
 7.19686e-01 7.65907e+03 3.41626e-10 -1.47163e-04
 8.96151e-01 7.99620e+03 3.16058e-10 -1.81223e-04
 1.11588e+00 8.36651e+03 2.83331e-10 -1.38487e-04
 1.38950e+00 8.70498e+03 2.52643e-10 +3.40700e-04
 1.73020e+00 8.96774e+03 2.30587e-10 +7.49188e-04
 2.15443e+00 9.22251e+03 2.11775e-10 +9.66315e-04
 2.68270e+00 9.53088e+03 1.93005e-10 +2.55120e-04
 3.34048e+00 9.76518e+03 1.82330e-10 -3.12760e-04
 4.15956e+00 1.00756e+04 1.71461e-10 -5.74003e-04
 5.17947e+00 1.04421e+04 1.62450e-10 -6.11468e-04
 6.44947e+00 1.09065e+04 1.54644e-10 -6.13502e-04
 8.03086e+00 1.15835e+04 1.46728e-10 -6.13547e-04
 1.00000e+01 1.12337e+04 1.55942e-10 -6.13541e-04
 1.24520e+01 1.20804e+04 1.48676e-10 -6.13547e-04
 1.55052e+01 1.20946e+04 1.54708e-10 -6.13547e-04
 1.93070e+01 1.25773e+04 1.55950e-10 -6.13547e-04
 2.40410e+01 1.31493e+04 1.58390e-10 -6.13547e-04
 2.99358e+01 1.40921e+04 1.59106e-10 -6.13547e-04
 3.72759e+01 1.46038e+04 1.68360e-10 -6.13547e-04
 4.64159e+01 1.55822e+04 1.75250e-10 -6.13547e-04
 5.77969e+01 1.54679e+04 2.00104e-10 -6.13547e-04
 7.19686e+01 1.68205e+04 2.10232e-10 -6.13547e-04
 8.96151e+01 1.69884e+04 2.40856e-10 -6.13547e-04
 1.11588e+02 1.78252e+04 2.66478e-10 -6.13547e-04
 1.38950e+02 1.85745e+04 2.99701e-10 -6.13547e-04
 1.73020e+02 1.93770e+04 3.38768e-10 -6.13547e-04
 2.15443e+02 2.02205e+04 3.84638e-10 -6.13547e-04
 2.68270e+02 2.11084e+04 4.38113e-10 -6.13547e-04
 3.34048e+02 2.20440e+04 5.00133e-10 -6.13547e-04
 4.15956e+02 2.30310e+04 5.71786e-10 -6.13547e-04
 5.17947e+02 2.40807e+04 6.54069e-10 -6.13545e-04
 6.44947e+02 2.53491e+04 7.44892e-10 -6.13543e-04
 8.03086e+02 2.70996e+04 8.41028e-10 -6.13542e-04
 1.00000e+03 2.89144e+04 9.57840e-10 -6.13536e-04
