#n1=128 n2=4 Teff=07800 R=8.5355e+12 L=1.9182e+38 logg=+1.00
#   tau          T          rho         Fconv
 0.00000e+00 4.73800e+03 1.64264e-21 +0.00000e+00
 1.00000e-09 4.73800e+03 4.30121e-20 +0.00000e+00
 1.24520e-09 4.74063e+03 5.33312e-20 +0.00000e+00
 1.55052e-09 4.74320e+03 6.62302e-20 +0.00000e+00
 1.93070e-09 4.74588e+03 8.23538e-20 +0.00000e+00
 2.40410e-09 4.74868e+03 1.02511e-19 +0.00000e+00
 2.99358e-09 4.75157e+03 1.27716e-19 +0.00000e+00
 3.72759e-09 4.75454e+03 1.59236e-19 +0.00000e+00
 4.64159e-09 4.75760e+03 1.98659e-19 +0.00000e+00
 5.77969e-09 4.76073e+03 2.47975e-19 +0.00000e+00
 7.19686e-09 4.76394e+03 3.09675e-19 +0.00000e+00
 8.96151e-09 4.76724e+03 3.86884e-19 +0.00000e+00
 1.11588e-08 4.77061e+03 4.83524e-19 +0.00000e+00
 1.38950e-08 4.77406e+03 6.04537e-19 +0.00000e+00
 1.73020e-08 4.77761e+03 7.56176e-19 +0.00000e+00
 2.15443e-08 4.78126e+03 9.46398e-19 +0.00000e+00
 2.68270e-08 4.78501e+03 1.18540e-18 +0.00000e+00
 3.34048e-08 4.78888e+03 1.48630e-18 +0.00000e+00
 4.15956e-08 4.79287e+03 1.86619e-18 +0.00000e+00
 5.17947e-08 4.79698e+03 2.34671e-18 +0.00000e+00
 6.44947e-08 4.80123e+03 2.95255e-18 +0.00000e+00
 8.03086e-08 4.80560e+03 3.71557e-18 +0.00000e+00
 1.00000e-07 4.81009e+03 4.67677e-18 +0.00000e+00
 1.24520e-07 4.81470e+03 5.88798e-18 +0.00000e+00
 1.55052e-07 4.81942e+03 7.41541e-18 +0.00000e+00
 1.93070e-07 4.82424e+03 9.34447e-18 +0.00000e+00
 2.40410e-07 4.82916e+03 1.17868e-17 +0.00000e+00
 2.99358e-07 4.83419e+03 1.48883e-17 +0.00000e+00
 3.72759e-07 4.83932e+03 1.88406e-17 +0.00000e+00
 4.64159e-07 4.84457e+03 2.38894e-17 +0.00000e+00
 5.77969e-07 4.84998e+03 3.03521e-17 +0.00000e+00
 7.19686e-07 4.85556e+03 3.86245e-17 +0.00000e+00
 8.96151e-07 4.86136e+03 4.92565e-17 +0.00000e+00
 1.11588e-06 4.86742e+03 6.30326e-17 +0.00000e+00
 1.38950e-06 4.87382e+03 8.09213e-17 +0.00000e+00
 1.73020e-06 4.88063e+03 1.04225e-16 +0.00000e+00
 2.15443e-06 4.88795e+03 1.34675e-16 +0.00000e+00
 2.68270e-06 4.89590e+03 1.74545e-16 +0.00000e+00
 3.34048e-06 4.90460e+03 2.26836e-16 +0.00000e+00
 4.15956e-06 4.91423e+03 2.95525e-16 +0.00000e+00
 5.17947e-06 4.92495e+03 3.85905e-16 +0.00000e+00
 6.44947e-06 4.93699e+03 5.05041e-16 +0.00000e+00
 8.03086e-06 4.95061e+03 6.62520e-16 +0.00000e+00
 1.00000e-05 4.96613e+03 8.71327e-16 +0.00000e+00
 1.24520e-05 4.98389e+03 1.14895e-15 +0.00000e+00
 1.55052e-05 5.00427e+03 1.51902e-15 +0.00000e+00
 1.93070e-05 5.02768e+03 2.01349e-15 +0.00000e+00
 2.40410e-05 5.05450e+03 2.67513e-15 +0.00000e+00
 2.99358e-05 5.08510e+03 3.56197e-15 +0.00000e+00
 3.72759e-05 5.11983e+03 4.75229e-15 +0.00000e+00
 4.64159e-05 5.15890e+03 6.34835e-15 +0.00000e+00
 5.77969e-05 5.20239e+03 8.48639e-15 +0.00000e+00
 7.19686e-05 5.25014e+03 1.13488e-14 +0.00000e+00
 8.96151e-05 5.30157e+03 1.51742e-14 +0.00000e+00
 1.11588e-04 5.35578e+03 2.02704e-14 +0.00000e+00
 1.38950e-04 5.41150e+03 2.70376e-14 +0.00000e+00
 1.73020e-04 5.46722e+03 3.60008e-14 +0.00000e+00
 2.15443e-04 5.52154e+03 4.78550e-14 +0.00000e+00
 2.68270e-04 5.57352e+03 6.35198e-14 +0.00000e+00
 3.34048e-04 5.62274e+03 8.42324e-14 +0.00000e+00
 4.15956e-04 5.66925e+03 1.11676e-13 +0.00000e+00
 5.17947e-04 5.71353e+03 1.48144e-13 +0.00000e+00
 6.44947e-04 5.75622e+03 1.96753e-13 +0.00000e+00
 8.03086e-04 5.79789e+03 2.61704e-13 +0.00000e+00
 1.00000e-03 5.83889e+03 3.48670e-13 +0.00000e+00
 1.24520e-03 5.87934e+03 4.65285e-13 -2.55000e-07
 1.55052e-03 5.91941e+03 6.21789e-13 -3.17525e-07
 1.93070e-03 5.95921e+03 8.31821e-13 -3.95381e-07
 2.40410e-03 5.99876e+03 1.11327e-12 -4.92325e-07
 2.99358e-03 6.03807e+03 1.48919e-12 -6.13044e-07
 3.72759e-03 6.07718e+03 1.98855e-12 -7.63359e-07
 4.64159e-03 6.11619e+03 2.64650e-12 -9.50535e-07
 5.77969e-03 6.15522e+03 3.50429e-12 -1.18360e-06
 7.19686e-03 6.19446e+03 4.60855e-12 -1.47382e-06
 8.96151e-03 6.23416e+03 6.00986e-12 -1.83519e-06
 1.11588e-02 6.27456e+03 7.76028e-12 -2.28518e-06
 1.38950e-02 6.31607e+03 9.90950e-12 -2.84550e-06
 1.73020e-02 6.35911e+03 1.25003e-11 -3.54321e-06
 2.15443e-02 6.40448e+03 1.55614e-11 -4.41199e-06
 2.68270e-02 6.45296e+03 1.91021e-11 -5.49380e-06
 3.34048e-02 6.50579e+03 2.31027e-11 -6.84087e-06
 4.15956e-02 6.56411e+03 2.75106e-11 -8.51823e-06
 5.17947e-02 6.62909e+03 3.22364e-11 -1.06069e-05
 6.44947e-02 6.70240e+03 3.71453e-11 -1.32076e-05
 8.03086e-02 6.78593e+03 4.20576e-11 -1.64461e-05
 1.00000e-01 6.88296e+03 4.67278e-11 -2.04786e-05
 1.24520e-01 6.99682e+03 5.08569e-11 -2.55000e-05
 1.55052e-01 7.12986e+03 5.41363e-11 -3.17525e-05
 1.93070e-01 7.28532e+03 5.62502e-11 -3.95383e-05
 2.40410e-01 7.46660e+03 5.69199e-11 -4.92325e-05
 2.99358e-01 7.67867e+03 5.59225e-11 -6.13044e-05
 3.72759e-01 7.92724e+03 5.31925e-11 -7.63359e-05
 4.64159e-01 8.21216e+03 4.91343e-11 -9.50535e-05
 5.77969e-01 8.53408e+03 4.45842e-11 -1.18360e-04
 7.19686e-01 8.89251e+03 4.05854e-11 -1.47382e-04
 8.96151e-01 9.19823e+03 3.85445e-11 -1.83519e-04
 1.11588e+00 9.47109e+03 3.77114e-11 -2.28518e-04
 1.38950e+00 9.74591e+03 3.75568e-11 -2.84550e-04
 1.73020e+00 1.00354e+04 3.79437e-11 -3.54321e-04
 2.15443e+00 1.03454e+04 3.88529e-11 -4.41199e-04
 2.68270e+00 1.06812e+04 4.03099e-11 -5.49380e-04
 3.34048e+00 1.10469e+04 4.23751e-11 -6.14361e-04
 4.15956e+00 1.14402e+04 4.51509e-11 -6.14361e-04
 5.17947e+00 1.18648e+04 4.87231e-11 -6.14361e-04
 6.44947e+00 1.23339e+04 5.31339e-11 -6.14361e-04
 8.03086e+00 1.29409e+04 5.81925e-11 -6.14361e-04
 1.00000e+01 1.31374e+04 6.63194e-11 -6.14361e-04
 1.24520e+01 1.41147e+04 7.16717e-11 -6.14361e-04
 1.55052e+01 1.43026e+04 8.30527e-11 -6.14361e-04
 1.93070e+01 1.49669e+04 9.27720e-11 -6.14361e-04
 2.40410e+01 1.55661e+04 1.05078e-10 -6.14361e-04
 2.99358e+01 1.62007e+04 1.19510e-10 -6.14361e-04
 3.72759e+01 1.68676e+04 1.36412e-10 -6.14361e-04
 4.64159e+01 1.75682e+04 1.56109e-10 -6.14361e-04
 5.77969e+01 1.83041e+04 1.78968e-10 -6.14361e-04
 7.19686e+01 1.90773e+04 2.05404e-10 -6.14361e-04
 8.96151e+01 1.98897e+04 2.35899e-10 -6.14361e-04
 1.11588e+02 2.07505e+04 2.70953e-10 -6.14361e-04
 1.38950e+02 2.16267e+04 3.11555e-10 -6.14361e-04
 1.73020e+02 2.26364e+04 3.57014e-10 -6.14361e-04
 2.15443e+02 2.36948e+04 4.09300e-10 -6.14361e-04
 2.68270e+02 2.54367e+04 4.61679e-10 -6.14361e-04
 3.34048e+02 2.62010e+04 5.40881e-10 -6.14361e-04
 4.15956e+02 2.74650e+04 6.20581e-10 -6.14361e-04
 5.17947e+02 2.87370e+04 7.13083e-10 -6.14361e-04
 6.44947e+02 3.00788e+04 8.18391e-10 -6.14357e-04
 8.03086e+02 3.14931e+04 9.37715e-10 -6.14347e-04
 1.00000e+03 3.32148e+04 1.06560e-09 -6.14233e-04
