#n1=128 n2=4 Teff=07600 R=1.5151e+11 L=5.4578e+34 logg=+4.00
#   tau          T          rho         Fconv
 0.00000e+00 4.87976e+03 1.59401e-21 +0.00000e+00
 1.00000e-09 4.87976e+03 6.62099e-17 +0.00000e+00
 1.24520e-09 4.88108e+03 8.63650e-17 +0.00000e+00
 1.55052e-09 4.88229e+03 1.13729e-16 +0.00000e+00
 1.93070e-09 4.88339e+03 1.51306e-16 +0.00000e+00
 2.40410e-09 4.88441e+03 2.03374e-16 +0.00000e+00
 2.99358e-09 4.88534e+03 2.75164e-16 +0.00000e+00
 3.72759e-09 4.88618e+03 3.72594e-16 +0.00000e+00
 4.64159e-09 4.88692e+03 5.04681e-16 +0.00000e+00
 5.77969e-09 4.88755e+03 6.83524e-16 +0.00000e+00
 7.19686e-09 4.88807e+03 9.26047e-16 +0.00000e+00
 8.96151e-09 4.88846e+03 1.25694e-15 +0.00000e+00
 1.11588e-08 4.88873e+03 1.71364e-15 +0.00000e+00
 1.38950e-08 4.88890e+03 2.35465e-15 +0.00000e+00
 1.73020e-08 4.88898e+03 3.27283e-15 +0.00000e+00
 2.15443e-08 4.88899e+03 4.61780e-15 +0.00000e+00
 2.68270e-08 4.88898e+03 6.62988e-15 +0.00000e+00
 3.34048e-08 4.88893e+03 9.66170e-15 +0.00000e+00
 4.15956e-08 4.88876e+03 1.41505e-14 +0.00000e+00
 5.17947e-08 4.88858e+03 2.07348e-14 +0.00000e+00
 6.44947e-08 4.88855e+03 3.03591e-14 +0.00000e+00
 8.03086e-08 4.88881e+03 4.43998e-14 +0.00000e+00
 1.00000e-07 4.88956e+03 6.48285e-14 +0.00000e+00
 1.24520e-07 4.89100e+03 9.44312e-14 +0.00000e+00
 1.55052e-07 4.89332e+03 1.37121e-13 +0.00000e+00
 1.93070e-07 4.89673e+03 1.98407e-13 +0.00000e+00
 2.40410e-07 4.90136e+03 2.86071e-13 +0.00000e+00
 2.99358e-07 4.90731e+03 4.11115e-13 +0.00000e+00
 3.72759e-07 4.91458e+03 5.89100e-13 +0.00000e+00
 4.64159e-07 4.92313e+03 8.42231e-13 +0.00000e+00
 5.77969e-07 4.93286e+03 1.20196e-12 +0.00000e+00
 7.19686e-07 4.94376e+03 1.71222e-12 +0.00000e+00
 8.96151e-07 4.95595e+03 2.43270e-12 +0.00000e+00
 1.11588e-06 4.96979e+03 3.44155e-12 +0.00000e+00
 1.38950e-06 4.98575e+03 4.83778e-12 +0.00000e+00
 1.73020e-06 5.00428e+03 6.74247e-12 +0.00000e+00
 2.15443e-06 5.02557e+03 9.29820e-12 +0.00000e+00
 2.68270e-06 5.04960e+03 1.26682e-11 +0.00000e+00
 3.34048e-06 5.07618e+03 1.70364e-11 +0.00000e+00
 4.15956e-06 5.10491e+03 2.26079e-11 +0.00000e+00
 5.17947e-06 5.13530e+03 2.96101e-11 +0.00000e+00
 6.44947e-06 5.16678e+03 3.82955e-11 +0.00000e+00
 8.03086e-06 5.19875e+03 4.89456e-11 +0.00000e+00
 1.00000e-05 5.23068e+03 6.18759e-11 +0.00000e+00
 1.24520e-05 5.26213e+03 7.74415e-11 +0.00000e+00
 1.55052e-05 5.29277e+03 9.60411e-11 +0.00000e+00
 1.93070e-05 5.32239e+03 1.18121e-10 +0.00000e+00
 2.40410e-05 5.35093e+03 1.44175e-10 +0.00000e+00
 2.99358e-05 5.37840e+03 1.74753e-10 +0.00000e+00
 3.72759e-05 5.40490e+03 2.10457e-10 +0.00000e+00
 4.64159e-05 5.43056e+03 2.51949e-10 +0.00000e+00
 5.77969e-05 5.45558e+03 2.99947e-10 +0.00000e+00
 7.19686e-05 5.48015e+03 3.55225e-10 +0.00000e+00
 8.96151e-05 5.50445e+03 4.18615e-10 +0.00000e+00
 1.11588e-04 5.52863e+03 4.91004e-10 +0.00000e+00
 1.38950e-04 5.55283e+03 5.73334e-10 +0.00000e+00
 1.73020e-04 5.57713e+03 6.66608e-10 +0.00000e+00
 2.15443e-04 5.60157e+03 7.71898e-10 +0.00000e+00
 2.68270e-04 5.62618e+03 8.90365e-10 +0.00000e+00
 3.34048e-04 5.65096e+03 1.02328e-09 +0.00000e+00
 4.15956e-04 5.67588e+03 1.17205e-09 +0.00000e+00
 5.17947e-04 5.70095e+03 1.33826e-09 +0.00000e+00
 6.44947e-04 5.72614e+03 1.52372e-09 +0.00000e+00
 8.03086e-04 5.75143e+03 1.73053e-09 +0.00000e+00
 1.00000e-03 5.77681e+03 1.96115e-09 +0.00000e+00
 1.24520e-03 5.80228e+03 2.21838e-09 -2.54516e-07
 1.55052e-03 5.82788e+03 2.50548e-09 -3.16923e-07
 1.93070e-03 5.85363e+03 2.82619e-09 -3.94631e-07
 2.40410e-03 5.87957e+03 3.18478e-09 -4.91393e-07
 2.99358e-03 5.90578e+03 3.58608e-09 -6.11880e-07
 3.72759e-03 5.93233e+03 4.03561e-09 -7.61916e-07
 4.64159e-03 5.95932e+03 4.53942e-09 -9.48732e-07
 5.77969e-03 5.98686e+03 5.10405e-09 -1.18136e-06
 7.19686e-03 6.01508e+03 5.73659e-09 -1.47103e-06
 8.96151e-03 6.04413e+03 6.44466e-09 -1.83171e-06
 1.11588e-02 6.07420e+03 7.23622e-09 -2.28085e-06
 1.38950e-02 6.10556e+03 8.11907e-09 -2.84010e-06
 1.73020e-02 6.13851e+03 9.10110e-09 -3.53649e-06
 2.15443e-02 6.17368e+03 1.01890e-08 -4.40363e-06
 2.68270e-02 6.21161e+03 1.13879e-08 -5.48340e-06
 3.34048e-02 6.25327e+03 1.27000e-08 -6.82789e-06
 4.15956e-02 6.29942e+03 1.41248e-08 -8.50208e-06
 5.17947e-02 6.35077e+03 1.56583e-08 -1.05867e-05
 6.44947e-02 6.40846e+03 1.72908e-08 -1.31826e-05
 8.03086e-02 6.47366e+03 1.90068e-08 -1.64149e-05
 1.00000e-01 6.54915e+03 2.07767e-08 -2.04398e-05
 1.24520e-01 6.63761e+03 2.25586e-08 -2.54516e-05
 1.55052e-01 6.74100e+03 2.43041e-08 -3.16923e-05
 1.93070e-01 6.86216e+03 2.59537e-08 -3.94631e-05
 2.40410e-01 7.00428e+03 2.74410e-08 -4.91393e-05
 2.99358e-01 7.17241e+03 2.86883e-08 -6.11880e-05
 3.72759e-01 7.37457e+03 2.96000e-08 -7.61895e-05
 4.64159e-01 7.61262e+03 3.01185e-08 -9.48098e-05
 5.77969e-01 7.89233e+03 3.01889e-08 -1.15905e-04
 7.19686e-01 8.24217e+03 2.96481e-08 -3.85572e-05
 8.96151e-01 8.65234e+03 2.85076e-08 +2.51899e-03
 1.11588e+00 8.91194e+03 2.78651e-08 +5.53488e-03
 1.38950e+00 9.12236e+03 2.73695e-08 +1.12813e-02
 1.73020e+00 9.31177e+03 2.69232e-08 +1.95623e-02
 2.15443e+00 9.48860e+03 2.65029e-08 +2.98236e-02
 2.68270e+00 9.65812e+03 2.60934e-08 +4.21921e-02
 3.34048e+00 9.82343e+03 2.56862e-08 +5.28958e-02
 4.15956e+00 9.97928e+03 2.53177e-08 +5.83984e-02
 5.17947e+00 1.01273e+04 2.49902e-08 +6.25807e-02
 6.44947e+00 1.02697e+04 2.47015e-08 +6.57942e-02
 8.03086e+00 1.04085e+04 2.44473e-08 +6.82345e-02
 1.00000e+01 1.05464e+04 2.42215e-08 +7.00923e-02
 1.24520e+01 1.06853e+04 2.40175e-08 +7.15347e-02
 1.55052e+01 1.08268e+04 2.38329e-08 +7.27096e-02
 1.93070e+01 1.09720e+04 2.36665e-08 +7.36652e-02
 2.40410e+01 1.11220e+04 2.35186e-08 +7.44363e-02
 2.99358e+01 1.12787e+04 2.33859e-08 +7.50579e-02
 3.72759e+01 1.14437e+04 2.32669e-08 +7.55700e-02
 4.64159e+01 1.16186e+04 2.31618e-08 +7.59907e-02
 5.77969e+01 1.18055e+04 2.30713e-08 +7.63311e-02
 7.19686e+01 1.20073e+04 2.29955e-08 +7.65980e-02
 8.96151e+01 1.22277e+04 2.29349e-08 +7.67999e-02
 1.11588e+02 1.24712e+04 2.28943e-08 +7.69479e-02
 1.38950e+02 1.27433e+04 2.28832e-08 +7.70420e-02
 1.73020e+02 1.30521e+04 2.29059e-08 +7.70674e-02
 2.15443e+02 1.34125e+04 2.29826e-08 +7.69733e-02
 2.68270e+02 1.38603e+04 2.30769e-08 +7.65663e-02
 3.34048e+02 1.44809e+04 2.31030e-08 +7.55468e-02
 4.15956e+02 1.54987e+04 2.28789e-08 +7.23010e-02
 5.17947e+02 1.74061e+04 2.21928e-08 +6.55300e-02
 6.44947e+02 2.01280e+04 2.17287e-08 +5.36871e-02
 8.03086e+02 3.10960e+04 1.98836e-08 -6.13196e-04
 1.00000e+03 3.22041e+04 2.60759e-08 -5.97853e-04
