#n1=128 n2=4 Teff=07600 R=1.0107e+12 L=2.4242e+36 logg=+2.50
#      tau          T          rho         Fconv
  0.00000e+00  4.36066e+03  1.82809e-21 +0.00000e+00
  1.00000e-09  4.36066e+03  2.22064e-18 +0.00000e+00
  1.24520e-09  4.36235e+03  2.86265e-18 +0.00000e+00
  1.55052e-09  4.36404e+03  3.71955e-18 +0.00000e+00
  1.93070e-09  4.36576e+03  4.88194e-18 +0.00000e+00
  2.40410e-09  4.36754e+03  6.48742e-18 +0.00000e+00
  2.99358e-09  4.36939e+03  8.75306e-18 +0.00000e+00
  3.72759e-09  4.37135e+03  1.20042e-17 +0.00000e+00
  4.64159e-09  4.37345e+03  1.64627e-17 +0.00000e+00
  5.77969e-09  4.37573e+03  2.25891e-17 +0.00000e+00
  7.19686e-09  4.37820e+03  3.09624e-17 +0.00000e+00
  8.96151e-09  4.38092e+03  4.23763e-17 +0.00000e+00
  1.11588e-08  4.38394e+03  5.79352e-17 +0.00000e+00
  1.38950e-08  4.38737e+03  7.92295e-17 +0.00000e+00
  1.73020e-08  4.39134e+03  1.08622e-16 +0.00000e+00
  2.15443e-08  4.39605e+03  1.49689e-16 +0.00000e+00
  2.68270e-08  4.40176e+03  2.07893e-16 +0.00000e+00
  3.34048e-08  4.40883e+03  2.91586e-16 +0.00000e+00
  4.15956e-08  4.41770e+03  4.13406e-16 +0.00000e+00
  5.17947e-08  4.42889e+03  5.90573e-16 +0.00000e+00
  6.44947e-08  4.44290e+03  8.44978e-16 +0.00000e+00
  8.03086e-08  4.46012e+03  1.20777e-15 +0.00000e+00
  1.00000e-07  4.48089e+03  1.72224e-15 +0.00000e+00
  1.24520e-07  4.50567e+03  2.44746e-15 +0.00000e+00
  1.55052e-07  4.53484e+03  3.46336e-15 +0.00000e+00
  1.93070e-07  4.56854e+03  4.87779e-15 +0.00000e+00
  2.40410e-07  4.60658e+03  6.83602e-15 +0.00000e+00
  2.99358e-07  4.64843e+03  9.53352e-15 +0.00000e+00
  3.72759e-07  4.69310e+03  1.32343e-14 +0.00000e+00
  4.64159e-07  4.73927e+03  1.82969e-14 +0.00000e+00
  5.77969e-07  4.78541e+03  2.52122e-14 +0.00000e+00
  7.19686e-07  4.82998e+03  3.46592e-14 +0.00000e+00
  8.96151e-07  4.87177e+03  4.75877e-14 +0.00000e+00
  1.11588e-06  4.91020e+03  6.53349e-14 +0.00000e+00
  1.38950e-06  4.94547e+03  8.97795e-14 +0.00000e+00
  1.73020e-06  4.97857e+03  1.23531e-13 +0.00000e+00
  2.15443e-06  5.01082e+03  1.70153e-13 +0.00000e+00
  2.68270e-06  5.04338e+03  2.34453e-13 +0.00000e+00
  3.34048e-06  5.07693e+03  3.22867e-13 +0.00000e+00
  4.15956e-06  5.11174e+03  4.43949e-13 +0.00000e+00
  5.17947e-06  5.14775e+03  6.08961e-13 +0.00000e+00
  6.44947e-06  5.18467e+03  8.32549e-13 +0.00000e+00
  8.03086e-06  5.22211e+03  1.13346e-12 +0.00000e+00
  1.00000e-05  5.25970e+03  1.53520e-12 +0.00000e+00
  1.24520e-05  5.29719e+03  2.06660e-12 +0.00000e+00
  1.55052e-05  5.33446e+03  2.76192e-12 +0.00000e+00
  1.93070e-05  5.37142e+03  3.66076e-12 +0.00000e+00
  2.40410e-05  5.40802e+03  4.80747e-12 +0.00000e+00
  2.99358e-05  5.44420e+03  6.25020e-12 +0.00000e+00
  3.72759e-05  5.47991e+03  8.03970e-12 +0.00000e+00
  4.64159e-05  5.51516e+03  1.02280e-11 +0.00000e+00
  5.77969e-05  5.54995e+03  1.28675e-11 +0.00000e+00
  7.19686e-05  5.58430e+03  1.60106e-11 +0.00000e+00
  8.96151e-05  5.61825e+03  1.97102e-11 +0.00000e+00
  1.11588e-04  5.65185e+03  2.40200e-11 +0.00000e+00
  1.38950e-04  5.68512e+03  2.89957e-11 +0.00000e+00
  1.73020e-04  5.71807e+03  3.46954e-11 +0.00000e+00
  2.15443e-04  5.75073e+03  4.11816e-11 +0.00000e+00
  2.68270e-04  5.78315e+03  4.85228e-11 +0.00000e+00
  3.34048e-04  5.81539e+03  5.67955e-11 +0.00000e+00
  4.15956e-04  5.84752e+03  6.60873e-11 +0.00000e+00
  5.17947e-04  5.87963e+03  7.65005e-11 +0.00000e+00
  6.44947e-04  5.91180e+03  8.81543e-11 +0.00000e+00
  8.03086e-04  5.94411e+03  1.01189e-10 +0.00000e+00
  1.00000e-03  5.97666e+03  1.15764e-10 +0.00000e+00
  1.24520e-03  6.00949e+03  1.32062e-10 -2.54992e-07
  1.55052e-03  6.04278e+03  1.50281e-10 -3.17515e-07
  1.93070e-03  6.07659e+03  1.70634e-10 -3.95369e-07
  2.40410e-03  6.11101e+03  1.93349e-10 -4.92312e-07
  2.99358e-03  6.14613e+03  2.18668e-10 -6.13024e-07
  3.72759e-03  6.18204e+03  2.46844e-10 -7.63340e-07
  4.64159e-03  6.21876e+03  2.78148e-10 -9.50505e-07
  5.77969e-03  6.25634e+03  3.12866e-10 -1.18356e-06
  7.19686e-03  6.29484e+03  3.51299e-10 -1.47378e-06
  8.96151e-03  6.33428e+03  3.93760e-10 -1.83514e-06
  1.11588e-02  6.37463e+03  4.40574e-10 -2.28511e-06
  1.38950e-02  6.41608e+03  4.92054e-10 -2.84541e-06
  1.73020e-02  6.45866e+03  5.48516e-10 -3.54310e-06
  2.15443e-02  6.50333e+03  6.10129e-10 -4.41186e-06
  2.68270e-02  6.55042e+03  6.77027e-10 -5.49365e-06
  3.34048e-02  6.60168e+03  7.48974e-10 -6.84065e-06
  4.15956e-02  6.65776e+03  8.25602e-10 -8.51797e-06
  5.17947e-02  6.71883e+03  9.06455e-10 -1.06065e-05
  6.44947e-02  6.78613e+03  9.90659e-10 -1.32072e-05
  8.03086e-02  6.86007e+03  1.07726e-09 -1.64456e-05
  1.00000e-01  6.94632e+03  1.16354e-09 -2.04780e-05
  1.24520e-01  7.04982e+03  1.24558e-09 -2.54992e-05
  1.55052e-01  7.17160e+03  1.31960e-09 -3.17515e-05
  1.93070e-01  7.31487e+03  1.38102e-09 -3.95369e-05
  2.40410e-01  7.48125e+03  1.42566e-09 -4.92312e-05
  2.99358e-01  7.67627e+03  1.44842e-09 -6.13024e-05
  3.72759e-01  7.91675e+03  1.43989e-09 -7.63329e-05
  4.64159e-01  8.18449e+03  1.40308e-09 -9.50272e-05
  5.77969e-01  8.46500e+03  1.34437e-09 -1.17596e-04
  7.19686e-01  8.86333e+03  1.22605e-09 -7.19803e-05
  8.96151e-01  9.38748e+03  1.05075e-09 +1.62723e-03
  1.11588e+00  9.64094e+03  9.76872e-10 +5.47596e-04
  1.38950e+00  9.85060e+03  9.23369e-10 +4.16105e-04
  1.73020e+00  1.00731e+04  8.73154e-10 +2.99820e-04
  2.15443e+00  1.03223e+04  8.25270e-10 -2.13112e-05
  2.68270e+00  1.06055e+04  7.81579e-10 -3.97638e-04
  3.34048e+00  1.09316e+04  7.43864e-10 -5.87702e-04
  4.15956e+00  1.13071e+04  7.13673e-10 -6.12002e-04
  5.17947e+00  1.17372e+04  6.91542e-10 -6.14216e-04
  6.44947e+00  1.26355e+04  6.52653e-10 -6.14343e-04
  8.03086e+00  1.24897e+04  6.90671e-10 -6.14337e-04
  1.00000e+01  1.33810e+04  6.76273e-10 -6.14343e-04
  1.24520e+01  1.34725e+04  7.17241e-10 -6.14343e-04
  1.55052e+01  1.45144e+04  7.20483e-10 -6.14343e-04
  1.93070e+01  1.45904e+04  7.87774e-10 -6.14343e-04
  2.40410e+01  1.52610e+04  8.31422e-10 -6.14343e-04
  2.99358e+01  1.58366e+04  8.96331e-10 -6.14337e-04
  3.72759e+01  1.64449e+04  9.75758e-10 -6.14337e-04
  4.64159e+01  1.70806e+04  1.07249e-09 -6.14337e-04
  5.77969e+01  1.77468e+04  1.18884e-09 -6.14337e-04
  7.19686e+01  1.84465e+04  1.32700e-09 -6.14337e-04
  8.96151e+01  1.91846e+04  1.48909e-09 -6.14337e-04
  1.11588e+02  1.99629e+04  1.67758e-09 -6.14337e-04
  1.38950e+02  2.08282e+04  1.89263e-09 -6.14337e-04
  1.73020e+02  2.16410e+04  2.14673e-09 -6.14337e-04
  2.15443e+02  2.41667e+04  2.31580e-09 -6.14343e-04
  2.68270e+02  2.52194e+04  2.70284e-09 -6.14343e-04
  3.34048e+02  2.53022e+04  3.21158e-09 -6.14290e-04
  4.15956e+02  2.73245e+04  3.54578e-09 -6.14327e-04
  5.17947e+02  2.71831e+04  4.21410e-09 -6.12998e-04
  6.44947e+02  3.00056e+04  4.57651e-09 -6.14136e-04
  8.03086e+02  3.04443e+04  5.36976e-09 -6.09312e-04
  1.00000e+03  3.20934e+04  6.02101e-09 -6.01221e-04
