#n1=128 n2=4 Teff=07200 R=3.2164e+13 L=1.9797e+39 logg=+0.00
#   tau          T          rho         Fconv
 0.00000e+00 4.60930e+03 1.70303e-21 +0.00000e+00
 1.00000e-09 4.60930e+03 4.66699e-21 +0.00000e+00
 1.24520e-09 4.61169e+03 5.43755e-21 +0.00000e+00
 1.55052e-09 4.61459e+03 6.41509e-21 +0.00000e+00
 1.93070e-09 4.61783e+03 7.65854e-21 +0.00000e+00
 2.40410e-09 4.62139e+03 9.24456e-21 +0.00000e+00
 2.99358e-09 4.62526e+03 1.12733e-20 +0.00000e+00
 3.72759e-09 4.62941e+03 1.38764e-20 +0.00000e+00
 4.64159e-09 4.63382e+03 1.72273e-20 +0.00000e+00
 5.77969e-09 4.63846e+03 2.15542e-20 +0.00000e+00
 7.19686e-09 4.64332e+03 2.71563e-20 +0.00000e+00
 8.96151e-09 4.64836e+03 3.44232e-20 +0.00000e+00
 1.11588e-08 4.65341e+03 4.38627e-20 +0.00000e+00
 1.38950e-08 4.65875e+03 5.61690e-20 +0.00000e+00
 1.73020e-08 4.66420e+03 7.21886e-20 +0.00000e+00
 2.15443e-08 4.66976e+03 9.30113e-20 +0.00000e+00
 2.68270e-08 4.67540e+03 1.20021e-19 +0.00000e+00
 3.34048e-08 4.68110e+03 1.55022e-19 +0.00000e+00
 4.15956e-08 4.68614e+03 2.00265e-19 +0.00000e+00
 5.17947e-08 4.69195e+03 2.59091e-19 +0.00000e+00
 6.44947e-08 4.69780e+03 3.35757e-19 +0.00000e+00
 8.03086e-08 4.70370e+03 4.36265e-19 +0.00000e+00
 1.00000e-07 4.70965e+03 5.68657e-19 +0.00000e+00
 1.24520e-07 4.71566e+03 7.43984e-19 +0.00000e+00
 1.55052e-07 4.72172e+03 9.77418e-19 +0.00000e+00
 1.93070e-07 4.72784e+03 1.29043e-18 +0.00000e+00
 2.40410e-07 4.73403e+03 1.71424e-18 +0.00000e+00
 2.99358e-07 4.74028e+03 2.29303e-18 +0.00000e+00
 3.72759e-07 4.74660e+03 3.08621e-18 +0.00000e+00
 4.64159e-07 4.75303e+03 4.17625e-18 +0.00000e+00
 5.77969e-07 4.75955e+03 5.67663e-18 +0.00000e+00
 7.19686e-07 4.76616e+03 7.74304e-18 +0.00000e+00
 8.96151e-07 4.77284e+03 1.05890e-17 +0.00000e+00
 1.11588e-06 4.77958e+03 1.45092e-17 +0.00000e+00
 1.38950e-06 4.78638e+03 1.98995e-17 +0.00000e+00
 1.73020e-06 4.78424e+03 2.74287e-17 +0.00000e+00
 2.15443e-06 4.79113e+03 3.77375e-17 +0.00000e+00
 2.68270e-06 4.79805e+03 5.19783e-17 +0.00000e+00
 3.34048e-06 4.80497e+03 7.16923e-17 +0.00000e+00
 4.15956e-06 4.81193e+03 9.90529e-17 +0.00000e+00
 5.17947e-06 4.81894e+03 1.37135e-16 +0.00000e+00
 6.44947e-06 4.82602e+03 1.90279e-16 +0.00000e+00
 8.03086e-06 4.83320e+03 2.64613e-16 +0.00000e+00
 1.00000e-05 4.84053e+03 3.68767e-16 +0.00000e+00
 1.24520e-05 4.84803e+03 5.14812e-16 +0.00000e+00
 1.55052e-05 4.85576e+03 7.19656e-16 +0.00000e+00
 1.93070e-05 4.86376e+03 1.00709e-15 +0.00000e+00
 2.40410e-05 4.87211e+03 1.41052e-15 +0.00000e+00
 2.99358e-05 4.88089e+03 1.97677e-15 +0.00000e+00
 3.72759e-05 4.89022e+03 2.77143e-15 +0.00000e+00
 4.64159e-05 4.90023e+03 3.88626e-15 +0.00000e+00
 5.77969e-05 4.91108e+03 5.44897e-15 +0.00000e+00
 7.19686e-05 4.92299e+03 7.63644e-15 +0.00000e+00
 8.96151e-05 4.93619e+03 1.06923e-14 +0.00000e+00
 1.11588e-04 4.95097e+03 1.49499e-14 +0.00000e+00
 1.38950e-04 4.96765e+03 2.08618e-14 +0.00000e+00
 1.73020e-04 4.98661e+03 2.90360e-14 +0.00000e+00
 2.15443e-04 5.00825e+03 4.02762e-14 +0.00000e+00
 2.68270e-04 5.03323e+03 5.56327e-14 +0.00000e+00
 3.34048e-04 5.06124e+03 7.64903e-14 +0.00000e+00
 4.15956e-04 5.09386e+03 1.04556e-13 +0.00000e+00
 5.17947e-04 5.12858e+03 1.42011e-13 +0.00000e+00
 6.44947e-04 5.16596e+03 1.91331e-13 +0.00000e+00
 8.03086e-04 5.20540e+03 2.55475e-13 +0.00000e+00
 1.00000e-03 5.24481e+03 3.38062e-13 +0.00000e+00
 1.24520e-03 5.28595e+03 4.43065e-13 -2.54723e-07
 1.55052e-03 5.32650e+03 5.75613e-13 -3.17180e-07
 1.93070e-03 5.36506e+03 7.41484e-13 -3.94951e-07
 2.40410e-03 5.39995e+03 9.47711e-13 -4.91793e-07
 2.99358e-03 5.43300e+03 1.20212e-12 -6.12379e-07
 3.72759e-03 5.46322e+03 1.51556e-12 -7.62533e-07
 4.64159e-03 5.49003e+03 1.90236e-12 -9.49502e-07
 5.77969e-03 5.51635e+03 2.37900e-12 -1.18232e-06
 7.19686e-03 5.54226e+03 2.96747e-12 -1.47222e-06
 8.96151e-03 5.56845e+03 3.69422e-12 -1.83320e-06
 1.11588e-02 5.59575e+03 4.58990e-12 -2.28270e-06
 1.38950e-02 5.62501e+03 5.68831e-12 -2.84241e-06
 1.73020e-02 5.65697e+03 7.02414e-12 -3.53936e-06
 2.15443e-02 5.69234e+03 8.62968e-12 -4.40721e-06
 2.68270e-02 5.73175e+03 1.05306e-11 -5.48784e-06
 3.34048e-02 5.77589e+03 1.27408e-11 -6.83344e-06
 4.15956e-02 5.82554e+03 1.52559e-11 -8.50895e-06
 5.17947e-02 5.88162e+03 1.80481e-11 -1.05953e-05
 6.44947e-02 5.94530e+03 2.10612e-11 -1.31933e-05
 8.03086e-02 6.01801e+03 2.42081e-11 -1.64283e-05
 1.00000e-01 6.10152e+03 2.73701e-11 -2.04565e-05
 1.24520e-01 6.19797e+03 3.03990e-11 -2.54727e-05
 1.55052e-01 6.30999e+03 3.31221e-11 -3.17179e-05
 1.93070e-01 6.44074e+03 3.53509e-11 -3.94947e-05
 2.40410e-01 6.59395e+03 3.68921e-11 -4.91795e-05
 2.99358e-01 6.77383e+03 3.75603e-11 -6.12382e-05
 3.72759e-01 6.98469e+03 3.71938e-11 -7.62533e-05
 4.64159e-01 7.23013e+03 3.56815e-11 -9.49502e-05
 5.77969e-01 7.51232e+03 3.30240e-11 -1.18232e-04
 7.19686e-01 7.83146e+03 2.94656e-11 -1.47221e-04
 8.96151e-01 8.18542e+03 2.56448e-11 -1.83316e-04
 1.11588e+00 8.56832e+03 2.24312e-11 -2.28268e-04
 1.38950e+00 8.96056e+03 2.03248e-11 -2.84241e-04
 1.73020e+00 9.27806e+03 1.93350e-11 -3.53936e-04
 2.15443e+00 9.58975e+03 1.87659e-11 -4.40721e-04
 2.68270e+00 9.92716e+03 1.84177e-11 -5.48784e-04
 3.34048e+00 1.03109e+04 1.82219e-11 -6.13693e-04
 4.15956e+00 1.07550e+04 1.81686e-11 -6.13693e-04
 5.17947e+00 1.09851e+04 1.87248e-11 -6.13693e-04
 6.44947e+00 1.16015e+04 1.88854e-11 -6.13693e-04
 8.03086e+00 1.18955e+04 1.98958e-11 -6.13692e-04
 1.00000e+01 1.24194e+04 2.08209e-11 -6.13693e-04
 1.24520e+01 1.29628e+04 2.20588e-11 -6.13693e-04
 1.55052e+01 1.36604e+04 2.33968e-11 -6.13693e-04
 1.93070e+01 1.44117e+04 2.52117e-11 -6.13693e-04
 2.40410e+01 1.47990e+04 2.83797e-11 -6.13693e-04
 2.99358e+01 1.55987e+04 3.14387e-11 -6.13692e-04
 3.72759e+01 1.63202e+04 3.55534e-11 -6.13693e-04
 4.64159e+01 1.70249e+04 4.06701e-11 -6.13693e-04
 5.77969e+01 1.81891e+04 4.59670e-11 -6.13693e-04
 7.19686e+01 1.87444e+04 5.40698e-11 -6.13693e-04
 8.96151e+01 1.98070e+04 6.22658e-11 -6.13693e-04
 1.11588e+02 2.08169e+04 7.24753e-11 -6.13693e-04
 1.38950e+02 2.16035e+04 8.54139e-11 -6.13693e-04
 1.73020e+02 2.34224e+04 9.74869e-11 -6.13693e-04
 2.15443e+02 2.37375e+04 1.18159e-10 -6.13693e-04
 2.68270e+02 2.57591e+04 1.34252e-10 -6.13693e-04
 3.34048e+02 2.67092e+04 1.59673e-10 -6.13693e-04
 4.15956e+02 2.80925e+04 1.86778e-10 -6.13693e-04
 5.17947e+02 2.98370e+04 2.16581e-10 -6.13693e-04
 6.44947e+02 3.16158e+04 2.51746e-10 -6.13693e-04
 8.03086e+02 3.27898e+04 2.97696e-10 -6.13692e-04
 1.00000e+03 3.52944e+04 3.36309e-10 -6.13692e-04
