#n1=128 n2=4 Teff=07200 R=4.5505e+10 L=3.9645e+33 logg=+5.00
#   tau          T          rho         Fconv
 0.00000e+00 5.42161e+03 1.43436e-21 +0.00000e+00
 1.00000e-09 5.42161e+03 5.25133e-15 +0.00000e+00
 1.24520e-09 5.42359e+03 7.93483e-15 +0.00000e+00
 1.55052e-09 5.42540e+03 1.19725e-14 +0.00000e+00
 1.93070e-09 5.42710e+03 1.80165e-14 +0.00000e+00
 2.40410e-09 5.42870e+03 2.69618e-14 +0.00000e+00
 2.99358e-09 5.43019e+03 4.00072e-14 +0.00000e+00
 3.72759e-09 5.43150e+03 5.87617e-14 +0.00000e+00
 4.64159e-09 5.43262e+03 8.54293e-14 +0.00000e+00
 5.77969e-09 5.43355e+03 1.23092e-13 +0.00000e+00
 7.19686e-09 5.43431e+03 1.76120e-13 +0.00000e+00
 8.96151e-09 5.43494e+03 2.50770e-13 +0.00000e+00
 1.11588e-08 5.43544e+03 3.55992e-13 +0.00000e+00
 1.38950e-08 5.43586e+03 5.04455e-13 +0.00000e+00
 1.73020e-08 5.43620e+03 7.13756e-13 +0.00000e+00
 2.15443e-08 5.43648e+03 1.00777e-12 +0.00000e+00
 2.68270e-08 5.43671e+03 1.41827e-12 +0.00000e+00
 3.34048e-08 5.43694e+03 1.98697e-12 +0.00000e+00
 4.15956e-08 5.43720e+03 2.76777e-12 +0.00000e+00
 5.17947e-08 5.43757e+03 3.82921e-12 +0.00000e+00
 6.44947e-08 5.43814e+03 5.25726e-12 +0.00000e+00
 8.03086e-08 5.43901e+03 7.15757e-12 +0.00000e+00
 1.00000e-07 5.44028e+03 9.65641e-12 +0.00000e+00
 1.24520e-07 5.44205e+03 1.28998e-11 +0.00000e+00
 1.55052e-07 5.44440e+03 1.70512e-11 +0.00000e+00
 1.93070e-07 5.44739e+03 2.22884e-11 +0.00000e+00
 2.40410e-07 5.45104e+03 2.88018e-11 +0.00000e+00
 2.99358e-07 5.45535e+03 3.67939e-11 +0.00000e+00
 3.72759e-07 5.46030e+03 4.64816e-11 +0.00000e+00
 4.64159e-07 5.46585e+03 5.81011e-11 +0.00000e+00
 5.77969e-07 5.47194e+03 7.19133e-11 +0.00000e+00
 7.19686e-07 5.47853e+03 8.82118e-11 +0.00000e+00
 8.96151e-07 5.48554e+03 1.07330e-10 +0.00000e+00
 1.11588e-06 5.49290e+03 1.29648e-10 +0.00000e+00
 1.38950e-06 5.50056e+03 1.55602e-10 +0.00000e+00
 1.73020e-06 5.50843e+03 1.85690e-10 +0.00000e+00
 2.15443e-06 5.51646e+03 2.20484e-10 +0.00000e+00
 2.68270e-06 5.52457e+03 2.60635e-10 +0.00000e+00
 3.34048e-06 5.53271e+03 3.06887e-10 +0.00000e+00
 4.15956e-06 5.54083e+03 3.60092e-10 +0.00000e+00
 5.17947e-06 5.54888e+03 4.21215e-10 +0.00000e+00
 6.44947e-06 5.55684e+03 4.91359e-10 +0.00000e+00
 8.03086e-06 5.56467e+03 5.71773e-10 +0.00000e+00
 1.00000e-05 5.57237e+03 6.63871e-10 +0.00000e+00
 1.24520e-05 5.57995e+03 7.69251e-10 +0.00000e+00
 1.55052e-05 5.58741e+03 8.89710e-10 +0.00000e+00
 1.93070e-05 5.59477e+03 1.02727e-09 +0.00000e+00
 2.40410e-05 5.60204e+03 1.18419e-09 +0.00000e+00
 2.99358e-05 5.60925e+03 1.36301e-09 +0.00000e+00
 3.72759e-05 5.61639e+03 1.56656e-09 +0.00000e+00
 4.64159e-05 5.62348e+03 1.79802e-09 +0.00000e+00
 5.77969e-05 5.63050e+03 2.06094e-09 +0.00000e+00
 7.19686e-05 5.63745e+03 2.35931e-09 +0.00000e+00
 8.96151e-05 5.64432e+03 2.69764e-09 +0.00000e+00
 1.11588e-04 5.65110e+03 3.08100e-09 +0.00000e+00
 1.38950e-04 5.65778e+03 3.51515e-09 +0.00000e+00
 1.73020e-04 5.66438e+03 4.00665e-09 +0.00000e+00
 2.15443e-04 5.67088e+03 4.56303e-09 +0.00000e+00
 2.68270e-04 5.67729e+03 5.19293e-09 +0.00000e+00
 3.34048e-04 5.68363e+03 5.90634e-09 +0.00000e+00
 4.15956e-04 5.68989e+03 6.71482e-09 +0.00000e+00
 5.17947e-04 5.69609e+03 7.63179e-09 +0.00000e+00
 6.44947e-04 5.70225e+03 8.67286e-09 +0.00000e+00
 8.03086e-04 5.70837e+03 9.85617e-09 +0.00000e+00
 1.00000e-03 5.71448e+03 1.12027e-08 +0.00000e+00
 1.24520e-03 5.72062e+03 1.27367e-08 -2.54599e-07
 1.55052e-03 5.72683e+03 1.44862e-08 -3.17026e-07
 1.93070e-03 5.73318e+03 1.64831e-08 -3.94760e-07
 2.40410e-03 5.73978e+03 1.87635e-08 -4.91554e-07
 2.99358e-03 5.74674e+03 2.13687e-08 -6.12082e-07
 3.72759e-03 5.75422e+03 2.43447e-08 -7.62162e-07
 4.64159e-03 5.76241e+03 2.77414e-08 -9.49040e-07
 5.77969e-03 5.77154e+03 3.16134e-08 -1.18175e-06
 7.19686e-03 5.78185e+03 3.60231e-08 -1.47151e-06
 8.96151e-03 5.79360e+03 4.10371e-08 -1.83231e-06
 1.11588e-02 5.80709e+03 4.67246e-08 -2.28159e-06
 1.38950e-02 5.82263e+03 5.31547e-08 -2.84103e-06
 1.73020e-02 5.84061e+03 6.03968e-08 -3.53764e-06
 2.15443e-02 5.86142e+03 6.85167e-08 -4.40506e-06
 2.68270e-02 5.88554e+03 7.75719e-08 -5.48517e-06
 3.34048e-02 5.91352e+03 8.76051e-08 -6.83012e-06
 4.15956e-02 5.94599e+03 9.86367e-08 -8.50482e-06
 5.17947e-02 5.98373e+03 1.10659e-07 -1.05902e-05
 6.44947e-02 6.02766e+03 1.23617e-07 -1.31869e-05
 8.03086e-02 6.07894e+03 1.37404e-07 -1.64203e-05
 1.00000e-01 6.13890e+03 1.51854e-07 -2.04465e-05
 1.24520e-01 6.20907e+03 1.66728e-07 -2.54599e-05
 1.55052e-01 6.29122e+03 1.81708e-07 -3.17026e-05
 1.93070e-01 6.38727e+03 1.96419e-07 -3.94760e-05
 2.40410e-01 6.49938e+03 2.10433e-07 -4.91554e-05
 2.99358e-01 6.63009e+03 2.23288e-07 -6.12082e-05
 3.72759e-01 6.78244e+03 2.34512e-07 -7.62162e-05
 4.64159e-01 6.96015e+03 2.43646e-07 -9.46599e-05
 5.77969e-01 7.16794e+03 2.50264e-07 -1.05406e-04
 7.19686e-01 7.41147e+03 2.54000e-07 +9.21867e-05
 8.96151e-01 7.69523e+03 2.54584e-07 +1.85544e-03
 1.11588e+00 7.94070e+03 2.55293e-07 +5.42249e-03
 1.38950e+00 8.16935e+03 2.55865e-07 +1.17472e-02
 1.73020e+00 8.38289e+03 2.56485e-07 +1.98708e-02
 2.15443e+00 8.58380e+03 2.57238e-07 +2.93580e-02
 2.68270e+00 8.77671e+03 2.58077e-07 +4.08516e-02
 3.34048e+00 8.96303e+03 2.59018e-07 +5.13967e-02
 4.15956e+00 9.13654e+03 2.60360e-07 +5.73084e-02
 5.17947e+00 9.29870e+03 2.62164e-07 +6.18515e-02
 6.44947e+00 9.45207e+03 2.64435e-07 +6.53529e-02
 8.03086e+00 9.59882e+03 2.67181e-07 +6.80695e-02
 1.00000e+01 9.74064e+03 2.70412e-07 +7.02033e-02
 1.24520e+01 9.87885e+03 2.74149e-07 +7.18961e-02
 1.55052e+01 1.00145e+04 2.78418e-07 +7.32508e-02
 1.93070e+01 1.01484e+04 2.83248e-07 +7.43450e-02
 2.40410e+01 1.02813e+04 2.88677e-07 +7.52330e-02
 2.99358e+01 1.04137e+04 2.94741e-07 +7.59570e-02
 3.72759e+01 1.05462e+04 3.01479e-07 +7.65503e-02
 4.64159e+01 1.06793e+04 3.08935e-07 +7.70386e-02
 5.77969e+01 1.08134e+04 3.17154e-07 +7.74430e-02
 7.19686e+01 1.09488e+04 3.26186e-07 +7.77797e-02
 8.96151e+01 1.10858e+04 3.36091e-07 +7.80626e-02
 1.11588e+02 1.12242e+04 3.46939e-07 +7.83008e-02
 1.38950e+02 1.13643e+04 3.58810e-07 +7.85017e-02
 1.73020e+02 1.15060e+04 3.71802e-07 +7.86704e-02
 2.15443e+02 1.16495e+04 3.86013e-07 +7.88134e-02
 2.68270e+02 1.17946e+04 4.01565e-07 +7.89342e-02
 3.34048e+02 1.19413e+04 4.18602e-07 +7.90366e-02
 4.15956e+02 1.20895e+04 4.37290e-07 +7.91226e-02
 5.17947e+02 1.22392e+04 4.57806e-07 +7.91954e-02
 6.44947e+02 1.23905e+04 4.80245e-07 +7.92558e-02
 8.03086e+02 1.25439e+04 5.04832e-07 +7.93057e-02
 1.00000e+03 1.26999e+04 5.31745e-07 +7.93477e-02
