#n1=128 n2=4 Teff=07000 R=5.5610e+13 L=5.2845e+39 logg=-0.50
#   tau          T          rho         Fconv
 0.00000e+00 3.87212e+03 2.08374e-21 +0.00000e+00
 1.00000e-09 3.87212e+03 2.70157e-21 +0.00000e+00
 1.24520e-09 3.87508e+03 2.85404e-21 +0.00000e+00
 1.55052e-09 3.87779e+03 3.04617e-21 +0.00000e+00
 1.93070e-09 3.88097e+03 3.28825e-21 +0.00000e+00
 2.40410e-09 3.88465e+03 3.59398e-21 +0.00000e+00
 2.99358e-09 3.88887e+03 3.98096e-21 +0.00000e+00
 3.72759e-09 3.89366e+03 4.47207e-21 +0.00000e+00
 4.64159e-09 3.89901e+03 5.09702e-21 +0.00000e+00
 5.77969e-09 3.90492e+03 5.89375e-21 +0.00000e+00
 7.19686e-09 3.91138e+03 6.91061e-21 +0.00000e+00
 8.96151e-09 3.91834e+03 8.20689e-21 +0.00000e+00
 1.11588e-08 3.92576e+03 9.85504e-21 +0.00000e+00
 1.38950e-08 3.93359e+03 1.19407e-20 +0.00000e+00
 1.73020e-08 3.94175e+03 1.45936e-20 +0.00000e+00
 2.15443e-08 3.95021e+03 1.80014e-20 +0.00000e+00
 2.68270e-08 3.95895e+03 2.24530e-20 +0.00000e+00
 3.34048e-08 3.96794e+03 2.82628e-20 +0.00000e+00
 4.15956e-08 3.97715e+03 3.58670e-20 +0.00000e+00
 5.17947e-08 3.98655e+03 4.58369e-20 +0.00000e+00
 6.44947e-08 3.99611e+03 5.89146e-20 +0.00000e+00
 8.03086e-08 4.00582e+03 7.60707e-20 +0.00000e+00
 1.00000e-07 4.01565e+03 9.85678e-20 +0.00000e+00
 1.24520e-07 4.02561e+03 1.28063e-19 +0.00000e+00
 1.55052e-07 4.03570e+03 1.66747e-19 +0.00000e+00
 1.93070e-07 4.04594e+03 2.17541e-19 +0.00000e+00
 2.40410e-07 4.05637e+03 2.84353e-19 +0.00000e+00
 2.99358e-07 4.06702e+03 3.72669e-19 +0.00000e+00
 3.72759e-07 4.07796e+03 4.89759e-19 +0.00000e+00
 4.64159e-07 4.08924e+03 6.45509e-19 +0.00000e+00
 5.77969e-07 4.10096e+03 8.53256e-19 +0.00000e+00
 7.19686e-07 4.11318e+03 1.13091e-18 +0.00000e+00
 8.96151e-07 4.12602e+03 1.50258e-18 +0.00000e+00
 1.11588e-06 4.13958e+03 2.00007e-18 +0.00000e+00
 1.38950e-06 4.15403e+03 2.66847e-18 +0.00000e+00
 1.73020e-06 4.16954e+03 3.57289e-18 +0.00000e+00
 2.15443e-06 4.18631e+03 4.79501e-18 +0.00000e+00
 2.68270e-06 4.20455e+03 6.44681e-18 +0.00000e+00
 3.34048e-06 4.22451e+03 8.68225e-18 +0.00000e+00
 4.15956e-06 4.24648e+03 1.17110e-17 +0.00000e+00
 5.17947e-06 4.27078e+03 1.58154e-17 +0.00000e+00
 6.44947e-06 4.29771e+03 2.13856e-17 +0.00000e+00
 8.03086e-06 4.32760e+03 2.89424e-17 +0.00000e+00
 1.00000e-05 4.36059e+03 3.91828e-17 +0.00000e+00
 1.24520e-05 4.39673e+03 5.30373e-17 +0.00000e+00
 1.55052e-05 4.43592e+03 7.17575e-17 +0.00000e+00
 1.93070e-05 4.47790e+03 9.70198e-17 +0.00000e+00
 2.40410e-05 4.52217e+03 1.31024e-16 +0.00000e+00
 2.99358e-05 4.56804e+03 1.76748e-16 +0.00000e+00
 3.72759e-05 4.61446e+03 2.38251e-16 +0.00000e+00
 4.64159e-05 4.66042e+03 3.20985e-16 +0.00000e+00
 5.77969e-05 4.70616e+03 4.32249e-16 +0.00000e+00
 7.19686e-05 4.75103e+03 5.82000e-16 +0.00000e+00
 8.96151e-05 4.79452e+03 7.83902e-16 +0.00000e+00
 1.11588e-04 4.83653e+03 1.05669e-15 +0.00000e+00
 1.38950e-04 4.87726e+03 1.42563e-15 +0.00000e+00
 1.73020e-04 4.91702e+03 1.92483e-15 +0.00000e+00
 2.15443e-04 4.95611e+03 2.60018e-15 +0.00000e+00
 2.68270e-04 4.99471e+03 3.51336e-15 +0.00000e+00
 3.34048e-04 5.03292e+03 4.74704e-15 +0.00000e+00
 4.15956e-04 5.07079e+03 6.41084e-15 +0.00000e+00
 5.17947e-04 5.10836e+03 8.64913e-15 +0.00000e+00
 6.44947e-04 5.14565e+03 1.16507e-14 +0.00000e+00
 8.03086e-04 5.18278e+03 1.56605e-14 +0.00000e+00
 1.00000e-03 5.21986e+03 2.09924e-14 +0.00000e+00
 1.24520e-03 5.25699e+03 2.80458e-14 -2.54854e-07
 1.55052e-03 5.29424e+03 3.73251e-14 -3.17343e-07
 1.93070e-03 5.33166e+03 4.94641e-14 -3.95155e-07
 2.40410e-03 5.36926e+03 6.52523e-14 -4.92045e-07
 2.99358e-03 5.40702e+03 8.56638e-14 -6.12693e-07
 3.72759e-03 5.44493e+03 1.11880e-13 -7.62921e-07
 4.64159e-03 5.48295e+03 1.45310e-13 -9.49994e-07
 5.77969e-03 5.52111e+03 1.87610e-13 -1.18293e-06
 7.19686e-03 5.55933e+03 2.40757e-13 -1.47297e-06
 8.96151e-03 5.59765e+03 3.07125e-13 -1.83414e-06
 1.11588e-02 5.63614e+03 3.89596e-13 -2.28387e-06
 1.38950e-02 5.67497e+03 4.91674e-13 -2.84387e-06
 1.73020e-02 5.71424e+03 6.17672e-13 -3.54118e-06
 2.15443e-02 5.75460e+03 7.72683e-13 -4.40947e-06
 2.68270e-02 5.79628e+03 9.62760e-13 -5.49065e-06
 3.34048e-02 5.84039e+03 1.19419e-12 -6.83694e-06
 4.15956e-02 5.88793e+03 1.47296e-12 -8.51335e-06
 5.17947e-02 5.94181e+03 1.80177e-12 -1.06008e-05
 6.44947e-02 6.00015e+03 2.18281e-12 -1.32001e-05
 8.03086e-02 6.06023e+03 2.61942e-12 -1.64367e-05
 1.00000e-01 6.12792e+03 3.10389e-12 -2.04669e-05
 1.24520e-01 6.20695e+03 3.61808e-12 -2.54870e-05
 1.55052e-01 6.30062e+03 4.13191e-12 -3.17363e-05
 1.93070e-01 6.41225e+03 4.60414e-12 -3.95144e-05
 2.40410e-01 6.54624e+03 4.98312e-12 -4.92051e-05
 2.99358e-01 6.70195e+03 5.22581e-12 -6.12836e-05
 3.72759e-01 6.87311e+03 5.31874e-12 -7.62935e-05
 4.64159e-01 7.08013e+03 5.20840e-12 -9.49994e-05
 5.77969e-01 7.37684e+03 4.78632e-12 -1.18293e-04
 7.19686e-01 7.67462e+03 4.36044e-12 -1.47297e-04
 8.96151e-01 8.02361e+03 3.98027e-12 -1.83414e-04
 1.11588e+00 8.40777e+03 3.75049e-12 -2.28387e-04
 1.38950e+00 8.75405e+03 3.69129e-12 -2.84386e-04
 1.73020e+00 9.05744e+03 3.74124e-12 -3.54123e-04
 2.15443e+00 9.37930e+03 3.84990e-12 -4.40961e-04
 2.68270e+00 9.75154e+03 4.00642e-12 -5.49116e-04
 3.34048e+00 1.01558e+04 4.22785e-12 -6.14008e-04
 4.15956e+00 1.06082e+04 4.51819e-12 -6.14008e-04
 5.17947e+00 1.11662e+04 4.86676e-12 -6.14008e-04
 6.44947e+00 1.14628e+04 5.45161e-12 -6.14021e-04
 8.03086e+00 1.22785e+04 5.89419e-12 -6.14014e-04
 1.00000e+01 1.26327e+04 6.73245e-12 -6.14006e-04
 1.24520e+01 1.33290e+04 7.52983e-12 -6.14008e-04
 1.55052e+01 1.40244e+04 8.56398e-12 -6.14008e-04
 1.93070e+01 1.45348e+04 1.00117e-11 -6.14008e-04
 2.40410e+01 1.58935e+04 1.12550e-11 -6.14008e-04
 2.99358e+01 1.60462e+04 1.37809e-11 -6.14008e-04
 3.72759e+01 1.75513e+04 1.57057e-11 -6.14008e-04
 4.64159e+01 1.80787e+04 1.90961e-11 -6.14008e-04
 5.77969e+01 1.95111e+04 2.22970e-11 -6.14008e-04
 7.19686e+01 2.04079e+04 2.69654e-11 -6.14008e-04
 8.96151e+01 2.17492e+04 3.21164e-11 -6.14008e-04
 1.11588e+02 2.30059e+04 3.86536e-11 -6.14008e-04
 1.38950e+02 2.44087e+04 4.64746e-11 -6.14008e-04
 1.73020e+02 2.59006e+04 5.59532e-11 -6.14008e-04
 2.15443e+02 2.75092e+04 6.73324e-11 -6.14008e-04
 2.68270e+02 2.92408e+04 8.08355e-11 -6.14008e-04
 3.34048e+02 3.11110e+04 9.65100e-11 -6.14008e-04
 4.15956e+02 3.31168e+04 1.14643e-10 -6.14008e-04
 5.17947e+02 3.52149e+04 1.36438e-10 -6.14008e-04
 6.44947e+02 3.76403e+04 1.62329e-10 -6.14008e-04
 8.03086e+02 3.97388e+04 1.96091e-10 -6.14008e-04
 1.00000e+03 4.27157e+04 2.33243e-10 -6.14008e-04
