#n1=128 n2=4 Teff=07400 R=8.2967e+10 L=1.4706e+34 logg=+4.50
#   tau          T          rho         Fconv
 0.00000e+00 4.10512e+03 1.91835e-21 +0.00000e+00
 1.00000e-09 4.10512e+03 6.19421e-15 +0.00000e+00
 1.24520e-09 4.10780e+03 9.43342e-15 +0.00000e+00
 1.55052e-09 4.11117e+03 1.42572e-14 +0.00000e+00
 1.93070e-09 4.11533e+03 2.13594e-14 +0.00000e+00
 2.40410e-09 4.12035e+03 3.16947e-14 +0.00000e+00
 2.99358e-09 4.12628e+03 4.65659e-14 +0.00000e+00
 3.72759e-09 4.13323e+03 6.77442e-14 +0.00000e+00
 4.64159e-09 4.14135e+03 9.76358e-14 +0.00000e+00
 5.77969e-09 4.15084e+03 1.39512e-13 +0.00000e+00
 7.19686e-09 4.16188e+03 1.97820e-13 +0.00000e+00
 8.96151e-09 4.17464e+03 2.78576e-13 +0.00000e+00
 1.11588e-08 4.18922e+03 3.89866e-13 +0.00000e+00
 1.38950e-08 4.20567e+03 5.42417e-13 +0.00000e+00
 1.73020e-08 4.22397e+03 7.50263e-13 +0.00000e+00
 2.15443e-08 4.24400e+03 1.03154e-12 +0.00000e+00
 2.68270e-08 4.26562e+03 1.40947e-12 +0.00000e+00
 3.34048e-08 4.28866e+03 1.91367e-12 +0.00000e+00
 4.15956e-08 4.31295e+03 2.58178e-12 +0.00000e+00
 5.17947e-08 4.33833e+03 3.46106e-12 +0.00000e+00
 6.44947e-08 4.36461e+03 4.60896e-12 +0.00000e+00
 8.03086e-08 4.39157e+03 6.09402e-12 +0.00000e+00
 1.00000e-07 4.41894e+03 7.99766e-12 +0.00000e+00
 1.24520e-07 4.44645e+03 1.04151e-11 +0.00000e+00
 1.55052e-07 4.47379e+03 1.34562e-11 +0.00000e+00
 1.93070e-07 4.50065e+03 1.72464e-11 +0.00000e+00
 2.40410e-07 4.52668e+03 2.19287e-11 +0.00000e+00
 2.99358e-07 4.55164e+03 2.76635e-11 +0.00000e+00
 3.72759e-07 4.57548e+03 3.46309e-11 +0.00000e+00
 4.64159e-07 4.59846e+03 4.30312e-11 +0.00000e+00
 5.77969e-07 4.62106e+03 5.30853e-11 +0.00000e+00
 7.19686e-07 4.64383e+03 6.50436e-11 +0.00000e+00
 8.96151e-07 4.66720e+03 7.91941e-11 +0.00000e+00
 1.11588e-06 4.69145e+03 9.58658e-11 +0.00000e+00
 1.38950e-06 4.71674e+03 1.15431e-10 +0.00000e+00
 1.73020e-06 4.74310e+03 1.38310e-10 +0.00000e+00
 2.15443e-06 4.77047e+03 1.64966e-10 +0.00000e+00
 2.68270e-06 4.79873e+03 1.95904e-10 +0.00000e+00
 3.34048e-06 4.82781e+03 2.31664e-10 +0.00000e+00
 4.15956e-06 4.85774e+03 2.72816e-10 +0.00000e+00
 5.17947e-06 4.88858e+03 3.19953e-10 +0.00000e+00
 6.44947e-06 4.92035e+03 3.73693e-10 +0.00000e+00
 8.03086e-06 4.95299e+03 4.34682e-10 +0.00000e+00
 1.00000e-05 4.98633e+03 5.03597e-10 +0.00000e+00
 1.24520e-05 5.02015e+03 5.81160e-10 +0.00000e+00
 1.55052e-05 5.05419e+03 6.68153e-10 +0.00000e+00
 1.93070e-05 5.08823e+03 7.65440e-10 +0.00000e+00
 2.40410e-05 5.12208e+03 8.73977e-10 +0.00000e+00
 2.99358e-05 5.15560e+03 9.94836e-10 +0.00000e+00
 3.72759e-05 5.18870e+03 1.12921e-09 +0.00000e+00
 4.64159e-05 5.22133e+03 1.27844e-09 +0.00000e+00
 5.77969e-05 5.25346e+03 1.44397e-09 +0.00000e+00
 7.19686e-05 5.28512e+03 1.62740e-09 +0.00000e+00
 8.96151e-05 5.31634e+03 1.83046e-09 +0.00000e+00
 1.11588e-04 5.34716e+03 2.05501e-09 +0.00000e+00
 1.38950e-04 5.37764e+03 2.30305e-09 +0.00000e+00
 1.73020e-04 5.40782e+03 2.57674e-09 +0.00000e+00
 2.15443e-04 5.43778e+03 2.87841e-09 +0.00000e+00
 2.68270e-04 5.46756e+03 3.21058e-09 +0.00000e+00
 3.34048e-04 5.49724e+03 3.57598e-09 +0.00000e+00
 4.15956e-04 5.52688e+03 3.97758e-09 +0.00000e+00
 5.17947e-04 5.55655e+03 4.41869e-09 +0.00000e+00
 6.44947e-04 5.58635e+03 4.90303e-09 +0.00000e+00
 8.03086e-04 5.61635e+03 5.43486e-09 +0.00000e+00
 1.00000e-03 5.64666e+03 6.01904e-09 +0.00000e+00
 1.24520e-03 5.67732e+03 6.66129e-09 -2.54589e-07
 1.55052e-03 5.70850e+03 7.36789e-09 -3.17013e-07
 1.93070e-03 5.74028e+03 8.14602e-09 -3.94743e-07
 2.40410e-03 5.77275e+03 9.00368e-09 -4.91533e-07
 2.99358e-03 5.80599e+03 9.94962e-09 -6.12058e-07
 3.72759e-03 5.84011e+03 1.09932e-08 -7.62132e-07
 4.64159e-03 5.87511e+03 1.21449e-08 -9.49003e-07
 5.77969e-03 5.91104e+03 1.34157e-08 -1.18170e-06
 7.19686e-03 5.94794e+03 1.48172e-08 -1.47144e-06
 8.96151e-03 5.98583e+03 1.63628e-08 -1.83224e-06
 1.11588e-02 6.02463e+03 1.80669e-08 -2.28150e-06
 1.38950e-02 6.06449e+03 1.99431e-08 -2.84092e-06
 1.73020e-02 6.10540e+03 2.20063e-08 -3.53750e-06
 2.15443e-02 6.14826e+03 2.42674e-08 -4.40488e-06
 2.68270e-02 6.19333e+03 2.67378e-08 -5.48494e-06
 3.34048e-02 6.24230e+03 2.94165e-08 -6.82983e-06
 4.15956e-02 6.29565e+03 3.23011e-08 -8.50450e-06
 5.17947e-02 6.35319e+03 3.53895e-08 -1.05898e-05
 6.44947e-02 6.41583e+03 3.86690e-08 -1.31863e-05
 8.03086e-02 6.48332e+03 4.21324e-08 -1.64196e-05
 1.00000e-01 6.56145e+03 4.57095e-08 -2.04456e-05
 1.24520e-01 6.65483e+03 4.92953e-08 -2.54589e-05
 1.55052e-01 6.76415e+03 5.27943e-08 -3.17013e-05
 1.93070e-01 6.89231e+03 5.60837e-08 -3.94743e-05
 2.40410e-01 7.04105e+03 5.90467e-08 -4.91533e-05
 2.99358e-01 7.21514e+03 6.15425e-08 -6.12046e-05
 3.72759e-01 7.43242e+03 6.32686e-08 -7.61696e-05
 4.64159e-01 7.67616e+03 6.42920e-08 -9.41574e-05
 5.77969e-01 7.92816e+03 6.48316e-08 -1.03448e-04
 7.19686e-01 8.31883e+03 6.35416e-08 +8.23134e-04
 8.96151e-01 8.82586e+03 6.04179e-08 +1.59534e-02
 1.11588e+00 9.05018e+03 5.95320e-08 +1.03991e-02
 1.38950e+00 9.21859e+03 5.90972e-08 +1.41852e-02
 1.73020e+00 9.37582e+03 5.87479e-08 +2.15526e-02
 2.15443e+00 9.52863e+03 5.84326e-08 +3.09516e-02
 2.68270e+00 9.67918e+03 5.81377e-08 +4.24287e-02
 3.34048e+00 9.82849e+03 5.78579e-08 +5.25200e-02
 4.15956e+00 9.97133e+03 5.76572e-08 +5.79301e-02
 5.17947e+00 1.01083e+04 5.75470e-08 +6.21275e-02
 6.44947e+00 1.02409e+04 5.75297e-08 +6.54097e-02
 8.03086e+00 1.03705e+04 5.76040e-08 +6.79519e-02
 1.00000e+01 1.04989e+04 5.77668e-08 +6.99259e-02
 1.24520e+01 1.06275e+04 5.80123e-08 +7.14740e-02
 1.55052e+01 1.07577e+04 5.83372e-08 +7.27293e-02
 1.93070e+01 1.08900e+04 5.87427e-08 +7.37592e-02
 2.40410e+01 1.10254e+04 5.92299e-08 +7.46086e-02
 2.99358e+01 1.11644e+04 5.97996e-08 +7.53132e-02
 3.72759e+01 1.13078e+04 6.04530e-08 +7.59026e-02
 4.64159e+01 1.14560e+04 6.11931e-08 +7.64002e-02
 5.77969e+01 1.16096e+04 6.20250e-08 +7.68243e-02
 7.19686e+01 1.17689e+04 6.29571e-08 +7.71878e-02
 8.96151e+01 1.19341e+04 6.39965e-08 +7.75043e-02
 1.11588e+02 1.21051e+04 6.51755e-08 +7.77813e-02
 1.38950e+02 1.22817e+04 6.65142e-08 +7.80231e-02
 1.73020e+02 1.24640e+04 6.80439e-08 +7.82295e-02
 2.15443e+02 1.26525e+04 6.97765e-08 +7.84048e-02
 2.68270e+02 1.28479e+04 7.17699e-08 +7.85560e-02
 3.34048e+02 1.30505e+04 7.40356e-08 +7.86854e-02
 4.15956e+02 1.32614e+04 7.66382e-08 +7.87907e-02
 5.17947e+02 1.34835e+04 7.95810e-08 +7.88736e-02
 6.44947e+02 1.37204e+04 8.28355e-08 +7.89401e-02
 8.03086e+02 1.39749e+04 8.64883e-08 +7.89954e-02
 1.00000e+03 1.42486e+04 9.05792e-08 +7.90448e-02
