#n1=128 n2=4 Teff=07000 R=1.5728e+13 L=4.2289e+38 logg=+0.50
#   tau          T          rho         Fconv
 0.00000e+00 4.64839e+03 1.68497e-21 +0.00000e+00
 1.00000e-09 4.64839e+03 1.49865e-20 +0.00000e+00
 1.24520e-09 4.65088e+03 1.87027e-20 +0.00000e+00
 1.55052e-09 4.65390e+03 2.35365e-20 +0.00000e+00
 1.93070e-09 4.65707e+03 2.98589e-20 +0.00000e+00
 2.40410e-09 4.66038e+03 3.81710e-20 +0.00000e+00
 2.99358e-09 4.66380e+03 4.91439e-20 +0.00000e+00
 3.72759e-09 4.66733e+03 6.36860e-20 +0.00000e+00
 4.64159e-09 4.67096e+03 8.29987e-20 +0.00000e+00
 5.77969e-09 4.67466e+03 1.08599e-19 +0.00000e+00
 7.19686e-09 4.67843e+03 1.42458e-19 +0.00000e+00
 8.96151e-09 4.68225e+03 1.87131e-19 +0.00000e+00
 1.11588e-08 4.68612e+03 2.45954e-19 +0.00000e+00
 1.38950e-08 4.69002e+03 3.23395e-19 +0.00000e+00
 1.73020e-08 4.69395e+03 4.25715e-19 +0.00000e+00
 2.15443e-08 4.69791e+03 5.60953e-19 +0.00000e+00
 2.68270e-08 4.69909e+03 7.36132e-19 +0.00000e+00
 3.34048e-08 4.70314e+03 9.71768e-19 +0.00000e+00
 4.15956e-08 4.70724e+03 1.28913e-18 +0.00000e+00
 5.17947e-08 4.71139e+03 1.71743e-18 +0.00000e+00
 6.44947e-08 4.71561e+03 2.29975e-18 +0.00000e+00
 8.03086e-08 4.71988e+03 3.10022e-18 +0.00000e+00
 1.00000e-07 4.72422e+03 4.21241e-18 +0.00000e+00
 1.24520e-07 4.72865e+03 5.76111e-18 +0.00000e+00
 1.55052e-07 4.73315e+03 7.92237e-18 +0.00000e+00
 1.93070e-07 4.73774e+03 1.09427e-17 +0.00000e+00
 2.40410e-07 4.74240e+03 1.51652e-17 +0.00000e+00
 2.99358e-07 4.74711e+03 2.10646e-17 +0.00000e+00
 3.72759e-07 4.75187e+03 2.92959e-17 +0.00000e+00
 4.64159e-07 4.75664e+03 4.07636e-17 +0.00000e+00
 5.77969e-07 4.76144e+03 5.67210e-17 +0.00000e+00
 7.19686e-07 4.76623e+03 7.89058e-17 +0.00000e+00
 8.96151e-07 4.77102e+03 1.09740e-16 +0.00000e+00
 1.11588e-06 4.77580e+03 1.52625e-16 +0.00000e+00
 1.38950e-06 4.78060e+03 2.12351e-16 +0.00000e+00
 1.73020e-06 4.78542e+03 2.95690e-16 +0.00000e+00
 2.15443e-06 4.79028e+03 4.12247e-16 +0.00000e+00
 2.68270e-06 4.79522e+03 5.75649e-16 +0.00000e+00
 3.34048e-06 4.80027e+03 8.05208e-16 +0.00000e+00
 4.15956e-06 4.80546e+03 1.12820e-15 +0.00000e+00
 5.17947e-06 4.81082e+03 1.58291e-15 +0.00000e+00
 6.44947e-06 4.81642e+03 2.22294e-15 +0.00000e+00
 8.03086e-06 4.82229e+03 3.12360e-15 +0.00000e+00
 1.00000e-05 4.82852e+03 4.39064e-15 +0.00000e+00
 1.24520e-05 4.83517e+03 6.17226e-15 +0.00000e+00
 1.55052e-05 4.84237e+03 8.67587e-15 +0.00000e+00
 1.93070e-05 4.85026e+03 1.21910e-14 +0.00000e+00
 2.40410e-05 4.85901e+03 1.71201e-14 +0.00000e+00
 2.99358e-05 4.86885e+03 2.40186e-14 +0.00000e+00
 3.72759e-05 4.88005e+03 3.36485e-14 +0.00000e+00
 4.64159e-05 4.89294e+03 4.70473e-14 +0.00000e+00
 5.77969e-05 4.90787e+03 6.56154e-14 +0.00000e+00
 7.19686e-05 4.92522e+03 9.12205e-14 +0.00000e+00
 8.96151e-05 4.94537e+03 1.26319e-13 +0.00000e+00
 1.11588e-04 4.96861e+03 1.74108e-13 +0.00000e+00
 1.38950e-04 4.99519e+03 2.38677e-13 +0.00000e+00
 1.73020e-04 5.02577e+03 3.25139e-13 +0.00000e+00
 2.15443e-04 5.05915e+03 4.39782e-13 +0.00000e+00
 2.68270e-04 5.09527e+03 5.89730e-13 +0.00000e+00
 3.34048e-04 5.13354e+03 7.83295e-13 +0.00000e+00
 4.15956e-04 5.17302e+03 1.02995e-12 +0.00000e+00
 5.17947e-04 5.21187e+03 1.34068e-12 +0.00000e+00
 6.44947e-04 5.25066e+03 1.72723e-12 +0.00000e+00
 8.03086e-04 5.28759e+03 2.20425e-12 +0.00000e+00
 1.00000e-03 5.32144e+03 2.78857e-12 +0.00000e+00
 1.24520e-03 5.35097e+03 3.50168e-12 -2.54747e-07
 1.55052e-03 5.37788e+03 4.36826e-12 -3.17210e-07
 1.93070e-03 5.40182e+03 5.42265e-12 -3.94989e-07
 2.40410e-03 5.42321e+03 6.70848e-12 -4.91839e-07
 2.99358e-03 5.44279e+03 8.28019e-12 -6.12437e-07
 3.72759e-03 5.46138e+03 1.02035e-11 -7.62601e-07
 4.64159e-03 5.47973e+03 1.25544e-11 -9.49596e-07
 5.77969e-03 5.49853e+03 1.54166e-11 -1.18243e-06
 7.19686e-03 5.51832e+03 1.88791e-11 -1.47236e-06
 8.96151e-03 5.53956e+03 2.30335e-11 -1.83337e-06
 1.11588e-02 5.56263e+03 2.79695e-11 -2.28291e-06
 1.38950e-02 5.58788e+03 3.37702e-11 -2.84268e-06
 1.73020e-02 5.61570e+03 4.05060e-11 -3.53970e-06
 2.15443e-02 5.64656e+03 4.82274e-11 -4.40762e-06
 2.68270e-02 5.68101e+03 5.69566e-11 -5.48835e-06
 3.34048e-02 5.71971e+03 6.66787e-11 -6.83408e-06
 4.15956e-02 5.76344e+03 7.73339e-11 -8.50979e-06
 5.17947e-02 5.81313e+03 8.88076e-11 -1.05964e-05
 6.44947e-02 5.86989e+03 1.00921e-10 -1.31946e-05
 8.03086e-02 5.93502e+03 1.13423e-10 -1.64298e-05
 1.00000e-01 6.01011e+03 1.25981e-10 -2.04583e-05
 1.24520e-01 6.09704e+03 1.38181e-10 -2.54747e-05
 1.55052e-01 6.19803e+03 1.49532e-10 -3.17210e-05
 1.93070e-01 6.31572e+03 1.59482e-10 -3.95002e-05
 2.40410e-01 6.45327e+03 1.67439e-10 -4.91839e-05
 2.99358e-01 6.61435e+03 1.72805e-10 -6.12437e-05
 3.72759e-01 6.80317e+03 1.75015e-10 -7.62601e-05
 4.64159e-01 7.02413e+03 1.73572e-10 -9.49596e-05
 5.77969e-01 7.28132e+03 1.68069e-10 -1.18243e-04
 7.19686e-01 7.57767e+03 1.58229e-10 -1.47225e-04
 8.96151e-01 7.91398e+03 1.44120e-10 -1.82461e-04
 1.11588e+00 8.28711e+03 1.26788e-10 -1.96049e-04
 1.38950e+00 8.67863e+03 1.09404e-10 -1.24746e-04
 1.73020e+00 8.94887e+03 9.93806e-11 -2.58665e-04
 2.15443e+00 9.20709e+03 9.17625e-11 -4.00555e-04
 2.68270e+00 9.48491e+03 8.55674e-11 -5.40766e-04
 3.34048e+00 9.80204e+03 8.05125e-11 -6.13103e-04
 4.15956e+00 1.01796e+04 7.63958e-11 -6.13728e-04
 5.17947e+00 1.04205e+04 7.49557e-11 -6.13747e-04
 6.44947e+00 1.08064e+04 7.29290e-11 -6.13750e-04
 8.03086e+00 1.12923e+04 7.10925e-11 -6.13750e-04
 1.00000e+01 1.20930e+04 6.84099e-11 -6.13750e-04
 1.24520e+01 1.17715e+04 7.33658e-11 -6.13750e-04
 1.55052e+01 1.27125e+04 7.14117e-11 -6.13750e-04
 1.93070e+01 1.28198e+04 7.55269e-11 -6.13750e-04
 2.40410e+01 1.34213e+04 7.75175e-11 -6.13750e-04
 2.99358e+01 1.40066e+04 8.08610e-11 -6.13750e-04
 3.72759e+01 1.48243e+04 8.42525e-11 -6.13750e-04
 4.64159e+01 1.58940e+04 8.89008e-11 -6.13750e-04
 5.77969e+01 1.61183e+04 1.00738e-10 -6.13750e-04
 7.19686e+01 1.69403e+04 1.10889e-10 -6.13750e-04
 8.96151e+01 1.77336e+04 1.24108e-10 -6.13750e-04
 1.11588e+02 1.84840e+04 1.40607e-10 -6.13750e-04
 1.38950e+02 1.95458e+04 1.58368e-10 -6.13750e-04
 1.73020e+02 2.07377e+04 1.79562e-10 -6.13750e-04
 2.15443e+02 2.17563e+04 2.07446e-10 -6.13750e-04
 2.68270e+02 2.20214e+04 2.46179e-10 -6.13750e-04
 3.34048e+02 2.39456e+04 2.74900e-10 -6.13750e-04
 4.15956e+02 2.42629e+04 3.27057e-10 -6.13750e-04
 5.17947e+02 2.62925e+04 3.66319e-10 -6.13750e-04
 6.44947e+02 2.68852e+04 4.33056e-10 -6.13750e-04
 8.03086e+02 2.89725e+04 4.87854e-10 -6.13750e-04
 1.00000e+03 2.99423e+04 5.72894e-10 -6.13749e-04
