#n1=128 n2=4 Teff=07400 R=4.5492e+12 L=4.4208e+37 logg=+1.50
#   tau          T          rho         Fconv
 0.00000e+00 4.19678e+03 1.92734e-21 +0.00000e+00
 1.00000e-09 4.19678e+03 2.09592e-19 +0.00000e+00
 1.24520e-09 4.19926e+03 2.66173e-19 +0.00000e+00
 1.55052e-09 4.20175e+03 3.39491e-19 +0.00000e+00
 1.93070e-09 4.20425e+03 4.35212e-19 +0.00000e+00
 2.40410e-09 4.20680e+03 5.61326e-19 +0.00000e+00
 2.99358e-09 4.20941e+03 7.29327e-19 +0.00000e+00
 3.72759e-09 4.21213e+03 9.55066e-19 +0.00000e+00
 4.64159e-09 4.21499e+03 1.25947e-18 +0.00000e+00
 5.77969e-09 4.21803e+03 1.66733e-18 +0.00000e+00
 7.19686e-09 4.22130e+03 2.21468e-18 +0.00000e+00
 8.96151e-09 4.22483e+03 2.94924e-18 +0.00000e+00
 1.11588e-08 4.22868e+03 3.93379e-18 +0.00000e+00
 1.38950e-08 4.23292e+03 5.25001e-18 +0.00000e+00
 1.73020e-08 4.23765e+03 7.00534e-18 +0.00000e+00
 2.15443e-08 4.24297e+03 9.34217e-18 +0.00000e+00
 2.68270e-08 4.24900e+03 1.24530e-17 +0.00000e+00
 3.34048e-08 4.25591e+03 1.66014e-17 +0.00000e+00
 4.15956e-08 4.26390e+03 2.21515e-17 +0.00000e+00
 5.17947e-08 4.27321e+03 2.96072e-17 +0.00000e+00
 6.44947e-08 4.28409e+03 3.96644e-17 +0.00000e+00
 8.03086e-08 4.29683e+03 5.32850e-17 +0.00000e+00
 1.00000e-07 4.31173e+03 7.17995e-17 +0.00000e+00
 1.24520e-07 4.32909e+03 9.70589e-17 +0.00000e+00
 1.55052e-07 4.34922e+03 1.31715e-16 +0.00000e+00
 1.93070e-07 4.37249e+03 1.79509e-16 +0.00000e+00
 2.40410e-07 4.39912e+03 2.45385e-16 +0.00000e+00
 2.99358e-07 4.42920e+03 3.35999e-16 +0.00000e+00
 3.72759e-07 4.46257e+03 4.60306e-16 +0.00000e+00
 4.64159e-07 4.49899e+03 6.30403e-16 +0.00000e+00
 5.77969e-07 4.53819e+03 8.62717e-16 +0.00000e+00
 7.19686e-07 4.57983e+03 1.17966e-15 +0.00000e+00
 8.96151e-07 4.62354e+03 1.61189e-15 +0.00000e+00
 1.11588e-06 4.66870e+03 2.20158e-15 +0.00000e+00
 1.38950e-06 4.71432e+03 3.00709e-15 +0.00000e+00
 1.73020e-06 4.75911e+03 4.10977e-15 +0.00000e+00
 2.15443e-06 4.80192e+03 5.62343e-15 +0.00000e+00
 2.68270e-06 4.84214e+03 7.70658e-15 +0.00000e+00
 3.34048e-06 4.88004e+03 1.05782e-14 +0.00000e+00
 4.15956e-06 4.91652e+03 1.45370e-14 +0.00000e+00
 5.17947e-06 4.95275e+03 1.99855e-14 +0.00000e+00
 6.44947e-06 4.98955e+03 2.74634e-14 +0.00000e+00
 8.03086e-06 5.02708e+03 3.76966e-14 +0.00000e+00
 1.00000e-05 5.06520e+03 5.16555e-14 +0.00000e+00
 1.24520e-05 5.10360e+03 7.06287e-14 +0.00000e+00
 1.55052e-05 5.14203e+03 9.63131e-14 +0.00000e+00
 1.93070e-05 5.18030e+03 1.30925e-13 +0.00000e+00
 2.40410e-05 5.21824e+03 1.77330e-13 +0.00000e+00
 2.99358e-05 5.25574e+03 2.39205e-13 +0.00000e+00
 3.72759e-05 5.29268e+03 3.21222e-13 +0.00000e+00
 4.64159e-05 5.32899e+03 4.29281e-13 +0.00000e+00
 5.77969e-05 5.36462e+03 5.70787e-13 +0.00000e+00
 7.19686e-05 5.39959e+03 7.54945e-13 +0.00000e+00
 8.96151e-05 5.43393e+03 9.93081e-13 +0.00000e+00
 1.11588e-04 5.46770e+03 1.29894e-12 +0.00000e+00
 1.38950e-04 5.50098e+03 1.68898e-12 +0.00000e+00
 1.73020e-04 5.53380e+03 2.18260e-12 +0.00000e+00
 2.15443e-04 5.56623e+03 2.80236e-12 +0.00000e+00
 2.68270e-04 5.59831e+03 3.57413e-12 +0.00000e+00
 3.34048e-04 5.63014e+03 4.52702e-12 +0.00000e+00
 4.15956e-04 5.66179e+03 5.69332e-12 +0.00000e+00
 5.17947e-04 5.69335e+03 7.10840e-12 +0.00000e+00
 6.44947e-04 5.72491e+03 8.81057e-12 +0.00000e+00
 8.03086e-04 5.75657e+03 1.08414e-11 +0.00000e+00
 1.00000e-03 5.78842e+03 1.32463e-11 +0.00000e+00
 1.24520e-03 5.82051e+03 1.60756e-11 -2.54620e-07
 1.55052e-03 5.85301e+03 1.93842e-11 -3.17052e-07
 1.93070e-03 5.88601e+03 2.32326e-11 -3.94792e-07
 2.40410e-03 5.91960e+03 2.76865e-11 -4.91594e-07
 2.99358e-03 5.95386e+03 3.28152e-11 -6.12134e-07
 3.72759e-03 5.98890e+03 3.86901e-11 -7.62226e-07
 4.64159e-03 6.02475e+03 4.53843e-11 -9.49120e-07
 5.77969e-03 6.06147e+03 5.29722e-11 -1.18184e-06
 7.19686e-03 6.09911e+03 6.15292e-11 -1.47162e-06
 8.96151e-03 6.13773e+03 7.11310e-11 -1.83247e-06
 1.11588e-02 6.17731e+03 8.18558e-11 -2.28178e-06
 1.38950e-02 6.21805e+03 9.37761e-11 -2.84127e-06
 1.73020e-02 6.26003e+03 1.06963e-10 -3.53793e-06
 2.15443e-02 6.30417e+03 1.21448e-10 -4.40543e-06
 2.68270e-02 6.35087e+03 1.37246e-10 -5.48562e-06
 3.34048e-02 6.40184e+03 1.54275e-10 -6.83068e-06
 4.15956e-02 6.45778e+03 1.72400e-10 -8.50555e-06
 5.17947e-02 6.51891e+03 1.91452e-10 -1.05911e-05
 6.44947e-02 6.58650e+03 2.11149e-10 -1.31880e-05
 8.03086e-02 6.66103e+03 2.31173e-10 -1.64217e-05
 1.00000e-01 6.74800e+03 2.50777e-10 -2.04481e-05
 1.24520e-01 6.85221e+03 2.68914e-10 -2.54620e-05
 1.55052e-01 6.97459e+03 2.84587e-10 -3.17052e-05
 1.93070e-01 7.11814e+03 2.96647e-10 -3.94794e-05
 2.40410e-01 7.28420e+03 3.04093e-10 -4.91594e-05
 2.99358e-01 7.47765e+03 3.05780e-10 -6.12134e-05
 3.72759e-01 7.71431e+03 2.99598e-10 -7.62226e-05
 4.64159e-01 7.97655e+03 2.86570e-10 -9.49108e-05
 5.77969e-01 8.24849e+03 2.68885e-10 -1.18154e-04
 7.19686e-01 8.62871e+03 2.38898e-10 -1.45647e-04
 8.96151e-01 9.14359e+03 2.00070e-10 -1.75933e-04
 1.11588e+00 9.42035e+03 1.84629e-10 -2.27159e-04
 1.38950e+00 9.68218e+03 1.73583e-10 -2.83891e-04
 1.73020e+00 9.97746e+03 1.64415e-10 -3.53762e-04
 2.15443e+00 1.03147e+04 1.57235e-10 -4.40540e-04
 2.68270e+00 1.06951e+04 1.52106e-10 -5.48562e-04
 3.34048e+00 1.11170e+04 1.48907e-10 -6.13446e-04
 4.15956e+00 1.15710e+04 1.47640e-10 -6.13446e-04
 5.17947e+00 1.20530e+04 1.48336e-10 -6.13446e-04
 6.44947e+00 1.25590e+04 1.51160e-10 -6.13446e-04
 8.03086e+00 1.30856e+04 1.56328e-10 -6.13446e-04
 1.00000e+01 1.36227e+04 1.64034e-10 -6.13446e-04
 1.24520e+01 1.47279e+04 1.68688e-10 -6.13446e-04
 1.55052e+01 1.09466e+04 2.56722e-10 -6.13304e-04
 1.93070e+01 1.93105e+04 1.56761e-10 -6.13446e-04
 2.40410e+01 1.69576e+04 2.17568e-10 -6.13446e-04
 2.99358e+01 1.95833e+04 2.26769e-10 -6.13446e-04
 3.72759e+01 1.88944e+04 2.82485e-10 -6.13446e-04
 4.64159e+01 2.02432e+04 3.15663e-10 -6.13446e-04
 5.77969e+01 2.04928e+04 3.70985e-10 -6.13446e-04
 7.19686e+01 2.12365e+04 4.23710e-10 -6.13446e-04
 8.96151e+01 2.19561e+04 4.84829e-10 -6.13446e-04
 1.11588e+02 2.27097e+04 5.54105e-10 -6.13446e-04
 1.38950e+02 2.35295e+04 6.32052e-10 -6.13446e-04
 1.73020e+02 2.43975e+04 7.20510e-10 -6.13446e-04
 2.15443e+02 2.53221e+04 8.20798e-10 -6.13446e-04
 2.68270e+02 2.63074e+04 9.34539e-10 -6.13446e-04
 3.34048e+02 2.73643e+04 1.06338e-09 -6.13446e-04
 4.15956e+02 2.84958e+04 1.20942e-09 -6.13446e-04
 5.17947e+02 2.97331e+04 1.37393e-09 -6.13446e-04
 6.44947e+02 3.11114e+04 1.55862e-09 -6.13446e-04
 8.03086e+02 3.23437e+04 1.77750e-09 -6.13416e-04
 1.00000e+03 3.48099e+04 1.95884e-09 -6.13204e-04
