#n1=128 n2=4 Teff=07400 R=3.3052e+13 L=2.3310e+39 logg=+0.00
#   tau          T          rho         Fconv
 0.00000e+00 4.00966e+03 2.02188e-21 +0.00000e+00
 1.00000e-09 4.00966e+03 5.61821e-21 +0.00000e+00
 1.24520e-09 4.01333e+03 6.52599e-21 +0.00000e+00
 1.55052e-09 4.01722e+03 7.66765e-21 +0.00000e+00
 1.93070e-09 4.02140e+03 9.10491e-21 +0.00000e+00
 2.40410e-09 4.02587e+03 1.09166e-20 +0.00000e+00
 2.99358e-09 4.03060e+03 1.32028e-20 +0.00000e+00
 3.72759e-09 4.03558e+03 1.60917e-20 +0.00000e+00
 4.64159e-09 4.04079e+03 1.97454e-20 +0.00000e+00
 5.77969e-09 4.04623e+03 2.43716e-20 +0.00000e+00
 7.19686e-09 4.05188e+03 3.02328e-20 +0.00000e+00
 8.96151e-09 4.05776e+03 3.76646e-20 +0.00000e+00
 1.11588e-08 4.06387e+03 4.70934e-20 +0.00000e+00
 1.38950e-08 4.07023e+03 5.90542e-20 +0.00000e+00
 1.73020e-08 4.07686e+03 7.42075e-20 +0.00000e+00
 2.15443e-08 4.08380e+03 9.33675e-20 +0.00000e+00
 2.68270e-08 4.09107e+03 1.17538e-19 +0.00000e+00
 3.34048e-08 4.09874e+03 1.48052e-19 +0.00000e+00
 4.15956e-08 4.10687e+03 1.86881e-19 +0.00000e+00
 5.17947e-08 4.11556e+03 2.36785e-19 +0.00000e+00
 6.44947e-08 4.12491e+03 3.01082e-19 +0.00000e+00
 8.03086e-08 4.13504e+03 3.84030e-19 +0.00000e+00
 1.00000e-07 4.14606e+03 4.91094e-19 +0.00000e+00
 1.24520e-07 4.15811e+03 6.29263e-19 +0.00000e+00
 1.55052e-07 4.17132e+03 8.07463e-19 +0.00000e+00
 1.93070e-07 4.18582e+03 1.03712e-18 +0.00000e+00
 2.40410e-07 4.20175e+03 1.33297e-18 +0.00000e+00
 2.99358e-07 4.21926e+03 1.71422e-18 +0.00000e+00
 3.72759e-07 4.23846e+03 2.20629e-18 +0.00000e+00
 4.64159e-07 4.25948e+03 2.84348e-18 +0.00000e+00
 5.77969e-07 4.28244e+03 3.67195e-18 +0.00000e+00
 7.19686e-07 4.30743e+03 4.75431e-18 +0.00000e+00
 8.96151e-07 4.33452e+03 6.17460e-18 +0.00000e+00
 1.11588e-06 4.36378e+03 8.04414e-18 +0.00000e+00
 1.38950e-06 4.39522e+03 1.05093e-17 +0.00000e+00
 1.73020e-06 4.42887e+03 1.37618e-17 +0.00000e+00
 2.15443e-06 4.46467e+03 1.80591e-17 +0.00000e+00
 2.68270e-06 4.50268e+03 2.37459e-17 +0.00000e+00
 3.34048e-06 4.54291e+03 3.12736e-17 +0.00000e+00
 4.15956e-06 4.58526e+03 4.12510e-17 +0.00000e+00
 5.17947e-06 4.62933e+03 5.45020e-17 +0.00000e+00
 6.44947e-06 4.67445e+03 7.21594e-17 +0.00000e+00
 8.03086e-06 4.71976e+03 9.57792e-17 +0.00000e+00
 1.00000e-05 4.76444e+03 1.27505e-16 +0.00000e+00
 1.24520e-05 4.80790e+03 1.70298e-16 +0.00000e+00
 1.55052e-05 4.85000e+03 2.28208e-16 +0.00000e+00
 1.93070e-05 4.89091e+03 3.06752e-16 +0.00000e+00
 2.40410e-05 4.93083e+03 4.13453e-16 +0.00000e+00
 2.99358e-05 4.97067e+03 5.58342e-16 +0.00000e+00
 3.72759e-05 5.01045e+03 7.55025e-16 +0.00000e+00
 4.64159e-05 5.05010e+03 1.02195e-15 +0.00000e+00
 5.77969e-05 5.08948e+03 1.38401e-15 +0.00000e+00
 7.19686e-05 5.12847e+03 1.87461e-15 +0.00000e+00
 8.96151e-05 5.16694e+03 2.53848e-15 +0.00000e+00
 1.11588e-04 5.20480e+03 3.43532e-15 +0.00000e+00
 1.38950e-04 5.24200e+03 4.64408e-15 +0.00000e+00
 1.73020e-04 5.27849e+03 6.26874e-15 +0.00000e+00
 2.15443e-04 5.31428e+03 8.44539e-15 +0.00000e+00
 2.68270e-04 5.34939e+03 1.13515e-14 +0.00000e+00
 3.34048e-04 5.38392e+03 1.52174e-14 +0.00000e+00
 4.15956e-04 5.41794e+03 2.03406e-14 +0.00000e+00
 5.17947e-04 5.45156e+03 2.71034e-14 +0.00000e+00
 6.44947e-04 5.48490e+03 3.59929e-14 +0.00000e+00
 8.03086e-04 5.51806e+03 4.76257e-14 +0.00000e+00
 1.00000e-03 5.55117e+03 6.27759e-14 +0.00000e+00
 1.24520e-03 5.58431e+03 8.24102e-14 -2.54903e-07
 1.55052e-03 5.61765e+03 1.07721e-13 -3.17405e-07
 1.93070e-03 5.65131e+03 1.40172e-13 -3.95231e-07
 2.40410e-03 5.68538e+03 1.81534e-13 -4.92141e-07
 2.99358e-03 5.71999e+03 2.33937e-13 -6.12815e-07
 3.72759e-03 5.75523e+03 2.99934e-13 -7.63074e-07
 4.64159e-03 5.79117e+03 3.82600e-13 -9.50177e-07
 5.77969e-03 5.82787e+03 4.85662e-13 -1.18316e-06
 7.19686e-03 5.86543e+03 6.13648e-13 -1.47326e-06
 8.96151e-03 5.90392e+03 7.72047e-13 -1.83451e-06
 1.11588e-02 5.94336e+03 9.67518e-13 -2.28432e-06
 1.38950e-02 5.98398e+03 1.20791e-12 -2.84443e-06
 1.73020e-02 6.02588e+03 1.50238e-12 -3.54187e-06
 2.15443e-02 6.07003e+03 1.86034e-12 -4.41033e-06
 2.68270e-02 6.11686e+03 2.29124e-12 -5.49173e-06
 3.34048e-02 6.16808e+03 2.80158e-12 -6.83828e-06
 4.15956e-02 6.22447e+03 3.39430e-12 -8.51502e-06
 5.17947e-02 6.28635e+03 4.06799e-12 -1.06029e-05
 6.44947e-02 6.35506e+03 4.81300e-12 -1.32027e-05
 8.03086e-02 6.43116e+03 5.61272e-12 -1.64400e-05
 1.00000e-01 6.52005e+03 6.42701e-12 -2.04717e-05
 1.24520e-01 6.62640e+03 7.19396e-12 -2.54902e-05
 1.55052e-01 6.75118e+03 7.84760e-12 -3.17411e-05
 1.93070e-01 6.89727e+03 8.31588e-12 -3.95234e-05
 2.40410e-01 7.06586e+03 8.54273e-12 -4.92150e-05
 2.99358e-01 7.26125e+03 8.48826e-12 -6.12809e-05
 3.72759e-01 7.49817e+03 8.11553e-12 -7.63074e-05
 4.64159e-01 7.75921e+03 7.59624e-12 -9.50177e-05
 5.77969e-01 8.02654e+03 7.14230e-12 -1.18316e-04
 7.19686e-01 8.39078e+03 6.67159e-12 -1.47326e-04
 8.96151e-01 8.88828e+03 6.32433e-12 -1.83451e-04
 1.11588e+00 9.18286e+03 6.42650e-12 -2.28432e-04
 1.38950e+00 9.49750e+03 6.63169e-12 -2.84460e-04
 1.73020e+00 9.86491e+03 6.92086e-12 -3.54213e-04
 2.15443e+00 1.02789e+04 7.31570e-12 -4.41033e-04
 2.68270e+00 1.07294e+04 7.84185e-12 -5.49173e-04
 3.34048e+00 1.12114e+04 8.52256e-12 -6.14128e-04
 4.15956e+00 1.17198e+04 9.37893e-12 -6.14128e-04
 5.17947e+00 1.22590e+04 1.04174e-11 -6.14128e-04
 6.44947e+00 1.28344e+04 1.16402e-11 -6.14128e-04
 8.03086e+00 1.34499e+04 1.30856e-11 -6.14128e-04
 1.00000e+01 1.32652e+04 1.58512e-11 -6.14128e-04
 1.24520e+01 1.65949e+04 1.51123e-11 -6.14128e-04
 1.55052e+01 1.42525e+04 2.14521e-11 -6.14128e-04
 1.93070e+01 1.89227e+04 1.97236e-11 -6.14128e-04
 2.40410e+01 1.66298e+04 2.76737e-11 -6.14128e-04
 2.99358e+01 1.98148e+04 2.86937e-11 -6.14128e-04
 3.72759e+01 1.95762e+04 3.61051e-11 -6.14128e-04
 4.64159e+01 2.12846e+04 4.13010e-11 -6.14128e-04
 5.77969e+01 2.20408e+04 4.96152e-11 -6.14128e-04
 7.19686e+01 2.33410e+04 5.82628e-11 -6.14128e-04
 8.96151e+01 2.45435e+04 6.89409e-11 -6.14128e-04
 1.11588e+02 2.59017e+04 8.12809e-11 -6.14128e-04
 1.38950e+02 2.73753e+04 9.56910e-11 -6.14128e-04
 1.73020e+02 2.89824e+04 1.12366e-10 -6.14128e-04
 2.15443e+02 3.07302e+04 1.31365e-10 -6.14128e-04
 2.68270e+02 3.25992e+04 1.52811e-10 -6.14128e-04
 3.34048e+02 3.45541e+04 1.77608e-10 -6.14128e-04
 4.15956e+02 3.65527e+04 2.07365e-10 -6.14128e-04
 5.17947e+02 3.85549e+04 2.43461e-10 -6.14128e-04
 6.44947e+02 4.06387e+04 2.86479e-10 -6.14128e-04
 8.03086e+02 4.24803e+04 3.39511e-10 -6.14128e-04
 1.00000e+03 4.51206e+04 3.96101e-10 -6.14128e-04
