#n1=128 n2=4 Teff=07200 R=9.5662e+11 L=1.7519e+36 logg=+2.50
#   tau          T          rho         Fconv
 0.00000e+00 4.46230e+03 1.74340e-21 +0.00000e+00
 1.00000e-09 4.46230e+03 2.40362e-18 +0.00000e+00
 1.24520e-09 4.46427e+03 3.18113e-18 +0.00000e+00
 1.55052e-09 4.46617e+03 4.25281e-18 +0.00000e+00
 1.93070e-09 4.46799e+03 5.74232e-18 +0.00000e+00
 2.40410e-09 4.46975e+03 7.79781e-18 +0.00000e+00
 2.99358e-09 4.47147e+03 1.05969e-17 +0.00000e+00
 3.72759e-09 4.47312e+03 1.43992e-17 +0.00000e+00
 4.64159e-09 4.47471e+03 1.95570e-17 +0.00000e+00
 5.77969e-09 4.47624e+03 2.65621e-17 +0.00000e+00
 7.19686e-09 4.47771e+03 3.61321e-17 +0.00000e+00
 8.96151e-09 4.47913e+03 4.93489e-17 +0.00000e+00
 1.11588e-08 4.48053e+03 6.79054e-17 +0.00000e+00
 1.38950e-08 4.48190e+03 9.45589e-17 +0.00000e+00
 1.73020e-08 4.48327e+03 1.34040e-16 +0.00000e+00
 2.15443e-08 4.48466e+03 1.94305e-16 +0.00000e+00
 2.68270e-08 4.48611e+03 2.86315e-16 +0.00000e+00
 3.34048e-08 4.48761e+03 4.23332e-16 +0.00000e+00
 4.15956e-08 4.48912e+03 6.24777e-16 +0.00000e+00
 5.17947e-08 4.49063e+03 9.19072e-16 +0.00000e+00
 6.44947e-08 4.49217e+03 1.34708e-15 +0.00000e+00
 8.03086e-08 4.49379e+03 1.96687e-15 +0.00000e+00
 1.00000e-07 4.49557e+03 2.86020e-15 +0.00000e+00
 1.24520e-07 4.49760e+03 4.14186e-15 +0.00000e+00
 1.55052e-07 4.50004e+03 5.97343e-15 +0.00000e+00
 1.93070e-07 4.50306e+03 8.58327e-15 +0.00000e+00
 2.40410e-07 4.50685e+03 1.22954e-14 +0.00000e+00
 2.99358e-07 4.51161e+03 1.75711e-14 +0.00000e+00
 3.72759e-07 4.51748e+03 2.50750e-14 +0.00000e+00
 4.64159e-07 4.52458e+03 3.57730e-14 +0.00000e+00
 5.77969e-07 4.53300e+03 5.10688e-14 +0.00000e+00
 7.19686e-07 4.54286e+03 7.29770e-14 +0.00000e+00
 8.96151e-07 4.55438e+03 1.04337e-13 +0.00000e+00
 1.11588e-06 4.56793e+03 1.49096e-13 +0.00000e+00
 1.38950e-06 4.58405e+03 2.12661e-13 +0.00000e+00
 1.73020e-06 4.60325e+03 3.02351e-13 +0.00000e+00
 2.15443e-06 4.62587e+03 4.28060e-13 +0.00000e+00
 2.68270e-06 4.65210e+03 6.03140e-13 +0.00000e+00
 3.34048e-06 4.68194e+03 8.45472e-13 +0.00000e+00
 4.15956e-06 4.71518e+03 1.17872e-12 +0.00000e+00
 5.17947e-06 4.75138e+03 1.63378e-12 +0.00000e+00
 6.44947e-06 4.78985e+03 2.25041e-12 +0.00000e+00
 8.03086e-06 4.82971e+03 3.07876e-12 +0.00000e+00
 1.00000e-05 4.87000e+03 4.18054e-12 +0.00000e+00
 1.24520e-05 4.90976e+03 5.62980e-12 +0.00000e+00
 1.55052e-05 4.94816e+03 7.51308e-12 +0.00000e+00
 1.93070e-05 4.98459e+03 9.92883e-12 +0.00000e+00
 2.40410e-05 5.01875e+03 1.29860e-11 +0.00000e+00
 2.99358e-05 5.05066e+03 1.68017e-11 +0.00000e+00
 3.72759e-05 5.08063e+03 2.14982e-11 +0.00000e+00
 4.64159e-05 5.10912e+03 2.72002e-11 +0.00000e+00
 5.77969e-05 5.13661e+03 3.40324e-11 +0.00000e+00
 7.19686e-05 5.16354e+03 4.21185e-11 +0.00000e+00
 8.96151e-05 5.19027e+03 5.15801e-11 +0.00000e+00
 1.11588e-04 5.21701e+03 6.25371e-11 +0.00000e+00
 1.38950e-04 5.24392e+03 7.51083e-11 +0.00000e+00
 1.73020e-04 5.27107e+03 8.94121e-11 +0.00000e+00
 2.15443e-04 5.29850e+03 1.05567e-10 +0.00000e+00
 2.68270e-04 5.32624e+03 1.23694e-10 +0.00000e+00
 3.34048e-04 5.35432e+03 1.43919e-10 +0.00000e+00
 4.15956e-04 5.38273e+03 1.66378e-10 +0.00000e+00
 5.17947e-04 5.41146e+03 1.91227e-10 +0.00000e+00
 6.44947e-04 5.44051e+03 2.18648e-10 +0.00000e+00
 8.03086e-04 5.46984e+03 2.48862e-10 +0.00000e+00
 1.00000e-03 5.49943e+03 2.82140e-10 +0.00000e+00
 1.24520e-03 5.52924e+03 3.18813e-10 -2.54622e-07
 1.55052e-03 5.55924e+03 3.59281e-10 -3.17055e-07
 1.93070e-03 5.58942e+03 4.04020e-10 -3.94796e-07
 2.40410e-03 5.61977e+03 4.53582e-10 -4.91599e-07
 2.99358e-03 5.65026e+03 5.08589e-10 -6.12138e-07
 3.72759e-03 5.68092e+03 5.69736e-10 -7.62232e-07
 4.64159e-03 5.71176e+03 6.37783e-10 -9.49128e-07
 5.77969e-03 5.74281e+03 7.13557e-10 -1.18185e-06
 7.19686e-03 5.77411e+03 7.97965e-10 -1.47164e-06
 8.96151e-03 5.80575e+03 8.91979e-10 -1.83248e-06
 1.11588e-02 5.83787e+03 9.96630e-10 -2.28180e-06
 1.38950e-02 5.87072e+03 1.11296e-09 -2.84129e-06
 1.73020e-02 5.90456e+03 1.24203e-09 -3.53797e-06
 2.15443e-02 5.93996e+03 1.38472e-09 -4.40547e-06
 2.68270e-02 5.97735e+03 1.54182e-09 -5.48568e-06
 3.34048e-02 6.01765e+03 1.71368e-09 -6.83075e-06
 4.15956e-02 6.06182e+03 1.90019e-09 -8.50560e-06
 5.17947e-02 6.11174e+03 2.10005e-09 -1.05912e-05
 6.44947e-02 6.16691e+03 2.31222e-09 -1.31881e-05
 8.03086e-02 6.22668e+03 2.53578e-09 -1.64218e-05
 1.00000e-01 6.29478e+03 2.76692e-09 -2.04484e-05
 1.24520e-01 6.37394e+03 3.00029e-09 -2.54622e-05
 1.55052e-01 6.46677e+03 3.22894e-09 -3.17055e-05
 1.93070e-01 6.57601e+03 3.44448e-09 -3.94796e-05
 2.40410e-01 6.70506e+03 3.63697e-09 -4.91599e-05
 2.99358e-01 6.85568e+03 3.79726e-09 -6.12138e-05
 3.72759e-01 7.02869e+03 3.91811e-09 -7.62232e-05
 4.64159e-01 7.23717e+03 3.98402e-09 -9.49128e-05
 5.77969e-01 7.50527e+03 3.96843e-09 -1.18169e-04
 7.19686e-01 7.80402e+03 3.88683e-09 -1.46436e-04
 8.96151e-01 8.15584e+03 3.72331e-09 -1.27510e-04
 1.11588e+00 8.59841e+03 3.44282e-09 +3.35015e-03
 1.38950e+00 8.84551e+03 3.28475e-09 +7.20235e-03
 1.73020e+00 9.04379e+03 3.15637e-09 +1.45890e-02
 2.15443e+00 9.22559e+03 3.03660e-09 +2.46579e-02
 2.68270e+00 9.40034e+03 2.92020e-09 +3.66418e-02
 3.34048e+00 9.57328e+03 2.80485e-09 +4.71194e-02
 4.15956e+00 9.74124e+03 2.69520e-09 +5.27318e-02
 5.17947e+00 9.90799e+03 2.59009e-09 +5.67123e-02
 6.44947e+00 1.00786e+04 2.48748e-09 +5.95055e-02
 8.03086e+00 1.02586e+04 2.38559e-09 +6.13585e-02
 1.00000e+01 1.04551e+04 2.28272e-09 +6.23502e-02
 1.24520e+01 1.06789e+04 2.17682e-09 +6.23500e-02
 1.55052e+01 1.09499e+04 2.06476e-09 +6.07809e-02
 1.93070e+01 1.13140e+04 1.94017e-09 +5.55168e-02
 2.40410e+01 1.19195e+04 1.78582e-09 +3.57981e-02
 2.99358e+01 1.33992e+04 1.56318e-09 -4.14164e-04
 3.72759e+01 1.28529e+04 1.70278e-09 +3.86436e-03
 4.64159e+01 1.39716e+04 1.61245e-09 -5.42344e-04
 5.77969e+01 1.37287e+04 1.73484e-09 -2.00692e-04
 7.19686e+01 1.41557e+04 1.78159e-09 -3.69251e-04
 8.96151e+01 1.48006e+04 1.82632e-09 -4.48192e-04
 1.11588e+02 1.60202e+04 1.83163e-09 -5.01109e-04
 1.38950e+02 2.02529e+04 1.64523e-09 -6.13451e-04
 1.73020e+02 1.86509e+04 2.10419e-09 -6.08775e-04
 2.15443e+02 2.12220e+04 2.17107e-09 -6.13439e-04
 2.68270e+02 2.03144e+04 2.66511e-09 -6.07298e-04
 3.34048e+02 2.22048e+04 2.86441e-09 -6.12777e-04
 4.15956e+02 2.13885e+04 3.46538e-09 -5.18664e-04
 5.17947e+02 2.40574e+04 3.62632e-09 -6.09394e-04
 6.44947e+02 2.38100e+04 4.32904e-09 -4.64594e-04
 8.03086e+02 2.41932e+04 4.96573e-09 +2.84177e-04
 1.00000e+03 2.69113e+04 5.22712e-09 -4.95620e-04
