#n1=128 n2=4 Teff=07000 R=4.3094e+12 L=3.1735e+37 logg=+1.50
#   tau          T          rho         Fconv
 0.00000e+00 3.87105e+03 2.10641e-21 +0.00000e+00
 1.00000e-09 3.87105e+03 6.02419e-19 +0.00000e+00
 1.24520e-09 3.87323e+03 8.61768e-19 +0.00000e+00
 1.55052e-09 3.87555e+03 1.23416e-18 +0.00000e+00
 1.93070e-09 3.87803e+03 1.76605e-18 +0.00000e+00
 2.40410e-09 3.88071e+03 2.52060e-18 +0.00000e+00
 2.99358e-09 3.88365e+03 3.58233e-18 +0.00000e+00
 3.72759e-09 3.88692e+03 5.06434e-18 +0.00000e+00
 4.64159e-09 3.89062e+03 7.11863e-18 +0.00000e+00
 5.77969e-09 3.89487e+03 9.95240e-18 +0.00000e+00
 7.19686e-09 3.89980e+03 1.38523e-17 +0.00000e+00
 8.96151e-09 3.90560e+03 1.92187e-17 +0.00000e+00
 1.11588e-08 3.91244e+03 2.66128e-17 +0.00000e+00
 1.38950e-08 3.92053e+03 3.68205e-17 +0.00000e+00
 1.73020e-08 3.93007e+03 5.09430e-17 +0.00000e+00
 2.15443e-08 3.94134e+03 7.05195e-17 +0.00000e+00
 2.68270e-08 3.95462e+03 9.77082e-17 +0.00000e+00
 3.34048e-08 3.97030e+03 1.35564e-16 +0.00000e+00
 4.15956e-08 3.98868e+03 1.88334e-16 +0.00000e+00
 5.17947e-08 4.00996e+03 2.61756e-16 +0.00000e+00
 6.44947e-08 4.03415e+03 3.63517e-16 +0.00000e+00
 8.03086e-08 4.06107e+03 5.03972e-16 +0.00000e+00
 1.00000e-07 4.09046e+03 6.97111e-16 +0.00000e+00
 1.24520e-07 4.12201e+03 9.61924e-16 +0.00000e+00
 1.55052e-07 4.15539e+03 1.32429e-15 +0.00000e+00
 1.93070e-07 4.19029e+03 1.81949e-15 +0.00000e+00
 2.40410e-07 4.22627e+03 2.49581e-15 +0.00000e+00
 2.99358e-07 4.26264e+03 3.41957e-15 +0.00000e+00
 3.72759e-07 4.29843e+03 4.68246e-15 +0.00000e+00
 4.64159e-07 4.33264e+03 6.41163e-15 +0.00000e+00
 5.77969e-07 4.36463e+03 8.78345e-15 +0.00000e+00
 7.19686e-07 4.39440e+03 1.20409e-14 +0.00000e+00
 8.96151e-07 4.42249e+03 1.65152e-14 +0.00000e+00
 1.11588e-06 4.44975e+03 2.26522e-14 +0.00000e+00
 1.38950e-06 4.47689e+03 3.10503e-14 +0.00000e+00
 1.73020e-06 4.50422e+03 4.25136e-14 +0.00000e+00
 2.15443e-06 4.53175e+03 5.81196e-14 +0.00000e+00
 2.68270e-06 4.55941e+03 7.93034e-14 +0.00000e+00
 3.34048e-06 4.58717e+03 1.07961e-13 +0.00000e+00
 4.15956e-06 4.61510e+03 1.46570e-13 +0.00000e+00
 5.17947e-06 4.64336e+03 1.98334e-13 +0.00000e+00
 6.44947e-06 4.67207e+03 2.67344e-13 +0.00000e+00
 8.03086e-06 4.70128e+03 3.58769e-13 +0.00000e+00
 1.00000e-05 4.73103e+03 4.79073e-13 +0.00000e+00
 1.24520e-05 4.76130e+03 6.36265e-13 +0.00000e+00
 1.55052e-05 4.79204e+03 8.40184e-13 +0.00000e+00
 1.93070e-05 4.82320e+03 1.10281e-12 +0.00000e+00
 2.40410e-05 4.85475e+03 1.43855e-12 +0.00000e+00
 2.99358e-05 4.88664e+03 1.86461e-12 +0.00000e+00
 3.72759e-05 4.91885e+03 2.40113e-12 +0.00000e+00
 4.64159e-05 4.95137e+03 3.07143e-12 +0.00000e+00
 5.77969e-05 4.98417e+03 3.90196e-12 +0.00000e+00
 7.19686e-05 5.01723e+03 4.92223e-12 +0.00000e+00
 8.96151e-05 5.05050e+03 6.16449e-12 +0.00000e+00
 1.11588e-04 5.08395e+03 7.66345e-12 +0.00000e+00
 1.38950e-04 5.11752e+03 9.45578e-12 +0.00000e+00
 1.73020e-04 5.15117e+03 1.15798e-11 +0.00000e+00
 2.15443e-04 5.18491e+03 1.40749e-11 +0.00000e+00
 2.68270e-04 5.21873e+03 1.69816e-11 +0.00000e+00
 3.34048e-04 5.25270e+03 2.03406e-11 +0.00000e+00
 4.15956e-04 5.28687e+03 2.41930e-11 +0.00000e+00
 5.17947e-04 5.32130e+03 2.85802e-11 +0.00000e+00
 6.44947e-04 5.35609e+03 3.35436e-11 +0.00000e+00
 8.03086e-04 5.39134e+03 3.91252e-11 +0.00000e+00
 1.00000e-03 5.42712e+03 4.53693e-11 +0.00000e+00
 1.24520e-03 5.46346e+03 5.23247e-11 -2.54850e-07
 1.55052e-03 5.50044e+03 6.00457e-11 -3.17339e-07
 1.93070e-03 5.53809e+03 6.85943e-11 -3.95149e-07
 2.40410e-03 5.57640e+03 7.80422e-11 -4.92038e-07
 2.99358e-03 5.61529e+03 8.84725e-11 -6.12684e-07
 3.72759e-03 5.65477e+03 9.99772e-11 -7.62909e-07
 4.64159e-03 5.69469e+03 1.12660e-10 -9.49980e-07
 5.77969e-03 5.73504e+03 1.26631e-10 -1.18291e-06
 7.19686e-03 5.77567e+03 1.42015e-10 -1.47295e-06
 8.96151e-03 5.81656e+03 1.58946e-10 -1.83412e-06
 1.11588e-02 5.85775e+03 1.77566e-10 -2.28384e-06
 1.38950e-02 5.89945e+03 1.98017e-10 -2.84383e-06
 1.73020e-02 5.94168e+03 2.20453e-10 -3.54113e-06
 2.15443e-02 5.98530e+03 2.44973e-10 -4.40940e-06
 2.68270e-02 6.03040e+03 2.71685e-10 -5.49057e-06
 3.34048e-02 6.07844e+03 3.00569e-10 -6.83684e-06
 4.15956e-02 6.13049e+03 3.31531e-10 -8.51323e-06
 5.17947e-02 6.19079e+03 3.64012e-10 -1.06007e-05
 6.44947e-02 6.25631e+03 3.97805e-10 -1.31999e-05
 8.03086e-02 6.32234e+03 4.33155e-10 -1.64365e-05
 1.00000e-01 6.39691e+03 4.69135e-10 -2.04666e-05
 1.24520e-01 6.48425e+03 5.04524e-10 -2.54850e-05
 1.55052e-01 6.58783e+03 5.37760e-10 -3.17339e-05
 1.93070e-01 6.71086e+03 5.67013e-10 -3.95150e-05
 2.40410e-01 6.85829e+03 5.90004e-10 -4.92037e-05
 2.99358e-01 7.02716e+03 6.05433e-10 -6.12684e-05
 3.72759e-01 7.20233e+03 6.14569e-10 -7.62909e-05
 4.64159e-01 7.40705e+03 6.14098e-10 -9.49973e-05
 5.77969e-01 7.73627e+03 5.87695e-10 -1.18280e-04
 7.19686e-01 8.02610e+03 5.57480e-10 -1.47011e-04
 8.96151e-01 8.33544e+03 5.17785e-10 -1.65101e-04
 1.11588e+00 8.95061e+03 4.24543e-10 +2.62183e-03
 1.38950e+00 9.21391e+03 3.89035e-10 +8.98320e-04
 1.73020e+00 9.44454e+03 3.61823e-10 +7.67851e-04
 2.15443e+00 9.70734e+03 3.35361e-10 +4.82020e-04
 2.68270e+00 1.01607e+04 3.00231e-10 -4.52729e-04
 3.34048e+00 1.03742e+04 2.90008e-10 -5.93360e-04
 4.15956e+00 1.07721e+04 2.74358e-10 -6.13059e-04
 5.17947e+00 1.12050e+04 2.63103e-10 -6.13968e-04
 6.44947e+00 1.16761e+04 2.55154e-10 -6.13998e-04
 8.03086e+00 1.21957e+04 2.49761e-10 -6.13998e-04
 1.00000e+01 1.27767e+04 2.46610e-10 -6.13998e-04
 1.24520e+01 1.35663e+04 2.43455e-10 -6.13998e-04
 1.55052e+01 1.38660e+04 2.53334e-10 -6.13998e-04
 1.93070e+01 1.45291e+04 2.59367e-10 -6.13998e-04
 2.40410e+01 1.51297e+04 2.71141e-10 -6.13998e-04
 2.99358e+01 1.57654e+04 2.87443e-10 -6.13998e-04
 3.72759e+01 1.64333e+04 3.09332e-10 -6.13998e-04
 4.64159e+01 1.71374e+04 3.37501e-10 -6.13998e-04
 5.77969e+01 1.78811e+04 3.72521e-10 -6.13998e-04
 7.19686e+01 1.86662e+04 4.14994e-10 -6.13998e-04
 8.96151e+01 1.95353e+04 4.65126e-10 -6.13998e-04
 1.11588e+02 2.01935e+04 5.29277e-10 -6.13998e-04
 1.38950e+02 2.17924e+04 5.85180e-10 -6.13998e-04
 1.73020e+02 2.22174e+04 6.82950e-10 -6.13998e-04
 2.15443e+02 2.37181e+04 7.64577e-10 -6.13998e-04
 2.68270e+02 2.42585e+04 8.90332e-10 -6.13998e-04
 3.34048e+02 2.55243e+04 1.00682e-09 -6.13998e-04
 4.15956e+02 2.66534e+04 1.14963e-09 -6.13998e-04
 5.17947e+02 2.76916e+04 1.31759e-09 -6.13998e-04
 6.44947e+02 2.89554e+04 1.49993e-09 -6.13998e-04
 8.03086e+02 3.03220e+04 1.70745e-09 -6.13991e-04
 1.00000e+03 3.12946e+04 1.96722e-09 -6.13893e-04
