#n1=128 n2=4 Teff=07400 R=8.0894e+12 L=1.3980e+38 logg=+1.00
#   tau          T          rho         Fconv
 0.00000e+00 3.48722e+03 3.21147e-21 +0.00000e+00
 1.00000e-09 3.48722e+03 6.07045e-18 +0.00000e+00
 1.24520e-09 3.49120e+03 9.14831e-18 +0.00000e+00
 1.55052e-09 3.49567e+03 1.36465e-17 +0.00000e+00
 1.93070e-09 3.50084e+03 2.01266e-17 +0.00000e+00
 2.40410e-09 3.50684e+03 2.93565e-17 +0.00000e+00
 2.99358e-09 3.51383e+03 4.23732e-17 +0.00000e+00
 3.72759e-09 3.52199e+03 6.05631e-17 +0.00000e+00
 4.64159e-09 3.53147e+03 8.57571e-17 +0.00000e+00
 5.77969e-09 3.54241e+03 1.20345e-16 +0.00000e+00
 7.19686e-09 3.55485e+03 1.67431e-16 +0.00000e+00
 8.96151e-09 3.56881e+03 2.31070e-16 +0.00000e+00
 1.11588e-08 3.58422e+03 3.16596e-16 +0.00000e+00
 1.38950e-08 3.60093e+03 4.31008e-16 +0.00000e+00
 1.73020e-08 3.61870e+03 5.83443e-16 +0.00000e+00
 2.15443e-08 3.63726e+03 7.85811e-16 +0.00000e+00
 2.68270e-08 3.65636e+03 1.05360e-15 +0.00000e+00
 3.34048e-08 3.67577e+03 1.40686e-15 +0.00000e+00
 4.15956e-08 3.69537e+03 1.87138e-15 +0.00000e+00
 5.17947e-08 3.71512e+03 2.48013e-15 +0.00000e+00
 6.44947e-08 3.73495e+03 3.27518e-15 +0.00000e+00
 8.03086e-08 3.75469e+03 4.31032e-15 +0.00000e+00
 1.00000e-07 3.77401e+03 5.65454e-15 +0.00000e+00
 1.24520e-07 3.79248e+03 7.39650e-15 +0.00000e+00
 1.55052e-07 3.80966e+03 9.65006e-15 +0.00000e+00
 1.93070e-07 3.82522e+03 1.25621e-14 +0.00000e+00
 2.40410e-07 3.83886e+03 1.63229e-14 +0.00000e+00
 2.99358e-07 3.85014e+03 2.11798e-14 +0.00000e+00
 3.72759e-07 3.85870e+03 2.74547e-14 +0.00000e+00
 4.64159e-07 3.86489e+03 3.55591e-14 +0.00000e+00
 5.77969e-07 3.86911e+03 4.60173e-14 +0.00000e+00
 7.19686e-07 3.87073e+03 5.95368e-14 +0.00000e+00
 8.96151e-07 3.86983e+03 7.70121e-14 +0.00000e+00
 1.11588e-06 3.86593e+03 9.96145e-14 +0.00000e+00
 1.38950e-06 3.85964e+03 1.28837e-13 +0.00000e+00
 1.73020e-06 3.85202e+03 1.66550e-13 +0.00000e+00
 2.15443e-06 3.84415e+03 2.15077e-13 +0.00000e+00
 2.68270e-06 3.83699e+03 2.77292e-13 +0.00000e+00
 3.34048e-06 3.83220e+03 3.56622e-13 +0.00000e+00
 4.15956e-06 3.83044e+03 4.57209e-13 +0.00000e+00
 5.17947e-06 3.83168e+03 5.84230e-13 +0.00000e+00
 6.44947e-06 3.83495e+03 7.44199e-13 +0.00000e+00
 8.03086e-06 3.83942e+03 9.45210e-13 +0.00000e+00
 1.00000e-05 3.84483e+03 1.19718e-12 +0.00000e+00
 1.24520e-05 3.85122e+03 1.51220e-12 +0.00000e+00
 1.55052e-05 3.85871e+03 1.90498e-12 +0.00000e+00
 1.93070e-05 3.86734e+03 2.39344e-12 +0.00000e+00
 2.40410e-05 3.87718e+03 2.99923e-12 +0.00000e+00
 2.99358e-05 3.88835e+03 3.74840e-12 +0.00000e+00
 3.72759e-05 3.90099e+03 4.67205e-12 +0.00000e+00
 4.64159e-05 3.91538e+03 5.80689e-12 +0.00000e+00
 5.77969e-05 3.93185e+03 7.19586e-12 +0.00000e+00
 7.19686e-05 3.95087e+03 8.88837e-12 +0.00000e+00
 8.96151e-05 3.97291e+03 1.09407e-11 +0.00000e+00
 1.11588e-04 3.99844e+03 1.34158e-11 +0.00000e+00
 1.38950e-04 4.02691e+03 1.63876e-11 +0.00000e+00
 1.73020e-04 4.06125e+03 1.99209e-11 +0.00000e+00
 2.15443e-04 4.10085e+03 2.40953e-11 +0.00000e+00
 2.68270e-04 4.14638e+03 2.89840e-11 +0.00000e+00
 3.34048e-04 4.19879e+03 3.46481e-11 +0.00000e+00
 4.15956e-04 4.25936e+03 4.11208e-11 +0.00000e+00
 5.17947e-04 4.32855e+03 4.84016e-11 +0.00000e+00
 6.44947e-04 4.41001e+03 5.63729e-11 +0.00000e+00
 8.03086e-04 4.50276e+03 6.48629e-11 +0.00000e+00
 1.00000e-03 4.60629e+03 7.35914e-11 +0.00000e+00
 1.24520e-03 4.71973e+03 8.21937e-11 -2.54595e-07
 1.55052e-03 4.83960e+03 9.03465e-11 -3.17021e-07
 1.93070e-03 4.96534e+03 9.77417e-11 -3.94753e-07
 2.40410e-03 5.09466e+03 1.04235e-10 -4.91545e-07
 2.99358e-03 5.22675e+03 1.09780e-10 -6.12049e-07
 3.72759e-03 5.35854e+03 1.14489e-10 -7.62067e-07
 4.64159e-03 5.48861e+03 1.18505e-10 -9.48943e-07
 5.77969e-03 5.61505e+03 1.22016e-10 -1.18168e-06
 7.19686e-03 5.73724e+03 1.25146e-10 -1.47147e-06
 8.96151e-03 5.83160e+03 1.28770e-10 -1.83227e-06
 1.11588e-02 5.94500e+03 1.31791e-10 -2.28154e-06
 1.38950e-02 6.05177e+03 1.34802e-10 -2.84099e-06
 1.73020e-02 6.15625e+03 1.37738e-10 -3.53758e-06
 2.15443e-02 6.25611e+03 1.40689e-10 -4.40499e-06
 2.68270e-02 6.35100e+03 1.43702e-10 -5.48507e-06
 3.34048e-02 6.44102e+03 1.46815e-10 -6.82999e-06
 4.15956e-02 6.52723e+03 1.50030e-10 -8.50470e-06
 5.17947e-02 6.61126e+03 1.53319e-10 -1.05900e-05
 6.44947e-02 6.69434e+03 1.56647e-10 -1.31867e-05
 8.03086e-02 6.77755e+03 1.59969e-10 -1.64200e-05
 1.00000e-01 6.86262e+03 1.63200e-10 -2.04459e-05
 1.24520e-01 6.95271e+03 1.66163e-10 -2.54597e-05
 1.55052e-01 7.05292e+03 1.68538e-10 -3.17021e-05
 1.93070e-01 7.17034e+03 1.69815e-10 -3.94753e-05
 2.40410e-01 7.31262e+03 1.69328e-10 -4.91545e-05
 2.99358e-01 7.48550e+03 1.66400e-10 -6.12073e-05
 3.72759e-01 7.69411e+03 1.60382e-10 -7.62144e-05
 4.64159e-01 7.94244e+03 1.50831e-10 -9.48978e-05
 5.77969e-01 8.23100e+03 1.37936e-10 -1.18064e-04
 7.19686e-01 8.56735e+03 1.22466e-10 -1.46055e-04
 8.96151e-01 8.92080e+03 1.08076e-10 -1.81340e-04
 1.11588e+00 9.28238e+03 9.68451e-11 -2.27768e-04
 1.38950e+00 9.54059e+03 9.13448e-11 -2.84064e-04
 1.73020e+00 9.81265e+03 8.72311e-11 -3.53755e-04
 2.15443e+00 1.01323e+04 8.38732e-11 -4.40498e-04
 2.68270e+00 1.04961e+04 8.13944e-11 -5.48507e-04
 3.34048e+00 1.07877e+04 8.07242e-11 -6.13384e-04
 4.15956e+00 1.18047e+04 7.58252e-11 -6.13384e-04
 5.17947e+00 1.21321e+04 7.74155e-11 -6.13384e-04
 6.44947e+00 1.26204e+04 7.89695e-11 -6.13384e-04
 8.03086e+00 1.31242e+04 8.16271e-11 -6.13384e-04
 1.00000e+01 1.36591e+04 8.53639e-11 -6.13384e-04
 1.24520e+01 1.42406e+04 9.02285e-11 -6.13384e-04
 1.55052e+01 1.48033e+04 9.69883e-11 -6.13384e-04
 1.93070e+01 1.53400e+04 1.05941e-10 -6.13384e-04
 2.40410e+01 1.62194e+04 1.15067e-10 -6.13384e-04
 2.99358e+01 1.65931e+04 1.30545e-10 -6.13384e-04
 3.72759e+01 1.75904e+04 1.44173e-10 -6.13384e-04
 4.64159e+01 1.81904e+04 1.64458e-10 -6.13384e-04
 5.77969e+01 1.90736e+04 1.85914e-10 -6.13384e-04
 7.19686e+01 1.99409e+04 2.11881e-10 -6.13384e-04
 8.96151e+01 2.07891e+04 2.42739e-10 -6.13384e-04
 1.11588e+02 2.17462e+04 2.77667e-10 -6.13384e-04
 1.38950e+02 2.29195e+04 3.16894e-10 -6.13384e-04
 1.73020e+02 2.34474e+04 3.70741e-10 -6.13384e-04
 2.15443e+02 2.52559e+04 4.15814e-10 -6.13384e-04
 2.68270e+02 2.55787e+04 4.91906e-10 -6.13384e-04
 3.34048e+02 2.77425e+04 5.46812e-10 -6.13384e-04
 4.15956e+02 2.84455e+04 6.41215e-10 -6.13384e-04
 5.17947e+02 2.98891e+04 7.30680e-10 -6.13384e-04
 6.44947e+02 3.36774e+04 7.86327e-10 -6.13384e-04
 8.03086e+02 3.26774e+04 9.80666e-10 -6.13372e-04
 1.00000e+03 3.85031e+04 9.81880e-10 -6.13384e-04
