#n1=128 n2=4 Teff=07400 R=1.6635e+13 L=5.9006e+38 logg=+0.50
#   tau          T          rho         Fconv
 0.00000e+00 4.56307e+03 1.70551e-21 +0.00000e+00
 1.00000e-09 4.56307e+03 1.33730e-20 +0.00000e+00
 1.24520e-09 4.56644e+03 1.63228e-20 +0.00000e+00
 1.55052e-09 4.56970e+03 2.00258e-20 +0.00000e+00
 1.93070e-09 4.57308e+03 2.46758e-20 +0.00000e+00
 2.40410e-09 4.57659e+03 3.05180e-20 +0.00000e+00
 2.99358e-09 4.58020e+03 3.78629e-20 +0.00000e+00
 3.72759e-09 4.58390e+03 4.71021e-20 +0.00000e+00
 4.64159e-09 4.58767e+03 5.87365e-20 +0.00000e+00
 5.77969e-09 4.59155e+03 7.33981e-20 +0.00000e+00
 7.19686e-09 4.59551e+03 9.19091e-20 +0.00000e+00
 8.96151e-09 4.59955e+03 1.15320e-19 +0.00000e+00
 1.11588e-08 4.60367e+03 1.45003e-19 +0.00000e+00
 1.38950e-08 4.60787e+03 1.82730e-19 +0.00000e+00
 1.73020e-08 4.61217e+03 2.30823e-19 +0.00000e+00
 2.15443e-08 4.61656e+03 2.92315e-19 +0.00000e+00
 2.68270e-08 4.62104e+03 3.71031e-19 +0.00000e+00
 3.34048e-08 4.62563e+03 4.71427e-19 +0.00000e+00
 4.15956e-08 4.63033e+03 5.99507e-19 +0.00000e+00
 5.17947e-08 4.63513e+03 7.62814e-19 +0.00000e+00
 6.44947e-08 4.64004e+03 9.70999e-19 +0.00000e+00
 8.03086e-08 4.64506e+03 1.23664e-18 +0.00000e+00
 1.00000e-07 4.65018e+03 1.57627e-18 +0.00000e+00
 1.24520e-07 4.65539e+03 2.01201e-18 +0.00000e+00
 1.55052e-07 4.66070e+03 2.57358e-18 +0.00000e+00
 1.93070e-07 4.66609e+03 3.30122e-18 +0.00000e+00
 2.40410e-07 4.67157e+03 4.24868e-18 +0.00000e+00
 2.99358e-07 4.67713e+03 5.48970e-18 +0.00000e+00
 3.72759e-07 4.68278e+03 7.12673e-18 +0.00000e+00
 4.64159e-07 4.68850e+03 9.30143e-18 +0.00000e+00
 5.77969e-07 4.69433e+03 1.22034e-17 +0.00000e+00
 7.19686e-07 4.70028e+03 1.60895e-17 +0.00000e+00
 8.96151e-07 4.70637e+03 2.13123e-17 +0.00000e+00
 1.11588e-06 4.71264e+03 2.83509e-17 +0.00000e+00
 1.38950e-06 4.71911e+03 3.78528e-17 +0.00000e+00
 1.73020e-06 4.72585e+03 5.06938e-17 +0.00000e+00
 2.15443e-06 4.73292e+03 6.80722e-17 +0.00000e+00
 2.68270e-06 4.74039e+03 9.16308e-17 +0.00000e+00
 3.34048e-06 4.74837e+03 1.23636e-16 +0.00000e+00
 4.15956e-06 4.75699e+03 1.67249e-16 +0.00000e+00
 5.17947e-06 4.76641e+03 2.26920e-16 +0.00000e+00
 6.44947e-06 4.77685e+03 3.08815e-16 +0.00000e+00
 8.03086e-06 4.78857e+03 4.21763e-16 +0.00000e+00
 1.00000e-05 4.80197e+03 5.77707e-16 +0.00000e+00
 1.24520e-05 4.81734e+03 7.93474e-16 +0.00000e+00
 1.55052e-05 4.83519e+03 1.09173e-15 +0.00000e+00
 1.93070e-05 4.85605e+03 1.50356e-15 +0.00000e+00
 2.40410e-05 4.88044e+03 2.07079e-15 +0.00000e+00
 2.99358e-05 4.90890e+03 2.85074e-15 +0.00000e+00
 3.72759e-05 4.94191e+03 3.92172e-15 +0.00000e+00
 4.64159e-05 4.97988e+03 5.38890e-15 +0.00000e+00
 5.77969e-05 5.02304e+03 7.39265e-15 +0.00000e+00
 7.19686e-05 5.07129e+03 1.01191e-14 +0.00000e+00
 8.96151e-05 5.12407e+03 1.38121e-14 +0.00000e+00
 1.11588e-04 5.18010e+03 1.87871e-14 +0.00000e+00
 1.38950e-04 5.23765e+03 2.54485e-14 +0.00000e+00
 1.73020e-04 5.29484e+03 3.43160e-14 +0.00000e+00
 2.15443e-04 5.34983e+03 4.60655e-14 +0.00000e+00
 2.68270e-04 5.40140e+03 6.15764e-14 +0.00000e+00
 3.34048e-04 5.44908e+03 8.19922e-14 +0.00000e+00
 4.15956e-04 5.49304e+03 1.08796e-13 +0.00000e+00
 5.17947e-04 5.53385e+03 1.43917e-13 +0.00000e+00
 6.44947e-04 5.57222e+03 1.89855e-13 +0.00000e+00
 8.03086e-04 5.60877e+03 2.49823e-13 +0.00000e+00
 1.00000e-03 5.64402e+03 3.27882e-13 +0.00000e+00
 1.24520e-03 5.67826e+03 4.29104e-13 -2.55078e-07
 1.55052e-03 5.71169e+03 5.59735e-13 -3.17622e-07
 1.93070e-03 5.74447e+03 7.27448e-13 -3.95502e-07
 2.40410e-03 5.77674e+03 9.41719e-13 -4.92478e-07
 2.99358e-03 5.80863e+03 1.21436e-12 -6.13234e-07
 3.72759e-03 5.84027e+03 1.56018e-12 -7.63596e-07
 4.64159e-03 5.87177e+03 1.99774e-12 -9.50826e-07
 5.77969e-03 5.90325e+03 2.55001e-12 -1.18397e-06
 7.19686e-03 5.93485e+03 3.24486e-12 -1.47427e-06
 8.96151e-03 5.96674e+03 4.11532e-12 -1.83576e-06
 1.11588e-02 5.99915e+03 5.19954e-12 -2.28588e-06
 1.38950e-02 6.03240e+03 6.53965e-12 -2.84637e-06
 1.73020e-02 6.06689e+03 8.17961e-12 -3.54429e-06
 2.15443e-02 6.10324e+03 1.01608e-11 -4.41334e-06
 2.68270e-02 6.14213e+03 1.25169e-11 -5.49548e-06
 3.34048e-02 6.18455e+03 1.52663e-11 -6.84296e-06
 4.15956e-02 6.23143e+03 1.84066e-11 -8.52084e-06
 5.17947e-02 6.28381e+03 2.19084e-11 -1.06101e-05
 6.44947e-02 6.34307e+03 2.57082e-11 -1.32117e-05
 8.03086e-02 6.41087e+03 2.97042e-11 -1.64512e-05
 1.00000e-01 6.48993e+03 3.37428e-11 -2.04851e-05
 1.24520e-01 6.58304e+03 3.76221e-11 -2.55079e-05
 1.55052e-01 6.69268e+03 4.11077e-11 -3.17622e-05
 1.93070e-01 6.82195e+03 4.39395e-11 -3.95502e-05
 2.40410e-01 6.97425e+03 4.58521e-11 -4.92480e-05
 2.99358e-01 7.15389e+03 4.65866e-11 -6.13234e-05
 3.72759e-01 7.36599e+03 4.59170e-11 -7.63596e-05
 4.64159e-01 7.61271e+03 4.37711e-11 -9.50826e-05
 5.77969e-01 7.89768e+03 4.02822e-11 -1.18397e-04
 7.19686e-01 8.22992e+03 3.58923e-11 -1.47427e-04
 8.96151e-01 8.59958e+03 3.17478e-11 -1.83575e-04
 1.11588e+00 8.94380e+03 2.91243e-11 -2.28588e-04
 1.38950e+00 9.24919e+03 2.77568e-11 -2.84637e-04
 1.73020e+00 9.54679e+03 2.70659e-11 -3.54429e-04
 2.15443e+00 9.85698e+03 2.68038e-11 -4.41334e-04
 2.68270e+00 1.01923e+04 2.68811e-11 -5.49548e-04
 3.34048e+00 1.05630e+04 2.72761e-11 -6.14548e-04
 4.15956e+00 1.09842e+04 2.79899e-11 -6.14548e-04
 5.17947e+00 1.14937e+04 2.90211e-11 -6.14548e-04
 6.44947e+00 1.16940e+04 3.13713e-11 -6.14548e-04
 8.03086e+00 1.24497e+04 3.28704e-11 -6.14548e-04
 1.00000e+01 1.26736e+04 3.65134e-11 -6.14548e-04
 1.24520e+01 1.32379e+04 3.97690e-11 -6.14548e-04
 1.55052e+01 1.38109e+04 4.37813e-11 -6.14548e-04
 1.93070e+01 1.44021e+04 4.86688e-11 -6.14548e-04
 2.40410e+01 1.50265e+04 5.45897e-11 -6.14548e-04
 2.99358e+01 1.56857e+04 6.17485e-11 -6.14548e-04
 3.72759e+01 1.63764e+04 7.03387e-11 -6.14548e-04
 4.64159e+01 1.71668e+04 8.03664e-11 -6.14548e-04
 5.77969e+01 1.76285e+04 9.37347e-11 -6.14548e-04
 7.19686e+01 1.91327e+04 1.04514e-10 -6.14548e-04
 8.96151e+01 1.98172e+04 1.22529e-10 -6.14548e-04
 1.11588e+02 2.04694e+04 1.43386e-10 -6.14548e-04
 1.38950e+02 2.16906e+04 1.64069e-10 -6.14548e-04
 1.73020e+02 2.23596e+04 1.92523e-10 -6.14548e-04
 2.15443e+02 2.37741e+04 2.19790e-10 -6.14548e-04
 2.68270e+02 2.44146e+04 2.58802e-10 -6.14548e-04
 3.34048e+02 2.60837e+04 2.94057e-10 -6.14548e-04
 4.15956e+02 2.67855e+04 3.46306e-10 -6.14548e-04
 5.17947e+02 2.85749e+04 3.93403e-10 -6.14548e-04
 6.44947e+02 2.95712e+04 4.59932e-10 -6.14548e-04
 8.03086e+02 3.12183e+04 5.26064e-10 -6.14548e-04
 1.00000e+03 3.30143e+04 6.00680e-10 -6.14536e-04
