#n1=128 n2=4 Teff=07000 R=1.5732e+13 L=4.2289e+38 logg=+0.50
#   tau          T          rho         Fconv
 0.00000e+00 4.05213e+03 1.94031e-21 +0.00000e+00
 1.00000e-09 4.05213e+03 1.84609e-20 +0.00000e+00
 1.24520e-09 4.05591e+03 2.31541e-20 +0.00000e+00
 1.55052e-09 4.05962e+03 2.92926e-20 +0.00000e+00
 1.93070e-09 4.06338e+03 3.73552e-20 +0.00000e+00
 2.40410e-09 4.06718e+03 4.79861e-20 +0.00000e+00
 2.99358e-09 4.07099e+03 6.20546e-20 +0.00000e+00
 3.72759e-09 4.07481e+03 8.07455e-20 +0.00000e+00
 4.64159e-09 4.07861e+03 1.05717e-19 +0.00000e+00
 5.77969e-09 4.08241e+03 1.39217e-19 +0.00000e+00
 7.19686e-09 4.08619e+03 1.84173e-19 +0.00000e+00
 8.96151e-09 4.08997e+03 2.44379e-19 +0.00000e+00
 1.11588e-08 4.09374e+03 3.24815e-19 +0.00000e+00
 1.38950e-08 4.09750e+03 4.32013e-19 +0.00000e+00
 1.73020e-08 4.10126e+03 5.74662e-19 +0.00000e+00
 2.15443e-08 4.10503e+03 7.64650e-19 +0.00000e+00
 2.68270e-08 4.10883e+03 1.01846e-18 +0.00000e+00
 3.34048e-08 4.11267e+03 1.35958e-18 +0.00000e+00
 4.15956e-08 4.11659e+03 1.82159e-18 +0.00000e+00
 5.17947e-08 4.12062e+03 2.45323e-18 +0.00000e+00
 6.44947e-08 4.12481e+03 3.32445e-18 +0.00000e+00
 8.03086e-08 4.12921e+03 4.53694e-18 +0.00000e+00
 1.00000e-07 4.13388e+03 6.23203e-18 +0.00000e+00
 1.24520e-07 4.13890e+03 8.60397e-18 +0.00000e+00
 1.55052e-07 4.14434e+03 1.19336e-17 +0.00000e+00
 1.93070e-07 4.15031e+03 1.66045e-17 +0.00000e+00
 2.40410e-07 4.15690e+03 2.31462e-17 +0.00000e+00
 2.99358e-07 4.16427e+03 3.22839e-17 +0.00000e+00
 3.72759e-07 4.17260e+03 4.50103e-17 +0.00000e+00
 4.64159e-07 4.18209e+03 6.26894e-17 +0.00000e+00
 5.77969e-07 4.19301e+03 8.71814e-17 +0.00000e+00
 7.19686e-07 4.20562e+03 1.21052e-16 +0.00000e+00
 8.96151e-07 4.22022e+03 1.67836e-16 +0.00000e+00
 1.11588e-06 4.23714e+03 2.32415e-16 +0.00000e+00
 1.38950e-06 4.25671e+03 3.21519e-16 +0.00000e+00
 1.73020e-06 4.27928e+03 4.44400e-16 +0.00000e+00
 2.15443e-06 4.30517e+03 6.13732e-16 +0.00000e+00
 2.68270e-06 4.33462e+03 8.46909e-16 +0.00000e+00
 3.34048e-06 4.36769e+03 1.16770e-15 +0.00000e+00
 4.15956e-06 4.40420e+03 1.60811e-15 +0.00000e+00
 5.17947e-06 4.44357e+03 2.21128e-15 +0.00000e+00
 6.44947e-06 4.48506e+03 3.03576e-15 +0.00000e+00
 8.03086e-06 4.52775e+03 4.16093e-15 +0.00000e+00
 1.00000e-05 4.57058e+03 5.69416e-15 +0.00000e+00
 1.24520e-05 4.61262e+03 7.78117e-15 +0.00000e+00
 1.55052e-05 4.65325e+03 1.06214e-14 +0.00000e+00
 1.93070e-05 4.69220e+03 1.44885e-14 +0.00000e+00
 2.40410e-05 4.72953e+03 1.97562e-14 +0.00000e+00
 2.99358e-05 4.76556e+03 2.69312e-14 +0.00000e+00
 3.72759e-05 4.80068e+03 3.66988e-14 +0.00000e+00
 4.64159e-05 4.83515e+03 4.99829e-14 +0.00000e+00
 5.77969e-05 4.86916e+03 6.80193e-14 +0.00000e+00
 7.19686e-05 4.90288e+03 9.24444e-14 +0.00000e+00
 8.96151e-05 4.93639e+03 1.25400e-13 +0.00000e+00
 1.11588e-04 4.96978e+03 1.69649e-13 +0.00000e+00
 1.38950e-04 5.00313e+03 2.28704e-13 +0.00000e+00
 1.73020e-04 5.03651e+03 3.06951e-13 +0.00000e+00
 2.15443e-04 5.06990e+03 4.09786e-13 +0.00000e+00
 2.68270e-04 5.10330e+03 5.43766e-13 +0.00000e+00
 3.34048e-04 5.13671e+03 7.16755e-13 +0.00000e+00
 4.15956e-04 5.17016e+03 9.38106e-13 +0.00000e+00
 5.17947e-04 5.20370e+03 1.21884e-12 +0.00000e+00
 6.44947e-04 5.23742e+03 1.57176e-12 +0.00000e+00
 8.03086e-04 5.27138e+03 2.01137e-12 +0.00000e+00
 1.00000e-03 5.30564e+03 2.55381e-12 +0.00000e+00
 1.24520e-03 5.34024e+03 3.21669e-12 -2.54876e-07
 1.55052e-03 5.37526e+03 4.01916e-12 -3.17371e-07
 1.93070e-03 5.41072e+03 4.98230e-12 -3.95189e-07
 2.40410e-03 5.44662e+03 6.12990e-12 -4.92089e-07
 2.99358e-03 5.48295e+03 7.48936e-12 -6.12747e-07
 3.72759e-03 5.51969e+03 9.09244e-12 -7.62988e-07
 4.64159e-03 5.55677e+03 1.09755e-11 -9.50078e-07
 5.77969e-03 5.59419e+03 1.31787e-11 -1.18303e-06
 7.19686e-03 5.63185e+03 1.57460e-11 -1.47310e-06
 8.96151e-03 5.66978e+03 1.87239e-11 -1.83430e-06
 1.11588e-02 5.70802e+03 2.21614e-11 -2.28407e-06
 1.38950e-02 5.74677e+03 2.61065e-11 -2.84412e-06
 1.73020e-02 5.78612e+03 3.06066e-11 -3.54149e-06
 2.15443e-02 5.82675e+03 3.56977e-11 -4.40986e-06
 2.68270e-02 5.86889e+03 4.14078e-11 -5.49114e-06
 3.34048e-02 5.91369e+03 4.77384e-11 -6.83755e-06
 4.15956e-02 5.96216e+03 5.46637e-11 -8.51411e-06
 5.17947e-02 6.01737e+03 6.20750e-11 -1.06017e-05
 6.44947e-02 6.07728e+03 6.98908e-11 -1.32012e-05
 8.03086e-02 6.13896e+03 7.80903e-11 -1.64382e-05
 1.00000e-01 6.20846e+03 8.64670e-11 -2.04687e-05
 1.24520e-01 6.28950e+03 9.47248e-11 -2.54876e-05
 1.55052e-01 6.38532e+03 1.02482e-10 -3.17373e-05
 1.93070e-01 6.49911e+03 1.09291e-10 -3.95196e-05
 2.40410e-01 6.63513e+03 1.14626e-10 -4.92096e-05
 2.99358e-01 6.79240e+03 1.18117e-10 -6.12748e-05
 3.72759e-01 6.96392e+03 1.19737e-10 -7.62988e-05
 4.64159e-01 7.17105e+03 1.18675e-10 -9.50078e-05
 5.77969e-01 7.47166e+03 1.12525e-10 -1.18303e-04
 7.19686e-01 7.77102e+03 1.04241e-10 -1.47301e-04
 8.96151e-01 8.12250e+03 9.27640e-11 -1.82995e-04
 1.11588e+00 8.50639e+03 8.03080e-11 -2.24894e-04
 1.38950e+00 8.83858e+03 7.12962e-11 -2.82052e-04
 1.73020e+00 9.10830e+03 6.57733e-11 -3.53599e-04
 2.15443e+00 9.38091e+03 6.17055e-11 -4.40903e-04
 2.68270e+00 9.69530e+03 5.84213e-11 -5.49109e-04
 3.34048e+00 1.00386e+04 5.60576e-11 -6.14062e-04
 4.15956e+00 1.04329e+04 5.42904e-11 -6.14062e-04
 5.17947e+00 1.09187e+04 5.28636e-11 -6.14062e-04
 6.44947e+00 1.11208e+04 5.36062e-11 -6.14062e-04
 8.03086e+00 1.18588e+04 5.24053e-11 -6.14062e-04
 1.00000e+01 1.20678e+04 5.44513e-11 -6.14062e-04
 1.24520e+01 1.26172e+04 5.56446e-11 -6.14062e-04
 1.55052e+01 1.31605e+04 5.77787e-11 -6.14062e-04
 1.93070e+01 1.36230e+04 6.12250e-11 -6.14062e-04
 2.40410e+01 1.49194e+04 6.18820e-11 -6.14062e-04
 2.99358e+01 1.46892e+04 7.16737e-11 -6.14062e-04
 3.72759e+01 1.60140e+04 7.53843e-11 -6.14062e-04
 4.64159e+01 1.61310e+04 8.69551e-11 -6.14062e-04
 5.77969e+01 1.73934e+04 9.46800e-11 -6.14062e-04
 7.19686e+01 1.77711e+04 1.09560e-10 -6.14062e-04
 8.96151e+01 1.87279e+04 1.23496e-10 -6.14062e-04
 1.11588e+02 1.95577e+04 1.41368e-10 -6.14062e-04
 1.38950e+02 2.04680e+04 1.62111e-10 -6.14062e-04
 1.73020e+02 2.14206e+04 1.86470e-10 -6.14062e-04
 2.15443e+02 2.24210e+04 2.14919e-10 -6.14062e-04
 2.68270e+02 2.34687e+04 2.48062e-10 -6.14062e-04
 3.34048e+02 2.45762e+04 2.86488e-10 -6.14062e-04
 4.15956e+02 2.57126e+04 3.31291e-10 -6.14062e-04
 5.17947e+02 2.69449e+04 3.82468e-10 -6.14062e-04
 6.44947e+02 2.86945e+04 4.37349e-10 -6.14062e-04
 8.03086e+02 2.92780e+04 5.18235e-10 -6.14062e-04
 1.00000e+03 3.15525e+04 5.78669e-10 -6.14060e-04
