#n1=128 n2=4 Teff=07600 R=5.6792e+11 L=7.6664e+35 logg=+3.00
#   tau          T          rho         Fconv
 0.00000e+00 4.66866e+03 1.66700e-21 +0.00000e+00
 1.00000e-09 4.66866e+03 5.94596e-18 +0.00000e+00
 1.24520e-09 4.67049e+03 7.55135e-18 +0.00000e+00
 1.55052e-09 4.67224e+03 9.63252e-18 +0.00000e+00
 1.93070e-09 4.67391e+03 1.23512e-17 +0.00000e+00
 2.40410e-09 4.67549e+03 1.59278e-17 +0.00000e+00
 2.99358e-09 4.67701e+03 2.06490e-17 +0.00000e+00
 3.72759e-09 4.67846e+03 2.68942e-17 +0.00000e+00
 4.64159e-09 4.67985e+03 3.51351e-17 +0.00000e+00
 5.77969e-09 4.68118e+03 4.59309e-17 +0.00000e+00
 7.19686e-09 4.68246e+03 6.01506e-17 +0.00000e+00
 8.96151e-09 4.68368e+03 7.90348e-17 +0.00000e+00
 1.11588e-08 4.68486e+03 1.04473e-16 +0.00000e+00
 1.38950e-08 4.68601e+03 1.39451e-16 +0.00000e+00
 1.73020e-08 4.68713e+03 1.88734e-16 +0.00000e+00
 2.15443e-08 4.68826e+03 2.59889e-16 +0.00000e+00
 2.68270e-08 4.68941e+03 3.64279e-16 +0.00000e+00
 3.34048e-08 4.69058e+03 5.17818e-16 +0.00000e+00
 4.15956e-08 4.69176e+03 7.39144e-16 +0.00000e+00
 5.17947e-08 4.69294e+03 1.05674e-15 +0.00000e+00
 6.44947e-08 4.69416e+03 1.51198e-15 +0.00000e+00
 8.03086e-08 4.69547e+03 2.16430e-15 +0.00000e+00
 1.00000e-07 4.69697e+03 3.09912e-15 +0.00000e+00
 1.24520e-07 4.69879e+03 4.43886e-15 +0.00000e+00
 1.55052e-07 4.70110e+03 6.35740e-15 +0.00000e+00
 1.93070e-07 4.70414e+03 9.09977e-15 +0.00000e+00
 2.40410e-07 4.70814e+03 1.30102e-14 +0.00000e+00
 2.99358e-07 4.71336e+03 1.85732e-14 +0.00000e+00
 3.72759e-07 4.72001e+03 2.64728e-14 +0.00000e+00
 4.64159e-07 4.72825e+03 3.76692e-14 +0.00000e+00
 5.77969e-07 4.73826e+03 5.35312e-14 +0.00000e+00
 7.19686e-07 4.75006e+03 7.59868e-14 +0.00000e+00
 8.96151e-07 4.76398e+03 1.07754e-13 +0.00000e+00
 1.11588e-06 4.78054e+03 1.52654e-13 +0.00000e+00
 1.38950e-06 4.80049e+03 2.16035e-13 +0.00000e+00
 1.73020e-06 4.82451e+03 3.05339e-13 +0.00000e+00
 2.15443e-06 4.85300e+03 4.30671e-13 +0.00000e+00
 2.68270e-06 4.88590e+03 6.05504e-13 +0.00000e+00
 3.34048e-06 4.92273e+03 8.47823e-13 +0.00000e+00
 4.15956e-06 4.96249e+03 1.18158e-12 +0.00000e+00
 5.17947e-06 5.00384e+03 1.63815e-12 +0.00000e+00
 6.44947e-06 5.04540e+03 2.25822e-12 +0.00000e+00
 8.03086e-06 5.08610e+03 3.09452e-12 +0.00000e+00
 1.00000e-05 5.12536e+03 4.21470e-12 +0.00000e+00
 1.24520e-05 5.16298e+03 5.70350e-12 +0.00000e+00
 1.55052e-05 5.19902e+03 7.66439e-12 +0.00000e+00
 1.93070e-05 5.23360e+03 1.02209e-11 +0.00000e+00
 2.40410e-05 5.26688e+03 1.35165e-11 +0.00000e+00
 2.99358e-05 5.29910e+03 1.77135e-11 +0.00000e+00
 3.72759e-05 5.33053e+03 2.29892e-11 +0.00000e+00
 4.64159e-05 5.36143e+03 2.95329e-11 +0.00000e+00
 5.77969e-05 5.39200e+03 3.75410e-11 +0.00000e+00
 7.19686e-05 5.42235e+03 4.72134e-11 +0.00000e+00
 8.96151e-05 5.45255e+03 5.87499e-11 +0.00000e+00
 1.11588e-04 5.48263e+03 7.23473e-11 +0.00000e+00
 1.38950e-04 5.51260e+03 8.81982e-11 +0.00000e+00
 1.73020e-04 5.54246e+03 1.06492e-10 +0.00000e+00
 2.15443e-04 5.57223e+03 1.27415e-10 +0.00000e+00
 2.68270e-04 5.60193e+03 1.51163e-10 +0.00000e+00
 3.34048e-04 5.63160e+03 1.77944e-10 +0.00000e+00
 4.15956e-04 5.66127e+03 2.07994e-10 +0.00000e+00
 5.17947e-04 5.69100e+03 2.41588e-10 +0.00000e+00
 6.44947e-04 5.72084e+03 2.79049e-10 +0.00000e+00
 8.03086e-04 5.75085e+03 3.20757e-10 +0.00000e+00
 1.00000e-03 5.78107e+03 3.67165e-10 +0.00000e+00
 1.24520e-03 5.81155e+03 4.18803e-10 -2.54586e-07
 1.55052e-03 5.84239e+03 4.76266e-10 -3.17010e-07
 1.93070e-03 5.87365e+03 5.40224e-10 -3.94740e-07
 2.40410e-03 5.90540e+03 6.11413e-10 -4.91528e-07
 2.99358e-03 5.93770e+03 6.90641e-10 -6.12049e-07
 3.72759e-03 5.97062e+03 7.78792e-10 -7.62125e-07
 4.64159e-03 6.00422e+03 8.76835e-10 -9.48993e-07
 5.77969e-03 6.03855e+03 9.85835e-10 -1.18168e-06
 7.19686e-03 6.07368e+03 1.10692e-09 -1.47143e-06
 8.96151e-03 6.10967e+03 1.24126e-09 -1.83222e-06
 1.11588e-02 6.14657e+03 1.39007e-09 -2.28148e-06
 1.38950e-02 6.18457e+03 1.55452e-09 -2.84088e-06
 1.73020e-02 6.22381e+03 1.73581e-09 -3.53746e-06
 2.15443e-02 6.26504e+03 1.93480e-09 -4.40484e-06
 2.68270e-02 6.30868e+03 2.15212e-09 -5.48491e-06
 3.34048e-02 6.35606e+03 2.38762e-09 -6.82976e-06
 4.15956e-02 6.40784e+03 2.64069e-09 -8.50441e-06
 5.17947e-02 6.46439e+03 2.91030e-09 -1.05896e-05
 6.44947e-02 6.52684e+03 3.19435e-09 -1.31862e-05
 8.03086e-02 6.59599e+03 3.49006e-09 -1.64195e-05
 1.00000e-01 6.67613e+03 3.79067e-09 -2.04454e-05
 1.24520e-01 6.77111e+03 4.08646e-09 -2.54586e-05
 1.55052e-01 6.88251e+03 4.36728e-09 -3.17010e-05
 1.93070e-01 7.01345e+03 4.62062e-09 -3.94740e-05
 2.40410e-01 7.16665e+03 4.83356e-09 -4.91528e-05
 2.99358e-01 7.34797e+03 4.99025e-09 -6.12049e-05
 3.72759e-01 7.56962e+03 5.06748e-09 -7.62115e-05
 4.64159e-01 7.82444e+03 5.06197e-09 -9.48781e-05
 5.77969e-01 8.11203e+03 4.97151e-09 -1.17288e-04
 7.19686e-01 8.49229e+03 4.73119e-09 -5.67243e-05
 8.96151e-01 8.94456e+03 4.34910e-09 +3.90520e-03
 1.11588e+00 9.19274e+03 4.14167e-09 +5.89310e-03
 1.38950e+00 9.38598e+03 3.98309e-09 +1.01511e-02
 1.73020e+00 9.56665e+03 3.83447e-09 +1.69484e-02
 2.15443e+00 9.74569e+03 3.68706e-09 +2.55272e-02
 2.68270e+00 9.92889e+03 3.53742e-09 +3.57226e-02
 3.34048e+00 1.01208e+04 3.38403e-09 +4.42955e-02
 4.15956e+00 1.03184e+04 3.23414e-09 +4.84041e-02
 5.17947e+00 1.05275e+04 3.08663e-09 +5.08585e-02
 6.44947e+00 1.07589e+04 2.93832e-09 +5.16478e-02
 8.03086e+00 1.10302e+04 2.78512e-09 +5.02001e-02
 1.00000e+01 1.13778e+04 2.62029e-09 +4.44034e-02
 1.24520e+01 1.18963e+04 2.43106e-09 +2.67460e-02
 1.55052e+01 1.27629e+04 2.22441e-09 +9.11081e-04
 1.93070e+01 1.39077e+04 2.07266e-09 -6.06212e-04
 2.40410e+01 1.27296e+04 2.40866e-09 +4.42215e-03
 2.99358e+01 1.40027e+04 2.24186e-09 -5.91737e-04
 3.72759e+01 1.35874e+04 2.45597e-09 -2.51034e-04
 4.64159e+01 1.47713e+04 2.39200e-09 -5.98462e-04
 5.77969e+01 1.46126e+04 2.62412e-09 -5.30526e-04
 7.19686e+01 1.51992e+04 2.74632e-09 -5.23324e-04
 8.96151e+01 1.57395e+04 2.92623e-09 -4.30706e-04
 1.11588e+02 1.63060e+04 3.15118e-09 -1.81787e-04
 1.38950e+02 1.68994e+04 3.42508e-09 +3.03695e-04
 1.73020e+02 1.75219e+04 3.75325e-09 +9.17209e-04
 2.15443e+02 1.81769e+04 4.14259e-09 +1.41031e-03
 2.68270e+02 1.88701e+04 4.60084e-09 +1.71234e-03
 3.34048e+02 1.96116e+04 5.13532e-09 +1.96680e-03
 4.15956e+02 2.04147e+04 5.75315e-09 +2.37928e-03
 5.17947e+02 2.13381e+04 6.45086e-09 +2.85919e-03
 6.44947e+02 2.25262e+04 7.20819e-09 +2.86625e-03
 8.03086e+02 2.39302e+04 8.06386e-09 +2.98290e-03
 1.00000e+03 2.66187e+04 8.75849e-09 +3.53282e-04
