#n1=128 n2=4 Teff=07200 R=4.5504e+10 L=3.9645e+33 logg=+5.00
#   tau          T          rho         Fconv
 0.00000e+00 3.95461e+03 1.99192e-21 +0.00000e+00
 1.00000e-09 3.95461e+03 1.98586e-13 +0.00000e+00
 1.24520e-09 3.96055e+03 2.89390e-13 +0.00000e+00
 1.55052e-09 3.96780e+03 4.15773e-13 +0.00000e+00
 1.93070e-09 3.97627e+03 5.88468e-13 +0.00000e+00
 2.40410e-09 3.98600e+03 8.20938e-13 +0.00000e+00
 2.99358e-09 3.99701e+03 1.12976e-12 +0.00000e+00
 3.72759e-09 4.00933e+03 1.53514e-12 +0.00000e+00
 4.64159e-09 4.02298e+03 2.06148e-12 +0.00000e+00
 5.77969e-09 4.03796e+03 2.73785e-12 +0.00000e+00
 7.19686e-09 4.05425e+03 3.59867e-12 +0.00000e+00
 8.96151e-09 4.07180e+03 4.68441e-12 +0.00000e+00
 1.11588e-08 4.09051e+03 6.04267e-12 +0.00000e+00
 1.38950e-08 4.11025e+03 7.72924e-12 +0.00000e+00
 1.73020e-08 4.13085e+03 9.80939e-12 +0.00000e+00
 2.15443e-08 4.15214e+03 1.23593e-11 +0.00000e+00
 2.68270e-08 4.17399e+03 1.54679e-11 +0.00000e+00
 3.34048e-08 4.19624e+03 1.92380e-11 +0.00000e+00
 4.15956e-08 4.21881e+03 2.37877e-11 +0.00000e+00
 5.17947e-08 4.24157e+03 2.92523e-11 +0.00000e+00
 6.44947e-08 4.26440e+03 3.57861e-11 +0.00000e+00
 8.03086e-08 4.28715e+03 4.35653e-11 +0.00000e+00
 1.00000e-07 4.30961e+03 5.27902e-11 +0.00000e+00
 1.24520e-07 4.33158e+03 6.36887e-11 +0.00000e+00
 1.55052e-07 4.35286e+03 7.65196e-11 +0.00000e+00
 1.93070e-07 4.37338e+03 9.15757e-11 +0.00000e+00
 2.40410e-07 4.39320e+03 1.09187e-10 +0.00000e+00
 2.99358e-07 4.41256e+03 1.29727e-10 +0.00000e+00
 3.72759e-07 4.43177e+03 1.53614e-10 +0.00000e+00
 4.64159e-07 4.45112e+03 1.81325e-10 +0.00000e+00
 5.77969e-07 4.47078e+03 2.13398e-10 +0.00000e+00
 7.19686e-07 4.49085e+03 2.50438e-10 +0.00000e+00
 8.96151e-07 4.51133e+03 2.93130e-10 +0.00000e+00
 1.11588e-06 4.53221e+03 3.42233e-10 +0.00000e+00
 1.38950e-06 4.55350e+03 3.98591e-10 +0.00000e+00
 1.73020e-06 4.57520e+03 4.63134e-10 +0.00000e+00
 2.15443e-06 4.59737e+03 5.36882e-10 +0.00000e+00
 2.68270e-06 4.62006e+03 6.20954e-10 +0.00000e+00
 3.34048e-06 4.64338e+03 7.16567e-10 +0.00000e+00
 4.15956e-06 4.66740e+03 8.25052e-10 +0.00000e+00
 5.17947e-06 4.69222e+03 9.47858e-10 +0.00000e+00
 6.44947e-06 4.71788e+03 1.08657e-09 +0.00000e+00
 8.03086e-06 4.74443e+03 1.24291e-09 +0.00000e+00
 1.00000e-05 4.77185e+03 1.41879e-09 +0.00000e+00
 1.24520e-05 4.80013e+03 1.61629e-09 +0.00000e+00
 1.55052e-05 4.82921e+03 1.83772e-09 +0.00000e+00
 1.93070e-05 4.85901e+03 2.08563e-09 +0.00000e+00
 2.40410e-05 4.88948e+03 2.36285e-09 +0.00000e+00
 2.99358e-05 4.92054e+03 2.67251e-09 +0.00000e+00
 3.72759e-05 4.95213e+03 3.01807e-09 +0.00000e+00
 4.64159e-05 4.98421e+03 3.40335e-09 +0.00000e+00
 5.77969e-05 5.01671e+03 3.83256e-09 +0.00000e+00
 7.19686e-05 5.04957e+03 4.31031e-09 +0.00000e+00
 8.96151e-05 5.08270e+03 4.84163e-09 +0.00000e+00
 1.11588e-04 5.11606e+03 5.43198e-09 +0.00000e+00
 1.38950e-04 5.14959e+03 6.08723e-09 +0.00000e+00
 1.73020e-04 5.18323e+03 6.81364e-09 +0.00000e+00
 2.15443e-04 5.21699e+03 7.61776e-09 +0.00000e+00
 2.68270e-04 5.25087e+03 8.50648e-09 +0.00000e+00
 3.34048e-04 5.28493e+03 9.48678e-09 +0.00000e+00
 4.15956e-04 5.31922e+03 1.05659e-08 +0.00000e+00
 5.17947e-04 5.35379e+03 1.17515e-08 +0.00000e+00
 6.44947e-04 5.38875e+03 1.30512e-08 +0.00000e+00
 8.03086e-04 5.42420e+03 1.44731e-08 +0.00000e+00
 1.00000e-03 5.46021e+03 1.60261e-08 +0.00000e+00
 1.24520e-03 5.49680e+03 1.77200e-08 -2.54587e-07
 1.55052e-03 5.53405e+03 1.95661e-08 -3.17011e-07
 1.93070e-03 5.57200e+03 2.15779e-08 -3.94742e-07
 2.40410e-03 5.61061e+03 2.37717e-08 -4.91531e-07
 2.99358e-03 5.64984e+03 2.61669e-08 -6.12053e-07
 3.72759e-03 5.68966e+03 2.87846e-08 -7.62127e-07
 4.64159e-03 5.72994e+03 3.16487e-08 -9.48997e-07
 5.77969e-03 5.77067e+03 3.47863e-08 -1.18169e-06
 7.19686e-03 5.81167e+03 3.82277e-08 -1.47144e-06
 8.96151e-03 5.85295e+03 4.20042e-08 -1.83223e-06
 1.11588e-02 5.89451e+03 4.61489e-08 -2.28149e-06
 1.38950e-02 5.93657e+03 5.06985e-08 -2.84090e-06
 1.73020e-02 5.97910e+03 5.56957e-08 -3.53748e-06
 2.15443e-02 6.02297e+03 6.11709e-08 -4.40486e-06
 2.68270e-02 6.06821e+03 6.71619e-08 -5.48492e-06
 3.34048e-02 6.11624e+03 7.36802e-08 -6.82981e-06
 4.15956e-02 6.16802e+03 8.07290e-08 -8.50443e-06
 5.17947e-02 6.22780e+03 8.82234e-08 -1.05897e-05
 6.44947e-02 6.29222e+03 9.61664e-08 -1.31863e-05
 8.03086e-02 6.35609e+03 1.04664e-07 -1.64195e-05
 1.00000e-01 6.42733e+03 1.13578e-07 -2.04456e-05
 1.24520e-01 6.50995e+03 1.22731e-07 -2.54587e-05
 1.55052e-01 6.60721e+03 1.31882e-07 -3.17011e-05
 1.93070e-01 6.72208e+03 1.40735e-07 -3.94742e-05
 2.40410e-01 6.85927e+03 1.48898e-07 -4.91531e-05
 2.99358e-01 7.01519e+03 1.56186e-07 -6.12053e-05
 3.72759e-01 7.17534e+03 1.62900e-07 -7.62075e-05
 4.64159e-01 7.37134e+03 1.68181e-07 -9.29084e-05
 5.77969e-01 7.70672e+03 1.68657e-07 +1.08410e-05
 7.19686e-01 8.00352e+03 1.68644e-07 +7.15784e-04
 8.96151e-01 8.34510e+03 1.66429e-07 +4.96911e-03
 1.11588e+00 8.56835e+03 1.66260e-07 +6.14452e-03
 1.38950e+00 8.76468e+03 1.66484e-07 +1.07124e-02
 1.73020e+00 8.95194e+03 1.66788e-07 +1.81326e-02
 2.15443e+00 9.13098e+03 1.67200e-07 +2.76212e-02
 2.68270e+00 9.30299e+03 1.67735e-07 +3.92030e-02
 3.34048e+00 9.46924e+03 1.68401e-07 +4.98022e-02
 4.15956e+00 9.62555e+03 1.69346e-07 +5.59810e-02
 5.17947e+00 9.77336e+03 1.70601e-07 +6.06976e-02
 6.44947e+00 9.91488e+03 1.72169e-07 +6.43327e-02
 8.03086e+00 1.00519e+04 1.74058e-07 +6.71679e-02
 1.00000e+01 1.01857e+04 1.76282e-07 +6.94132e-02
 1.24520e+01 1.03173e+04 1.78859e-07 +7.11964e-02
 1.55052e+01 1.04479e+04 1.81802e-07 +7.26200e-02
 1.93070e+01 1.05783e+04 1.85128e-07 +7.37673e-02
 2.40410e+01 1.07093e+04 1.88851e-07 +7.47012e-02
 2.99358e+01 1.08415e+04 1.92992e-07 +7.54704e-02
 3.72759e+01 1.09754e+04 1.97575e-07 +7.61097e-02
 4.64159e+01 1.11111e+04 2.02628e-07 +7.66452e-02
 5.77969e+01 1.12489e+04 2.08187e-07 +7.70968e-02
 7.19686e+01 1.13888e+04 2.14295e-07 +7.74775e-02
 8.96151e+01 1.15310e+04 2.20997e-07 +7.77984e-02
 1.11588e+02 1.16755e+04 2.28347e-07 +7.80708e-02
 1.38950e+02 1.18222e+04 2.36411e-07 +7.83025e-02
 1.73020e+02 1.19710e+04 2.45254e-07 +7.85007e-02
 2.15443e+02 1.21217e+04 2.54999e-07 +7.86694e-02
 2.68270e+02 1.22741e+04 2.65729e-07 +7.88118e-02
 3.34048e+02 1.24283e+04 2.77546e-07 +7.89306e-02
 4.15956e+02 1.25846e+04 2.90531e-07 +7.90303e-02
 5.17947e+02 1.27435e+04 3.04853e-07 +7.91137e-02
 6.44947e+02 1.29052e+04 3.20582e-07 +7.91839e-02
 8.03086e+02 1.30698e+04 3.37922e-07 +7.92430e-02
 1.00000e+03 1.32377e+04 3.57017e-07 +7.92929e-02
