#n1=128 n2=4 Teff=08600 R=9.3984e+12 L=3.4451e+38 logg=+1.00
#   tau          T          rho         Fconv
 0.00000e+00 4.83933e+03 1.62704e-21 +0.00000e+00
 1.00000e-09 4.83933e+03 4.09853e-20 +0.00000e+00
 1.24520e-09 4.84156e+03 5.07772e-20 +0.00000e+00
 1.55052e-09 4.84406e+03 6.30016e-20 +0.00000e+00
 1.93070e-09 4.84680e+03 7.82631e-20 +0.00000e+00
 2.40410e-09 4.84974e+03 9.73161e-20 +0.00000e+00
 2.99358e-09 4.85288e+03 1.21102e-19 +0.00000e+00
 3.72759e-09 4.85618e+03 1.50798e-19 +0.00000e+00
 4.64159e-09 4.85965e+03 1.87870e-19 +0.00000e+00
 5.77969e-09 4.86328e+03 2.34150e-19 +0.00000e+00
 7.19686e-09 4.86705e+03 2.91927e-19 +0.00000e+00
 8.96151e-09 4.87098e+03 3.64052e-19 +0.00000e+00
 1.11588e-08 4.87506e+03 4.54089e-19 +0.00000e+00
 1.38950e-08 4.87932e+03 5.66482e-19 +0.00000e+00
 1.73020e-08 4.88376e+03 7.06779e-19 +0.00000e+00
 2.15443e-08 4.88841e+03 8.81897e-19 +0.00000e+00
 2.68270e-08 4.89329e+03 1.10047e-18 +0.00000e+00
 3.34048e-08 4.89844e+03 1.37325e-18 +0.00000e+00
 4.15956e-08 4.90389e+03 1.71368e-18 +0.00000e+00
 5.17947e-08 4.90968e+03 2.13848e-18 +0.00000e+00
 6.44947e-08 4.91587e+03 2.66852e-18 +0.00000e+00
 8.03086e-08 4.92249e+03 3.32979e-18 +0.00000e+00
 1.00000e-07 4.92961e+03 4.15466e-18 +0.00000e+00
 1.24520e-07 4.93729e+03 5.18347e-18 +0.00000e+00
 1.55052e-07 4.94561e+03 6.46645e-18 +0.00000e+00
 1.93070e-07 4.95463e+03 8.06613e-18 +0.00000e+00
 2.40410e-07 4.96446e+03 1.00606e-17 +0.00000e+00
 2.99358e-07 4.97520e+03 1.25467e-17 +0.00000e+00
 3.72759e-07 4.98694e+03 1.56463e-17 +0.00000e+00
 4.64159e-07 4.99981e+03 1.95116e-17 +0.00000e+00
 5.77969e-07 5.01394e+03 2.43376e-17 +0.00000e+00
 7.19686e-07 5.02950e+03 3.03784e-17 +0.00000e+00
 8.96151e-07 5.04664e+03 3.79147e-17 +0.00000e+00
 1.11588e-06 5.06551e+03 4.73037e-17 +0.00000e+00
 1.38950e-06 5.08624e+03 5.89984e-17 +0.00000e+00
 1.73020e-06 5.10897e+03 7.35600e-17 +0.00000e+00
 2.15443e-06 5.13381e+03 9.16828e-17 +0.00000e+00
 2.68270e-06 5.16088e+03 1.14229e-16 +0.00000e+00
 3.34048e-06 5.19025e+03 1.42275e-16 +0.00000e+00
 4.15956e-06 5.22197e+03 1.77162e-16 +0.00000e+00
 5.17947e-06 5.25607e+03 2.20574e-16 +0.00000e+00
 6.44947e-06 5.29258e+03 2.74626e-16 +0.00000e+00
 8.03086e-06 5.33143e+03 3.41978e-16 +0.00000e+00
 1.00000e-05 5.37259e+03 4.25980e-16 +0.00000e+00
 1.24520e-05 5.41592e+03 5.30854e-16 +0.00000e+00
 1.55052e-05 5.46131e+03 6.61900e-16 +0.00000e+00
 1.93070e-05 5.50849e+03 8.25732e-16 +0.00000e+00
 2.40410e-05 5.55708e+03 1.03062e-15 +0.00000e+00
 2.99358e-05 5.60652e+03 1.28703e-15 +0.00000e+00
 3.72759e-05 5.65618e+03 1.60822e-15 +0.00000e+00
 4.64159e-05 5.70545e+03 2.01111e-15 +0.00000e+00
 5.77969e-05 5.75385e+03 2.51732e-15 +0.00000e+00
 7.19686e-05 5.80128e+03 3.15453e-15 +0.00000e+00
 8.96151e-05 5.84793e+03 3.95812e-15 +0.00000e+00
 1.11588e-04 5.89426e+03 4.97316e-15 +0.00000e+00
 1.38950e-04 5.94083e+03 6.25689e-15 +0.00000e+00
 1.73020e-04 5.98805e+03 7.88185e-15 +0.00000e+00
 2.15443e-04 6.03612e+03 9.93968e-15 +0.00000e+00
 2.68270e-04 6.08511e+03 1.25459e-14 +0.00000e+00
 3.34048e-04 6.13498e+03 1.58458e-14 +0.00000e+00
 4.15956e-04 6.18555e+03 2.00227e-14 +0.00000e+00
 5.17947e-04 6.23656e+03 2.53091e-14 +0.00000e+00
 6.44947e-04 6.28771e+03 3.20020e-14 +0.00000e+00
 8.03086e-04 6.33882e+03 4.04817e-14 +0.00000e+00
 1.00000e-03 6.38953e+03 5.12413e-14 +0.00000e+00
 1.24520e-03 6.43973e+03 6.49162e-14 -2.54388e-07
 1.55052e-03 6.48918e+03 8.23333e-14 -3.16763e-07
 1.93070e-03 6.53827e+03 1.04542e-13 -3.94432e-07
 2.40410e-03 6.58683e+03 1.32900e-13 -4.91145e-07
 2.99358e-03 6.63492e+03 1.69152e-13 -6.11574e-07
 3.72759e-03 6.68265e+03 2.15556e-13 -7.61529e-07
 4.64159e-03 6.73015e+03 2.75015e-13 -9.48256e-07
 5.77969e-03 6.77756e+03 3.51238e-13 -1.18076e-06
 7.19686e-03 6.82507e+03 4.48882e-13 -1.47028e-06
 8.96151e-03 6.87288e+03 5.73702e-13 -1.83079e-06
 1.11588e-02 6.92110e+03 7.32676e-13 -2.27970e-06
 1.38950e-02 6.97036e+03 9.33797e-13 -2.83867e-06
 1.73020e-02 7.02093e+03 1.18600e-12 -3.53471e-06
 2.15443e-02 7.07391e+03 1.49806e-12 -4.40141e-06
 2.68270e-02 7.13005e+03 1.87800e-12 -5.48063e-06
 3.34048e-02 7.19114e+03 2.33065e-12 -6.82447e-06
 4.15956e-02 7.25846e+03 2.85680e-12 -8.49778e-06
 5.17947e-02 7.33330e+03 3.45182e-12 -1.05815e-05
 6.44947e-02 7.41764e+03 4.10333e-12 -1.31760e-05
 8.03086e-02 7.51341e+03 4.79225e-12 -1.64067e-05
 1.00000e-01 7.62475e+03 5.48887e-12 -2.04295e-05
 1.24520e-01 7.75579e+03 6.16055e-12 -2.54388e-05
 1.55052e-01 7.90759e+03 6.79138e-12 -3.16765e-05
 1.93070e-01 8.08240e+03 7.38186e-12 -3.94435e-05
 2.40410e-01 8.28089e+03 7.95954e-12 -4.91145e-05
 2.99358e-01 8.50600e+03 8.56426e-12 -6.11954e-05
 3.72759e-01 8.76356e+03 9.23887e-12 -7.61516e-05
 4.64159e-01 9.04469e+03 1.00543e-11 -9.48227e-05
 5.77969e-01 9.34058e+03 1.10665e-11 -1.18066e-04
 7.19686e-01 9.67846e+03 1.22704e-11 -1.47202e-04
 8.96151e-01 1.00542e+04 1.37184e-11 -1.83079e-04
 1.11588e+00 1.04321e+04 1.55054e-11 -2.27970e-04
 1.38950e+00 1.08287e+04 1.76479e-11 -2.83867e-04
 1.73020e+00 1.12618e+04 2.01683e-11 -3.53471e-04
 2.15443e+00 1.17129e+04 2.31520e-11 -4.40141e-04
 2.68270e+00 1.21797e+04 2.66512e-11 -5.48063e-04
 3.34048e+00 1.26771e+04 3.06718e-11 -6.12885e-04
 4.15956e+00 1.32046e+04 3.52416e-11 -6.12888e-04
 5.17947e+00 1.37575e+04 4.04266e-11 -6.12885e-04
 6.44947e+00 1.43447e+04 4.63298e-11 -6.12885e-04
 8.03086e+00 1.49703e+04 5.31445e-11 -6.12885e-04
 1.00000e+01 1.56283e+04 6.11102e-11 -6.12885e-04
 1.24520e+01 1.63351e+04 7.03640e-11 -6.12885e-04
 1.55052e+01 1.70852e+04 8.11330e-11 -6.12885e-04
 1.93070e+01 1.78834e+04 9.36180e-11 -6.12885e-04
 2.40410e+01 1.87359e+04 1.08049e-10 -6.12885e-04
 2.99358e+01 1.96340e+04 1.24769e-10 -6.12885e-04
 3.72759e+01 2.05711e+04 1.44149e-10 -6.12885e-04
 4.64159e+01 2.15399e+04 1.66616e-10 -6.12885e-04
 5.77969e+01 2.25383e+04 1.92612e-10 -6.12885e-04
 7.19686e+01 2.35696e+04 2.22599e-10 -6.12885e-04
 8.96151e+01 2.46473e+04 2.57021e-10 -6.12885e-04
 1.11588e+02 2.57845e+04 2.96405e-10 -6.12885e-04
 1.38950e+02 2.69987e+04 3.41304e-10 -6.12885e-04
 1.73020e+02 2.83072e+04 3.92340e-10 -6.12885e-04
 2.15443e+02 2.97302e+04 4.50091e-10 -6.12885e-04
 2.68270e+02 3.12816e+04 5.15031e-10 -6.12885e-04
 3.34048e+02 3.29621e+04 5.87339e-10 -6.12885e-04
 4.15956e+02 3.48896e+04 6.65900e-10 -6.12885e-04
 5.17947e+02 3.58679e+04 7.75573e-10 -6.12885e-04
 6.44947e+02 4.17774e+04 8.10788e-10 -6.12885e-04
 8.03086e+02 2.65028e+04 1.48164e-09 -3.16332e-05
 1.00000e+03 5.56432e+04 7.79212e-10 -6.12885e-04
