#n1=128 n2=4 Teff=08600 R=1.7174e+11 L=1.1484e+35 logg=+4.00
#   tau          T          rho         Fconv
 0.00000e+00 6.76170e+03 1.11961e-21 +0.00000e+00
 1.00000e-09 6.76170e+03 3.82976e-17 +0.00000e+00
 1.24520e-09 6.74545e+03 4.78575e-17 +0.00000e+00
 1.55052e-09 6.73010e+03 5.98056e-17 +0.00000e+00
 1.93070e-09 6.71549e+03 7.47408e-17 +0.00000e+00
 2.40410e-09 6.70113e+03 9.34170e-17 +0.00000e+00
 2.99358e-09 6.68690e+03 1.16776e-16 +0.00000e+00
 3.72759e-09 6.67283e+03 1.45993e-16 +0.00000e+00
 4.64159e-09 6.65901e+03 1.82539e-16 +0.00000e+00
 5.77969e-09 6.64592e+03 2.28247e-16 +0.00000e+00
 7.19686e-09 6.63372e+03 2.85425e-16 +0.00000e+00
 8.96151e-09 6.62262e+03 3.56990e-16 +0.00000e+00
 1.11588e-08 6.61271e+03 4.46661e-16 +0.00000e+00
 1.38950e-08 6.60400e+03 5.59243e-16 +0.00000e+00
 1.73020e-08 6.59638e+03 7.00983e-16 +0.00000e+00
 2.15443e-08 6.58972e+03 8.79928e-16 +0.00000e+00
 2.68270e-08 6.58384e+03 1.10622e-15 +0.00000e+00
 3.34048e-08 6.57849e+03 1.39206e-15 +0.00000e+00
 4.15956e-08 6.57342e+03 1.75221e-15 +0.00000e+00
 5.17947e-08 6.56845e+03 2.20718e-15 +0.00000e+00
 6.44947e-08 6.56337e+03 2.78388e-15 +0.00000e+00
 8.03086e-08 6.55798e+03 3.51942e-15 +0.00000e+00
 1.00000e-07 6.55213e+03 4.46677e-15 +0.00000e+00
 1.24520e-07 6.54579e+03 5.70744e-15 +0.00000e+00
 1.55052e-07 6.53923e+03 7.37660e-15 +0.00000e+00
 1.93070e-07 6.53327e+03 9.69991e-15 +0.00000e+00
 2.40410e-07 6.52773e+03 1.28850e-14 +0.00000e+00
 2.99358e-07 6.51900e+03 1.71246e-14 +0.00000e+00
 3.72759e-07 6.50778e+03 2.28091e-14 +0.00000e+00
 4.64159e-07 6.49450e+03 3.04786e-14 +0.00000e+00
 5.77969e-07 6.47918e+03 4.08879e-14 +0.00000e+00
 7.19686e-07 6.46185e+03 5.51019e-14 +0.00000e+00
 8.96151e-07 6.44248e+03 7.46140e-14 +0.00000e+00
 1.11588e-06 6.42096e+03 1.01501e-13 +0.00000e+00
 1.38950e-06 6.39719e+03 1.38647e-13 +0.00000e+00
 1.73020e-06 6.37151e+03 1.90079e-13 +0.00000e+00
 2.15443e-06 6.34462e+03 2.61426e-13 +0.00000e+00
 2.68270e-06 6.31778e+03 3.60538e-13 +0.00000e+00
 3.34048e-06 6.29270e+03 4.98287e-13 +0.00000e+00
 4.15956e-06 6.27140e+03 6.89612e-13 +0.00000e+00
 5.17947e-06 6.25582e+03 9.54783e-13 +0.00000e+00
 6.44947e-06 6.24718e+03 1.32129e-12 +0.00000e+00
 8.03086e-06 6.24580e+03 1.82238e-12 +0.00000e+00
 1.00000e-05 6.25105e+03 2.50367e-12 +0.00000e+00
 1.24520e-05 6.26128e+03 3.42299e-12 +0.00000e+00
 1.55052e-05 6.27668e+03 4.65143e-12 +0.00000e+00
 1.93070e-05 6.29560e+03 6.28073e-12 +0.00000e+00
 2.40410e-05 6.31703e+03 8.42618e-12 +0.00000e+00
 2.99358e-05 6.34018e+03 1.12318e-11 +0.00000e+00
 3.72759e-05 6.36431e+03 1.48742e-11 +0.00000e+00
 4.64159e-05 6.38872e+03 1.95646e-11 +0.00000e+00
 5.77969e-05 6.41325e+03 2.55440e-11 +0.00000e+00
 7.19686e-05 6.43683e+03 3.30924e-11 +0.00000e+00
 8.96151e-05 6.45973e+03 4.25120e-11 +0.00000e+00
 1.11588e-04 6.48188e+03 5.41377e-11 +0.00000e+00
 1.38950e-04 6.50332e+03 6.83356e-11 +0.00000e+00
 1.73020e-04 6.52409e+03 8.55120e-11 +0.00000e+00
 2.15443e-04 6.54423e+03 1.06123e-10 +0.00000e+00
 2.68270e-04 6.56383e+03 1.30685e-10 +0.00000e+00
 3.34048e-04 6.58295e+03 1.59789e-10 +0.00000e+00
 4.15956e-04 6.60165e+03 1.94120e-10 +0.00000e+00
 5.17947e-04 6.62001e+03 2.34448e-10 +0.00000e+00
 6.44947e-04 6.63811e+03 2.81656e-10 +0.00000e+00
 8.03086e-04 6.65602e+03 3.36761e-10 +0.00000e+00
 1.00000e-03 6.67387e+03 4.00889e-10 +0.00000e+00
 1.24520e-03 6.69173e+03 4.75320e-10 -2.54824e-07
 1.55052e-03 6.70977e+03 5.61493e-10 -3.17306e-07
 1.93070e-03 6.72808e+03 6.61030e-10 -3.95108e-07
 2.40410e-03 6.74689e+03 7.75683e-10 -4.91986e-07
 2.99358e-03 6.76635e+03 9.07433e-10 -6.12622e-07
 3.72759e-03 6.78664e+03 1.05839e-09 -7.62834e-07
 4.64159e-03 6.80799e+03 1.23080e-09 -9.49881e-07
 5.77969e-03 6.83071e+03 1.42702e-09 -1.18279e-06
 7.19686e-03 6.85508e+03 1.64954e-09 -1.47280e-06
 8.96151e-03 6.88149e+03 1.90076e-09 -1.83393e-06
 1.11588e-02 6.91038e+03 2.18306e-09 -2.28361e-06
 1.38950e-02 6.94227e+03 2.49860e-09 -2.84354e-06
 1.73020e-02 6.97774e+03 2.84910e-09 -3.54077e-06
 2.15443e-02 7.01752e+03 3.23557e-09 -4.40896e-06
 2.68270e-02 7.06246e+03 3.65808e-09 -5.49002e-06
 3.34048e-02 7.11354e+03 4.11538e-09 -6.83616e-06
 4.15956e-02 7.17190e+03 4.60441e-09 -8.51234e-06
 5.17947e-02 7.23892e+03 5.11977e-09 -1.05996e-05
 6.44947e-02 7.31619e+03 5.65334e-09 -1.31985e-05
 8.03086e-02 7.40558e+03 6.19373e-09 -1.64348e-05
 1.00000e-01 7.50928e+03 6.72594e-09 -2.04645e-05
 1.24520e-01 7.62981e+03 7.23123e-09 -2.54823e-05
 1.55052e-01 7.77008e+03 7.68748e-09 -3.17304e-05
 1.93070e-01 7.93335e+03 8.06993e-09 -3.95108e-05
 2.40410e-01 8.12308e+03 8.35267e-09 -4.91986e-05
 2.99358e-01 8.34266e+03 8.51101e-09 -6.12583e-05
 3.72759e-01 8.59490e+03 8.52447e-09 -7.61956e-05
 4.64159e-01 8.88101e+03 8.38080e-09 -9.28496e-05
 5.77969e-01 9.19917e+03 8.08122e-09 -7.02074e-05
 7.19686e-01 9.54299e+03 7.64675e-09 +6.08287e-04
 8.96151e-01 9.89510e+03 7.13320e-09 +4.03583e-03
 1.11588e+00 1.01413e+04 6.79944e-09 +5.75829e-03
 1.38950e+00 1.03652e+04 6.50912e-09 +9.13356e-03
 1.73020e+00 1.05930e+04 6.22317e-09 +1.37073e-02
 2.15443e+00 1.08375e+04 5.93018e-09 +1.86973e-02
 2.68270e+00 1.11124e+04 5.62388e-09 +2.29322e-02
 3.34048e+00 1.14376e+04 5.30174e-09 +2.27790e-02
 4.15956e+00 1.18362e+04 4.97580e-09 +1.56180e-02
 5.17947e+00 1.23517e+04 4.66019e-09 +4.22047e-03
 6.44947e+00 1.37052e+04 4.09675e-09 -6.09862e-04
 8.03086e+00 1.41454e+04 4.11015e-09 -6.13122e-04
 1.00000e+01 1.45835e+04 4.17784e-09 -6.13658e-04
 1.24520e+01 1.50411e+04 4.29631e-09 -6.13774e-04
 1.55052e+01 1.55148e+04 4.47220e-09 -6.13764e-04
 1.93070e+01 1.60072e+04 4.71043e-09 -6.13648e-04
 2.40410e+01 1.65289e+04 5.01377e-09 -6.13309e-04
 2.99358e+01 1.70780e+04 5.38968e-09 -6.12522e-04
 3.72759e+01 1.76563e+04 5.84568e-09 -6.11141e-04
 4.64159e+01 1.82695e+04 6.39020e-09 -6.09517e-04
 5.77969e+01 1.89189e+04 7.03372e-09 -6.08207e-04
 7.19686e+01 1.96024e+04 7.79393e-09 -6.07158e-04
 8.96151e+01 2.03278e+04 8.67943e-09 -6.05796e-04
 1.11588e+02 2.10938e+04 9.71043e-09 -6.02898e-04
 1.38950e+02 2.19059e+04 1.08968e-08 -5.96236e-04
 1.73020e+02 2.27680e+04 1.22591e-08 -5.80486e-04
 2.15443e+02 2.36851e+04 1.38189e-08 -5.42422e-04
 2.68270e+02 2.46617e+04 1.55943e-08 -4.47706e-04
 3.34048e+02 2.57096e+04 1.76134e-08 -2.21631e-04
 4.15956e+02 2.68261e+04 1.99054e-08 +3.06424e-04
 5.17947e+02 2.80078e+04 2.25121e-08 +1.44072e-03
 6.44947e+02 2.94902e+04 2.53524e-08 +2.77843e-03
 8.03086e+02 3.01875e+04 2.92313e-08 +1.00029e-02
 1.00000e+03 3.30132e+04 3.16085e-08 +5.47657e-03
