#n1=128 n2=4 Teff=08200 R=5.1781e+10 L=8.6366e+33 logg=+5.00
#   tau          T          rho         Fconv
 0.00000e+00 6.17358e+03 1.25656e-21 +0.00000e+00
 1.00000e-09 6.17358e+03 4.63991e-16 +0.00000e+00
 1.24520e-09 6.17283e+03 5.89750e-16 +0.00000e+00
 1.55052e-09 6.17235e+03 7.51905e-16 +0.00000e+00
 1.93070e-09 6.17204e+03 9.61851e-16 +0.00000e+00
 2.40410e-09 6.17186e+03 1.23524e-15 +0.00000e+00
 2.99358e-09 6.17175e+03 1.59437e-15 +0.00000e+00
 3.72759e-09 6.17169e+03 2.07309e-15 +0.00000e+00
 4.64159e-09 6.17170e+03 2.72623e-15 +0.00000e+00
 5.77969e-09 6.17186e+03 3.65887e-15 +0.00000e+00
 7.19686e-09 6.17246e+03 5.10796e-15 +0.00000e+00
 8.96151e-09 6.17393e+03 7.55078e-15 +0.00000e+00
 1.11588e-08 6.17517e+03 1.12837e-14 +0.00000e+00
 1.38950e-08 6.17609e+03 1.68056e-14 +0.00000e+00
 1.73020e-08 6.17687e+03 2.48608e-14 +0.00000e+00
 2.15443e-08 6.17752e+03 3.64713e-14 +0.00000e+00
 2.68270e-08 6.17800e+03 5.30225e-14 +0.00000e+00
 3.34048e-08 6.17828e+03 7.63936e-14 +0.00000e+00
 4.15956e-08 6.17834e+03 1.09174e-13 +0.00000e+00
 5.17947e-08 6.17822e+03 1.55009e-13 +0.00000e+00
 6.44947e-08 6.17803e+03 2.19164e-13 +0.00000e+00
 8.03086e-08 6.17789e+03 3.09426e-13 +0.00000e+00
 1.00000e-07 6.17796e+03 4.37432e-13 +0.00000e+00
 1.24520e-07 6.17833e+03 6.20419e-13 +0.00000e+00
 1.55052e-07 6.17893e+03 8.83332e-13 +0.00000e+00
 1.93070e-07 6.17966e+03 1.26088e-12 +0.00000e+00
 2.40410e-07 6.18042e+03 1.79992e-12 +0.00000e+00
 2.99358e-07 6.18119e+03 2.56162e-12 +0.00000e+00
 3.72759e-07 6.18201e+03 3.62424e-12 +0.00000e+00
 4.64159e-07 6.18306e+03 5.08798e-12 +0.00000e+00
 5.77969e-07 6.18459e+03 7.07990e-12 +0.00000e+00
 7.19686e-07 6.18676e+03 9.75598e-12 +0.00000e+00
 8.96151e-07 6.18964e+03 1.32995e-11 +0.00000e+00
 1.11588e-06 6.19326e+03 1.79156e-11 +0.00000e+00
 1.38950e-06 6.19760e+03 2.38231e-11 +0.00000e+00
 1.73020e-06 6.20262e+03 3.12466e-11 +0.00000e+00
 2.15443e-06 6.20826e+03 4.04117e-11 +0.00000e+00
 2.68270e-06 6.21448e+03 5.15462e-11 +0.00000e+00
 3.34048e-06 6.22123e+03 6.48848e-11 +0.00000e+00
 4.15956e-06 6.22845e+03 8.06786e-11 +0.00000e+00
 5.17947e-06 6.23609e+03 9.92026e-11 +0.00000e+00
 6.44947e-06 6.24410e+03 1.20765e-10 +0.00000e+00
 8.03086e-06 6.25244e+03 1.45715e-10 +0.00000e+00
 1.00000e-05 6.26105e+03 1.74453e-10 +0.00000e+00
 1.24520e-05 6.26986e+03 2.07434e-10 +0.00000e+00
 1.55052e-05 6.27881e+03 2.45184e-10 +0.00000e+00
 1.93070e-05 6.28783e+03 2.88311e-10 +0.00000e+00
 2.40410e-05 6.29687e+03 3.37512e-10 +0.00000e+00
 2.99358e-05 6.30581e+03 3.93605e-10 +0.00000e+00
 3.72759e-05 6.31464e+03 4.57536e-10 +0.00000e+00
 4.64159e-05 6.32329e+03 5.30411e-10 +0.00000e+00
 5.77969e-05 6.33174e+03 6.13523e-10 +0.00000e+00
 7.19686e-05 6.33999e+03 7.08389e-10 +0.00000e+00
 8.96151e-05 6.34802e+03 8.16785e-10 +0.00000e+00
 1.11588e-04 6.35587e+03 9.40786e-10 +0.00000e+00
 1.38950e-04 6.36357e+03 1.08282e-09 +0.00000e+00
 1.73020e-04 6.37116e+03 1.24570e-09 +0.00000e+00
 2.15443e-04 6.37871e+03 1.43267e-09 +0.00000e+00
 2.68270e-04 6.38625e+03 1.64746e-09 +0.00000e+00
 3.34048e-04 6.39386e+03 1.89440e-09 +0.00000e+00
 4.15956e-04 6.40155e+03 2.17838e-09 +0.00000e+00
 5.17947e-04 6.40941e+03 2.50485e-09 +0.00000e+00
 6.44947e-04 6.41747e+03 2.88034e-09 +0.00000e+00
 8.03086e-04 6.42577e+03 3.31227e-09 +0.00000e+00
 1.00000e-03 6.43437e+03 3.80906e-09 +0.00000e+00
 1.24520e-03 6.44330e+03 4.38020e-09 -2.54595e-07
 1.55052e-03 6.45266e+03 5.03649e-09 -3.17021e-07
 1.93070e-03 6.46251e+03 5.79038e-09 -3.94751e-07
 2.40410e-03 6.47296e+03 6.65554e-09 -4.91546e-07
 2.99358e-03 6.48411e+03 7.64761e-09 -6.12072e-07
 3.72759e-03 6.49609e+03 8.78337e-09 -7.62147e-07
 4.64159e-03 6.50908e+03 1.00814e-08 -9.49026e-07
 5.77969e-03 6.52328e+03 1.15624e-08 -1.18172e-06
 7.19686e-03 6.53893e+03 1.32478e-08 -1.47148e-06
 8.96151e-03 6.55632e+03 1.51606e-08 -1.83228e-06
 1.11588e-02 6.57581e+03 1.73234e-08 -2.28155e-06
 1.38950e-02 6.59783e+03 1.97595e-08 -2.84098e-06
 1.73020e-02 6.62287e+03 2.24911e-08 -3.53758e-06
 2.15443e-02 6.65150e+03 2.55376e-08 -4.40498e-06
 2.68270e-02 6.68440e+03 2.89139e-08 -5.48509e-06
 3.34048e-02 6.72234e+03 3.26279e-08 -6.83001e-06
 4.15956e-02 6.76628e+03 3.66776e-08 -8.50468e-06
 5.17947e-02 6.81733e+03 4.10482e-08 -1.05900e-05
 6.44947e-02 6.87685e+03 4.57068e-08 -1.31866e-05
 8.03086e-02 6.94651e+03 5.05971e-08 -1.64200e-05
 1.00000e-01 7.02831e+03 5.56363e-08 -2.04461e-05
 1.24520e-01 7.12467e+03 6.07113e-08 -2.54595e-05
 1.55052e-01 7.23840e+03 6.56772e-08 -3.17021e-05
 1.93070e-01 7.37287e+03 7.03585e-08 -3.94751e-05
 2.40410e-01 7.53213e+03 7.45533e-08 -4.91546e-05
 2.99358e-01 7.72097e+03 7.80423e-08 -6.12041e-05
 3.72759e-01 7.94492e+03 8.06019e-08 -7.60953e-05
 4.64159e-01 8.20970e+03 8.20275e-08 -9.19454e-05
 5.77969e-01 8.51950e+03 8.21722e-08 -5.67344e-05
 7.19686e-01 8.87161e+03 8.10201e-08 +7.84969e-04
 8.96151e-01 9.21569e+03 7.92425e-08 +5.65354e-03
 1.11588e+00 9.45252e+03 7.83644e-08 +9.91655e-03
 1.38950e+00 9.65080e+03 7.77946e-08 +1.63659e-02
 1.73020e+00 9.83033e+03 7.73751e-08 +2.45341e-02
 2.15443e+00 9.99974e+03 7.70414e-08 +3.45352e-02
 2.68270e+00 1.01643e+04 7.67513e-08 +4.69012e-02
 3.34048e+00 1.03263e+04 7.64918e-08 +5.70960e-02
 4.15956e+00 1.04804e+04 7.63599e-08 +6.15700e-02
 5.17947e+00 1.06292e+04 7.63517e-08 +6.48534e-02
 6.44947e+00 1.07756e+04 7.64492e-08 +6.73771e-02
 8.03086e+00 1.09214e+04 7.66454e-08 +6.93652e-02
 1.00000e+01 1.10680e+04 7.69354e-08 +7.09534e-02
 1.24520e+01 1.12168e+04 7.73157e-08 +7.22412e-02
 1.55052e+01 1.13686e+04 7.77855e-08 +7.33012e-02
 1.93070e+01 1.15242e+04 7.83470e-08 +7.41848e-02
 2.40410e+01 1.16843e+04 7.90063e-08 +7.49296e-02
 2.99358e+01 1.18493e+04 7.97746e-08 +7.55643e-02
 3.72759e+01 1.20193e+04 8.06706e-08 +7.61140e-02
 4.64159e+01 1.21942e+04 8.17122e-08 +7.65946e-02
 5.77969e+01 1.23738e+04 8.29451e-08 +7.70031e-02
 7.19686e+01 1.25590e+04 8.43921e-08 +7.73445e-02
 8.96151e+01 1.27507e+04 8.60576e-08 +7.76340e-02
 1.11588e+02 1.29493e+04 8.80106e-08 +7.78813e-02
 1.38950e+02 1.31560e+04 9.02755e-08 +7.80869e-02
 1.73020e+02 1.33725e+04 9.28417e-08 +7.82543e-02
 2.15443e+02 1.36021e+04 9.57720e-08 +7.83842e-02
 2.68270e+02 1.38481e+04 9.90604e-08 +7.84918e-02
 3.34048e+02 1.41122e+04 1.02703e-07 +7.85870e-02
 4.15956e+02 1.43964e+04 1.06863e-07 +7.86670e-02
 5.17947e+02 1.47040e+04 1.11577e-07 +7.87302e-02
 6.44947e+02 1.50466e+04 1.16718e-07 +7.87380e-02
 8.03086e+02 1.54404e+04 1.22359e-07 +7.87493e-02
 1.00000e+03 1.58928e+04 1.28618e-07 +7.87353e-02
