#n1=128 n2=4 Teff=08000 R=1.7983e+13 L=9.4195e+38 logg=+0.50
#   tau          T          rho         Fconv
 0.00000e+00 4.67556e+03 1.66453e-21 +0.00000e+00
 1.00000e-09 4.67556e+03 1.19840e-20 +0.00000e+00
 1.24520e-09 4.67885e+03 1.45702e-20 +0.00000e+00
 1.55052e-09 4.68172e+03 1.78078e-20 +0.00000e+00
 1.93070e-09 4.68482e+03 2.18585e-20 +0.00000e+00
 2.40410e-09 4.68813e+03 2.69271e-20 +0.00000e+00
 2.99358e-09 4.69162e+03 3.32698e-20 +0.00000e+00
 3.72759e-09 4.69528e+03 4.12073e-20 +0.00000e+00
 4.64159e-09 4.69909e+03 5.11412e-20 +0.00000e+00
 5.77969e-09 4.70303e+03 6.35744e-20 +0.00000e+00
 7.19686e-09 4.70710e+03 7.91364e-20 +0.00000e+00
 8.96151e-09 4.71127e+03 9.86159e-20 +0.00000e+00
 1.11588e-08 4.71555e+03 1.23000e-19 +0.00000e+00
 1.38950e-08 4.71993e+03 1.53527e-19 +0.00000e+00
 1.73020e-08 4.72440e+03 1.91745e-19 +0.00000e+00
 2.15443e-08 4.72896e+03 2.39597e-19 +0.00000e+00
 2.68270e-08 4.73362e+03 2.99517e-19 +0.00000e+00
 3.34048e-08 4.73838e+03 3.74555e-19 +0.00000e+00
 4.15956e-08 4.74324e+03 4.68534e-19 +0.00000e+00
 5.17947e-08 4.74821e+03 5.86246e-19 +0.00000e+00
 6.44947e-08 4.75331e+03 7.33696e-19 +0.00000e+00
 8.03086e-08 4.75853e+03 9.18414e-19 +0.00000e+00
 1.00000e-07 4.76390e+03 1.14984e-18 +0.00000e+00
 1.24520e-07 4.76941e+03 1.43979e-18 +0.00000e+00
 1.55052e-07 4.77508e+03 1.80304e-18 +0.00000e+00
 1.93070e-07 4.78091e+03 2.25807e-18 +0.00000e+00
 2.40410e-07 4.78691e+03 2.82817e-18 +0.00000e+00
 2.99358e-07 4.79308e+03 3.54312e-18 +0.00000e+00
 3.72759e-07 4.79943e+03 4.43960e-18 +0.00000e+00
 4.64159e-07 4.80597e+03 5.56357e-18 +0.00000e+00
 5.77969e-07 4.81270e+03 6.97258e-18 +0.00000e+00
 7.19686e-07 4.81962e+03 8.73871e-18 +0.00000e+00
 8.96151e-07 4.82676e+03 1.09522e-17 +0.00000e+00
 1.11588e-06 4.83413e+03 1.37266e-17 +0.00000e+00
 1.38950e-06 4.84177e+03 1.72042e-17 +0.00000e+00
 1.73020e-06 4.84971e+03 2.15641e-17 +0.00000e+00
 2.15443e-06 4.85799e+03 2.70314e-17 +0.00000e+00
 2.68270e-06 4.86669e+03 3.38887e-17 +0.00000e+00
 3.34048e-06 4.87586e+03 4.24925e-17 +0.00000e+00
 4.15956e-06 4.88560e+03 5.32912e-17 +0.00000e+00
 5.17947e-06 4.89600e+03 6.68518e-17 +0.00000e+00
 6.44947e-06 4.90718e+03 8.38963e-17 +0.00000e+00
 8.03086e-06 4.91927e+03 1.05359e-16 +0.00000e+00
 1.00000e-05 4.93241e+03 1.32427e-16 +0.00000e+00
 1.24520e-05 4.94678e+03 1.66571e-16 +0.00000e+00
 1.55052e-05 4.96255e+03 2.09655e-16 +0.00000e+00
 1.93070e-05 4.97991e+03 2.64026e-16 +0.00000e+00
 2.40410e-05 4.99906e+03 3.32647e-16 +0.00000e+00
 2.99358e-05 5.02021e+03 4.19275e-16 +0.00000e+00
 3.72759e-05 5.04355e+03 5.28669e-16 +0.00000e+00
 4.64159e-05 5.06927e+03 6.66905e-16 +0.00000e+00
 5.77969e-05 5.09755e+03 8.41784e-16 +0.00000e+00
 7.19686e-05 5.12854e+03 1.06325e-15 +0.00000e+00
 8.96151e-05 5.16237e+03 1.34400e-15 +0.00000e+00
 1.11588e-04 5.19912e+03 1.70030e-15 +0.00000e+00
 1.38950e-04 5.23883e+03 2.15285e-15 +0.00000e+00
 1.73020e-04 5.28147e+03 2.72800e-15 +0.00000e+00
 2.15443e-04 5.32696e+03 3.45925e-15 +0.00000e+00
 2.68270e-04 5.37495e+03 4.38896e-15 +0.00000e+00
 3.34048e-04 5.42497e+03 5.57010e-15 +0.00000e+00
 4.15956e-04 5.47642e+03 7.07041e-15 +0.00000e+00
 5.17947e-04 5.52845e+03 8.97643e-15 +0.00000e+00
 6.44947e-04 5.58009e+03 1.13972e-14 +0.00000e+00
 8.03086e-04 5.63054e+03 1.44733e-14 +0.00000e+00
 1.00000e-03 5.67924e+03 1.83877e-14 +0.00000e+00
 1.24520e-03 5.72620e+03 2.33798e-14 -2.55066e-07
 1.55052e-03 5.77162e+03 2.97633e-14 -3.17608e-07
 1.93070e-03 5.81589e+03 3.79521e-14 -3.95485e-07
 2.40410e-03 5.85952e+03 4.84973e-14 -4.92457e-07
 2.99358e-03 5.90294e+03 6.21413e-14 -6.13204e-07
 3.72759e-03 5.94646e+03 7.99166e-14 -7.63561e-07
 4.64159e-03 5.99024e+03 1.03284e-13 -9.50783e-07
 5.77969e-03 6.03439e+03 1.34328e-13 -1.18391e-06
 7.19686e-03 6.07905e+03 1.76057e-13 -1.47421e-06
 8.96151e-03 6.12435e+03 2.32815e-13 -1.83568e-06
 1.11588e-02 6.17044e+03 3.10780e-13 -2.28578e-06
 1.38950e-02 6.21761e+03 4.18568e-13 -2.84625e-06
 1.73020e-02 6.26627e+03 5.67825e-13 -3.54414e-06
 2.15443e-02 6.31708e+03 7.73575e-13 -4.41315e-06
 2.68270e-02 6.37082e+03 1.05402e-12 -5.49526e-06
 3.34048e-02 6.42869e+03 1.42893e-12 -6.84265e-06
 4.15956e-02 6.49195e+03 1.91636e-12 -8.52046e-06
 5.17947e-02 6.56197e+03 2.52746e-12 -1.06096e-05
 6.44947e-02 6.64066e+03 3.25967e-12 -1.32111e-05
 8.03086e-02 6.73017e+03 4.09069e-12 -1.64505e-05
 1.00000e-01 6.83388e+03 4.97279e-12 -2.04840e-05
 1.24520e-01 6.95521e+03 5.83423e-12 -2.55068e-05
 1.55052e-01 7.09685e+03 6.59163e-12 -3.17608e-05
 1.93070e-01 7.26213e+03 7.16504e-12 -3.95484e-05
 2.40410e-01 7.45425e+03 7.50327e-12 -4.92461e-05
 2.99358e-01 7.67720e+03 7.60778e-12 -6.13226e-05
 3.72759e-01 7.93497e+03 7.55159e-12 -7.63561e-05
 4.64159e-01 8.22684e+03 7.47365e-12 -9.50796e-05
 5.77969e-01 8.55270e+03 7.49496e-12 -1.18393e-04
 7.19686e-01 8.91051e+03 7.67717e-12 -1.47440e-04
 8.96151e-01 9.22397e+03 8.11563e-12 -1.83586e-04
 1.11588e+00 9.52354e+03 8.75351e-12 -2.28526e-04
 1.38950e+00 9.83911e+03 9.57074e-12 -2.84718e-04
 1.73020e+00 1.01836e+04 1.05794e-11 -3.54414e-04
 2.15443e+00 1.05618e+04 1.18063e-11 -4.41315e-04
 2.68270e+00 1.09772e+04 1.32834e-11 -5.49526e-04
 3.34048e+00 1.14444e+04 1.50306e-11 -6.14520e-04
 4.15956e+00 1.20080e+04 1.70434e-11 -6.14520e-04
 5.17947e+00 1.22542e+04 1.99276e-11 -6.14524e-04
 6.44947e+00 1.30830e+04 2.22477e-11 -6.14520e-04
 8.03086e+00 1.34010e+04 2.60383e-11 -6.14520e-04
 1.00000e+01 1.40659e+04 2.96072e-11 -6.14520e-04
 1.24520e+01 1.46851e+04 3.40248e-11 -6.14520e-04
 1.55052e+01 1.53407e+04 3.92327e-11 -6.14520e-04
 1.93070e+01 1.60332e+04 4.53709e-11 -6.14520e-04
 2.40410e+01 1.67638e+04 5.25809e-11 -6.14520e-04
 2.99358e+01 1.75357e+04 6.10177e-11 -6.14520e-04
 3.72759e+01 1.83272e+04 7.09215e-11 -6.14520e-04
 4.64159e+01 1.93349e+04 8.19970e-11 -6.14520e-04
 5.77969e+01 1.97080e+04 9.75193e-11 -6.14520e-04
 7.19686e+01 2.15456e+04 1.09169e-10 -6.14520e-04
 8.96151e+01 2.20041e+04 1.30265e-10 -6.14520e-04
 1.11588e+02 2.32326e+04 1.49977e-10 -6.14520e-04
 1.38950e+02 2.43084e+04 1.74349e-10 -6.14520e-04
 1.73020e+02 2.54924e+04 2.02136e-10 -6.14520e-04
 2.15443e+02 2.67482e+04 2.34196e-10 -6.14520e-04
 2.68270e+02 2.80841e+04 2.71089e-10 -6.14520e-04
 3.34048e+02 2.95230e+04 3.13248e-10 -6.14520e-04
 4.15956e+02 3.10480e+04 3.61312e-10 -6.14520e-04
 5.17947e+02 3.27117e+04 4.14902e-10 -6.14520e-04
 6.44947e+02 3.44824e+04 4.74766e-10 -6.14520e-04
 8.03086e+02 3.63409e+04 5.42708e-10 -6.14520e-04
 1.00000e+03 3.86231e+04 6.16606e-10 -6.14520e-04
