#n1=128 n2=4 Teff=08000 R=5.0481e+10 L=7.4370e+33 logg=+5.00
#   tau          T          rho         Fconv
 0.00000e+00 5.33448e+03 1.45809e-21 +0.00000e+00
 1.00000e-09 5.33448e+03 6.34214e-16 +0.00000e+00
 1.24520e-09 5.33595e+03 8.33039e-16 +0.00000e+00
 1.55052e-09 5.33727e+03 1.10606e-15 +0.00000e+00
 1.93070e-09 5.33844e+03 1.48915e-15 +0.00000e+00
 2.40410e-09 5.33946e+03 2.04311e-15 +0.00000e+00
 2.99358e-09 5.34034e+03 2.88246e-15 +0.00000e+00
 3.72759e-09 5.34109e+03 4.25251e-15 +0.00000e+00
 4.64159e-09 5.34178e+03 6.55479e-15 +0.00000e+00
 5.77969e-09 5.34243e+03 1.01947e-14 +0.00000e+00
 7.19686e-09 5.34292e+03 1.57642e-14 +0.00000e+00
 8.96151e-09 5.34320e+03 2.41103e-14 +0.00000e+00
 1.11588e-08 5.34325e+03 3.64190e-14 +0.00000e+00
 1.38950e-08 5.34305e+03 5.43138e-14 +0.00000e+00
 1.73020e-08 5.34261e+03 8.00104e-14 +0.00000e+00
 2.15443e-08 5.34193e+03 1.16563e-13 +0.00000e+00
 2.68270e-08 5.34109e+03 1.68271e-13 +0.00000e+00
 3.34048e-08 5.34017e+03 2.41361e-13 +0.00000e+00
 4.15956e-08 5.33936e+03 3.45122e-13 +0.00000e+00
 5.17947e-08 5.33884e+03 4.93691e-13 +0.00000e+00
 6.44947e-08 5.33886e+03 7.08704e-13 +0.00000e+00
 8.03086e-08 5.33964e+03 1.02292e-12 +0.00000e+00
 1.00000e-07 5.34145e+03 1.48407e-12 +0.00000e+00
 1.24520e-07 5.34457e+03 2.15884e-12 +0.00000e+00
 1.55052e-07 5.34929e+03 3.13544e-12 +0.00000e+00
 1.93070e-07 5.35579e+03 4.52266e-12 +0.00000e+00
 2.40410e-07 5.36410e+03 6.45259e-12 +0.00000e+00
 2.99358e-07 5.37399e+03 9.09006e-12 +0.00000e+00
 3.72759e-07 5.38509e+03 1.26359e-11 +0.00000e+00
 4.64159e-07 5.39708e+03 1.73247e-11 +0.00000e+00
 5.77969e-07 5.40972e+03 2.34201e-11 +0.00000e+00
 7.19686e-07 5.42299e+03 3.12075e-11 +0.00000e+00
 8.96151e-07 5.43703e+03 4.09906e-11 +0.00000e+00
 1.11588e-06 5.45209e+03 5.30880e-11 +0.00000e+00
 1.38950e-06 5.46837e+03 6.78382e-11 +0.00000e+00
 1.73020e-06 5.48601e+03 8.56099e-11 +0.00000e+00
 2.15443e-06 5.50503e+03 1.06807e-10 +0.00000e+00
 2.68270e-06 5.52543e+03 1.31870e-10 +0.00000e+00
 3.34048e-06 5.54715e+03 1.61290e-10 +0.00000e+00
 4.15956e-06 5.57004e+03 1.95605e-10 +0.00000e+00
 5.17947e-06 5.59402e+03 2.35388e-10 +0.00000e+00
 6.44947e-06 5.61900e+03 2.81251e-10 +0.00000e+00
 8.03086e-06 5.64486e+03 3.33835e-10 +0.00000e+00
 1.00000e-05 5.67148e+03 3.93809e-10 +0.00000e+00
 1.24520e-05 5.69871e+03 4.61872e-10 +0.00000e+00
 1.55052e-05 5.72642e+03 5.38752e-10 +0.00000e+00
 1.93070e-05 5.75447e+03 6.25216e-10 +0.00000e+00
 2.40410e-05 5.78269e+03 7.22086e-10 +0.00000e+00
 2.99358e-05 5.81096e+03 8.30252e-10 +0.00000e+00
 3.72759e-05 5.83912e+03 9.50704e-10 +0.00000e+00
 4.64159e-05 5.86705e+03 1.08455e-09 +0.00000e+00
 5.77969e-05 5.89459e+03 1.23308e-09 +0.00000e+00
 7.19686e-05 5.92164e+03 1.39775e-09 +0.00000e+00
 8.96151e-05 5.94808e+03 1.58030e-09 +0.00000e+00
 1.11588e-04 5.97382e+03 1.78276e-09 +0.00000e+00
 1.38950e-04 5.99880e+03 2.00753e-09 +0.00000e+00
 1.73020e-04 6.02300e+03 2.25746e-09 +0.00000e+00
 2.15443e-04 6.04642e+03 2.53595e-09 +0.00000e+00
 2.68270e-04 6.06911e+03 2.84700e-09 +0.00000e+00
 3.34048e-04 6.09112e+03 3.19534e-09 +0.00000e+00
 4.15956e-04 6.11253e+03 3.58650e-09 +0.00000e+00
 5.17947e-04 6.13341e+03 4.02687e-09 +0.00000e+00
 6.44947e-04 6.15384e+03 4.52389e-09 +0.00000e+00
 8.03086e-04 6.17391e+03 5.08583e-09 +0.00000e+00
 1.00000e-03 6.19366e+03 5.72201e-09 +0.00000e+00
 1.24520e-03 6.21318e+03 6.44343e-09 -2.54574e-07
 1.55052e-03 6.23254e+03 7.26247e-09 -3.16996e-07
 1.93070e-03 6.25184e+03 8.19290e-09 -3.94722e-07
 2.40410e-03 6.27119e+03 9.24989e-09 -4.91507e-07
 2.99358e-03 6.29070e+03 1.04506e-08 -6.12021e-07
 3.72759e-03 6.31050e+03 1.18142e-08 -7.62088e-07
 4.64159e-03 6.33078e+03 1.33615e-08 -9.48949e-07
 5.77969e-03 6.35173e+03 1.51152e-08 -1.18163e-06
 7.19686e-03 6.37357e+03 1.70994e-08 -1.47136e-06
 8.96151e-03 6.39657e+03 1.93401e-08 -1.83214e-06
 1.11588e-02 6.42108e+03 2.18632e-08 -2.28137e-06
 1.38950e-02 6.44746e+03 2.46943e-08 -2.84076e-06
 1.73020e-02 6.47621e+03 2.78580e-08 -3.53730e-06
 2.15443e-02 6.50790e+03 3.13769e-08 -4.40464e-06
 2.68270e-02 6.54319e+03 3.52684e-08 -5.48466e-06
 3.34048e-02 6.58291e+03 3.95419e-08 -6.82945e-06
 4.15956e-02 6.62796e+03 4.41960e-08 -8.50403e-06
 5.17947e-02 6.67942e+03 4.92152e-08 -1.05892e-05
 6.44947e-02 6.73863e+03 5.45654e-08 -1.31856e-05
 8.03086e-02 6.80718e+03 6.01874e-08 -1.64187e-05
 1.00000e-01 6.88709e+03 6.59900e-08 -2.04445e-05
 1.24520e-01 6.98071e+03 7.18479e-08 -2.54574e-05
 1.55052e-01 7.09072e+03 7.76022e-08 -3.16996e-05
 1.93070e-01 7.22032e+03 8.30593e-08 -3.94722e-05
 2.40410e-01 7.37341e+03 8.79959e-08 -4.91507e-05
 2.99358e-01 7.55487e+03 9.21636e-08 -6.12004e-05
 3.72759e-01 7.77063e+03 9.53014e-08 -7.60981e-05
 4.64159e-01 8.02662e+03 9.71717e-08 -9.19518e-05
 5.77969e-01 8.32779e+03 9.75951e-08 -5.76781e-05
 7.19686e-01 8.67196e+03 9.65450e-08 +6.78096e-04
 8.96151e-01 9.00013e+03 9.49405e-08 +4.12228e-03
 1.11588e+00 9.23807e+03 9.41481e-08 +8.16450e-03
 1.38950e+00 9.44241e+03 9.36226e-08 +1.48109e-02
 1.73020e+00 9.62767e+03 9.32535e-08 +2.32616e-02
 2.15443e+00 9.80096e+03 9.29946e-08 +3.33858e-02
 2.68270e+00 9.96776e+03 9.28004e-08 +4.56986e-02
 3.34048e+00 1.01308e+04 9.26506e-08 +5.60776e-02
 4.15956e+00 1.02845e+04 9.26642e-08 +6.09601e-02
 5.17947e+00 1.04310e+04 9.28488e-08 +6.45595e-02
 6.44947e+00 1.05733e+04 9.31862e-08 +6.72589e-02
 8.03086e+00 1.07139e+04 9.36616e-08 +6.93442e-02
 1.00000e+01 1.08543e+04 9.42700e-08 +7.10055e-02
 1.24520e+01 1.09957e+04 9.50084e-08 +7.23476e-02
 1.55052e+01 1.11389e+04 9.58801e-08 +7.34431e-02
 1.93070e+01 1.12848e+04 9.68865e-08 +7.43499e-02
 2.40410e+01 1.14339e+04 9.80333e-08 +7.51069e-02
 2.99358e+01 1.15867e+04 9.93292e-08 +7.57450e-02
 3.72759e+01 1.17435e+04 1.00788e-07 +7.62880e-02
 4.64159e+01 1.19044e+04 1.02430e-07 +7.67544e-02
 5.77969e+01 1.20692e+04 1.04289e-07 +7.71604e-02
 7.19686e+01 1.22376e+04 1.06399e-07 +7.75109e-02
 8.96151e+01 1.24096e+04 1.08786e-07 +7.78084e-02
 1.11588e+02 1.25857e+04 1.11514e-07 +7.80552e-02
 1.38950e+02 1.27668e+04 1.14579e-07 +7.82649e-02
 1.73020e+02 1.29532e+04 1.18069e-07 +7.84427e-02
 2.15443e+02 1.31455e+04 1.22016e-07 +7.85921e-02
 2.68270e+02 1.33448e+04 1.26421e-07 +7.87161e-02
 3.34048e+02 1.35529e+04 1.31378e-07 +7.88182e-02
 4.15956e+02 1.37712e+04 1.36910e-07 +7.89056e-02
 5.17947e+02 1.40001e+04 1.43023e-07 +7.89831e-02
 6.44947e+02 1.42403e+04 1.49918e-07 +7.90490e-02
 8.03086e+02 1.44930e+04 1.57649e-07 +7.91058e-02
 1.00000e+03 1.47596e+04 1.66205e-07 +7.91545e-02
