#n1=128 n2=4 Teff=08400 R=3.7551e+13 L=4.9906e+39 logg=+0.00
#   tau          T          rho         Fconv
 0.00000e+00 4.47017e+03 1.74399e-21 +0.00000e+00
 1.00000e-09 4.47017e+03 3.89249e-21 +0.00000e+00
 1.24520e-09 4.47439e+03 4.42799e-21 +0.00000e+00
 1.55052e-09 4.47809e+03 5.09972e-21 +0.00000e+00
 1.93070e-09 4.48213e+03 5.94153e-21 +0.00000e+00
 2.40410e-09 4.48650e+03 6.99698e-21 +0.00000e+00
 2.99358e-09 4.49119e+03 8.32082e-21 +0.00000e+00
 3.72759e-09 4.49617e+03 9.98192e-21 +0.00000e+00
 4.64159e-09 4.50143e+03 1.20668e-20 +0.00000e+00
 5.77969e-09 4.50693e+03 1.46844e-20 +0.00000e+00
 7.19686e-09 4.51266e+03 1.79714e-20 +0.00000e+00
 8.96151e-09 4.51860e+03 2.20998e-20 +0.00000e+00
 1.11588e-08 4.52473e+03 2.72857e-20 +0.00000e+00
 1.38950e-08 4.53103e+03 3.38005e-20 +0.00000e+00
 1.73020e-08 4.53749e+03 4.19856e-20 +0.00000e+00
 2.15443e-08 4.54412e+03 5.22694e-20 +0.00000e+00
 2.68270e-08 4.55090e+03 6.51907e-20 +0.00000e+00
 3.34048e-08 4.55783e+03 8.14258e-20 +0.00000e+00
 4.15956e-08 4.56493e+03 1.01825e-19 +0.00000e+00
 5.17947e-08 4.57219e+03 1.27454e-19 +0.00000e+00
 6.44947e-08 4.57962e+03 1.59655e-19 +0.00000e+00
 8.03086e-08 4.58724e+03 2.00111e-19 +0.00000e+00
 1.00000e-07 4.59506e+03 2.50935e-19 +0.00000e+00
 1.24520e-07 4.60310e+03 3.14782e-19 +0.00000e+00
 1.55052e-07 4.61136e+03 3.94984e-19 +0.00000e+00
 1.93070e-07 4.61988e+03 4.95723e-19 +0.00000e+00
 2.40410e-07 4.62867e+03 6.22250e-19 +0.00000e+00
 2.99358e-07 4.63774e+03 7.81152e-19 +0.00000e+00
 3.72759e-07 4.64712e+03 9.80691e-19 +0.00000e+00
 4.64159e-07 4.65685e+03 1.23123e-18 +0.00000e+00
 5.77969e-07 4.66693e+03 1.54576e-18 +0.00000e+00
 7.19686e-07 4.67743e+03 1.94057e-18 +0.00000e+00
 8.96151e-07 4.68836e+03 2.43604e-18 +0.00000e+00
 1.11588e-06 4.69979e+03 3.05773e-18 +0.00000e+00
 1.38950e-06 4.71178e+03 3.83762e-18 +0.00000e+00
 1.73020e-06 4.72440e+03 4.81589e-18 +0.00000e+00
 2.15443e-06 4.73772e+03 6.04310e-18 +0.00000e+00
 2.68270e-06 4.75186e+03 7.58228e-18 +0.00000e+00
 3.34048e-06 4.76693e+03 9.51221e-18 +0.00000e+00
 4.15956e-06 4.78304e+03 1.19314e-17 +0.00000e+00
 5.17947e-06 4.80034e+03 1.49626e-17 +0.00000e+00
 6.44947e-06 4.81897e+03 1.87594e-17 +0.00000e+00
 8.03086e-06 4.83910e+03 2.35129e-17 +0.00000e+00
 1.00000e-05 4.86089e+03 2.94615e-17 +0.00000e+00
 1.24520e-05 4.88449e+03 3.69025e-17 +0.00000e+00
 1.55052e-05 4.91005e+03 4.62064e-17 +0.00000e+00
 1.93070e-05 4.93770e+03 5.78355e-17 +0.00000e+00
 2.40410e-05 4.96756e+03 7.23656e-17 +0.00000e+00
 2.99358e-05 4.99970e+03 9.05152e-17 +0.00000e+00
 3.72759e-05 5.03417e+03 1.13179e-16 +0.00000e+00
 4.64159e-05 5.07100e+03 1.41475e-16 +0.00000e+00
 5.77969e-05 5.11016e+03 1.76795e-16 +0.00000e+00
 7.19686e-05 5.15162e+03 2.20877e-16 +0.00000e+00
 8.96151e-05 5.19529e+03 2.75896e-16 +0.00000e+00
 1.11588e-04 5.24110e+03 3.44563e-16 +0.00000e+00
 1.38950e-04 5.28875e+03 4.30267e-16 +0.00000e+00
 1.73020e-04 5.33794e+03 5.37249e-16 +0.00000e+00
 2.15443e-04 5.38838e+03 6.70829e-16 +0.00000e+00
 2.68270e-04 5.43959e+03 8.37710e-16 +0.00000e+00
 3.34048e-04 5.49100e+03 1.04636e-15 +0.00000e+00
 4.15956e-04 5.54191e+03 1.30748e-15 +0.00000e+00
 5.17947e-04 5.59190e+03 1.63455e-15 +0.00000e+00
 6.44947e-04 5.64073e+03 2.04450e-15 +0.00000e+00
 8.03086e-04 5.68860e+03 2.55848e-15 +0.00000e+00
 1.00000e-03 5.73584e+03 3.20292e-15 +0.00000e+00
 1.24520e-03 5.78299e+03 4.01071e-15 -2.55154e-07
 1.55052e-03 5.83042e+03 5.02289e-15 -3.17717e-07
 1.93070e-03 5.87834e+03 6.29079e-15 -3.95620e-07
 2.40410e-03 5.92679e+03 7.87871e-15 -4.92625e-07
 2.99358e-03 5.97573e+03 9.86738e-15 -6.13416e-07
 3.72759e-03 6.02508e+03 1.23580e-14 -7.63826e-07
 4.64159e-03 6.07469e+03 1.54777e-14 -9.51112e-07
 5.77969e-03 6.12446e+03 1.93866e-14 -1.18432e-06
 7.19686e-03 6.17444e+03 2.42850e-14 -1.47471e-06
 8.96151e-03 6.22475e+03 3.04246e-14 -1.83631e-06
 1.11588e-02 6.27547e+03 3.81220e-14 -2.28657e-06
 1.38950e-02 6.32726e+03 4.77714e-14 -2.84723e-06
 1.73020e-02 6.38047e+03 5.98697e-14 -3.54536e-06
 2.15443e-02 6.43586e+03 7.50349e-14 -4.41469e-06
 2.68270e-02 6.49434e+03 9.40325e-14 -5.49712e-06
 3.34048e-02 6.55725e+03 1.17799e-13 -6.84502e-06
 4.15956e-02 6.62595e+03 1.47471e-13 -8.52338e-06
 5.17947e-02 6.70200e+03 1.84393e-13 -1.06133e-05
 6.44947e-02 6.78737e+03 2.30081e-13 -1.32157e-05
 8.03086e-02 6.88429e+03 2.86130e-13 -1.64819e-05
 1.00000e-01 6.99602e+03 3.53973e-13 -2.04886e-05
 1.24520e-01 7.12580e+03 4.34644e-13 -2.55079e-05
 1.55052e-01 7.27562e+03 5.28769e-13 -3.17769e-05
 1.93070e-01 7.44781e+03 6.36667e-13 -3.95524e-05
 2.40410e-01 7.64412e+03 7.59152e-13 -4.92757e-05
 2.99358e-01 7.86707e+03 8.98200e-13 -6.14641e-05
 3.72759e-01 8.11942e+03 1.05748e-12 -7.66734e-05
 4.64159e-01 8.39916e+03 1.24317e-12 -9.55859e-05
 5.77969e-01 8.70668e+03 1.46228e-12 -1.18432e-04
 7.19686e-01 9.04751e+03 1.72176e-12 -1.47471e-04
 8.96151e-01 9.34763e+03 2.04709e-12 -1.83631e-04
 1.11588e+00 9.65755e+03 2.43939e-12 -2.28657e-04
 1.38950e+00 1.00010e+04 2.90507e-12 -2.84723e-04
 1.73020e+00 1.03850e+04 3.45529e-12 -3.54536e-04
 2.15443e+00 1.08112e+04 4.10386e-12 -4.41469e-04
 2.68270e+00 1.12802e+04 4.86478e-12 -5.49712e-04
 3.34048e+00 1.17930e+04 5.74826e-12 -6.14733e-04
 4.15956e+00 1.23467e+04 6.75982e-12 -6.14748e-04
 5.17947e+00 1.29465e+04 7.90612e-12 -6.14719e-04
 6.44947e+00 1.36033e+04 9.22551e-12 -6.14751e-04
 8.03086e+00 1.39095e+04 1.11040e-11 -6.14741e-04
 1.00000e+01 1.53079e+04 1.24315e-11 -6.14733e-04
 1.24520e+01 1.56854e+04 1.50418e-11 -6.14733e-04
 1.55052e+01 1.65921e+04 1.76180e-11 -6.14733e-04
 1.93070e+01 1.74732e+04 2.07758e-11 -6.14733e-04
 2.40410e+01 1.84203e+04 2.45066e-11 -6.14733e-04
 2.99358e+01 1.94216e+04 2.89312e-11 -6.14733e-04
 3.72759e+01 2.04843e+04 3.41660e-11 -6.14733e-04
 4.64159e+01 2.16056e+04 4.03631e-11 -6.14733e-04
 5.77969e+01 2.27987e+04 4.76724e-11 -6.14733e-04
 7.19686e+01 2.40637e+04 5.62944e-11 -6.14733e-04
 8.96151e+01 2.54203e+04 6.64163e-11 -6.14733e-04
 1.11588e+02 2.68718e+04 7.82796e-11 -6.14733e-04
 1.38950e+02 2.84327e+04 9.20747e-11 -6.14733e-04
 1.73020e+02 3.01080e+04 1.07901e-10 -6.14733e-04
 2.15443e+02 3.19058e+04 1.25730e-10 -6.14733e-04
 2.68270e+02 3.38183e+04 1.45978e-10 -6.14733e-04
 3.34048e+02 3.58416e+04 1.69758e-10 -6.14733e-04
 4.15956e+02 3.79398e+04 1.98350e-10 -6.14733e-04
 5.17947e+02 4.01209e+04 2.32582e-10 -6.14733e-04
 6.44947e+02 4.23657e+04 2.73476e-10 -6.14733e-04
 8.03086e+02 4.45860e+04 3.22532e-10 -6.14733e-04
 1.00000e+03 4.73944e+04 3.76936e-10 -6.14733e-04
