#n1=128 n2=4 Teff=08600 R=1.1521e+11 L=5.1729e+34 logg=+4.00
#   tau          T          rho         Fconv
 0.00000e+00 4.81007e+03 1.63695e-21 +0.00000e+00
 1.00000e-09 4.81007e+03 5.89441e-17 +0.00000e+00
 1.24520e-09 4.81124e+03 7.45743e-17 +0.00000e+00
 1.55052e-09 4.81237e+03 9.45813e-17 +0.00000e+00
 1.93070e-09 4.81346e+03 1.20230e-16 +0.00000e+00
 2.40410e-09 4.81453e+03 1.53168e-16 +0.00000e+00
 2.99358e-09 4.81558e+03 1.95522e-16 +0.00000e+00
 3.72759e-09 4.81661e+03 2.50209e-16 +0.00000e+00
 4.64159e-09 4.81764e+03 3.21058e-16 +0.00000e+00
 5.77969e-09 4.81868e+03 4.13357e-16 +0.00000e+00
 7.19686e-09 4.81975e+03 5.34225e-16 +0.00000e+00
 8.96151e-09 4.82086e+03 6.93159e-16 +0.00000e+00
 1.11588e-08 4.82207e+03 9.01954e-16 +0.00000e+00
 1.38950e-08 4.82342e+03 1.17600e-15 +0.00000e+00
 1.73020e-08 4.82500e+03 1.53548e-15 +0.00000e+00
 2.15443e-08 4.82694e+03 2.00732e-15 +0.00000e+00
 2.68270e-08 4.82938e+03 2.62813e-15 +0.00000e+00
 3.34048e-08 4.83253e+03 3.44885e-15 +0.00000e+00
 4.15956e-08 4.83660e+03 4.54134e-15 +0.00000e+00
 5.17947e-08 4.84182e+03 6.00753e-15 +0.00000e+00
 6.44947e-08 4.84836e+03 7.99122e-15 +0.00000e+00
 8.03086e-08 4.85635e+03 1.06933e-14 +0.00000e+00
 1.00000e-07 4.86588e+03 1.43927e-14 +0.00000e+00
 1.24520e-07 4.87701e+03 1.94775e-14 +0.00000e+00
 1.55052e-07 4.88987e+03 2.64908e-14 +0.00000e+00
 1.93070e-07 4.90472e+03 3.61998e-14 +0.00000e+00
 2.40410e-07 4.92205e+03 4.96836e-14 +0.00000e+00
 2.99358e-07 4.94247e+03 6.84388e-14 +0.00000e+00
 3.72759e-07 4.96654e+03 9.45125e-14 +0.00000e+00
 4.64159e-07 4.99468e+03 1.30682e-13 +0.00000e+00
 5.77969e-07 5.02711e+03 1.80720e-13 +0.00000e+00
 7.19686e-07 5.06388e+03 2.49764e-13 +0.00000e+00
 8.96151e-07 5.10482e+03 3.44850e-13 +0.00000e+00
 1.11588e-06 5.14952e+03 4.75660e-13 +0.00000e+00
 1.38950e-06 5.19733e+03 6.55580e-13 +0.00000e+00
 1.73020e-06 5.24739e+03 9.03183e-13 +0.00000e+00
 2.15443e-06 5.29869e+03 1.24414e-12 +0.00000e+00
 2.68270e-06 5.35007e+03 1.71361e-12 +0.00000e+00
 3.34048e-06 5.40042e+03 2.35916e-12 +0.00000e+00
 4.15956e-06 5.44893e+03 3.24387e-12 +0.00000e+00
 5.17947e-06 5.49558e+03 4.44902e-12 +0.00000e+00
 6.44947e-06 5.54125e+03 6.07590e-12 +0.00000e+00
 8.03086e-06 5.58706e+03 8.24694e-12 +0.00000e+00
 1.00000e-05 5.63363e+03 1.11076e-11 +0.00000e+00
 1.24520e-05 5.68086e+03 1.48285e-11 +0.00000e+00
 1.55052e-05 5.72844e+03 1.96041e-11 +0.00000e+00
 1.93070e-05 5.77618e+03 2.56482e-11 +0.00000e+00
 2.40410e-05 5.82399e+03 3.31880e-11 +0.00000e+00
 2.99358e-05 5.87186e+03 4.24557e-11 +0.00000e+00
 3.72759e-05 5.91978e+03 5.36798e-11 +0.00000e+00
 4.64159e-05 5.96780e+03 6.70746e-11 +0.00000e+00
 5.77969e-05 6.01610e+03 8.28277e-11 +0.00000e+00
 7.19686e-05 6.06485e+03 1.01094e-10 +0.00000e+00
 8.96151e-05 6.11408e+03 1.21993e-10 +0.00000e+00
 1.11588e-04 6.16380e+03 1.45617e-10 +0.00000e+00
 1.38950e-04 6.21385e+03 1.72044e-10 +0.00000e+00
 1.73020e-04 6.26406e+03 2.01362e-10 +0.00000e+00
 2.15443e-04 6.31421e+03 2.33691e-10 +0.00000e+00
 2.68270e-04 6.36412e+03 2.69202e-10 +0.00000e+00
 3.34048e-04 6.41364e+03 3.08130e-10 +0.00000e+00
 4.15956e-04 6.46266e+03 3.50791e-10 +0.00000e+00
 5.17947e-04 6.51110e+03 3.97575e-10 +0.00000e+00
 6.44947e-04 6.55895e+03 4.48956e-10 +0.00000e+00
 8.03086e-04 6.60629e+03 5.05486e-10 +0.00000e+00
 1.00000e-03 6.65294e+03 5.67803e-10 +0.00000e+00
 1.24520e-03 6.69903e+03 6.36634e-10 -2.54587e-07
 1.55052e-03 6.74464e+03 7.12733e-10 -3.17011e-07
 1.93070e-03 6.78984e+03 7.96976e-10 -3.94741e-07
 2.40410e-03 6.83472e+03 8.90310e-10 -4.91529e-07
 2.99358e-03 6.87940e+03 9.93700e-10 -6.12053e-07
 3.72759e-03 6.92400e+03 1.10821e-09 -7.62126e-07
 4.64159e-03 6.96864e+03 1.23495e-09 -9.48999e-07
 5.77969e-03 7.01346e+03 1.37510e-09 -1.18169e-06
 7.19686e-03 7.05865e+03 1.52994e-09 -1.47143e-06
 8.96151e-03 7.10438e+03 1.70078e-09 -1.83223e-06
 1.11588e-02 7.15077e+03 1.88905e-09 -2.28149e-06
 1.38950e-02 7.19842e+03 2.09596e-09 -2.84090e-06
 1.73020e-02 7.24759e+03 2.32280e-09 -3.53748e-06
 2.15443e-02 7.29932e+03 2.57027e-09 -4.40486e-06
 2.68270e-02 7.35437e+03 2.83870e-09 -5.48493e-06
 3.34048e-02 7.41443e+03 3.12707e-09 -6.82981e-06
 4.15956e-02 7.48076e+03 3.43333e-09 -8.50443e-06
 5.17947e-02 7.55461e+03 3.75413e-09 -1.05897e-05
 6.44947e-02 7.63795e+03 4.08392e-09 -1.31863e-05
 8.03086e-02 7.73270e+03 4.41509e-09 -1.64195e-05
 1.00000e-01 7.84283e+03 4.73551e-09 -2.04454e-05
 1.24520e-01 7.97221e+03 5.02946e-09 -2.54583e-05
 1.55052e-01 8.12179e+03 5.28216e-09 -3.17004e-05
 1.93070e-01 8.29356e+03 5.47794e-09 -3.94741e-05
 2.40410e-01 8.48801e+03 5.60403e-09 -4.91526e-05
 2.99358e-01 8.70758e+03 5.64764e-09 -6.11963e-05
 3.72759e-01 8.95679e+03 5.59505e-09 -7.60642e-05
 4.64159e-01 9.22763e+03 5.45432e-09 -9.28685e-05
 5.77969e-01 9.51359e+03 5.24150e-09 -9.52310e-05
 7.19686e-01 9.83751e+03 4.93617e-09 +8.79154e-05
 8.96151e-01 1.01960e+04 4.56418e-09 +1.07573e-03
 1.11588e+00 1.05588e+04 4.20008e-09 +1.87589e-03
 1.38950e+00 1.08297e+04 3.98005e-09 +1.32968e-03
 1.73020e+00 1.11307e+04 3.76569e-09 +1.67543e-03
 2.15443e+00 1.17507e+04 3.36782e-09 -8.46819e-05
 2.68270e+00 1.21578e+04 3.22796e-09 -5.19244e-04
 3.34048e+00 1.25889e+04 3.13903e-09 -6.10657e-04
 4.15956e+00 1.30363e+04 3.09933e-09 -6.13104e-04
 5.17947e+00 1.34902e+04 3.10786e-09 -6.13333e-04
 6.44947e+00 1.39561e+04 3.16169e-09 -6.13359e-04
 8.03086e+00 1.44353e+04 3.26246e-09 -6.13365e-04
 1.00000e+01 1.49209e+04 3.41511e-09 -6.13365e-04
 1.24520e+01 1.54296e+04 3.61946e-09 -6.13362e-04
 1.55052e+01 1.59525e+04 3.88191e-09 -6.13359e-04
 1.93070e+01 1.64932e+04 4.20552e-09 -6.13346e-04
 2.40410e+01 1.70645e+04 4.59177e-09 -6.13311e-04
 2.99358e+01 1.76624e+04 5.04900e-09 -6.13240e-04
 3.72759e+01 1.82885e+04 5.58593e-09 -6.13153e-04
 4.64159e+01 1.89499e+04 6.21171e-09 -6.13078e-04
 5.77969e+01 1.96480e+04 6.93709e-09 -6.13017e-04
 7.19686e+01 2.03804e+04 7.77879e-09 -6.12920e-04
 8.96151e+01 2.11561e+04 8.74522e-09 -6.12711e-04
 1.11588e+02 2.19741e+04 9.85659e-09 -6.12211e-04
 1.38950e+02 2.28401e+04 1.11238e-08 -6.10924e-04
 1.73020e+02 2.37582e+04 1.25681e-08 -6.07465e-04
 2.15443e+02 2.47329e+04 1.42128e-08 -5.97911e-04
 2.68270e+02 2.57685e+04 1.60771e-08 -5.71012e-04
 3.34048e+02 2.68783e+04 1.81911e-08 -4.98749e-04
 4.15956e+02 2.80513e+04 2.05879e-08 -3.03971e-04
 5.17947e+02 2.93294e+04 2.32870e-08 +1.45305e-04
 6.44947e+02 3.07838e+04 2.62951e-08 +9.72031e-04
 8.03086e+02 3.19059e+04 3.00156e-08 +4.05665e-03
 1.00000e+03 3.42941e+04 3.31296e-08 +3.88695e-03
