#n1=128 n2=4 Teff=08600 R=1.1432e+12 L=5.0871e+36 logg=+2.50
#   tau          T          rho         Fconv
 0.00000e+00 5.59659e+03 1.38933e-21 +0.00000e+00
 1.00000e-09 5.59659e+03 1.37785e-18 +0.00000e+00
 1.24520e-09 5.58672e+03 1.72010e-18 +0.00000e+00
 1.55052e-09 5.57960e+03 2.14644e-18 +0.00000e+00
 1.93070e-09 5.57449e+03 2.67763e-18 +0.00000e+00
 2.40410e-09 5.57088e+03 3.33957e-18 +0.00000e+00
 2.99358e-09 5.56843e+03 4.16452e-18 +0.00000e+00
 3.72759e-09 5.56689e+03 5.19270e-18 +0.00000e+00
 4.64159e-09 5.56608e+03 6.47428e-18 +0.00000e+00
 5.77969e-09 5.56585e+03 8.07184e-18 +0.00000e+00
 7.19686e-09 5.56610e+03 1.00634e-17 +0.00000e+00
 8.96151e-09 5.56674e+03 1.25464e-17 +0.00000e+00
 1.11588e-08 5.56770e+03 1.56421e-17 +0.00000e+00
 1.38950e-08 5.56894e+03 1.95022e-17 +0.00000e+00
 1.73020e-08 5.57040e+03 2.43158e-17 +0.00000e+00
 2.15443e-08 5.57205e+03 3.03190e-17 +0.00000e+00
 2.68270e-08 5.57387e+03 3.78070e-17 +0.00000e+00
 3.34048e-08 5.57582e+03 4.71498e-17 +0.00000e+00
 4.15956e-08 5.57791e+03 5.88119e-17 +0.00000e+00
 5.17947e-08 5.58011e+03 7.33781e-17 +0.00000e+00
 6.44947e-08 5.58241e+03 9.15849e-17 +0.00000e+00
 8.03086e-08 5.58483e+03 1.14360e-16 +0.00000e+00
 1.00000e-07 5.58735e+03 1.42864e-16 +0.00000e+00
 1.24520e-07 5.58999e+03 1.78515e-16 +0.00000e+00
 1.55052e-07 5.59274e+03 2.23076e-16 +0.00000e+00
 1.93070e-07 5.59561e+03 2.78786e-16 +0.00000e+00
 2.40410e-07 5.59860e+03 3.48461e-16 +0.00000e+00
 2.99358e-07 5.60172e+03 4.35663e-16 +0.00000e+00
 3.72759e-07 5.60496e+03 5.44944e-16 +0.00000e+00
 4.64159e-07 5.60831e+03 6.82163e-16 +0.00000e+00
 5.77969e-07 5.61178e+03 8.54960e-16 +0.00000e+00
 7.19686e-07 5.61537e+03 1.07336e-15 +0.00000e+00
 8.96151e-07 5.61906e+03 1.35071e-15 +0.00000e+00
 1.11588e-06 5.62288e+03 1.70393e-15 +0.00000e+00
 1.38950e-06 5.62684e+03 2.15242e-15 +0.00000e+00
 1.73020e-06 5.63095e+03 2.72232e-15 +0.00000e+00
 2.15443e-06 5.63524e+03 3.44846e-15 +0.00000e+00
 2.68270e-06 5.63975e+03 4.37648e-15 +0.00000e+00
 3.34048e-06 5.64453e+03 5.56639e-15 +0.00000e+00
 4.15956e-06 5.64965e+03 7.09682e-15 +0.00000e+00
 5.17947e-06 5.65521e+03 9.06989e-15 +0.00000e+00
 6.44947e-06 5.66131e+03 1.16179e-14 +0.00000e+00
 8.03086e-06 5.66808e+03 1.49135e-14 +0.00000e+00
 1.00000e-05 5.67570e+03 1.91835e-14 +0.00000e+00
 1.24520e-05 5.68434e+03 2.47271e-14 +0.00000e+00
 1.55052e-05 5.69428e+03 3.19417e-14 +0.00000e+00
 1.93070e-05 5.70579e+03 4.13542e-14 +0.00000e+00
 2.40410e-05 5.71923e+03 5.36590e-14 +0.00000e+00
 2.99358e-05 5.73497e+03 6.97663e-14 +0.00000e+00
 3.72759e-05 5.75336e+03 9.08581e-14 +0.00000e+00
 4.64159e-05 5.77472e+03 1.18465e-13 +0.00000e+00
 5.77969e-05 5.79929e+03 1.54586e-13 +0.00000e+00
 7.19686e-05 5.82726e+03 2.01843e-13 +0.00000e+00
 8.96151e-05 5.85880e+03 2.63715e-13 +0.00000e+00
 1.11588e-04 5.89416e+03 3.44974e-13 +0.00000e+00
 1.38950e-04 5.93370e+03 4.52269e-13 +0.00000e+00
 1.73020e-04 5.97786e+03 5.94789e-13 +0.00000e+00
 2.15443e-04 6.02696e+03 7.85288e-13 +0.00000e+00
 2.68270e-04 6.08112e+03 1.04142e-12 +0.00000e+00
 3.34048e-04 6.13998e+03 1.38746e-12 +0.00000e+00
 4.15956e-04 6.20260e+03 1.85636e-12 +0.00000e+00
 5.17947e-04 6.26742e+03 2.49236e-12 +0.00000e+00
 6.44947e-04 6.33248e+03 3.35404e-12 +0.00000e+00
 8.03086e-04 6.39580e+03 4.51705e-12 +0.00000e+00
 1.00000e-03 6.45584e+03 6.07624e-12 +0.00000e+00
 1.24520e-03 6.51184e+03 8.14630e-12 -2.54897e-07
 1.55052e-03 6.56387e+03 1.08598e-11 -3.17397e-07
 1.93070e-03 6.61255e+03 1.43626e-11 -3.95221e-07
 2.40410e-03 6.65874e+03 1.88075e-11 -4.92128e-07
 2.99358e-03 6.70322e+03 2.43496e-11 -6.12798e-07
 3.72759e-03 6.74654e+03 3.11415e-11 -7.63053e-07
 4.64159e-03 6.78911e+03 3.93290e-11 -9.50154e-07
 5.77969e-03 6.83124e+03 4.90543e-11 -1.18313e-06
 7.19686e-03 6.87331e+03 6.04447e-11 -1.47323e-06
 8.96151e-03 6.91576e+03 7.36149e-11 -1.83446e-06
 1.11588e-02 6.95913e+03 8.86600e-11 -2.28426e-06
 1.38950e-02 7.00407e+03 1.05638e-10 -2.84435e-06
 1.73020e-02 7.05134e+03 1.24566e-10 -3.54179e-06
 2.15443e-02 7.10192e+03 1.45389e-10 -4.41022e-06
 2.68270e-02 7.15688e+03 1.67969e-10 -5.49160e-06
 3.34048e-02 7.21755e+03 1.92040e-10 -6.83813e-06
 4.15956e-02 7.28535e+03 2.17195e-10 -8.51478e-06
 5.17947e-02 7.36188e+03 2.42857e-10 -1.06026e-05
 6.44947e-02 7.44895e+03 2.68255e-10 -1.32023e-05
 8.03086e-02 7.54860e+03 2.92419e-10 -1.64395e-05
 1.00000e-01 7.66322e+03 3.14178e-10 -2.04704e-05
 1.24520e-01 7.79517e+03 3.32233e-10 -2.54897e-05
 1.55052e-01 7.94648e+03 3.45295e-10 -3.17397e-05
 1.93070e-01 8.11925e+03 3.52198e-10 -3.95221e-05
 2.40410e-01 8.31553e+03 3.52083e-10 -4.92128e-05
 2.99358e-01 8.53747e+03 3.44601e-10 -6.12798e-05
 3.72759e-01 8.78676e+03 3.30314e-10 -7.63050e-05
 4.64159e-01 9.06241e+03 3.11273e-10 -9.50134e-05
 5.77969e-01 9.36259e+03 2.90708e-10 -1.18309e-04
 7.19686e-01 9.68786e+03 2.71889e-10 -1.47320e-04
 8.96151e-01 1.00278e+04 2.57985e-10 -1.83445e-04
 1.11588e+00 1.03290e+04 2.52080e-10 -2.28426e-04
 1.38950e+00 1.06195e+04 2.51171e-10 -2.84435e-04
 1.73020e+00 1.09175e+04 2.54041e-10 -3.54179e-04
 2.15443e+00 1.12328e+04 2.60414e-10 -4.41022e-04
 2.68270e+00 1.15726e+04 2.70394e-10 -5.49160e-04
 3.34048e+00 1.19465e+04 2.84201e-10 -6.14112e-04
 4.15956e+00 1.23757e+04 3.01836e-10 -6.14112e-04
 5.17947e+00 1.32644e+04 3.15912e-10 -6.14112e-04
 6.44947e+00 1.36822e+04 3.49419e-10 -6.14112e-04
 8.03086e+00 1.41210e+04 3.88668e-10 -6.14112e-04
 1.00000e+01 1.45766e+04 4.34183e-10 -6.14112e-04
 1.24520e+01 1.50577e+04 4.86194e-10 -6.14112e-04
 1.55052e+01 1.55574e+04 5.45679e-10 -6.14112e-04
 1.93070e+01 1.60778e+04 6.13624e-10 -6.14112e-04
 2.40410e+01 1.66298e+04 6.91028e-10 -6.14112e-04
 2.99358e+01 1.72091e+04 7.79783e-10 -6.14112e-04
 3.72759e+01 1.78168e+04 8.81633e-10 -6.14112e-04
 4.64159e+01 1.84580e+04 9.98218e-10 -6.14112e-04
 5.77969e+01 1.91341e+04 1.13155e-09 -6.14112e-04
 7.19686e+01 1.98427e+04 1.28399e-09 -6.14112e-04
 8.96151e+01 2.05925e+04 1.45758e-09 -6.14112e-04
 1.11588e+02 2.13824e+04 1.65530e-09 -6.14112e-04
 1.38950e+02 2.22184e+04 1.88000e-09 -6.14112e-04
 1.73020e+02 2.31042e+04 2.13518e-09 -6.14105e-04
 2.15443e+02 2.40447e+04 2.42474e-09 -6.14093e-04
 2.68270e+02 2.50442e+04 2.75315e-09 -6.14047e-04
 3.34048e+02 2.61144e+04 3.12491e-09 -6.13905e-04
 4.15956e+02 2.72515e+04 3.54677e-09 -6.13479e-04
 5.17947e+02 2.84654e+04 4.02398e-09 -6.12181e-04
 6.44947e+02 2.99345e+04 4.55035e-09 -6.09234e-04
 8.03086e+02 3.06953e+04 5.25072e-09 -5.78183e-04
 1.00000e+03 3.36278e+04 5.68101e-09 -5.83642e-04
