#n1=128 n2=4 Teff=08800 R=5.4134e+12 L=1.2518e+38 logg=+1.50
#   tau          T          rho         Fconv
 0.00000e+00 6.96930e+03 1.08479e-21 +0.00000e+00
 1.00000e-09 6.96930e+03 9.76316e-20 +0.00000e+00
 1.24520e-09 6.97004e+03 1.21744e-19 +0.00000e+00
 1.55052e-09 6.97069e+03 1.51855e-19 +0.00000e+00
 1.93070e-09 6.97111e+03 1.89456e-19 +0.00000e+00
 2.40410e-09 6.97129e+03 2.36412e-19 +0.00000e+00
 2.99358e-09 6.97125e+03 2.95049e-19 +0.00000e+00
 3.72759e-09 6.97095e+03 3.68275e-19 +0.00000e+00
 4.64159e-09 6.97038e+03 4.59723e-19 +0.00000e+00
 5.77969e-09 6.96946e+03 5.73934e-19 +0.00000e+00
 7.19686e-09 6.96811e+03 7.16591e-19 +0.00000e+00
 8.96151e-09 6.96621e+03 8.94803e-19 +0.00000e+00
 1.11588e-08 6.96360e+03 1.11747e-18 +0.00000e+00
 1.38950e-08 6.96003e+03 1.39577e-18 +0.00000e+00
 1.73020e-08 6.95521e+03 1.74372e-18 +0.00000e+00
 2.15443e-08 6.94869e+03 2.17897e-18 +0.00000e+00
 2.68270e-08 6.93984e+03 2.72380e-18 +0.00000e+00
 3.34048e-08 6.92761e+03 3.40658e-18 +0.00000e+00
 4.15956e-08 6.90915e+03 4.26436e-18 +0.00000e+00
 5.17947e-08 6.87013e+03 5.35414e-18 +0.00000e+00
 6.44947e-08 6.76449e+03 6.78886e-18 +0.00000e+00
 8.03086e-08 6.60638e+03 8.67910e-18 +0.00000e+00
 1.00000e-07 6.47789e+03 1.10517e-17 +0.00000e+00
 1.24520e-07 6.39080e+03 1.39873e-17 +0.00000e+00
 1.55052e-07 6.33176e+03 1.76280e-17 +0.00000e+00
 1.93070e-07 6.28164e+03 2.21879e-17 +0.00000e+00
 2.40410e-07 6.24037e+03 2.78911e-17 +0.00000e+00
 2.99358e-07 6.20671e+03 3.50212e-17 +0.00000e+00
 3.72759e-07 6.18006e+03 4.39273e-17 +0.00000e+00
 4.64159e-07 6.15962e+03 5.50450e-17 +0.00000e+00
 5.77969e-07 6.14434e+03 6.89202e-17 +0.00000e+00
 7.19686e-07 6.13317e+03 8.62374e-17 +0.00000e+00
 8.96151e-07 6.12521e+03 1.07853e-16 +0.00000e+00
 1.11588e-06 6.11972e+03 1.34841e-16 +0.00000e+00
 1.38950e-06 6.11617e+03 1.68545e-16 +0.00000e+00
 1.73020e-06 6.11411e+03 2.10646e-16 +0.00000e+00
 2.15443e-06 6.11322e+03 2.63247e-16 +0.00000e+00
 2.68270e-06 6.11325e+03 3.28978e-16 +0.00000e+00
 3.34048e-06 6.11399e+03 4.11138e-16 +0.00000e+00
 4.15956e-06 6.11528e+03 5.13916e-16 +0.00000e+00
 5.17947e-06 6.11697e+03 6.42583e-16 +0.00000e+00
 6.44947e-06 6.11895e+03 8.03704e-16 +0.00000e+00
 8.03086e-06 6.12112e+03 1.00554e-15 +0.00000e+00
 1.00000e-05 6.12338e+03 1.25853e-15 +0.00000e+00
 1.24520e-05 6.12565e+03 1.57583e-15 +0.00000e+00
 1.55052e-05 6.12784e+03 1.97415e-15 +0.00000e+00
 1.93070e-05 6.12987e+03 2.47460e-15 +0.00000e+00
 2.40410e-05 6.13164e+03 3.10384e-15 +0.00000e+00
 2.99358e-05 6.13306e+03 3.89552e-15 +0.00000e+00
 3.72759e-05 6.13400e+03 4.89210e-15 +0.00000e+00
 4.64159e-05 6.13431e+03 6.14734e-15 +0.00000e+00
 5.77969e-05 6.13383e+03 7.72944e-15 +0.00000e+00
 7.19686e-05 6.13236e+03 9.72518e-15 +0.00000e+00
 8.96151e-05 6.12966e+03 1.22451e-14 +0.00000e+00
 1.11588e-04 6.12546e+03 1.54303e-14 +0.00000e+00
 1.38950e-04 6.11944e+03 1.94599e-14 +0.00000e+00
 1.73020e-04 6.11106e+03 2.45635e-14 +0.00000e+00
 2.15443e-04 6.10048e+03 3.10324e-14 +0.00000e+00
 2.68270e-04 6.08738e+03 3.92416e-14 +0.00000e+00
 3.34048e-04 6.07194e+03 4.96740e-14 +0.00000e+00
 4.15956e-04 6.05521e+03 6.29473e-14 +0.00000e+00
 5.17947e-04 6.03712e+03 7.98702e-14 +0.00000e+00
 6.44947e-04 6.01972e+03 1.01479e-13 +0.00000e+00
 8.03086e-04 6.00494e+03 1.29150e-13 +0.00000e+00
 1.00000e-03 5.99549e+03 1.64706e-13 +0.00000e+00
 1.24520e-03 5.99288e+03 2.10574e-13 -2.54644e-07
 1.55052e-03 5.99798e+03 2.70267e-13 -3.17081e-07
 1.93070e-03 6.01265e+03 3.48914e-13 -3.94830e-07
 2.40410e-03 6.05318e+03 4.52617e-13 -4.91639e-07
 2.99358e-03 6.09100e+03 5.93416e-13 -6.12189e-07
 3.72759e-03 6.14500e+03 7.85281e-13 -7.62295e-07
 4.64159e-03 6.20084e+03 1.04902e-12 -9.49207e-07
 5.77969e-03 6.26523e+03 1.41246e-12 -1.18195e-06
 7.19686e-03 6.33039e+03 1.91282e-12 -1.47176e-06
 8.96151e-03 6.40747e+03 2.59577e-12 -1.83263e-06
 1.11588e-02 6.48801e+03 3.51856e-12 -2.28199e-06
 1.38950e-02 6.56557e+03 4.75212e-12 -2.84153e-06
 1.73020e-02 6.64575e+03 6.35266e-12 -3.53827e-06
 2.15443e-02 6.73106e+03 8.35625e-12 -4.40584e-06
 2.68270e-02 6.81055e+03 1.08204e-11 -5.48614e-06
 3.34048e-02 6.90144e+03 1.36758e-11 -6.83131e-06
 4.15956e-02 6.99762e+03 1.68603e-11 -8.50632e-06
 5.17947e-02 7.10105e+03 2.02430e-11 -1.05921e-05
 6.44947e-02 7.21427e+03 2.36432e-11 -1.31892e-05
 8.03086e-02 7.34009e+03 2.68419e-11 -1.64232e-05
 1.00000e-01 7.48146e+03 2.96043e-11 -2.04501e-05
 1.24520e-01 7.64130e+03 3.17139e-11 -2.54644e-05
 1.55052e-01 7.82238e+03 3.30156e-11 -3.17081e-05
 1.93070e-01 8.02704e+03 3.34758e-11 -3.94830e-05
 2.40410e-01 8.25686e+03 3.32343e-11 -4.91642e-05
 2.99358e-01 8.51239e+03 3.26140e-11 -6.12189e-05
 3.72759e-01 8.79300e+03 3.20320e-11 -7.62295e-05
 4.64159e-01 9.09697e+03 3.18439e-11 -9.49210e-05
 5.77969e-01 9.42123e+03 3.22489e-11 -1.18195e-04
 7.19686e-01 9.76087e+03 3.33244e-11 -1.47178e-04
 8.96151e-01 1.01065e+04 3.51202e-11 -1.83265e-04
 1.11588e+00 1.04361e+04 3.77345e-11 -2.28201e-04
 1.38950e+00 1.07595e+04 4.11543e-11 -2.84153e-04
 1.73020e+00 1.10890e+04 4.53968e-11 -3.53827e-04
 2.15443e+00 1.14357e+04 5.05081e-11 -4.40584e-04
 2.68270e+00 1.18155e+04 5.65284e-11 -5.48614e-04
 3.34048e+00 1.22509e+04 6.34628e-11 -6.13501e-04
 4.15956e+00 1.29554e+04 7.04895e-11 -6.13501e-04
 5.17947e+00 1.34094e+04 8.04499e-11 -6.13501e-04
 6.44947e+00 1.38592e+04 9.18892e-11 -6.13501e-04
 8.03086e+00 1.43328e+04 1.04765e-10 -6.13501e-04
 1.00000e+01 1.48288e+04 1.19338e-10 -6.13501e-04
 1.24520e+01 1.53523e+04 1.35915e-10 -6.13501e-04
 1.55052e+01 1.59004e+04 1.54932e-10 -6.13501e-04
 1.93070e+01 1.64737e+04 1.76804e-10 -6.13501e-04
 2.40410e+01 1.70786e+04 2.01901e-10 -6.13501e-04
 2.99358e+01 1.77127e+04 2.30721e-10 -6.13501e-04
 3.72759e+01 1.83773e+04 2.63763e-10 -6.13501e-04
 4.64159e+01 1.90763e+04 3.01561e-10 -6.13501e-04
 5.77969e+01 1.98120e+04 3.44750e-10 -6.13501e-04
 7.19686e+01 2.05838e+04 3.94094e-10 -6.13501e-04
 8.96151e+01 2.13996e+04 4.50323e-10 -6.13501e-04
 1.11588e+02 2.22597e+04 5.14421e-10 -6.13501e-04
 1.38950e+02 2.31705e+04 5.87378e-10 -6.13501e-04
 1.73020e+02 2.41362e+04 6.70388e-10 -6.13501e-04
 2.15443e+02 2.51631e+04 7.64761e-10 -6.13501e-04
 2.68270e+02 2.62558e+04 8.72040e-10 -6.13501e-04
 3.34048e+02 2.74253e+04 9.93787e-10 -6.13501e-04
 4.15956e+02 2.86840e+04 1.13182e-09 -6.13498e-04
 5.17947e+02 2.99712e+04 1.29010e-09 -6.13489e-04
 6.44947e+02 3.16434e+04 1.45927e-09 -6.13448e-04
 8.03086e+02 3.26289e+04 1.68393e-09 -6.12945e-04
 1.00000e+03 3.51174e+04 1.85501e-09 -6.10153e-04
