#n1=128 n2=4 Teff=08800 R=5.5609e+10 L=1.3213e+34 logg=+5.00
#   tau          T          rho         Fconv
 0.00000e+00 5.89320e+03 1.31364e-21 +0.00000e+00
 1.00000e-09 5.89320e+03 4.60392e-16 +0.00000e+00
 1.24520e-09 5.89453e+03 5.78312e-16 +0.00000e+00
 1.55052e-09 5.89595e+03 7.27517e-16 +0.00000e+00
 1.93070e-09 5.89745e+03 9.16677e-16 +0.00000e+00
 2.40410e-09 5.89903e+03 1.15712e-15 +0.00000e+00
 2.99358e-09 5.90068e+03 1.46403e-15 +0.00000e+00
 3.72759e-09 5.90238e+03 1.85815e-15 +0.00000e+00
 4.64159e-09 5.90412e+03 2.36815e-15 +0.00000e+00
 5.77969e-09 5.90587e+03 3.03332e-15 +0.00000e+00
 7.19686e-09 5.90762e+03 3.90560e-15 +0.00000e+00
 8.96151e-09 5.90935e+03 5.04502e-15 +0.00000e+00
 1.11588e-08 5.91102e+03 6.52177e-15 +0.00000e+00
 1.38950e-08 5.91260e+03 8.43892e-15 +0.00000e+00
 1.73020e-08 5.91404e+03 1.09330e-14 +0.00000e+00
 2.15443e-08 5.91531e+03 1.41931e-14 +0.00000e+00
 2.68270e-08 5.91640e+03 1.84913e-14 +0.00000e+00
 3.34048e-08 5.91730e+03 2.42352e-14 +0.00000e+00
 4.15956e-08 5.91800e+03 3.20498e-14 +0.00000e+00
 5.17947e-08 5.91854e+03 4.29128e-14 +0.00000e+00
 6.44947e-08 5.91895e+03 5.83474e-14 +0.00000e+00
 8.03086e-08 5.91926e+03 8.06144e-14 +0.00000e+00
 1.00000e-07 5.91942e+03 1.12541e-13 +0.00000e+00
 1.24520e-07 5.91932e+03 1.57486e-13 +0.00000e+00
 1.55052e-07 5.91903e+03 2.20987e-13 +0.00000e+00
 1.93070e-07 5.91867e+03 3.11094e-13 +0.00000e+00
 2.40410e-07 5.91836e+03 4.39569e-13 +0.00000e+00
 2.99358e-07 5.91828e+03 6.23311e-13 +0.00000e+00
 3.72759e-07 5.91867e+03 8.86143e-13 +0.00000e+00
 4.64159e-07 5.91989e+03 1.26117e-12 +0.00000e+00
 5.77969e-07 5.92241e+03 1.79398e-12 +0.00000e+00
 7.19686e-07 5.92678e+03 2.54687e-12 +0.00000e+00
 8.96151e-07 5.93351e+03 3.60300e-12 +0.00000e+00
 1.11588e-06 5.94293e+03 5.07059e-12 +0.00000e+00
 1.38950e-06 5.95517e+03 7.09009e-12 +0.00000e+00
 1.73020e-06 5.97008e+03 9.83864e-12 +0.00000e+00
 2.15443e-06 5.98724e+03 1.35314e-11 +0.00000e+00
 2.68270e-06 6.00617e+03 1.84184e-11 +0.00000e+00
 3.34048e-06 6.02647e+03 2.47768e-11 +0.00000e+00
 4.15956e-06 6.04795e+03 3.29042e-11 +0.00000e+00
 5.17947e-06 6.07066e+03 4.31183e-11 +0.00000e+00
 6.44947e-06 6.09482e+03 5.57576e-11 +0.00000e+00
 8.03086e-06 6.12065e+03 7.11799e-11 +0.00000e+00
 1.00000e-05 6.14823e+03 8.97583e-11 +0.00000e+00
 1.24520e-05 6.17745e+03 1.11881e-10 +0.00000e+00
 1.55052e-05 6.20850e+03 1.37940e-10 +0.00000e+00
 1.93070e-05 6.24116e+03 1.68344e-10 +0.00000e+00
 2.40410e-05 6.27525e+03 2.03505e-10 +0.00000e+00
 2.99358e-05 6.31064e+03 2.43834e-10 +0.00000e+00
 3.72759e-05 6.34753e+03 2.89726e-10 +0.00000e+00
 4.64159e-05 6.38463e+03 3.41695e-10 +0.00000e+00
 5.77969e-05 6.42212e+03 4.00234e-10 +0.00000e+00
 7.19686e-05 6.45987e+03 4.65926e-10 +0.00000e+00
 8.96151e-05 6.49770e+03 5.39468e-10 +0.00000e+00
 1.11588e-04 6.53543e+03 6.21690e-10 +0.00000e+00
 1.38950e-04 6.57286e+03 7.13574e-10 +0.00000e+00
 1.73020e-04 6.60976e+03 8.16295e-10 +0.00000e+00
 2.15443e-04 6.64589e+03 9.31198e-10 +0.00000e+00
 2.68270e-04 6.68105e+03 1.05993e-09 +0.00000e+00
 3.34048e-04 6.71505e+03 1.20442e-09 +0.00000e+00
 4.15956e-04 6.74776e+03 1.36695e-09 +0.00000e+00
 5.17947e-04 6.77912e+03 1.55024e-09 +0.00000e+00
 6.44947e-04 6.80911e+03 1.75750e-09 +0.00000e+00
 8.03086e-04 6.83780e+03 1.99237e-09 +0.00000e+00
 1.00000e-03 6.86527e+03 2.25907e-09 +0.00000e+00
 1.24520e-03 6.89169e+03 2.56237e-09 -2.54575e-07
 1.55052e-03 6.91724e+03 2.90778e-09 -3.16995e-07
 1.93070e-03 6.94213e+03 3.30129e-09 -3.94723e-07
 2.40410e-03 6.96657e+03 3.74944e-09 -4.91506e-07
 2.99358e-03 6.99085e+03 4.25953e-09 -6.12023e-07
 3.72759e-03 7.01523e+03 4.83974e-09 -7.62089e-07
 4.64159e-03 7.04001e+03 5.49881e-09 -9.48950e-07
 5.77969e-03 7.06549e+03 6.24611e-09 -1.18163e-06
 7.19686e-03 7.09204e+03 7.09156e-09 -1.47136e-06
 8.96151e-03 7.12004e+03 8.04536e-09 -1.83214e-06
 1.11588e-02 7.14999e+03 9.11786e-09 -2.28137e-06
 1.38950e-02 7.18243e+03 1.03190e-08 -2.84076e-06
 1.73020e-02 7.21801e+03 1.16579e-08 -3.53731e-06
 2.15443e-02 7.25751e+03 1.31415e-08 -4.40465e-06
 2.68270e-02 7.30185e+03 1.47737e-08 -5.48465e-06
 3.34048e-02 7.35209e+03 1.65536e-08 -6.82946e-06
 4.15956e-02 7.40948e+03 1.84744e-08 -8.50402e-06
 5.17947e-02 7.47546e+03 2.05212e-08 -1.05892e-05
 6.44947e-02 7.55174e+03 2.26686e-08 -1.31856e-05
 8.03086e-02 7.64030e+03 2.48787e-08 -1.64187e-05
 1.00000e-01 7.74355e+03 2.70993e-08 -2.04445e-05
 1.24520e-01 7.86422e+03 2.92625e-08 -2.54575e-05
 1.55052e-01 8.00529e+03 3.12867e-08 -3.16986e-05
 1.93070e-01 8.17009e+03 3.30782e-08 -3.94720e-05
 2.40410e-01 8.36213e+03 3.45366e-08 -4.91489e-05
 2.99358e-01 8.58474e+03 3.55638e-08 -6.11662e-05
 3.72759e-01 8.84041e+03 3.60765e-08 -7.55601e-05
 4.64159e-01 9.12939e+03 3.60243e-08 -8.27156e-05
 5.77969e-01 9.44904e+03 3.54020e-08 +9.77137e-05
 7.19686e-01 9.79023e+03 3.42703e-08 +1.95693e-03
 8.96151e-01 1.00419e+04 3.35033e-08 +4.54002e-03
 1.11588e+00 1.02572e+04 3.28817e-08 +9.13431e-03
 1.38950e+00 1.04543e+04 3.23338e-08 +1.53352e-02
 1.73020e+00 1.06434e+04 3.18198e-08 +2.26926e-02
 2.15443e+00 1.08317e+04 3.13033e-08 +3.17124e-02
 2.68270e+00 1.10248e+04 3.07599e-08 +4.27157e-02
 3.34048e+00 1.12264e+04 3.01744e-08 +5.16123e-02
 4.15956e+00 1.14304e+04 2.96080e-08 +5.55579e-02
 5.17947e+00 1.16391e+04 2.90663e-08 +5.85481e-02
 6.44947e+00 1.18566e+04 2.85432e-08 +6.07935e-02
 8.03086e+00 1.20877e+04 2.80340e-08 +6.24393e-02
 1.00000e+01 1.23377e+04 2.75377e-08 +6.36037e-02
 1.24520e+01 1.26132e+04 2.70581e-08 +6.43192e-02
 1.55052e+01 1.29239e+04 2.66017e-08 +6.45031e-02
 1.93070e+01 1.32860e+04 2.61592e-08 +6.39028e-02
 2.40410e+01 1.37377e+04 2.57066e-08 +6.11612e-02
 2.99358e+01 1.43919e+04 2.50730e-08 +5.28522e-02
 3.72759e+01 1.55810e+04 2.39471e-08 +2.40686e-02
 4.64159e+01 1.75629e+04 2.27529e-08 +2.11984e-03
 5.77969e+01 1.97437e+04 2.26108e-08 -3.59522e-04
 7.19686e+01 2.03941e+04 2.52250e-08 -1.32976e-04
 8.96151e+01 2.11211e+04 2.81728e-08 +1.07234e-04
 1.11588e+02 2.18943e+04 3.15540e-08 +4.22857e-04
 1.38950e+02 2.27186e+04 3.54001e-08 +9.07090e-04
 1.73020e+02 2.35978e+04 3.98100e-08 +1.71258e-03
 2.15443e+02 2.45366e+04 4.48099e-08 +3.09751e-03
 2.68270e+02 2.55398e+04 5.05179e-08 +5.29722e-03
 3.34048e+02 2.66187e+04 5.69653e-08 +8.45661e-03
 4.15956e+02 2.77701e+04 6.43170e-08 +1.25002e-02
 5.17947e+02 2.88941e+04 7.27926e-08 +1.80522e-02
 6.44947e+02 3.31381e+04 7.63091e-08 +2.10740e-03
 8.03086e+02 3.10387e+04 9.67855e-08 +3.50499e-02
 1.00000e+03 3.51119e+04 1.01270e-07 +1.80417e-02
