#n1=128 n2=4 Teff=08800 R=1.1707e+12 L=5.8468e+36 logg=+2.50
#   tau          T          rho         Fconv
 0.00000e+00 4.98405e+03 1.62190e-21 +0.00000e+00
 1.00000e-09 4.98405e+03 1.68503e-18 +0.00000e+00
 1.24520e-09 4.98617e+03 2.09932e-18 +0.00000e+00
 1.55052e-09 4.98838e+03 2.61573e-18 +0.00000e+00
 1.93070e-09 4.99072e+03 3.25952e-18 +0.00000e+00
 2.40410e-09 4.99320e+03 4.06222e-18 +0.00000e+00
 2.99358e-09 4.99583e+03 5.06321e-18 +0.00000e+00
 3.72759e-09 4.99864e+03 6.31169e-18 +0.00000e+00
 4.64159e-09 5.00165e+03 7.86910e-18 +0.00000e+00
 5.77969e-09 5.00488e+03 9.81222e-18 +0.00000e+00
 7.19686e-09 5.00835e+03 1.22370e-17 +0.00000e+00
 8.96151e-09 5.01208e+03 1.52632e-17 +0.00000e+00
 1.11588e-08 5.01611e+03 1.90408e-17 +0.00000e+00
 1.38950e-08 5.02045e+03 2.37571e-17 +0.00000e+00
 1.73020e-08 5.02515e+03 2.96477e-17 +0.00000e+00
 2.15443e-08 5.03026e+03 3.70095e-17 +0.00000e+00
 2.68270e-08 5.03582e+03 4.62189e-17 +0.00000e+00
 3.34048e-08 5.04191e+03 5.77557e-17 +0.00000e+00
 4.15956e-08 5.04862e+03 7.22330e-17 +0.00000e+00
 5.17947e-08 5.05605e+03 9.04310e-17 +0.00000e+00
 6.44947e-08 5.06433e+03 1.13306e-16 +0.00000e+00
 8.03086e-08 5.07361e+03 1.42008e-16 +0.00000e+00
 1.00000e-07 5.08403e+03 1.78008e-16 +0.00000e+00
 1.24520e-07 5.09577e+03 2.23140e-16 +0.00000e+00
 1.55052e-07 5.10900e+03 2.79689e-16 +0.00000e+00
 1.93070e-07 5.12391e+03 3.50532e-16 +0.00000e+00
 2.40410e-07 5.14069e+03 4.39326e-16 +0.00000e+00
 2.99358e-07 5.15954e+03 5.50767e-16 +0.00000e+00
 3.72759e-07 5.18066e+03 6.90944e-16 +0.00000e+00
 4.64159e-07 5.20423e+03 8.67812e-16 +0.00000e+00
 5.77969e-07 5.23042e+03 1.09178e-15 +0.00000e+00
 7.19686e-07 5.25939e+03 1.37654e-15 +0.00000e+00
 8.96151e-07 5.29121e+03 1.73997e-15 +0.00000e+00
 1.11588e-06 5.32594e+03 2.20451e-15 +0.00000e+00
 1.38950e-06 5.36350e+03 2.79769e-15 +0.00000e+00
 1.73020e-06 5.40379e+03 3.55816e-15 +0.00000e+00
 2.15443e-06 5.44669e+03 4.53690e-15 +0.00000e+00
 2.68270e-06 5.49210e+03 5.80091e-15 +0.00000e+00
 3.34048e-06 5.53989e+03 7.43734e-15 +0.00000e+00
 4.15956e-06 5.58991e+03 9.55961e-15 +0.00000e+00
 5.17947e-06 5.64186e+03 1.23173e-14 +0.00000e+00
 6.44947e-06 5.69524e+03 1.59107e-14 +0.00000e+00
 8.03086e-06 5.74936e+03 2.06105e-14 +0.00000e+00
 1.00000e-05 5.80337e+03 2.67848e-14 +0.00000e+00
 1.24520e-05 5.85645e+03 3.49409e-14 +0.00000e+00
 1.55052e-05 5.90809e+03 4.57799e-14 +0.00000e+00
 1.93070e-05 5.95824e+03 6.02603e-14 +0.00000e+00
 2.40410e-05 6.00730e+03 7.96746e-14 +0.00000e+00
 2.99358e-05 6.05590e+03 1.05739e-13 +0.00000e+00
 3.72759e-05 6.10466e+03 1.40699e-13 +0.00000e+00
 4.64159e-05 6.15414e+03 1.87449e-13 +0.00000e+00
 5.77969e-05 6.20464e+03 2.49684e-13 +0.00000e+00
 7.19686e-05 6.25616e+03 3.32099e-13 +0.00000e+00
 8.96151e-05 6.30855e+03 4.40589e-13 +0.00000e+00
 1.11588e-04 6.36151e+03 5.82434e-13 +0.00000e+00
 1.38950e-04 6.41473e+03 7.66475e-13 +0.00000e+00
 1.73020e-04 6.46793e+03 1.00322e-12 +0.00000e+00
 2.15443e-04 6.52091e+03 1.30487e-12 +0.00000e+00
 2.68270e-04 6.57349e+03 1.68524e-12 +0.00000e+00
 3.34048e-04 6.62550e+03 2.15976e-12 +0.00000e+00
 4.15956e-04 6.67682e+03 2.74547e-12 +0.00000e+00
 5.17947e-04 6.72740e+03 3.46121e-12 +0.00000e+00
 6.44947e-04 6.77724e+03 4.32824e-12 +0.00000e+00
 8.03086e-04 6.82635e+03 5.37095e-12 +0.00000e+00
 1.00000e-03 6.87481e+03 6.61734e-12 +0.00000e+00
 1.24520e-03 6.92269e+03 8.09965e-12 -2.54977e-07
 1.55052e-03 6.97010e+03 9.85415e-12 -3.17495e-07
 1.93070e-03 7.01712e+03 1.19209e-11 -3.95346e-07
 2.40410e-03 7.06384e+03 1.43429e-11 -4.92282e-07
 2.99358e-03 7.11038e+03 1.71662e-11 -6.12990e-07
 3.72759e-03 7.15686e+03 2.04389e-11 -7.63292e-07
 4.64159e-03 7.20342e+03 2.42123e-11 -9.50448e-07
 5.77969e-03 7.25020e+03 2.85366e-11 -1.18350e-06
 7.19686e-03 7.29741e+03 3.34627e-11 -1.47369e-06
 8.96151e-03 7.34527e+03 3.90379e-11 -1.83503e-06
 1.11588e-02 7.39404e+03 4.53038e-11 -2.28498e-06
 1.38950e-02 7.44415e+03 5.22947e-11 -2.84524e-06
 1.73020e-02 7.49610e+03 6.00292e-11 -3.54290e-06
 2.15443e-02 7.55093e+03 6.84961e-11 -4.41160e-06
 2.68270e-02 7.60956e+03 7.76495e-11 -5.49331e-06
 3.34048e-02 7.67372e+03 8.73749e-11 -6.84024e-06
 4.15956e-02 7.74481e+03 9.74978e-11 -8.51745e-06
 5.17947e-02 7.82448e+03 1.07768e-10 -1.06059e-05
 6.44947e-02 7.91476e+03 1.17837e-10 -1.32064e-05
 8.03086e-02 8.01782e+03 1.27278e-10 -1.64446e-05
 1.00000e-01 8.13744e+03 1.35509e-10 -2.04768e-05
 1.24520e-01 8.27715e+03 1.41914e-10 -2.54977e-05
 1.55052e-01 8.43783e+03 1.46113e-10 -3.17495e-05
 1.93070e-01 8.62101e+03 1.47950e-10 -3.95346e-05
 2.40410e-01 8.82697e+03 1.47708e-10 -4.92282e-05
 2.99358e-01 9.05766e+03 1.45980e-10 -6.12990e-05
 3.72759e-01 9.31659e+03 1.43637e-10 -7.63292e-05
 4.64159e-01 9.59729e+03 1.42125e-10 -9.50448e-05
 5.77969e-01 9.89555e+03 1.42430e-10 -1.18350e-04
 7.19686e-01 1.02310e+04 1.44512e-10 -1.47369e-04
 8.96151e-01 1.06027e+04 1.48916e-10 -1.83503e-04
 1.11588e+00 1.09538e+04 1.56916e-10 -2.28498e-04
 1.38950e+00 1.13222e+04 1.67783e-10 -2.84524e-04
 1.73020e+00 1.17052e+04 1.81841e-10 -3.54290e-04
 2.15443e+00 1.20723e+04 1.99760e-10 -4.41160e-04
 2.68270e+00 1.26844e+04 2.18035e-10 -5.49331e-04
 3.34048e+00 1.31064e+04 2.44526e-10 -6.14304e-04
 4.15956e+00 1.35823e+04 2.74687e-10 -6.14304e-04
 5.17947e+00 1.40755e+04 3.09590e-10 -6.14304e-04
 6.44947e+00 1.45883e+04 3.49471e-10 -6.14304e-04
 8.03086e+00 1.51233e+04 3.94712e-10 -6.14304e-04
 1.00000e+01 1.56754e+04 4.46225e-10 -6.14304e-04
 1.24520e+01 1.62601e+04 5.04688e-10 -6.14304e-04
 1.55052e+01 1.68713e+04 5.71727e-10 -6.14304e-04
 1.93070e+01 1.75120e+04 6.48667e-10 -6.14304e-04
 2.40410e+01 1.81917e+04 7.36667e-10 -6.14304e-04
 2.99358e+01 1.89077e+04 8.37444e-10 -6.14304e-04
 3.72759e+01 1.96626e+04 9.52606e-10 -6.14304e-04
 4.64159e+01 2.04607e+04 1.08392e-09 -6.14304e-04
 5.77969e+01 2.13022e+04 1.23360e-09 -6.14304e-04
 7.19686e+01 2.21823e+04 1.40434e-09 -6.14304e-04
 8.96151e+01 2.31030e+04 1.59882e-09 -6.14304e-04
 1.11588e+02 2.40591e+04 1.82050e-09 -6.14304e-04
 1.38950e+02 2.50538e+04 2.07267e-09 -6.14304e-04
 1.73020e+02 2.60915e+04 2.35902e-09 -6.14304e-04
 2.15443e+02 2.71818e+04 2.68334e-09 -6.14304e-04
 2.68270e+02 2.83360e+04 3.04986e-09 -6.14301e-04
 3.34048e+02 2.95733e+04 3.46275e-09 -6.14295e-04
 4.15956e+02 3.09052e+04 3.92757e-09 -6.14259e-04
 5.17947e+02 3.23361e+04 4.45021e-09 -6.14068e-04
 6.44947e+02 3.40628e+04 5.01774e-09 -6.12890e-04
 8.03086e+02 3.53190e+04 5.73312e-09 -6.00032e-04
 1.00000e+03 3.80972e+04 6.27819e-09 -5.52501e-04
