#n1=128 n2=4 Teff=08600 R=1.9323e+13 L=1.4542e+39 logg=+0.50
#   tau          T          rho         Fconv
 0.00000e+00 4.43847e+03 1.82148e-21 +0.00000e+00
 1.00000e-09 4.43847e+03 1.36331e-20 +0.00000e+00
 1.24520e-09 4.44213e+03 1.65803e-20 +0.00000e+00
 1.55052e-09 4.44588e+03 2.02643e-20 +0.00000e+00
 1.93070e-09 4.44982e+03 2.48689e-20 +0.00000e+00
 2.40410e-09 4.45395e+03 3.06244e-20 +0.00000e+00
 2.99358e-09 4.45827e+03 3.78188e-20 +0.00000e+00
 3.72759e-09 4.46281e+03 4.68117e-20 +0.00000e+00
 4.64159e-09 4.46758e+03 5.80526e-20 +0.00000e+00
 5.77969e-09 4.47259e+03 7.21033e-20 +0.00000e+00
 7.19686e-09 4.47786e+03 8.96655e-20 +0.00000e+00
 8.96151e-09 4.48343e+03 1.11616e-19 +0.00000e+00
 1.11588e-08 4.48931e+03 1.39051e-19 +0.00000e+00
 1.38950e-08 4.49555e+03 1.73337e-19 +0.00000e+00
 1.73020e-08 4.50216e+03 2.16185e-19 +0.00000e+00
 2.15443e-08 4.50920e+03 2.69730e-19 +0.00000e+00
 2.68270e-08 4.51671e+03 3.36636e-19 +0.00000e+00
 3.34048e-08 4.52472e+03 4.20233e-19 +0.00000e+00
 4.15956e-08 4.53331e+03 5.24675e-19 +0.00000e+00
 5.17947e-08 4.54253e+03 6.55151e-19 +0.00000e+00
 6.44947e-08 4.55246e+03 8.18124e-19 +0.00000e+00
 8.03086e-08 4.56320e+03 1.02166e-18 +0.00000e+00
 1.00000e-07 4.57484e+03 1.27578e-18 +0.00000e+00
 1.24520e-07 4.58750e+03 1.59297e-18 +0.00000e+00
 1.55052e-07 4.60131e+03 1.98871e-18 +0.00000e+00
 1.93070e-07 4.61641e+03 2.48222e-18 +0.00000e+00
 2.40410e-07 4.63294e+03 3.09729e-18 +0.00000e+00
 2.99358e-07 4.65106e+03 3.86337e-18 +0.00000e+00
 3.72759e-07 4.67090e+03 4.81704e-18 +0.00000e+00
 4.64159e-07 4.69261e+03 6.00378e-18 +0.00000e+00
 5.77969e-07 4.71629e+03 7.48039e-18 +0.00000e+00
 7.19686e-07 4.74203e+03 9.31892e-18 +0.00000e+00
 8.96151e-07 4.76991e+03 1.16078e-17 +0.00000e+00
 1.11588e-06 4.79995e+03 1.44568e-17 +0.00000e+00
 1.38950e-06 4.83213e+03 1.80018e-17 +0.00000e+00
 1.73020e-06 4.86638e+03 2.24117e-17 +0.00000e+00
 2.15443e-06 4.90260e+03 2.78958e-17 +0.00000e+00
 2.68270e-06 4.94067e+03 3.47142e-17 +0.00000e+00
 3.34048e-06 4.98034e+03 4.31912e-17 +0.00000e+00
 4.15956e-06 5.02150e+03 5.37296e-17 +0.00000e+00
 5.17947e-06 5.06401e+03 6.68342e-17 +0.00000e+00
 6.44947e-06 5.10771e+03 8.31377e-17 +0.00000e+00
 8.03086e-06 5.15234e+03 1.03438e-16 +0.00000e+00
 1.00000e-05 5.19770e+03 1.28741e-16 +0.00000e+00
 1.24520e-05 5.24359e+03 1.60317e-16 +0.00000e+00
 1.55052e-05 5.28973e+03 1.99770e-16 +0.00000e+00
 1.93070e-05 5.33593e+03 2.49122e-16 +0.00000e+00
 2.40410e-05 5.38191e+03 3.10914e-16 +0.00000e+00
 2.99358e-05 5.42747e+03 3.88326e-16 +0.00000e+00
 3.72759e-05 5.47258e+03 4.85354e-16 +0.00000e+00
 4.64159e-05 5.51731e+03 6.07053e-16 +0.00000e+00
 5.77969e-05 5.56203e+03 7.59788e-16 +0.00000e+00
 7.19686e-05 5.60710e+03 9.51621e-16 +0.00000e+00
 8.96151e-05 5.65293e+03 1.19279e-15 +0.00000e+00
 1.11588e-04 5.69978e+03 1.49637e-15 +0.00000e+00
 1.38950e-04 5.74772e+03 1.87906e-15 +0.00000e+00
 1.73020e-04 5.79668e+03 2.36226e-15 +0.00000e+00
 2.15443e-04 5.84647e+03 2.97328e-15 +0.00000e+00
 2.68270e-04 5.89680e+03 3.74701e-15 +0.00000e+00
 3.34048e-04 5.94742e+03 4.72787e-15 +0.00000e+00
 4.15956e-04 5.99807e+03 5.97246e-15 +0.00000e+00
 5.17947e-04 6.04856e+03 7.55300e-15 +0.00000e+00
 6.44947e-04 6.09874e+03 9.56195e-15 +0.00000e+00
 8.03086e-04 6.14850e+03 1.21177e-14 +0.00000e+00
 1.00000e-03 6.19775e+03 1.53709e-14 +0.00000e+00
 1.24520e-03 6.24647e+03 1.95140e-14 -2.54751e-07
 1.55052e-03 6.29468e+03 2.47920e-14 -3.17215e-07
 1.93070e-03 6.34240e+03 3.15155e-14 -3.94994e-07
 2.40410e-03 6.38970e+03 4.00775e-14 -4.91845e-07
 2.99358e-03 6.43669e+03 5.09746e-14 -6.12446e-07
 3.72759e-03 6.48347e+03 6.48329e-14 -7.62615e-07
 4.64159e-03 6.53020e+03 8.24430e-14 -9.49608e-07
 5.77969e-03 6.57701e+03 1.04802e-13 -1.18245e-06
 7.19686e-03 6.62412e+03 1.33162e-13 -1.47238e-06
 8.96151e-03 6.67179e+03 1.69078e-13 -1.83340e-06
 1.11588e-02 6.72031e+03 2.14458e-13 -2.28295e-06
 1.38950e-02 6.77018e+03 2.71576e-13 -2.84272e-06
 1.73020e-02 6.82195e+03 3.43073e-13 -3.53976e-06
 2.15443e-02 6.87674e+03 4.31766e-13 -4.40769e-06
 2.68270e-02 6.93555e+03 5.40537e-13 -5.48845e-06
 3.34048e-02 7.00013e+03 6.71748e-13 -6.83420e-06
 4.15956e-02 7.07199e+03 8.26941e-13 -8.50989e-06
 5.17947e-02 7.15290e+03 1.00623e-12 -1.05965e-05
 6.44947e-02 7.24499e+03 1.20782e-12 -1.31955e-05
 8.03086e-02 7.35052e+03 1.42818e-12 -1.64301e-05
 1.00000e-01 7.47321e+03 1.66176e-12 -2.04590e-05
 1.24520e-01 7.61648e+03 1.90365e-12 -2.54778e-05
 1.55052e-01 7.78137e+03 2.15421e-12 -3.17221e-05
 1.93070e-01 7.96942e+03 2.41901e-12 -3.94975e-05
 2.40410e-01 8.18091e+03 2.70965e-12 -4.91839e-05
 2.99358e-01 8.41763e+03 3.03994e-12 -6.12753e-05
 3.72759e-01 8.68279e+03 3.42412e-12 -7.62544e-05
 4.64159e-01 8.97074e+03 3.88200e-12 -9.59526e-05
 5.77969e-01 9.27769e+03 4.43212e-12 -1.18245e-04
 7.19686e-01 9.62188e+03 5.08208e-12 -1.47238e-04
 8.96151e-01 1.00065e+04 5.85023e-12 -1.83340e-04
 1.11588e+00 1.03892e+04 6.78480e-12 -2.28295e-04
 1.38950e+00 1.07714e+04 7.91098e-12 -2.84272e-04
 1.73020e+00 1.11575e+04 9.25357e-12 -3.53976e-04
 2.15443e+00 1.16296e+04 1.07704e-11 -4.40769e-04
 2.68270e+00 1.22329e+04 1.24300e-11 -5.48845e-04
 3.34048e+00 1.27125e+04 1.45139e-11 -6.13759e-04
 4.15956e+00 1.32899e+04 1.67856e-11 -6.13756e-04
 5.17947e+00 1.39085e+04 1.93873e-11 -6.13759e-04
 6.44947e+00 1.45740e+04 2.24225e-11 -6.13759e-04
 8.03086e+00 1.52935e+04 2.59900e-11 -6.13759e-04
 1.00000e+01 1.60659e+04 3.01904e-11 -6.13759e-04
 1.24520e+01 1.69061e+04 3.51001e-11 -6.13759e-04
 1.55052e+01 1.78112e+04 4.08433e-11 -6.13759e-04
 1.93070e+01 1.87778e+04 4.75646e-11 -6.13759e-04
 2.40410e+01 1.97958e+04 5.54492e-11 -6.13759e-04
 2.99358e+01 2.08494e+04 6.47283e-11 -6.13759e-04
 3.72759e+01 2.19355e+04 7.56298e-11 -6.13759e-04
 4.64159e+01 2.30611e+04 8.83802e-11 -6.13759e-04
 5.77969e+01 2.42422e+04 1.03210e-10 -6.13759e-04
 7.19686e+01 2.54959e+04 1.20375e-10 -6.13759e-04
 8.96151e+01 2.68442e+04 1.40141e-10 -6.13759e-04
 1.11588e+02 2.83045e+04 1.62786e-10 -6.13759e-04
 1.38950e+02 2.98923e+04 1.88501e-10 -6.13759e-04
 1.73020e+02 3.16096e+04 2.17309e-10 -6.13759e-04
 2.15443e+02 3.34410e+04 2.49376e-10 -6.13759e-04
 2.68270e+02 3.53511e+04 2.85994e-10 -6.13759e-04
 3.34048e+02 3.72987e+04 3.29257e-10 -6.13759e-04
 4.15956e+02 3.92693e+04 3.80700e-10 -6.13759e-04
 5.17947e+02 4.11899e+04 4.42055e-10 -6.13759e-04
 6.44947e+02 4.32599e+04 5.12707e-10 -6.13759e-04
 8.03086e+02 4.49571e+04 5.99453e-10 -6.13759e-04
 1.00000e+03 4.75091e+04 6.88805e-10 -6.13759e-04
