#n1=128 n2=4 Teff=08200 R=3.1879e+11 L=3.2720e+35 logg=+3.50
#   tau          T          rho         Fconv
 0.00000e+00 5.31423e+03 1.46364e-21 +0.00000e+00
 1.00000e-09 5.31423e+03 1.55266e-17 +0.00000e+00
 1.24520e-09 5.31508e+03 1.94049e-17 +0.00000e+00
 1.55052e-09 5.31586e+03 2.42650e-17 +0.00000e+00
 1.93070e-09 5.31655e+03 3.03583e-17 +0.00000e+00
 2.40410e-09 5.31710e+03 3.80035e-17 +0.00000e+00
 2.99358e-09 5.31746e+03 4.76070e-17 +0.00000e+00
 3.72759e-09 5.31756e+03 5.96945e-17 +0.00000e+00
 4.64159e-09 5.31732e+03 7.49579e-17 +0.00000e+00
 5.77969e-09 5.31662e+03 9.43290e-17 +0.00000e+00
 7.19686e-09 5.31531e+03 1.19089e-16 +0.00000e+00
 8.96151e-09 5.31317e+03 1.50974e-16 +0.00000e+00
 1.11588e-08 5.30992e+03 1.92353e-16 +0.00000e+00
 1.38950e-08 5.30515e+03 2.45964e-16 +0.00000e+00
 1.73020e-08 5.29818e+03 3.14803e-16 +0.00000e+00
 2.15443e-08 5.28822e+03 4.03762e-16 +0.00000e+00
 2.68270e-08 5.27417e+03 5.19683e-16 +0.00000e+00
 3.34048e-08 5.25462e+03 6.72924e-16 +0.00000e+00
 4.15956e-08 5.22812e+03 8.79546e-16 +0.00000e+00
 5.17947e-08 5.19391e+03 1.16682e-15 +0.00000e+00
 6.44947e-08 5.15541e+03 1.57548e-15 +0.00000e+00
 8.03086e-08 5.12016e+03 2.16426e-15 +0.00000e+00
 1.00000e-07 5.09084e+03 2.98636e-15 +0.00000e+00
 1.24520e-07 5.06249e+03 4.14379e-15 +0.00000e+00
 1.55052e-07 5.04215e+03 5.69956e-15 +0.00000e+00
 1.93070e-07 5.02120e+03 7.88057e-15 +0.00000e+00
 2.40410e-07 5.00692e+03 1.08840e-14 +0.00000e+00
 2.99358e-07 4.99174e+03 1.52047e-14 +0.00000e+00
 3.72759e-07 4.98917e+03 2.10601e-14 +0.00000e+00
 4.64159e-07 4.99149e+03 2.90877e-14 +0.00000e+00
 5.77969e-07 4.99847e+03 4.00872e-14 +0.00000e+00
 7.19686e-07 5.00614e+03 5.49322e-14 +0.00000e+00
 8.96151e-07 5.02295e+03 7.50050e-14 +0.00000e+00
 1.11588e-06 5.04465e+03 1.01977e-13 +0.00000e+00
 1.38950e-06 5.06914e+03 1.38200e-13 +0.00000e+00
 1.73020e-06 5.10133e+03 1.86643e-13 +0.00000e+00
 2.15443e-06 5.13738e+03 2.51472e-13 +0.00000e+00
 2.68270e-06 5.17972e+03 3.37963e-13 +0.00000e+00
 3.34048e-06 5.22565e+03 4.53359e-13 +0.00000e+00
 4.15956e-06 5.27545e+03 6.07044e-13 +0.00000e+00
 5.17947e-06 5.32827e+03 8.11738e-13 +0.00000e+00
 6.44947e-06 5.38190e+03 1.08460e-12 +0.00000e+00
 8.03086e-06 5.43546e+03 1.44793e-12 +0.00000e+00
 1.00000e-05 5.48711e+03 1.93142e-12 +0.00000e+00
 1.24520e-05 5.53581e+03 2.57424e-12 +0.00000e+00
 1.55052e-05 5.58144e+03 3.42795e-12 +0.00000e+00
 1.93070e-05 5.62488e+03 4.55955e-12 +0.00000e+00
 2.40410e-05 5.66759e+03 6.05509e-12 +0.00000e+00
 2.99358e-05 5.71089e+03 8.02405e-12 +0.00000e+00
 3.72759e-05 5.75527e+03 1.06040e-11 +0.00000e+00
 4.64159e-05 5.80048e+03 1.39646e-11 +0.00000e+00
 5.77969e-05 5.84585e+03 1.83084e-11 +0.00000e+00
 7.19686e-05 5.89065e+03 2.38686e-11 +0.00000e+00
 8.96151e-05 5.93426e+03 3.09026e-11 +0.00000e+00
 1.11588e-04 5.97628e+03 3.96848e-11 +0.00000e+00
 1.38950e-04 6.01652e+03 5.04986e-11 +0.00000e+00
 1.73020e-04 6.05495e+03 6.36337e-11 +0.00000e+00
 2.15443e-04 6.09170e+03 7.93860e-11 +0.00000e+00
 2.68270e-04 6.12696e+03 9.80645e-11 +0.00000e+00
 3.34048e-04 6.16093e+03 1.20002e-10 +0.00000e+00
 4.15956e-04 6.19382e+03 1.45568e-10 +0.00000e+00
 5.17947e-04 6.22582e+03 1.75174e-10 +0.00000e+00
 6.44947e-04 6.25712e+03 2.09286e-10 +0.00000e+00
 8.03086e-04 6.28787e+03 2.48435e-10 +0.00000e+00
 1.00000e-03 6.31818e+03 2.93221e-10 +0.00000e+00
 1.24520e-03 6.34815e+03 3.44315e-10 -2.54711e-07
 1.55052e-03 6.37787e+03 4.02474e-10 -3.17165e-07
 1.93070e-03 6.40742e+03 4.68550e-10 -3.94931e-07
 2.40410e-03 6.43688e+03 5.43479e-10 -4.91770e-07
 2.99358e-03 6.46634e+03 6.28322e-10 -6.12352e-07
 3.72759e-03 6.49593e+03 7.24258e-10 -7.62495e-07
 4.64159e-03 6.52579e+03 8.32536e-10 -9.49459e-07
 5.77969e-03 6.55608e+03 9.54519e-10 -1.18226e-06
 7.19686e-03 6.58706e+03 1.09164e-09 -1.47215e-06
 8.96151e-03 6.61898e+03 1.24530e-09 -1.83312e-06
 1.11588e-02 6.65221e+03 1.41697e-09 -2.28259e-06
 1.38950e-02 6.68722e+03 1.60799e-09 -2.84228e-06
 1.73020e-02 6.72455e+03 1.81951e-09 -3.53920e-06
 2.15443e-02 6.76498e+03 2.05236e-09 -4.40699e-06
 2.68270e-02 6.80934e+03 2.30681e-09 -5.48759e-06
 3.34048e-02 6.85877e+03 2.58234e-09 -6.83313e-06
 4.15956e-02 6.91441e+03 2.87739e-09 -8.50856e-06
 5.17947e-02 6.97761e+03 3.18912e-09 -1.05949e-05
 6.44947e-02 7.05003e+03 3.51294e-09 -1.31927e-05
 8.03086e-02 7.13358e+03 3.84228e-09 -1.64275e-05
 1.00000e-01 7.23083e+03 4.16794e-09 -2.04554e-05
 1.24520e-01 7.34455e+03 4.47821e-09 -2.54711e-05
 1.55052e-01 7.47754e+03 4.75935e-09 -3.17165e-05
 1.93070e-01 7.63317e+03 4.99576e-09 -3.94931e-05
 2.40410e-01 7.81512e+03 5.17095e-09 -4.91770e-05
 2.99358e-01 8.02749e+03 5.26849e-09 -6.12344e-05
 3.72759e-01 8.27415e+03 5.27381e-09 -7.62311e-05
 4.64159e-01 8.55620e+03 5.17862e-09 -9.43991e-05
 5.77969e-01 8.87220e+03 4.98240e-09 -1.02459e-04
 7.19686e-01 9.21467e+03 4.69819e-09 +1.53318e-04
 8.96151e-01 9.52825e+03 4.40922e-09 +1.46899e-03
 1.11588e+00 9.76720e+03 4.19520e-09 +3.12569e-03
 1.38950e+00 9.99206e+03 3.99633e-09 +6.33811e-03
 1.73020e+00 1.02214e+04 3.79760e-09 +1.08419e-02
 2.15443e+00 1.04650e+04 3.59593e-09 +1.57408e-02
 2.68270e+00 1.07356e+04 3.38892e-09 +1.97168e-02
 3.34048e+00 1.10521e+04 3.17546e-09 +1.93702e-02
 4.15956e+00 1.14378e+04 2.96310e-09 +1.23179e-02
 5.17947e+00 1.19283e+04 2.76382e-09 +2.56035e-03
 6.44947e+00 1.16766e+04 2.96737e-09 +9.86687e-03
 8.03086e+00 1.23948e+04 2.73163e-09 -3.17350e-05
 1.00000e+01 1.22896e+04 2.87532e-09 +1.22932e-03
 1.24520e+01 1.26444e+04 2.86661e-09 -1.44778e-04
 1.55052e+01 1.30701e+04 2.87772e-09 -5.29778e-04
 1.93070e+01 1.36230e+04 2.90341e-09 -6.03285e-04
 2.40410e+01 1.45608e+04 2.90286e-09 -6.13035e-04
 2.99358e+01 1.69911e+04 2.74135e-09 -6.13644e-04
 3.72759e+01 1.74668e+04 3.04739e-09 -6.13605e-04
 4.64159e+01 1.80306e+04 3.38656e-09 -6.13562e-04
 5.77969e+01 1.86401e+04 3.77581e-09 -6.13519e-04
 7.19686e+01 1.92795e+04 4.22626e-09 -6.13460e-04
 8.96151e+01 1.99664e+04 4.74233e-09 -6.13374e-04
 1.11588e+02 2.06899e+04 5.33570e-09 -6.13187e-04
 1.38950e+02 2.14617e+04 6.01342e-09 -6.12746e-04
 1.73020e+02 2.22803e+04 6.78590e-09 -6.11606e-04
 2.15443e+02 2.31536e+04 7.66567e-09 -6.08562e-04
 2.68270e+02 2.40808e+04 8.66520e-09 -6.00026e-04
 3.34048e+02 2.50827e+04 9.79792e-09 -5.77173e-04
 4.15956e+02 2.61253e+04 1.10896e-08 -5.10634e-04
 5.17947e+02 2.73049e+04 1.25292e-08 -3.59741e-04
 6.44947e+02 2.84911e+04 1.41965e-08 +6.36375e-05
 8.03086e+02 2.97898e+04 1.60598e-08 +9.83154e-04
 1.00000e+03 3.14782e+04 1.80325e-08 +1.96144e-03
