#n1=128 n2=4 Teff=08600 R=1.9328e+13 L=1.4542e+39 logg=+0.50
#   tau          T          rho         Fconv
 0.00000e+00 6.26848e+03 1.24135e-21 +0.00000e+00
 1.00000e-09 6.26848e+03 8.55098e-21 +0.00000e+00
 1.24520e-09 6.26452e+03 1.04092e-20 +0.00000e+00
 1.55052e-09 6.25865e+03 1.27442e-20 +0.00000e+00
 1.93070e-09 4.86205e+03 2.01602e-20 +0.00000e+00
 2.40410e-09 4.86096e+03 2.48651e-20 +0.00000e+00
 2.99358e-09 4.86240e+03 3.07419e-20 +0.00000e+00
 3.72759e-09 4.86448e+03 3.80944e-20 +0.00000e+00
 4.64159e-09 4.86705e+03 4.72937e-20 +0.00000e+00
 5.77969e-09 4.87000e+03 5.88045e-20 +0.00000e+00
 7.19686e-09 4.87328e+03 7.32077e-20 +0.00000e+00
 8.96151e-09 4.87685e+03 9.12300e-20 +0.00000e+00
 1.11588e-08 4.88067e+03 1.13781e-19 +0.00000e+00
 1.38950e-08 4.88471e+03 1.41997e-19 +0.00000e+00
 1.73020e-08 4.88895e+03 1.77303e-19 +0.00000e+00
 2.15443e-08 4.89338e+03 2.21479e-19 +0.00000e+00
 2.68270e-08 4.89797e+03 2.76752e-19 +0.00000e+00
 3.34048e-08 4.90272e+03 3.45909e-19 +0.00000e+00
 4.15956e-08 4.90761e+03 4.32437e-19 +0.00000e+00
 5.17947e-08 4.91265e+03 5.40699e-19 +0.00000e+00
 6.44947e-08 4.91783e+03 6.76151e-19 +0.00000e+00
 8.03086e-08 4.92315e+03 8.45622e-19 +0.00000e+00
 1.00000e-07 4.92861e+03 1.05765e-18 +0.00000e+00
 1.24520e-07 4.93423e+03 1.32293e-18 +0.00000e+00
 1.55052e-07 4.94001e+03 1.65481e-18 +0.00000e+00
 1.93070e-07 4.94597e+03 2.07003e-18 +0.00000e+00
 2.40410e-07 4.95211e+03 2.58947e-18 +0.00000e+00
 2.99358e-07 4.95847e+03 3.23926e-18 +0.00000e+00
 3.72759e-07 4.96505e+03 4.05208e-18 +0.00000e+00
 4.64159e-07 4.97189e+03 5.06874e-18 +0.00000e+00
 5.77969e-07 4.97900e+03 6.34021e-18 +0.00000e+00
 7.19686e-07 4.98640e+03 7.93018e-18 +0.00000e+00
 8.96151e-07 4.99413e+03 9.91816e-18 +0.00000e+00
 1.11588e-06 5.00222e+03 1.24038e-17 +0.00000e+00
 1.38950e-06 5.01069e+03 1.55125e-17 +0.00000e+00
 1.73020e-06 5.01958e+03 1.94001e-17 +0.00000e+00
 2.15443e-06 5.02894e+03 2.42614e-17 +0.00000e+00
 2.68270e-06 5.03881e+03 3.03392e-17 +0.00000e+00
 3.34048e-06 5.04927e+03 3.79368e-17 +0.00000e+00
 4.15956e-06 5.06038e+03 4.74324e-17 +0.00000e+00
 5.17947e-06 5.07223e+03 5.92976e-17 +0.00000e+00
 6.44947e-06 5.08494e+03 7.41206e-17 +0.00000e+00
 8.03086e-06 5.09861e+03 9.26347e-17 +0.00000e+00
 1.00000e-05 5.11339e+03 1.15754e-16 +0.00000e+00
 1.24520e-05 5.12943e+03 1.44616e-16 +0.00000e+00
 1.55052e-05 5.14691e+03 1.80637e-16 +0.00000e+00
 1.93070e-05 5.16601e+03 2.25580e-16 +0.00000e+00
 2.40410e-05 5.18693e+03 2.81635e-16 +0.00000e+00
 2.99358e-05 5.20986e+03 3.51527e-16 +0.00000e+00
 3.72759e-05 5.23501e+03 4.38642e-16 +0.00000e+00
 4.64159e-05 5.26256e+03 5.47209e-16 +0.00000e+00
 5.77969e-05 5.29266e+03 6.82506e-16 +0.00000e+00
 7.19686e-05 5.32545e+03 8.51031e-16 +0.00000e+00
 8.96151e-05 5.36101e+03 1.06085e-15 +0.00000e+00
 1.11588e-04 5.39936e+03 1.32199e-15 +0.00000e+00
 1.38950e-04 5.44045e+03 1.64690e-15 +0.00000e+00
 1.73020e-04 5.48412e+03 2.05108e-15 +0.00000e+00
 2.15443e-04 5.53019e+03 2.55389e-15 +0.00000e+00
 2.68270e-04 5.57838e+03 3.17948e-15 +0.00000e+00
 3.34048e-04 5.62821e+03 3.95805e-15 +0.00000e+00
 4.15956e-04 5.67926e+03 4.92721e-15 +0.00000e+00
 5.17947e-04 5.73114e+03 6.13385e-15 +0.00000e+00
 6.44947e-04 5.78340e+03 7.63642e-15 +0.00000e+00
 8.03086e-04 5.83547e+03 9.50797e-15 +0.00000e+00
 1.00000e-03 5.88699e+03 1.18393e-14 +0.00000e+00
 1.24520e-03 5.93762e+03 1.47437e-14 -2.54882e-07
 1.55052e-03 5.98719e+03 1.83622e-14 -3.17379e-07
 1.93070e-03 6.03571e+03 2.28707e-14 -3.95198e-07
 2.40410e-03 6.08345e+03 2.84888e-14 -4.92099e-07
 2.99358e-03 6.13084e+03 3.54900e-14 -6.12762e-07
 3.72759e-03 6.17849e+03 4.42144e-14 -7.63009e-07
 4.64159e-03 6.22687e+03 5.50867e-14 -9.50099e-07
 5.77969e-03 6.27627e+03 6.86430e-14 -1.18306e-06
 7.19686e-03 6.32678e+03 8.55654e-14 -1.47314e-06
 8.96151e-03 6.37847e+03 1.06725e-13 -1.83435e-06
 1.11588e-02 6.43143e+03 1.33244e-13 -2.28413e-06
 1.38950e-02 6.48588e+03 1.66580e-13 -2.84419e-06
 1.73020e-02 6.54229e+03 2.08641e-13 -3.54158e-06
 2.15443e-02 6.60144e+03 2.61916e-13 -4.40997e-06
 2.68270e-02 6.66436e+03 3.29614e-13 -5.49128e-06
 3.34048e-02 6.73239e+03 4.15736e-13 -6.83773e-06
 4.15956e-02 6.80701e+03 5.25000e-13 -8.51429e-06
 5.17947e-02 6.88996e+03 6.62420e-13 -1.06023e-05
 6.44947e-02 6.98319e+03 8.32404e-13 -1.32017e-05
 8.03086e-02 7.08894e+03 1.03733e-12 -1.64385e-05
 1.00000e-01 7.20977e+03 1.27608e-12 -2.04697e-05
 1.24520e-01 7.34821e+03 1.54346e-12 -2.54880e-05
 1.55052e-01 7.50633e+03 1.83211e-12 -3.17366e-05
 1.93070e-01 7.68610e+03 2.13630e-12 -3.95234e-05
 2.40410e-01 7.88909e+03 2.45632e-12 -4.92067e-05
 2.99358e-01 8.11669e+03 2.80044e-12 -6.12727e-05
 3.72759e-01 8.36974e+03 3.18354e-12 -7.63180e-05
 4.64159e-01 8.64693e+03 3.62474e-12 -9.54967e-05
 5.77969e-01 8.94737e+03 4.14338e-12 -1.17961e-04
 7.19686e-01 9.27382e+03 4.75695e-12 -1.47314e-04
 8.96151e-01 9.62177e+03 5.48834e-12 -1.83435e-04
 1.11588e+00 9.96363e+03 6.37657e-12 -2.28413e-04
 1.38950e+00 1.03104e+04 7.43933e-12 -2.84419e-04
 1.73020e+00 1.06884e+04 8.68530e-12 -3.54158e-04
 2.15443e+00 1.11002e+04 1.01421e-11 -4.40997e-04
 2.68270e+00 1.15300e+04 1.18522e-11 -5.49128e-04
 3.34048e+00 1.21668e+04 1.36464e-11 -6.14076e-04
 4.15956e+00 1.26418e+04 1.59547e-11 -6.14067e-04
 5.17947e+00 1.31737e+04 1.85303e-11 -6.14073e-04
 6.44947e+00 1.37494e+04 2.14443e-11 -6.14079e-04
 8.03086e+00 1.43629e+04 2.48144e-11 -6.14076e-04
 1.00000e+01 1.50071e+04 2.87787e-11 -6.14076e-04
 1.24520e+01 1.56921e+04 3.34325e-11 -6.14076e-04
 1.55052e+01 1.64130e+04 3.89009e-11 -6.14076e-04
 1.93070e+01 1.71719e+04 4.53052e-11 -6.14076e-04
 2.40410e+01 1.79763e+04 5.27733e-11 -6.14076e-04
 2.99358e+01 1.88243e+04 6.14804e-11 -6.14076e-04
 3.72759e+01 1.97186e+04 7.16144e-11 -6.14076e-04
 4.64159e+01 2.06619e+04 8.33927e-11 -6.14076e-04
 5.77969e+01 2.16569e+04 9.70672e-11 -6.14076e-04
 7.19686e+01 2.27045e+04 1.12933e-10 -6.14076e-04
 8.96151e+01 2.38135e+04 1.31297e-10 -6.14076e-04
 1.11588e+02 2.49875e+04 1.52537e-10 -6.14076e-04
 1.38950e+02 2.62361e+04 1.77048e-10 -6.14076e-04
 1.73020e+02 2.75669e+04 2.05277e-10 -6.14076e-04
 2.15443e+02 2.89889e+04 2.37656e-10 -6.14076e-04
 2.68270e+02 3.05106e+04 2.74509e-10 -6.14076e-04
 3.34048e+02 3.21434e+04 3.15885e-10 -6.14076e-04
 4.15956e+02 3.39024e+04 3.61812e-10 -6.14076e-04
 5.17947e+02 3.57403e+04 4.13954e-10 -6.14076e-04
 6.44947e+02 3.78599e+04 4.72363e-10 -6.14076e-04
 8.03086e+02 3.96380e+04 5.46701e-10 -6.14076e-04
 1.00000e+03 4.24168e+04 6.20604e-10 -6.14076e-04
