#n1=128 n2=4 Teff=08600 R=3.3477e+11 L=4.3677e+35 logg=+3.50
#   tau          T          rho         Fconv
 0.00000e+00 5.40470e+03 1.43977e-21 +0.00000e+00
 1.00000e-09 5.40470e+03 1.51109e-17 +0.00000e+00
 1.24520e-09 5.40565e+03 1.88433e-17 +0.00000e+00
 1.55052e-09 5.40663e+03 2.35034e-17 +0.00000e+00
 1.93070e-09 5.40762e+03 2.93239e-17 +0.00000e+00
 2.40410e-09 5.40859e+03 3.65960e-17 +0.00000e+00
 2.99358e-09 5.40952e+03 4.56850e-17 +0.00000e+00
 3.72759e-09 5.41043e+03 5.70480e-17 +0.00000e+00
 4.64159e-09 5.41121e+03 7.12604e-17 +0.00000e+00
 5.77969e-09 5.41185e+03 8.90445e-17 +0.00000e+00
 7.19686e-09 5.41229e+03 1.11316e-16 +0.00000e+00
 8.96151e-09 5.41247e+03 1.39242e-16 +0.00000e+00
 1.11588e-08 5.41230e+03 1.74320e-16 +0.00000e+00
 1.38950e-08 5.41164e+03 2.18490e-16 +0.00000e+00
 1.73020e-08 5.41034e+03 2.74283e-16 +0.00000e+00
 2.15443e-08 5.40821e+03 3.45093e-16 +0.00000e+00
 2.68270e-08 5.40499e+03 4.35343e-16 +0.00000e+00
 3.34048e-08 5.40035e+03 5.50022e-16 +0.00000e+00
 4.15956e-08 5.39386e+03 6.95724e-16 +0.00000e+00
 5.17947e-08 5.38502e+03 8.81386e-16 +0.00000e+00
 6.44947e-08 5.37331e+03 1.11899e-15 +0.00000e+00
 8.03086e-08 5.35819e+03 1.42513e-15 +0.00000e+00
 1.00000e-07 5.33936e+03 1.82349e-15 +0.00000e+00
 1.24520e-07 5.31703e+03 2.34841e-15 +0.00000e+00
 1.55052e-07 5.29217e+03 3.04955e-15 +0.00000e+00
 1.93070e-07 5.26651e+03 3.99436e-15 +0.00000e+00
 2.40410e-07 5.24201e+03 5.26874e-15 +0.00000e+00
 2.99358e-07 5.24591e+03 6.90171e-15 +0.00000e+00
 3.72759e-07 5.23044e+03 9.11320e-15 +0.00000e+00
 4.64159e-07 5.21961e+03 1.20750e-14 +0.00000e+00
 5.77969e-07 5.21390e+03 1.60413e-14 +0.00000e+00
 7.19686e-07 5.21368e+03 2.13126e-14 +0.00000e+00
 8.96151e-07 5.21906e+03 2.83160e-14 +0.00000e+00
 1.11588e-06 5.22258e+03 3.79769e-14 +0.00000e+00
 1.38950e-06 5.23980e+03 5.06338e-14 +0.00000e+00
 1.73020e-06 5.25828e+03 6.71228e-14 +0.00000e+00
 2.15443e-06 5.28712e+03 8.86637e-14 +0.00000e+00
 2.68270e-06 5.31845e+03 1.16723e-13 +0.00000e+00
 3.34048e-06 5.35708e+03 1.53229e-13 +0.00000e+00
 4.15956e-06 5.39804e+03 2.00847e-13 +0.00000e+00
 5.17947e-06 5.44274e+03 2.63139e-13 +0.00000e+00
 6.44947e-06 5.49083e+03 3.44744e-13 +0.00000e+00
 8.03086e-06 5.54021e+03 4.52050e-13 +0.00000e+00
 1.00000e-05 5.58990e+03 5.93368e-13 +0.00000e+00
 1.24520e-05 5.63922e+03 7.79787e-13 +0.00000e+00
 1.55052e-05 5.68795e+03 1.02598e-12 +0.00000e+00
 1.93070e-05 5.73641e+03 1.35127e-12 +0.00000e+00
 2.40410e-05 5.78534e+03 1.78102e-12 +0.00000e+00
 2.99358e-05 5.83556e+03 2.34893e-12 +0.00000e+00
 3.72759e-05 5.88754e+03 3.10042e-12 +0.00000e+00
 4.64159e-05 5.94112e+03 4.09687e-12 +0.00000e+00
 5.77969e-05 5.99554e+03 5.42074e-12 +0.00000e+00
 7.19686e-05 6.04977e+03 7.18115e-12 +0.00000e+00
 8.96151e-05 6.10277e+03 9.51888e-12 +0.00000e+00
 1.11588e-04 6.15386e+03 1.26102e-11 +0.00000e+00
 1.38950e-04 6.20274e+03 1.66678e-11 +0.00000e+00
 1.73020e-04 6.24948e+03 2.19386e-11 +0.00000e+00
 2.15443e-04 6.29444e+03 2.86968e-11 +0.00000e+00
 2.68270e-04 6.33803e+03 3.72366e-11 +0.00000e+00
 3.34048e-04 6.38056e+03 4.78647e-11 +0.00000e+00
 4.15956e-04 6.42223e+03 6.08937e-11 +0.00000e+00
 5.17947e-04 6.46318e+03 7.66411e-11 +0.00000e+00
 6.44947e-04 6.50351e+03 9.54336e-11 +0.00000e+00
 8.03086e-04 6.54328e+03 1.17602e-10 +0.00000e+00
 1.00000e-03 6.58257e+03 1.43496e-10 +0.00000e+00
 1.24520e-03 6.62144e+03 1.73493e-10 -2.54584e-07
 1.55052e-03 6.65997e+03 2.07986e-10 -3.17007e-07
 1.93070e-03 6.69824e+03 2.47415e-10 -3.94736e-07
 2.40410e-03 6.73635e+03 2.92275e-10 -4.91523e-07
 2.99358e-03 6.77444e+03 3.43086e-10 -6.12045e-07
 3.72759e-03 6.81261e+03 4.00428e-10 -7.62116e-07
 4.64159e-03 6.85104e+03 4.64912e-10 -9.48987e-07
 5.77969e-03 6.88992e+03 5.37158e-10 -1.18167e-06
 7.19686e-03 6.92946e+03 6.17828e-10 -1.47142e-06
 8.96151e-03 6.96995e+03 7.07560e-10 -1.83220e-06
 1.11588e-02 7.01172e+03 8.06988e-10 -2.28146e-06
 1.38950e-02 7.05523e+03 9.16681e-10 -2.84086e-06
 1.73020e-02 7.10105e+03 1.03706e-09 -3.53744e-06
 2.15443e-02 7.15000e+03 1.16829e-09 -4.40481e-06
 2.68270e-02 7.20298e+03 1.31023e-09 -5.48485e-06
 3.34048e-02 7.26125e+03 1.46214e-09 -6.82973e-06
 4.15956e-02 7.32607e+03 1.62264e-09 -8.50432e-06
 5.17947e-02 7.39892e+03 1.78949e-09 -1.05896e-05
 6.44947e-02 7.48156e+03 1.95943e-09 -1.31861e-05
 8.03086e-02 7.57602e+03 2.12796e-09 -1.64193e-05
 1.00000e-01 7.68506e+03 2.28901e-09 -2.04452e-05
 1.24520e-01 7.81143e+03 2.43522e-09 -2.54583e-05
 1.55052e-01 7.95725e+03 2.55873e-09 -3.17006e-05
 1.93070e-01 8.12490e+03 2.65135e-09 -3.94736e-05
 2.40410e-01 8.31650e+03 2.70548e-09 -4.91523e-05
 2.99358e-01 8.53441e+03 2.71441e-09 -6.12029e-05
 3.72759e-01 8.78047e+03 2.67352e-09 -7.61806e-05
 4.64159e-01 9.05287e+03 2.58385e-09 -9.43998e-05
 5.77969e-01 9.34979e+03 2.45111e-09 -1.11948e-04
 7.19686e-01 9.67384e+03 2.28310e-09 -9.74008e-05
 8.96151e-01 1.00146e+04 2.10271e-09 -4.28031e-05
 1.11588e+00 1.02749e+04 1.98682e-09 -1.08656e-04
 1.38950e+00 1.05194e+04 1.89517e-09 -1.78034e-04
 1.73020e+00 1.07720e+04 1.81702e-09 -2.75142e-04
 2.15443e+00 1.10441e+04 1.75073e-09 -3.97706e-04
 2.68270e+00 1.13488e+04 1.69599e-09 -5.33082e-04
 3.34048e+00 1.17043e+04 1.65269e-09 -6.10368e-04
 4.15956e+00 1.21388e+04 1.62055e-09 -6.13080e-04
 5.17947e+00 1.32681e+04 1.52086e-09 -6.13357e-04
 6.44947e+00 1.37043e+04 1.56960e-09 -6.13357e-04
 8.03086e+00 1.41491e+04 1.64272e-09 -6.13357e-04
 1.00000e+01 1.46027e+04 1.74215e-09 -6.13357e-04
 1.24520e+01 1.50780e+04 1.86844e-09 -6.13357e-04
 1.55052e+01 1.55684e+04 2.02455e-09 -6.13357e-04
 1.93070e+01 1.60770e+04 2.21220e-09 -6.13354e-04
 2.40410e+01 1.66163e+04 2.43230e-09 -6.13351e-04
 2.99358e+01 1.71825e+04 2.68944e-09 -6.13338e-04
 3.72759e+01 1.77774e+04 2.98858e-09 -6.13325e-04
 4.64159e+01 1.84072e+04 3.33492e-09 -6.13312e-04
 5.77969e+01 1.90733e+04 3.73533e-09 -6.13299e-04
 7.19686e+01 1.97730e+04 4.19774e-09 -6.13277e-04
 8.96151e+01 2.05154e+04 4.72832e-09 -6.13235e-04
 1.11588e+02 2.12990e+04 5.33628e-09 -6.13129e-04
 1.38950e+02 2.21298e+04 6.03022e-09 -6.12848e-04
 1.73020e+02 2.30116e+04 6.81928e-09 -6.12090e-04
 2.15443e+02 2.39492e+04 7.71709e-09 -6.09962e-04
 2.68270e+02 2.49473e+04 8.73474e-09 -6.03907e-04
 3.34048e+02 2.60169e+04 9.88747e-09 -5.87095e-04
 4.15956e+02 2.71526e+04 1.11972e-08 -5.40524e-04
 5.17947e+02 2.83799e+04 1.26720e-08 -4.20960e-04
 6.44947e+02 2.98128e+04 1.43181e-08 -1.86229e-04
 8.03086e+02 3.05888e+04 1.64810e-08 +1.54485e-03
 1.00000e+03 3.37884e+04 1.76857e-08 +1.92219e-04
