#n1=128 n2=4 Teff=08800 R=1.7573e+11 L=1.3214e+35 logg=+4.00
#   tau          T          rho         Fconv
 0.00000e+00 6.66722e+03 1.13068e-21 +0.00000e+00
 1.00000e-09 6.66722e+03 3.87518e-17 +0.00000e+00
 1.24520e-09 6.63665e+03 4.85057e-17 +0.00000e+00
 1.55052e-09 6.60988e+03 6.06860e-17 +0.00000e+00
 1.93070e-09 6.58521e+03 7.59082e-17 +0.00000e+00
 2.40410e-09 6.56275e+03 9.49267e-17 +0.00000e+00
 2.99358e-09 6.54261e+03 1.18680e-16 +0.00000e+00
 3.72759e-09 6.52498e+03 1.48335e-16 +0.00000e+00
 4.64159e-09 6.50995e+03 1.85343e-16 +0.00000e+00
 5.77969e-09 6.49740e+03 2.31514e-16 +0.00000e+00
 7.19686e-09 6.48712e+03 2.89110e-16 +0.00000e+00
 8.96151e-09 6.47885e+03 3.60957e-16 +0.00000e+00
 1.11588e-08 6.47218e+03 4.50608e-16 +0.00000e+00
 1.38950e-08 6.46687e+03 5.62518e-16 +0.00000e+00
 1.73020e-08 6.46267e+03 7.02326e-16 +0.00000e+00
 2.15443e-08 6.45936e+03 8.77221e-16 +0.00000e+00
 2.68270e-08 6.45674e+03 1.09645e-15 +0.00000e+00
 3.34048e-08 6.45465e+03 1.37193e-15 +0.00000e+00
 4.15956e-08 6.45294e+03 1.71888e-15 +0.00000e+00
 5.17947e-08 6.45146e+03 2.15580e-15 +0.00000e+00
 6.44947e-08 6.45008e+03 2.70397e-15 +0.00000e+00
 8.03086e-08 6.44866e+03 3.39258e-15 +0.00000e+00
 1.00000e-07 6.44709e+03 4.25904e-15 +0.00000e+00
 1.24520e-07 6.44524e+03 5.35260e-15 +0.00000e+00
 1.55052e-07 6.44300e+03 6.74033e-15 +0.00000e+00
 1.93070e-07 6.44028e+03 8.51831e-15 +0.00000e+00
 2.40410e-07 6.43707e+03 1.08359e-14 +0.00000e+00
 2.99358e-07 6.43360e+03 1.39561e-14 +0.00000e+00
 3.72759e-07 6.43047e+03 1.83359e-14 +0.00000e+00
 4.64159e-07 6.42681e+03 2.40878e-14 +0.00000e+00
 5.77969e-07 6.42118e+03 3.16983e-14 +0.00000e+00
 7.19686e-07 6.41395e+03 4.18232e-14 +0.00000e+00
 8.96151e-07 6.40530e+03 5.53772e-14 +0.00000e+00
 1.11588e-06 6.39530e+03 7.36339e-14 +0.00000e+00
 1.38950e-06 6.38396e+03 9.83563e-14 +0.00000e+00
 1.73020e-06 6.37130e+03 1.31958e-13 +0.00000e+00
 2.15443e-06 6.35745e+03 1.77747e-13 +0.00000e+00
 2.68270e-06 6.34228e+03 2.40270e-13 +0.00000e+00
 3.34048e-06 6.32646e+03 3.25806e-13 +0.00000e+00
 4.15956e-06 6.31081e+03 4.42939e-13 +0.00000e+00
 5.17947e-06 6.29672e+03 6.03282e-13 +0.00000e+00
 6.44947e-06 6.28486e+03 8.22589e-13 +0.00000e+00
 8.03086e-06 6.27695e+03 1.12166e-12 +0.00000e+00
 1.00000e-05 6.27375e+03 1.52712e-12 +0.00000e+00
 1.24520e-05 6.27556e+03 2.07417e-12 +0.00000e+00
 1.55052e-05 6.28218e+03 2.80868e-12 +0.00000e+00
 1.93070e-05 6.29327e+03 3.78990e-12 +0.00000e+00
 2.40410e-05 6.30840e+03 5.09550e-12 +0.00000e+00
 2.99358e-05 6.32719e+03 6.82715e-12 +0.00000e+00
 3.72759e-05 6.34915e+03 9.11689e-12 +0.00000e+00
 4.64159e-05 6.37376e+03 1.21331e-11 +0.00000e+00
 5.77969e-05 6.40042e+03 1.60844e-11 +0.00000e+00
 7.19686e-05 6.42856e+03 2.12212e-11 +0.00000e+00
 8.96151e-05 6.45765e+03 2.78333e-11 +0.00000e+00
 1.11588e-04 6.48730e+03 3.62445e-11 +0.00000e+00
 1.38950e-04 6.51709e+03 4.68105e-11 +0.00000e+00
 1.73020e-04 6.54672e+03 5.99154e-11 +0.00000e+00
 2.15443e-04 6.57594e+03 7.59752e-11 +0.00000e+00
 2.68270e-04 6.60458e+03 9.54419e-11 +0.00000e+00
 3.34048e-04 6.63255e+03 1.18814e-10 +0.00000e+00
 4.15956e-04 6.65981e+03 1.46654e-10 +0.00000e+00
 5.17947e-04 6.68643e+03 1.79582e-10 +0.00000e+00
 6.44947e-04 6.71243e+03 2.18301e-10 +0.00000e+00
 8.03086e-04 6.73792e+03 2.63614e-10 +0.00000e+00
 1.00000e-03 6.76301e+03 3.16393e-10 +0.00000e+00
 1.24520e-03 6.78782e+03 3.77642e-10 -2.54205e-07
 1.55052e-03 6.81245e+03 4.48513e-10 -3.16535e-07
 1.93070e-03 6.83701e+03 5.30231e-10 -3.94151e-07
 2.40410e-03 6.86169e+03 6.24192e-10 -4.90793e-07
 2.99358e-03 6.88664e+03 7.31937e-10 -6.11136e-07
 3.72759e-03 6.91203e+03 8.55097e-10 -7.60983e-07
 4.64159e-03 6.93817e+03 9.95446e-10 -9.47573e-07
 5.77969e-03 6.96535e+03 1.15483e-09 -1.17992e-06
 7.19686e-03 6.99390e+03 1.33515e-09 -1.46923e-06
 8.96151e-03 7.02428e+03 1.53832e-09 -1.82948e-06
 1.11588e-02 7.05693e+03 1.76616e-09 -2.27806e-06
 1.38950e-02 7.09244e+03 2.02026e-09 -2.83664e-06
 1.73020e-02 7.13143e+03 2.30182e-09 -3.53218e-06
 2.15443e-02 7.17471e+03 2.61146e-09 -4.39826e-06
 2.68270e-02 7.22314e+03 2.94901e-09 -5.47669e-06
 3.34048e-02 7.27777e+03 3.31309e-09 -6.81955e-06
 4.15956e-02 7.33979e+03 3.70079e-09 -8.49168e-06
 5.17947e-02 7.41063e+03 4.10732e-09 -1.05738e-05
 6.44947e-02 7.49192e+03 4.52555e-09 -1.31665e-05
 8.03086e-02 7.58558e+03 4.94565e-09 -1.63949e-05
 1.00000e-01 7.69382e+03 5.35483e-09 -2.04148e-05
 1.24520e-01 7.81920e+03 5.73743e-09 -2.54204e-05
 1.55052e-01 7.96454e+03 6.07523e-09 -3.16532e-05
 1.93070e-01 8.13290e+03 6.34828e-09 -3.94151e-05
 2.40410e-01 8.32742e+03 6.53640e-09 -4.90790e-05
 2.99358e-01 8.55103e+03 6.62108e-09 -6.11080e-05
 3.72759e-01 8.80606e+03 6.58790e-09 -7.59788e-05
 4.64159e-01 9.09314e+03 6.43021e-09 -9.22546e-05
 5.77969e-01 9.41028e+03 6.15344e-09 -7.32374e-05
 7.19686e-01 9.75243e+03 5.77904e-09 +3.75079e-04
 8.96151e-01 1.01042e+04 5.35728e-09 +2.08562e-03
 1.11588e+00 1.03680e+04 5.07020e-09 +2.86670e-03
 1.38950e+00 1.06224e+04 4.81236e-09 +4.32807e-03
 1.73020e+00 1.08967e+04 4.55527e-09 +5.69810e-03
 2.15443e+00 1.12087e+04 4.29548e-09 +5.71354e-03
 2.68270e+00 1.15940e+04 4.02587e-09 +3.51732e-03
 3.34048e+00 1.26048e+04 3.48887e-09 -5.82605e-04
 4.15956e+00 1.30692e+04 3.40808e-09 -6.09929e-04
 5.17947e+00 1.35047e+04 3.39127e-09 -6.12116e-04
 6.44947e+00 1.39455e+04 3.42038e-09 -6.12384e-04
 8.03086e+00 1.43964e+04 3.49520e-09 -6.12425e-04
 1.00000e+01 1.48551e+04 3.61962e-09 -6.12434e-04
 1.24520e+01 1.53330e+04 3.79497e-09 -6.12431e-04
 1.55052e+01 1.58263e+04 4.02716e-09 -6.12419e-04
 1.93070e+01 1.63379e+04 4.31998e-09 -6.12375e-04
 2.40410e+01 1.68798e+04 4.67536e-09 -6.12252e-04
 2.99358e+01 1.74495e+04 5.10079e-09 -6.11993e-04
 3.72759e+01 1.80486e+04 5.60435e-09 -6.11611e-04
 4.64159e+01 1.86832e+04 6.19491e-09 -6.11224e-04
 5.77969e+01 1.93546e+04 6.88311e-09 -6.10892e-04
 7.19686e+01 2.00602e+04 7.68570e-09 -6.10478e-04
 8.96151e+01 2.08088e+04 8.61100e-09 -6.09732e-04
 1.11588e+02 2.15990e+04 9.67895e-09 -6.08058e-04
 1.38950e+02 2.24368e+04 1.08998e-08 -6.04061e-04
 1.73020e+02 2.33262e+04 1.22942e-08 -5.94044e-04
 2.15443e+02 2.42724e+04 1.38844e-08 -5.68291e-04
 2.68270e+02 2.52802e+04 1.56889e-08 -5.00790e-04
 3.34048e+02 2.63617e+04 1.77367e-08 -3.31930e-04
 4.15956e+02 2.75123e+04 2.00572e-08 +8.06201e-05
 5.17947e+02 2.87426e+04 2.26864e-08 +9.86009e-04
 6.44947e+02 3.02421e+04 2.55745e-08 +2.22674e-03
 8.03086e+02 3.09781e+04 2.94733e-08 +8.74436e-03
 1.00000e+03 3.40208e+04 3.17564e-08 +4.38986e-03
