#n1=128 n2=4 Teff=08000 R=8.7538e+12 L=2.2350e+38 logg=+1.00
#   tau          T          rho         Fconv
 0.00000e+00 5.00538e+03 1.55401e-21 +0.00000e+00
 1.00000e-09 5.00538e+03 3.96350e-20 +0.00000e+00
 1.24520e-09 5.00329e+03 4.91740e-20 +0.00000e+00
 1.55052e-09 5.00211e+03 6.10917e-20 +0.00000e+00
 1.93070e-09 5.00184e+03 7.59797e-20 +0.00000e+00
 2.40410e-09 5.00229e+03 9.45801e-20 +0.00000e+00
 2.99358e-09 5.00330e+03 1.17821e-19 +0.00000e+00
 3.72759e-09 5.00477e+03 1.46861e-19 +0.00000e+00
 4.64159e-09 5.00661e+03 1.83152e-19 +0.00000e+00
 5.77969e-09 5.00876e+03 2.28509e-19 +0.00000e+00
 7.19686e-09 5.01118e+03 2.85202e-19 +0.00000e+00
 8.96151e-09 5.01381e+03 3.56071e-19 +0.00000e+00
 1.11588e-08 5.01663e+03 4.44673e-19 +0.00000e+00
 1.38950e-08 5.01962e+03 5.55459e-19 +0.00000e+00
 1.73020e-08 5.02274e+03 6.94001e-19 +0.00000e+00
 2.15443e-08 5.02600e+03 8.67282e-19 +0.00000e+00
 2.68270e-08 5.02937e+03 1.08406e-18 +0.00000e+00
 3.34048e-08 5.03284e+03 1.35532e-18 +0.00000e+00
 4.15956e-08 5.03641e+03 1.69491e-18 +0.00000e+00
 5.17947e-08 5.04008e+03 2.12025e-18 +0.00000e+00
 6.44947e-08 5.04384e+03 2.65329e-18 +0.00000e+00
 8.03086e-08 5.04770e+03 3.32170e-18 +0.00000e+00
 1.00000e-07 5.05167e+03 4.16007e-18 +0.00000e+00
 1.24520e-07 5.05574e+03 5.21133e-18 +0.00000e+00
 1.55052e-07 5.05992e+03 6.52930e-18 +0.00000e+00
 1.93070e-07 5.06423e+03 8.18148e-18 +0.00000e+00
 2.40410e-07 5.06866e+03 1.02526e-17 +0.00000e+00
 2.99358e-07 5.07324e+03 1.28493e-17 +0.00000e+00
 3.72759e-07 5.07796e+03 1.61064e-17 +0.00000e+00
 4.64159e-07 5.08284e+03 2.01950e-17 +0.00000e+00
 5.77969e-07 5.08787e+03 2.53324e-17 +0.00000e+00
 7.19686e-07 5.09306e+03 3.17947e-17 +0.00000e+00
 8.96151e-07 5.09842e+03 3.99315e-17 +0.00000e+00
 1.11588e-06 5.10396e+03 5.01840e-17 +0.00000e+00
 1.38950e-06 5.10967e+03 6.31116e-17 +0.00000e+00
 1.73020e-06 5.11558e+03 7.94447e-17 +0.00000e+00
 2.15443e-06 5.12170e+03 1.00170e-16 +0.00000e+00
 2.68270e-06 5.12805e+03 1.26516e-16 +0.00000e+00
 3.34048e-06 5.13468e+03 1.60064e-16 +0.00000e+00
 4.15956e-06 5.14164e+03 2.02869e-16 +0.00000e+00
 5.17947e-06 5.14898e+03 2.57592e-16 +0.00000e+00
 6.44947e-06 5.15678e+03 3.27656e-16 +0.00000e+00
 8.03086e-06 5.16514e+03 4.17466e-16 +0.00000e+00
 1.00000e-05 5.17414e+03 5.32734e-16 +0.00000e+00
 1.24520e-05 5.18394e+03 6.80891e-16 +0.00000e+00
 1.55052e-05 5.19466e+03 8.71643e-16 +0.00000e+00
 1.93070e-05 5.20650e+03 1.11785e-15 +0.00000e+00
 2.40410e-05 5.21966e+03 1.43652e-15 +0.00000e+00
 2.99358e-05 5.23440e+03 1.85010e-15 +0.00000e+00
 3.72759e-05 5.25099e+03 2.38826e-15 +0.00000e+00
 4.64159e-05 5.26978e+03 3.09012e-15 +0.00000e+00
 5.77969e-05 5.29108e+03 4.00695e-15 +0.00000e+00
 7.19686e-05 5.31527e+03 5.20640e-15 +0.00000e+00
 8.96151e-05 5.34269e+03 6.77679e-15 +0.00000e+00
 1.11588e-04 5.37363e+03 8.83095e-15 +0.00000e+00
 1.38950e-04 5.40836e+03 1.15153e-14 +0.00000e+00
 1.73020e-04 5.44705e+03 1.50209e-14 +0.00000e+00
 2.15443e-04 5.48981e+03 1.95940e-14 +0.00000e+00
 2.68270e-04 5.53661e+03 2.55493e-14 +0.00000e+00
 3.34048e-04 5.58726e+03 3.32947e-14 +0.00000e+00
 4.15956e-04 5.64127e+03 4.33686e-14 +0.00000e+00
 5.17947e-04 5.69789e+03 5.64844e-14 +0.00000e+00
 6.44947e-04 5.75614e+03 7.35858e-14 +0.00000e+00
 8.03086e-04 5.81466e+03 9.59425e-14 +0.00000e+00
 1.00000e-03 5.87200e+03 1.25303e-13 +0.00000e+00
 1.24520e-03 5.92706e+03 1.64107e-13 -2.54725e-07
 1.55052e-03 5.97920e+03 2.15807e-13 -3.17183e-07
 1.93070e-03 6.02834e+03 2.85324e-13 -3.94955e-07
 2.40410e-03 6.07496e+03 3.79661e-13 -4.91797e-07
 2.99358e-03 6.11969e+03 5.08686e-13 -6.12383e-07
 3.72759e-03 6.16323e+03 6.86141e-13 -7.62538e-07
 4.64159e-03 6.20607e+03 9.30739e-13 -9.49509e-07
 5.77969e-03 6.24846e+03 1.26726e-12 -1.18233e-06
 7.19686e-03 6.29063e+03 1.72742e-12 -1.47223e-06
 8.96151e-03 6.33279e+03 2.35019e-12 -1.83322e-06
 1.11588e-02 6.37513e+03 3.18105e-12 -2.28272e-06
 1.38950e-02 6.41803e+03 4.26971e-12 -2.84243e-06
 1.73020e-02 6.46205e+03 5.66587e-12 -3.53939e-06
 2.15443e-02 6.50808e+03 7.41270e-12 -4.40724e-06
 2.68270e-02 6.55715e+03 9.53924e-12 -5.48789e-06
 3.34048e-02 6.61053e+03 1.20517e-11 -6.83348e-06
 4.15956e-02 6.66960e+03 1.49258e-11 -8.50905e-06
 5.17947e-02 6.73593e+03 1.81000e-11 -1.05954e-05
 6.44947e-02 6.81138e+03 2.14706e-11 -1.31934e-05
 8.03086e-02 6.89813e+03 2.48897e-11 -1.64284e-05
 1.00000e-01 6.99887e+03 2.81648e-11 -2.04566e-05
 1.24520e-01 7.11655e+03 3.10693e-11 -2.54725e-05
 1.55052e-01 7.25408e+03 3.33634e-11 -3.17183e-05
 1.93070e-01 7.41463e+03 3.48200e-11 -3.94955e-05
 2.40410e-01 7.60132e+03 3.52689e-11 -4.91797e-05
 2.99358e-01 7.81722e+03 3.46520e-11 -6.12383e-05
 3.72759e-01 8.06524e+03 3.31022e-11 -7.62538e-05
 4.64159e-01 8.34673e+03 3.10210e-11 -9.49509e-05
 5.77969e-01 8.66132e+03 2.89987e-11 -1.18233e-04
 7.19686e-01 9.00210e+03 2.75629e-11 -1.47223e-04
 8.96151e-01 9.33207e+03 2.70266e-11 -1.83322e-04
 1.11588e+00 9.64373e+03 2.72278e-11 -2.28272e-04
 1.38950e+00 9.95131e+03 2.79858e-11 -2.84244e-04
 1.73020e+00 1.02702e+04 2.92291e-11 -3.53940e-04
 2.15443e+00 1.06114e+04 3.09603e-11 -4.40724e-04
 2.68270e+00 1.09822e+04 3.32219e-11 -5.48789e-04
 3.34048e+00 1.13919e+04 3.60671e-11 -6.13697e-04
 4.15956e+00 1.18499e+04 3.95665e-11 -6.13697e-04
 5.17947e+00 1.22371e+04 4.41568e-11 -6.13697e-04
 6.44947e+00 1.28983e+04 4.87582e-11 -6.13697e-04
 8.03086e+00 1.31935e+04 5.58217e-11 -6.13697e-04
 1.00000e+01 1.37507e+04 6.26921e-11 -6.13697e-04
 1.24520e+01 1.42932e+04 7.08695e-11 -6.13697e-04
 1.55052e+01 1.48584e+04 8.03783e-11 -6.13697e-04
 1.93070e+01 1.54520e+04 9.14790e-11 -6.13697e-04
 2.40410e+01 1.60753e+04 1.04460e-10 -6.13697e-04
 2.99358e+01 1.67300e+04 1.19600e-10 -6.13697e-04
 3.72759e+01 1.74066e+04 1.37237e-10 -6.13697e-04
 4.64159e+01 1.82385e+04 1.57238e-10 -6.13697e-04
 5.77969e+01 1.84409e+04 1.85300e-10 -6.13697e-04
 7.19686e+01 2.03906e+04 2.03403e-10 -6.13697e-04
 8.96151e+01 2.05792e+04 2.42383e-10 -6.13697e-04
 1.11588e+02 2.16084e+04 2.76338e-10 -6.13697e-04
 1.38950e+02 2.24880e+04 3.18158e-10 -6.13697e-04
 1.73020e+02 2.34478e+04 3.65498e-10 -6.13697e-04
 2.15443e+02 2.44638e+04 4.19633e-10 -6.13697e-04
 2.68270e+02 2.55366e+04 4.81562e-10 -6.13697e-04
 3.34048e+02 2.66912e+04 5.52052e-10 -6.13697e-04
 4.15956e+02 2.78985e+04 6.32919e-10 -6.13697e-04
 5.17947e+02 2.92266e+04 7.24238e-10 -6.13697e-04
 6.44947e+02 3.06237e+04 8.28696e-10 -6.13697e-04
 8.03086e+02 3.20820e+04 9.47471e-10 -6.13675e-04
 1.00000e+03 3.38860e+04 1.07320e-09 -6.13473e-04
