#n1=128 n2=4 Teff=08000 R=1.5961e+11 L=7.4371e+34 logg=+4.00
#   tau          T          rho         Fconv
 0.00000e+00 5.15369e+03 1.50926e-21 +0.00000e+00
 1.00000e-09 5.15369e+03 5.23467e-17 +0.00000e+00
 1.24520e-09 5.15586e+03 6.57807e-17 +0.00000e+00
 1.55052e-09 5.15800e+03 8.28127e-17 +0.00000e+00
 1.93070e-09 5.16009e+03 1.04479e-16 +0.00000e+00
 2.40410e-09 5.16209e+03 1.32168e-16 +0.00000e+00
 2.99358e-09 5.16399e+03 1.67773e-16 +0.00000e+00
 3.72759e-09 5.16577e+03 2.13860e-16 +0.00000e+00
 4.64159e-09 5.16742e+03 2.73837e-16 +0.00000e+00
 5.77969e-09 5.16895e+03 3.52186e-16 +0.00000e+00
 7.19686e-09 5.17034e+03 4.54284e-16 +0.00000e+00
 8.96151e-09 5.17160e+03 5.86158e-16 +0.00000e+00
 1.11588e-08 5.17272e+03 7.56761e-16 +0.00000e+00
 1.38950e-08 5.17370e+03 9.78007e-16 +0.00000e+00
 1.73020e-08 5.17453e+03 1.26649e-15 +0.00000e+00
 2.15443e-08 5.17521e+03 1.64651e-15 +0.00000e+00
 2.68270e-08 5.17577e+03 2.15498e-15 +0.00000e+00
 3.34048e-08 5.17620e+03 2.85141e-15 +0.00000e+00
 4.15956e-08 5.17654e+03 3.83344e-15 +0.00000e+00
 5.17947e-08 5.17682e+03 5.27017e-15 +0.00000e+00
 6.44947e-08 5.17707e+03 7.43307e-15 +0.00000e+00
 8.03086e-08 5.17721e+03 1.05843e-14 +0.00000e+00
 1.00000e-07 5.17716e+03 1.51069e-14 +0.00000e+00
 1.24520e-07 5.17701e+03 2.15964e-14 +0.00000e+00
 1.55052e-07 5.17686e+03 3.09246e-14 +0.00000e+00
 1.93070e-07 5.17685e+03 4.43559e-14 +0.00000e+00
 2.40410e-07 5.17715e+03 6.37125e-14 +0.00000e+00
 2.99358e-07 5.17798e+03 9.15830e-14 +0.00000e+00
 3.72759e-07 5.17961e+03 1.31623e-13 +0.00000e+00
 4.64159e-07 5.18237e+03 1.89008e-13 +0.00000e+00
 5.77969e-07 5.18656e+03 2.71100e-13 +0.00000e+00
 7.19686e-07 5.19245e+03 3.88347e-13 +0.00000e+00
 8.96151e-07 5.20019e+03 5.55625e-13 +0.00000e+00
 1.11588e-06 5.20985e+03 7.94286e-13 +0.00000e+00
 1.38950e-06 5.22133e+03 1.13506e-12 +0.00000e+00
 1.73020e-06 5.23455e+03 1.62138e-12 +0.00000e+00
 2.15443e-06 5.24942e+03 2.31327e-12 +0.00000e+00
 2.68270e-06 5.26613e+03 3.29051e-12 +0.00000e+00
 3.34048e-06 5.28515e+03 4.65580e-12 +0.00000e+00
 4.15956e-06 5.30697e+03 6.53647e-12 +0.00000e+00
 5.17947e-06 5.33197e+03 9.08389e-12 +0.00000e+00
 6.44947e-06 5.36013e+03 1.24735e-11 +0.00000e+00
 8.03086e-06 5.39121e+03 1.69052e-11 +0.00000e+00
 1.00000e-05 5.42476e+03 2.26044e-11 +0.00000e+00
 1.24520e-05 5.46020e+03 2.98221e-11 +0.00000e+00
 1.55052e-05 5.49683e+03 3.88357e-11 +0.00000e+00
 1.93070e-05 5.53398e+03 4.99514e-11 +0.00000e+00
 2.40410e-05 5.57102e+03 6.35050e-11 +0.00000e+00
 2.99358e-05 5.60750e+03 7.98625e-11 +0.00000e+00
 3.72759e-05 5.64307e+03 9.94195e-11 +0.00000e+00
 4.64159e-05 5.67758e+03 1.22600e-10 +0.00000e+00
 5.77969e-05 5.71097e+03 1.49858e-10 +0.00000e+00
 7.19686e-05 5.74329e+03 1.81674e-10 +0.00000e+00
 8.96151e-05 5.77467e+03 2.18560e-10 +0.00000e+00
 1.11588e-04 5.80523e+03 2.61062e-10 +0.00000e+00
 1.38950e-04 5.83512e+03 3.09765e-10 +0.00000e+00
 1.73020e-04 5.86450e+03 3.65300e-10 +0.00000e+00
 2.15443e-04 5.89350e+03 4.28359e-10 +0.00000e+00
 2.68270e-04 5.92221e+03 4.99708e-10 +0.00000e+00
 3.34048e-04 5.95071e+03 5.80208e-10 +0.00000e+00
 4.15956e-04 5.97905e+03 6.70851e-10 +0.00000e+00
 5.17947e-04 6.00727e+03 7.72783e-10 +0.00000e+00
 6.44947e-04 6.03537e+03 8.87332e-10 +0.00000e+00
 8.03086e-04 6.06337e+03 1.01603e-09 +0.00000e+00
 1.00000e-03 6.09128e+03 1.16066e-09 +0.00000e+00
 1.24520e-03 6.11915e+03 1.32325e-09 -2.54491e-07
 1.55052e-03 6.14701e+03 1.50610e-09 -3.16892e-07
 1.93070e-03 6.17492e+03 1.71180e-09 -3.94593e-07
 2.40410e-03 6.20295e+03 1.94327e-09 -4.91346e-07
 2.99358e-03 6.23119e+03 2.20370e-09 -6.11821e-07
 3.72759e-03 6.25975e+03 2.49667e-09 -7.61839e-07
 4.64159e-03 6.28873e+03 2.82601e-09 -9.48638e-07
 5.77969e-03 6.31829e+03 3.19586e-09 -1.18124e-06
 7.19686e-03 6.34861e+03 3.61061e-09 -1.47088e-06
 8.96151e-03 6.37991e+03 4.07493e-09 -1.83154e-06
 1.11588e-02 6.41247e+03 4.59344e-09 -2.28063e-06
 1.38950e-02 6.44666e+03 5.17055e-09 -2.83983e-06
 1.73020e-02 6.48292e+03 5.81036e-09 -3.53614e-06
 2.15443e-02 6.52197e+03 6.51612e-09 -4.40320e-06
 2.68270e-02 6.56452e+03 7.28989e-09 -5.48286e-06
 3.34048e-02 6.61164e+03 8.13148e-09 -6.82721e-06
 4.15956e-02 6.66436e+03 9.03828e-09 -8.50125e-06
 5.17947e-02 6.72382e+03 1.00044e-08 -1.05857e-05
 6.44947e-02 6.79154e+03 1.10194e-08 -1.31813e-05
 8.03086e-02 6.86927e+03 1.20679e-08 -1.64133e-05
 1.00000e-01 6.95969e+03 1.31264e-08 -2.04378e-05
 1.24520e-01 7.06571e+03 1.41635e-08 -2.54491e-05
 1.55052e-01 7.19002e+03 1.51426e-08 -3.16892e-05
 1.93070e-01 7.33619e+03 1.60200e-08 -3.94593e-05
 2.40410e-01 7.50832e+03 1.67479e-08 -4.91346e-05
 2.99358e-01 7.71199e+03 1.72734e-08 -6.11808e-05
 3.72759e-01 7.95386e+03 1.75422e-08 -7.61498e-05
 4.64159e-01 8.23722e+03 1.75167e-08 -9.38381e-05
 5.77969e-01 8.56409e+03 1.71750e-08 -8.36768e-05
 7.19686e-01 8.93088e+03 1.65199e-08 +6.90818e-04
 8.96151e-01 9.23221e+03 1.59187e-08 +3.71208e-03
 1.11588e+00 9.45153e+03 1.55035e-08 +7.37466e-03
 1.38950e+00 9.64414e+03 1.51403e-08 +1.34884e-02
 1.73020e+00 9.83011e+03 1.47772e-08 +1.91980e-02
 2.15443e+00 1.00151e+04 1.44011e-08 +2.87664e-02
 2.68270e+00 1.01986e+04 1.40211e-08 +4.05589e-02
 3.34048e+00 1.03818e+04 1.36393e-08 +5.07978e-02
 4.15956e+00 1.05592e+04 1.32825e-08 +5.58923e-02
 5.17947e+00 1.07345e+04 1.29468e-08 +5.96084e-02
 6.44947e+00 1.09111e+04 1.26278e-08 +6.24619e-02
 8.03086e+00 1.10922e+04 1.23222e-08 +6.46094e-02
 1.00000e+01 1.12820e+04 1.20257e-08 +6.61728e-02
 1.24520e+01 1.14850e+04 1.17348e-08 +6.73105e-02
 1.55052e+01 1.17068e+04 1.14484e-08 +6.80474e-02
 1.93070e+01 1.19558e+04 1.11625e-08 +6.82906e-02
 2.40410e+01 1.22489e+04 1.08654e-08 +6.77513e-02
 2.99358e+01 1.26184e+04 1.05373e-08 +6.59967e-02
 3.72759e+01 1.31391e+04 1.01399e-08 +6.05192e-02
 4.64159e+01 1.40785e+04 9.54404e-09 +4.02951e-02
 5.77969e+01 1.60871e+04 8.67621e-09 +1.49048e-03
 7.19686e+01 2.01786e+04 7.63305e-09 -6.12940e-04
 8.96151e+01 2.07378e+04 8.64135e-09 -6.12514e-04
 1.11588e+02 2.13350e+04 9.77188e-09 -6.11253e-04
 1.38950e+02 2.19970e+04 1.10278e-08 -6.07870e-04
 1.73020e+02 2.27123e+04 1.24394e-08 -5.98296e-04
 2.15443e+02 2.34898e+04 1.40289e-08 -5.71703e-04
 2.68270e+02 2.43269e+04 1.58189e-08 -4.96546e-04
 3.34048e+02 2.52428e+04 1.78364e-08 -3.02198e-04
 4.15956e+02 2.62042e+04 2.01267e-08 +2.15003e-04
 5.17947e+02 2.72990e+04 2.26800e-08 +1.22174e-03
 6.44947e+02 2.84079e+04 2.56179e-08 +3.39838e-03
 8.03086e+02 2.96221e+04 2.89155e-08 +6.73393e-03
 1.00000e+03 3.12010e+04 3.24028e-08 +9.27348e-03
