#n1=128 n2=4 Teff=08800 R=2.4832e+12 L=2.6369e+37 logg=+2.00
#   tau          T          rho         Fconv
 0.00000e+00 5.17389e+03 1.52164e-21 +0.00000e+00
 1.00000e-09 5.17389e+03 4.63502e-19 +0.00000e+00
 1.24520e-09 5.17475e+03 5.77419e-19 +0.00000e+00
 1.55052e-09 5.17596e+03 7.19384e-19 +0.00000e+00
 1.93070e-09 5.17746e+03 8.96303e-19 +0.00000e+00
 2.40410e-09 5.17921e+03 1.11679e-18 +0.00000e+00
 2.99358e-09 5.18119e+03 1.39156e-18 +0.00000e+00
 3.72759e-09 5.18337e+03 1.73401e-18 +0.00000e+00
 4.64159e-09 5.18573e+03 2.16080e-18 +0.00000e+00
 5.77969e-09 5.18825e+03 2.69272e-18 +0.00000e+00
 7.19686e-09 5.19093e+03 3.35571e-18 +0.00000e+00
 8.96151e-09 5.19376e+03 4.18206e-18 +0.00000e+00
 1.11588e-08 5.19676e+03 5.21208e-18 +0.00000e+00
 1.38950e-08 5.19993e+03 6.49597e-18 +0.00000e+00
 1.73020e-08 5.20328e+03 8.09634e-18 +0.00000e+00
 2.15443e-08 5.20685e+03 1.00912e-17 +0.00000e+00
 2.68270e-08 5.21066e+03 1.25777e-17 +0.00000e+00
 3.34048e-08 5.21475e+03 1.56771e-17 +0.00000e+00
 4.15956e-08 5.21915e+03 1.95404e-17 +0.00000e+00
 5.17947e-08 5.22392e+03 2.43562e-17 +0.00000e+00
 6.44947e-08 5.22909e+03 3.03604e-17 +0.00000e+00
 8.03086e-08 5.23473e+03 3.78486e-17 +0.00000e+00
 1.00000e-07 5.24091e+03 4.71915e-17 +0.00000e+00
 1.24520e-07 5.24768e+03 5.88549e-17 +0.00000e+00
 1.55052e-07 5.25514e+03 7.34219e-17 +0.00000e+00
 1.93070e-07 5.26338e+03 9.16071e-17 +0.00000e+00
 2.40410e-07 5.27251e+03 1.14285e-16 +0.00000e+00
 2.99358e-07 5.28264e+03 1.42562e-16 +0.00000e+00
 3.72759e-07 5.29394e+03 1.77808e-16 +0.00000e+00
 4.64159e-07 5.30649e+03 2.21738e-16 +0.00000e+00
 5.77969e-07 5.32047e+03 2.76485e-16 +0.00000e+00
 7.19686e-07 5.33607e+03 3.44734e-16 +0.00000e+00
 8.96151e-07 5.35347e+03 4.29858e-16 +0.00000e+00
 1.11588e-06 5.37285e+03 5.36122e-16 +0.00000e+00
 1.38950e-06 5.39440e+03 6.68931e-16 +0.00000e+00
 1.73020e-06 5.41831e+03 8.35163e-16 +0.00000e+00
 2.15443e-06 5.44475e+03 1.04356e-15 +0.00000e+00
 2.68270e-06 5.47389e+03 1.30488e-15 +0.00000e+00
 3.34048e-06 5.50583e+03 1.63222e-15 +0.00000e+00
 4.15956e-06 5.54063e+03 2.04289e-15 +0.00000e+00
 5.17947e-06 5.57834e+03 2.55898e-15 +0.00000e+00
 6.44947e-06 5.61896e+03 3.20864e-15 +0.00000e+00
 8.03086e-06 5.66246e+03 4.02754e-15 +0.00000e+00
 1.00000e-05 5.70870e+03 5.06052e-15 +0.00000e+00
 1.24520e-05 5.75750e+03 6.36415e-15 +0.00000e+00
 1.55052e-05 5.80850e+03 8.01046e-15 +0.00000e+00
 1.93070e-05 5.86118e+03 1.00923e-14 +0.00000e+00
 2.40410e-05 5.91484e+03 1.27298e-14 +0.00000e+00
 2.99358e-05 5.96866e+03 1.60803e-14 +0.00000e+00
 3.72759e-05 6.02181e+03 2.03501e-14 +0.00000e+00
 4.64159e-05 6.07363e+03 2.58092e-14 +0.00000e+00
 5.77969e-05 6.12390e+03 3.28093e-14 +0.00000e+00
 7.19686e-05 6.17281e+03 4.18027e-14 +0.00000e+00
 8.96151e-05 6.22096e+03 5.33662e-14 +0.00000e+00
 1.11588e-04 6.26901e+03 6.82320e-14 +0.00000e+00
 1.38950e-04 6.31751e+03 8.73297e-14 +0.00000e+00
 1.73020e-04 6.36679e+03 1.11843e-13 +0.00000e+00
 2.15443e-04 6.41700e+03 1.43310e-13 +0.00000e+00
 2.68270e-04 6.46810e+03 1.83742e-13 +0.00000e+00
 3.34048e-04 6.51995e+03 2.35760e-13 +0.00000e+00
 4.15956e-04 6.57237e+03 3.02759e-13 +0.00000e+00
 5.17947e-04 6.62517e+03 3.89086e-13 +0.00000e+00
 6.44947e-04 6.67818e+03 5.00236e-13 +0.00000e+00
 8.03086e-04 6.73119e+03 6.43077e-13 +0.00000e+00
 1.00000e-03 6.78405e+03 8.26085e-13 +0.00000e+00
 1.24520e-03 6.83657e+03 1.05968e-12 -2.54365e-07
 1.55052e-03 6.88864e+03 1.35650e-12 -3.16733e-07
 1.93070e-03 6.94016e+03 1.73171e-12 -3.94397e-07
 2.40410e-03 6.99107e+03 2.20318e-12 -4.91100e-07
 2.99358e-03 7.04140e+03 2.79134e-12 -6.11518e-07
 3.72759e-03 7.09122e+03 3.51896e-12 -7.61460e-07
 4.64159e-03 7.14064e+03 4.41070e-12 -9.48166e-07
 5.77969e-03 7.18975e+03 5.49285e-12 -1.18066e-06
 7.19686e-03 7.23875e+03 6.79236e-12 -1.47015e-06
 8.96151e-03 7.28782e+03 8.33661e-12 -1.83063e-06
 1.11588e-02 7.33718e+03 1.01520e-11 -2.27949e-06
 1.38950e-02 7.38724e+03 1.22623e-11 -2.83841e-06
 1.73020e-02 7.43838e+03 1.46873e-11 -3.53439e-06
 2.15443e-02 7.49165e+03 1.74348e-11 -4.40101e-06
 2.68270e-02 7.54775e+03 2.05036e-11 -5.48012e-06
 3.34048e-02 7.60841e+03 2.38679e-11 -6.82382e-06
 4.15956e-02 7.67472e+03 2.74840e-11 -8.49700e-06
 5.17947e-02 7.74807e+03 3.12836e-11 -1.05805e-05
 6.44947e-02 7.83024e+03 3.51669e-11 -1.31747e-05
 8.03086e-02 7.92311e+03 3.90092e-11 -1.64052e-05
 1.00000e-01 8.03077e+03 4.26215e-11 -2.04277e-05
 1.24520e-01 8.15743e+03 4.57896e-11 -2.54365e-05
 1.55052e-01 8.30418e+03 4.83862e-11 -3.16733e-05
 1.93070e-01 8.47342e+03 5.03501e-11 -3.94397e-05
 2.40410e-01 8.66600e+03 5.17784e-11 -4.91103e-05
 2.99358e-01 8.88516e+03 5.28621e-11 -6.11518e-05
 3.72759e-01 9.13703e+03 5.38632e-11 -7.61463e-05
 4.64159e-01 9.41250e+03 5.53115e-11 -9.48169e-05
 5.77969e-01 9.70253e+03 5.75862e-11 -1.18066e-04
 7.19686e-01 1.00349e+04 6.05971e-11 -1.47015e-04
 8.96151e-01 1.04047e+04 6.46231e-11 -1.83065e-04
 1.11588e+00 1.07741e+04 7.00953e-11 -2.27950e-04
 1.38950e+00 1.11590e+04 7.69841e-11 -2.83841e-04
 1.73020e+00 1.15776e+04 8.53237e-11 -3.53439e-04
 2.15443e+00 1.20090e+04 9.54516e-11 -4.40101e-04
 2.68270e+00 1.24485e+04 1.07561e-10 -5.48012e-04
 3.34048e+00 1.29105e+04 1.21694e-10 -6.12829e-04
 4.15956e+00 1.33937e+04 1.38020e-10 -6.12829e-04
 5.17947e+00 1.38907e+04 1.56743e-10 -6.12829e-04
 6.44947e+00 1.44104e+04 1.77928e-10 -6.12829e-04
 8.03086e+00 1.49564e+04 2.01853e-10 -6.12829e-04
 1.00000e+01 1.55215e+04 2.29168e-10 -6.12829e-04
 1.24520e+01 1.61227e+04 2.60318e-10 -6.12829e-04
 1.55052e+01 1.67501e+04 2.96232e-10 -6.12829e-04
 1.93070e+01 1.74064e+04 3.37584e-10 -6.12829e-04
 2.40410e+01 1.81028e+04 3.84940e-10 -6.12829e-04
 2.99358e+01 1.88357e+04 4.39226e-10 -6.12829e-04
 3.72759e+01 1.96073e+04 5.01339e-10 -6.12829e-04
 4.64159e+01 2.04208e+04 5.72274e-10 -6.12829e-04
 5.77969e+01 2.12743e+04 6.53313e-10 -6.12829e-04
 7.19686e+01 2.21601e+04 7.46013e-10 -6.12829e-04
 8.96151e+01 2.30815e+04 8.51800e-10 -6.12829e-04
 1.11588e+02 2.40365e+04 9.72462e-10 -6.12829e-04
 1.38950e+02 2.50330e+04 1.10967e-09 -6.12829e-04
 1.73020e+02 2.60810e+04 1.26528e-09 -6.12829e-04
 2.15443e+02 2.71940e+04 1.44133e-09 -6.12829e-04
 2.68270e+02 2.83875e+04 1.64005e-09 -6.12829e-04
 3.34048e+02 2.96825e+04 1.86375e-09 -6.12829e-04
 4.15956e+02 3.10930e+04 2.11535e-09 -6.12823e-04
 5.17947e+02 3.26201e+04 2.39756e-09 -6.12793e-04
 6.44947e+02 3.46842e+04 2.68895e-09 -6.12514e-04
 8.03086e+02 3.44707e+04 3.19767e-09 -6.07219e-04
 1.00000e+03 4.06518e+04 3.16349e-09 -6.12602e-04
