#n1=128 n2=4 Teff=08200 R=3.6656e+13 L=4.3183e+39 logg=+0.00
#   tau          T          rho         Fconv
 0.00000e+00 4.23834e+03 1.85787e-21 +0.00000e+00
 1.00000e-09 4.23834e+03 4.23903e-21 +0.00000e+00
 1.24520e-09 4.24285e+03 4.83161e-21 +0.00000e+00
 1.55052e-09 4.24673e+03 5.57488e-21 +0.00000e+00
 1.93070e-09 4.25095e+03 6.50602e-21 +0.00000e+00
 2.40410e-09 4.25552e+03 7.67299e-21 +0.00000e+00
 2.99358e-09 4.26041e+03 9.13608e-21 +0.00000e+00
 3.72759e-09 4.26561e+03 1.09710e-20 +0.00000e+00
 4.64159e-09 4.27110e+03 1.32729e-20 +0.00000e+00
 5.77969e-09 4.27688e+03 1.61613e-20 +0.00000e+00
 7.19686e-09 4.28293e+03 1.97863e-20 +0.00000e+00
 8.96151e-09 4.28925e+03 2.43364e-20 +0.00000e+00
 1.11588e-08 4.29583e+03 3.00483e-20 +0.00000e+00
 1.38950e-08 4.30267e+03 3.72192e-20 +0.00000e+00
 1.73020e-08 4.30978e+03 4.62224e-20 +0.00000e+00
 2.15443e-08 4.31715e+03 5.75263e-20 +0.00000e+00
 2.68270e-08 4.32479e+03 7.17192e-20 +0.00000e+00
 3.34048e-08 4.33272e+03 8.95394e-20 +0.00000e+00
 4.15956e-08 4.34095e+03 1.11914e-19 +0.00000e+00
 5.17947e-08 4.34950e+03 1.40006e-19 +0.00000e+00
 6.44947e-08 4.35840e+03 1.75276e-19 +0.00000e+00
 8.03086e-08 4.36768e+03 2.19557e-19 +0.00000e+00
 1.00000e-07 4.37739e+03 2.75145e-19 +0.00000e+00
 1.24520e-07 4.38756e+03 3.44922e-19 +0.00000e+00
 1.55052e-07 4.39827e+03 4.32497e-19 +0.00000e+00
 1.93070e-07 4.40958e+03 5.42387e-19 +0.00000e+00
 2.40410e-07 4.42159e+03 6.80241e-19 +0.00000e+00
 2.99358e-07 4.43438e+03 8.53118e-19 +0.00000e+00
 3.72759e-07 4.44806e+03 1.06983e-18 +0.00000e+00
 4.64159e-07 4.46276e+03 1.34141e-18 +0.00000e+00
 5.77969e-07 4.47861e+03 1.68160e-18 +0.00000e+00
 7.19686e-07 4.49574e+03 2.10757e-18 +0.00000e+00
 8.96151e-07 4.51430e+03 2.64048e-18 +0.00000e+00
 1.11588e-06 4.53444e+03 3.30691e-18 +0.00000e+00
 1.38950e-06 4.55629e+03 4.14025e-18 +0.00000e+00
 1.73020e-06 4.57998e+03 5.18277e-18 +0.00000e+00
 2.15443e-06 4.60562e+03 6.48669e-18 +0.00000e+00
 2.68270e-06 4.63330e+03 8.11743e-18 +0.00000e+00
 3.34048e-06 4.66306e+03 1.01565e-17 +0.00000e+00
 4.15956e-06 4.69495e+03 1.27055e-17 +0.00000e+00
 5.17947e-06 4.72894e+03 1.58913e-17 +0.00000e+00
 6.44947e-06 4.76502e+03 1.98719e-17 +0.00000e+00
 8.03086e-06 4.80313e+03 2.48447e-17 +0.00000e+00
 1.00000e-05 4.84322e+03 3.10557e-17 +0.00000e+00
 1.24520e-05 4.88514e+03 3.88130e-17 +0.00000e+00
 1.55052e-05 4.92872e+03 4.85026e-17 +0.00000e+00
 1.93070e-05 4.97379e+03 6.06086e-17 +0.00000e+00
 2.40410e-05 5.02014e+03 7.57396e-17 +0.00000e+00
 2.99358e-05 5.06739e+03 9.46627e-17 +0.00000e+00
 3.72759e-05 5.11510e+03 1.18345e-16 +0.00000e+00
 4.64159e-05 5.16277e+03 1.48006e-16 +0.00000e+00
 5.77969e-05 5.21006e+03 1.85181e-16 +0.00000e+00
 7.19686e-05 5.25683e+03 2.31792e-16 +0.00000e+00
 8.96151e-05 5.30316e+03 2.90256e-16 +0.00000e+00
 1.11588e-04 5.34961e+03 3.63602e-16 +0.00000e+00
 1.38950e-04 5.39643e+03 4.55696e-16 +0.00000e+00
 1.73020e-04 5.44370e+03 5.71420e-16 +0.00000e+00
 2.15443e-04 5.49135e+03 7.16946e-16 +0.00000e+00
 2.68270e-04 5.53922e+03 9.00092e-16 +0.00000e+00
 3.34048e-04 5.58719e+03 1.13078e-15 +0.00000e+00
 4.15956e-04 5.63504e+03 1.42160e-15 +0.00000e+00
 5.17947e-04 5.68260e+03 1.78851e-15 +0.00000e+00
 6.44947e-04 5.72972e+03 2.25176e-15 +0.00000e+00
 8.03086e-04 5.77635e+03 2.83710e-15 +0.00000e+00
 1.00000e-03 5.82244e+03 3.57740e-15 +0.00000e+00
 1.24520e-03 5.86779e+03 4.51486e-15 -2.55170e-07
 1.55052e-03 5.91296e+03 5.70215e-15 -3.17737e-07
 1.93070e-03 5.95779e+03 7.20695e-15 -3.95643e-07
 2.40410e-03 6.00239e+03 9.11527e-15 -4.92657e-07
 2.99358e-03 6.04689e+03 1.15372e-14 -6.13455e-07
 3.72759e-03 6.09141e+03 1.46134e-14 -7.63869e-07
 4.64159e-03 6.13609e+03 1.85240e-14 -9.51171e-07
 5.77969e-03 6.18107e+03 2.34998e-14 -1.18439e-06
 7.19686e-03 6.22653e+03 2.98349e-14 -1.47480e-06
 8.96151e-03 6.27264e+03 3.79046e-14 -1.83642e-06
 1.11588e-02 6.31959e+03 4.81910e-14 -2.28671e-06
 1.38950e-02 6.36777e+03 6.13098e-14 -2.84740e-06
 1.73020e-02 6.41751e+03 7.80488e-14 -3.54558e-06
 2.15443e-02 6.46992e+03 9.93754e-14 -4.41493e-06
 2.68270e-02 6.52573e+03 1.26473e-13 -5.49748e-06
 3.34048e-02 6.58682e+03 1.60675e-13 -6.84545e-06
 4.15956e-02 6.65441e+03 2.03439e-13 -8.52390e-06
 5.17947e-02 6.72962e+03 2.56210e-13 -1.06140e-05
 6.44947e-02 6.81436e+03 3.20108e-13 -1.32168e-05
 8.03086e-02 6.91029e+03 3.95714e-13 -1.64590e-05
 1.00000e-01 7.02197e+03 4.82254e-13 -2.04904e-05
 1.24520e-01 7.15357e+03 5.77784e-13 -2.55201e-05
 1.55052e-01 7.30553e+03 6.80920e-13 -3.17791e-05
 1.93070e-01 7.47939e+03 7.91400e-13 -3.95714e-05
 2.40410e-01 7.67456e+03 9.11842e-13 -4.92731e-05
 2.99358e-01 7.89313e+03 1.04655e-12 -6.13252e-05
 3.72759e-01 8.14150e+03 1.20034e-12 -7.64561e-05
 4.64159e-01 8.40628e+03 1.38367e-12 -9.30318e-05
 5.77969e-01 8.67676e+03 1.60675e-12 -1.44401e-04
 7.19686e-01 8.99299e+03 1.86860e-12 -1.47480e-04
 8.96151e-01 9.34996e+03 2.17943e-12 -1.83642e-04
 1.11588e+00 9.69957e+03 2.56205e-12 -2.28671e-04
 1.38950e+00 1.00761e+04 3.02024e-12 -2.84740e-04
 1.73020e+00 1.04977e+04 3.56202e-12 -3.54558e-04
 2.15443e+00 1.09459e+04 4.20817e-12 -4.41493e-04
 2.68270e+00 1.14007e+04 4.98189e-12 -5.49748e-04
 3.34048e+00 1.19352e+04 5.86007e-12 -6.14769e-04
 4.15956e+00 1.24896e+04 6.87630e-12 -6.14801e-04
 5.17947e+00 1.29913e+04 8.10342e-12 -6.14789e-04
 6.44947e+00 1.37934e+04 9.33054e-12 -6.14769e-04
 8.03086e+00 1.42940e+04 1.10822e-11 -6.14769e-04
 1.00000e+01 1.51603e+04 1.28810e-11 -6.14769e-04
 1.24520e+01 1.58938e+04 1.52091e-11 -6.14769e-04
 1.55052e+01 1.67793e+04 1.78728e-11 -6.14769e-04
 1.93070e+01 1.76977e+04 2.10663e-11 -6.14769e-04
 2.40410e+01 1.86956e+04 2.48308e-11 -6.14769e-04
 2.99358e+01 1.97384e+04 2.93186e-11 -6.14769e-04
 3.72759e+01 2.08348e+04 3.46494e-11 -6.14769e-04
 4.64159e+01 2.19710e+04 4.09988e-11 -6.14769e-04
 5.77969e+01 2.31683e+04 4.85100e-11 -6.14769e-04
 7.19686e+01 2.44265e+04 5.73899e-11 -6.14769e-04
 8.96151e+01 2.57760e+04 6.78064e-11 -6.14769e-04
 1.11588e+02 2.72233e+04 7.99899e-11 -6.14769e-04
 1.38950e+02 2.87909e+04 9.40910e-11 -6.14769e-04
 1.73020e+02 3.04831e+04 1.10173e-10 -6.14769e-04
 2.15443e+02 3.22992e+04 1.28265e-10 -6.14769e-04
 2.68270e+02 3.42321e+04 1.48958e-10 -6.14769e-04
 3.34048e+02 3.61576e+04 1.73918e-10 -6.14769e-04
 4.15956e+02 3.87616e+04 2.01127e-10 -6.14769e-04
 5.17947e+02 3.86152e+04 2.49413e-10 -6.14769e-04
 6.44947e+02 3.89898e+04 3.00993e-10 -6.14769e-04
 8.03086e+02 6.09172e+04 2.50211e-10 -6.14769e-04
 1.00000e+03 5.34825e+04 3.82483e-10 -6.14769e-04
