#n1=128 n2=4 Teff=08000 R=5.0482e+10 L=7.4370e+33 logg=+5.00
#   tau          T          rho         Fconv
 0.00000e+00 4.72381e+03 1.65035e-21 +0.00000e+00
 1.00000e-09 4.72381e+03 2.15029e-15 +0.00000e+00
 1.24520e-09 4.72339e+03 3.15320e-15 +0.00000e+00
 1.55052e-09 4.72285e+03 4.65379e-15 +0.00000e+00
 1.93070e-09 4.72223e+03 6.91637e-15 +0.00000e+00
 2.40410e-09 4.72159e+03 1.03218e-14 +0.00000e+00
 2.99358e-09 4.72101e+03 1.54299e-14 +0.00000e+00
 3.72759e-09 4.72056e+03 2.30458e-14 +0.00000e+00
 4.64159e-09 4.72034e+03 3.43046e-14 +0.00000e+00
 5.77969e-09 4.72048e+03 5.07894e-14 +0.00000e+00
 7.19686e-09 4.72111e+03 7.46913e-14 +0.00000e+00
 8.96151e-09 4.72236e+03 1.09020e-13 +0.00000e+00
 1.11588e-08 4.72430e+03 1.57910e-13 +0.00000e+00
 1.38950e-08 4.72703e+03 2.27084e-13 +0.00000e+00
 1.73020e-08 4.73058e+03 3.24536e-13 +0.00000e+00
 2.15443e-08 4.73494e+03 4.61563e-13 +0.00000e+00
 2.68270e-08 4.74009e+03 6.54240e-13 +0.00000e+00
 3.34048e-08 4.74597e+03 9.25426e-13 +0.00000e+00
 4.15956e-08 4.75254e+03 1.30722e-12 +0.00000e+00
 5.17947e-08 4.75983e+03 1.84351e-12 +0.00000e+00
 6.44947e-08 4.76801e+03 2.59233e-12 +0.00000e+00
 8.03086e-08 4.77739e+03 3.62805e-12 +0.00000e+00
 1.00000e-07 4.78839e+03 5.04246e-12 +0.00000e+00
 1.24520e-07 4.80143e+03 6.94521e-12 +0.00000e+00
 1.55052e-07 4.81680e+03 9.46371e-12 +0.00000e+00
 1.93070e-07 4.83462e+03 1.27402e-11 +0.00000e+00
 2.40410e-07 4.85483e+03 1.69381e-11 +0.00000e+00
 2.99358e-07 4.87715e+03 2.22526e-11 +0.00000e+00
 3.72759e-07 4.90120e+03 2.89139e-11 +0.00000e+00
 4.64159e-07 4.92650e+03 3.71946e-11 +0.00000e+00
 5.77969e-07 4.95258e+03 4.74196e-11 +0.00000e+00
 7.19686e-07 4.97906e+03 5.99749e-11 +0.00000e+00
 8.96151e-07 5.00564e+03 7.53071e-11 +0.00000e+00
 1.11588e-06 5.03216e+03 9.39288e-11 +0.00000e+00
 1.38950e-06 5.05860e+03 1.16408e-10 +0.00000e+00
 1.73020e-06 5.08502e+03 1.43353e-10 +0.00000e+00
 2.15443e-06 5.11154e+03 1.75445e-10 +0.00000e+00
 2.68270e-06 5.13826e+03 2.13445e-10 +0.00000e+00
 3.34048e-06 5.16523e+03 2.58194e-10 +0.00000e+00
 4.15956e-06 5.19241e+03 3.10604e-10 +0.00000e+00
 5.17947e-06 5.21960e+03 3.71669e-10 +0.00000e+00
 6.44947e-06 5.24660e+03 4.42463e-10 +0.00000e+00
 8.03086e-06 5.27321e+03 5.24136e-10 +0.00000e+00
 1.00000e-05 5.29939e+03 6.17927e-10 +0.00000e+00
 1.24520e-05 5.32524e+03 7.25157e-10 +0.00000e+00
 1.55052e-05 5.35102e+03 8.47225e-10 +0.00000e+00
 1.93070e-05 5.37706e+03 9.85589e-10 +0.00000e+00
 2.40410e-05 5.40367e+03 1.14175e-09 +0.00000e+00
 2.99358e-05 5.43107e+03 1.31724e-09 +0.00000e+00
 3.72759e-05 5.45943e+03 1.51361e-09 +0.00000e+00
 4.64159e-05 5.48879e+03 1.73243e-09 +0.00000e+00
 5.77969e-05 5.51910e+03 1.97532e-09 +0.00000e+00
 7.19686e-05 5.55027e+03 2.24398e-09 +0.00000e+00
 8.96151e-05 5.58214e+03 2.54021e-09 +0.00000e+00
 1.11588e-04 5.61454e+03 2.86601e-09 +0.00000e+00
 1.38950e-04 5.64730e+03 3.22359e-09 +0.00000e+00
 1.73020e-04 5.68026e+03 3.61545e-09 +0.00000e+00
 2.15443e-04 5.71333e+03 4.04444e-09 +0.00000e+00
 2.68270e-04 5.74640e+03 4.51383e-09 +0.00000e+00
 3.34048e-04 5.77946e+03 5.02738e-09 +0.00000e+00
 4.15956e-04 5.81247e+03 5.58957e-09 +0.00000e+00
 5.17947e-04 5.84546e+03 6.20571e-09 +0.00000e+00
 6.44947e-04 5.87844e+03 6.88212e-09 +0.00000e+00
 8.03086e-04 5.91144e+03 7.62628e-09 +0.00000e+00
 1.00000e-03 5.94451e+03 8.44690e-09 +0.00000e+00
 1.24520e-03 5.97769e+03 9.35410e-09 -2.54584e-07
 1.55052e-03 6.01105e+03 1.03588e-08 -3.17008e-07
 1.93070e-03 6.04466e+03 1.14733e-08 -3.94737e-07
 2.40410e-03 6.07859e+03 1.27121e-08 -4.91526e-07
 2.99358e-03 6.11292e+03 1.40903e-08 -6.12045e-07
 3.72759e-03 6.14775e+03 1.56244e-08 -7.62117e-07
 4.64159e-03 6.18315e+03 1.73322e-08 -9.48985e-07
 5.77969e-03 6.21922e+03 1.92327e-08 -1.18167e-06
 7.19686e-03 6.25611e+03 2.13459e-08 -1.47142e-06
 8.96151e-03 6.29397e+03 2.36920e-08 -1.83221e-06
 1.11588e-02 6.33297e+03 2.62926e-08 -2.28146e-06
 1.38950e-02 6.37344e+03 2.91672e-08 -2.84087e-06
 1.73020e-02 6.41570e+03 3.23337e-08 -3.53744e-06
 2.15443e-02 6.46055e+03 3.58051e-08 -4.40481e-06
 2.68270e-02 6.50865e+03 3.95908e-08 -5.48487e-06
 3.34048e-02 6.56127e+03 4.36868e-08 -6.82971e-06
 4.15956e-02 6.61942e+03 4.80787e-08 -8.50436e-06
 5.17947e-02 6.68410e+03 5.27403e-08 -1.05896e-05
 6.44947e-02 6.75688e+03 5.76252e-08 -1.31861e-05
 8.03086e-02 6.83941e+03 6.26660e-08 -1.64193e-05
 1.00000e-01 6.93517e+03 6.77473e-08 -2.04453e-05
 1.24520e-01 7.04765e+03 7.27162e-08 -2.54584e-05
 1.55052e-01 7.17897e+03 7.74122e-08 -3.17008e-05
 1.93070e-01 7.33257e+03 8.16484e-08 -3.94737e-05
 2.40410e-01 7.51196e+03 8.52330e-08 -4.91513e-05
 2.99358e-01 7.72317e+03 8.79465e-08 -6.11511e-05
 3.72759e-01 7.97459e+03 8.95414e-08 -7.48820e-05
 4.64159e-01 8.26667e+03 8.99155e-08 -6.93594e-05
 5.77969e-01 8.60214e+03 8.89971e-08 +3.35435e-04
 7.19686e-01 8.98927e+03 8.66116e-08 +4.41652e-03
 8.96151e-01 9.23152e+03 8.56101e-08 +6.12433e-03
 1.11588e+00 9.42467e+03 8.50815e-08 +1.01038e-02
 1.38950e+00 9.59959e+03 8.47197e-08 +1.64051e-02
 1.73020e+00 9.76485e+03 8.44523e-08 +2.43978e-02
 2.15443e+00 9.92446e+03 8.42504e-08 +3.41484e-02
 2.68270e+00 1.00817e+04 8.40849e-08 +4.61482e-02
 3.34048e+00 1.02377e+04 8.39500e-08 +5.62228e-02
 4.15956e+00 1.03867e+04 8.39522e-08 +6.08635e-02
 5.17947e+00 1.05305e+04 8.40968e-08 +6.43183e-02
 6.44947e+00 1.06718e+04 8.43671e-08 +6.69484e-02
 8.03086e+00 1.08124e+04 8.47549e-08 +6.90283e-02
 1.00000e+01 1.09537e+04 8.52578e-08 +7.06960e-02
 1.24520e+01 1.10966e+04 8.58745e-08 +7.20495e-02
 1.55052e+01 1.12421e+04 8.66053e-08 +7.31626e-02
 1.93070e+01 1.13909e+04 8.74532e-08 +7.40880e-02
 2.40410e+01 1.15435e+04 8.84237e-08 +7.48652e-02
 2.99358e+01 1.17003e+04 8.95211e-08 +7.55262e-02
 3.72759e+01 1.18615e+04 9.07702e-08 +7.60907e-02
 4.64159e+01 1.20273e+04 9.21915e-08 +7.65812e-02
 5.77969e+01 1.21972e+04 9.38179e-08 +7.70079e-02
 7.19686e+01 1.23711e+04 9.56841e-08 +7.73714e-02
 8.96151e+01 1.25495e+04 9.78080e-08 +7.76767e-02
 1.11588e+02 1.27334e+04 1.00246e-07 +7.79316e-02
 1.38950e+02 1.29232e+04 1.03005e-07 +7.81525e-02
 1.73020e+02 1.31192e+04 1.06168e-07 +7.83368e-02
 2.15443e+02 1.33231e+04 1.09753e-07 +7.84875e-02
 2.68270e+02 1.35368e+04 1.13743e-07 +7.86124e-02
 3.34048e+02 1.37622e+04 1.18232e-07 +7.87162e-02
 4.15956e+02 1.40008e+04 1.23253e-07 +7.88062e-02
 5.17947e+02 1.42533e+04 1.28821e-07 +7.88867e-02
 6.44947e+02 1.45205e+04 1.35132e-07 +7.89543e-02
 8.03086e+02 1.48054e+04 1.42229e-07 +7.90099e-02
 1.00000e+03 1.51190e+04 1.50028e-07 +7.90297e-02
