#n1=128 n2=4 Teff=08800 R=1.7572e+11 L=1.3214e+35 logg=+4.00
#   tau          T          rho         Fconv
 0.00000e+00 5.48438e+03 1.41792e-21 +0.00000e+00
 1.00000e-09 5.48438e+03 4.74660e-17 +0.00000e+00
 1.24520e-09 5.48580e+03 5.91776e-17 +0.00000e+00
 1.55052e-09 5.48732e+03 7.37980e-17 +0.00000e+00
 1.93070e-09 5.48891e+03 9.20575e-17 +0.00000e+00
 2.40410e-09 5.49059e+03 1.14872e-16 +0.00000e+00
 2.99358e-09 5.49236e+03 1.43391e-16 +0.00000e+00
 3.72759e-09 5.49421e+03 1.79057e-16 +0.00000e+00
 4.64159e-09 5.49613e+03 2.23680e-16 +0.00000e+00
 5.77969e-09 5.49811e+03 2.79540e-16 +0.00000e+00
 7.19686e-09 5.50014e+03 3.49517e-16 +0.00000e+00
 8.96151e-09 5.50219e+03 4.37272e-16 +0.00000e+00
 1.11588e-08 5.50424e+03 5.47502e-16 +0.00000e+00
 1.38950e-08 5.50627e+03 6.86259e-16 +0.00000e+00
 1.73020e-08 5.50827e+03 8.61398e-16 +0.00000e+00
 2.15443e-08 5.51020e+03 1.08310e-15 +0.00000e+00
 2.68270e-08 5.51205e+03 1.36434e-15 +0.00000e+00
 3.34048e-08 5.51383e+03 1.72006e-15 +0.00000e+00
 4.15956e-08 5.51549e+03 2.16997e-15 +0.00000e+00
 5.17947e-08 5.51708e+03 2.73902e-15 +0.00000e+00
 6.44947e-08 5.51858e+03 3.45923e-15 +0.00000e+00
 8.03086e-08 5.51999e+03 4.37222e-15 +0.00000e+00
 1.00000e-07 5.52132e+03 5.53337e-15 +0.00000e+00
 1.24520e-07 5.52259e+03 7.01799e-15 +0.00000e+00
 1.55052e-07 5.52379e+03 8.93092e-15 +0.00000e+00
 1.93070e-07 5.52497e+03 1.14208e-14 +0.00000e+00
 2.40410e-07 5.52614e+03 1.46994e-14 +0.00000e+00
 2.99358e-07 5.52736e+03 1.90680e-14 +0.00000e+00
 3.72759e-07 5.52871e+03 2.49227e-14 +0.00000e+00
 4.64159e-07 5.53025e+03 3.27257e-14 +0.00000e+00
 5.77969e-07 5.53213e+03 4.31452e-14 +0.00000e+00
 7.19686e-07 5.53460e+03 5.71634e-14 +0.00000e+00
 8.96151e-07 5.53788e+03 7.61508e-14 +0.00000e+00
 1.11588e-06 5.54238e+03 1.01984e-13 +0.00000e+00
 1.38950e-06 5.54850e+03 1.37215e-13 +0.00000e+00
 1.73020e-06 5.55666e+03 1.85283e-13 +0.00000e+00
 2.15443e-06 5.56714e+03 2.50874e-13 +0.00000e+00
 2.68270e-06 5.58009e+03 3.40391e-13 +0.00000e+00
 3.34048e-06 5.59545e+03 4.62538e-13 +0.00000e+00
 4.15956e-06 5.61306e+03 6.29101e-13 +0.00000e+00
 5.17947e-06 5.63278e+03 8.56026e-13 +0.00000e+00
 6.44947e-06 5.65473e+03 1.16452e-12 +0.00000e+00
 8.03086e-06 5.67931e+03 1.58232e-12 +0.00000e+00
 1.00000e-05 5.70709e+03 2.14521e-12 +0.00000e+00
 1.24520e-05 5.73861e+03 2.89903e-12 +0.00000e+00
 1.55052e-05 5.77416e+03 3.90281e-12 +0.00000e+00
 1.93070e-05 5.81392e+03 5.23321e-12 +0.00000e+00
 2.40410e-05 5.85785e+03 6.99011e-12 +0.00000e+00
 2.99358e-05 5.90568e+03 9.30319e-12 +0.00000e+00
 3.72759e-05 5.95684e+03 1.23393e-11 +0.00000e+00
 4.64159e-05 6.01038e+03 1.63088e-11 +0.00000e+00
 5.77969e-05 6.06506e+03 2.14696e-11 +0.00000e+00
 7.19686e-05 6.11956e+03 2.81282e-11 +0.00000e+00
 8.96151e-05 6.17271e+03 3.66375e-11 +0.00000e+00
 1.11588e-04 6.22384e+03 4.73903e-11 +0.00000e+00
 1.38950e-04 6.27277e+03 6.08107e-11 +0.00000e+00
 1.73020e-04 6.31970e+03 7.73426e-11 +0.00000e+00
 2.15443e-04 6.36501e+03 9.74414e-11 +0.00000e+00
 2.68270e-04 6.40909e+03 1.21568e-10 +0.00000e+00
 3.34048e-04 6.45221e+03 1.50193e-10 +0.00000e+00
 4.15956e-04 6.49456e+03 1.83808e-10 +0.00000e+00
 5.17947e-04 6.53623e+03 2.22921e-10 +0.00000e+00
 6.44947e-04 6.57733e+03 2.68082e-10 +0.00000e+00
 8.03086e-04 6.61795e+03 3.19910e-10 +0.00000e+00
 1.00000e-03 6.65812e+03 3.79056e-10 +0.00000e+00
 1.24520e-03 6.69795e+03 4.46271e-10 -2.54176e-07
 1.55052e-03 6.73750e+03 5.22409e-10 -3.16499e-07
 1.93070e-03 6.77686e+03 6.08349e-10 -3.94105e-07
 2.40410e-03 6.81612e+03 7.05100e-10 -4.90737e-07
 2.99358e-03 6.85540e+03 8.13763e-10 -6.11066e-07
 3.72759e-03 6.89483e+03 9.35486e-10 -7.60896e-07
 4.64159e-03 6.93458e+03 1.07152e-09 -9.47465e-07
 5.77969e-03 6.97484e+03 1.22318e-09 -1.17978e-06
 7.19686e-03 7.01583e+03 1.39181e-09 -1.46906e-06
 8.96151e-03 7.05786e+03 1.57880e-09 -1.82927e-06
 1.11588e-02 7.10125e+03 1.78553e-09 -2.27780e-06
 1.38950e-02 7.14647e+03 2.01321e-09 -2.83631e-06
 1.73020e-02 7.19411e+03 2.26280e-09 -3.53178e-06
 2.15443e-02 7.24503e+03 2.53477e-09 -4.39776e-06
 2.68270e-02 7.30015e+03 2.82892e-09 -5.47607e-06
 3.34048e-02 7.36081e+03 3.14387e-09 -6.81877e-06
 4.15956e-02 7.42830e+03 3.47697e-09 -8.49071e-06
 5.17947e-02 7.50415e+03 3.82383e-09 -1.05726e-05
 6.44947e-02 7.59020e+03 4.17795e-09 -1.31650e-05
 8.03086e-02 7.68851e+03 4.53042e-09 -1.63930e-05
 1.00000e-01 7.80201e+03 4.86901e-09 -2.04124e-05
 1.24520e-01 7.93359e+03 5.17883e-09 -2.54172e-05
 1.55052e-01 8.08529e+03 5.44422e-09 -3.16493e-05
 1.93070e-01 8.25942e+03 5.64888e-09 -3.94102e-05
 2.40410e-01 8.45790e+03 5.77776e-09 -4.90731e-05
 2.99358e-01 8.68299e+03 5.81741e-09 -6.10966e-05
 3.72759e-01 8.93658e+03 5.75780e-09 -7.59123e-05
 4.64159e-01 9.21609e+03 5.60027e-09 -9.19002e-05
 5.77969e-01 9.51923e+03 5.35370e-09 -8.02129e-05
 7.19686e-01 9.85062e+03 5.02525e-09 +2.11290e-04
 8.96151e-01 1.02013e+04 4.65133e-09 +1.16244e-03
 1.11588e+00 1.04664e+04 4.40216e-09 +1.37305e-03
 1.38950e+00 1.07265e+04 4.18028e-09 +1.86675e-03
 1.73020e+00 1.10140e+04 3.95867e-09 +2.14228e-03
 2.15443e+00 1.13723e+04 3.71661e-09 +1.86984e-03
 2.68270e+00 1.22079e+04 3.25969e-09 -4.87627e-04
 3.34048e+00 1.26424e+04 3.16592e-09 -6.08047e-04
 4.15956e+00 1.30774e+04 3.12611e-09 -6.11914e-04
 5.17947e+00 1.35185e+04 3.13229e-09 -6.12311e-04
 6.44947e+00 1.39696e+04 3.18236e-09 -6.12363e-04
 8.03086e+00 1.44322e+04 3.27795e-09 -6.12372e-04
 1.00000e+01 1.49016e+04 3.42358e-09 -6.12372e-04
 1.24520e+01 1.53926e+04 3.61971e-09 -6.12369e-04
 1.55052e+01 1.58984e+04 3.87241e-09 -6.12363e-04
 1.93070e+01 1.64223e+04 4.18497e-09 -6.12337e-04
 2.40410e+01 1.69778e+04 4.55875e-09 -6.12267e-04
 2.99358e+01 1.75608e+04 5.00170e-09 -6.12120e-04
 3.72759e+01 1.81729e+04 5.52222e-09 -6.11914e-04
 4.64159e+01 1.88207e+04 6.12913e-09 -6.11715e-04
 5.77969e+01 1.95058e+04 6.83311e-09 -6.11535e-04
 7.19686e+01 2.02253e+04 7.65089e-09 -6.11289e-04
 8.96151e+01 2.09887e+04 8.59055e-09 -6.10807e-04
 1.11588e+02 2.17945e+04 9.67218e-09 -6.09700e-04
 1.38950e+02 2.26491e+04 1.09062e-08 -6.06990e-04
 1.73020e+02 2.35564e+04 1.23134e-08 -6.00004e-04
 2.15443e+02 2.45213e+04 1.39167e-08 -5.81563e-04
 2.68270e+02 2.55489e+04 1.57345e-08 -5.32102e-04
 3.34048e+02 2.66501e+04 1.77967e-08 -4.05111e-04
 4.15956e+02 2.78196e+04 2.01329e-08 -8.48716e-05
 5.17947e+02 2.90884e+04 2.27688e-08 +6.15582e-04
 6.44947e+02 3.05469e+04 2.57123e-08 +1.80231e-03
 8.03086e+02 3.13745e+04 2.95607e-08 +7.30469e-03
 1.00000e+03 3.47556e+04 3.16368e-08 +2.74485e-03
