#n1=128 n2=4 Teff=08200 R=3.6634e+13 L=4.3183e+39 logg=+0.00
#   tau          T          rho         Fconv
 0.00000e+00 4.50523e+03 1.72745e-21 +0.00000e+00
 1.00000e-09 4.50523e+03 3.82199e-21 +0.00000e+00
 1.24520e-09 4.50983e+03 4.34409e-21 +0.00000e+00
 1.55052e-09 4.51354e+03 4.99956e-21 +0.00000e+00
 1.93070e-09 4.51760e+03 5.82121e-21 +0.00000e+00
 2.40410e-09 4.52202e+03 6.85166e-21 +0.00000e+00
 2.99358e-09 4.52676e+03 8.14456e-21 +0.00000e+00
 3.72759e-09 4.53181e+03 9.76736e-21 +0.00000e+00
 4.64159e-09 4.53714e+03 1.18049e-20 +0.00000e+00
 5.77969e-09 4.54273e+03 1.43640e-20 +0.00000e+00
 7.19686e-09 4.54854e+03 1.75788e-20 +0.00000e+00
 8.96151e-09 4.55457e+03 2.16180e-20 +0.00000e+00
 1.11588e-08 4.56077e+03 2.66941e-20 +0.00000e+00
 1.38950e-08 4.56714e+03 3.30736e-20 +0.00000e+00
 1.73020e-08 4.57366e+03 4.10922e-20 +0.00000e+00
 2.15443e-08 4.58032e+03 5.11714e-20 +0.00000e+00
 2.68270e-08 4.58711e+03 6.38414e-20 +0.00000e+00
 3.34048e-08 4.59402e+03 7.97684e-20 +0.00000e+00
 4.15956e-08 4.60104e+03 9.97898e-20 +0.00000e+00
 5.17947e-08 4.60819e+03 1.24958e-19 +0.00000e+00
 6.44947e-08 4.61546e+03 1.56596e-19 +0.00000e+00
 8.03086e-08 4.62286e+03 1.96365e-19 +0.00000e+00
 1.00000e-07 4.63039e+03 2.46354e-19 +0.00000e+00
 1.24520e-07 4.63806e+03 3.09187e-19 +0.00000e+00
 1.55052e-07 4.64589e+03 3.88162e-19 +0.00000e+00
 1.93070e-07 4.65389e+03 4.87421e-19 +0.00000e+00
 2.40410e-07 4.66206e+03 6.12168e-19 +0.00000e+00
 2.99358e-07 4.67042e+03 7.68935e-19 +0.00000e+00
 3.72759e-07 4.67897e+03 9.65929e-19 +0.00000e+00
 4.64159e-07 4.68774e+03 1.21345e-18 +0.00000e+00
 5.77969e-07 4.69674e+03 1.52443e-18 +0.00000e+00
 7.19686e-07 4.70597e+03 1.91507e-18 +0.00000e+00
 8.96151e-07 4.71546e+03 2.40575e-18 +0.00000e+00
 1.11588e-06 4.72522e+03 3.02197e-18 +0.00000e+00
 1.38950e-06 4.73528e+03 3.79585e-18 +0.00000e+00
 1.73020e-06 4.74568e+03 4.76777e-18 +0.00000e+00
 2.15443e-06 4.75643e+03 5.98850e-18 +0.00000e+00
 2.68270e-06 4.76761e+03 7.52151e-18 +0.00000e+00
 3.34048e-06 4.77925e+03 9.44638e-18 +0.00000e+00
 4.15956e-06 4.79144e+03 1.18628e-17 +0.00000e+00
 5.17947e-06 4.80425e+03 1.48957e-17 +0.00000e+00
 6.44947e-06 4.81776e+03 1.87013e-17 +0.00000e+00
 8.03086e-06 4.83210e+03 2.34752e-17 +0.00000e+00
 1.00000e-05 4.84737e+03 2.94622e-17 +0.00000e+00
 1.24520e-05 4.86371e+03 3.69685e-17 +0.00000e+00
 1.55052e-05 4.88126e+03 4.63772e-17 +0.00000e+00
 1.93070e-05 4.90017e+03 5.81667e-17 +0.00000e+00
 2.40410e-05 4.92061e+03 7.29354e-17 +0.00000e+00
 2.99358e-05 4.94275e+03 9.14302e-17 +0.00000e+00
 3.72759e-05 4.96674e+03 1.14584e-16 +0.00000e+00
 4.64159e-05 4.99274e+03 1.43561e-16 +0.00000e+00
 5.77969e-05 5.02089e+03 1.79815e-16 +0.00000e+00
 7.19686e-05 5.05129e+03 2.25165e-16 +0.00000e+00
 8.96151e-05 5.08404e+03 2.81886e-16 +0.00000e+00
 1.11588e-04 5.11919e+03 3.52797e-16 +0.00000e+00
 1.38950e-04 5.15675e+03 4.41421e-16 +0.00000e+00
 1.73020e-04 5.19669e+03 5.52154e-16 +0.00000e+00
 2.15443e-04 5.23896e+03 6.90494e-16 +0.00000e+00
 2.68270e-04 5.28345e+03 8.63320e-16 +0.00000e+00
 3.34048e-04 5.33007e+03 1.07923e-15 +0.00000e+00
 4.15956e-04 5.37847e+03 1.34905e-15 +0.00000e+00
 5.17947e-04 5.42833e+03 1.68630e-15 +0.00000e+00
 6.44947e-04 5.47928e+03 2.10795e-15 +0.00000e+00
 8.03086e-04 5.53083e+03 2.63528e-15 +0.00000e+00
 1.00000e-03 5.58237e+03 3.29511e-15 +0.00000e+00
 1.24520e-03 5.63326e+03 4.12105e-15 -2.54863e-07
 1.55052e-03 5.68308e+03 5.15525e-15 -3.17355e-07
 1.93070e-03 5.73171e+03 6.45024e-15 -3.95167e-07
 2.40410e-03 5.77939e+03 8.07147e-15 -4.92064e-07
 2.99358e-03 5.82647e+03 1.01007e-14 -6.12718e-07
 3.72759e-03 5.87349e+03 1.26397e-14 -7.62950e-07
 4.64159e-03 5.92077e+03 1.58158e-14 -9.50027e-07
 5.77969e-03 5.96836e+03 1.97892e-14 -1.18297e-06
 7.19686e-03 6.01663e+03 2.47590e-14 -1.47303e-06
 8.96151e-03 6.06556e+03 3.09768e-14 -1.83421e-06
 1.11588e-02 6.11523e+03 3.87593e-14 -2.28396e-06
 1.38950e-02 6.16585e+03 4.85059e-14 -2.84398e-06
 1.73020e-02 6.21781e+03 6.07201e-14 -3.54131e-06
 2.15443e-02 6.27168e+03 7.60387e-14 -4.40962e-06
 2.68270e-02 6.32863e+03 9.52599e-14 -5.49087e-06
 3.34048e-02 6.38968e+03 1.19397e-13 -6.83722e-06
 4.15956e-02 6.45616e+03 1.49718e-13 -8.51365e-06
 5.17947e-02 6.52959e+03 1.87790e-13 -1.06012e-05
 6.44947e-02 6.61189e+03 2.35473e-13 -1.32005e-05
 8.03086e-02 6.70531e+03 2.94838e-13 -1.64415e-05
 1.00000e-01 6.81279e+03 3.67883e-13 -2.04585e-05
 1.24520e-01 6.93738e+03 4.56089e-13 -2.54906e-05
 1.55052e-01 7.08151e+03 5.59982e-13 -3.17382e-05
 1.93070e-01 7.24772e+03 6.78919e-13 -3.95046e-05
 2.40410e-01 7.43822e+03 8.11862e-13 -4.92541e-05
 2.99358e-01 7.65547e+03 9.58907e-13 -6.12639e-05
 3.72759e-01 7.90157e+03 1.12284e-12 -7.63895e-05
 4.64159e-01 8.17545e+03 1.31004e-12 -9.80094e-05
 5.77969e-01 8.47618e+03 1.52873e-12 -1.17629e-04
 7.19686e-01 8.80198e+03 1.78827e-12 -1.47303e-04
 8.96151e-01 9.10740e+03 2.10958e-12 -1.83421e-04
 1.11588e+00 9.41990e+03 2.49788e-12 -2.28396e-04
 1.38950e+00 9.75809e+03 2.96092e-12 -2.84398e-04
 1.73020e+00 1.01306e+04 3.51001e-12 -3.54131e-04
 2.15443e+00 1.05414e+04 4.15922e-12 -4.40962e-04
 2.68270e+00 1.09925e+04 4.92430e-12 -5.49087e-04
 3.34048e+00 1.14846e+04 5.82026e-12 -6.14030e-04
 4.15956e+00 1.20144e+04 6.85880e-12 -6.14030e-04
 5.17947e+00 1.25824e+04 8.04455e-12 -6.14049e-04
 6.44947e+00 1.31935e+04 9.39434e-12 -6.14049e-04
 8.03086e+00 1.38439e+04 1.09704e-11 -6.14049e-04
 1.00000e+01 1.45360e+04 1.28456e-11 -6.14030e-04
 1.24520e+01 1.52733e+04 1.50823e-11 -6.14030e-04
 1.55052e+01 1.61453e+04 1.76727e-11 -6.14030e-04
 1.93070e+01 1.65988e+04 2.12681e-11 -6.14030e-04
 2.40410e+01 1.80738e+04 2.42896e-11 -6.14030e-04
 2.99358e+01 1.86509e+04 2.92662e-11 -6.14030e-04
 3.72759e+01 1.97616e+04 3.43211e-11 -6.14030e-04
 4.64159e+01 2.08059e+04 4.05453e-11 -6.14030e-04
 5.77969e+01 2.19368e+04 4.78401e-11 -6.14030e-04
 7.19686e+01 2.31321e+04 5.64488e-11 -6.14030e-04
 8.96151e+01 2.44110e+04 6.65594e-11 -6.14030e-04
 1.11588e+02 2.57748e+04 7.84321e-11 -6.14030e-04
 1.38950e+02 2.72367e+04 9.23134e-11 -6.14030e-04
 1.73020e+02 2.88018e+04 1.08440e-10 -6.14030e-04
 2.15443e+02 3.04813e+04 1.26891e-10 -6.14030e-04
 2.68270e+02 3.22770e+04 1.47682e-10 -6.14030e-04
 3.34048e+02 3.41998e+04 1.71270e-10 -6.14030e-04
 4.15956e+02 3.62226e+04 1.99062e-10 -6.14030e-04
 5.17947e+02 3.83536e+04 2.32246e-10 -6.14030e-04
 6.44947e+02 4.05592e+04 2.72024e-10 -6.14030e-04
 8.03086e+02 4.27606e+04 3.19814e-10 -6.14030e-04
 1.00000e+03 4.55315e+04 3.72898e-10 -6.14030e-04
