#n1=128 n2=4 Teff=08400 R=6.2784e+11 L=1.3983e+36 logg=+3.00
#   tau          T          rho         Fconv
 0.00000e+00 5.15676e+03 1.51172e-21 +0.00000e+00
 1.00000e-09 5.15676e+03 4.93811e-18 +0.00000e+00
 1.24520e-09 5.15828e+03 6.15361e-18 +0.00000e+00
 1.55052e-09 5.15988e+03 7.66926e-18 +0.00000e+00
 1.93070e-09 5.16156e+03 9.55954e-18 +0.00000e+00
 2.40410e-09 5.16332e+03 1.19175e-17 +0.00000e+00
 2.99358e-09 5.16516e+03 1.48593e-17 +0.00000e+00
 3.72759e-09 5.16709e+03 1.85304e-17 +0.00000e+00
 4.64159e-09 5.16911e+03 2.31122e-17 +0.00000e+00
 5.77969e-09 5.17122e+03 2.88320e-17 +0.00000e+00
 7.19686e-09 5.17340e+03 3.59741e-17 +0.00000e+00
 8.96151e-09 5.17566e+03 4.48955e-17 +0.00000e+00
 1.11588e-08 5.17798e+03 5.60450e-17 +0.00000e+00
 1.38950e-08 5.18035e+03 6.99913e-17 +0.00000e+00
 1.73020e-08 5.18274e+03 8.74590e-17 +0.00000e+00
 2.15443e-08 5.18514e+03 1.09378e-16 +0.00000e+00
 2.68270e-08 5.18754e+03 1.36947e-16 +0.00000e+00
 3.34048e-08 5.18993e+03 1.71733e-16 +0.00000e+00
 4.15956e-08 5.19231e+03 2.15663e-16 +0.00000e+00
 5.17947e-08 5.19468e+03 2.70872e-16 +0.00000e+00
 6.44947e-08 5.19704e+03 3.40344e-16 +0.00000e+00
 8.03086e-08 5.19941e+03 4.27828e-16 +0.00000e+00
 1.00000e-07 5.20180e+03 5.38194e-16 +0.00000e+00
 1.24520e-07 5.20424e+03 6.77875e-16 +0.00000e+00
 1.55052e-07 5.20677e+03 8.55555e-16 +0.00000e+00
 1.93070e-07 5.20942e+03 1.08338e-15 +0.00000e+00
 2.40410e-07 5.21224e+03 1.37888e-15 +0.00000e+00
 2.99358e-07 5.21530e+03 1.76883e-15 +0.00000e+00
 3.72759e-07 5.21870e+03 2.29247e-15 +0.00000e+00
 4.64159e-07 5.22255e+03 2.99430e-15 +0.00000e+00
 5.77969e-07 5.22697e+03 3.91833e-15 +0.00000e+00
 7.19686e-07 5.23213e+03 5.14635e-15 +0.00000e+00
 8.96151e-07 5.23822e+03 6.78960e-15 +0.00000e+00
 1.11588e-06 5.24565e+03 9.00285e-15 +0.00000e+00
 1.38950e-06 5.25457e+03 1.19929e-14 +0.00000e+00
 1.73020e-06 5.26548e+03 1.60399e-14 +0.00000e+00
 2.15443e-06 5.27880e+03 2.15197e-14 +0.00000e+00
 2.68270e-06 5.29492e+03 2.89495e-14 +0.00000e+00
 3.34048e-06 5.31412e+03 3.90320e-14 +0.00000e+00
 4.15956e-06 5.33678e+03 5.27432e-14 +0.00000e+00
 5.17947e-06 5.36328e+03 7.14295e-14 +0.00000e+00
 6.44947e-06 5.39414e+03 9.69328e-14 +0.00000e+00
 8.03086e-06 5.42983e+03 1.31735e-13 +0.00000e+00
 1.00000e-05 5.47055e+03 1.79117e-13 +0.00000e+00
 1.24520e-05 5.51600e+03 2.43401e-13 +0.00000e+00
 1.55052e-05 5.56531e+03 3.30243e-13 +0.00000e+00
 1.93070e-05 5.61713e+03 4.46961e-13 +0.00000e+00
 2.40410e-05 5.66982e+03 6.03070e-13 +0.00000e+00
 2.99358e-05 5.72195e+03 8.11320e-13 +0.00000e+00
 3.72759e-05 5.77256e+03 1.08904e-12 +0.00000e+00
 4.64159e-05 5.82133e+03 1.45978e-12 +0.00000e+00
 5.77969e-05 5.86839e+03 1.95588e-12 +0.00000e+00
 7.19686e-05 5.91414e+03 2.62165e-12 +0.00000e+00
 8.96151e-05 5.95901e+03 3.51709e-12 +0.00000e+00
 1.11588e-04 6.00337e+03 4.72151e-12 +0.00000e+00
 1.38950e-04 6.04746e+03 6.33644e-12 +0.00000e+00
 1.73020e-04 6.09136e+03 8.48698e-12 +0.00000e+00
 2.15443e-04 6.13502e+03 1.13208e-11 +0.00000e+00
 2.68270e-04 6.17836e+03 1.50050e-11 +0.00000e+00
 3.34048e-04 6.22130e+03 1.97200e-11 +0.00000e+00
 4.15956e-04 6.26378e+03 2.56534e-11 +0.00000e+00
 5.17947e-04 6.30578e+03 3.29946e-11 +0.00000e+00
 6.44947e-04 6.34728e+03 4.19320e-11 +0.00000e+00
 8.03086e-04 6.38835e+03 5.26516e-11 +0.00000e+00
 1.00000e-03 6.42905e+03 6.53387e-11 +0.00000e+00
 1.24520e-03 6.46945e+03 8.01805e-11 -2.54572e-07
 1.55052e-03 6.50966e+03 9.73712e-11 -3.16993e-07
 1.93070e-03 6.54976e+03 1.17121e-10 -3.94717e-07
 2.40410e-03 6.58986e+03 1.39650e-10 -4.91502e-07
 2.99358e-03 6.63007e+03 1.65203e-10 -6.12017e-07
 3.72759e-03 6.67050e+03 1.94051e-10 -7.62083e-07
 4.64159e-03 6.71129e+03 2.26465e-10 -9.48942e-07
 5.77969e-03 6.75256e+03 2.62734e-10 -1.18162e-06
 7.19686e-03 6.79447e+03 3.03148e-10 -1.47135e-06
 8.96151e-03 6.83724e+03 3.47984e-10 -1.83212e-06
 1.11588e-02 6.88107e+03 3.97517e-10 -2.28135e-06
 1.38950e-02 6.92637e+03 4.51976e-10 -2.84073e-06
 1.73020e-02 6.97357e+03 5.11539e-10 -3.53727e-06
 2.15443e-02 7.02361e+03 5.76234e-10 -4.40462e-06
 2.68270e-02 7.07731e+03 6.45920e-10 -5.48458e-06
 3.34048e-02 7.13620e+03 7.20106e-10 -6.82941e-06
 4.15956e-02 7.20153e+03 7.97976e-10 -8.50394e-06
 5.17947e-02 7.27463e+03 8.78328e-10 -1.05891e-05
 6.44947e-02 7.35740e+03 9.59379e-10 -1.31855e-05
 8.03086e-02 7.45190e+03 1.03876e-09 -1.64186e-05
 1.00000e-01 7.56191e+03 1.11301e-09 -2.04443e-05
 1.24520e-01 7.69114e+03 1.17782e-09 -2.54572e-05
 1.55052e-01 7.84140e+03 1.22898e-09 -3.16993e-05
 1.93070e-01 8.01537e+03 1.26216e-09 -3.94717e-05
 2.40410e-01 8.21497e+03 1.27369e-09 -4.91502e-05
 2.99358e-01 8.44376e+03 1.26018e-09 -6.12010e-05
 3.72759e-01 8.70621e+03 1.21907e-09 -7.61899e-05
 4.64159e-01 8.99745e+03 1.15359e-09 -9.46062e-05
 5.77969e-01 9.31481e+03 1.07008e-09 -1.15338e-04
 7.19686e-01 9.66697e+03 9.74588e-10 -1.38177e-04
 8.96151e-01 9.91837e+03 9.18963e-10 -1.78098e-04
 1.11588e+00 1.01401e+04 8.79602e-10 -2.24925e-04
 1.38950e+00 1.03597e+04 8.48878e-10 -2.82185e-04
 1.73020e+00 1.05861e+04 8.25383e-10 -3.52787e-04
 2.15443e+00 1.08240e+04 8.08962e-10 -4.40061e-04
 2.68270e+00 1.10794e+04 7.99538e-10 -5.48312e-04
 3.34048e+00 1.13583e+04 7.97308e-10 -6.13289e-04
 4.15956e+00 1.16611e+04 8.03344e-10 -6.13320e-04
 5.17947e+00 1.19995e+04 8.17654e-10 -6.13328e-04
 6.44947e+00 1.23985e+04 8.39852e-10 -6.13331e-04
 8.03086e+00 1.28911e+04 8.69588e-10 -6.13331e-04
 1.00000e+01 1.48955e+04 8.36228e-10 -6.13331e-04
 1.24520e+01 1.51953e+04 9.36328e-10 -6.13331e-04
 1.55052e+01 1.56570e+04 1.03969e-09 -6.13331e-04
 1.93070e+01 1.61445e+04 1.15813e-09 -6.13331e-04
 2.40410e+01 1.66711e+04 1.29272e-09 -6.13331e-04
 2.99358e+01 1.72220e+04 1.44751e-09 -6.13331e-04
 3.72759e+01 1.78050e+04 1.62497e-09 -6.13331e-04
 4.64159e+01 1.84200e+04 1.82861e-09 -6.13331e-04
 5.77969e+01 1.90770e+04 2.06132e-09 -6.13328e-04
 7.19686e+01 1.97622e+04 2.32861e-09 -6.13328e-04
 8.96151e+01 2.04952e+04 2.63278e-09 -6.13328e-04
 1.11588e+02 2.12650e+04 2.98025e-09 -6.13320e-04
 1.38950e+02 2.20839e+04 3.37513e-09 -6.13306e-04
 1.73020e+02 2.29508e+04 3.82415e-09 -6.13264e-04
 2.15443e+02 2.38734e+04 4.33359e-09 -6.13122e-04
 2.68270e+02 2.48515e+04 4.91186e-09 -6.12690e-04
 3.34048e+02 2.59043e+04 5.56551e-09 -6.11407e-04
 4.15956e+02 2.70006e+04 6.31080e-09 -6.07344e-04
 5.17947e+02 2.82368e+04 7.14012e-09 -5.96983e-04
 6.44947e+02 2.94732e+04 8.09946e-09 -5.62383e-04
 8.03086e+02 3.08506e+04 9.16751e-09 -4.68415e-04
 1.00000e+03 3.25953e+04 1.03053e-08 -2.88400e-04
