#n1=128 n2=4 Teff=08800 R=1.1702e+12 L=5.8468e+36 logg=+2.50
#   tau          T          rho         Fconv
 0.00000e+00 5.81455e+03 1.33602e-21 +0.00000e+00
 1.00000e-09 5.81455e+03 1.32347e-18 +0.00000e+00
 1.24520e-09 5.77765e+03 1.65977e-18 +0.00000e+00
 1.55052e-09 5.75294e+03 2.07732e-18 +0.00000e+00
 1.93070e-09 5.73555e+03 2.59674e-18 +0.00000e+00
 2.40410e-09 5.72300e+03 3.24345e-18 +0.00000e+00
 2.99358e-09 5.71385e+03 4.04898e-18 +0.00000e+00
 3.72759e-09 5.70719e+03 5.05257e-18 +0.00000e+00
 4.64159e-09 5.70239e+03 6.30309e-18 +0.00000e+00
 5.77969e-09 5.69902e+03 7.86147e-18 +0.00000e+00
 7.19686e-09 5.69677e+03 9.80364e-18 +0.00000e+00
 8.96151e-09 5.69541e+03 1.22243e-17 +0.00000e+00
 1.11588e-08 5.69477e+03 1.52413e-17 +0.00000e+00
 1.38950e-08 5.69471e+03 1.90021e-17 +0.00000e+00
 1.73020e-08 5.69513e+03 2.36899e-17 +0.00000e+00
 2.15443e-08 5.69594e+03 2.95336e-17 +0.00000e+00
 2.68270e-08 5.69709e+03 3.68188e-17 +0.00000e+00
 3.34048e-08 5.69852e+03 4.59018e-17 +0.00000e+00
 4.15956e-08 5.70018e+03 5.72279e-17 +0.00000e+00
 5.17947e-08 5.70205e+03 7.13545e-17 +0.00000e+00
 6.44947e-08 5.70408e+03 8.89807e-17 +0.00000e+00
 8.03086e-08 5.70627e+03 1.10984e-16 +0.00000e+00
 1.00000e-07 5.70860e+03 1.38467e-16 +0.00000e+00
 1.24520e-07 5.71107e+03 1.72813e-16 +0.00000e+00
 1.55052e-07 5.71366e+03 2.15738e-16 +0.00000e+00
 1.93070e-07 5.71638e+03 2.69340e-16 +0.00000e+00
 2.40410e-07 5.71924e+03 3.36281e-16 +0.00000e+00
 2.99358e-07 5.72224e+03 4.19891e-16 +0.00000e+00
 3.72759e-07 5.72538e+03 5.24358e-16 +0.00000e+00
 4.64159e-07 5.72868e+03 6.54968e-16 +0.00000e+00
 5.77969e-07 5.73213e+03 8.18447e-16 +0.00000e+00
 7.19686e-07 5.73575e+03 1.02338e-15 +0.00000e+00
 8.96151e-07 5.73955e+03 1.28085e-15 +0.00000e+00
 1.11588e-06 5.74352e+03 1.60508e-15 +0.00000e+00
 1.38950e-06 5.74768e+03 2.01439e-15 +0.00000e+00
 1.73020e-06 5.75204e+03 2.53124e-15 +0.00000e+00
 2.15443e-06 5.75663e+03 3.18313e-15 +0.00000e+00
 2.68270e-06 5.76148e+03 4.00668e-15 +0.00000e+00
 3.34048e-06 5.76661e+03 5.04906e-15 +0.00000e+00
 4.15956e-06 5.77209e+03 6.37135e-15 +0.00000e+00
 5.17947e-06 5.77798e+03 8.05271e-15 +0.00000e+00
 6.44947e-06 5.78437e+03 1.01952e-14 +0.00000e+00
 8.03086e-06 5.79138e+03 1.29295e-14 +0.00000e+00
 1.00000e-05 5.79913e+03 1.64225e-14 +0.00000e+00
 1.24520e-05 5.80778e+03 2.08884e-14 +0.00000e+00
 1.55052e-05 5.81752e+03 2.66033e-14 +0.00000e+00
 1.93070e-05 5.82856e+03 3.39239e-14 +0.00000e+00
 2.40410e-05 5.84115e+03 4.33119e-14 +0.00000e+00
 2.99358e-05 5.85559e+03 5.53633e-14 +0.00000e+00
 3.72759e-05 5.87218e+03 7.08413e-14 +0.00000e+00
 4.64159e-05 5.89122e+03 9.07215e-14 +0.00000e+00
 5.77969e-05 5.91299e+03 1.16249e-13 +0.00000e+00
 7.19686e-05 5.93775e+03 1.49017e-13 +0.00000e+00
 8.96151e-05 5.96565e+03 1.91111e-13 +0.00000e+00
 1.11588e-04 5.99687e+03 2.45301e-13 +0.00000e+00
 1.38950e-04 6.03159e+03 3.15300e-13 +0.00000e+00
 1.73020e-04 6.07006e+03 4.06242e-13 +0.00000e+00
 2.15443e-04 6.11264e+03 5.25260e-13 +0.00000e+00
 2.68270e-04 6.15967e+03 6.82224e-13 +0.00000e+00
 3.34048e-04 6.21140e+03 8.90882e-13 +0.00000e+00
 4.15956e-04 6.26779e+03 1.17022e-12 +0.00000e+00
 5.17947e-04 6.32831e+03 1.54629e-12 +0.00000e+00
 6.44947e-04 6.39180e+03 2.05448e-12 +0.00000e+00
 8.03086e-04 6.45664e+03 2.74218e-12 +0.00000e+00
 1.00000e-03 6.52089e+03 3.67134e-12 +0.00000e+00
 1.24520e-03 6.58285e+03 4.92095e-12 -2.54759e-07
 1.55052e-03 6.64138e+03 6.58828e-12 -3.17224e-07
 1.93070e-03 6.69614e+03 8.78811e-12 -3.95009e-07
 2.40410e-03 6.74751e+03 1.16493e-11 -4.91862e-07
 2.99358e-03 6.79628e+03 1.53103e-11 -6.12467e-07
 3.72759e-03 6.84330e+03 1.99121e-11 -7.62641e-07
 4.64159e-03 6.88927e+03 2.55911e-11 -9.49637e-07
 5.77969e-03 6.93472e+03 3.24767e-11 -1.18249e-06
 7.19686e-03 6.98006e+03 4.06817e-11 -1.47243e-06
 8.96151e-03 7.02576e+03 5.03027e-11 -1.83346e-06
 1.11588e-02 7.07238e+03 6.14138e-11 -2.28303e-06
 1.38950e-02 7.12060e+03 7.40513e-11 -2.84282e-06
 1.73020e-02 7.17126e+03 8.82130e-11 -3.53987e-06
 2.15443e-02 7.22537e+03 1.03833e-10 -4.40784e-06
 2.68270e-02 7.28404e+03 1.20774e-10 -5.48862e-06
 3.34048e-02 7.34862e+03 1.38794e-10 -6.83441e-06
 4.15956e-02 7.42051e+03 1.57543e-10 -8.51018e-06
 5.17947e-02 7.50127e+03 1.76538e-10 -1.05969e-05
 6.44947e-02 7.59266e+03 1.95160e-10 -1.31952e-05
 8.03086e-02 7.69655e+03 2.12655e-10 -1.64306e-05
 1.00000e-01 7.81515e+03 2.28144e-10 -2.04593e-05
 1.24520e-01 7.95069e+03 2.40684e-10 -2.54759e-05
 1.55052e-01 8.10519e+03 2.49375e-10 -3.17224e-05
 1.93070e-01 8.28085e+03 2.53465e-10 -3.95009e-05
 2.40410e-01 8.47984e+03 2.52524e-10 -4.91862e-05
 2.99358e-01 8.70441e+03 2.46655e-10 -6.12467e-05
 3.72759e-01 8.95619e+03 2.36797e-10 -7.62641e-05
 4.64159e-01 9.23396e+03 2.24984e-10 -9.49637e-05
 5.77969e-01 9.53572e+03 2.13719e-10 -1.18248e-04
 7.19686e-01 9.86244e+03 2.04929e-10 -1.47243e-04
 8.96151e-01 1.02057e+04 2.00059e-10 -1.83346e-04
 1.11588e+00 1.05245e+04 2.00422e-10 -2.28303e-04
 1.38950e+00 1.08270e+04 2.04925e-10 -2.84282e-04
 1.73020e+00 1.11513e+04 2.12372e-10 -3.53987e-04
 2.15443e+00 1.15143e+04 2.22730e-10 -4.40784e-04
 2.68270e+00 1.19205e+04 2.36379e-10 -5.48862e-04
 3.34048e+00 1.25751e+04 2.50373e-10 -6.13779e-04
 4.15956e+00 1.30029e+04 2.74946e-10 -6.13779e-04
 5.17947e+00 1.34319e+04 3.04818e-10 -6.13779e-04
 6.44947e+00 1.38750e+04 3.40025e-10 -6.13779e-04
 8.03086e+00 1.43336e+04 3.80892e-10 -6.13779e-04
 1.00000e+01 1.48032e+04 4.27928e-10 -6.13779e-04
 1.24520e+01 1.52971e+04 4.81312e-10 -6.13779e-04
 1.55052e+01 1.58094e+04 5.42130e-10 -6.13779e-04
 1.93070e+01 1.63427e+04 6.11496e-10 -6.13779e-04
 2.40410e+01 1.69081e+04 6.90474e-10 -6.13779e-04
 2.99358e+01 1.75013e+04 7.80940e-10 -6.13779e-04
 3.72759e+01 1.81231e+04 8.84579e-10 -6.13779e-04
 4.64159e+01 1.87791e+04 1.00299e-09 -6.13779e-04
 5.77969e+01 1.94707e+04 1.13816e-09 -6.13779e-04
 7.19686e+01 2.01956e+04 1.29246e-09 -6.13779e-04
 8.96151e+01 2.09630e+04 1.46794e-09 -6.13779e-04
 1.11588e+02 2.17718e+04 1.66758e-09 -6.13779e-04
 1.38950e+02 2.26285e+04 1.89429e-09 -6.13779e-04
 1.73020e+02 2.35369e+04 2.15157e-09 -6.13773e-04
 2.15443e+02 2.45022e+04 2.44335e-09 -6.13762e-04
 2.68270e+02 2.55291e+04 2.77412e-09 -6.13720e-04
 3.34048e+02 2.66297e+04 3.14838e-09 -6.13597e-04
 4.15956e+02 2.78004e+04 3.57290e-09 -6.13220e-04
 5.17947e+02 2.90512e+04 4.05297e-09 -6.12049e-04
 6.44947e+02 3.05669e+04 4.58185e-09 -6.09220e-04
 8.03086e+02 3.13584e+04 5.28618e-09 -5.79624e-04
 1.00000e+03 3.43706e+04 5.71536e-09 -5.74003e-04
