#n1=128 n2=4 Teff=08800 R=1.1706e+12 L=5.8468e+36 logg=+2.50
#   tau          T          rho         Fconv
 0.00000e+00 5.14322e+03 1.53076e-21 +0.00000e+00
 1.00000e-09 5.14322e+03 1.53947e-18 +0.00000e+00
 1.24520e-09 5.14492e+03 1.91774e-18 +0.00000e+00
 1.55052e-09 5.14671e+03 2.38908e-18 +0.00000e+00
 1.93070e-09 5.14861e+03 2.97642e-18 +0.00000e+00
 2.40410e-09 5.15062e+03 3.70834e-18 +0.00000e+00
 2.99358e-09 5.15272e+03 4.62050e-18 +0.00000e+00
 3.72759e-09 5.15494e+03 5.75742e-18 +0.00000e+00
 4.64159e-09 5.15727e+03 7.17459e-18 +0.00000e+00
 5.77969e-09 5.15973e+03 8.94132e-18 +0.00000e+00
 7.19686e-09 5.16234e+03 1.11441e-17 +0.00000e+00
 8.96151e-09 5.16510e+03 1.38909e-17 +0.00000e+00
 1.11588e-08 5.16804e+03 1.73166e-17 +0.00000e+00
 1.38950e-08 5.17118e+03 2.15894e-17 +0.00000e+00
 1.73020e-08 5.17454e+03 2.69195e-17 +0.00000e+00
 2.15443e-08 5.17815e+03 3.35693e-17 +0.00000e+00
 2.68270e-08 5.18202e+03 4.18669e-17 +0.00000e+00
 3.34048e-08 5.18620e+03 5.22231e-17 +0.00000e+00
 4.15956e-08 5.19070e+03 6.51527e-17 +0.00000e+00
 5.17947e-08 5.19557e+03 8.13025e-17 +0.00000e+00
 6.44947e-08 5.20085e+03 1.01486e-16 +0.00000e+00
 8.03086e-08 5.20660e+03 1.26725e-16 +0.00000e+00
 1.00000e-07 5.21290e+03 1.58300e-16 +0.00000e+00
 1.24520e-07 5.21982e+03 1.97778e-16 +0.00000e+00
 1.55052e-07 5.22748e+03 2.47122e-16 +0.00000e+00
 1.93070e-07 5.23600e+03 3.08782e-16 +0.00000e+00
 2.40410e-07 5.24551e+03 3.85822e-16 +0.00000e+00
 2.99358e-07 5.25617e+03 4.82094e-16 +0.00000e+00
 3.72759e-07 5.26818e+03 6.02475e-16 +0.00000e+00
 4.64159e-07 5.28171e+03 7.53173e-16 +0.00000e+00
 5.77969e-07 5.29700e+03 9.42142e-16 +0.00000e+00
 7.19686e-07 5.31427e+03 1.17959e-15 +0.00000e+00
 8.96151e-07 5.33376e+03 1.47863e-15 +0.00000e+00
 1.11588e-06 5.35574e+03 1.85608e-15 +0.00000e+00
 1.38950e-06 5.38046e+03 2.33311e-15 +0.00000e+00
 1.73020e-06 5.40813e+03 2.93578e-15 +0.00000e+00
 2.15443e-06 5.43895e+03 3.69781e-15 +0.00000e+00
 2.68270e-06 5.47305e+03 4.66368e-15 +0.00000e+00
 3.34048e-06 5.51050e+03 5.89114e-15 +0.00000e+00
 4.15956e-06 5.55133e+03 7.45470e-15 +0.00000e+00
 5.17947e-06 5.59550e+03 9.44950e-15 +0.00000e+00
 6.44947e-06 5.64289e+03 1.19967e-14 +0.00000e+00
 8.03086e-06 5.69323e+03 1.52519e-14 +0.00000e+00
 1.00000e-05 5.74612e+03 1.94172e-14 +0.00000e+00
 1.24520e-05 5.80107e+03 2.47563e-14 +0.00000e+00
 1.55052e-05 5.85735e+03 3.16171e-14 +0.00000e+00
 1.93070e-05 5.91407e+03 4.04611e-14 +0.00000e+00
 2.40410e-05 5.97022e+03 5.18998e-14 +0.00000e+00
 2.99358e-05 6.02493e+03 6.67411e-14 +0.00000e+00
 3.72759e-05 6.07776e+03 8.60434e-14 +0.00000e+00
 4.64159e-05 6.12893e+03 1.11178e-13 +0.00000e+00
 5.77969e-05 6.17923e+03 1.43913e-13 +0.00000e+00
 7.19686e-05 6.22960e+03 1.86530e-13 +0.00000e+00
 8.96151e-05 6.28079e+03 2.41964e-13 +0.00000e+00
 1.11588e-04 6.33317e+03 3.14072e-13 +0.00000e+00
 1.38950e-04 6.38675e+03 4.07999e-13 +0.00000e+00
 1.73020e-04 6.44129e+03 5.30549e-13 +0.00000e+00
 2.15443e-04 6.49643e+03 6.90635e-13 +0.00000e+00
 2.68270e-04 6.55169e+03 8.99755e-13 +0.00000e+00
 3.34048e-04 6.60662e+03 1.17246e-12 +0.00000e+00
 4.15956e-04 6.66084e+03 1.52669e-12 +0.00000e+00
 5.17947e-04 6.71413e+03 1.98407e-12 +0.00000e+00
 6.44947e-04 6.76637e+03 2.57011e-12 +0.00000e+00
 8.03086e-04 6.81754e+03 3.31449e-12 +0.00000e+00
 1.00000e-03 6.86769e+03 4.25116e-12 +0.00000e+00
 1.24520e-03 6.91690e+03 5.41822e-12 -2.54933e-07
 1.55052e-03 6.96532e+03 6.85762e-12 -3.17441e-07
 1.93070e-03 7.01310e+03 8.61433e-12 -3.95279e-07
 2.40410e-03 7.06037e+03 1.07360e-11 -4.92198e-07
 2.99358e-03 7.10730e+03 1.32724e-11 -6.12885e-07
 3.72759e-03 7.15404e+03 1.62754e-11 -7.63162e-07
 4.64159e-03 7.20075e+03 1.97965e-11 -9.50286e-07
 5.77969e-03 7.24756e+03 2.38888e-11 -1.18330e-06
 7.19686e-03 7.29463e+03 2.86031e-11 -1.47343e-06
 8.96151e-03 7.34215e+03 3.39878e-11 -1.83472e-06
 1.11588e-02 7.39027e+03 4.00865e-11 -2.28459e-06
 1.38950e-02 7.43937e+03 4.69378e-11 -2.84476e-06
 1.73020e-02 7.48976e+03 5.45698e-11 -3.54229e-06
 2.15443e-02 7.54246e+03 6.29845e-11 -4.41085e-06
 2.68270e-02 7.59813e+03 7.21625e-11 -5.49237e-06
 3.34048e-02 7.65844e+03 8.20202e-11 -6.83908e-06
 4.15956e-02 7.72445e+03 9.24321e-11 -8.51599e-06
 5.17947e-02 7.79748e+03 1.03207e-10 -1.06041e-05
 6.44947e-02 7.87926e+03 1.14072e-10 -1.32042e-05
 8.03086e-02 7.97159e+03 1.24671e-10 -1.64418e-05
 1.00000e-01 8.07847e+03 1.34457e-10 -2.04733e-05
 1.24520e-01 8.20385e+03 1.42761e-10 -2.54933e-05
 1.55052e-01 8.34862e+03 1.49095e-10 -3.17441e-05
 1.93070e-01 8.51485e+03 1.53064e-10 -3.95276e-05
 2.40410e-01 8.70309e+03 1.54648e-10 -4.92198e-05
 2.99358e-01 8.91622e+03 1.54078e-10 -6.12885e-05
 3.72759e-01 9.15971e+03 1.51877e-10 -7.63162e-05
 4.64159e-01 9.42483e+03 1.49691e-10 -9.50286e-05
 5.77969e-01 9.70425e+03 1.48905e-10 -1.18330e-04
 7.19686e-01 1.00257e+04 1.49323e-10 -1.47343e-04
 8.96151e-01 1.03855e+04 1.51888e-10 -1.83472e-04
 1.11588e+00 1.07473e+04 1.57761e-10 -2.28459e-04
 1.38950e+00 1.11263e+04 1.66621e-10 -2.84476e-04
 1.73020e+00 1.15405e+04 1.78398e-10 -3.54229e-04
 2.15443e+00 1.19667e+04 1.93827e-10 -4.41085e-04
 2.68270e+00 1.23977e+04 2.13291e-10 -5.49237e-04
 3.34048e+00 1.28471e+04 2.36854e-10 -6.14199e-04
 4.15956e+00 1.33127e+04 2.64900e-10 -6.14199e-04
 5.17947e+00 1.37851e+04 2.97889e-10 -6.14199e-04
 6.44947e+00 1.42733e+04 3.35900e-10 -6.14199e-04
 8.03086e+00 1.47803e+04 3.79209e-10 -6.14199e-04
 1.00000e+01 1.52992e+04 4.28534e-10 -6.14199e-04
 1.24520e+01 1.58501e+04 4.84173e-10 -6.14199e-04
 1.55052e+01 1.64208e+04 5.47794e-10 -6.14199e-04
 1.93070e+01 1.70133e+04 6.20718e-10 -6.14199e-04
 2.40410e+01 1.76428e+04 7.03911e-10 -6.14199e-04
 2.99358e+01 1.83019e+04 7.99279e-10 -6.14199e-04
 3.72759e+01 1.89904e+04 9.08467e-10 -6.14199e-04
 4.64159e+01 1.97178e+04 1.03289e-09 -6.14199e-04
 5.77969e+01 2.04859e+04 1.17460e-09 -6.14199e-04
 7.19686e+01 2.12909e+04 1.33614e-09 -6.14199e-04
 8.96151e+01 2.21410e+04 1.51974e-09 -6.14199e-04
 1.11588e+02 2.30318e+04 1.72869e-09 -6.14199e-04
 1.38950e+02 2.39662e+04 1.96621e-09 -6.14199e-04
 1.73020e+02 2.49475e+04 2.23593e-09 -6.14199e-04
 2.15443e+02 2.59811e+04 2.54181e-09 -6.14196e-04
 2.68270e+02 2.70769e+04 2.88800e-09 -6.14187e-04
 3.34048e+02 2.82489e+04 3.27898e-09 -6.14160e-04
 4.15956e+02 2.95053e+04 3.72034e-09 -6.14063e-04
 5.17947e+02 3.08906e+04 4.21482e-09 -6.13722e-04
 6.44947e+02 3.23583e+04 4.77573e-09 -6.12116e-04
 8.03086e+02 3.40159e+04 5.39543e-09 -6.03125e-04
 1.00000e+03 3.60266e+04 6.05660e-09 -5.43394e-04
