#n1=128 n2=4 Teff=08800 R=6.5785e+11 L=1.8488e+36 logg=+3.00
#   tau          T          rho         Fconv
 0.00000e+00 5.76045e+03 1.34690e-21 +0.00000e+00
 1.00000e-09 5.76045e+03 4.37263e-18 +0.00000e+00
 1.24520e-09 5.75124e+03 5.45639e-18 +0.00000e+00
 1.55052e-09 5.74438e+03 6.80623e-18 +0.00000e+00
 1.93070e-09 5.73932e+03 8.48764e-18 +0.00000e+00
 2.40410e-09 5.73564e+03 1.05823e-17 +0.00000e+00
 2.99358e-09 5.73307e+03 1.31918e-17 +0.00000e+00
 3.72759e-09 5.73136e+03 1.64432e-17 +0.00000e+00
 4.64159e-09 5.73036e+03 2.04944e-17 +0.00000e+00
 5.77969e-09 5.72993e+03 2.55425e-17 +0.00000e+00
 7.19686e-09 5.72997e+03 3.18335e-17 +0.00000e+00
 8.96151e-09 5.73040e+03 3.96736e-17 +0.00000e+00
 1.11588e-08 5.73115e+03 4.94450e-17 +0.00000e+00
 1.38950e-08 5.73216e+03 6.16242e-17 +0.00000e+00
 1.73020e-08 5.73339e+03 7.68056e-17 +0.00000e+00
 2.15443e-08 5.73481e+03 9.57311e-17 +0.00000e+00
 2.68270e-08 5.73638e+03 1.19328e-16 +0.00000e+00
 3.34048e-08 5.73809e+03 1.48757e-16 +0.00000e+00
 4.15956e-08 5.73991e+03 1.85475e-16 +0.00000e+00
 5.17947e-08 5.74185e+03 2.31318e-16 +0.00000e+00
 6.44947e-08 5.74390e+03 2.88597e-16 +0.00000e+00
 8.03086e-08 5.74605e+03 3.60228e-16 +0.00000e+00
 1.00000e-07 5.74831e+03 4.49857e-16 +0.00000e+00
 1.24520e-07 5.75067e+03 5.61931e-16 +0.00000e+00
 1.55052e-07 5.75314e+03 7.01964e-16 +0.00000e+00
 1.93070e-07 5.75572e+03 8.76961e-16 +0.00000e+00
 2.40410e-07 5.75840e+03 1.09573e-15 +0.00000e+00
 2.99358e-07 5.76117e+03 1.36943e-15 +0.00000e+00
 3.72759e-07 5.76403e+03 1.71230e-15 +0.00000e+00
 4.64159e-07 5.76697e+03 2.14273e-15 +0.00000e+00
 5.77969e-07 5.76998e+03 2.68482e-15 +0.00000e+00
 7.19686e-07 5.77305e+03 3.37066e-15 +0.00000e+00
 8.96151e-07 5.77618e+03 4.24402e-15 +0.00000e+00
 1.11588e-06 5.77939e+03 5.36239e-15 +0.00000e+00
 1.38950e-06 5.78270e+03 6.78502e-15 +0.00000e+00
 1.73020e-06 5.78612e+03 8.59471e-15 +0.00000e+00
 2.15443e-06 5.78969e+03 1.09044e-14 +0.00000e+00
 2.68270e-06 5.79345e+03 1.38633e-14 +0.00000e+00
 3.34048e-06 5.79747e+03 1.76687e-14 +0.00000e+00
 4.15956e-06 5.80181e+03 2.25809e-14 +0.00000e+00
 5.17947e-06 5.80660e+03 2.89384e-14 +0.00000e+00
 6.44947e-06 5.81196e+03 3.71810e-14 +0.00000e+00
 8.03086e-06 5.81805e+03 4.78800e-14 +0.00000e+00
 1.00000e-05 5.82516e+03 6.17917e-14 +0.00000e+00
 1.24520e-05 5.83340e+03 7.99002e-14 +0.00000e+00
 1.55052e-05 5.84314e+03 1.03511e-13 +0.00000e+00
 1.93070e-05 5.85475e+03 1.34333e-13 +0.00000e+00
 2.40410e-05 5.86860e+03 1.74615e-13 +0.00000e+00
 2.99358e-05 5.88508e+03 2.27268e-13 +0.00000e+00
 3.72759e-05 5.90436e+03 2.96097e-13 +0.00000e+00
 4.64159e-05 5.92664e+03 3.86064e-13 +0.00000e+00
 5.77969e-05 5.95208e+03 5.03839e-13 +0.00000e+00
 7.19686e-05 5.98085e+03 6.58425e-13 +0.00000e+00
 8.96151e-05 6.01328e+03 8.62213e-13 +0.00000e+00
 1.11588e-04 6.04985e+03 1.13238e-12 +0.00000e+00
 1.38950e-04 6.09107e+03 1.49271e-12 +0.00000e+00
 1.73020e-04 6.13732e+03 1.97589e-12 +0.00000e+00
 2.15443e-04 6.18865e+03 2.62642e-12 +0.00000e+00
 2.68270e-04 6.24465e+03 3.50379e-12 +0.00000e+00
 3.34048e-04 6.30432e+03 4.68639e-12 +0.00000e+00
 4.15956e-04 6.36622e+03 6.27563e-12 +0.00000e+00
 5.17947e-04 6.42863e+03 8.39980e-12 +0.00000e+00
 6.44947e-04 6.48989e+03 1.12161e-11 +0.00000e+00
 8.03086e-04 6.54878e+03 1.49100e-11 +0.00000e+00
 1.00000e-03 6.60463e+03 1.96924e-11 +0.00000e+00
 1.24520e-03 6.65735e+03 2.57925e-11 -2.54619e-07
 1.55052e-03 6.70724e+03 3.34488e-11 -3.17050e-07
 1.93070e-03 6.75479e+03 4.29050e-11 -3.94792e-07
 2.40410e-03 6.80055e+03 5.43968e-11 -4.91592e-07
 2.99358e-03 6.84502e+03 6.81588e-11 -6.12130e-07
 3.72759e-03 6.88864e+03 8.44222e-11 -7.62221e-07
 4.64159e-03 6.93179e+03 1.03403e-10 -9.49114e-07
 5.77969e-03 6.97482e+03 1.25314e-10 -1.18184e-06
 7.19686e-03 7.01811e+03 1.50355e-10 -1.47162e-06
 8.96151e-03 7.06208e+03 1.78701e-10 -1.83246e-06
 1.11588e-02 7.10721e+03 2.10507e-10 -2.28177e-06
 1.38950e-02 7.15411e+03 2.45867e-10 -2.84125e-06
 1.73020e-02 7.20350e+03 2.84814e-10 -3.53793e-06
 2.15443e-02 7.25630e+03 3.27259e-10 -4.40541e-06
 2.68270e-02 7.31357e+03 3.72962e-10 -5.48560e-06
 3.34048e-02 7.37665e+03 4.21448e-10 -6.83065e-06
 4.15956e-02 7.44691e+03 4.71980e-10 -8.50550e-06
 5.17947e-02 7.52594e+03 5.23505e-10 -1.05910e-05
 6.44947e-02 7.61555e+03 5.74596e-10 -1.31879e-05
 8.03086e-02 7.71776e+03 6.23435e-10 -1.64215e-05
 1.00000e-01 7.83512e+03 6.67767e-10 -2.04481e-05
 1.24520e-01 7.97011e+03 7.05049e-10 -2.54619e-05
 1.55052e-01 8.12464e+03 7.32758e-10 -3.17050e-05
 1.93070e-01 8.30075e+03 7.48559e-10 -3.94792e-05
 2.40410e-01 8.50025e+03 7.50650e-10 -4.91592e-05
 2.99358e-01 8.72520e+03 7.38034e-10 -6.12127e-05
 3.72759e-01 8.97724e+03 7.11174e-10 -7.62189e-05
 4.64159e-01 9.25448e+03 6.73392e-10 -9.48917e-05
 5.77969e-01 9.55494e+03 6.30152e-10 -1.18120e-04
 7.19686e-01 9.88214e+03 5.86992e-10 -1.47084e-04
 8.96151e-01 1.02280e+04 5.51117e-10 -1.83219e-04
 1.11588e+00 1.05397e+04 5.31391e-10 -2.28173e-04
 1.38950e+00 1.08297e+04 5.23363e-10 -2.84125e-04
 1.73020e+00 1.11456e+04 5.21431e-10 -3.53793e-04
 2.15443e+00 1.15059e+04 5.25046e-10 -4.40541e-04
 2.68270e+00 1.19094e+04 5.35333e-10 -5.48560e-04
 3.34048e+00 1.26123e+04 5.42112e-10 -6.13442e-04
 4.15956e+00 1.30412e+04 5.74969e-10 -6.13442e-04
 5.17947e+00 1.34726e+04 6.18437e-10 -6.13442e-04
 6.44947e+00 1.39170e+04 6.72758e-10 -6.13442e-04
 8.03086e+00 1.43756e+04 7.38644e-10 -6.13442e-04
 1.00000e+01 1.48436e+04 8.17041e-10 -6.13442e-04
 1.24520e+01 1.53350e+04 9.07953e-10 -6.13442e-04
 1.55052e+01 1.58436e+04 1.01292e-09 -6.13442e-04
 1.93070e+01 1.63721e+04 1.13338e-09 -6.13442e-04
 2.40410e+01 1.69328e+04 1.27076e-09 -6.13442e-04
 2.99358e+01 1.75212e+04 1.42840e-09 -6.13442e-04
 3.72759e+01 1.81383e+04 1.60941e-09 -6.13442e-04
 4.64159e+01 1.87901e+04 1.81669e-09 -6.13442e-04
 5.77969e+01 1.94779e+04 2.05385e-09 -6.13442e-04
 7.19686e+01 2.01992e+04 2.32510e-09 -6.13442e-04
 8.96151e+01 2.09634e+04 2.63393e-09 -6.13439e-04
 1.11588e+02 2.17692e+04 2.98559e-09 -6.13436e-04
 1.38950e+02 2.26231e+04 3.38506e-09 -6.13418e-04
 1.73020e+02 2.35290e+04 3.83841e-09 -6.13374e-04
 2.15443e+02 2.44918e+04 4.35247e-09 -6.13227e-04
 2.68270e+02 2.55163e+04 4.93499e-09 -6.12783e-04
 3.34048e+02 2.66143e+04 5.59384e-09 -6.11468e-04
 4.15956e+02 2.77808e+04 6.34091e-09 -6.07559e-04
 5.17947e+02 2.90376e+04 7.18217e-09 -5.96416e-04
 6.44947e+02 3.05229e+04 8.11565e-09 -5.71219e-04
 8.03086e+02 3.13207e+04 9.34914e-09 -3.36158e-04
 1.00000e+03 3.45036e+04 1.00558e-08 -4.38206e-04
