#n1=128 n2=4 Teff=08600 R=9.6531e+10 L=3.6315e+34 logg=+4.50
#   tau          T          rho         Fconv
 0.00000e+00 6.45860e+03 1.18293e-21 +0.00000e+00
 1.00000e-09 6.45860e+03 1.28783e-16 +0.00000e+00
 1.24520e-09 6.44724e+03 1.61115e-16 +0.00000e+00
 1.55052e-09 6.43776e+03 2.01591e-16 +0.00000e+00
 1.93070e-09 6.42997e+03 2.52269e-16 +0.00000e+00
 2.40410e-09 6.42365e+03 3.15727e-16 +0.00000e+00
 2.99358e-09 6.41857e+03 3.95210e-16 +0.00000e+00
 3.72759e-09 6.41451e+03 4.94820e-16 +0.00000e+00
 4.64159e-09 6.41129e+03 6.19799e-16 +0.00000e+00
 5.77969e-09 6.40875e+03 7.76947e-16 +0.00000e+00
 7.19686e-09 6.40674e+03 9.75268e-16 +0.00000e+00
 8.96151e-09 6.40513e+03 1.22685e-15 +0.00000e+00
 1.11588e-08 6.40382e+03 1.54796e-15 +0.00000e+00
 1.38950e-08 6.40272e+03 1.96033e-15 +0.00000e+00
 1.73020e-08 6.40171e+03 2.48944e-15 +0.00000e+00
 2.15443e-08 6.40067e+03 3.16196e-15 +0.00000e+00
 2.68270e-08 6.39949e+03 4.01944e-15 +0.00000e+00
 3.34048e-08 6.39811e+03 5.11626e-15 +0.00000e+00
 4.15956e-08 6.39643e+03 6.52767e-15 +0.00000e+00
 5.17947e-08 6.39443e+03 8.36304e-15 +0.00000e+00
 6.44947e-08 6.39211e+03 1.07907e-14 +0.00000e+00
 8.03086e-08 6.38962e+03 1.40888e-14 +0.00000e+00
 1.00000e-07 6.38740e+03 1.87483e-14 +0.00000e+00
 1.24520e-07 6.38624e+03 2.56173e-14 +0.00000e+00
 1.55052e-07 6.38596e+03 3.55926e-14 +0.00000e+00
 1.93070e-07 6.38379e+03 4.94637e-14 +0.00000e+00
 2.40410e-07 6.38069e+03 6.88619e-14 +0.00000e+00
 2.99358e-07 6.37715e+03 9.60976e-14 +0.00000e+00
 3.72759e-07 6.37333e+03 1.34483e-13 +0.00000e+00
 4.64159e-07 6.36932e+03 1.88727e-13 +0.00000e+00
 5.77969e-07 6.36510e+03 2.65440e-13 +0.00000e+00
 7.19686e-07 6.36063e+03 3.73800e-13 +0.00000e+00
 8.96151e-07 6.35603e+03 5.26585e-13 +0.00000e+00
 1.11588e-06 6.35161e+03 7.41595e-13 +0.00000e+00
 1.38950e-06 6.34775e+03 1.04348e-12 +0.00000e+00
 1.73020e-06 6.34485e+03 1.46613e-12 +0.00000e+00
 2.15443e-06 6.34352e+03 2.05552e-12 +0.00000e+00
 2.68270e-06 6.34428e+03 2.87358e-12 +0.00000e+00
 3.34048e-06 6.34739e+03 4.00154e-12 +0.00000e+00
 4.15956e-06 6.35283e+03 5.54039e-12 +0.00000e+00
 5.17947e-06 6.35984e+03 7.61223e-12 +0.00000e+00
 6.44947e-06 6.36883e+03 1.03548e-11 +0.00000e+00
 8.03086e-06 6.37855e+03 1.39269e-11 +0.00000e+00
 1.00000e-05 6.38999e+03 1.84993e-11 +0.00000e+00
 1.24520e-05 6.40235e+03 2.42671e-11 +0.00000e+00
 1.55052e-05 6.41547e+03 3.14454e-11 +0.00000e+00
 1.93070e-05 6.42932e+03 4.02738e-11 +0.00000e+00
 2.40410e-05 6.44374e+03 5.10211e-11 +0.00000e+00
 2.99358e-05 6.45876e+03 6.39830e-11 +0.00000e+00
 3.72759e-05 6.47422e+03 7.94903e-11 +0.00000e+00
 4.64159e-05 6.49007e+03 9.79111e-11 +0.00000e+00
 5.77969e-05 6.50610e+03 1.19665e-10 +0.00000e+00
 7.19686e-05 6.52290e+03 1.45195e-10 +0.00000e+00
 8.96151e-05 6.53943e+03 1.75057e-10 +0.00000e+00
 1.11588e-04 6.55537e+03 2.09898e-10 +0.00000e+00
 1.38950e-04 6.57115e+03 2.50427e-10 +0.00000e+00
 1.73020e-04 6.58673e+03 2.97476e-10 +0.00000e+00
 2.15443e-04 6.60211e+03 3.52010e-10 +0.00000e+00
 2.68270e-04 6.61729e+03 4.15149e-10 +0.00000e+00
 3.34048e-04 6.63232e+03 4.88174e-10 +0.00000e+00
 4.15956e-04 6.64726e+03 5.72563e-10 +0.00000e+00
 5.17947e-04 6.66217e+03 6.70012e-10 +0.00000e+00
 6.44947e-04 6.67709e+03 7.82502e-10 +0.00000e+00
 8.03086e-04 6.69213e+03 9.12203e-10 +0.00000e+00
 1.00000e-03 6.70733e+03 1.06167e-09 +0.00000e+00
 1.24520e-03 6.72277e+03 1.23379e-09 -2.54588e-07
 1.55052e-03 6.73850e+03 1.43181e-09 -3.17012e-07
 1.93070e-03 6.75463e+03 1.65933e-09 -3.94742e-07
 2.40410e-03 6.77126e+03 1.92043e-09 -4.91531e-07
 2.99358e-03 6.78855e+03 2.21949e-09 -6.12055e-07
 3.72759e-03 6.80663e+03 2.56134e-09 -7.62128e-07
 4.64159e-03 6.82576e+03 2.95122e-09 -9.49002e-07
 5.77969e-03 6.84617e+03 3.39480e-09 -1.18169e-06
 7.19686e-03 6.86818e+03 3.89797e-09 -1.47144e-06
 8.96151e-03 6.89215e+03 4.46673e-09 -1.83223e-06
 1.11588e-02 6.91851e+03 5.10697e-09 -2.28149e-06
 1.38950e-02 6.94779e+03 5.82427e-09 -2.84090e-06
 1.73020e-02 6.98060e+03 6.62340e-09 -3.53750e-06
 2.15443e-02 7.01765e+03 7.50793e-09 -4.40488e-06
 2.68270e-02 7.05979e+03 8.47932e-09 -5.48494e-06
 3.34048e-02 7.10803e+03 9.53627e-09 -6.82984e-06
 4.15956e-02 7.16354e+03 1.06738e-08 -8.50446e-06
 5.17947e-02 7.22769e+03 1.18817e-08 -1.05898e-05
 6.44947e-02 7.30210e+03 1.31438e-08 -1.31863e-05
 8.03086e-02 7.38868e+03 1.44366e-08 -1.64196e-05
 1.00000e-01 7.48971e+03 1.57280e-08 -2.04456e-05
 1.24520e-01 7.60780e+03 1.69777e-08 -2.54588e-05
 1.55052e-01 7.74603e+03 1.81365e-08 -3.17009e-05
 1.93070e-01 7.90787e+03 1.91482e-08 -3.94742e-05
 2.40410e-01 8.09698e+03 1.99531e-08 -4.91528e-05
 2.99358e-01 8.31712e+03 2.04924e-08 -6.11958e-05
 3.72759e-01 8.57138e+03 2.07156e-08 -7.59774e-05
 4.64159e-01 8.86097e+03 2.05902e-08 -8.95179e-05
 5.77969e-01 9.18393e+03 2.01115e-08 -8.87782e-06
 7.19686e-01 9.53289e+03 1.93135e-08 +1.27006e-03
 8.96151e-01 9.84784e+03 1.84834e-08 +5.24824e-03
 1.11588e+00 1.00763e+04 1.79262e-08 +8.43391e-03
 1.38950e+00 1.02787e+04 1.74477e-08 +1.39640e-02
 1.73020e+00 1.04717e+04 1.69974e-08 +2.11559e-02
 2.15443e+00 1.06643e+04 1.65504e-08 +2.97524e-02
 2.68270e+00 1.08632e+04 1.60884e-08 +4.03106e-02
 3.34048e+00 1.10720e+04 1.56075e-08 +4.89838e-02
 4.15956e+00 1.12858e+04 1.51430e-08 +5.27884e-02
 5.17947e+00 1.15089e+04 1.46937e-08 +5.54553e-02
 6.44947e+00 1.17481e+04 1.42540e-08 +5.71491e-02
 8.03086e+00 1.20136e+04 1.38158e-08 +5.77402e-02
 1.00000e+01 1.23235e+04 1.33619e-08 +5.68138e-02
 1.24520e+01 1.27092e+04 1.28733e-08 +5.36980e-02
 1.55052e+01 1.32439e+04 1.23097e-08 +4.42661e-02
 1.93070e+01 1.41333e+04 1.15851e-08 +1.75456e-02
 2.40410e+01 1.67600e+04 1.00992e-08 -5.92018e-04
 2.99358e+01 1.72644e+04 1.06852e-08 -5.74513e-04
 3.72759e+01 1.78271e+04 1.14003e-08 -5.42461e-04
 4.64159e+01 1.84284e+04 1.22754e-08 -4.96087e-04
 5.77969e+01 1.90677e+04 1.33282e-08 -4.48217e-04
 7.19686e+01 1.97423e+04 1.45956e-08 -4.10877e-04
 8.96151e+01 2.04602e+04 1.60899e-08 -3.82018e-04
 1.11588e+02 2.12201e+04 1.78514e-08 -3.41626e-04
 1.38950e+02 2.20274e+04 1.98972e-08 -2.58231e-04
 1.73020e+02 2.28860e+04 2.22689e-08 -8.49053e-05
 2.15443e+02 2.38005e+04 2.49894e-08 +2.80276e-04
 2.68270e+02 2.47756e+04 2.81116e-08 +1.01190e-03
 3.34048e+02 2.58228e+04 3.16717e-08 +2.37009e-03
 4.15956e+02 2.69383e+04 3.57147e-08 +4.69547e-03
 5.17947e+02 2.81260e+04 4.03237e-08 +8.12797e-03
 6.44947e+02 2.95954e+04 4.53770e-08 +1.10899e-02
 8.03086e+02 3.02204e+04 5.23610e-08 +2.26158e-02
 1.00000e+03 3.51439e+04 5.41127e-08 +3.69688e-03
