#n1=128 n2=4 Teff=08200 R=8.9776e+12 L=2.5909e+38 logg=+1.00
#   tau          T          rho         Fconv
 0.00000e+00 5.44820e+03 1.42769e-21 +0.00000e+00
 1.00000e-09 5.44820e+03 3.57928e-20 +0.00000e+00
 1.24520e-09 5.27410e+03 4.58564e-20 +0.00000e+00
 1.55052e-09 5.21440e+03 5.76113e-20 +0.00000e+00
 1.93070e-09 5.18499e+03 7.20551e-20 +0.00000e+00
 2.40410e-09 5.16835e+03 8.99903e-20 +0.00000e+00
 2.99358e-09 5.15834e+03 1.12338e-19 +0.00000e+00
 3.72759e-09 5.15223e+03 1.40221e-19 +0.00000e+00
 4.64159e-09 5.14862e+03 1.75034e-19 +0.00000e+00
 5.77969e-09 5.14675e+03 2.18512e-19 +0.00000e+00
 7.19686e-09 5.14612e+03 2.72822e-19 +0.00000e+00
 8.96151e-09 5.14643e+03 3.40671e-19 +0.00000e+00
 1.11588e-08 5.14747e+03 4.25438e-19 +0.00000e+00
 1.38950e-08 5.14909e+03 5.31353e-19 +0.00000e+00
 1.73020e-08 5.15117e+03 6.63697e-19 +0.00000e+00
 2.15443e-08 5.15363e+03 8.29079e-19 +0.00000e+00
 2.68270e-08 5.15641e+03 1.03576e-18 +0.00000e+00
 3.34048e-08 5.15945e+03 1.29407e-18 +0.00000e+00
 4.15956e-08 5.16272e+03 1.61695e-18 +0.00000e+00
 5.17947e-08 5.16618e+03 2.02059e-18 +0.00000e+00
 6.44947e-08 5.16981e+03 2.52527e-18 +0.00000e+00
 8.03086e-08 5.17359e+03 3.15645e-18 +0.00000e+00
 1.00000e-07 5.17750e+03 3.94602e-18 +0.00000e+00
 1.24520e-07 5.18154e+03 4.93395e-18 +0.00000e+00
 1.55052e-07 5.18570e+03 6.17019e-18 +0.00000e+00
 1.93070e-07 5.18997e+03 7.71703e-18 +0.00000e+00
 2.40410e-07 5.19437e+03 9.65226e-18 +0.00000e+00
 2.99358e-07 5.19890e+03 1.20734e-17 +0.00000e+00
 3.72759e-07 5.20356e+03 1.51025e-17 +0.00000e+00
 4.64159e-07 5.20837e+03 1.88928e-17 +0.00000e+00
 5.77969e-07 5.21334e+03 2.36368e-17 +0.00000e+00
 7.19686e-07 5.21848e+03 2.95766e-17 +0.00000e+00
 8.96151e-07 5.22379e+03 3.70156e-17 +0.00000e+00
 1.11588e-06 5.22931e+03 4.63340e-17 +0.00000e+00
 1.38950e-06 5.23503e+03 5.80060e-17 +0.00000e+00
 1.73020e-06 5.24097e+03 7.26265e-17 +0.00000e+00
 2.15443e-06 5.24714e+03 9.09544e-17 +0.00000e+00
 2.68270e-06 5.25357e+03 1.14000e-16 +0.00000e+00
 3.34048e-06 5.26026e+03 1.43005e-16 +0.00000e+00
 4.15956e-06 5.26725e+03 1.79532e-16 +0.00000e+00
 5.17947e-06 5.27457e+03 2.25577e-16 +0.00000e+00
 6.44947e-06 5.28228e+03 2.83689e-16 +0.00000e+00
 8.03086e-06 5.29041e+03 3.57121e-16 +0.00000e+00
 1.00000e-05 5.29906e+03 4.50013e-16 +0.00000e+00
 1.24520e-05 5.30829e+03 5.67619e-16 +0.00000e+00
 1.55052e-05 5.31822e+03 7.16603e-16 +0.00000e+00
 1.93070e-05 5.32896e+03 9.05463e-16 +0.00000e+00
 2.40410e-05 5.34064e+03 1.14505e-15 +0.00000e+00
 2.99358e-05 5.35342e+03 1.44928e-15 +0.00000e+00
 3.72759e-05 5.36749e+03 1.83615e-15 +0.00000e+00
 4.64159e-05 5.38303e+03 2.32895e-15 +0.00000e+00
 5.77969e-05 5.40029e+03 2.95760e-15 +0.00000e+00
 7.19686e-05 5.41948e+03 3.76072e-15 +0.00000e+00
 8.96151e-05 5.44086e+03 4.78782e-15 +0.00000e+00
 1.11588e-04 5.46466e+03 6.10213e-15 +0.00000e+00
 1.38950e-04 5.49110e+03 7.78433e-15 +0.00000e+00
 1.73020e-04 5.52036e+03 9.93741e-15 +0.00000e+00
 2.15443e-04 5.55259e+03 1.26902e-14 +0.00000e+00
 2.68270e-04 5.58786e+03 1.62065e-14 +0.00000e+00
 3.34048e-04 5.62620e+03 2.06989e-14 +0.00000e+00
 4.15956e-04 5.66758e+03 2.64408e-14 +0.00000e+00
 5.17947e-04 5.71192e+03 3.37859e-14 +0.00000e+00
 6.44947e-04 5.75906e+03 4.31966e-14 +0.00000e+00
 8.03086e-04 5.80879e+03 5.52786e-14 +0.00000e+00
 1.00000e-03 5.86067e+03 7.08365e-14 +0.00000e+00
 1.24520e-03 5.91412e+03 9.09452e-14 -2.55106e-07
 1.55052e-03 5.96834e+03 1.17072e-13 -3.17657e-07
 1.93070e-03 6.02241e+03 1.51298e-13 -3.95544e-07
 2.40410e-03 6.07562e+03 1.96631e-13 -4.92534e-07
 2.99358e-03 6.12758e+03 2.57417e-13 -6.13302e-07
 3.72759e-03 6.17829e+03 3.39919e-13 -7.63678e-07
 4.64159e-03 6.22807e+03 4.53086e-13 -9.50933e-07
 5.77969e-03 6.27737e+03 6.09443e-13 -1.18410e-06
 7.19686e-03 6.32663e+03 8.26150e-13 -1.47443e-06
 8.96151e-03 6.37614e+03 1.12603e-12 -1.83596e-06
 1.11588e-02 6.42615e+03 1.53813e-12 -2.28614e-06
 1.38950e-02 6.47695e+03 2.09731e-12 -2.84669e-06
 1.73020e-02 6.52894e+03 2.84228e-12 -3.54469e-06
 2.15443e-02 6.58279e+03 3.81128e-12 -4.41383e-06
 2.68270e-02 6.63952e+03 5.03564e-12 -5.49611e-06
 3.34048e-02 6.70050e+03 6.53131e-12 -6.84374e-06
 4.15956e-02 6.76739e+03 8.29016e-12 -8.52177e-06
 5.17947e-02 6.84202e+03 1.02726e-11 -1.06113e-05
 6.44947e-02 6.92653e+03 1.24028e-11 -1.32132e-05
 8.03086e-02 7.02327e+03 1.45689e-11 -1.64531e-05
 1.00000e-01 7.13489e+03 1.66277e-11 -2.04872e-05
 1.24520e-01 7.26412e+03 1.84188e-11 -2.55106e-05
 1.55052e-01 7.41351e+03 1.97881e-11 -3.17658e-05
 1.93070e-01 7.58565e+03 2.06179e-11 -3.95548e-05
 2.40410e-01 7.78300e+03 2.08640e-11 -4.92534e-05
 2.99358e-01 8.00800e+03 2.05937e-11 -6.13302e-05
 3.72759e-01 8.26267e+03 2.00084e-11 -7.63682e-05
 4.64159e-01 8.54714e+03 1.94088e-11 -9.50933e-05
 5.77969e-01 8.85903e+03 1.90688e-11 -1.18410e-04
 7.19686e-01 9.19107e+03 1.91403e-11 -1.47443e-04
 8.96151e-01 9.51776e+03 1.97036e-11 -1.83598e-04
 1.11588e+00 9.84189e+03 2.07091e-11 -2.28620e-04
 1.38950e+00 1.01721e+04 2.21369e-11 -2.84675e-04
 1.73020e+00 1.05154e+04 2.40038e-11 -3.54469e-04
 2.15443e+00 1.08789e+04 2.63453e-11 -4.41383e-04
 2.68270e+00 1.12648e+04 2.92195e-11 -5.49611e-04
 3.34048e+00 1.16755e+04 3.26901e-11 -6.14615e-04
 4.15956e+00 1.21089e+04 3.68330e-11 -6.14615e-04
 5.17947e+00 1.25651e+04 4.17113e-11 -6.14615e-04
 6.44947e+00 1.30474e+04 4.73652e-11 -6.14615e-04
 8.03086e+00 1.35523e+04 5.38567e-11 -6.14615e-04
 1.00000e+01 1.40809e+04 6.12764e-11 -6.14615e-04
 1.24520e+01 1.46354e+04 6.97996e-11 -6.14615e-04
 1.55052e+01 1.52348e+04 7.96709e-11 -6.14615e-04
 1.93070e+01 1.55479e+04 9.27538e-11 -6.14615e-04
 2.40410e+01 1.69458e+04 1.02133e-10 -6.14615e-04
 2.99358e+01 1.72437e+04 1.20642e-10 -6.14615e-04
 3.72759e+01 1.80049e+04 1.38361e-10 -6.14615e-04
 4.64159e+01 1.87322e+04 1.59411e-10 -6.14615e-04
 5.77969e+01 1.95073e+04 1.83522e-10 -6.14615e-04
 7.19686e+01 2.03149e+04 2.11281e-10 -6.14615e-04
 8.96151e+01 2.11707e+04 2.43072e-10 -6.14615e-04
 1.11588e+02 2.20663e+04 2.79582e-10 -6.14615e-04
 1.38950e+02 2.30131e+04 3.21370e-10 -6.14615e-04
 1.73020e+02 2.40102e+04 3.69234e-10 -6.14615e-04
 2.15443e+02 2.50682e+04 4.23931e-10 -6.14615e-04
 2.68270e+02 2.61863e+04 4.86493e-10 -6.14615e-04
 3.34048e+02 2.73891e+04 5.57699e-10 -6.14615e-04
 4.15956e+02 2.86494e+04 6.39301e-10 -6.14615e-04
 5.17947e+02 3.00374e+04 7.31275e-10 -6.14615e-04
 6.44947e+02 3.14966e+04 8.36171e-10 -6.14612e-04
 8.03086e+02 3.30300e+04 9.54542e-10 -6.14576e-04
 1.00000e+03 3.49222e+04 1.07857e-09 -6.14287e-04
