#n1=128 n2=4 Teff=08400 R=3.2648e+11 L=3.7816e+35 logg=+3.50
#   tau          T          rho         Fconv
 0.00000e+00 5.04391e+03 1.54559e-21 +0.00000e+00
 1.00000e-09 5.04391e+03 1.64050e-17 +0.00000e+00
 1.24520e-09 5.04587e+03 2.04896e-17 +0.00000e+00
 1.55052e-09 5.04784e+03 2.56054e-17 +0.00000e+00
 1.93070e-09 5.04980e+03 3.20174e-17 +0.00000e+00
 2.40410e-09 5.05170e+03 4.00607e-17 +0.00000e+00
 2.99358e-09 5.05352e+03 5.01612e-17 +0.00000e+00
 3.72759e-09 5.05522e+03 6.28628e-17 +0.00000e+00
 4.64159e-09 5.05675e+03 7.88671e-17 +0.00000e+00
 5.77969e-09 5.05808e+03 9.90886e-17 +0.00000e+00
 7.19686e-09 5.05918e+03 1.24730e-16 +0.00000e+00
 8.96151e-09 5.06001e+03 1.57370e-16 +0.00000e+00
 1.11588e-08 5.06054e+03 1.99147e-16 +0.00000e+00
 1.38950e-08 5.06075e+03 2.52914e-16 +0.00000e+00
 1.73020e-08 5.06059e+03 3.22012e-16 +0.00000e+00
 2.15443e-08 5.06001e+03 4.10395e-16 +0.00000e+00
 2.68270e-08 5.05900e+03 5.23581e-16 +0.00000e+00
 3.34048e-08 5.05754e+03 6.68828e-16 +0.00000e+00
 4.15956e-08 5.05562e+03 8.55921e-16 +0.00000e+00
 5.17947e-08 5.05331e+03 1.09825e-15 +0.00000e+00
 6.44947e-08 5.05068e+03 1.41562e-15 +0.00000e+00
 8.03086e-08 5.04802e+03 1.83516e-15 +0.00000e+00
 1.00000e-07 5.04523e+03 2.39914e-15 +0.00000e+00
 1.24520e-07 5.04266e+03 3.16426e-15 +0.00000e+00
 1.55052e-07 5.04052e+03 4.21360e-15 +0.00000e+00
 1.93070e-07 5.03909e+03 5.64826e-15 +0.00000e+00
 2.40410e-07 5.03859e+03 7.60390e-15 +0.00000e+00
 2.99358e-07 5.03938e+03 1.02814e-14 +0.00000e+00
 3.72759e-07 5.04184e+03 1.39617e-14 +0.00000e+00
 4.64159e-07 5.04630e+03 1.90354e-14 +0.00000e+00
 5.77969e-07 5.05305e+03 2.60394e-14 +0.00000e+00
 7.19686e-07 5.06234e+03 3.57029e-14 +0.00000e+00
 8.96151e-07 5.07437e+03 4.90151e-14 +0.00000e+00
 1.11588e-06 5.08927e+03 6.73223e-14 +0.00000e+00
 1.38950e-06 5.10725e+03 9.24587e-14 +0.00000e+00
 1.73020e-06 5.12869e+03 1.26934e-13 +0.00000e+00
 2.15443e-06 5.15413e+03 1.74197e-13 +0.00000e+00
 2.68270e-06 5.18424e+03 2.38922e-13 +0.00000e+00
 3.34048e-06 5.21958e+03 3.27403e-13 +0.00000e+00
 4.15956e-06 5.26045e+03 4.48075e-13 +0.00000e+00
 5.17947e-06 5.30678e+03 6.12133e-13 +0.00000e+00
 6.44947e-06 5.35802e+03 8.34311e-13 +0.00000e+00
 8.03086e-06 5.41307e+03 1.13390e-12 +0.00000e+00
 1.00000e-05 5.47029e+03 1.53587e-12 +0.00000e+00
 1.24520e-05 5.52774e+03 2.07261e-12 +0.00000e+00
 1.55052e-05 5.58365e+03 2.78671e-12 +0.00000e+00
 1.93070e-05 5.63675e+03 3.73436e-12 +0.00000e+00
 2.40410e-05 5.68647e+03 4.98943e-12 +0.00000e+00
 2.99358e-05 5.73300e+03 6.64849e-12 +0.00000e+00
 3.72759e-05 5.77700e+03 8.83601e-12 +0.00000e+00
 4.64159e-05 5.81933e+03 1.17088e-11 +0.00000e+00
 5.77969e-05 5.86077e+03 1.54581e-11 +0.00000e+00
 7.19686e-05 5.90190e+03 2.03074e-11 +0.00000e+00
 8.96151e-05 5.94306e+03 2.65071e-11 +0.00000e+00
 1.11588e-04 5.98439e+03 3.43238e-11 +0.00000e+00
 1.38950e-04 6.02586e+03 4.40290e-11 +0.00000e+00
 1.73020e-04 6.06741e+03 5.58888e-11 +0.00000e+00
 2.15443e-04 6.10892e+03 7.01573e-11 +0.00000e+00
 2.68270e-04 6.15028e+03 8.70776e-11 +0.00000e+00
 3.34048e-04 6.19140e+03 1.06888e-10 +0.00000e+00
 4.15956e-04 6.23222e+03 1.29833e-10 +0.00000e+00
 5.17947e-04 6.27273e+03 1.56179e-10 +0.00000e+00
 6.44947e-04 6.31295e+03 1.86222e-10 +0.00000e+00
 8.03086e-04 6.35291e+03 2.20303e-10 +0.00000e+00
 1.00000e-03 6.39266e+03 2.58805e-10 +0.00000e+00
 1.24520e-03 6.43225e+03 3.02163e-10 -2.54537e-07
 1.55052e-03 6.47174e+03 3.50870e-10 -3.16949e-07
 1.93070e-03 6.51122e+03 4.05459e-10 -3.94663e-07
 2.40410e-03 6.55078e+03 4.66529e-10 -4.91434e-07
 2.99358e-03 6.59050e+03 5.34746e-10 -6.11932e-07
 3.72759e-03 6.63050e+03 6.10801e-10 -7.61978e-07
 4.64159e-03 6.67090e+03 6.95454e-10 -9.48811e-07
 5.77969e-03 6.71182e+03 7.89489e-10 -1.18146e-06
 7.19686e-03 6.75344e+03 8.93688e-10 -1.47115e-06
 8.96151e-03 6.79593e+03 1.00887e-09 -1.83187e-06
 1.11588e-02 6.83954e+03 1.13582e-09 -2.28104e-06
 1.38950e-02 6.88466e+03 1.27524e-09 -2.84034e-06
 1.73020e-02 6.93173e+03 1.42776e-09 -3.53678e-06
 2.15443e-02 6.98168e+03 1.59360e-09 -4.40401e-06
 2.68270e-02 7.03535e+03 1.77267e-09 -5.48382e-06
 3.34048e-02 7.09425e+03 1.96403e-09 -6.82846e-06
 4.15956e-02 7.15965e+03 2.16601e-09 -8.50276e-06
 5.17947e-02 7.23286e+03 2.37600e-09 -1.05876e-05
 6.44947e-02 7.31581e+03 2.59002e-09 -1.31837e-05
 8.03086e-02 7.41054e+03 2.80267e-09 -1.64163e-05
 1.00000e-01 7.52084e+03 3.00588e-09 -2.04415e-05
 1.24520e-01 7.65042e+03 3.18948e-09 -2.54536e-05
 1.55052e-01 7.80115e+03 3.34333e-09 -3.16948e-05
 1.93070e-01 7.97572e+03 3.45669e-09 -3.94663e-05
 2.40410e-01 8.17616e+03 3.52001e-09 -4.91434e-05
 2.99358e-01 8.40603e+03 3.52389e-09 -6.11893e-05
 3.72759e-01 8.66982e+03 3.45972e-09 -7.61025e-05
 4.64159e-01 8.96274e+03 3.33011e-09 -9.28434e-05
 5.77969e-01 9.28204e+03 3.14230e-09 -8.26761e-05
 7.19686e-01 9.63573e+03 2.89975e-09 +1.46665e-04
 8.96151e-01 9.89083e+03 2.73725e-09 +2.37781e-04
 1.11588e+00 1.01168e+04 2.60438e-09 +4.04931e-04
 1.38950e+00 1.03416e+04 2.48275e-09 +7.11870e-04
 1.73020e+00 1.06187e+04 2.34043e-09 +9.42829e-04
 2.15443e+00 1.09260e+04 2.20607e-09 +3.37709e-04
 2.68270e+00 1.10781e+04 2.17973e-09 +1.42672e-04
 3.34048e+00 1.13667e+04 2.10566e-09 -2.70256e-04
 4.15956e+00 1.16878e+04 2.04828e-09 -5.21643e-04
 5.17947e+00 1.20604e+04 2.00639e-09 -5.98586e-04
 6.44947e+00 1.25285e+04 1.97570e-09 -6.12017e-04
 8.03086e+00 1.31296e+04 1.95829e-09 -6.13186e-04
 1.00000e+01 1.48830e+04 1.83813e-09 -6.13246e-04
 1.24520e+01 1.51966e+04 1.97704e-09 -6.13246e-04
 1.55052e+01 1.56576e+04 2.12508e-09 -6.13243e-04
 1.93070e+01 1.61432e+04 2.30403e-09 -6.13243e-04
 2.40410e+01 1.66672e+04 2.51494e-09 -6.13236e-04
 2.99358e+01 1.72151e+04 2.76445e-09 -6.13225e-04
 3.72759e+01 1.77951e+04 3.05636e-09 -6.13211e-04
 4.64159e+01 1.84072e+04 3.39687e-09 -6.13200e-04
 5.77969e+01 1.90615e+04 3.79112e-09 -6.13190e-04
 7.19686e+01 1.97441e+04 4.24927e-09 -6.13172e-04
 8.96151e+01 2.04745e+04 4.77506e-09 -6.13140e-04
 1.11588e+02 2.12418e+04 5.37988e-09 -6.13052e-04
 1.38950e+02 2.20582e+04 6.07061e-09 -6.12825e-04
 1.73020e+02 2.29227e+04 6.85757e-09 -6.12198e-04
 2.15443e+02 2.38431e+04 7.75342e-09 -6.10438e-04
 2.68270e+02 2.48193e+04 8.77044e-09 -6.05316e-04
 3.34048e+02 2.58707e+04 9.92138e-09 -5.91059e-04
 4.15956e+02 2.69658e+04 1.12360e-08 -5.48818e-04
 5.17947e+02 2.82012e+04 1.26992e-08 -4.49642e-04
 6.44947e+02 2.94358e+04 1.43954e-08 -1.54157e-04
 8.03086e+02 3.08128e+04 1.62784e-08 +5.04950e-04
 1.00000e+03 3.25585e+04 1.82893e-08 +1.38299e-03
