#n1=128 n2=4 Teff=08000 R=3.1147e+11 L=2.8295e+35 logg=+3.50
#   tau          T          rho         Fconv
 0.00000e+00 4.95499e+03 1.57065e-21 +0.00000e+00
 1.00000e-09 4.95499e+03 1.73123e-17 +0.00000e+00
 1.24520e-09 4.95476e+03 2.18206e-17 +0.00000e+00
 1.55052e-09 4.95394e+03 2.75743e-17 +0.00000e+00
 1.93070e-09 4.95234e+03 3.49611e-17 +0.00000e+00
 2.40410e-09 4.94977e+03 4.45265e-17 +0.00000e+00
 2.99358e-09 4.94595e+03 5.70573e-17 +0.00000e+00
 3.72759e-09 4.94057e+03 7.36934e-17 +0.00000e+00
 4.64159e-09 4.93322e+03 9.61376e-17 +0.00000e+00
 5.77969e-09 4.92345e+03 1.26677e-16 +0.00000e+00
 7.19686e-09 4.91054e+03 1.67777e-16 +0.00000e+00
 8.96151e-09 4.89391e+03 2.23271e-16 +0.00000e+00
 1.11588e-08 4.87365e+03 2.99128e-16 +0.00000e+00
 1.38950e-08 4.85057e+03 4.03932e-16 +0.00000e+00
 1.73020e-08 4.83113e+03 5.51886e-16 +0.00000e+00
 2.15443e-08 4.82003e+03 7.52110e-16 +0.00000e+00
 2.68270e-08 4.80099e+03 1.04399e-15 +0.00000e+00
 3.34048e-08 4.78488e+03 1.45994e-15 +0.00000e+00
 4.15956e-08 4.77707e+03 2.05378e-15 +0.00000e+00
 5.17947e-08 4.76679e+03 2.88217e-15 +0.00000e+00
 6.44947e-08 4.75882e+03 4.03648e-15 +0.00000e+00
 8.03086e-08 4.75350e+03 5.65719e-15 +0.00000e+00
 1.00000e-07 4.75086e+03 7.92668e-15 +0.00000e+00
 1.24520e-07 4.75091e+03 1.10983e-14 +0.00000e+00
 1.55052e-07 4.75369e+03 1.55231e-14 +0.00000e+00
 1.93070e-07 4.75932e+03 2.16742e-14 +0.00000e+00
 2.40410e-07 4.76801e+03 3.01310e-14 +0.00000e+00
 2.99358e-07 4.76904e+03 4.21150e-14 +0.00000e+00
 3.72759e-07 4.78547e+03 5.84532e-14 +0.00000e+00
 4.64159e-07 4.80580e+03 8.06287e-14 +0.00000e+00
 5.77969e-07 4.83014e+03 1.10525e-13 +0.00000e+00
 7.19686e-07 4.85854e+03 1.50538e-13 +0.00000e+00
 8.96151e-07 4.88924e+03 2.03983e-13 +0.00000e+00
 1.11588e-06 4.92593e+03 2.74962e-13 +0.00000e+00
 1.38950e-06 4.96535e+03 3.69390e-13 +0.00000e+00
 1.73020e-06 5.00901e+03 4.94875e-13 +0.00000e+00
 2.15443e-06 5.05461e+03 6.62230e-13 +0.00000e+00
 2.68270e-06 5.10250e+03 8.85832e-13 +0.00000e+00
 3.34048e-06 5.15104e+03 1.18587e-12 +0.00000e+00
 4.15956e-06 5.19912e+03 1.58947e-12 +0.00000e+00
 5.17947e-06 5.24603e+03 2.13275e-12 +0.00000e+00
 6.44947e-06 5.29161e+03 2.86320e-12 +0.00000e+00
 8.03086e-06 5.33607e+03 3.84211e-12 +0.00000e+00
 1.00000e-05 5.37954e+03 5.14711e-12 +0.00000e+00
 1.24520e-05 5.42179e+03 6.87525e-12 +0.00000e+00
 1.55052e-05 5.46238e+03 9.14669e-12 +0.00000e+00
 1.93070e-05 5.50097e+03 1.21083e-11 +0.00000e+00
 2.40410e-05 5.53747e+03 1.59360e-11 +0.00000e+00
 2.99358e-05 5.57204e+03 2.08362e-11 +0.00000e+00
 3.72759e-05 5.60500e+03 2.70450e-11 +0.00000e+00
 4.64159e-05 5.63678e+03 3.48255e-11 +0.00000e+00
 5.77969e-05 5.66787e+03 4.44612e-11 +0.00000e+00
 7.19686e-05 5.69873e+03 5.62490e-11 +0.00000e+00
 8.96151e-05 5.72968e+03 7.04930e-11 +0.00000e+00
 1.11588e-04 5.76091e+03 8.74992e-11 +0.00000e+00
 1.38950e-04 5.79246e+03 1.07574e-10 +0.00000e+00
 1.73020e-04 5.82429e+03 1.31025e-10 +0.00000e+00
 2.15443e-04 5.85631e+03 1.58166e-10 +0.00000e+00
 2.68270e-04 5.88844e+03 1.89325e-10 +0.00000e+00
 3.34048e-04 5.92060e+03 2.24858e-10 +0.00000e+00
 4.15956e-04 5.95274e+03 2.65163e-10 +0.00000e+00
 5.17947e-04 5.98484e+03 3.10694e-10 +0.00000e+00
 6.44947e-04 6.01689e+03 3.61980e-10 +0.00000e+00
 8.03086e-04 6.04891e+03 4.19636e-10 +0.00000e+00
 1.00000e-03 6.08092e+03 4.84378e-10 +0.00000e+00
 1.24520e-03 6.11296e+03 5.57027e-10 -2.54729e-07
 1.55052e-03 6.14510e+03 6.38505e-10 -3.17188e-07
 1.93070e-03 6.17741e+03 7.29839e-10 -3.94962e-07
 2.40410e-03 6.20995e+03 8.32165e-10 -4.91805e-07
 2.99358e-03 6.24282e+03 9.46733e-10 -6.12393e-07
 3.72759e-03 6.27610e+03 1.07490e-09 -7.62551e-07
 4.64159e-03 6.30989e+03 1.21815e-09 -9.49525e-07
 5.77969e-03 6.34431e+03 1.37806e-09 -1.18235e-06
 7.19686e-03 6.37948e+03 1.55626e-09 -1.47226e-06
 8.96151e-03 6.41560e+03 1.75447e-09 -1.83325e-06
 1.11588e-02 6.45286e+03 1.97440e-09 -2.28276e-06
 1.38950e-02 6.49161e+03 2.21765e-09 -2.84248e-06
 1.73020e-02 6.53223e+03 2.48565e-09 -3.53945e-06
 2.15443e-02 6.57545e+03 2.77941e-09 -4.40731e-06
 2.68270e-02 6.62198e+03 3.09943e-09 -5.48799e-06
 3.34048e-02 6.67299e+03 3.44520e-09 -6.83359e-06
 4.15956e-02 6.72949e+03 3.81508e-09 -8.50919e-06
 5.17947e-02 6.79260e+03 4.20620e-09 -1.05956e-05
 6.44947e-02 6.86385e+03 4.61372e-09 -1.31936e-05
 8.03086e-02 6.94503e+03 5.03061e-09 -1.64287e-05
 1.00000e-01 7.03918e+03 5.44602e-09 -2.04569e-05
 1.24520e-01 7.14950e+03 5.84566e-09 -2.54729e-05
 1.55052e-01 7.27842e+03 6.21335e-09 -3.17188e-05
 1.93070e-01 7.42944e+03 6.53021e-09 -3.94962e-05
 2.40410e-01 7.60636e+03 6.77601e-09 -4.91805e-05
 2.99358e-01 7.81472e+03 6.92845e-09 -6.12389e-05
 3.72759e-01 8.06120e+03 6.96442e-09 -7.62391e-05
 4.64159e-01 8.34736e+03 6.87069e-09 -9.44096e-05
 5.77969e-01 8.67460e+03 6.63991e-09 -9.76075e-05
 7.19686e-01 9.03991e+03 6.27522e-09 +3.71674e-04
 8.96151e-01 9.32636e+03 5.96852e-09 +1.94001e-03
 1.11588e+00 9.54790e+03 5.73361e-09 +4.46091e-03
 1.38950e+00 9.75285e+03 5.51369e-09 +9.21373e-03
 1.73020e+00 9.95366e+03 5.29661e-09 +1.58237e-02
 2.15443e+00 1.01559e+04 5.07949e-09 +2.37923e-02
 2.68270e+00 1.03663e+04 4.85837e-09 +3.29837e-02
 3.34048e+00 1.05919e+04 4.63069e-09 +4.02738e-02
 4.15956e+00 1.08326e+04 4.40635e-09 +4.30079e-02
 5.17947e+00 1.11008e+04 4.18234e-09 +4.32726e-02
 6.44947e+00 1.14216e+04 3.95127e-09 +3.99302e-02
 8.03086e+00 1.18474e+04 3.70219e-09 +2.92762e-02
 1.00000e+01 1.24888e+04 3.43028e-09 +7.09870e-03
 1.24520e+01 1.33283e+04 3.21786e-09 -4.50184e-04
 1.55052e+01 1.22614e+04 3.80398e-09 +2.35883e-02
 1.93070e+01 1.32957e+04 3.49352e-09 +1.24179e-04
 2.40410e+01 1.30506e+04 3.77307e-09 +4.41589e-03
 2.99358e+01 1.36098e+04 3.78053e-09 +2.33224e-04
 3.72759e+01 1.40935e+04 3.88637e-09 -3.40051e-04
 4.64159e+01 1.47280e+04 4.01562e-09 -5.20806e-04
 5.77969e+01 1.58235e+04 4.09941e-09 -5.77459e-04
 7.19686e+01 2.01804e+04 3.73214e-09 -6.13707e-04
 8.96151e+01 2.06729e+04 4.40517e-09 -6.13707e-04
 1.11588e+02 2.12723e+04 5.11212e-09 -6.13690e-04
 1.38950e+02 2.19375e+04 5.87886e-09 -6.13608e-04
 1.73020e+02 2.26560e+04 6.72236e-09 -6.13246e-04
 2.15443e+02 2.34366e+04 7.65759e-09 -6.11842e-04
 2.68270e+02 2.42765e+04 8.69991e-09 -6.06749e-04
 3.34048e+02 2.51954e+04 9.86293e-09 -5.90247e-04
 4.15956e+02 2.61592e+04 1.11792e-08 -5.36089e-04
 5.17947e+02 2.72562e+04 1.26357e-08 -3.98217e-04
 6.44947e+02 2.83682e+04 1.43112e-08 +7.70410e-06
 8.03086e+02 2.95821e+04 1.61824e-08 +9.48478e-04
 1.00000e+03 3.11639e+04 1.81645e-08 +2.02386e-03
