#n1=128 n2=4 Teff=08400 R=1.8881e+13 L=1.2625e+39 logg=+0.50
#   tau          T          rho         Fconv
 0.00000e+00 4.64670e+03 1.67773e-21 +0.00000e+00
 1.00000e-09 4.64670e+03 1.18773e-20 +0.00000e+00
 1.24520e-09 4.65033e+03 1.44288e-20 +0.00000e+00
 1.55052e-09 4.65344e+03 1.76222e-20 +0.00000e+00
 1.93070e-09 4.65676e+03 2.16163e-20 +0.00000e+00
 2.40410e-09 4.66028e+03 2.66122e-20 +0.00000e+00
 2.99358e-09 4.66398e+03 3.28615e-20 +0.00000e+00
 3.72759e-09 4.66783e+03 4.06791e-20 +0.00000e+00
 4.64159e-09 4.67183e+03 5.04588e-20 +0.00000e+00
 5.77969e-09 4.67598e+03 6.26933e-20 +0.00000e+00
 7.19686e-09 4.68024e+03 7.79991e-20 +0.00000e+00
 8.96151e-09 4.68463e+03 9.71474e-20 +0.00000e+00
 1.11588e-08 4.68914e+03 1.21103e-19 +0.00000e+00
 1.38950e-08 4.69376e+03 1.51073e-19 +0.00000e+00
 1.73020e-08 4.69850e+03 1.88568e-19 +0.00000e+00
 2.15443e-08 4.70336e+03 2.35477e-19 +0.00000e+00
 2.68270e-08 4.70835e+03 2.94164e-19 +0.00000e+00
 3.34048e-08 4.71347e+03 3.67588e-19 +0.00000e+00
 4.15956e-08 4.71874e+03 4.59448e-19 +0.00000e+00
 5.17947e-08 4.72417e+03 5.74375e-19 +0.00000e+00
 6.44947e-08 4.72977e+03 7.18164e-19 +0.00000e+00
 8.03086e-08 4.73556e+03 8.98065e-19 +0.00000e+00
 1.00000e-07 4.74154e+03 1.12314e-18 +0.00000e+00
 1.24520e-07 4.74775e+03 1.40475e-18 +0.00000e+00
 1.55052e-07 4.75418e+03 1.75704e-18 +0.00000e+00
 1.93070e-07 4.76086e+03 2.19777e-18 +0.00000e+00
 2.40410e-07 4.76780e+03 2.74906e-18 +0.00000e+00
 2.99358e-07 4.77501e+03 3.43856e-18 +0.00000e+00
 3.72759e-07 4.78252e+03 4.30078e-18 +0.00000e+00
 4.64159e-07 4.79035e+03 5.37881e-18 +0.00000e+00
 5.77969e-07 4.79853e+03 6.72673e-18 +0.00000e+00
 7.19686e-07 4.80709e+03 8.41302e-18 +0.00000e+00
 8.96151e-07 4.81609e+03 1.05228e-17 +0.00000e+00
 1.11588e-06 4.82558e+03 1.31620e-17 +0.00000e+00
 1.38950e-06 4.83564e+03 1.64631e-17 +0.00000e+00
 1.73020e-06 4.84636e+03 2.05910e-17 +0.00000e+00
 2.15443e-06 4.85783e+03 2.57516e-17 +0.00000e+00
 2.68270e-06 4.87017e+03 3.22016e-17 +0.00000e+00
 3.34048e-06 4.88352e+03 4.02609e-17 +0.00000e+00
 4.15956e-06 4.89801e+03 5.03287e-17 +0.00000e+00
 5.17947e-06 4.91383e+03 6.29024e-17 +0.00000e+00
 6.44947e-06 4.93113e+03 7.86024e-17 +0.00000e+00
 8.03086e-06 4.95010e+03 9.82012e-17 +0.00000e+00
 1.00000e-05 4.97092e+03 1.22661e-16 +0.00000e+00
 1.24520e-05 4.99377e+03 1.53180e-16 +0.00000e+00
 1.55052e-05 5.01880e+03 1.91253e-16 +0.00000e+00
 1.93070e-05 5.04617e+03 2.38739e-16 +0.00000e+00
 2.40410e-05 5.07598e+03 2.97981e-16 +0.00000e+00
 2.99358e-05 5.10833e+03 3.71931e-16 +0.00000e+00
 3.72759e-05 5.14324e+03 4.64214e-16 +0.00000e+00
 4.64159e-05 5.18070e+03 5.79346e-16 +0.00000e+00
 5.77969e-05 5.22063e+03 7.22967e-16 +0.00000e+00
 7.19686e-05 5.26290e+03 9.02129e-16 +0.00000e+00
 8.96151e-05 5.30734e+03 1.12567e-15 +0.00000e+00
 1.11588e-04 5.35359e+03 1.40473e-15 +0.00000e+00
 1.38950e-04 5.40142e+03 1.75337e-15 +0.00000e+00
 1.73020e-04 5.45057e+03 2.18920e-15 +0.00000e+00
 2.15443e-04 5.50060e+03 2.73447e-15 +0.00000e+00
 2.68270e-04 5.55096e+03 3.41732e-15 +0.00000e+00
 3.34048e-04 5.60111e+03 4.27321e-15 +0.00000e+00
 4.15956e-04 5.65053e+03 5.34693e-15 +0.00000e+00
 5.17947e-04 5.69886e+03 6.69492e-15 +0.00000e+00
 6.44947e-04 5.74604e+03 8.38788e-15 +0.00000e+00
 8.03086e-04 5.79253e+03 1.05133e-14 +0.00000e+00
 1.00000e-03 5.83868e+03 1.31816e-14 +0.00000e+00
 1.24520e-03 5.88488e+03 1.65317e-14 -2.54995e-07
 1.55052e-03 5.93143e+03 2.07380e-14 -3.17519e-07
 1.93070e-03 5.97843e+03 2.60223e-14 -3.95373e-07
 2.40410e-03 6.02583e+03 3.26672e-14 -4.92318e-07
 2.99358e-03 6.07360e+03 4.10354e-14 -6.13033e-07
 3.72759e-03 6.12162e+03 5.15918e-14 -7.63349e-07
 4.64159e-03 6.16976e+03 6.49386e-14 -9.50518e-07
 5.77969e-03 6.21802e+03 8.18670e-14 -1.18358e-06
 7.19686e-03 6.26652e+03 1.03423e-13 -1.47379e-06
 8.96151e-03 6.31546e+03 1.31007e-13 -1.83516e-06
 1.11588e-02 6.36496e+03 1.66515e-13 -2.28514e-06
 1.38950e-02 6.41575e+03 2.12487e-13 -2.84545e-06
 1.73020e-02 6.46821e+03 2.72359e-13 -3.54314e-06
 2.15443e-02 6.52318e+03 3.50633e-13 -4.41193e-06
 2.68270e-02 6.58165e+03 4.53000e-13 -5.49368e-06
 3.34048e-02 6.64509e+03 5.86149e-13 -6.84075e-06
 4.15956e-02 6.71498e+03 7.57182e-13 -8.51806e-06
 5.17947e-02 6.79295e+03 9.72270e-13 -1.06067e-05
 6.44947e-02 6.88108e+03 1.23436e-12 -1.32076e-05
 8.03086e-02 6.98173e+03 1.54054e-12 -1.64459e-05
 1.00000e-01 7.09834e+03 1.87924e-12 -2.04782e-05
 1.24520e-01 7.23433e+03 2.23092e-12 -2.54998e-05
 1.55052e-01 7.39177e+03 2.57445e-12 -3.17521e-05
 1.93070e-01 7.57312e+03 2.89504e-12 -3.95380e-05
 2.40410e-01 7.78019e+03 3.19344e-12 -4.92328e-05
 2.99358e-01 8.01553e+03 3.48649e-12 -6.13037e-05
 3.72759e-01 8.28191e+03 3.80157e-12 -7.64342e-05
 4.64159e-01 8.57691e+03 4.17140e-12 -9.52459e-05
 5.77969e-01 8.90044e+03 4.62082e-12 -1.18610e-04
 7.19686e-01 9.25788e+03 5.16713e-12 -1.47911e-04
 8.96151e-01 9.56823e+03 5.88174e-12 -1.83516e-04
 1.11588e+00 9.88287e+03 6.74905e-12 -2.28514e-04
 1.38950e+00 1.02253e+04 7.77651e-12 -2.84545e-04
 1.73020e+00 1.06018e+04 8.98652e-12 -3.54314e-04
 2.15443e+00 1.10131e+04 1.04087e-11 -4.41193e-04
 2.68270e+00 1.14591e+04 1.20748e-11 -5.49368e-04
 3.34048e+00 1.19396e+04 1.40138e-11 -6.14350e-04
 4.15956e+00 1.24504e+04 1.62508e-11 -6.14350e-04
 5.17947e+00 1.29934e+04 1.87975e-11 -6.14350e-04
 6.44947e+00 1.35718e+04 2.17069e-11 -6.14350e-04
 8.03086e+00 1.38271e+04 2.57227e-11 -6.14350e-04
 1.00000e+01 1.51960e+04 2.82516e-11 -6.14350e-04
 1.24520e+01 1.54775e+04 3.37873e-11 -6.14350e-04
 1.55052e+01 1.62524e+04 3.90690e-11 -6.14350e-04
 1.93070e+01 1.70062e+04 4.54462e-11 -6.14350e-04
 2.40410e+01 1.78110e+04 5.28781e-11 -6.14350e-04
 2.99358e+01 1.86581e+04 6.15588e-11 -6.14350e-04
 3.72759e+01 1.95557e+04 7.16603e-11 -6.14350e-04
 4.64159e+01 2.04977e+04 8.34291e-11 -6.14350e-04
 5.77969e+01 2.14922e+04 9.70989e-11 -6.14350e-04
 7.19686e+01 2.25312e+04 1.13002e-10 -6.14350e-04
 8.96151e+01 2.36305e+04 1.31412e-10 -6.14350e-04
 1.11588e+02 2.47884e+04 1.52736e-10 -6.14350e-04
 1.38950e+02 2.60203e+04 1.77338e-10 -6.14350e-04
 1.73020e+02 2.73318e+04 2.05686e-10 -6.14350e-04
 2.15443e+02 2.87369e+04 2.38202e-10 -6.14350e-04
 2.68270e+02 3.02407e+04 2.75283e-10 -6.14350e-04
 3.34048e+02 3.18660e+04 3.16936e-10 -6.14350e-04
 4.15956e+02 3.35971e+04 3.63428e-10 -6.14350e-04
 5.17947e+02 3.54747e+04 4.15235e-10 -6.14350e-04
 6.44947e+02 3.74498e+04 4.75263e-10 -6.14350e-04
 8.03086e+02 3.94693e+04 5.46342e-10 -6.14350e-04
 1.00000e+03 4.19653e+04 6.24713e-10 -6.14350e-04
