#n1=128 n2=4 Teff=08800 R=1.7577e+11 L=1.3214e+35 logg=+4.00
#   tau          T          rho         Fconv
 0.00000e+00 5.28303e+03 1.47532e-21 +0.00000e+00
 1.00000e-09 5.28303e+03 4.96690e-17 +0.00000e+00
 1.24520e-09 5.28491e+03 6.19750e-17 +0.00000e+00
 1.55052e-09 5.28686e+03 7.73634e-17 +0.00000e+00
 1.93070e-09 5.28886e+03 9.66191e-17 +0.00000e+00
 2.40410e-09 5.29090e+03 1.20730e-16 +0.00000e+00
 2.99358e-09 5.29295e+03 1.50940e-16 +0.00000e+00
 3.72759e-09 5.29500e+03 1.88812e-16 +0.00000e+00
 4.64159e-09 5.29702e+03 2.36319e-16 +0.00000e+00
 5.77969e-09 5.29899e+03 2.95961e-16 +0.00000e+00
 7.19686e-09 5.30089e+03 3.70930e-16 +0.00000e+00
 8.96151e-09 5.30270e+03 4.65351e-16 +0.00000e+00
 1.11588e-08 5.30444e+03 5.84607e-16 +0.00000e+00
 1.38950e-08 5.30608e+03 7.35807e-16 +0.00000e+00
 1.73020e-08 5.30763e+03 9.28382e-16 +0.00000e+00
 2.15443e-08 5.30911e+03 1.17441e-15 +0.00000e+00
 2.68270e-08 5.31053e+03 1.48776e-15 +0.00000e+00
 3.34048e-08 5.31188e+03 1.88673e-15 +0.00000e+00
 4.15956e-08 5.31319e+03 2.39470e-15 +0.00000e+00
 5.17947e-08 5.31446e+03 3.04177e-15 +0.00000e+00
 6.44947e-08 5.31572e+03 3.86725e-15 +0.00000e+00
 8.03086e-08 5.31698e+03 4.92369e-15 +0.00000e+00
 1.00000e-07 5.31826e+03 6.28299e-15 +0.00000e+00
 1.24520e-07 5.31963e+03 8.04539e-15 +0.00000e+00
 1.55052e-07 5.32115e+03 1.03524e-14 +0.00000e+00
 1.93070e-07 5.32292e+03 1.34031e-14 +0.00000e+00
 2.40410e-07 5.32510e+03 1.74713e-14 +0.00000e+00
 2.99358e-07 5.32791e+03 2.29283e-14 +0.00000e+00
 3.72759e-07 5.33160e+03 3.02458e-14 +0.00000e+00
 4.64159e-07 5.33648e+03 4.00687e-14 +0.00000e+00
 5.77969e-07 5.34292e+03 5.33371e-14 +0.00000e+00
 7.19686e-07 5.35122e+03 7.13542e-14 +0.00000e+00
 8.96151e-07 5.36160e+03 9.59075e-14 +0.00000e+00
 1.11588e-06 5.37417e+03 1.29425e-13 +0.00000e+00
 1.38950e-06 5.38889e+03 1.75199e-13 +0.00000e+00
 1.73020e-06 5.40570e+03 2.37726e-13 +0.00000e+00
 2.15443e-06 5.42466e+03 3.23152e-13 +0.00000e+00
 2.68270e-06 5.44608e+03 4.39854e-13 +0.00000e+00
 3.34048e-06 5.47051e+03 5.99164e-13 +0.00000e+00
 4.15956e-06 5.49852e+03 8.16333e-13 +0.00000e+00
 5.17947e-06 5.53055e+03 1.11164e-12 +0.00000e+00
 6.44947e-06 5.56689e+03 1.51160e-12 +0.00000e+00
 8.03086e-06 5.60758e+03 2.05040e-12 +0.00000e+00
 1.00000e-05 5.65241e+03 2.77166e-12 +0.00000e+00
 1.24520e-05 5.70085e+03 3.73095e-12 +0.00000e+00
 1.55052e-05 5.75207e+03 4.99953e-12 +0.00000e+00
 1.93070e-05 5.80498e+03 6.66963e-12 +0.00000e+00
 2.40410e-05 5.85842e+03 8.86106e-12 +0.00000e+00
 2.99358e-05 5.91133e+03 1.17288e-11 +0.00000e+00
 3.72759e-05 5.96301e+03 1.54702e-11 +0.00000e+00
 4.64159e-05 6.01312e+03 2.03293e-11 +0.00000e+00
 5.77969e-05 6.06180e+03 2.65979e-11 +0.00000e+00
 7.19686e-05 6.10941e+03 3.46115e-11 +0.00000e+00
 8.96151e-05 6.15634e+03 4.47410e-11 +0.00000e+00
 1.11588e-04 6.20291e+03 5.73809e-11 +0.00000e+00
 1.38950e-04 6.24927e+03 7.29366e-11 +0.00000e+00
 1.73020e-04 6.29549e+03 9.18122e-11 +0.00000e+00
 2.15443e-04 6.34157e+03 1.14403e-10 +0.00000e+00
 2.68270e-04 6.38746e+03 1.41091e-10 +0.00000e+00
 3.34048e-04 6.43306e+03 1.72257e-10 +0.00000e+00
 4.15956e-04 6.47828e+03 2.08294e-10 +0.00000e+00
 5.17947e-04 6.52305e+03 2.49615e-10 +0.00000e+00
 6.44947e-04 6.56737e+03 2.96679e-10 +0.00000e+00
 8.03086e-04 6.61124e+03 3.50018e-10 +0.00000e+00
 1.00000e-03 6.65470e+03 4.10198e-10 +0.00000e+00
 1.24520e-03 6.69782e+03 4.77888e-10 -2.54321e-07
 1.55052e-03 6.74070e+03 5.53853e-10 -3.16679e-07
 1.93070e-03 6.78341e+03 6.38875e-10 -3.94330e-07
 2.40410e-03 6.82606e+03 7.33855e-10 -4.91017e-07
 2.99358e-03 6.86877e+03 8.39746e-10 -6.11414e-07
 3.72759e-03 6.91164e+03 9.57577e-10 -7.61330e-07
 4.64159e-03 6.95481e+03 1.08847e-09 -9.48005e-07
 5.77969e-03 6.99842e+03 1.23356e-09 -1.18045e-06
 7.19686e-03 7.04268e+03 1.39403e-09 -1.46990e-06
 8.96151e-03 7.08781e+03 1.57114e-09 -1.83031e-06
 1.11588e-02 7.13407e+03 1.76613e-09 -2.27910e-06
 1.38950e-02 7.18190e+03 1.98011e-09 -2.83793e-06
 1.73020e-02 7.23179e+03 2.21405e-09 -3.53379e-06
 2.15443e-02 7.28467e+03 2.46841e-09 -4.40026e-06
 2.68270e-02 7.34143e+03 2.74305e-09 -5.47919e-06
 3.34048e-02 7.40357e+03 3.03662e-09 -6.82266e-06
 4.15956e-02 7.47238e+03 3.34663e-09 -8.49555e-06
 5.17947e-02 7.54941e+03 3.66897e-09 -1.05787e-05
 6.44947e-02 7.63654e+03 3.99745e-09 -1.31725e-05
 8.03086e-02 7.73588e+03 4.32364e-09 -1.64023e-05
 1.00000e-01 7.85086e+03 4.63541e-09 -2.04239e-05
 1.24520e-01 7.98481e+03 4.91776e-09 -2.54315e-05
 1.55052e-01 8.13924e+03 5.15594e-09 -3.16670e-05
 1.93070e-01 8.31618e+03 5.33483e-09 -3.94327e-05
 2.40410e-01 8.51677e+03 5.44155e-09 -4.91011e-05
 2.99358e-01 8.74323e+03 5.46428e-09 -6.11288e-05
 3.72759e-01 8.99817e+03 5.39332e-09 -7.59223e-05
 4.64159e-01 9.27656e+03 5.23434e-09 -9.17798e-05
 5.77969e-01 9.57497e+03 4.99938e-09 -8.30202e-05
 7.19686e-01 9.90540e+03 4.68626e-09 +1.61577e-04
 8.96151e-01 1.02619e+04 4.32731e-09 +1.07636e-03
 1.11588e+00 1.05980e+04 4.01250e-09 +1.54142e-03
 1.38950e+00 1.08734e+04 3.80024e-09 +1.24688e-03
 1.73020e+00 1.11792e+04 3.59645e-09 +9.87184e-04
 2.15443e+00 1.16615e+04 3.31609e-09 -3.61723e-05
 2.68270e+00 1.22551e+04 3.08303e-09 -5.31815e-04
 3.34048e+00 1.26812e+04 3.01216e-09 -6.11343e-04
 4.15956e+00 1.31200e+04 2.98712e-09 -6.12574e-04
 5.17947e+00 1.35658e+04 3.00657e-09 -6.12704e-04
 6.44947e+00 1.40224e+04 3.06921e-09 -6.12721e-04
 8.03086e+00 1.44915e+04 3.17709e-09 -6.12724e-04
 1.00000e+01 1.49671e+04 3.33500e-09 -6.12724e-04
 1.24520e+01 1.54657e+04 3.54298e-09 -6.12721e-04
 1.55052e+01 1.59790e+04 3.80717e-09 -6.12715e-04
 1.93070e+01 1.65105e+04 4.13068e-09 -6.12698e-04
 2.40410e+01 1.70743e+04 4.51474e-09 -6.12648e-04
 2.99358e+01 1.76657e+04 4.96772e-09 -6.12548e-04
 3.72759e+01 1.82860e+04 5.49837e-09 -6.12419e-04
 4.64159e+01 1.89424e+04 6.11555e-09 -6.12301e-04
 5.77969e+01 1.96362e+04 6.82997e-09 -6.12192e-04
 7.19686e+01 2.03645e+04 7.65828e-09 -6.12022e-04
 8.96151e+01 2.11371e+04 8.60849e-09 -6.11675e-04
 1.11588e+02 2.19527e+04 9.70066e-09 -6.10856e-04
 1.38950e+02 2.28175e+04 1.09454e-08 -6.08805e-04
 1.73020e+02 2.37356e+04 1.23636e-08 -6.03399e-04
 2.15443e+02 2.47115e+04 1.39784e-08 -5.88838e-04
 2.68270e+02 2.57505e+04 1.58086e-08 -5.49059e-04
 3.34048e+02 2.68629e+04 1.78843e-08 -4.44898e-04
 4.15956e+02 2.80441e+04 2.02348e-08 -1.76922e-04
 5.17947e+02 2.93328e+04 2.28823e-08 +4.14068e-04
 6.44947e+02 3.07650e+04 2.58639e-08 +1.54580e-03
 8.03086e+02 3.16886e+04 2.96577e-08 +6.23695e-03
 1.00000e+03 3.53184e+04 3.16015e-08 +1.85954e-03
