#n1=128 n2=4 Teff=08200 R=5.1779e+10 L=8.6366e+33 logg=+5.00
#      tau          T          rho         Fconv
  0.00000e+00  4.45433e+03  1.78947e-21 +0.00000e+00
  1.00000e-09  4.45433e+03  3.29230e-15 +0.00000e+00
  1.24520e-09  4.45557e+03  4.86909e-15 +0.00000e+00
  1.55052e-09  4.45743e+03  7.17586e-15 +0.00000e+00
  1.93070e-09  4.46005e+03  1.05130e-14 +0.00000e+00
  2.40410e-09  4.46354e+03  1.52880e-14 +0.00000e+00
  2.99358e-09  4.46796e+03  2.20550e-14 +0.00000e+00
  3.72759e-09  4.47334e+03  3.15745e-14 +0.00000e+00
  4.64159e-09  4.47966e+03  4.49024e-14 +0.00000e+00
  5.77969e-09  4.48690e+03  6.35181e-14 +0.00000e+00
  7.19686e-09  4.49514e+03  8.95037e-14 +0.00000e+00
  8.96151e-09  4.50450e+03  1.25812e-13 +0.00000e+00
  1.11588e-08  4.51523e+03  1.76654e-13 +0.00000e+00
  1.38950e-08  4.52766e+03  2.48030e-13 +0.00000e+00
  1.73020e-08  4.54217e+03  3.48267e-13 +0.00000e+00
  2.15443e-08  4.55907e+03  4.88784e-13 +0.00000e+00
  2.68270e-08  4.57858e+03  6.85062e-13 +0.00000e+00
  3.34048e-08  4.60076e+03  9.57564e-13 +0.00000e+00
  4.15956e-08  4.62547e+03  1.33278e-12 +0.00000e+00
  5.17947e-08  4.65242e+03  1.84461e-12 +0.00000e+00
  6.44947e-08  4.68120e+03  2.53621e-12 +0.00000e+00
  8.03086e-08  4.71136e+03  3.46215e-12 +0.00000e+00
  1.00000e-07  4.74243e+03  4.69043e-12 +0.00000e+00
  1.24520e-07  4.77401e+03  6.30430e-12 +0.00000e+00
  1.55052e-07  4.80573e+03  8.40530e-12 +0.00000e+00
  1.93070e-07  4.83731e+03  1.11165e-11 +0.00000e+00
  2.40410e-07  4.86855e+03  1.45846e-11 +0.00000e+00
  2.99358e-07  4.89932e+03  1.89803e-11 +0.00000e+00
  3.72759e-07  4.92965e+03  2.44994e-11 +0.00000e+00
  4.64159e-07  4.95970e+03  3.13612e-11 +0.00000e+00
  5.77969e-07  4.98970e+03  3.98074e-11 +0.00000e+00
  7.19686e-07  5.01996e+03  5.01038e-11 +0.00000e+00
  8.96151e-07  5.05079e+03  6.25467e-11 +0.00000e+00
  1.11588e-06  5.08250e+03  7.74702e-11 +0.00000e+00
  1.38950e-06  5.11526e+03  9.52538e-11 +0.00000e+00
  1.73020e-06  5.14906e+03  1.16327e-10 +0.00000e+00
  2.15443e-06  5.18370e+03  1.41173e-10 +0.00000e+00
  2.68270e-06  5.21883e+03  1.70333e-10 +0.00000e+00
  3.34048e-06  5.25408e+03  2.04408e-10 +0.00000e+00
  4.15956e-06  5.28927e+03  2.44048e-10 +0.00000e+00
  5.17947e-06  5.32451e+03  2.89938e-10 +0.00000e+00
  6.44947e-06  5.36009e+03  3.42786e-10 +0.00000e+00
  8.03086e-06  5.39628e+03  4.03321e-10 +0.00000e+00
  1.00000e-05  5.43326e+03  4.72275e-10 +0.00000e+00
  1.24520e-05  5.47114e+03  5.50373e-10 +0.00000e+00
  1.55052e-05  5.50995e+03  6.38320e-10 +0.00000e+00
  1.93070e-05  5.54965e+03  7.36793e-10 +0.00000e+00
  2.40410e-05  5.59015e+03  8.46448e-10 +0.00000e+00
  2.99358e-05  5.63132e+03  9.67933e-10 +0.00000e+00
  3.72759e-05  5.67307e+03  1.10188e-09 +0.00000e+00
  4.64159e-05  5.71540e+03  1.24891e-09 +0.00000e+00
  5.77969e-05  5.75833e+03  1.40964e-09 +0.00000e+00
  7.19686e-05  5.80180e+03  1.58474e-09 +0.00000e+00
  8.96151e-05  5.84572e+03  1.77496e-09 +0.00000e+00
  1.11588e-04  5.88993e+03  1.98124e-09 +0.00000e+00
  1.38950e-04  5.93427e+03  2.20469e-09 +0.00000e+00
  1.73020e-04  5.97860e+03  2.44671e-09 +0.00000e+00
  2.15443e-04  6.02279e+03  2.70901e-09 +0.00000e+00
  2.68270e-04  6.06673e+03  2.99363e-09 +0.00000e+00
  3.34048e-04  6.11032e+03  3.30305e-09 +0.00000e+00
  4.15956e-04  6.15352e+03  3.64016e-09 +0.00000e+00
  5.17947e-04  6.19632e+03  4.00824e-09 +0.00000e+00
  6.44947e-04  6.23874e+03  4.41107e-09 +0.00000e+00
  8.03086e-04  6.28079e+03  4.85327e-09 +0.00000e+00
  1.00000e-03  6.32252e+03  5.34005e-09 +0.00000e+00
  1.24520e-03  6.36397e+03  5.87725e-09 -2.54576e-07
  1.55052e-03  6.40522e+03  6.47121e-09 -3.16997e-07
  1.93070e-03  6.44634e+03  7.12908e-09 -3.94722e-07
  2.40410e-03  6.48743e+03  7.85895e-09 -4.91509e-07
  2.99358e-03  6.52859e+03  8.66931e-09 -6.12027e-07
  3.72759e-03  6.56994e+03  9.56937e-09 -7.62090e-07
  4.64159e-03  6.61159e+03  1.05686e-08 -9.48956e-07
  5.77969e-03  6.65365e+03  1.16768e-08 -1.18163e-06
  7.19686e-03  6.69628e+03  1.29045e-08 -1.47137e-06
  8.96151e-03  6.73964e+03  1.42630e-08 -1.83214e-06
  1.11588e-02  6.78392e+03  1.57641e-08 -2.28138e-06
  1.38950e-02  6.82949e+03  1.74191e-08 -2.84077e-06
  1.73020e-02  6.87671e+03  1.92394e-08 -3.53732e-06
  2.15443e-02  6.92660e+03  2.12326e-08 -4.40465e-06
  2.68270e-02  6.97991e+03  2.34047e-08 -5.48468e-06
  3.34048e-02  7.03834e+03  2.57524e-08 -6.82951e-06
  4.15956e-02  7.10313e+03  2.82658e-08 -8.50405e-06
  5.17947e-02  7.17552e+03  3.09267e-08 -1.05892e-05
  6.44947e-02  7.25746e+03  3.37025e-08 -1.31857e-05
  8.03086e-02  7.35092e+03  3.65474e-08 -1.64188e-05
  1.00000e-01  7.46017e+03  3.93823e-08 -2.04446e-05
  1.24520e-01  7.58940e+03  4.21024e-08 -2.54576e-05
  1.55052e-01  7.74010e+03  4.46059e-08 -3.16982e-05
  1.93070e-01  7.91508e+03  4.67789e-08 -3.94722e-05
  2.40410e-01  8.11608e+03  4.85176e-08 -4.91451e-05
  2.99358e-01  8.34747e+03  4.97052e-08 -6.10903e-05
  3.72759e-01  8.61648e+03  5.02026e-08 -7.42121e-05
  4.64159e-01  8.91764e+03  4.99950e-08 -6.16505e-05
  5.77969e-01  9.25032e+03  4.90727e-08 +5.43923e-04
  7.19686e-01  9.64688e+03  4.71028e-08 +7.68125e-03
  8.96151e-01  9.87139e+03  4.62924e-08 +7.59574e-03
  1.11588e+00  1.00463e+04  4.58396e-08 +1.05915e-02
  1.38950e+00  1.02079e+04  4.54862e-08 +1.62564e-02
  1.73020e+00  1.03649e+04  4.51749e-08 +2.36212e-02
  2.15443e+00  1.05213e+04  4.48815e-08 +3.25107e-02
  2.68270e+00  1.06810e+04  4.45760e-08 +4.32725e-02
  3.34048e+00  1.08459e+04  4.42435e-08 +5.24126e-02
  4.15956e+00  1.10100e+04  4.39525e-08 +5.69104e-02
  5.17947e+00  1.11742e+04  4.37100e-08 +6.03975e-02
  6.44947e+00  1.13408e+04  4.35080e-08 +6.31422e-02
  8.03086e+00  1.15116e+04  4.33428e-08 +6.53611e-02
  1.00000e+01  1.16883e+04  4.32137e-08 +6.71724e-02
  1.24520e+01  1.18723e+04  4.31227e-08 +6.86661e-02
  1.55052e+01  1.20651e+04  4.30757e-08 +6.99198e-02
  1.93070e+01  1.22679e+04  4.30849e-08 +7.09840e-02
  2.40410e+01  1.24820e+04  4.31556e-08 +7.18813e-02
  2.99358e+01  1.27098e+04  4.33203e-08 +7.26068e-02
  3.72759e+01  1.29538e+04  4.35931e-08 +7.32123e-02
  4.64159e+01  1.32171e+04  4.39809e-08 +7.36722e-02
  5.77969e+01  1.35077e+04  4.45096e-08 +7.38891e-02
  7.19686e+01  1.38423e+04  4.51249e-08 +7.37881e-02
  8.96151e+01  1.42432e+04  4.57710e-08 +7.34362e-02
  1.11588e+02  1.47400e+04  4.64983e-08 +7.26022e-02
  1.38950e+02  1.54283e+04  4.70956e-08 +6.98847e-02
  1.73020e+02  1.65183e+04  4.72867e-08 +6.39127e-02
  2.15443e+02  1.82730e+04  4.71520e-08 +5.45218e-02
  2.68270e+02  2.05428e+04  4.78101e-08 +4.30966e-02
  3.34048e+02  2.39746e+04  4.88746e-08 +5.89596e-03
  4.15956e+02  2.80751e+04  5.36428e-08 -5.69455e-04
  5.17947e+02  2.91932e+04  6.53599e-08 +6.33724e-04
  6.44947e+02  3.01862e+04  7.77922e-08 +6.62533e-03
  8.03086e+02  3.37777e+04  8.61889e-08 +7.97550e-04
  1.00000e+03  3.50864e+04  1.02207e-07 +7.21395e-03
