#n1=128 n2=4 Teff=08200 R=3.1877e+11 L=3.2720e+35 logg=+3.50
#   tau          T          rho         Fconv
 0.00000e+00 6.02007e+03 1.29032e-21 +0.00000e+00
 1.00000e-09 6.02007e+03 1.35315e-17 +0.00000e+00
 1.24520e-09 6.00944e+03 1.69099e-17 +0.00000e+00
 1.55052e-09 6.00092e+03 2.11290e-17 +0.00000e+00
 1.93070e-09 5.99416e+03 2.63985e-17 +0.00000e+00
 2.40410e-09 5.98887e+03 3.29804e-17 +0.00000e+00
 2.99358e-09 5.98480e+03 4.12028e-17 +0.00000e+00
 3.72759e-09 5.98173e+03 5.14777e-17 +0.00000e+00
 4.64159e-09 5.97946e+03 6.43240e-17 +0.00000e+00
 5.77969e-09 5.97785e+03 8.03996e-17 +0.00000e+00
 7.19686e-09 5.97676e+03 1.00546e-16 +0.00000e+00
 8.96151e-09 5.97608e+03 1.25856e-16 +0.00000e+00
 1.11588e-08 5.97574e+03 1.57764e-16 +0.00000e+00
 1.38950e-08 5.97563e+03 1.98152e-16 +0.00000e+00
 1.73020e-08 5.97570e+03 2.49419e-16 +0.00000e+00
 2.15443e-08 5.97587e+03 3.14517e-16 +0.00000e+00
 2.68270e-08 5.97608e+03 3.96885e-16 +0.00000e+00
 3.34048e-08 5.97627e+03 5.01148e-16 +0.00000e+00
 4.15956e-08 5.97637e+03 6.33655e-16 +0.00000e+00
 5.17947e-08 5.97633e+03 8.03126e-16 +0.00000e+00
 6.44947e-08 5.97610e+03 1.02230e-15 +0.00000e+00
 8.03086e-08 5.97566e+03 1.31087e-15 +0.00000e+00
 1.00000e-07 5.97503e+03 1.70260e-15 +0.00000e+00
 1.24520e-07 5.97436e+03 2.25815e-15 +0.00000e+00
 1.55052e-07 5.97380e+03 3.06534e-15 +0.00000e+00
 1.93070e-07 5.97218e+03 4.15970e-15 +0.00000e+00
 2.40410e-07 5.96950e+03 5.65066e-15 +0.00000e+00
 2.99358e-07 5.96575e+03 7.69607e-15 +0.00000e+00
 3.72759e-07 5.96075e+03 1.05168e-14 +0.00000e+00
 4.64159e-07 5.95422e+03 1.44275e-14 +0.00000e+00
 5.77969e-07 5.94583e+03 1.98756e-14 +0.00000e+00
 7.19686e-07 5.93513e+03 2.74945e-14 +0.00000e+00
 8.96151e-07 5.92165e+03 3.81839e-14 +0.00000e+00
 1.11588e-06 5.90502e+03 5.32293e-14 +0.00000e+00
 1.38950e-06 5.88515e+03 7.44890e-14 +0.00000e+00
 1.73020e-06 5.86393e+03 1.04615e-13 +0.00000e+00
 2.15443e-06 5.84034e+03 1.47504e-13 +0.00000e+00
 2.68270e-06 5.81950e+03 2.08633e-13 +0.00000e+00
 3.34048e-06 5.80218e+03 2.95532e-13 +0.00000e+00
 4.15956e-06 5.78991e+03 4.18698e-13 +0.00000e+00
 5.17947e-06 5.77895e+03 5.93050e-13 +0.00000e+00
 6.44947e-06 5.77908e+03 8.35981e-13 +0.00000e+00
 8.03086e-06 5.78038e+03 1.17431e-12 +0.00000e+00
 1.00000e-05 5.78817e+03 1.63894e-12 +0.00000e+00
 1.24520e-05 5.80247e+03 2.26851e-12 +0.00000e+00
 1.55052e-05 5.81866e+03 3.11677e-12 +0.00000e+00
 1.93070e-05 5.84539e+03 4.23934e-12 +0.00000e+00
 2.40410e-05 5.87721e+03 5.71628e-12 +0.00000e+00
 2.99358e-05 5.91063e+03 7.64589e-12 +0.00000e+00
 3.72759e-05 5.94872e+03 1.01377e-11 +0.00000e+00
 4.64159e-05 5.99142e+03 1.33237e-11 +0.00000e+00
 5.77969e-05 6.03419e+03 1.73708e-11 +0.00000e+00
 7.19686e-05 6.07767e+03 2.24444e-11 +0.00000e+00
 8.96151e-05 6.12114e+03 2.87209e-11 +0.00000e+00
 1.11588e-04 6.16254e+03 3.63953e-11 +0.00000e+00
 1.38950e-04 6.20105e+03 4.56685e-11 +0.00000e+00
 1.73020e-04 6.23621e+03 5.67631e-11 +0.00000e+00
 2.15443e-04 6.26787e+03 6.99366e-11 +0.00000e+00
 2.68270e-04 6.29620e+03 8.54948e-11 +0.00000e+00
 3.34048e-04 6.32157e+03 1.03804e-10 +0.00000e+00
 4.15956e-04 6.34447e+03 1.25297e-10 +0.00000e+00
 5.17947e-04 6.36547e+03 1.50479e-10 +0.00000e+00
 6.44947e-04 6.38506e+03 1.79925e-10 +0.00000e+00
 8.03086e-04 6.40366e+03 2.14290e-10 +0.00000e+00
 1.00000e-03 6.42156e+03 2.54307e-10 +0.00000e+00
 1.24520e-03 6.43898e+03 3.00804e-10 -2.54679e-07
 1.55052e-03 6.45606e+03 3.54727e-10 -3.17126e-07
 1.93070e-03 6.47297e+03 4.17125e-10 -3.94882e-07
 2.40410e-03 6.48987e+03 4.89198e-10 -4.91709e-07
 2.99358e-03 6.50691e+03 5.72274e-10 -6.12275e-07
 3.72759e-03 6.52431e+03 6.67824e-10 -7.62399e-07
 4.64159e-03 6.54232e+03 7.77423e-10 -9.49341e-07
 5.77969e-03 6.56125e+03 9.02780e-10 -1.18211e-06
 7.19686e-03 6.58139e+03 1.04569e-09 -1.47197e-06
 8.96151e-03 6.60316e+03 1.20791e-09 -1.83289e-06
 1.11588e-02 6.62700e+03 1.39123e-09 -2.28231e-06
 1.38950e-02 6.65344e+03 1.59734e-09 -2.84192e-06
 1.73020e-02 6.68306e+03 1.82764e-09 -3.53875e-06
 2.15443e-02 6.71658e+03 2.08316e-09 -4.40644e-06
 2.68270e-02 6.75481e+03 2.36436e-09 -5.48690e-06
 3.34048e-02 6.79868e+03 2.67078e-09 -6.83228e-06
 4.15956e-02 6.84929e+03 3.00084e-09 -8.50750e-06
 5.17947e-02 6.90792e+03 3.35150e-09 -1.05935e-05
 6.44947e-02 6.97610e+03 3.71785e-09 -1.31910e-05
 8.03086e-02 7.05558e+03 4.09277e-09 -1.64254e-05
 1.00000e-01 7.14849e+03 4.46665e-09 -2.04529e-05
 1.24520e-01 7.25732e+03 4.82724e-09 -2.54679e-05
 1.55052e-01 7.38501e+03 5.15959e-09 -3.17126e-05
 1.93070e-01 7.53501e+03 5.44650e-09 -3.94882e-05
 2.40410e-01 7.71131e+03 5.66918e-09 -4.91709e-05
 2.99358e-01 7.91839e+03 5.80850e-09 -6.12271e-05
 3.72759e-01 8.16076e+03 5.84680e-09 -7.62302e-05
 4.64159e-01 8.44207e+03 5.77046e-09 -9.46066e-05
 5.77969e-01 8.76317e+03 5.57365e-09 -1.06650e-04
 7.19686e-01 9.11765e+03 5.26649e-09 +1.71611e-04
 8.96151e-01 9.47645e+03 4.89965e-09 +2.72380e-03
 1.11588e+00 9.72318e+03 4.65550e-09 +4.84825e-03
 1.38950e+00 9.94153e+03 4.44422e-09 +8.67141e-03
 1.73020e+00 1.01576e+04 4.23921e-09 +1.40111e-02
 2.15443e+00 1.03826e+04 4.03282e-09 +2.02068e-02
 2.68270e+00 1.06277e+04 3.82055e-09 +2.64717e-02
 3.34048e+00 1.09070e+04 3.59986e-09 +2.94404e-02
 4.15956e+00 1.12346e+04 3.37722e-09 +2.62166e-02
 5.17947e+00 1.16518e+04 3.14998e-09 +1.59477e-02
 6.44947e+00 1.22137e+04 2.93072e-09 +2.43160e-03
 8.03086e+00 1.18264e+04 3.20888e-09 +1.51153e-02
 1.00000e+01 1.26405e+04 2.93837e-09 +1.01621e-04
 1.24520e+01 1.24154e+04 3.14440e-09 +3.47249e-03
 1.55052e+01 1.27589e+04 3.14854e-09 +7.15791e-04
 1.93070e+01 1.31933e+04 3.16690e-09 -3.45040e-04
 2.40410e+01 1.37626e+04 3.20042e-09 -5.77402e-04
 2.99358e+01 1.47611e+04 3.19739e-09 -6.11225e-04
 3.72759e+01 1.75711e+04 2.97574e-09 -6.13559e-04
 4.64159e+01 1.80550e+04 3.34252e-09 -6.13512e-04
 5.77969e+01 1.86417e+04 3.74351e-09 -6.13465e-04
 7.19686e+01 1.92624e+04 4.20251e-09 -6.13395e-04
 8.96151e+01 1.99312e+04 4.72502e-09 -6.13290e-04
 1.11588e+02 2.06374e+04 5.32293e-09 -6.13060e-04
 1.38950e+02 2.13919e+04 6.00365e-09 -6.12533e-04
 1.73020e+02 2.21931e+04 6.77781e-09 -6.11167e-04
 2.15443e+02 2.30493e+04 7.65797e-09 -6.07522e-04
 2.68270e+02 2.39585e+04 8.65693e-09 -5.97262e-04
 3.34048e+02 2.49438e+04 9.78755e-09 -5.69897e-04
 4.15956e+02 2.59681e+04 1.10767e-08 -4.90249e-04
 5.17947e+02 2.71287e+04 1.25127e-08 -3.10481e-04
 6.44947e+02 2.83048e+04 1.41723e-08 +1.77378e-04
 8.03086e+02 2.95701e+04 1.60374e-08 +1.25724e-03
 1.00000e+03 3.12344e+04 1.80033e-08 +2.35185e-03
