#n1=128 n2=4 Teff=09600 R=5.9070e+12 L=2.1081e+38 logg=+1.50
#   tau          T          rho         Fconv
 0.00000e+00 6.69440e+03 1.12066e-21 +0.00000e+00
 1.00000e-09 6.69440e+03 9.86694e-20 +0.00000e+00
 1.24520e-09 6.67791e+03 1.23708e-19 +0.00000e+00
 1.55052e-09 6.66492e+03 1.54969e-19 +0.00000e+00
 1.93070e-09 6.65375e+03 1.93995e-19 +0.00000e+00
 2.40410e-09 6.64315e+03 2.42795e-19 +0.00000e+00
 2.99358e-09 6.63208e+03 3.03629e-19 +0.00000e+00
 3.72759e-09 6.61821e+03 3.80132e-19 +0.00000e+00
 4.64159e-09 6.56616e+03 4.77954e-19 +0.00000e+00
 5.77969e-09 6.21681e+03 6.31943e-19 +0.00000e+00
 7.19686e-09 6.00536e+03 8.19811e-19 +0.00000e+00
 8.96151e-09 5.88947e+03 1.04689e-18 +0.00000e+00
 1.11588e-08 5.83445e+03 1.32199e-18 +0.00000e+00
 1.38950e-08 5.80018e+03 1.66265e-18 +0.00000e+00
 1.73020e-08 5.77636e+03 2.08651e-18 +0.00000e+00
 2.15443e-08 5.75919e+03 2.61458e-18 +0.00000e+00
 2.68270e-08 5.74672e+03 3.27277e-18 +0.00000e+00
 3.34048e-08 5.73775e+03 4.09325e-18 +0.00000e+00
 4.15956e-08 5.73147e+03 5.11612e-18 +0.00000e+00
 5.17947e-08 5.72730e+03 6.39133e-18 +0.00000e+00
 6.44947e-08 5.72481e+03 7.98114e-18 +0.00000e+00
 8.03086e-08 5.72368e+03 9.96313e-18 +0.00000e+00
 1.00000e-07 5.72369e+03 1.24340e-17 +0.00000e+00
 1.24520e-07 5.72467e+03 1.55141e-17 +0.00000e+00
 1.55052e-07 5.72649e+03 1.93535e-17 +0.00000e+00
 1.93070e-07 5.72907e+03 2.41393e-17 +0.00000e+00
 2.40410e-07 5.73233e+03 3.01042e-17 +0.00000e+00
 2.99358e-07 5.73625e+03 3.75383e-17 +0.00000e+00
 3.72759e-07 5.74079e+03 4.68032e-17 +0.00000e+00
 4.64159e-07 5.74596e+03 5.83490e-17 +0.00000e+00
 5.77969e-07 5.75178e+03 7.27369e-17 +0.00000e+00
 7.19686e-07 5.75826e+03 9.06653e-17 +0.00000e+00
 8.96151e-07 5.76547e+03 1.13003e-16 +0.00000e+00
 1.11588e-06 5.77346e+03 1.40829e-16 +0.00000e+00
 1.38950e-06 5.78231e+03 1.75483e-16 +0.00000e+00
 1.73020e-06 5.79213e+03 2.18631e-16 +0.00000e+00
 2.15443e-06 5.80304e+03 2.72341e-16 +0.00000e+00
 2.68270e-06 5.81515e+03 3.39183e-16 +0.00000e+00
 3.34048e-06 5.82863e+03 4.22346e-16 +0.00000e+00
 4.15956e-06 5.84365e+03 5.25791e-16 +0.00000e+00
 5.17947e-06 5.86037e+03 6.54430e-16 +0.00000e+00
 6.44947e-06 5.87899e+03 8.14351e-16 +0.00000e+00
 8.03086e-06 5.89970e+03 1.01309e-15 +0.00000e+00
 1.00000e-05 5.92271e+03 1.25993e-15 +0.00000e+00
 1.24520e-05 5.94820e+03 1.56639e-15 +0.00000e+00
 1.55052e-05 5.97634e+03 1.94674e-15 +0.00000e+00
 1.93070e-05 6.00731e+03 2.41862e-15 +0.00000e+00
 2.40410e-05 6.04123e+03 3.00382e-15 +0.00000e+00
 2.99358e-05 6.07819e+03 3.72930e-15 +0.00000e+00
 3.72759e-05 6.11822e+03 4.62845e-15 +0.00000e+00
 4.64159e-05 6.16131e+03 5.74262e-15 +0.00000e+00
 5.77969e-05 6.20733e+03 7.12296e-15 +0.00000e+00
 7.19686e-05 6.25610e+03 8.83272e-15 +0.00000e+00
 8.96151e-05 6.30740e+03 1.09499e-14 +0.00000e+00
 1.11588e-04 6.36086e+03 1.35712e-14 +0.00000e+00
 1.38950e-04 6.41608e+03 1.68159e-14 +0.00000e+00
 1.73020e-04 6.47254e+03 2.08319e-14 +0.00000e+00
 2.15443e-04 6.52967e+03 2.58026e-14 +0.00000e+00
 2.68270e-04 6.58683e+03 3.19558e-14 +0.00000e+00
 3.34048e-04 6.64338e+03 3.95732e-14 +0.00000e+00
 4.15956e-04 6.69885e+03 4.90032e-14 +0.00000e+00
 5.17947e-04 6.75289e+03 6.06764e-14 +0.00000e+00
 6.44947e-04 6.80546e+03 7.51237e-14 +0.00000e+00
 8.03086e-04 6.85679e+03 9.29984e-14 +0.00000e+00
 1.00000e-03 6.90728e+03 1.15102e-13 +0.00000e+00
 1.24520e-03 6.95746e+03 1.42415e-13 -2.54991e-07
 1.55052e-03 7.00776e+03 1.76142e-13 -3.17513e-07
 1.93070e-03 7.05845e+03 2.17766e-13 -3.95367e-07
 2.40410e-03 7.10961e+03 2.69126e-13 -4.92309e-07
 2.99358e-03 7.16127e+03 3.32514e-13 -6.13023e-07
 3.72759e-03 7.21338e+03 4.10792e-13 -7.63333e-07
 4.64159e-03 7.26599e+03 5.07547e-13 -9.50501e-07
 5.77969e-03 7.31925e+03 6.27255e-13 -1.18356e-06
 7.19686e-03 7.37342e+03 7.75444e-13 -1.47377e-06
 8.96151e-03 7.42886e+03 9.58806e-13 -1.83513e-06
 1.11588e-02 7.48608e+03 1.18521e-12 -2.28509e-06
 1.38950e-02 7.54571e+03 1.46356e-12 -2.84539e-06
 1.73020e-02 7.60849e+03 1.80329e-12 -3.54309e-06
 2.15443e-02 7.67534e+03 2.21362e-12 -4.41184e-06
 2.68270e-02 7.74732e+03 2.70268e-12 -5.49360e-06
 3.34048e-02 7.82580e+03 3.27636e-12 -6.84062e-06
 4.15956e-02 7.91226e+03 3.93754e-12 -8.51791e-06
 5.17947e-02 8.00848e+03 4.68572e-12 -1.06066e-05
 6.44947e-02 8.11641e+03 5.51758e-12 -1.32074e-05
 8.03086e-02 8.23817e+03 6.42889e-12 -1.64456e-05
 1.00000e-01 8.37600e+03 7.41743e-12 -2.04781e-05
 1.24520e-01 8.53215e+03 8.48645e-12 -2.54991e-05
 1.55052e-01 8.70868e+03 9.64798e-12 -3.17513e-05
 1.93070e-01 8.90756e+03 1.09240e-11 -3.95363e-05
 2.40410e-01 9.13062e+03 1.23464e-11 -4.92324e-05
 2.99358e-01 9.37890e+03 1.39567e-11 -6.13023e-05
 3.72759e-01 9.65037e+03 1.58079e-11 -7.65843e-05
 4.64159e-01 9.92920e+03 1.79826e-11 -9.50501e-05
 5.77969e-01 1.02348e+04 2.04938e-11 -1.18356e-04
 7.19686e-01 1.05804e+04 2.33789e-11 -1.47377e-04
 8.96151e-01 1.09223e+04 2.68032e-11 -1.83513e-04
 1.11588e+00 1.12904e+04 3.07638e-11 -2.28509e-04
 1.38950e+00 1.16691e+04 3.53808e-11 -2.84539e-04
 1.73020e+00 1.20560e+04 4.07370e-11 -3.54309e-04
 2.15443e+00 1.24974e+04 4.67669e-11 -4.41184e-04
 2.68270e+00 1.29446e+04 5.37223e-11 -5.49360e-04
 3.34048e+00 1.34033e+04 6.16476e-11 -6.14338e-04
 4.15956e+00 1.38637e+04 7.06648e-11 -6.14338e-04
 5.17947e+00 1.44542e+04 8.02606e-11 -6.14338e-04
 6.44947e+00 1.48591e+04 9.25471e-11 -6.14338e-04
 8.03086e+00 1.55261e+04 1.04868e-10 -6.14338e-04
 1.00000e+01 1.60492e+04 1.20473e-10 -6.14338e-04
 1.24520e+01 1.66976e+04 1.37611e-10 -6.14338e-04
 1.55052e+01 1.72980e+04 1.57988e-10 -6.14338e-04
 1.93070e+01 1.80772e+04 1.80191e-10 -6.14338e-04
 2.40410e+01 1.86196e+04 2.08221e-10 -6.14338e-04
 2.99358e+01 1.96344e+04 2.35859e-10 -6.14338e-04
 3.72759e+01 2.00947e+04 2.74388e-10 -6.14338e-04
 4.64159e+01 2.12952e+04 3.09236e-10 -6.14338e-04
 5.77969e+01 2.18595e+04 3.59004e-10 -6.14338e-04
 7.19686e+01 2.29568e+04 4.07311e-10 -6.14338e-04
 8.96151e+01 2.38897e+04 4.66811e-10 -6.14338e-04
 1.11588e+02 2.48322e+04 5.34929e-10 -6.14338e-04
 1.38950e+02 2.59957e+04 6.09133e-10 -6.14338e-04
 1.73020e+02 2.69948e+04 6.98530e-10 -6.14338e-04
 2.15443e+02 2.84355e+04 7.91426e-10 -6.14338e-04
 2.68270e+02 2.93485e+04 9.12726e-10 -6.14338e-04
 3.34048e+02 3.12237e+04 1.02403e-09 -6.14338e-04
 4.15956e+02 3.21825e+04 1.18300e-09 -6.14332e-04
 5.17947e+02 3.43522e+04 1.31743e-09 -6.14294e-04
 6.44947e+02 3.59473e+04 1.49878e-09 -6.14040e-04
 8.03086e+02 3.70290e+04 1.72466e-09 -6.12514e-04
 1.00000e+03 4.10191e+04 1.83241e-09 -6.14265e-04
