#n1=128 n2=4 Teff=09600 R=1.2753e+12 L=9.8541e+36 logg=+2.50
#   tau          T          rho         Fconv
 0.00000e+00 7.04192e+03 1.06252e-21 +0.00000e+00
 1.00000e-09 7.04192e+03 1.06827e-18 +0.00000e+00
 1.24520e-09 7.03309e+03 1.33562e-18 +0.00000e+00
 1.55052e-09 7.02301e+03 1.67014e-18 +0.00000e+00
 1.93070e-09 6.98697e+03 2.09367e-18 +0.00000e+00
 2.40410e-09 6.67993e+03 2.73184e-18 +0.00000e+00
 2.99358e-09 6.36656e+03 3.58167e-18 +0.00000e+00
 3.72759e-09 6.22696e+03 4.57324e-18 +0.00000e+00
 4.64159e-09 6.14568e+03 5.78323e-18 +0.00000e+00
 5.77969e-09 6.09702e+03 7.27312e-18 +0.00000e+00
 7.19686e-09 6.06520e+03 9.12004e-18 +0.00000e+00
 8.96151e-09 6.04287e+03 1.14165e-17 +0.00000e+00
 1.11588e-08 6.02668e+03 1.42750e-17 +0.00000e+00
 1.38950e-08 6.01482e+03 1.78347e-17 +0.00000e+00
 1.73020e-08 6.00608e+03 2.22690e-17 +0.00000e+00
 2.15443e-08 5.99973e+03 2.77932e-17 +0.00000e+00
 2.68270e-08 5.99522e+03 3.46756e-17 +0.00000e+00
 3.34048e-08 5.99218e+03 4.32504e-17 +0.00000e+00
 4.15956e-08 5.99031e+03 5.39340e-17 +0.00000e+00
 5.17947e-08 5.98940e+03 6.72451e-17 +0.00000e+00
 6.44947e-08 5.98929e+03 8.38297e-17 +0.00000e+00
 8.03086e-08 5.98984e+03 1.04493e-16 +0.00000e+00
 1.00000e-07 5.99097e+03 1.30239e-16 +0.00000e+00
 1.24520e-07 5.99259e+03 1.62317e-16 +0.00000e+00
 1.55052e-07 5.99465e+03 2.02289e-16 +0.00000e+00
 1.93070e-07 5.99710e+03 2.52102e-16 +0.00000e+00
 2.40410e-07 5.99993e+03 3.14189e-16 +0.00000e+00
 2.99358e-07 6.00310e+03 3.91590e-16 +0.00000e+00
 3.72759e-07 6.00661e+03 4.88100e-16 +0.00000e+00
 4.64159e-07 6.01048e+03 6.08434e-16 +0.00000e+00
 5.77969e-07 6.01471e+03 7.58412e-16 +0.00000e+00
 7.19686e-07 6.01934e+03 9.45331e-16 +0.00000e+00
 8.96151e-07 6.02440e+03 1.17828e-15 +0.00000e+00
 1.11588e-06 6.02994e+03 1.46858e-15 +0.00000e+00
 1.38950e-06 6.03602e+03 1.83039e-15 +0.00000e+00
 1.73020e-06 6.04270e+03 2.28140e-15 +0.00000e+00
 2.15443e-06 6.05008e+03 2.84377e-15 +0.00000e+00
 2.68270e-06 6.05822e+03 3.54527e-15 +0.00000e+00
 3.34048e-06 6.06725e+03 4.42061e-15 +0.00000e+00
 4.15956e-06 6.07727e+03 5.51300e-15 +0.00000e+00
 5.17947e-06 6.08842e+03 6.87598e-15 +0.00000e+00
 6.44947e-06 6.10084e+03 8.57604e-15 +0.00000e+00
 8.03086e-06 6.11472e+03 1.06966e-14 +0.00000e+00
 1.00000e-05 6.13022e+03 1.33418e-14 +0.00000e+00
 1.24520e-05 6.14757e+03 1.66418e-14 +0.00000e+00
 1.55052e-05 6.16697e+03 2.07591e-14 +0.00000e+00
 1.93070e-05 6.18867e+03 2.58959e-14 +0.00000e+00
 2.40410e-05 6.21290e+03 3.23015e-14 +0.00000e+00
 2.99358e-05 6.23989e+03 4.02814e-14 +0.00000e+00
 3.72759e-05 6.26986e+03 5.02083e-14 +0.00000e+00
 4.64159e-05 6.30296e+03 6.25359e-14 +0.00000e+00
 5.77969e-05 6.33930e+03 7.78148e-14 +0.00000e+00
 7.19686e-05 6.37888e+03 9.67134e-14 +0.00000e+00
 8.96151e-05 6.42163e+03 1.20046e-13 +0.00000e+00
 1.11588e-04 6.46736e+03 1.48804e-13 +0.00000e+00
 1.38950e-04 6.51578e+03 1.84206e-13 +0.00000e+00
 1.73020e-04 6.56650e+03 2.27768e-13 +0.00000e+00
 2.15443e-04 6.61907e+03 2.81395e-13 +0.00000e+00
 2.68270e-04 6.67301e+03 3.47506e-13 +0.00000e+00
 3.34048e-04 6.72776e+03 4.29202e-13 +0.00000e+00
 4.15956e-04 6.78280e+03 5.30487e-13 +0.00000e+00
 5.17947e-04 6.83764e+03 6.56580e-13 +0.00000e+00
 6.44947e-04 6.89191e+03 8.14382e-13 +0.00000e+00
 8.03086e-04 6.94535e+03 1.01315e-12 +0.00000e+00
 1.00000e-03 6.99788e+03 1.26535e-12 +0.00000e+00
 1.24520e-03 7.04954e+03 1.58759e-12 -2.54267e-07
 1.55052e-03 7.10051e+03 2.00149e-12 -3.16611e-07
 1.93070e-03 7.15104e+03 2.53471e-12 -3.94245e-07
 2.40410e-03 7.20145e+03 3.22145e-12 -4.90912e-07
 2.99358e-03 7.25207e+03 4.10232e-12 -6.11283e-07
 3.72759e-03 7.30318e+03 5.22382e-12 -7.61166e-07
 4.64159e-03 7.35500e+03 6.63674e-12 -9.47803e-07
 5.77969e-03 7.40769e+03 8.39330e-12 -1.18020e-06
 7.19686e-03 7.46141e+03 1.05451e-11 -1.46958e-06
 8.96151e-03 7.51642e+03 1.31382e-11 -1.82992e-06
 1.11588e-02 7.57314e+03 1.62081e-11 -2.27861e-06
 1.38950e-02 7.63217e+03 1.97745e-11 -2.83731e-06
 1.73020e-02 7.69425e+03 2.38397e-11 -3.53303e-06
 2.15443e-02 7.76031e+03 2.83797e-11 -4.39932e-06
 2.68270e-02 7.83144e+03 3.33447e-11 -5.47800e-06
 3.34048e-02 7.90897e+03 3.86505e-11 -6.82120e-06
 4.15956e-02 7.99430e+03 4.41816e-11 -8.49373e-06
 5.17947e-02 8.08907e+03 4.97883e-11 -1.05764e-05
 6.44947e-02 8.19508e+03 5.52974e-11 -1.31697e-05
 8.03086e-02 8.31433e+03 6.05233e-11 -1.63988e-05
 1.00000e-01 8.44898e+03 6.52939e-11 -2.04198e-05
 1.24520e-01 8.60133e+03 6.94880e-11 -2.54267e-05
 1.55052e-01 8.77366e+03 7.30806e-11 -3.16611e-05
 1.93070e-01 8.96818e+03 7.61830e-11 -3.94245e-05
 2.40410e-01 9.18692e+03 7.90580e-11 -4.90914e-05
 2.99358e-01 9.43092e+03 8.20983e-11 -6.11283e-05
 3.72759e-01 9.69828e+03 8.57812e-11 -7.61168e-05
 4.64159e-01 9.97570e+03 9.06871e-11 -9.47803e-05
 5.77969e-01 1.02783e+04 9.68323e-11 -1.18019e-04
 7.19686e-01 1.06169e+04 1.04375e-10 -1.46958e-04
 8.96151e-01 1.09532e+04 1.14051e-10 -1.82993e-04
 1.11588e+00 1.13111e+04 1.25761e-10 -2.27861e-04
 1.38950e+00 1.16767e+04 1.39929e-10 -2.83731e-04
 1.73020e+00 1.20485e+04 1.56806e-10 -3.53303e-04
 2.15443e+00 1.24664e+04 1.76208e-10 -4.39932e-04
 2.68270e+00 1.28863e+04 1.99089e-10 -5.47800e-04
 3.34048e+00 1.33106e+04 2.25693e-10 -6.12594e-04
 4.15956e+00 1.37342e+04 2.56329e-10 -6.12594e-04
 5.17947e+00 1.42665e+04 2.89515e-10 -6.12594e-04
 6.44947e+00 1.46200e+04 3.31341e-10 -6.12594e-04
 8.03086e+00 1.52159e+04 3.72444e-10 -6.12594e-04
 1.00000e+01 1.56692e+04 4.23858e-10 -6.12594e-04
 1.24520e+01 1.62326e+04 4.79131e-10 -6.12594e-04
 1.55052e+01 1.67512e+04 5.44336e-10 -6.12594e-04
 1.93070e+01 1.74334e+04 6.14458e-10 -6.12594e-04
 2.40410e+01 1.78746e+04 7.04132e-10 -6.12594e-04
 2.99358e+01 1.87940e+04 7.89911e-10 -6.12594e-04
 3.72759e+01 1.91148e+04 9.13930e-10 -6.12594e-04
 4.64159e+01 2.02466e+04 1.01938e-09 -6.12594e-04
 5.77969e+01 2.06427e+04 1.17880e-09 -6.12594e-04
 7.19686e+01 2.16524e+04 1.32505e-09 -6.12594e-04
 8.96151e+01 2.24772e+04 1.50845e-09 -6.12594e-04
 1.11588e+02 2.32814e+04 1.71935e-09 -6.12594e-04
 1.38950e+02 2.43460e+04 1.94429e-09 -6.12592e-04
 1.73020e+02 2.52165e+04 2.21867e-09 -6.12589e-04
 2.15443e+02 2.65692e+04 2.49831e-09 -6.12585e-04
 2.68270e+02 2.72443e+04 2.88017e-09 -6.12533e-04
 3.34048e+02 2.91050e+04 3.20652e-09 -6.12525e-04
 4.15956e+02 2.97293e+04 3.71729e-09 -6.11951e-04
 5.17947e+02 3.19026e+04 4.11680e-09 -6.11681e-04
 6.44947e+02 3.31540e+04 4.71963e-09 -6.06394e-04
 8.03086e+02 3.37976e+04 5.46841e-09 -5.51351e-04
 1.00000e+03 3.85694e+04 5.61671e-09 -5.40971e-04
