#n1=128 n2=4 Teff=09000 R=9.8486e+12 L=4.5292e+38 logg=+1.00
#   tau          T          rho         Fconv
 0.00000e+00 7.16990e+03 1.05768e-21 +0.00000e+00
 1.00000e-09 7.16990e+03 2.48816e-20 +0.00000e+00
 1.24520e-09 7.16794e+03 3.09390e-20 +0.00000e+00
 1.55052e-09 7.16593e+03 3.85282e-20 +0.00000e+00
 1.93070e-09 7.16404e+03 4.80341e-20 +0.00000e+00
 2.40410e-09 7.16247e+03 5.99390e-20 +0.00000e+00
 2.99358e-09 7.16139e+03 7.48432e-20 +0.00000e+00
 3.72759e-09 7.16093e+03 9.34997e-20 +0.00000e+00
 4.64159e-09 7.16116e+03 1.16847e-19 +0.00000e+00
 5.77969e-09 7.16208e+03 1.46059e-19 +0.00000e+00
 7.19686e-09 7.16367e+03 1.82605e-19 +0.00000e+00
 8.96151e-09 7.16585e+03 2.28321e-19 +0.00000e+00
 1.11588e-08 7.16853e+03 2.85505e-19 +0.00000e+00
 1.38950e-08 7.17159e+03 3.57030e-19 +0.00000e+00
 1.73020e-08 7.17493e+03 4.46490e-19 +0.00000e+00
 2.15443e-08 7.17842e+03 5.58385e-19 +0.00000e+00
 2.68270e-08 7.18194e+03 6.98344e-19 +0.00000e+00
 3.34048e-08 7.18539e+03 8.73413e-19 +0.00000e+00
 4.15956e-08 7.18864e+03 1.09241e-18 +0.00000e+00
 5.17947e-08 7.19159e+03 1.36640e-18 +0.00000e+00
 6.44947e-08 7.19412e+03 1.70920e-18 +0.00000e+00
 8.03086e-08 7.19610e+03 2.13817e-18 +0.00000e+00
 1.00000e-07 7.19740e+03 2.67504e-18 +0.00000e+00
 1.24520e-07 7.19786e+03 3.34710e-18 +0.00000e+00
 1.55052e-07 7.19729e+03 4.18858e-18 +0.00000e+00
 1.93070e-07 7.19543e+03 5.24254e-18 +0.00000e+00
 2.40410e-07 7.19194e+03 6.56314e-18 +0.00000e+00
 2.99358e-07 7.18636e+03 8.21873e-18 +0.00000e+00
 3.72759e-07 7.17803e+03 1.02958e-17 +0.00000e+00
 4.64159e-07 7.16591e+03 1.29046e-17 +0.00000e+00
 5.77969e-07 7.14778e+03 1.61879e-17 +0.00000e+00
 7.19686e-07 7.11684e+03 2.03431e-17 +0.00000e+00
 8.96151e-07 7.05870e+03 2.56637e-17 +0.00000e+00
 1.11588e-06 6.96237e+03 3.25560e-17 +0.00000e+00
 1.38950e-06 6.86038e+03 4.13424e-17 +0.00000e+00
 1.73020e-06 6.77041e+03 5.24185e-17 +0.00000e+00
 2.15443e-06 6.70074e+03 6.62704e-17 +0.00000e+00
 2.68270e-06 6.64815e+03 8.35744e-17 +0.00000e+00
 3.34048e-06 6.60599e+03 1.05234e-16 +0.00000e+00
 4.15956e-06 6.57108e+03 1.32366e-16 +0.00000e+00
 5.17947e-06 6.54215e+03 1.66346e-16 +0.00000e+00
 6.44947e-06 6.51860e+03 2.08882e-16 +0.00000e+00
 8.03086e-06 6.49987e+03 2.62108e-16 +0.00000e+00
 1.00000e-05 6.48533e+03 3.28687e-16 +0.00000e+00
 1.24520e-05 6.47425e+03 4.11962e-16 +0.00000e+00
 1.55052e-05 6.46594e+03 5.16132e-16 +0.00000e+00
 1.93070e-05 6.45979e+03 6.46473e-16 +0.00000e+00
 2.40410e-05 6.45523e+03 8.09580e-16 +0.00000e+00
 2.99358e-05 6.45179e+03 1.01373e-15 +0.00000e+00
 3.72759e-05 6.44903e+03 1.26932e-15 +0.00000e+00
 4.64159e-05 6.44657e+03 1.58942e-15 +0.00000e+00
 5.77969e-05 6.44400e+03 1.99050e-15 +0.00000e+00
 7.19686e-05 6.44094e+03 2.49327e-15 +0.00000e+00
 8.96151e-05 6.43694e+03 3.12384e-15 +0.00000e+00
 1.11588e-04 6.43149e+03 3.91515e-15 +0.00000e+00
 1.38950e-04 6.42398e+03 4.90873e-15 +0.00000e+00
 1.73020e-04 6.41265e+03 6.15821e-15 +0.00000e+00
 2.15443e-04 6.39816e+03 7.72944e-15 +0.00000e+00
 2.68270e-04 6.37702e+03 9.71111e-15 +0.00000e+00
 3.34048e-04 6.35013e+03 1.22109e-14 +0.00000e+00
 4.15956e-04 6.31464e+03 1.53730e-14 +0.00000e+00
 5.17947e-04 6.26920e+03 1.93836e-14 +0.00000e+00
 6.44947e-04 6.20982e+03 2.44939e-14 +0.00000e+00
 8.03086e-04 6.14872e+03 3.09710e-14 +0.00000e+00
 1.00000e-03 6.08030e+03 3.92219e-14 +0.00000e+00
 1.24520e-03 6.01749e+03 4.96511e-14 -2.54855e-07
 1.55052e-03 5.96286e+03 6.27901e-14 -3.17345e-07
 1.93070e-03 5.91290e+03 7.93559e-14 -3.95157e-07
 2.40410e-03 5.87854e+03 1.00040e-13 -4.92049e-07
 2.99358e-03 5.85542e+03 1.25917e-13 -6.12698e-07
 3.72759e-03 5.84468e+03 1.58273e-13 -7.62929e-07
 4.64159e-03 5.85508e+03 1.98544e-13 -9.49996e-07
 5.77969e-03 5.88727e+03 2.48898e-13 -1.18293e-06
 7.19686e-03 5.93095e+03 3.11643e-13 -1.47298e-06
 8.96151e-03 5.97790e+03 3.92413e-13 -1.83416e-06
 1.11588e-02 6.04072e+03 4.95724e-13 -2.28385e-06
 1.38950e-02 6.11670e+03 6.29151e-13 -2.84392e-06
 1.73020e-02 6.20068e+03 8.03250e-13 -3.54122e-06
 2.15443e-02 6.29499e+03 1.03065e-12 -4.40952e-06
 2.68270e-02 6.40119e+03 1.32637e-12 -5.49072e-06
 3.34048e-02 6.51358e+03 1.70956e-12 -6.83699e-06
 4.15956e-02 6.63475e+03 2.19583e-12 -8.51344e-06
 5.17947e-02 6.75587e+03 2.81647e-12 -1.06009e-05
 6.44947e-02 6.89926e+03 3.53738e-12 -1.32002e-05
 8.03086e-02 7.04889e+03 4.35001e-12 -1.64368e-05
 1.00000e-01 7.21515e+03 5.19461e-12 -2.04671e-05
 1.24520e-01 7.40131e+03 5.99906e-12 -2.54855e-05
 1.55052e-01 7.61460e+03 6.68794e-12 -3.17345e-05
 1.93070e-01 7.84098e+03 7.28326e-12 -3.95160e-05
 2.40410e-01 8.10396e+03 7.77231e-12 -4.92046e-05
 2.99358e-01 8.39030e+03 8.26856e-12 -6.12696e-05
 3.72759e-01 8.69711e+03 8.86241e-12 -7.63085e-05
 4.64159e-01 9.02153e+03 9.61760e-12 -9.50389e-05
 5.77969e-01 9.36118e+03 1.05763e-11 -1.18296e-04
 7.19686e-01 9.71398e+03 1.17730e-11 -1.47131e-04
 8.96151e-01 1.00768e+04 1.32456e-11 -1.83416e-04
 1.11588e+00 1.04425e+04 1.50411e-11 -2.28389e-04
 1.38950e+00 1.08158e+04 1.71945e-11 -2.84389e-04
 1.73020e+00 1.12137e+04 1.97265e-11 -3.54120e-04
 2.15443e+00 1.16730e+04 2.26305e-11 -4.40950e-04
 2.68270e+00 1.21204e+04 2.60951e-11 -5.49069e-04
 3.34048e+00 1.25751e+04 3.01230e-11 -6.14012e-04
 4.15956e+00 1.30485e+04 3.47262e-11 -6.14012e-04
 5.17947e+00 1.35445e+04 3.99423e-11 -6.14012e-04
 6.44947e+00 1.40629e+04 4.58657e-11 -6.14012e-04
 8.03086e+00 1.46149e+04 5.26208e-11 -6.14012e-04
 1.00000e+01 1.51826e+04 6.04796e-11 -6.14012e-04
 1.24520e+01 1.57909e+04 6.95487e-11 -6.14012e-04
 1.55052e+01 1.64056e+04 8.01714e-11 -6.14012e-04
 1.93070e+01 1.71104e+04 9.22090e-11 -6.14012e-04
 2.40410e+01 1.77151e+04 1.06796e-10 -6.14012e-04
 2.99358e+01 1.85889e+04 1.22295e-10 -6.14012e-04
 3.72759e+01 1.91527e+04 1.42363e-10 -6.14012e-04
 4.64159e+01 2.01731e+04 1.62381e-10 -6.14012e-04
 5.77969e+01 2.08531e+04 1.88549e-10 -6.14012e-04
 7.19686e+01 2.17944e+04 2.16364e-10 -6.14012e-04
 8.96151e+01 2.28263e+04 2.48207e-10 -6.14012e-04
 1.11588e+02 2.36366e+04 2.87420e-10 -6.14012e-04
 1.38950e+02 2.49267e+04 3.27431e-10 -6.14012e-04
 1.73020e+02 2.57836e+04 3.79593e-10 -6.14012e-04
 2.15443e+02 2.73495e+04 4.30575e-10 -6.14012e-04
 2.68270e+02 2.80794e+04 5.02553e-10 -6.14012e-04
 3.34048e+02 3.01945e+04 5.63041e-10 -6.14012e-04
 4.15956e+02 3.08423e+04 6.60918e-10 -6.14012e-04
 5.17947e+02 3.30366e+04 7.37654e-10 -6.14009e-04
 6.44947e+02 3.46960e+04 8.41439e-10 -6.13987e-04
 8.03086e+02 3.57411e+04 9.74713e-10 -6.13839e-04
 1.00000e+03 3.88870e+04 1.06059e-09 -6.13982e-04
