#n1=128 n2=4 Teff=09200 R=3.5769e+11 L=6.5342e+35 logg=+3.50
#   tau          T          rho         Fconv
 0.00000e+00 5.74414e+03 1.34763e-21 +0.00000e+00
 1.00000e-09 5.74414e+03 1.41196e-17 +0.00000e+00
 1.24520e-09 5.74302e+03 1.75924e-17 +0.00000e+00
 1.55052e-09 5.74239e+03 2.19184e-17 +0.00000e+00
 1.93070e-09 5.74216e+03 2.73074e-17 +0.00000e+00
 2.40410e-09 5.74226e+03 3.40210e-17 +0.00000e+00
 2.99358e-09 5.74266e+03 4.23857e-17 +0.00000e+00
 3.72759e-09 5.74330e+03 5.28082e-17 +0.00000e+00
 4.64159e-09 5.74416e+03 6.57962e-17 +0.00000e+00
 5.77969e-09 5.74519e+03 8.19829e-17 +0.00000e+00
 7.19686e-09 5.74638e+03 1.02158e-16 +0.00000e+00
 8.96151e-09 5.74771e+03 1.27308e-16 +0.00000e+00
 1.11588e-08 5.74916e+03 1.58662e-16 +0.00000e+00
 1.38950e-08 5.75072e+03 1.97756e-16 +0.00000e+00
 1.73020e-08 5.75240e+03 2.46509e-16 +0.00000e+00
 2.15443e-08 5.75419e+03 3.07321e-16 +0.00000e+00
 2.68270e-08 5.75608e+03 3.83200e-16 +0.00000e+00
 3.34048e-08 5.75809e+03 4.77928e-16 +0.00000e+00
 4.15956e-08 5.76020e+03 5.96269e-16 +0.00000e+00
 5.17947e-08 5.76243e+03 7.44232e-16 +0.00000e+00
 6.44947e-08 5.76476e+03 9.29449e-16 +0.00000e+00
 8.03086e-08 5.76720e+03 1.16160e-15 +0.00000e+00
 1.00000e-07 5.76974e+03 1.45274e-15 +0.00000e+00
 1.24520e-07 5.77237e+03 1.81739e-15 +0.00000e+00
 1.55052e-07 5.77508e+03 2.27421e-15 +0.00000e+00
 1.93070e-07 5.77787e+03 2.84661e-15 +0.00000e+00
 2.40410e-07 5.78074e+03 3.56408e-15 +0.00000e+00
 2.99358e-07 5.78368e+03 4.46414e-15 +0.00000e+00
 3.72759e-07 5.78671e+03 5.59495e-15 +0.00000e+00
 4.64159e-07 5.78985e+03 7.01893e-15 +0.00000e+00
 5.77969e-07 5.79313e+03 8.81751e-15 +0.00000e+00
 7.19686e-07 5.79661e+03 1.10969e-14 +0.00000e+00
 8.96151e-07 5.80033e+03 1.39950e-14 +0.00000e+00
 1.11588e-06 5.80437e+03 1.76897e-14 +0.00000e+00
 1.38950e-06 5.80884e+03 2.24078e-14 +0.00000e+00
 1.73020e-06 5.81385e+03 2.84376e-14 +0.00000e+00
 2.15443e-06 5.81956e+03 3.61653e-14 +0.00000e+00
 2.68270e-06 5.82616e+03 4.61135e-14 +0.00000e+00
 3.34048e-06 5.83392e+03 5.89712e-14 +0.00000e+00
 4.15956e-06 5.84315e+03 7.56301e-14 +0.00000e+00
 5.17947e-06 5.85420e+03 9.72254e-14 +0.00000e+00
 6.44947e-06 5.86745e+03 1.25200e-13 +0.00000e+00
 8.03086e-06 5.88325e+03 1.61397e-13 +0.00000e+00
 1.00000e-05 5.90186e+03 2.08171e-13 +0.00000e+00
 1.24520e-05 5.92343e+03 2.68526e-13 +0.00000e+00
 1.55052e-05 5.94802e+03 3.46315e-13 +0.00000e+00
 1.93070e-05 5.97567e+03 4.46506e-13 +0.00000e+00
 2.40410e-05 6.00648e+03 5.75550e-13 +0.00000e+00
 2.99358e-05 6.04068e+03 7.41918e-13 +0.00000e+00
 3.72759e-05 6.07865e+03 9.56876e-13 +0.00000e+00
 4.64159e-05 6.12077e+03 1.23565e-12 +0.00000e+00
 5.77969e-05 6.16738e+03 1.59903e-12 +0.00000e+00
 7.19686e-05 6.21860e+03 2.07533e-12 +0.00000e+00
 8.96151e-05 6.27424e+03 2.70311e-12 +0.00000e+00
 1.11588e-04 6.33365e+03 3.53449e-12 +0.00000e+00
 1.38950e-04 6.39557e+03 4.63867e-12 +0.00000e+00
 1.73020e-04 6.45826e+03 6.10598e-12 +0.00000e+00
 2.15443e-04 6.51985e+03 8.05220e-12 +0.00000e+00
 2.68270e-04 6.57886e+03 1.06224e-11 +0.00000e+00
 3.34048e-04 6.63463e+03 1.39932e-11 +0.00000e+00
 4.15956e-04 6.68734e+03 1.83721e-11 +0.00000e+00
 5.17947e-04 6.73765e+03 2.39938e-11 +0.00000e+00
 6.44947e-04 6.78627e+03 3.11146e-11 +0.00000e+00
 8.03086e-04 6.83368e+03 4.00043e-11 +0.00000e+00
 1.00000e-03 6.88011e+03 5.09438e-11 +0.00000e+00
 1.24520e-03 6.92570e+03 6.42119e-11 -2.54430e-07
 1.55052e-03 6.97052e+03 8.00920e-11 -3.16815e-07
 1.93070e-03 7.01470e+03 9.88778e-11 -3.94499e-07
 2.40410e-03 7.05835e+03 1.20856e-10 -4.91228e-07
 2.99358e-03 7.10168e+03 1.46338e-10 -6.11677e-07
 3.72759e-03 7.14491e+03 1.75618e-10 -7.61657e-07
 4.64159e-03 7.18832e+03 2.09003e-10 -9.48412e-07
 5.77969e-03 7.23223e+03 2.46798e-10 -1.18096e-06
 7.19686e-03 7.27700e+03 2.89282e-10 -1.47053e-06
 8.96151e-03 7.32309e+03 3.36721e-10 -1.83110e-06
 1.11588e-02 7.37098e+03 3.89319e-10 -2.28008e-06
 1.38950e-02 7.42131e+03 4.47195e-10 -2.83915e-06
 1.73020e-02 7.47477e+03 5.10348e-10 -3.53531e-06
 2.15443e-02 7.53224e+03 5.78589e-10 -4.40214e-06
 2.68270e-02 7.59468e+03 6.51472e-10 -5.48153e-06
 3.34048e-02 7.66333e+03 7.28218e-10 -6.82560e-06
 4.15956e-02 7.73956e+03 8.07624e-10 -8.49922e-06
 5.17947e-02 7.82498e+03 8.87968e-10 -1.05832e-05
 6.44947e-02 7.92143e+03 9.66948e-10 -1.31781e-05
 8.03086e-02 8.03093e+03 1.04168e-09 -1.64093e-05
 1.00000e-01 8.15565e+03 1.10874e-09 -2.04327e-05
 1.24520e-01 8.29788e+03 1.16436e-09 -2.54428e-05
 1.55052e-01 8.45983e+03 1.20468e-09 -3.16815e-05
 1.93070e-01 8.64374e+03 1.22619e-09 -3.94499e-05
 2.40410e-01 8.85169e+03 1.22626e-09 -4.91226e-05
 2.99358e-01 9.08533e+03 1.20391e-09 -6.11662e-05
 3.72759e-01 9.34401e+03 1.16147e-09 -7.61546e-05
 4.64159e-01 9.61863e+03 1.10764e-09 -9.47930e-05
 5.77969e-01 9.92078e+03 1.04553e-09 -1.17972e-04
 7.19686e-01 1.02577e+04 9.82156e-10 -1.46928e-04
 8.96151e-01 1.06004e+04 9.33895e-10 -1.83064e-04
 1.11588e+00 1.09642e+04 9.00213e-10 -2.28000e-04
 1.38950e+00 1.13370e+04 8.84097e-10 -2.83915e-04
 1.73020e+00 1.17173e+04 8.84365e-10 -3.53529e-04
 2.15443e+00 1.21399e+04 8.96754e-10 -4.40214e-04
 2.68270e+00 1.25594e+04 9.26367e-10 -5.48153e-04
 3.34048e+00 1.29820e+04 9.72715e-10 -6.12988e-04
 4.15956e+00 1.34161e+04 1.03605e-09 -6.12988e-04
 5.17947e+00 1.38614e+04 1.11774e-09 -6.12988e-04
 6.44947e+00 1.43031e+04 1.22017e-09 -6.12988e-04
 8.03086e+00 1.47977e+04 1.34006e-09 -6.12988e-04
 1.00000e+01 1.52540e+04 1.48702e-09 -6.12988e-04
 1.24520e+01 1.57724e+04 1.65241e-09 -6.12988e-04
 1.55052e+01 1.62613e+04 1.84816e-09 -6.12988e-04
 1.93070e+01 1.68874e+04 2.05814e-09 -6.12988e-04
 2.40410e+01 1.73065e+04 2.32998e-09 -6.12986e-04
 2.99358e+01 1.81547e+04 2.58327e-09 -6.12986e-04
 3.72759e+01 1.84598e+04 2.96374e-09 -6.12978e-04
 4.64159e+01 1.95193e+04 3.27630e-09 -6.12986e-04
 5.77969e+01 1.99005e+04 3.76510e-09 -6.12973e-04
 7.19686e+01 2.07775e+04 4.22049e-09 -6.12971e-04
 8.96151e+01 2.17275e+04 4.75301e-09 -6.12966e-04
 1.11588e+02 2.22161e+04 5.46062e-09 -6.12821e-04
 1.38950e+02 2.34457e+04 6.09553e-09 -6.12806e-04
 1.73020e+02 2.41313e+04 6.97538e-09 -6.11992e-04
 2.15443e+02 2.54938e+04 7.82039e-09 -6.11561e-04
 2.68270e+02 2.58499e+04 9.07383e-09 -5.96200e-04
 3.34048e+02 2.82251e+04 9.85746e-09 -6.08035e-04
 4.15956e+02 2.78722e+04 1.17581e-08 -4.08487e-04
 5.17947e+02 3.06493e+04 1.26937e-08 -5.55111e-04
 6.44947e+02 3.16344e+04 1.46576e-08 -2.66556e-04
 8.03086e+02 3.19900e+04 1.70657e-08 +2.22180e-03
 1.00000e+03 3.75149e+04 1.70862e-08 -2.36751e-04
