#n1=128 n2=4 Teff=09800 R=6.1832e+10 L=2.5120e+34 logg=+5.00
#   tau          T          rho         Fconv
 0.00000e+00 8.16250e+03 9.15338e-22 +0.00000e+00
 1.00000e-09 8.16250e+03 3.17317e-16 +0.00000e+00
 1.24520e-09 8.13750e+03 3.97725e-16 +0.00000e+00
 1.55052e-09 8.10807e+03 4.98873e-16 +0.00000e+00
 1.93070e-09 8.07333e+03 6.26337e-16 +0.00000e+00
 2.40410e-09 8.03325e+03 7.87225e-16 +0.00000e+00
 2.99358e-09 7.98909e+03 9.90514e-16 +0.00000e+00
 3.72759e-09 7.94479e+03 1.24722e-15 +0.00000e+00
 4.64159e-09 7.90132e+03 1.57156e-15 +0.00000e+00
 5.77969e-09 7.86212e+03 1.98084e-15 +0.00000e+00
 7.19686e-09 7.82843e+03 2.49710e-15 +0.00000e+00
 8.96151e-09 7.80023e+03 3.14823e-15 +0.00000e+00
 1.11588e-08 7.77681e+03 3.96962e-15 +0.00000e+00
 1.38950e-08 7.75715e+03 5.00660e-15 +0.00000e+00
 1.73020e-08 7.74029e+03 6.31597e-15 +0.00000e+00
 2.15443e-08 7.72490e+03 7.97232e-15 +0.00000e+00
 2.68270e-08 7.71171e+03 1.00715e-14 +0.00000e+00
 3.34048e-08 7.70014e+03 1.27362e-14 +0.00000e+00
 4.15956e-08 7.68899e+03 1.61188e-14 +0.00000e+00
 5.17947e-08 7.67803e+03 2.04145e-14 +0.00000e+00
 6.44947e-08 7.66681e+03 2.58775e-14 +0.00000e+00
 8.03086e-08 7.65495e+03 3.28417e-14 +0.00000e+00
 1.00000e-07 7.64204e+03 4.17534e-14 +0.00000e+00
 1.24520e-07 7.62769e+03 5.32130e-14 +0.00000e+00
 1.55052e-07 7.61147e+03 6.80320e-14 +0.00000e+00
 1.93070e-07 7.59275e+03 8.72985e-14 +0.00000e+00
 2.40410e-07 7.57068e+03 1.12461e-13 +0.00000e+00
 2.99358e-07 7.54420e+03 1.45440e-13 +0.00000e+00
 3.72759e-07 7.51207e+03 1.88814e-13 +0.00000e+00
 4.64159e-07 7.47325e+03 2.46138e-13 +0.00000e+00
 5.77969e-07 7.42758e+03 3.22417e-13 +0.00000e+00
 7.19686e-07 7.37556e+03 4.24650e-13 +0.00000e+00
 8.96151e-07 7.31850e+03 5.62647e-13 +0.00000e+00
 1.11588e-06 7.25811e+03 7.49887e-13 +0.00000e+00
 1.38950e-06 7.19609e+03 1.00436e-12 +0.00000e+00
 1.73020e-06 7.13426e+03 1.34925e-12 +0.00000e+00
 2.15443e-06 7.07494e+03 1.81351e-12 +0.00000e+00
 2.68270e-06 7.02089e+03 2.43211e-12 +0.00000e+00
 3.34048e-06 6.97484e+03 3.24639e-12 +0.00000e+00
 4.15956e-06 6.93890e+03 4.30493e-12 +0.00000e+00
 5.17947e-06 6.91376e+03 5.66605e-12 +0.00000e+00
 6.44947e-06 6.89930e+03 7.40197e-12 +0.00000e+00
 8.03086e-06 6.89490e+03 9.59387e-12 +0.00000e+00
 1.00000e-05 6.89933e+03 1.23528e-11 +0.00000e+00
 1.24520e-05 6.90820e+03 1.58242e-11 +0.00000e+00
 1.55052e-05 6.92488e+03 2.01552e-11 +0.00000e+00
 1.93070e-05 6.94284e+03 2.55657e-11 +0.00000e+00
 2.40410e-05 6.96586e+03 3.22605e-11 +0.00000e+00
 2.99358e-05 6.99039e+03 4.05215e-11 +0.00000e+00
 3.72759e-05 7.01554e+03 5.06667e-11 +0.00000e+00
 4.64159e-05 7.04139e+03 6.30508e-11 +0.00000e+00
 5.77969e-05 7.06727e+03 7.80947e-11 +0.00000e+00
 7.19686e-05 7.09438e+03 9.62204e-11 +0.00000e+00
 8.96151e-05 7.12028e+03 1.17997e-10 +0.00000e+00
 1.11588e-04 7.14588e+03 1.44012e-10 +0.00000e+00
 1.38950e-04 7.17213e+03 1.74834e-10 +0.00000e+00
 1.73020e-04 7.19733e+03 2.11251e-10 +0.00000e+00
 2.15443e-04 7.22230e+03 2.54052e-10 +0.00000e+00
 2.68270e-04 7.24803e+03 3.04075e-10 +0.00000e+00
 3.34048e-04 7.27261e+03 3.62578e-10 +0.00000e+00
 4.15956e-04 7.29734e+03 4.30709e-10 +0.00000e+00
 5.17947e-04 7.32195e+03 5.09884e-10 +0.00000e+00
 6.44947e-04 7.34689e+03 6.01684e-10 +0.00000e+00
 8.03086e-04 7.37209e+03 7.07944e-10 +0.00000e+00
 1.00000e-03 7.39755e+03 8.30692e-10 +0.00000e+00
 1.24520e-03 7.42328e+03 9.72153e-10 -2.54630e-07
 1.55052e-03 7.44958e+03 1.13479e-09 -3.17064e-07
 1.93070e-03 7.47649e+03 1.32137e-09 -3.94806e-07
 2.40410e-03 7.50416e+03 1.53489e-09 -4.91612e-07
 2.99358e-03 7.53275e+03 1.77859e-09 -6.12154e-07
 3.72759e-03 7.56239e+03 2.05596e-09 -7.62250e-07
 4.64159e-03 7.59354e+03 2.37065e-09 -9.49152e-07
 5.77969e-03 7.62641e+03 2.72657e-09 -1.18188e-06
 7.19686e-03 7.66131e+03 3.12766e-09 -1.47168e-06
 8.96151e-03 7.69867e+03 3.57771e-09 -1.83253e-06
 1.11588e-02 7.73898e+03 4.08024e-09 -2.28187e-06
 1.38950e-02 7.78275e+03 4.63817e-09 -2.84137e-06
 1.73020e-02 7.83074e+03 5.25350e-09 -3.53806e-06
 2.15443e-02 7.88369e+03 5.92696e-09 -4.40558e-06
 2.68270e-02 7.94251e+03 6.65723e-09 -5.48582e-06
 3.34048e-02 8.00831e+03 7.44029e-09 -6.83091e-06
 4.15956e-02 8.08235e+03 8.26872e-09 -8.50584e-06
 5.17947e-02 8.16612e+03 9.13081e-09 -1.05914e-05
 6.44947e-02 8.26136e+03 1.00098e-08 -1.31884e-05
 8.03086e-02 8.37009e+03 1.08832e-08 -1.64204e-05
 1.00000e-01 8.49463e+03 1.17222e-08 -2.04381e-05
 1.24520e-01 8.63757e+03 1.24922e-08 -2.54400e-05
 1.55052e-01 8.80190e+03 1.31536e-08 -3.16744e-05
 1.93070e-01 8.99081e+03 1.36634e-08 -3.94798e-05
 2.40410e-01 9.20737e+03 1.39796e-08 -4.91477e-05
 2.99358e-01 9.45401e+03 1.40673e-08 -6.10109e-05
 3.72759e-01 9.73171e+03 1.39067e-08 -7.33505e-05
 4.64159e-01 1.00393e+04 1.35031e-08 -6.11500e-05
 5.77969e-01 1.03727e+04 1.28950e-08 +6.37853e-05
 7.19686e-01 1.07258e+04 1.21535e-08 +7.56708e-04
 8.96151e-01 1.10897e+04 1.13751e-08 +1.86937e-03
 1.11588e+00 1.13861e+04 1.08528e-08 +1.96868e-03
 1.38950e+00 1.16879e+04 1.03919e-08 +2.30516e-03
 1.73020e+00 1.20253e+04 9.94843e-09 +2.09669e-03
 2.15443e+00 1.24272e+04 9.51426e-09 +1.00030e-03
 2.68270e+00 1.30679e+04 8.92481e-09 -4.28232e-04
 3.34048e+00 1.34941e+04 8.84030e-09 -5.93524e-04
 4.15956e+00 1.39215e+04 8.89570e-09 -6.08818e-04
 5.17947e+00 1.43588e+04 9.08026e-09 -6.12143e-04
 6.44947e+00 1.48074e+04 9.39805e-09 -6.12940e-04
 8.03086e+00 1.52718e+04 9.85520e-09 -6.13284e-04
 1.00000e+01 1.57536e+04 1.04593e-08 -6.13292e-04
 1.24520e+01 1.62591e+04 1.12246e-08 -6.13187e-04
 1.55052e+01 1.67774e+04 1.21694e-08 -6.12772e-04
 1.93070e+01 1.73626e+04 1.32627e-08 -6.11446e-04
 2.40410e+01 1.78894e+04 1.46278e-08 -6.06315e-04
 2.99358e+01 1.86152e+04 1.60538e-08 -5.97777e-04
 3.72759e+01 1.91213e+04 1.79667e-08 -5.61656e-04
 4.64159e+01 1.99886e+04 1.98051e-08 -5.57977e-04
 5.77969e+01 2.05639e+04 2.23227e-08 -4.72422e-04
 7.19686e+01 2.14543e+04 2.48615e-08 -4.73449e-04
 8.96151e+01 2.22526e+04 2.79705e-08 -3.84023e-04
 1.11588e+02 2.30302e+04 3.15925e-08 -1.43037e-04
 1.38950e+02 2.42087e+04 3.52823e-08 -1.38858e-04
 1.73020e+02 2.48375e+04 4.03804e-08 +1.25307e-03
 2.15443e+02 2.62826e+04 4.49186e-08 +1.22349e-03
 2.68270e+02 2.72006e+04 5.12029e-08 +4.13627e-03
 3.34048e+02 2.84684e+04 5.76969e-08 +6.92111e-03
 4.15956e+02 2.98642e+04 6.50676e-08 +1.03213e-02
 5.17947e+02 3.11714e+04 7.37294e-08 +1.58009e-02
 6.44947e+02 3.63713e+04 7.65842e-08 +1.27145e-03
 8.03086e+02 4.10006e+04 8.48449e-08 +9.24937e-04
 1.00000e+03 4.51039e+04 9.65208e-08 +3.78928e-03
