#n1=128 n2=4 Teff=09000 R=2.0217e+13 L=1.9091e+39 logg=+0.50
#   tau          T          rho         Fconv
 0.00000e+00 4.56174e+03 1.77220e-21 +0.00000e+00
 1.00000e-09 4.56174e+03 1.30467e-20 +0.00000e+00
 1.24520e-09 4.56529e+03 1.58596e-20 +0.00000e+00
 1.55052e-09 4.56900e+03 1.93754e-20 +0.00000e+00
 1.93070e-09 4.57290e+03 2.37694e-20 +0.00000e+00
 2.40410e-09 4.57702e+03 2.92613e-20 +0.00000e+00
 2.99358e-09 4.58134e+03 3.61257e-20 +0.00000e+00
 3.72759e-09 4.58588e+03 4.47053e-20 +0.00000e+00
 4.64159e-09 4.59065e+03 5.54286e-20 +0.00000e+00
 5.77969e-09 4.59566e+03 6.88310e-20 +0.00000e+00
 7.19686e-09 4.60094e+03 8.55809e-20 +0.00000e+00
 8.96151e-09 4.60651e+03 1.06513e-19 +0.00000e+00
 1.11588e-08 4.61240e+03 1.32671e-19 +0.00000e+00
 1.38950e-08 4.61866e+03 1.65354e-19 +0.00000e+00
 1.73020e-08 4.62532e+03 2.06189e-19 +0.00000e+00
 2.15443e-08 4.63245e+03 2.57200e-19 +0.00000e+00
 2.68270e-08 4.64008e+03 3.20918e-19 +0.00000e+00
 3.34048e-08 4.64829e+03 4.00495e-19 +0.00000e+00
 4.15956e-08 4.65716e+03 4.99862e-19 +0.00000e+00
 5.17947e-08 4.66674e+03 6.23919e-19 +0.00000e+00
 6.44947e-08 4.67714e+03 7.78770e-19 +0.00000e+00
 8.03086e-08 4.68846e+03 9.72014e-19 +0.00000e+00
 1.00000e-07 4.70080e+03 1.21311e-18 +0.00000e+00
 1.24520e-07 4.71428e+03 1.51382e-18 +0.00000e+00
 1.55052e-07 4.72904e+03 1.88876e-18 +0.00000e+00
 1.93070e-07 4.74523e+03 2.35607e-18 +0.00000e+00
 2.40410e-07 4.76298e+03 2.93826e-18 +0.00000e+00
 2.99358e-07 4.78245e+03 3.66320e-18 +0.00000e+00
 3.72759e-07 4.80380e+03 4.56543e-18 +0.00000e+00
 4.64159e-07 4.82717e+03 5.68764e-18 +0.00000e+00
 5.77969e-07 4.85267e+03 7.08268e-18 +0.00000e+00
 7.19686e-07 4.88039e+03 8.81601e-18 +0.00000e+00
 8.96151e-07 4.91042e+03 1.09688e-17 +0.00000e+00
 1.11588e-06 4.94275e+03 1.36419e-17 +0.00000e+00
 1.38950e-06 4.97738e+03 1.69615e-17 +0.00000e+00
 1.73020e-06 5.01424e+03 2.10838e-17 +0.00000e+00
 2.15443e-06 5.05325e+03 2.62021e-17 +0.00000e+00
 2.68270e-06 5.09423e+03 3.25561e-17 +0.00000e+00
 3.34048e-06 5.13692e+03 4.04442e-17 +0.00000e+00
 4.15956e-06 5.18118e+03 5.02359e-17 +0.00000e+00
 5.17947e-06 5.22682e+03 6.23901e-17 +0.00000e+00
 6.44947e-06 5.27361e+03 7.74780e-17 +0.00000e+00
 8.03086e-06 5.32123e+03 9.62122e-17 +0.00000e+00
 1.00000e-05 5.36943e+03 1.19483e-16 +0.00000e+00
 1.24520e-05 5.41797e+03 1.48401e-16 +0.00000e+00
 1.55052e-05 5.46658e+03 1.84361e-16 +0.00000e+00
 1.93070e-05 5.51501e+03 2.29110e-16 +0.00000e+00
 2.40410e-05 5.56306e+03 2.84841e-16 +0.00000e+00
 2.99358e-05 5.61046e+03 3.54309e-16 +0.00000e+00
 3.72759e-05 5.65713e+03 4.40963e-16 +0.00000e+00
 4.64159e-05 5.70312e+03 5.49110e-16 +0.00000e+00
 5.77969e-05 5.74872e+03 6.84103e-16 +0.00000e+00
 7.19686e-05 5.79440e+03 8.52591e-16 +0.00000e+00
 8.96151e-05 5.84069e+03 1.06285e-15 +0.00000e+00
 1.11588e-04 5.88804e+03 1.32522e-15 +0.00000e+00
 1.38950e-04 5.93671e+03 1.65264e-15 +0.00000e+00
 1.73020e-04 5.98676e+03 2.06141e-15 +0.00000e+00
 2.15443e-04 6.03812e+03 2.57204e-15 +0.00000e+00
 2.68270e-04 6.09057e+03 3.21037e-15 +0.00000e+00
 3.34048e-04 6.14386e+03 4.00894e-15 +0.00000e+00
 4.15956e-04 6.19772e+03 5.00862e-15 +0.00000e+00
 5.17947e-04 6.25190e+03 6.26072e-15 +0.00000e+00
 6.44947e-04 6.30620e+03 7.82954e-15 +0.00000e+00
 8.03086e-04 6.36043e+03 9.79570e-15 +0.00000e+00
 1.00000e-03 6.41438e+03 1.22603e-14 +0.00000e+00
 1.24520e-03 6.46793e+03 1.53500e-14 -2.54783e-07
 1.55052e-03 6.52097e+03 1.92243e-14 -3.17256e-07
 1.93070e-03 6.57344e+03 2.40828e-14 -3.95045e-07
 2.40410e-03 6.62536e+03 3.01756e-14 -4.91910e-07
 2.99358e-03 6.67680e+03 3.78150e-14 -6.12525e-07
 3.72759e-03 6.72788e+03 4.73918e-14 -7.62713e-07
 4.64159e-03 6.77879e+03 5.93917e-14 -9.49727e-07
 5.77969e-03 6.82977e+03 7.44186e-14 -1.18260e-06
 7.19686e-03 6.88108e+03 9.32200e-14 -1.47257e-06
 8.96151e-03 6.93322e+03 1.16709e-13 -1.83364e-06
 1.11588e-02 6.98661e+03 1.45998e-13 -2.28324e-06
 1.38950e-02 7.04188e+03 1.82410e-13 -2.84309e-06
 1.73020e-02 7.09974e+03 2.27491e-13 -3.54020e-06
 2.15443e-02 7.16114e+03 2.82985e-13 -4.40825e-06
 2.68270e-02 7.22712e+03 3.50811e-13 -5.48914e-06
 3.34048e-02 7.29909e+03 4.32957e-13 -6.83506e-06
 4.15956e-02 7.37861e+03 5.31383e-13 -8.51101e-06
 5.17947e-02 7.46754e+03 6.47892e-13 -1.05979e-05
 6.44947e-02 7.56799e+03 7.84068e-13 -1.31940e-05
 8.03086e-02 7.68226e+03 9.41353e-13 -1.64377e-05
 1.00000e-01 7.81273e+03 1.12137e-12 -2.04668e-05
 1.24520e-01 7.96190e+03 1.32638e-12 -2.54789e-05
 1.55052e-01 8.13194e+03 1.56000e-12 -3.17468e-05
 1.93070e-01 8.32513e+03 1.82745e-12 -3.95885e-05
 2.40410e-01 8.54364e+03 2.13586e-12 -4.92776e-05
 2.99358e-01 8.79006e+03 2.49396e-12 -6.12525e-05
 3.72759e-01 9.06492e+03 2.91297e-12 -7.62713e-05
 4.64159e-01 9.33572e+03 3.41865e-12 -9.49727e-05
 5.77969e-01 9.63990e+03 4.01110e-12 -1.18260e-04
 7.19686e-01 1.00046e+04 4.69448e-12 -1.47257e-04
 8.96151e-01 1.03549e+04 5.52364e-12 -1.83364e-04
 1.11588e+00 1.07508e+04 6.48932e-12 -2.28324e-04
 1.38950e+00 1.11674e+04 7.62887e-12 -2.84309e-04
 1.73020e+00 1.15972e+04 8.97077e-12 -3.54020e-04
 2.15443e+00 1.21057e+04 1.04800e-11 -4.40825e-04
 2.68270e+00 1.26241e+04 1.22254e-11 -5.48914e-04
 3.34048e+00 1.31829e+04 1.41962e-11 -6.13841e-04
 4.15956e+00 1.37903e+04 1.64389e-11 -6.13838e-04
 5.17947e+00 1.44548e+04 1.90377e-11 -6.13838e-04
 6.44947e+00 1.51460e+04 2.21295e-11 -6.13838e-04
 8.03086e+00 1.59426e+04 2.56870e-11 -6.13838e-04
 1.00000e+01 1.67476e+04 2.99494e-11 -6.13838e-04
 1.24520e+01 1.76849e+04 3.48132e-11 -6.13838e-04
 1.55052e+01 1.85962e+04 4.06826e-11 -6.13838e-04
 1.93070e+01 1.97023e+04 4.72650e-11 -6.13838e-04
 2.40410e+01 2.06259e+04 5.55466e-11 -6.13838e-04
 2.99358e+01 2.18812e+04 6.44832e-11 -6.13838e-04
 3.72759e+01 2.28247e+04 7.60120e-11 -6.13838e-04
 4.64159e+01 2.41788e+04 8.82243e-11 -6.13838e-04
 5.77969e+01 2.53229e+04 1.03473e-10 -6.13838e-04
 7.19686e+01 2.67168e+04 1.20351e-10 -6.13838e-04
 8.96151e+01 2.82171e+04 1.39786e-10 -6.13838e-04
 1.11588e+02 2.97279e+04 1.62432e-10 -6.13838e-04
 1.38950e+02 3.15628e+04 1.86631e-10 -6.13838e-04
 1.73020e+02 3.32626e+04 2.15258e-10 -6.13838e-04
 2.15443e+02 3.53417e+04 2.45725e-10 -6.13838e-04
 2.68270e+02 3.70424e+04 2.85163e-10 -6.13838e-04
 3.34048e+02 3.93042e+04 3.27500e-10 -6.13838e-04
 4.15956e+02 4.09236e+04 3.83454e-10 -6.13838e-04
 5.17947e+02 4.31403e+04 4.43196e-10 -6.13838e-04
 6.44947e+02 4.50569e+04 5.16810e-10 -6.13838e-04
 8.03086e+02 4.67622e+04 6.04413e-10 -6.13838e-04
 1.00000e+03 4.93695e+04 6.94393e-10 -6.13838e-04
