#n1=128 n2=4 Teff=09000 R=1.1969e+12 L=6.6909e+36 logg=+2.50
#   tau          T          rho         Fconv
 0.00000e+00 5.69068e+03 1.36540e-21 +0.00000e+00
 1.00000e-09 5.69068e+03 1.35362e-18 +0.00000e+00
 1.24520e-09 5.66948e+03 1.69303e-18 +0.00000e+00
 1.55052e-09 5.65489e+03 2.11519e-18 +0.00000e+00
 1.93070e-09 5.64462e+03 2.64073e-18 +0.00000e+00
 2.40410e-09 5.63733e+03 3.29521e-18 +0.00000e+00
 2.99358e-09 5.63219e+03 4.11046e-18 +0.00000e+00
 3.72759e-09 5.62864e+03 5.12613e-18 +0.00000e+00
 4.64159e-09 5.62631e+03 6.39157e-18 +0.00000e+00
 5.77969e-09 5.62492e+03 7.96832e-18 +0.00000e+00
 7.19686e-09 5.62428e+03 9.93303e-18 +0.00000e+00
 8.96151e-09 5.62425e+03 1.23813e-17 +0.00000e+00
 1.11588e-08 5.62471e+03 1.54322e-17 +0.00000e+00
 1.38950e-08 5.62557e+03 1.92342e-17 +0.00000e+00
 1.73020e-08 5.62678e+03 2.39723e-17 +0.00000e+00
 2.15443e-08 5.62827e+03 2.98774e-17 +0.00000e+00
 2.68270e-08 5.63000e+03 3.72371e-17 +0.00000e+00
 3.34048e-08 5.63194e+03 4.64099e-17 +0.00000e+00
 4.15956e-08 5.63406e+03 5.78433e-17 +0.00000e+00
 5.17947e-08 5.63636e+03 7.20956e-17 +0.00000e+00
 6.44947e-08 5.63880e+03 8.98649e-17 +0.00000e+00
 8.03086e-08 5.64140e+03 1.12025e-16 +0.00000e+00
 1.00000e-07 5.64415e+03 1.39671e-16 +0.00000e+00
 1.24520e-07 5.64706e+03 1.74177e-16 +0.00000e+00
 1.55052e-07 5.65012e+03 2.17270e-16 +0.00000e+00
 1.93070e-07 5.65337e+03 2.71108e-16 +0.00000e+00
 2.40410e-07 5.65680e+03 3.38323e-16 +0.00000e+00
 2.99358e-07 5.66044e+03 4.22215e-16 +0.00000e+00
 3.72759e-07 5.66430e+03 5.26928e-16 +0.00000e+00
 4.64159e-07 5.66840e+03 6.57650e-16 +0.00000e+00
 5.77969e-07 5.67275e+03 8.20896e-16 +0.00000e+00
 7.19686e-07 5.67737e+03 1.02489e-15 +0.00000e+00
 8.96151e-07 5.68229e+03 1.28009e-15 +0.00000e+00
 1.11588e-06 5.68753e+03 1.59978e-15 +0.00000e+00
 1.38950e-06 5.69314e+03 2.00103e-15 +0.00000e+00
 1.73020e-06 5.69917e+03 2.50548e-15 +0.00000e+00
 2.15443e-06 5.70570e+03 3.14040e-15 +0.00000e+00
 2.68270e-06 5.71281e+03 3.93899e-15 +0.00000e+00
 3.34048e-06 5.72061e+03 4.94354e-15 +0.00000e+00
 4.15956e-06 5.72922e+03 6.20891e-15 +0.00000e+00
 5.17947e-06 5.73878e+03 7.80533e-15 +0.00000e+00
 6.44947e-06 5.74947e+03 9.82276e-15 +0.00000e+00
 8.03086e-06 5.76151e+03 1.23758e-14 +0.00000e+00
 1.00000e-05 5.77512e+03 1.56094e-14 +0.00000e+00
 1.24520e-05 5.79057e+03 1.97056e-14 +0.00000e+00
 1.55052e-05 5.80814e+03 2.48943e-14 +0.00000e+00
 1.93070e-05 5.82810e+03 3.14655e-14 +0.00000e+00
 2.40410e-05 5.85075e+03 3.97860e-14 +0.00000e+00
 2.99358e-05 5.87635e+03 5.03205e-14 +0.00000e+00
 3.72759e-05 5.90511e+03 6.36563e-14 +0.00000e+00
 4.64159e-05 5.93720e+03 8.05290e-14 +0.00000e+00
 5.77969e-05 5.97268e+03 1.01863e-13 +0.00000e+00
 7.19686e-05 6.01156e+03 1.28821e-13 +0.00000e+00
 8.96151e-05 6.05375e+03 1.62877e-13 +0.00000e+00
 1.11588e-04 6.09908e+03 2.05943e-13 +0.00000e+00
 1.38950e-04 6.14738e+03 2.60537e-13 +0.00000e+00
 1.73020e-04 6.19839e+03 3.30017e-13 +0.00000e+00
 2.15443e-04 6.25181e+03 4.18935e-13 +0.00000e+00
 2.68270e-04 6.30716e+03 5.33575e-13 +0.00000e+00
 3.34048e-04 6.36394e+03 6.82643e-13 +0.00000e+00
 4.15956e-04 6.42150e+03 8.78212e-13 +0.00000e+00
 5.17947e-04 6.47912e+03 1.13702e-12 +0.00000e+00
 6.44947e-04 6.53613e+03 1.48213e-12 +0.00000e+00
 8.03086e-04 6.59198e+03 1.94504e-12 +0.00000e+00
 1.00000e-03 6.64640e+03 2.56784e-12 +0.00000e+00
 1.24520e-03 6.69939e+03 3.40535e-12 -2.54799e-07
 1.55052e-03 6.75122e+03 4.52657e-12 -3.17275e-07
 1.93070e-03 6.80225e+03 6.01456e-12 -3.95070e-07
 2.40410e-03 6.85277e+03 7.96434e-12 -4.91940e-07
 2.99358e-03 6.90289e+03 1.04799e-11 -6.12563e-07
 3.72759e-03 6.95265e+03 1.36692e-11 -7.62761e-07
 4.64159e-03 7.00214e+03 1.76380e-11 -9.49786e-07
 5.77969e-03 7.05155e+03 2.24862e-11 -1.18267e-06
 7.19686e-03 7.10117e+03 2.82988e-11 -1.47266e-06
 8.96151e-03 7.15145e+03 3.51436e-11 -1.83375e-06
 1.11588e-02 7.20299e+03 4.30656e-11 -2.28338e-06
 1.38950e-02 7.25647e+03 5.20743e-11 -2.84327e-06
 1.73020e-02 7.31267e+03 6.21461e-11 -3.54042e-06
 2.15443e-02 7.37255e+03 7.32062e-11 -4.40852e-06
 2.68270e-02 7.43714e+03 8.51265e-11 -5.48948e-06
 3.34048e-02 7.50773e+03 9.77028e-11 -6.83548e-06
 4.15956e-02 7.58574e+03 1.10653e-10 -8.51153e-06
 5.17947e-02 7.67282e+03 1.23600e-10 -1.05985e-05
 6.44947e-02 7.77079e+03 1.36076e-10 -1.31972e-05
 8.03086e-02 7.88160e+03 1.47529e-10 -1.64332e-05
 1.00000e-01 8.00731e+03 1.57357e-10 -2.04625e-05
 1.24520e-01 8.15007e+03 1.64962e-10 -2.54799e-05
 1.55052e-01 8.31194e+03 1.69839e-10 -3.17275e-05
 1.93070e-01 8.49508e+03 1.71691e-10 -3.95070e-05
 2.40410e-01 8.70152e+03 1.70573e-10 -4.91940e-05
 2.99358e-01 8.93288e+03 1.67054e-10 -6.12563e-05
 3.72759e-01 9.18814e+03 1.62360e-10 -7.62761e-05
 4.64159e-01 9.45557e+03 1.58467e-10 -9.49786e-05
 5.77969e-01 9.74982e+03 1.55752e-10 -1.18267e-04
 7.19686e-01 1.00800e+04 1.54823e-10 -1.47266e-04
 8.96151e-01 1.04115e+04 1.57158e-10 -1.83375e-04
 1.11588e+00 1.07645e+04 1.62202e-10 -2.28338e-04
 1.38950e+00 1.11257e+04 1.70361e-10 -2.84327e-04
 1.73020e+00 1.14939e+04 1.81775e-10 -3.54042e-04
 2.15443e+00 1.19072e+04 1.96091e-10 -4.40852e-04
 2.68270e+00 1.23176e+04 2.14528e-10 -5.48948e-04
 3.34048e+00 1.27330e+04 2.37208e-10 -6.13876e-04
 4.15956e+00 1.31623e+04 2.64297e-10 -6.13876e-04
 5.17947e+00 1.36053e+04 2.96150e-10 -6.13876e-04
 6.44947e+00 1.40454e+04 3.33405e-10 -6.13876e-04
 8.03086e+00 1.45421e+04 3.75052e-10 -6.13876e-04
 1.00000e+01 1.50007e+04 4.24043e-10 -6.13876e-04
 1.24520e+01 1.55252e+04 4.77961e-10 -6.13876e-04
 1.55052e+01 1.60178e+04 5.40996e-10 -6.13876e-04
 1.93070e+01 1.66530e+04 6.08667e-10 -6.13876e-04
 2.40410e+01 1.70765e+04 6.95313e-10 -6.13876e-04
 2.99358e+01 1.79297e+04 7.78120e-10 -6.13876e-04
 3.72759e+01 1.82447e+04 8.98301e-10 -6.13876e-04
 4.64159e+01 1.92932e+04 1.00102e-09 -6.13876e-04
 5.77969e+01 1.96945e+04 1.15512e-09 -6.13876e-04
 7.19686e+01 2.05609e+04 1.30201e-09 -6.13876e-04
 8.96151e+01 2.14994e+04 1.47273e-09 -6.13876e-04
 1.11588e+02 2.20120e+04 1.69584e-09 -6.13876e-04
 1.38950e+02 2.32171e+04 1.90076e-09 -6.13876e-04
 1.73020e+02 2.38987e+04 2.18122e-09 -6.13871e-04
 2.15443e+02 2.52465e+04 2.45168e-09 -6.13865e-04
 2.68270e+02 2.56172e+04 2.84962e-09 -6.13750e-04
 3.34048e+02 2.79023e+04 3.10952e-09 -6.13833e-04
 4.15956e+02 2.76481e+04 3.70389e-09 -6.12106e-04
 5.17947e+02 3.02907e+04 4.01947e-09 -6.13220e-04
 6.44947e+02 3.12926e+04 4.64118e-09 -6.09249e-04
 8.03086e+02 3.17629e+04 5.39633e-09 -5.64149e-04
 1.00000e+03 3.62316e+04 5.56499e-09 -5.80524e-04
