#n1=128 n2=4 Teff=09200 R=6.8722e+11 L=2.4118e+36 logg=+3.00
#   tau          T          rho         Fconv
 0.00000e+00 5.61594e+03 1.38192e-21 +0.00000e+00
 1.00000e-09 5.61594e+03 4.50537e-18 +0.00000e+00
 1.24520e-09 5.61377e+03 5.61477e-18 +0.00000e+00
 1.55052e-09 5.61240e+03 6.99649e-18 +0.00000e+00
 1.93070e-09 5.61167e+03 8.71743e-18 +0.00000e+00
 2.40410e-09 5.61145e+03 1.08609e-17 +0.00000e+00
 2.99358e-09 5.61167e+03 1.35306e-17 +0.00000e+00
 3.72759e-09 5.61225e+03 1.68560e-17 +0.00000e+00
 4.64159e-09 5.61312e+03 2.09981e-17 +0.00000e+00
 5.77969e-09 5.61423e+03 2.61576e-17 +0.00000e+00
 7.19686e-09 5.61557e+03 3.25848e-17 +0.00000e+00
 8.96151e-09 5.61708e+03 4.05915e-17 +0.00000e+00
 1.11588e-08 5.61875e+03 5.05662e-17 +0.00000e+00
 1.38950e-08 5.62057e+03 6.29932e-17 +0.00000e+00
 1.73020e-08 5.62252e+03 7.84760e-17 +0.00000e+00
 2.15443e-08 5.62460e+03 9.77671e-17 +0.00000e+00
 2.68270e-08 5.62682e+03 1.21805e-16 +0.00000e+00
 3.34048e-08 5.62916e+03 1.51758e-16 +0.00000e+00
 4.15956e-08 5.63166e+03 1.89088e-16 +0.00000e+00
 5.17947e-08 5.63430e+03 2.35616e-16 +0.00000e+00
 6.44947e-08 5.63711e+03 2.93622e-16 +0.00000e+00
 8.03086e-08 5.64010e+03 3.65958e-16 +0.00000e+00
 1.00000e-07 5.64326e+03 4.56200e-16 +0.00000e+00
 1.24520e-07 5.64662e+03 5.68834e-16 +0.00000e+00
 1.55052e-07 5.65019e+03 7.09516e-16 +0.00000e+00
 1.93070e-07 5.65396e+03 8.85246e-16 +0.00000e+00
 2.40410e-07 5.65797e+03 1.10457e-15 +0.00000e+00
 2.99358e-07 5.66224e+03 1.37833e-15 +0.00000e+00
 3.72759e-07 5.66679e+03 1.72006e-15 +0.00000e+00
 4.64159e-07 5.67167e+03 2.14678e-15 +0.00000e+00
 5.77969e-07 5.67693e+03 2.67994e-15 +0.00000e+00
 7.19686e-07 5.68267e+03 3.34680e-15 +0.00000e+00
 8.96151e-07 5.68897e+03 4.18224e-15 +0.00000e+00
 1.11588e-06 5.69596e+03 5.23113e-15 +0.00000e+00
 1.38950e-06 5.70378e+03 6.55130e-15 +0.00000e+00
 1.73020e-06 5.71261e+03 8.21695e-15 +0.00000e+00
 2.15443e-06 5.72265e+03 1.03248e-14 +0.00000e+00
 2.68270e-06 5.73484e+03 1.29854e-14 +0.00000e+00
 3.34048e-06 5.74795e+03 1.63487e-14 +0.00000e+00
 4.15956e-06 5.76301e+03 2.06095e-14 +0.00000e+00
 5.17947e-06 5.78056e+03 2.60271e-14 +0.00000e+00
 6.44947e-06 5.80047e+03 3.29286e-14 +0.00000e+00
 8.03086e-06 5.82335e+03 4.17259e-14 +0.00000e+00
 1.00000e-05 5.84955e+03 5.29298e-14 +0.00000e+00
 1.24520e-05 5.87935e+03 6.71822e-14 +0.00000e+00
 1.55052e-05 5.91297e+03 8.52909e-14 +0.00000e+00
 1.93070e-05 5.95050e+03 1.08270e-13 +0.00000e+00
 2.40410e-05 5.99194e+03 1.37395e-13 +0.00000e+00
 2.99358e-05 6.03713e+03 1.74268e-13 +0.00000e+00
 3.72759e-05 6.08572e+03 2.20890e-13 +0.00000e+00
 4.64159e-05 6.13713e+03 2.79789e-13 +0.00000e+00
 5.77969e-05 6.19057e+03 3.54216e-13 +0.00000e+00
 7.19686e-05 6.24512e+03 4.48481e-13 +0.00000e+00
 8.96151e-05 6.29994e+03 5.68483e-13 +0.00000e+00
 1.11588e-04 6.35444e+03 7.22347e-13 +0.00000e+00
 1.38950e-04 6.40828e+03 9.21268e-13 +0.00000e+00
 1.73020e-04 6.46142e+03 1.18079e-12 +0.00000e+00
 2.15443e-04 6.51395e+03 1.52227e-12 +0.00000e+00
 2.68270e-04 6.56595e+03 1.97456e-12 +0.00000e+00
 3.34048e-04 6.61748e+03 2.57627e-12 +0.00000e+00
 4.15956e-04 6.66859e+03 3.37792e-12 +0.00000e+00
 5.17947e-04 6.71939e+03 4.44429e-12 +0.00000e+00
 6.44947e-04 6.76992e+03 5.85638e-12 +0.00000e+00
 8.03086e-04 6.82016e+03 7.71247e-12 +0.00000e+00
 1.00000e-03 6.87004e+03 1.01274e-11 +0.00000e+00
 1.24520e-03 6.91945e+03 1.32303e-11 -2.54447e-07
 1.55052e-03 6.96833e+03 1.71592e-11 -3.16836e-07
 1.93070e-03 7.01669e+03 2.20584e-11 -3.94525e-07
 2.40410e-03 7.06459e+03 2.80682e-11 -4.91261e-07
 2.99358e-03 7.11218e+03 3.53258e-11 -6.11717e-07
 3.72759e-03 7.15965e+03 4.39663e-11 -7.61707e-07
 4.64159e-03 7.20725e+03 5.41083e-11 -9.48475e-07
 5.77969e-03 7.25527e+03 6.58639e-11 -1.18104e-06
 7.19686e-03 7.30405e+03 7.93191e-11 -1.47063e-06
 8.96151e-03 7.35398e+03 9.45483e-11 -1.83122e-06
 1.11588e-02 7.40554e+03 1.11588e-10 -2.28023e-06
 1.38950e-02 7.45932e+03 1.30449e-10 -2.83934e-06
 1.73020e-02 7.51598e+03 1.51084e-10 -3.53555e-06
 2.15443e-02 7.57638e+03 1.73381e-10 -4.40243e-06
 2.68270e-02 7.64147e+03 1.97139e-10 -5.48189e-06
 3.34048e-02 7.71251e+03 2.22023e-10 -6.82605e-06
 4.15956e-02 7.79090e+03 2.47560e-10 -8.49978e-06
 5.17947e-02 7.87832e+03 2.73093e-10 -1.05839e-05
 6.44947e-02 7.97668e+03 2.97765e-10 -1.31790e-05
 8.03086e-02 8.08814e+03 3.20529e-10 -1.64105e-05
 1.00000e-01 8.21499e+03 3.40186e-10 -2.04343e-05
 1.24520e-01 8.35975e+03 3.55467e-10 -2.54447e-05
 1.55052e-01 8.52473e+03 3.65235e-10 -3.16836e-05
 1.93070e-01 8.71232e+03 3.68685e-10 -3.94525e-05
 2.40410e-01 8.92464e+03 3.65676e-10 -4.91261e-05
 2.99358e-01 9.16342e+03 3.57056e-10 -6.11717e-05
 3.72759e-01 9.42711e+03 3.45155e-10 -7.61707e-05
 4.64159e-01 9.69405e+03 3.35123e-10 -9.48475e-05
 5.77969e-01 9.99051e+03 3.26367e-10 -1.18104e-04
 7.19686e-01 1.03334e+04 3.19877e-10 -1.47063e-04
 8.96151e-01 1.06672e+04 3.20693e-10 -1.83122e-04
 1.11588e+00 1.10279e+04 3.26531e-10 -2.28023e-04
 1.38950e+00 1.13950e+04 3.38578e-10 -2.83934e-04
 1.73020e+00 1.17660e+04 3.56977e-10 -3.53555e-04
 2.15443e+00 1.21955e+04 3.80359e-10 -4.40243e-04
 2.68270e+00 1.26157e+04 4.11819e-10 -5.48189e-04
 3.34048e+00 1.30392e+04 4.51318e-10 -6.13029e-04
 4.15956e+00 1.34767e+04 4.99058e-10 -6.13029e-04
 5.17947e+00 1.39277e+04 5.55710e-10 -6.13029e-04
 6.44947e+00 1.43722e+04 6.22542e-10 -6.13029e-04
 8.03086e+00 1.48796e+04 6.97323e-10 -6.13029e-04
 1.00000e+01 1.53398e+04 7.86075e-10 -6.13029e-04
 1.24520e+01 1.58698e+04 8.83619e-10 -6.13029e-04
 1.55052e+01 1.63658e+04 9.97679e-10 -6.13029e-04
 1.93070e+01 1.70075e+04 1.11963e-09 -6.13029e-04
 2.40410e+01 1.74296e+04 1.27624e-09 -6.13029e-04
 2.99358e+01 1.82971e+04 1.42416e-09 -6.13029e-04
 3.72759e+01 1.86048e+04 1.64129e-09 -6.13029e-04
 4.64159e+01 1.96851e+04 1.82330e-09 -6.13029e-04
 5.77969e+01 2.00679e+04 2.10211e-09 -6.13029e-04
 7.19686e+01 2.09637e+04 2.36251e-09 -6.13029e-04
 8.96151e+01 2.19302e+04 2.66668e-09 -6.13029e-04
 1.11588e+02 2.24217e+04 3.06944e-09 -6.13022e-04
 1.38950e+02 2.36640e+04 3.43160e-09 -6.13019e-04
 1.73020e+02 2.43829e+04 3.92898e-09 -6.12967e-04
 2.15443e+02 2.57274e+04 4.41401e-09 -6.12928e-04
 2.68270e+02 2.61310e+04 5.11907e-09 -6.11868e-04
 3.34048e+02 2.85042e+04 5.57378e-09 -6.12655e-04
 4.15956e+02 2.81572e+04 6.65021e-09 -5.95966e-04
 5.17947e+02 3.09689e+04 7.18559e-09 -6.07849e-04
 6.44947e+02 3.19257e+04 8.30320e-09 -5.75166e-04
 8.03086e+02 3.24729e+04 9.62456e-09 -2.68517e-04
 1.00000e+03 3.78044e+04 9.72583e-09 -4.86192e-04
