#n1=128 n2=4 Teff=09600 R=2.7119e+12 L=4.4497e+37 logg=+2.00
#      tau          T          rho         Fconv
  0.00000e+00  5.48903e+03  1.44651e-21 +0.00000e+00
  1.00000e-09  5.48903e+03  4.43176e-19 +0.00000e+00
  1.24520e-09  5.48045e+03  5.53026e-19 +0.00000e+00
  1.55052e-09  5.47378e+03  6.89951e-19 +0.00000e+00
  1.93070e-09  5.46884e+03  8.60592e-19 +0.00000e+00
  2.40410e-09  5.46526e+03  1.07326e-18 +0.00000e+00
  2.99358e-09  5.46288e+03  1.33827e-18 +0.00000e+00
  3.72759e-09  5.46154e+03  1.66849e-18 +0.00000e+00
  4.64159e-09  5.46108e+03  2.07995e-18 +0.00000e+00
  5.77969e-09  5.46139e+03  2.59261e-18 +0.00000e+00
  7.19686e-09  5.46238e+03  3.23132e-18 +0.00000e+00
  8.96151e-09  5.46400e+03  4.02704e-18 +0.00000e+00
  1.11588e-08  5.46618e+03  5.01831e-18 +0.00000e+00
  1.38950e-08  5.46890e+03  6.25311e-18 +0.00000e+00
  1.73020e-08  5.47215e+03  7.79117e-18 +0.00000e+00
  2.15443e-08  5.47592e+03  9.70682e-18 +0.00000e+00
  2.68270e-08  5.48023e+03  1.20925e-17 +0.00000e+00
  3.34048e-08  5.48510e+03  1.50634e-17 +0.00000e+00
  4.15956e-08  5.49057e+03  1.87624e-17 +0.00000e+00
  5.17947e-08  5.49670e+03  2.33675e-17 +0.00000e+00
  6.44947e-08  5.50356e+03  2.90995e-17 +0.00000e+00
  8.03086e-08  5.51124e+03  3.62330e-17 +0.00000e+00
  1.00000e-07  5.51986e+03  4.51088e-17 +0.00000e+00
  1.24520e-07  5.52952e+03  5.61498e-17 +0.00000e+00
  1.55052e-07  5.54038e+03  6.98812e-17 +0.00000e+00
  1.93070e-07  5.55258e+03  8.69545e-17 +0.00000e+00
  2.40410e-07  5.56630e+03  1.08179e-16 +0.00000e+00
  2.99358e-07  5.58172e+03  1.34558e-16 +0.00000e+00
  3.72759e-07  5.59902e+03  1.67341e-16 +0.00000e+00
  4.64159e-07  5.61838e+03  2.08073e-16 +0.00000e+00
  5.77969e-07  5.64000e+03  2.58649e-16 +0.00000e+00
  7.19686e-07  5.66405e+03  3.21388e-16 +0.00000e+00
  8.96151e-07  5.69070e+03  3.99180e-16 +0.00000e+00
  1.11588e-06  5.72008e+03  4.95590e-16 +0.00000e+00
  1.38950e-06  5.75230e+03  6.15032e-16 +0.00000e+00
  1.73020e-06  5.78745e+03  7.62981e-16 +0.00000e+00
  2.15443e-06  5.82553e+03  9.46252e-16 +0.00000e+00
  2.68270e-06  5.86655e+03  1.17335e-15 +0.00000e+00
  3.34048e-06  5.91045e+03  1.45493e-15 +0.00000e+00
  4.15956e-06  5.95711e+03  1.80430e-15 +0.00000e+00
  5.17947e-06  6.00638e+03  2.23792e-15 +0.00000e+00
  6.44947e-06  6.05801e+03  2.77566e-15 +0.00000e+00
  8.03086e-06  6.11163e+03  3.44222e-15 +0.00000e+00
  1.00000e-05  6.16672e+03  4.26923e-15 +0.00000e+00
  1.24520e-05  6.22268e+03  5.29641e-15 +0.00000e+00
  1.55052e-05  6.27879e+03  6.57388e-15 +0.00000e+00
  1.93070e-05  6.33434e+03  8.16482e-15 +0.00000e+00
  2.40410e-05  6.38873e+03  1.01485e-14 +0.00000e+00
  2.99358e-05  6.44162e+03  1.26240e-14 +0.00000e+00
  3.72759e-05  6.49304e+03  1.57143e-14 +0.00000e+00
  4.64159e-05  6.54336e+03  1.95724e-14 +0.00000e+00
  5.77969e-05  6.59322e+03  2.43879e-14 +0.00000e+00
  7.19686e-05  6.64329e+03  3.03967e-14 +0.00000e+00
  8.96151e-05  6.69417e+03  3.78918e-14 +0.00000e+00
  1.11588e-04  6.74627e+03  4.72353e-14 +0.00000e+00
  1.38950e-04  6.79978e+03  5.88733e-14 +0.00000e+00
  1.73020e-04  6.85469e+03  7.33543e-14 +0.00000e+00
  2.15443e-04  6.91086e+03  9.13520e-14 +0.00000e+00
  2.68270e-04  6.96811e+03  1.13693e-13 +0.00000e+00
  3.34048e-04  7.02618e+03  1.41392e-13 +0.00000e+00
  4.15956e-04  7.08484e+03  1.75697e-13 +0.00000e+00
  5.17947e-04  7.14387e+03  2.18132e-13 +0.00000e+00
  6.44947e-04  7.20306e+03  2.70548e-13 +0.00000e+00
  8.03086e-04  7.26222e+03  3.35185e-13 +0.00000e+00
  1.00000e-03  7.32113e+03  4.14740e-13 +0.00000e+00
  1.24520e-03  7.37959e+03  5.12451e-13 -2.54624e-07
  1.55052e-03  7.43745e+03  6.32198e-13 -3.17055e-07
  1.93070e-03  7.49460e+03  7.78638e-13 -3.94797e-07
  2.40410e-03  7.55097e+03  9.57329e-13 -4.91600e-07
  2.99358e-03  7.60660e+03  1.17485e-12 -6.12140e-07
  3.72759e-03  7.66160e+03  1.43889e-12 -7.62233e-07
  4.64159e-03  7.71619e+03  1.75827e-12 -9.49131e-07
  5.77969e-03  7.77064e+03  2.14286e-12 -1.18186e-06
  7.19686e-03  7.82534e+03  2.60348e-12 -1.47164e-06
  8.96151e-03  7.88072e+03  3.15169e-12 -1.83249e-06
  1.11588e-02  7.93732e+03  3.79955e-12 -2.28180e-06
  1.38950e-02  7.99576e+03  4.55918e-12 -2.84129e-06
  1.73020e-02  8.05678e+03  5.44199e-12 -3.53798e-06
  2.15443e-02  8.12123e+03  6.45823e-12 -4.40548e-06
  2.68270e-02  8.19016e+03  7.61589e-12 -5.48568e-06
  3.34048e-02  8.26506e+03  8.91949e-12 -6.83076e-06
  4.15956e-02  8.34738e+03  1.03711e-11 -8.50563e-06
  5.17947e-02  8.43897e+03  1.19688e-11 -1.05912e-05
  6.44947e-02  8.54196e+03  1.37090e-11 -1.31881e-05
  8.03086e-02  8.65870e+03  1.55882e-11 -1.64217e-05
  1.00000e-01  8.79174e+03  1.76076e-11 -2.04484e-05
  1.24520e-01  8.94384e+03  1.97776e-11 -2.54624e-05
  1.55052e-01  9.11745e+03  2.21248e-11 -3.17057e-05
  1.93070e-01  9.31517e+03  2.46932e-11 -3.94799e-05
  2.40410e-01  9.53984e+03  2.75436e-11 -4.91589e-05
  2.99358e-01  9.79390e+03  3.07553e-11 -6.12167e-05
  3.72759e-01  1.00765e+04  3.44358e-11 -7.61437e-05
  4.64159e-01  1.03509e+04  3.88334e-11 -9.49131e-05
  5.77969e-01  1.06588e+04  4.38603e-11 -1.18186e-04
  7.19686e-01  1.10313e+04  4.95276e-11 -1.47164e-04
  8.96151e-01  1.13790e+04  5.63721e-11 -1.83249e-04
  1.11588e+00  1.17675e+04  6.41947e-11 -2.28180e-04
  1.38950e+00  1.21651e+04  7.33134e-11 -2.84129e-04
  1.73020e+00  1.25647e+04  8.38908e-11 -3.53798e-04
  2.15443e+00  1.30367e+04  9.56313e-11 -4.40548e-04
  2.68270e+00  1.35069e+04  1.09199e-10 -5.48568e-04
  3.34048e+00  1.39914e+04  1.24583e-10 -6.13452e-04
  4.15956e+00  1.44686e+04  1.42145e-10 -6.13452e-04
  5.17947e+00  1.51051e+04  1.60587e-10 -6.13452e-04
  6.44947e+00  1.55256e+04  1.84586e-10 -6.13452e-04
  8.03086e+00  1.62406e+04  2.08350e-10 -6.13452e-04
  1.00000e+01  1.67991e+04  2.38567e-10 -6.13452e-04
  1.24520e+01  1.75010e+04  2.71495e-10 -6.13452e-04
  1.55052e+01  1.81558e+04  3.10572e-10 -6.13452e-04
  1.93070e+01  1.89992e+04  3.53032e-10 -6.13452e-04
  2.40410e+01  1.96258e+04  4.06127e-10 -6.13452e-04
  2.99358e+01  2.06977e+04  4.59161e-10 -6.13452e-04
  3.72759e+01  2.12760e+04  5.31259e-10 -6.13452e-04
  4.64159e+01  2.25042e+04  5.98891e-10 -6.13452e-04
  5.77969e+01  2.31795e+04  6.91999e-10 -6.13452e-04
  7.19686e+01  2.43094e+04  7.84933e-10 -6.13452e-04
  8.96151e+01  2.52901e+04  8.97811e-10 -6.13452e-04
  1.11588e+02  2.62901e+04  1.02616e-09 -6.13452e-04
  1.38950e+02  2.74827e+04  1.16663e-09 -6.13452e-04
  1.73020e+02  2.85516e+04  1.33313e-09 -6.13452e-04
  2.15443e+02  3.00185e+04  1.50761e-09 -6.13452e-04
  2.68270e+02  3.10752e+04  1.72815e-09 -6.13452e-04
  3.34048e+02  3.29837e+04  1.93548e-09 -6.13450e-04
  4.15956e+02  3.41698e+04  2.21774e-09 -6.13421e-04
  5.17947e+02  3.63987e+04  2.46514e-09 -6.13247e-04
  6.44947e+02  3.81805e+04  2.78825e-09 -6.12634e-04
  8.03086e+02  3.94816e+04  3.19028e-09 -6.10241e-04
  1.00000e+03  4.31553e+04  3.44285e-09 -6.13313e-04
