#n1=128 n2=4 Teff=09000 R=1.0100e+11 L=4.7675e+34 logg=+4.50
#   tau          T          rho         Fconv
 0.00000e+00 5.06844e+03 1.55343e-21 +0.00000e+00
 1.00000e-09 5.06844e+03 1.80662e-16 +0.00000e+00
 1.24520e-09 5.06975e+03 2.29186e-16 +0.00000e+00
 1.55052e-09 5.07099e+03 2.91630e-16 +0.00000e+00
 1.93070e-09 5.07217e+03 3.72168e-16 +0.00000e+00
 2.40410e-09 5.07331e+03 4.76122e-16 +0.00000e+00
 2.99358e-09 5.07441e+03 6.10426e-16 +0.00000e+00
 3.72759e-09 5.07548e+03 7.83579e-16 +0.00000e+00
 4.64159e-09 5.07653e+03 1.00600e-15 +0.00000e+00
 5.77969e-09 5.07757e+03 1.28955e-15 +0.00000e+00
 7.19686e-09 5.07862e+03 1.65245e-15 +0.00000e+00
 8.96151e-09 5.07971e+03 2.13155e-15 +0.00000e+00
 1.11588e-08 5.08089e+03 2.76282e-15 +0.00000e+00
 1.38950e-08 5.08221e+03 3.59569e-15 +0.00000e+00
 1.73020e-08 5.08378e+03 4.69394e-15 +0.00000e+00
 2.15443e-08 5.08570e+03 6.14081e-15 +0.00000e+00
 2.68270e-08 5.08814e+03 8.04554e-15 +0.00000e+00
 3.34048e-08 5.09134e+03 1.05518e-14 +0.00000e+00
 4.15956e-08 5.09554e+03 1.38504e-14 +0.00000e+00
 5.17947e-08 5.10103e+03 1.81994e-14 +0.00000e+00
 6.44947e-08 5.10802e+03 2.39093e-14 +0.00000e+00
 8.03086e-08 5.11618e+03 3.14608e-14 +0.00000e+00
 1.00000e-07 5.12664e+03 4.14352e-14 +0.00000e+00
 1.24520e-07 5.13881e+03 5.47093e-14 +0.00000e+00
 1.55052e-07 5.15261e+03 7.23874e-14 +0.00000e+00
 1.93070e-07 5.16811e+03 9.60193e-14 +0.00000e+00
 2.40410e-07 5.18556e+03 1.27802e-13 +0.00000e+00
 2.99358e-07 5.20539e+03 1.70850e-13 +0.00000e+00
 3.72759e-07 5.22814e+03 2.29239e-13 +0.00000e+00
 4.64159e-07 5.25417e+03 3.08437e-13 +0.00000e+00
 5.77969e-07 5.28371e+03 4.15741e-13 +0.00000e+00
 7.19686e-07 5.31686e+03 5.60913e-13 +0.00000e+00
 8.96151e-07 5.35360e+03 7.57093e-13 +0.00000e+00
 1.11588e-06 5.39381e+03 1.02208e-12 +0.00000e+00
 1.38950e-06 5.43729e+03 1.37999e-12 +0.00000e+00
 1.73020e-06 5.48382e+03 1.86335e-12 +0.00000e+00
 2.15443e-06 5.53317e+03 2.51620e-12 +0.00000e+00
 2.68270e-06 5.58508e+03 3.39769e-12 +0.00000e+00
 3.34048e-06 5.63921e+03 4.58595e-12 +0.00000e+00
 4.15956e-06 5.69507e+03 6.18181e-12 +0.00000e+00
 5.17947e-06 5.75192e+03 8.31144e-12 +0.00000e+00
 6.44947e-06 5.80879e+03 1.11276e-11 +0.00000e+00
 8.03086e-06 5.86466e+03 1.48106e-11 +0.00000e+00
 1.00000e-05 5.91885e+03 1.95680e-11 +0.00000e+00
 1.24520e-05 5.97130e+03 2.56331e-11 +0.00000e+00
 1.55052e-05 6.02247e+03 3.32609e-11 +0.00000e+00
 1.93070e-05 6.07299e+03 4.27227e-11 +0.00000e+00
 2.40410e-05 6.12318e+03 5.43029e-11 +0.00000e+00
 2.99358e-05 6.17318e+03 6.82899e-11 +0.00000e+00
 3.72759e-05 6.22315e+03 8.49630e-11 +0.00000e+00
 4.64159e-05 6.27331e+03 1.04579e-10 +0.00000e+00
 5.77969e-05 6.32386e+03 1.27363e-10 +0.00000e+00
 7.19686e-05 6.37486e+03 1.53509e-10 +0.00000e+00
 8.96151e-05 6.42628e+03 1.83183e-10 +0.00000e+00
 1.11588e-04 6.47802e+03 2.16541e-10 +0.00000e+00
 1.38950e-04 6.52993e+03 2.53749e-10 +0.00000e+00
 1.73020e-04 6.58190e+03 2.95007e-10 +0.00000e+00
 2.15443e-04 6.63379e+03 3.40574e-10 +0.00000e+00
 2.68270e-04 6.68551e+03 3.90763e-10 +0.00000e+00
 3.34048e-04 6.73695e+03 4.45971e-10 +0.00000e+00
 4.15956e-04 6.78801e+03 5.06688e-10 +0.00000e+00
 5.17947e-04 6.83859e+03 5.73466e-10 +0.00000e+00
 6.44947e-04 6.88863e+03 6.47011e-10 +0.00000e+00
 8.03086e-04 6.93807e+03 7.28106e-10 +0.00000e+00
 1.00000e-03 6.98692e+03 8.17687e-10 +0.00000e+00
 1.24520e-03 7.03520e+03 9.16746e-10 -2.54635e-07
 1.55052e-03 7.08298e+03 1.02635e-09 -3.17071e-07
 1.93070e-03 7.13034e+03 1.14770e-09 -3.94816e-07
 2.40410e-03 7.17737e+03 1.28211e-09 -4.91624e-07
 2.99358e-03 7.22421e+03 1.43095e-09 -6.12170e-07
 3.72759e-03 7.27099e+03 1.59567e-09 -7.62270e-07
 4.64159e-03 7.31785e+03 1.77793e-09 -9.49176e-07
 5.77969e-03 7.36492e+03 1.97955e-09 -1.18191e-06
 7.19686e-03 7.41239e+03 2.20238e-09 -1.47171e-06
 8.96151e-03 7.46043e+03 2.44843e-09 -1.83257e-06
 1.11588e-02 7.50924e+03 2.71979e-09 -2.28191e-06
 1.38950e-02 7.55921e+03 3.01855e-09 -2.84144e-06
 1.73020e-02 7.61071e+03 3.34677e-09 -3.53814e-06
 2.15443e-02 7.66474e+03 3.70574e-09 -4.40569e-06
 2.68270e-02 7.72204e+03 4.09625e-09 -5.48595e-06
 3.34048e-02 7.78428e+03 4.51714e-09 -6.83109e-06
 4.15956e-02 7.85261e+03 4.96601e-09 -8.50606e-06
 5.17947e-02 7.92845e+03 5.43828e-09 -1.05917e-05
 6.44947e-02 8.01360e+03 5.92643e-09 -1.31888e-05
 8.03086e-02 8.10998e+03 6.41986e-09 -1.64225e-05
 1.00000e-01 8.22148e+03 6.90139e-09 -2.04482e-05
 1.24520e-01 8.35190e+03 7.34840e-09 -2.54605e-05
 1.55052e-01 8.50218e+03 7.73939e-09 -3.17028e-05
 1.93070e-01 8.67425e+03 8.05131e-09 -3.94816e-05
 2.40410e-01 8.86863e+03 8.26495e-09 -4.91605e-05
 2.99358e-01 9.08783e+03 8.36075e-09 -6.11925e-05
 3.72759e-01 9.33630e+03 8.31794e-09 -7.58955e-05
 4.64159e-01 9.60595e+03 8.14918e-09 -9.13296e-05
 5.77969e-01 9.89056e+03 7.87862e-09 -8.65672e-05
 7.19686e-01 1.02133e+04 7.47541e-09 +1.00022e-04
 8.96151e-01 1.05702e+04 6.97946e-09 +8.39727e-04
 1.11588e+00 1.09299e+04 6.50042e-09 +1.34798e-03
 1.38950e+00 1.12361e+04 6.16892e-09 +1.41953e-03
 1.73020e+00 1.15787e+04 5.84975e-09 +1.01565e-03
 2.15443e+00 1.21294e+04 5.39433e-09 -2.47952e-04
 2.68270e+00 1.25514e+04 5.21462e-09 -5.21693e-04
 3.34048e+00 1.29902e+04 5.12118e-09 -6.10242e-04
 4.15956e+00 1.34429e+04 5.10955e-09 -6.13068e-04
 5.17947e+00 1.39008e+04 5.18059e-09 -6.13412e-04
 6.44947e+00 1.43714e+04 5.33073e-09 -6.13466e-04
 8.03086e+00 1.48571e+04 5.56347e-09 -6.13474e-04
 1.00000e+01 1.53510e+04 5.88760e-09 -6.13476e-04
 1.24520e+01 1.58725e+04 6.30182e-09 -6.13471e-04
 1.55052e+01 1.64103e+04 6.81809e-09 -6.13449e-04
 1.93070e+01 1.69671e+04 7.43932e-09 -6.13374e-04
 2.40410e+01 1.75592e+04 8.17042e-09 -6.13140e-04
 2.99358e+01 1.81801e+04 9.02277e-09 -6.12621e-04
 3.72759e+01 1.88296e+04 1.00174e-08 -6.11820e-04
 4.64159e+01 1.95170e+04 1.11630e-08 -6.10946e-04
 5.77969e+01 2.02438e+04 1.24889e-08 -6.10086e-04
 7.19686e+01 2.10064e+04 1.40138e-08 -6.08814e-04
 8.96151e+01 2.18158e+04 1.57615e-08 -6.06456e-04
 1.11588e+02 2.26707e+04 1.77659e-08 -6.01172e-04
 1.38950e+02 2.35771e+04 2.00470e-08 -5.88306e-04
 1.73020e+02 2.45396e+04 2.26475e-08 -5.56067e-04
 2.15443e+02 2.55626e+04 2.55950e-08 -4.72509e-04
 2.68270e+02 2.66529e+04 2.89434e-08 -2.63306e-04
 3.34048e+02 2.78205e+04 3.27239e-08 +2.30936e-04
 4.15956e+02 2.90663e+04 3.70127e-08 +1.28376e-03
 5.17947e+02 3.04359e+04 4.18297e-08 +3.09666e-03
 6.44947e+02 3.18720e+04 4.73071e-08 +6.13896e-03
 8.03086e+02 3.33520e+04 5.35261e-08 +1.06203e-02
 1.00000e+03 3.82505e+04 5.63582e-08 +2.48508e-03
