#n1=128 n2=4 Teff=09200 R=5.8062e+10 L=1.7207e+34 logg=+5.00
#   tau          T          rho         Fconv
 0.00000e+00 5.74773e+03 1.34752e-21 +0.00000e+00
 1.00000e-09 5.74773e+03 4.69481e-16 +0.00000e+00
 1.24520e-09 5.74962e+03 5.88895e-16 +0.00000e+00
 1.55052e-09 5.75160e+03 7.39677e-16 +0.00000e+00
 1.93070e-09 5.75364e+03 9.30339e-16 +0.00000e+00
 2.40410e-09 5.75574e+03 1.17172e-15 +0.00000e+00
 2.99358e-09 5.75786e+03 1.47761e-15 +0.00000e+00
 3.72759e-09 5.75998e+03 1.86567e-15 +0.00000e+00
 4.64159e-09 5.76206e+03 2.35890e-15 +0.00000e+00
 5.77969e-09 5.76408e+03 2.98788e-15 +0.00000e+00
 7.19686e-09 5.76599e+03 3.79375e-15 +0.00000e+00
 8.96151e-09 5.76778e+03 4.83278e-15 +0.00000e+00
 1.11588e-08 5.76942e+03 6.18085e-15 +0.00000e+00
 1.38950e-08 5.77091e+03 7.93375e-15 +0.00000e+00
 1.73020e-08 5.77224e+03 1.02126e-14 +0.00000e+00
 2.15443e-08 5.77339e+03 1.31758e-14 +0.00000e+00
 2.68270e-08 5.77437e+03 1.70292e-14 +0.00000e+00
 3.34048e-08 5.77515e+03 2.20446e-14 +0.00000e+00
 4.15956e-08 5.77574e+03 2.85864e-14 +0.00000e+00
 5.17947e-08 5.77614e+03 3.71539e-14 +0.00000e+00
 6.44947e-08 5.77634e+03 4.84422e-14 +0.00000e+00
 8.03086e-08 5.77638e+03 6.34289e-14 +0.00000e+00
 1.00000e-07 5.77630e+03 8.34872e-14 +0.00000e+00
 1.24520e-07 5.77615e+03 1.10545e-13 +0.00000e+00
 1.55052e-07 5.77606e+03 1.47299e-13 +0.00000e+00
 1.93070e-07 5.77619e+03 1.97563e-13 +0.00000e+00
 2.40410e-07 5.77681e+03 2.66718e-13 +0.00000e+00
 2.99358e-07 5.77824e+03 3.62220e-13 +0.00000e+00
 3.72759e-07 5.78094e+03 4.94606e-13 +0.00000e+00
 4.64159e-07 5.78538e+03 6.78844e-13 +0.00000e+00
 5.77969e-07 5.79201e+03 9.35410e-13 +0.00000e+00
 7.19686e-07 5.80119e+03 1.29195e-12 +0.00000e+00
 8.96151e-07 5.81303e+03 1.78554e-12 +0.00000e+00
 1.11588e-06 5.82740e+03 2.46537e-12 +0.00000e+00
 1.38950e-06 5.84387e+03 3.39690e-12 +0.00000e+00
 1.73020e-06 5.86174e+03 4.66276e-12 +0.00000e+00
 2.15443e-06 5.88097e+03 6.37148e-12 +0.00000e+00
 2.68270e-06 5.90125e+03 8.66247e-12 +0.00000e+00
 3.34048e-06 5.92278e+03 1.17130e-11 +0.00000e+00
 4.15956e-06 5.94599e+03 1.57380e-11 +0.00000e+00
 5.17947e-06 5.97135e+03 2.09876e-11 +0.00000e+00
 6.44947e-06 5.99914e+03 2.77455e-11 +0.00000e+00
 8.03086e-06 6.02945e+03 3.63283e-11 +0.00000e+00
 1.00000e-05 6.06219e+03 4.70937e-11 +0.00000e+00
 1.24520e-05 6.09721e+03 6.04515e-11 +0.00000e+00
 1.55052e-05 6.13422e+03 7.68512e-11 +0.00000e+00
 1.93070e-05 6.17166e+03 9.68385e-11 +0.00000e+00
 2.40410e-05 6.21230e+03 1.20895e-10 +0.00000e+00
 2.99358e-05 6.25208e+03 1.49680e-10 +0.00000e+00
 3.72759e-05 6.30322e+03 1.83411e-10 +0.00000e+00
 4.64159e-05 6.34926e+03 2.23378e-10 +0.00000e+00
 5.77969e-05 6.39602e+03 2.69851e-10 +0.00000e+00
 7.19686e-05 6.44363e+03 3.23437e-10 +0.00000e+00
 8.96151e-05 6.49188e+03 3.84741e-10 +0.00000e+00
 1.11588e-04 6.54039e+03 4.54393e-10 +0.00000e+00
 1.38950e-04 6.58866e+03 5.33103e-10 +0.00000e+00
 1.73020e-04 6.63616e+03 6.21724e-10 +0.00000e+00
 2.15443e-04 6.68250e+03 7.21225e-10 +0.00000e+00
 2.68270e-04 6.72754e+03 8.32792e-10 +0.00000e+00
 3.34048e-04 6.77133e+03 9.57752e-10 +0.00000e+00
 4.15956e-04 6.81407e+03 1.09766e-09 +0.00000e+00
 5.17947e-04 6.85595e+03 1.25433e-09 +0.00000e+00
 6.44947e-04 6.89714e+03 1.42970e-09 +0.00000e+00
 8.03086e-04 6.93773e+03 1.62600e-09 +0.00000e+00
 1.00000e-03 6.97779e+03 1.84583e-09 +0.00000e+00
 1.24520e-03 7.01738e+03 2.09215e-09 -2.54581e-07
 1.55052e-03 7.05657e+03 2.36820e-09 -3.17003e-07
 1.93070e-03 7.09544e+03 2.67744e-09 -3.94733e-07
 2.40410e-03 7.13411e+03 3.02378e-09 -4.91520e-07
 2.99358e-03 7.17273e+03 3.41161e-09 -6.12040e-07
 3.72759e-03 7.21147e+03 3.84560e-09 -7.62109e-07
 4.64159e-03 7.25056e+03 4.33073e-09 -9.48975e-07
 5.77969e-03 7.29028e+03 4.87220e-09 -1.18166e-06
 7.19686e-03 7.33097e+03 5.47554e-09 -1.47140e-06
 8.96151e-03 7.37304e+03 6.14634e-09 -1.83218e-06
 1.11588e-02 7.41697e+03 6.88997e-09 -2.28143e-06
 1.38950e-02 7.46335e+03 7.71114e-09 -2.84083e-06
 1.73020e-02 7.51287e+03 8.61347e-09 -3.53741e-06
 2.15443e-02 7.56635e+03 9.59905e-09 -4.40475e-06
 2.68270e-02 7.62477e+03 1.06677e-08 -5.48478e-06
 3.34048e-02 7.68927e+03 1.18154e-08 -6.82965e-06
 4.15956e-02 7.76118e+03 1.30339e-08 -8.50426e-06
 5.17947e-02 7.84209e+03 1.43088e-08 -1.05895e-05
 6.44947e-02 7.93377e+03 1.56190e-08 -1.31860e-05
 8.03086e-02 8.03830e+03 1.69349e-08 -1.64191e-05
 1.00000e-01 8.15795e+03 1.82187e-08 -2.04434e-05
 1.24520e-01 8.29522e+03 1.94243e-08 -2.54480e-05
 1.55052e-01 8.45271e+03 2.04986e-08 -3.16801e-05
 1.93070e-01 8.63310e+03 2.13848e-08 -3.94726e-05
 2.40410e-01 8.83884e+03 2.20263e-08 -4.91424e-05
 2.99358e-01 9.07182e+03 2.23737e-08 -6.10666e-05
 3.72759e-01 9.33176e+03 2.23964e-08 -7.43981e-05
 4.64159e-01 9.61206e+03 2.21135e-08 -7.28485e-05
 5.77969e-01 9.92005e+03 2.14970e-08 +1.45459e-04
 7.19686e-01 1.02577e+04 2.05479e-08 +1.81434e-03
 8.96151e-01 1.05142e+04 1.98836e-08 +3.63106e-03
 1.11588e+00 1.07447e+04 1.93119e-08 +6.49241e-03
 1.38950e+00 1.09708e+04 1.87589e-08 +1.07934e-02
 1.73020e+00 1.12027e+04 1.81968e-08 +1.61982e-02
 2.15443e+00 1.14495e+04 1.76076e-08 +2.24111e-02
 2.68270e+00 1.17208e+04 1.69788e-08 +2.91743e-02
 3.34048e+00 1.20289e+04 1.63065e-08 +3.30736e-02
 4.15956e+00 1.23829e+04 1.56248e-08 +3.17027e-02
 5.17947e+00 1.28122e+04 1.49334e-08 +2.62120e-02
 6.44947e+00 1.33738e+04 1.42301e-08 +1.38179e-02
 8.03086e+00 1.41180e+04 1.36088e-08 +1.41554e-03
 1.00000e+01 1.53295e+04 1.29352e-08 -6.00025e-04
 1.24520e+01 1.58377e+04 1.33802e-08 -6.06490e-04
 1.55052e+01 1.63207e+04 1.40631e-08 -6.06421e-04
 1.93070e+01 1.69371e+04 1.48515e-08 -6.04656e-04
 2.40410e+01 1.73547e+04 1.60703e-08 -5.89045e-04
 2.99358e+01 1.81904e+04 1.71467e-08 -5.77478e-04
 3.72759e+01 1.84972e+04 1.90807e-08 -4.56375e-04
 4.64159e+01 1.95450e+04 2.04865e-08 -5.01959e-04
 5.77969e+01 1.99271e+04 2.30680e-08 -1.82672e-04
 7.19686e+01 2.07992e+04 2.53754e-08 -2.25477e-04
 8.96151e+01 2.17451e+04 2.81432e-08 -2.92811e-04
 1.11588e+02 2.22355e+04 3.20071e-08 +5.36124e-04
 1.38950e+02 2.34619e+04 3.53682e-08 +9.27656e-05
 1.73020e+02 2.41476e+04 4.02260e-08 +1.44645e-03
 2.15443e+02 2.55110e+04 4.48181e-08 +1.31123e-03
 2.68270e+02 2.58695e+04 5.18361e-08 +7.98022e-03
 3.34048e+02 2.82421e+04 5.60859e-08 +2.68984e-03
 4.15956e+02 2.78500e+04 6.67917e-08 +1.99994e-02
 5.17947e+02 3.23091e+04 6.86660e-08 +1.46500e-03
 6.44947e+02 3.15117e+04 8.39897e-08 +2.18391e-02
 8.03086e+02 3.61240e+04 8.80012e-08 +5.29905e-03
 1.00000e+03 4.05640e+04 9.68353e-08 +3.28318e-03
