#n1=128 n2=4 Teff=09200 R=2.5977e+12 L=3.4416e+37 logg=+2.00
#   tau          T          rho         Fconv
 0.00000e+00 7.25244e+03 1.03083e-21 +0.00000e+00
 1.00000e-09 7.25244e+03 3.04815e-19 +0.00000e+00
 1.24520e-09 7.25597e+03 3.81458e-19 +0.00000e+00
 1.55052e-09 7.25940e+03 4.77251e-19 +0.00000e+00
 1.93070e-09 7.26259e+03 5.96946e-19 +0.00000e+00
 2.40410e-09 7.26552e+03 7.46464e-19 +0.00000e+00
 2.99358e-09 7.26817e+03 9.33201e-19 +0.00000e+00
 3.72759e-09 7.27052e+03 1.16638e-18 +0.00000e+00
 4.64159e-09 7.27254e+03 1.45753e-18 +0.00000e+00
 5.77969e-09 7.27419e+03 1.82103e-18 +0.00000e+00
 7.19686e-09 7.27543e+03 2.27483e-18 +0.00000e+00
 8.96151e-09 7.27618e+03 2.84138e-18 +0.00000e+00
 1.11588e-08 7.27637e+03 3.54869e-18 +0.00000e+00
 1.38950e-08 7.27592e+03 4.43181e-18 +0.00000e+00
 1.73020e-08 7.27469e+03 5.53451e-18 +0.00000e+00
 2.15443e-08 7.27253e+03 6.91164e-18 +0.00000e+00
 2.68270e-08 7.26920e+03 8.63183e-18 +0.00000e+00
 3.34048e-08 7.26441e+03 1.07812e-17 +0.00000e+00
 4.15956e-08 7.25774e+03 1.34682e-17 +0.00000e+00
 5.17947e-08 7.24856e+03 1.68294e-17 +0.00000e+00
 6.44947e-08 7.23578e+03 2.10387e-17 +0.00000e+00
 8.03086e-08 7.21631e+03 2.63235e-17 +0.00000e+00
 1.00000e-07 7.18075e+03 3.30082e-17 +0.00000e+00
 1.24520e-07 7.11416e+03 4.15702e-17 +0.00000e+00
 1.55052e-07 7.01569e+03 5.25956e-17 +0.00000e+00
 1.93070e-07 6.91903e+03 6.65420e-17 +0.00000e+00
 2.40410e-07 6.84006e+03 8.39876e-17 +0.00000e+00
 2.99358e-07 6.77569e+03 1.05797e-16 +0.00000e+00
 3.72759e-07 6.72420e+03 1.33033e-16 +0.00000e+00
 4.64159e-07 6.68316e+03 1.67036e-16 +0.00000e+00
 5.77969e-07 6.64743e+03 2.09576e-16 +0.00000e+00
 7.19686e-07 6.61803e+03 2.62709e-16 +0.00000e+00
 8.96151e-07 6.59430e+03 3.29043e-16 +0.00000e+00
 1.11588e-06 6.57550e+03 4.11835e-16 +0.00000e+00
 1.38950e-06 6.56137e+03 5.15130e-16 +0.00000e+00
 1.73020e-06 6.55006e+03 6.44108e-16 +0.00000e+00
 2.15443e-06 6.54152e+03 8.05141e-16 +0.00000e+00
 2.68270e-06 6.53517e+03 1.00625e-15 +0.00000e+00
 3.34048e-06 6.53053e+03 1.25752e-15 +0.00000e+00
 4.15956e-06 6.52719e+03 1.57164e-15 +0.00000e+00
 5.17947e-06 6.52484e+03 1.96446e-15 +0.00000e+00
 6.44947e-06 6.52318e+03 2.45580e-15 +0.00000e+00
 8.03086e-06 6.52197e+03 3.07055e-15 +0.00000e+00
 1.00000e-05 6.52097e+03 3.84003e-15 +0.00000e+00
 1.24520e-05 6.51999e+03 4.80374e-15 +0.00000e+00
 1.55052e-05 6.51879e+03 6.01162e-15 +0.00000e+00
 1.93070e-05 6.51715e+03 7.52692e-15 +0.00000e+00
 2.40410e-05 6.51485e+03 9.42965e-15 +0.00000e+00
 2.99358e-05 6.51162e+03 1.18209e-14 +0.00000e+00
 3.72759e-05 6.50686e+03 1.48282e-14 +0.00000e+00
 4.64159e-05 6.50074e+03 1.86114e-14 +0.00000e+00
 5.77969e-05 6.49259e+03 2.33731e-14 +0.00000e+00
 7.19686e-05 6.48193e+03 2.93696e-14 +0.00000e+00
 8.96151e-05 6.46825e+03 3.69244e-14 +0.00000e+00
 1.11588e-04 6.45097e+03 4.64471e-14 +0.00000e+00
 1.38950e-04 6.42969e+03 5.84604e-14 +0.00000e+00
 1.73020e-04 6.40434e+03 7.36322e-14 +0.00000e+00
 2.15443e-04 6.37546e+03 9.28204e-14 +0.00000e+00
 2.68270e-04 6.34438e+03 1.17120e-13 +0.00000e+00
 3.34048e-04 6.31433e+03 1.47912e-13 +0.00000e+00
 4.15956e-04 6.28611e+03 1.86982e-13 +0.00000e+00
 5.17947e-04 6.26111e+03 2.36650e-13 +0.00000e+00
 6.44947e-04 6.24387e+03 2.99803e-13 +0.00000e+00
 8.03086e-04 6.23465e+03 3.80482e-13 +0.00000e+00
 1.00000e-03 6.23474e+03 4.84247e-13 +0.00000e+00
 1.24520e-03 6.24542e+03 6.19097e-13 -2.54779e-07
 1.55052e-03 6.26740e+03 7.96353e-13 -3.17250e-07
 1.93070e-03 6.30631e+03 1.03104e-12 -3.95041e-07
 2.40410e-03 6.35378e+03 1.34652e-12 -4.91902e-07
 2.99358e-03 6.40993e+03 1.77265e-12 -6.12516e-07
 3.72759e-03 6.47130e+03 2.35115e-12 -7.62702e-07
 4.64159e-03 6.53721e+03 3.13564e-12 -9.49714e-07
 5.77969e-03 6.60982e+03 4.18965e-12 -1.18258e-06
 7.19686e-03 6.68139e+03 5.59943e-12 -1.47255e-06
 8.96151e-03 6.75741e+03 7.44433e-12 -1.83361e-06
 1.11588e-02 6.83384e+03 9.81632e-12 -2.28321e-06
 1.38950e-02 6.91220e+03 1.27847e-11 -2.84305e-06
 1.73020e-02 6.99433e+03 1.63789e-11 -3.54016e-06
 2.15443e-02 7.07798e+03 2.06035e-11 -4.40818e-06
 2.68270e-02 7.16427e+03 2.54019e-11 -5.48905e-06
 3.34048e-02 7.25476e+03 3.06594e-11 -6.83497e-06
 4.15956e-02 7.35138e+03 3.62007e-11 -8.51088e-06
 5.17947e-02 7.45628e+03 4.17960e-11 -1.05977e-05
 6.44947e-02 7.57179e+03 4.71688e-11 -1.31962e-05
 8.03086e-02 7.70043e+03 5.20137e-11 -1.64319e-05
 1.00000e-01 7.84482e+03 5.60266e-11 -2.04610e-05
 1.24520e-01 8.00759e+03 5.89519e-11 -2.54779e-05
 1.55052e-01 8.19127e+03 6.06450e-11 -3.17250e-05
 1.93070e-01 8.39799e+03 6.11515e-11 -3.95041e-05
 2.40410e-01 8.62921e+03 6.07652e-11 -4.91902e-05
 2.99358e-01 8.88559e+03 6.00062e-11 -6.12516e-05
 3.72759e-01 9.16678e+03 5.94795e-11 -7.62702e-05
 4.64159e-01 9.47134e+03 5.96834e-11 -9.49716e-05
 5.77969e-01 9.79713e+03 6.09092e-11 -1.18258e-04
 7.19686e-01 1.01415e+04 6.32948e-11 -1.47255e-04
 8.96151e-01 1.05001e+04 6.69388e-11 -1.83362e-04
 1.11588e+00 1.08708e+04 7.19308e-11 -2.28321e-04
 1.38950e+00 1.12512e+04 7.83930e-11 -2.84305e-04
 1.73020e+00 1.16413e+04 8.64547e-11 -3.54016e-04
 2.15443e+00 1.20470e+04 9.62292e-11 -4.40818e-04
 2.68270e+00 1.24611e+04 1.07939e-10 -5.48905e-04
 3.34048e+00 1.28828e+04 1.21750e-10 -6.13830e-04
 4.15956e+00 1.33153e+04 1.37792e-10 -6.13830e-04
 5.17947e+00 1.37596e+04 1.56213e-10 -6.13830e-04
 6.44947e+00 1.42128e+04 1.77225e-10 -6.13830e-04
 8.03086e+00 1.46981e+04 2.00797e-10 -6.13830e-04
 1.00000e+01 1.51787e+04 2.27875e-10 -6.13830e-04
 1.24520e+01 1.57024e+04 2.58262e-10 -6.13830e-04
 1.55052e+01 1.62197e+04 2.93472e-10 -6.13830e-04
 1.93070e+01 1.68402e+04 3.32415e-10 -6.13830e-04
 2.40410e+01 1.73189e+04 3.80340e-10 -6.13830e-04
 2.99358e+01 1.81309e+04 4.28843e-10 -6.13830e-04
 3.72759e+01 1.85210e+04 4.94874e-10 -6.13830e-04
 4.64159e+01 1.95140e+04 5.55334e-10 -6.13830e-04
 5.77969e+01 1.99895e+04 6.40435e-10 -6.13830e-04
 7.19686e+01 2.08395e+04 7.25143e-10 -6.13830e-04
 8.96151e+01 2.17713e+04 8.22454e-10 -6.13830e-04
 1.11588e+02 2.23491e+04 9.46687e-10 -6.13830e-04
 1.38950e+02 2.35547e+04 1.06446e-09 -6.13830e-04
 1.73020e+02 2.42132e+04 1.22504e-09 -6.13830e-04
 2.15443e+02 2.56617e+04 1.37570e-09 -6.13830e-04
 2.68270e+02 2.60135e+04 1.60364e-09 -6.13820e-04
 3.34048e+02 2.82991e+04 1.75383e-09 -6.13825e-04
 4.15956e+02 2.82218e+04 2.08105e-09 -6.13696e-04
 5.17947e+02 3.06966e+04 2.27470e-09 -6.13733e-04
 6.44947e+02 3.19570e+04 2.61496e-09 -6.13184e-04
 8.03086e+02 3.22215e+04 3.06587e-09 -6.05124e-04
 1.00000e+03 3.65106e+04 3.16043e-09 -6.00793e-04
