#n1=128 n2=4 Teff=09800 R=6.1828e+10 L=2.5120e+34 logg=+5.00
#      tau          T          rho         Fconv
  0.00000e+00  5.28667e+03  1.50465e-21 +0.00000e+00
  1.00000e-09  5.28667e+03  5.40828e-16 +0.00000e+00
  1.24520e-09  5.28802e+03  6.79952e-16 +0.00000e+00
  1.55052e-09  5.28931e+03  8.56500e-16 +0.00000e+00
  1.93070e-09  5.29057e+03  1.08109e-15 +0.00000e+00
  2.40410e-09  5.29182e+03  1.36731e-15 +0.00000e+00
  2.99358e-09  5.29306e+03  1.73234e-15 +0.00000e+00
  3.72759e-09  5.29434e+03  2.19779e-15 +0.00000e+00
  4.64159e-09  5.29567e+03  2.79026e-15 +0.00000e+00
  5.77969e-09  5.29708e+03  3.54121e-15 +0.00000e+00
  7.19686e-09  5.29863e+03  4.49066e-15 +0.00000e+00
  8.96151e-09  5.30036e+03  5.68565e-15 +0.00000e+00
  1.11588e-08  5.30236e+03  7.19772e-15 +0.00000e+00
  1.38950e-08  5.30475e+03  9.12006e-15 +0.00000e+00
  1.73020e-08  5.30775e+03  1.16039e-14 +0.00000e+00
  2.15443e-08  5.31158e+03  1.48576e-14 +0.00000e+00
  2.68270e-08  5.31656e+03  1.91297e-14 +0.00000e+00
  3.34048e-08  5.32301e+03  2.47480e-14 +0.00000e+00
  4.15956e-08  5.33128e+03  3.21428e-14 +0.00000e+00
  5.17947e-08  5.34165e+03  4.18737e-14 +0.00000e+00
  6.44947e-08  5.35430e+03  5.46660e-14 +0.00000e+00
  8.03086e-08  5.36925e+03  7.14642e-14 +0.00000e+00
  1.00000e-07  5.38642e+03  9.35103e-14 +0.00000e+00
  1.24520e-07  5.40574e+03  1.22456e-13 +0.00000e+00
  1.55052e-07  5.42722e+03  1.60516e-13 +0.00000e+00
  1.93070e-07  5.45108e+03  2.10681e-13 +0.00000e+00
  2.40410e-07  5.47766e+03  2.77000e-13 +0.00000e+00
  2.99358e-07  5.50730e+03  3.65003e-13 +0.00000e+00
  3.72759e-07  5.54021e+03  4.82301e-13 +0.00000e+00
  4.64159e-07  5.57651e+03  6.39381e-13 +0.00000e+00
  5.77969e-07  5.61621e+03  8.50529e-13 +0.00000e+00
  7.19686e-07  5.65919e+03  1.13463e-12 +0.00000e+00
  8.96151e-07  5.70520e+03  1.51612e-12 +0.00000e+00
  1.11588e-06  5.75378e+03  2.02674e-12 +0.00000e+00
  1.38950e-06  5.80439e+03  2.70766e-12 +0.00000e+00
  1.73020e-06  5.85642e+03  3.61191e-12 +0.00000e+00
  2.15443e-06  5.90926e+03  4.80710e-12 +0.00000e+00
  2.68270e-06  5.96236e+03  6.37918e-12 +0.00000e+00
  3.34048e-06  6.01536e+03  8.43721e-12 +0.00000e+00
  4.15956e-06  6.06811e+03  1.11165e-11 +0.00000e+00
  5.17947e-06  6.12057e+03  1.45808e-11 +0.00000e+00
  6.44947e-06  6.17275e+03  1.90233e-11 +0.00000e+00
  8.03086e-06  6.22466e+03  2.46675e-11 +0.00000e+00
  1.00000e-05  6.27630e+03  3.17670e-11 +0.00000e+00
  1.24520e-05  6.32763e+03  4.06024e-11 +0.00000e+00
  1.55052e-05  6.37853e+03  5.14785e-11 +0.00000e+00
  1.93070e-05  6.42886e+03  6.47203e-11 +0.00000e+00
  2.40410e-05  6.47856e+03  8.06656e-11 +0.00000e+00
  2.99358e-05  6.52768e+03  9.96572e-11 +0.00000e+00
  3.72759e-05  6.57642e+03  1.22036e-10 +0.00000e+00
  4.64159e-05  6.62503e+03  1.48135e-10 +0.00000e+00
  5.77969e-05  6.67369e+03  1.78289e-10 +0.00000e+00
  7.19686e-05  6.72250e+03  2.12831e-10 +0.00000e+00
  8.96151e-05  6.77157e+03  2.52106e-10 +0.00000e+00
  1.11588e-04  6.82108e+03  2.96483e-10 +0.00000e+00
  1.38950e-04  6.87113e+03  3.46319e-10 +0.00000e+00
  1.73020e-04  6.92178e+03  4.02020e-10 +0.00000e+00
  2.15443e-04  6.97302e+03  4.64022e-10 +0.00000e+00
  2.68270e-04  7.02482e+03  5.32824e-10 +0.00000e+00
  3.34048e-04  7.07706e+03  6.09045e-10 +0.00000e+00
  4.15956e-04  7.12955e+03  6.93285e-10 +0.00000e+00
  5.17947e-04  7.18217e+03  7.86366e-10 +0.00000e+00
  6.44947e-04  7.23478e+03  8.89240e-10 +0.00000e+00
  8.03086e-04  7.28731e+03  1.00294e-09 +0.00000e+00
  1.00000e-03  7.33973e+03  1.12853e-09 +0.00000e+00
  1.24520e-03  7.39204e+03  1.26726e-09 -2.54597e-07
  1.55052e-03  7.44433e+03  1.42051e-09 -3.17023e-07
  1.93070e-03  7.49674e+03  1.58969e-09 -3.94755e-07
  2.40410e-03  7.54955e+03  1.77625e-09 -4.91549e-07
  2.99358e-03  7.60316e+03  1.98150e-09 -6.12074e-07
  3.72759e-03  7.65817e+03  2.20675e-09 -7.62151e-07
  4.64159e-03  7.71527e+03  2.45296e-09 -9.49029e-07
  5.77969e-03  7.77523e+03  2.72065e-09 -1.18173e-06
  7.19686e-03  7.83877e+03  3.00977e-09 -1.47149e-06
  8.96151e-03  7.90644e+03  3.31969e-09 -1.83229e-06
  1.11588e-02  7.97861e+03  3.64947e-09 -2.28157e-06
  1.38950e-02  8.05547e+03  3.99775e-09 -2.84100e-06
  1.73020e-02  8.13704e+03  4.36281e-09 -3.53760e-06
  2.15443e-02  8.22331e+03  4.74271e-09 -4.39751e-06
  2.68270e-02  8.31427e+03  5.13520e-09 -5.45214e-06
  3.34048e-02  8.41010e+03  5.53756e-09 -6.77176e-06
  4.15956e-02  8.51120e+03  5.94627e-09 -8.43169e-06
  5.17947e-02  8.61827e+03  6.35672e-09 -1.05124e-05
  6.44947e-02  8.73255e+03  6.76230e-09 -1.31106e-05
  8.03086e-02  8.85569e+03  7.15403e-09 -1.63491e-05
  1.00000e-01  8.98981e+03  7.52011e-09 -2.03823e-05
  1.24520e-01  9.13741e+03  7.84569e-09 -2.54040e-05
  1.55052e-01  9.30126e+03  8.11335e-09 -3.17019e-05
  1.93070e-01  9.48408e+03  8.30458e-09 -3.94733e-05
  2.40410e-01  9.68834e+03  8.40228e-09 -4.91373e-05
  2.99358e-01  9.91587e+03  8.39436e-09 -6.10755e-05
  3.72759e-01  1.01676e+04  8.27803e-09 -7.53603e-05
  4.64159e-01  1.04434e+04  8.06334e-09 -9.06044e-05
  5.77969e-01  1.07423e+04  7.77520e-09 -1.03382e-04
  7.19686e-01  1.10628e+04  7.45082e-09 -1.16300e-04
  8.96151e-01  1.14033e+04  7.13317e-09 -1.47528e-04
  1.11588e+00  1.17624e+04  6.86142e-09 -2.05865e-04
  1.38950e+00  1.21395e+04  6.66388e-09 -2.76221e-04
  1.73020e+00  1.25341e+04  6.55663e-09 -3.51963e-04
  2.15443e+00  1.29458e+04  6.54669e-09 -4.40180e-04
  2.68270e+00  1.33738e+04  6.63748e-09 -5.48453e-04
  3.34048e+00  1.38173e+04  6.83262e-09 -6.13369e-04
  4.15956e+00  1.42755e+04  7.13581e-09 -6.13381e-04
  5.17947e+00  1.47503e+04  7.55657e-09 -6.13382e-04
  6.44947e+00  1.52377e+04  8.10474e-09 -6.13386e-04
  8.03086e+00  1.57462e+04  8.78222e-09 -6.13384e-04
  1.00000e+01  1.62717e+04  9.60644e-09 -6.13382e-04
  1.24520e+01  1.68275e+04  1.05744e-08 -6.13365e-04
  1.55052e+01  1.73836e+04  1.17208e-08 -6.13291e-04
  1.93070e+01  1.80382e+04  1.29866e-08 -6.13052e-04
  2.40410e+01  1.85864e+04  1.45526e-08 -6.12099e-04
  2.99358e+01  1.94017e+04  1.61322e-08 -6.11539e-04
  3.72759e+01  1.99248e+04  1.82606e-08 -6.07081e-04
  4.64159e+01  2.08822e+04  2.02773e-08 -6.08953e-04
  5.77969e+01  2.14967e+04  2.30210e-08 -6.00610e-04
  7.19686e+01  2.24649e+04  2.57676e-08 -6.00662e-04
  8.96151e+01  2.33215e+04  2.91376e-08 -5.87583e-04
  1.11588e+02  2.41789e+04  3.29877e-08 -5.47830e-04
  1.38950e+02  2.54228e+04  3.69864e-08 -5.30785e-04
  1.73020e+02  2.61263e+04  4.23767e-08 -1.81691e-04
  2.15443e+02  2.76571e+04  4.72336e-08 -1.35132e-04
  2.68270e+02  2.86608e+04  5.38717e-08 +9.93835e-04
  3.34048e+02  2.99851e+04  6.08043e-08 +2.56488e-03
  4.15956e+02  3.15151e+04  6.85304e-08 +4.57289e-03
  5.17947e+02  3.27767e+04  7.79147e-08 +9.67818e-03
  6.44947e+02  3.75373e+04  8.20262e-08 +1.04756e-03
  8.03086e+02  4.18158e+04  9.08312e-08 +1.56352e-03
  1.00000e+03  4.56866e+04  1.02725e-07 +4.53321e-03
