#n1=128 n2=4 Teff=09600 R=2.1565e+13 L=2.8118e+39 logg=+0.50
#   tau          T          rho         Fconv
 0.00000e+00 8.72263e+03 8.56561e-22 +0.00000e+00
 1.00000e-09 8.72263e+03 4.82831e-21 +0.00000e+00
 1.24520e-09 8.72934e+03 5.84052e-21 +0.00000e+00
 1.55052e-09 8.73477e+03 7.11310e-21 +0.00000e+00
 1.93070e-09 8.74034e+03 8.71215e-21 +0.00000e+00
 2.40410e-09 8.74600e+03 1.07218e-20 +0.00000e+00
 2.99358e-09 8.75172e+03 1.32480e-20 +0.00000e+00
 3.72759e-09 8.75747e+03 1.64239e-20 +0.00000e+00
 4.64159e-09 8.76322e+03 2.04168e-20 +0.00000e+00
 5.77969e-09 8.76896e+03 2.54376e-20 +0.00000e+00
 7.19686e-09 8.77468e+03 3.17510e-20 +0.00000e+00
 8.96151e-09 8.78037e+03 3.96900e-20 +0.00000e+00
 1.11588e-08 8.78604e+03 4.96733e-20 +0.00000e+00
 1.38950e-08 8.79171e+03 6.22274e-20 +0.00000e+00
 1.73020e-08 8.79739e+03 7.80138e-20 +0.00000e+00
 2.15443e-08 8.80309e+03 9.78644e-20 +0.00000e+00
 2.68270e-08 8.80882e+03 1.22825e-19 +0.00000e+00
 3.34048e-08 8.81458e+03 1.54209e-19 +0.00000e+00
 4.15956e-08 8.82038e+03 1.93669e-19 +0.00000e+00
 5.17947e-08 8.82620e+03 2.43281e-19 +0.00000e+00
 6.44947e-08 8.83201e+03 3.05655e-19 +0.00000e+00
 8.03086e-08 8.83779e+03 3.84073e-19 +0.00000e+00
 1.00000e-07 8.84350e+03 4.82660e-19 +0.00000e+00
 1.24520e-07 8.84913e+03 6.06600e-19 +0.00000e+00
 1.55052e-07 8.85447e+03 7.62424e-19 +0.00000e+00
 1.93070e-07 8.85959e+03 9.58315e-19 +0.00000e+00
 2.40410e-07 8.86473e+03 1.20495e-18 +0.00000e+00
 2.99358e-07 8.64114e+03 1.55416e-18 +0.00000e+00
 3.72759e-07 7.71247e+03 2.19069e-18 +0.00000e+00
 4.64159e-07 7.46010e+03 2.86015e-18 +0.00000e+00
 5.77969e-07 7.33603e+03 3.70204e-18 +0.00000e+00
 7.19686e-07 7.28067e+03 4.74603e-18 +0.00000e+00
 8.96151e-07 7.24354e+03 6.06925e-18 +0.00000e+00
 1.11588e-06 7.21106e+03 7.75416e-18 +0.00000e+00
 1.38950e-06 7.17599e+03 9.90129e-18 +0.00000e+00
 1.73020e-06 7.13100e+03 1.26432e-17 +0.00000e+00
 2.15443e-06 7.06326e+03 1.61701e-17 +0.00000e+00
 2.68270e-06 6.94199e+03 2.08071e-17 +0.00000e+00
 3.34048e-06 6.73951e+03 2.70612e-17 +0.00000e+00
 4.15956e-06 6.54418e+03 3.51384e-17 +0.00000e+00
 5.17947e-06 6.43459e+03 4.50052e-17 +0.00000e+00
 6.44947e-06 6.36775e+03 5.72183e-17 +0.00000e+00
 8.03086e-06 6.32220e+03 7.24533e-17 +0.00000e+00
 1.00000e-05 6.29019e+03 9.14950e-17 +0.00000e+00
 1.24520e-05 6.26806e+03 1.15303e-16 +0.00000e+00
 1.55052e-05 6.25339e+03 1.45075e-16 +0.00000e+00
 1.93070e-05 6.24442e+03 1.82306e-16 +0.00000e+00
 2.40410e-05 6.23964e+03 2.28876e-16 +0.00000e+00
 2.99358e-05 6.23811e+03 2.87127e-16 +0.00000e+00
 3.72759e-05 6.23358e+03 3.60319e-16 +0.00000e+00
 4.64159e-05 6.23695e+03 4.51521e-16 +0.00000e+00
 5.77969e-05 6.24189e+03 5.65591e-16 +0.00000e+00
 7.19686e-05 6.24814e+03 7.08253e-16 +0.00000e+00
 8.96151e-05 6.25550e+03 8.86659e-16 +0.00000e+00
 1.11588e-04 6.26384e+03 1.10974e-15 +0.00000e+00
 1.38950e-04 6.27305e+03 1.38869e-15 +0.00000e+00
 1.73020e-04 6.28305e+03 1.73749e-15 +0.00000e+00
 2.15443e-04 6.29378e+03 2.17359e-15 +0.00000e+00
 2.68270e-04 6.30517e+03 2.71879e-15 +0.00000e+00
 3.34048e-04 6.31466e+03 3.40154e-15 +0.00000e+00
 4.15956e-04 6.32741e+03 4.25338e-15 +0.00000e+00
 5.17947e-04 6.34071e+03 5.31767e-15 +0.00000e+00
 6.44947e-04 6.35448e+03 6.64707e-15 +0.00000e+00
 8.03086e-04 6.36862e+03 8.30719e-15 +0.00000e+00
 1.00000e-03 6.38301e+03 1.03796e-14 +0.00000e+00
 1.24520e-03 6.39634e+03 1.29684e-14 -2.54798e-07
 1.55052e-03 6.41095e+03 1.61955e-14 -3.17272e-07
 1.93070e-03 6.42469e+03 2.02222e-14 -3.95068e-07
 2.40410e-03 6.43869e+03 2.52400e-14 -4.91937e-07
 2.99358e-03 6.45172e+03 3.14953e-14 -6.12560e-07
 3.72759e-03 6.46412e+03 3.92875e-14 -7.62756e-07
 4.64159e-03 6.47530e+03 4.89939e-14 -9.49782e-07
 5.77969e-03 6.48526e+03 6.10785e-14 -1.18267e-06
 7.19686e-03 6.49440e+03 7.61102e-14 -1.47265e-06
 8.96151e-03 6.50366e+03 9.47792e-14 -1.83374e-06
 1.11588e-02 6.51453e+03 1.17914e-13 -2.28337e-06
 1.38950e-02 6.52938e+03 1.46487e-13 -2.84324e-06
 1.73020e-02 6.55153e+03 1.81617e-13 -3.54041e-06
 2.15443e-02 6.58435e+03 2.24591e-13 -4.40850e-06
 2.68270e-02 6.63142e+03 2.76871e-13 -5.48945e-06
 3.34048e-02 6.69437e+03 3.40209e-13 -6.83544e-06
 4.15956e-02 6.77722e+03 4.16500e-13 -8.51147e-06
 5.17947e-02 6.88266e+03 5.07947e-13 -1.05985e-05
 6.44947e-02 7.01288e+03 6.17066e-13 -1.31972e-05
 8.03086e-02 7.16313e+03 7.47358e-13 -1.64331e-05
 1.00000e-01 7.33797e+03 9.01841e-13 -2.04602e-05
 1.24520e-01 7.53918e+03 1.08386e-12 -2.55058e-05
 1.55052e-01 7.75847e+03 1.29844e-12 -3.17590e-05
 1.93070e-01 8.00816e+03 1.54749e-12 -3.95428e-05
 2.40410e-01 8.27971e+03 1.83748e-12 -4.92851e-05
 2.99358e-01 8.57074e+03 2.17600e-12 -6.12560e-05
 3.72759e-01 8.88027e+03 2.57289e-12 -7.62756e-05
 4.64159e-01 9.20585e+03 3.04094e-12 -9.49782e-05
 5.77969e-01 9.55572e+03 3.59147e-12 -1.18267e-04
 7.19686e-01 9.92716e+03 4.24158e-12 -1.47265e-04
 8.96151e-01 1.03197e+04 5.00995e-12 -1.83374e-04
 1.11588e+00 1.07327e+04 5.91744e-12 -2.28337e-04
 1.38950e+00 1.11654e+04 6.98661e-12 -2.84324e-04
 1.73020e+00 1.16184e+04 8.23864e-12 -3.54041e-04
 2.15443e+00 1.20953e+04 9.68823e-12 -4.40850e-04
 2.68270e+00 1.25961e+04 1.13482e-11 -5.49017e-04
 3.34048e+00 1.31225e+04 1.32378e-11 -6.13863e-04
 4.15956e+00 1.36782e+04 1.54031e-11 -6.13879e-04
 5.17947e+00 1.42786e+04 1.79063e-11 -6.13884e-04
 6.44947e+00 1.48776e+04 2.08945e-11 -6.13873e-04
 8.03086e+00 1.55566e+04 2.43366e-11 -6.13873e-04
 1.00000e+01 1.62312e+04 2.84463e-11 -6.13873e-04
 1.24520e+01 1.69702e+04 3.32076e-11 -6.13873e-04
 1.55052e+01 1.77118e+04 3.88412e-11 -6.13873e-04
 1.93070e+01 1.85781e+04 4.52396e-11 -6.13873e-04
 2.40410e+01 1.93176e+04 5.30984e-11 -6.13873e-04
 2.99358e+01 2.03939e+04 6.14676e-11 -6.13873e-04
 3.72759e+01 2.11142e+04 7.24187e-11 -6.13873e-04
 4.64159e+01 2.23675e+04 8.34789e-11 -6.13873e-04
 5.77969e+01 2.32281e+04 9.80446e-11 -6.13873e-04
 7.19686e+01 2.44800e+04 1.13438e-10 -6.13873e-04
 8.96151e+01 2.56528e+04 1.32016e-10 -6.13873e-04
 1.11588e+02 2.68930e+04 1.53434e-10 -6.13873e-04
 1.38950e+02 2.83276e+04 1.77465e-10 -6.13873e-04
 1.73020e+02 2.96564e+04 2.06150e-10 -6.13873e-04
 2.15443e+02 3.13780e+04 2.36430e-10 -6.13873e-04
 2.68270e+02 3.27733e+04 2.73819e-10 -6.13873e-04
 3.34048e+02 3.48404e+04 3.10207e-10 -6.13873e-04
 4.15956e+02 3.63958e+04 3.58550e-10 -6.13873e-04
 5.17947e+02 3.85913e+04 4.08564e-10 -6.13873e-04
 6.44947e+02 4.07789e+04 4.69621e-10 -6.13873e-04
 8.03086e+02 4.23177e+04 5.48840e-10 -6.13873e-04
 1.00000e+03 4.55155e+04 6.19605e-10 -6.13873e-04
