#n1=128 n2=4 Teff=09800 R=6.1826e+10 L=2.5120e+34 logg=+5.00
#   tau          T          rho         Fconv
 0.00000e+00 6.46350e+03 1.15862e-21 +0.00000e+00
 1.00000e-09 6.46350e+03 4.06000e-16 +0.00000e+00
 1.24520e-09 6.45967e+03 5.06640e-16 +0.00000e+00
 1.55052e-09 6.45676e+03 6.32328e-16 +0.00000e+00
 1.93070e-09 6.45464e+03 7.89369e-16 +0.00000e+00
 2.40410e-09 6.45318e+03 9.85675e-16 +0.00000e+00
 2.99358e-09 6.45229e+03 1.23117e-15 +0.00000e+00
 3.72759e-09 6.45187e+03 1.53831e-15 +0.00000e+00
 4.64159e-09 6.45185e+03 1.92265e-15 +0.00000e+00
 5.77969e-09 6.45216e+03 2.40373e-15 +0.00000e+00
 7.19686e-09 6.45273e+03 3.00608e-15 +0.00000e+00
 8.96151e-09 6.45354e+03 3.76078e-15 +0.00000e+00
 1.11588e-08 6.45453e+03 4.70752e-15 +0.00000e+00
 1.38950e-08 6.45568e+03 5.89775e-15 +0.00000e+00
 1.73020e-08 6.45696e+03 7.39926e-15 +0.00000e+00
 2.15443e-08 6.45835e+03 9.30272e-15 +0.00000e+00
 2.68270e-08 6.45984e+03 1.17313e-14 +0.00000e+00
 3.34048e-08 6.46141e+03 1.48422e-14 +0.00000e+00
 4.15956e-08 6.46307e+03 1.88042e-14 +0.00000e+00
 5.17947e-08 6.46477e+03 2.38536e-14 +0.00000e+00
 6.44947e-08 6.46651e+03 3.02928e-14 +0.00000e+00
 8.03086e-08 6.46824e+03 3.85094e-14 +0.00000e+00
 1.00000e-07 6.46994e+03 4.90068e-14 +0.00000e+00
 1.24520e-07 6.47157e+03 6.24501e-14 +0.00000e+00
 1.55052e-07 6.47310e+03 7.97317e-14 +0.00000e+00
 1.93070e-07 6.47450e+03 1.02060e-13 +0.00000e+00
 2.40410e-07 6.47577e+03 1.31073e-13 +0.00000e+00
 2.99358e-07 6.47690e+03 1.68979e-13 +0.00000e+00
 3.72759e-07 6.47790e+03 2.18743e-13 +0.00000e+00
 4.64159e-07 6.47881e+03 2.84375e-13 +0.00000e+00
 5.77969e-07 6.47969e+03 3.71449e-13 +0.00000e+00
 7.19686e-07 6.48063e+03 4.87615e-13 +0.00000e+00
 8.96151e-07 6.48179e+03 6.43314e-13 +0.00000e+00
 1.11588e-06 6.48337e+03 8.53093e-13 +0.00000e+00
 1.38950e-06 6.48563e+03 1.13604e-12 +0.00000e+00
 1.73020e-06 6.48885e+03 1.51648e-12 +0.00000e+00
 2.15443e-06 6.49338e+03 2.02494e-12 +0.00000e+00
 2.68270e-06 6.49964e+03 2.69967e-12 +0.00000e+00
 3.34048e-06 6.50808e+03 3.58842e-12 +0.00000e+00
 4.15956e-06 6.51902e+03 4.75017e-12 +0.00000e+00
 5.17947e-06 6.53271e+03 6.25915e-12 +0.00000e+00
 6.44947e-06 6.54930e+03 8.21070e-12 +0.00000e+00
 8.03086e-06 6.56879e+03 1.07253e-11 +0.00000e+00
 1.00000e-05 6.59106e+03 1.39529e-11 +0.00000e+00
 1.24520e-05 6.61596e+03 1.80765e-11 +0.00000e+00
 1.55052e-05 6.64328e+03 2.33165e-11 +0.00000e+00
 1.93070e-05 6.67283e+03 2.99326e-11 +0.00000e+00
 2.40410e-05 6.70450e+03 3.82250e-11 +0.00000e+00
 2.99358e-05 6.73824e+03 4.85353e-11 +0.00000e+00
 3.72759e-05 6.77404e+03 6.12421e-11 +0.00000e+00
 4.64159e-05 6.81191e+03 7.67541e-11 +0.00000e+00
 5.77969e-05 6.85180e+03 9.55044e-11 +0.00000e+00
 7.19686e-05 6.89352e+03 1.17938e-10 +0.00000e+00
 8.96151e-05 6.93679e+03 1.44510e-10 +0.00000e+00
 1.11588e-04 6.98125e+03 1.75695e-10 +0.00000e+00
 1.38950e-04 7.02647e+03 2.11946e-10 +0.00000e+00
 1.73020e-04 7.07203e+03 2.53749e-10 +0.00000e+00
 2.15443e-04 7.11749e+03 3.01633e-10 +0.00000e+00
 2.68270e-04 7.16249e+03 3.56222e-10 +0.00000e+00
 3.34048e-04 7.20671e+03 4.18304e-10 +0.00000e+00
 4.15956e-04 7.24991e+03 4.88693e-10 +0.00000e+00
 5.17947e-04 7.29184e+03 5.68500e-10 +0.00000e+00
 6.44947e-04 7.33241e+03 6.59042e-10 +0.00000e+00
 8.03086e-04 7.37158e+03 7.61818e-10 +0.00000e+00
 1.00000e-03 7.40933e+03 8.78501e-10 +0.00000e+00
 1.24520e-03 7.44583e+03 1.01107e-09 -2.54580e-07
 1.55052e-03 7.48128e+03 1.16178e-09 -3.17002e-07
 1.93070e-03 7.51598e+03 1.33309e-09 -3.94729e-07
 2.40410e-03 7.55025e+03 1.52772e-09 -4.91517e-07
 2.99358e-03 7.58442e+03 1.74854e-09 -6.12035e-07
 3.72759e-03 7.61893e+03 1.99879e-09 -7.62102e-07
 4.64159e-03 7.65418e+03 2.28183e-09 -9.48967e-07
 5.77969e-03 7.69059e+03 2.60118e-09 -1.18165e-06
 7.19686e-03 7.72860e+03 2.96037e-09 -1.47139e-06
 8.96151e-03 7.76868e+03 3.36283e-09 -1.83217e-06
 1.11588e-02 7.81139e+03 3.81162e-09 -2.28142e-06
 1.38950e-02 7.85740e+03 4.30939e-09 -2.84082e-06
 1.73020e-02 7.90740e+03 4.85797e-09 -3.53737e-06
 2.15443e-02 7.96222e+03 5.45780e-09 -4.40472e-06
 2.68270e-02 8.02284e+03 6.10752e-09 -5.48475e-06
 3.34048e-02 8.09036e+03 6.80326e-09 -6.82958e-06
 4.15956e-02 8.16609e+03 7.53807e-09 -8.50418e-06
 5.17947e-02 8.25151e+03 8.30111e-09 -1.05894e-05
 6.44947e-02 8.34834e+03 9.07704e-09 -1.31858e-05
 8.03086e-02 8.45852e+03 9.84549e-09 -1.64142e-05
 1.00000e-01 8.58422e+03 1.05809e-08 -2.04288e-05
 1.24520e-01 8.72781e+03 1.12528e-08 -2.54305e-05
 1.55052e-01 8.89179e+03 1.18276e-08 -3.16660e-05
 1.93070e-01 9.07852e+03 1.22703e-08 -3.94721e-05
 2.40410e-01 9.29018e+03 1.25482e-08 -4.91396e-05
 2.99358e-01 9.52830e+03 1.26357e-08 -6.10499e-05
 3.72759e-01 9.79332e+03 1.25200e-08 -7.44207e-05
 4.64159e-01 1.00843e+04 1.22068e-08 -7.75327e-05
 5.77969e-01 1.03990e+04 1.17247e-08 +4.49815e-06
 7.19686e-01 1.07338e+04 1.11259e-08 +3.90180e-04
 8.96151e-01 1.10835e+04 1.04824e-08 +9.57997e-04
 1.11588e+00 1.13930e+04 1.00006e-08 +9.00484e-04
 1.38950e+00 1.17138e+04 9.56884e-09 +1.13811e-03
 1.73020e+00 1.20813e+04 9.14591e-09 +8.90991e-04
 2.15443e+00 1.26262e+04 8.58880e-09 -1.66713e-04
 2.68270e+00 1.30399e+04 8.42322e-09 -5.03923e-04
 3.34048e+00 1.34638e+04 8.38858e-09 -6.05072e-04
 4.15956e+00 1.38990e+04 8.48014e-09 -6.11363e-04
 5.17947e+00 1.43470e+04 8.69498e-09 -6.12757e-04
 6.44947e+00 1.48071e+04 9.04539e-09 -6.13100e-04
 8.03086e+00 1.52852e+04 9.53411e-09 -6.13258e-04
 1.00000e+01 1.57803e+04 1.01736e-08 -6.13255e-04
 1.24520e+01 1.63015e+04 1.09655e-08 -6.13180e-04
 1.55052e+01 1.68290e+04 1.19430e-08 -6.12882e-04
 1.93070e+01 1.74390e+04 1.30559e-08 -6.11924e-04
 2.40410e+01 1.79616e+04 1.44609e-08 -6.07941e-04
 2.99358e+01 1.87259e+04 1.58909e-08 -6.02384e-04
 3.72759e+01 1.92144e+04 1.78561e-08 -5.74227e-04
 4.64159e+01 2.01254e+04 1.96975e-08 -5.77374e-04
 5.77969e+01 2.06895e+04 2.22570e-08 -5.13633e-04
 7.19686e+01 2.16114e+04 2.48009e-08 -5.20756e-04
 8.96151e+01 2.24120e+04 2.79490e-08 -4.52416e-04
 1.11588e+02 2.32063e+04 3.15893e-08 -2.74456e-04
 1.38950e+02 2.44132e+04 3.52964e-08 -2.69834e-04
 1.73020e+02 2.50237e+04 4.04633e-08 +9.09268e-04
 2.15443e+02 2.65352e+04 4.49562e-08 +7.91750e-04
 2.68270e+02 2.74617e+04 5.12916e-08 +3.30049e-03
 3.34048e+02 2.87337e+04 5.78410e-08 +5.91023e-03
 4.15956e+02 3.02112e+04 6.51410e-08 +8.67255e-03
 5.17947e+02 3.14985e+04 7.39491e-08 +1.42837e-02
 6.44947e+02 3.66137e+04 7.70495e-08 +1.17433e-03
 8.03086e+02 4.11692e+04 8.53878e-08 +1.02990e-03
 1.00000e+03 4.52240e+04 9.70476e-08 +3.92897e-03
