#n1=128 n2=4 Teff=09400 R=3.6525e+11 L=7.4245e+35 logg=+3.50
#      tau          T          rho         Fconv
  0.00000e+00  5.22329e+03  1.52466e-21 +0.00000e+00
  1.00000e-09  5.22329e+03  1.63315e-17 +0.00000e+00
  1.24520e-09  5.22512e+03  2.03421e-17 +0.00000e+00
  1.55052e-09  5.22707e+03  2.53395e-17 +0.00000e+00
  1.93070e-09  5.22916e+03  3.15674e-17 +0.00000e+00
  2.40410e-09  5.23138e+03  3.93303e-17 +0.00000e+00
  2.99358e-09  5.23374e+03  4.90086e-17 +0.00000e+00
  3.72759e-09  5.23626e+03  6.10777e-17 +0.00000e+00
  4.64159e-09  5.23892e+03  7.61320e-17 +0.00000e+00
  5.77969e-09  5.24173e+03  9.49147e-17 +0.00000e+00
  7.19686e-09  5.24469e+03  1.18355e-16 +0.00000e+00
  8.96151e-09  5.24781e+03  1.47612e-16 +0.00000e+00
  1.11588e-08  5.25110e+03  1.84135e-16 +0.00000e+00
  1.38950e-08  5.25459e+03  2.29735e-16 +0.00000e+00
  1.73020e-08  5.25829e+03  2.86675e-16 +0.00000e+00
  2.15443e-08  5.26226e+03  3.57802e-16 +0.00000e+00
  2.68270e-08  5.26655e+03  4.46699e-16 +0.00000e+00
  3.34048e-08  5.27124e+03  5.57894e-16 +0.00000e+00
  4.15956e-08  5.27641e+03  6.97092e-16 +0.00000e+00
  5.17947e-08  5.28218e+03  8.71532e-16 +0.00000e+00
  6.44947e-08  5.28866e+03  1.09041e-15 +0.00000e+00
  8.03086e-08  5.29603e+03  1.36540e-15 +0.00000e+00
  1.00000e-07  5.30445e+03  1.71096e-15 +0.00000e+00
  1.24520e-07  5.31414e+03  2.14512e-15 +0.00000e+00
  1.55052e-07  5.32533e+03  2.69044e-15 +0.00000e+00
  1.93070e-07  5.33829e+03  3.37525e-15 +0.00000e+00
  2.40410e-07  5.35330e+03  4.23531e-15 +0.00000e+00
  2.99358e-07  5.37065e+03  5.31625e-15 +0.00000e+00
  3.72759e-07  5.39067e+03  6.67683e-15 +0.00000e+00
  4.64159e-07  5.41365e+03  8.39317e-15 +0.00000e+00
  5.77969e-07  5.43987e+03  1.05637e-14 +0.00000e+00
  7.19686e-07  5.46964e+03  1.33142e-14 +0.00000e+00
  8.96151e-07  5.50320e+03  1.68046e-14 +0.00000e+00
  1.11588e-06  5.54079e+03  2.12380e-14 +0.00000e+00
  1.38950e-06  5.58254e+03  2.68778e-14 +0.00000e+00
  1.73020e-06  5.62848e+03  3.40776e-14 +0.00000e+00
  2.15443e-06  5.67852e+03  4.33044e-14 +0.00000e+00
  2.68270e-06  5.73229e+03  5.51497e-14 +0.00000e+00
  3.34048e-06  5.78913e+03  7.03712e-14 +0.00000e+00
  4.15956e-06  5.84815e+03  8.99433e-14 +0.00000e+00
  5.17947e-06  5.90826e+03  1.15135e-13 +0.00000e+00
  6.44947e-06  5.96840e+03  1.47613e-13 +0.00000e+00
  8.03086e-06  6.02771e+03  1.89582e-13 +0.00000e+00
  1.00000e-05  6.08570e+03  2.43967e-13 +0.00000e+00
  1.24520e-05  6.14223e+03  3.14623e-13 +0.00000e+00
  1.55052e-05  6.19734e+03  4.06554e-13 +0.00000e+00
  1.93070e-05  6.25110e+03  5.26264e-13 +0.00000e+00
  2.40410e-05  6.30360e+03  6.82194e-13 +0.00000e+00
  2.99358e-05  6.35503e+03  8.85300e-13 +0.00000e+00
  3.72759e-05  6.40571e+03  1.14979e-12 +0.00000e+00
  4.64159e-05  6.45604e+03  1.49412e-12 +0.00000e+00
  5.77969e-05  6.50637e+03  1.94222e-12 +0.00000e+00
  7.19686e-05  6.55704e+03  2.52503e-12 +0.00000e+00
  8.96151e-05  6.60839e+03  3.28196e-12 +0.00000e+00
  1.11588e-04  6.66062e+03  4.26190e-12 +0.00000e+00
  1.38950e-04  6.71383e+03  5.52306e-12 +0.00000e+00
  1.73020e-04  6.76804e+03  7.13138e-12 +0.00000e+00
  2.15443e-04  6.82315e+03  9.15770e-12 +0.00000e+00
  2.68270e-04  6.87902e+03  1.16738e-11 +0.00000e+00
  3.34048e-04  6.93544e+03  1.47489e-11 +0.00000e+00
  4.15956e-04  6.99223e+03  1.84479e-11 +0.00000e+00
  5.17947e-04  7.04923e+03  2.28321e-11 +0.00000e+00
  6.44947e-04  7.10624e+03  2.79610e-11 +0.00000e+00
  8.03086e-04  7.16309e+03  3.38979e-11 +0.00000e+00
  1.00000e-03  7.21960e+03  4.07093e-11 +0.00000e+00
  1.24520e-03  7.27561e+03  4.84700e-11 -2.54460e-07
  1.55052e-03  7.33098e+03  5.72688e-11 -3.16853e-07
  1.93070e-03  7.38564e+03  6.72066e-11 -3.94546e-07
  2.40410e-03  7.43954e+03  7.84002e-11 -4.91288e-07
  2.99358e-03  7.49275e+03  9.09615e-11 -6.11749e-07
  3.72759e-03  7.54539e+03  1.05024e-10 -7.61748e-07
  4.64159e-03  7.59769e+03  1.20715e-10 -9.48527e-07
  5.77969e-03  7.64992e+03  1.38176e-10 -1.18110e-06
  7.19686e-03  7.70244e+03  1.57544e-10 -1.47070e-06
  8.96151e-03  7.75566e+03  1.78938e-10 -1.83132e-06
  1.11588e-02  7.81008e+03  2.02470e-10 -2.28035e-06
  1.38950e-02  7.86628e+03  2.28215e-10 -2.83950e-06
  1.73020e-02  7.92494e+03  2.56193e-10 -3.53572e-06
  2.15443e-02  7.98684e+03  2.86345e-10 -4.40266e-06
  2.68270e-02  8.05294e+03  3.18520e-10 -5.48218e-06
  3.34048e-02  8.12466e+03  3.52365e-10 -6.82639e-06
  4.15956e-02  8.20332e+03  3.87357e-10 -8.50015e-06
  5.17947e-02  8.29066e+03  4.22698e-10 -1.05843e-05
  6.44947e-02  8.38864e+03  4.57325e-10 -1.31795e-05
  8.03086e-02  8.49947e+03  4.89879e-10 -1.64111e-05
  1.00000e-01  8.62551e+03  5.18776e-10 -2.04351e-05
  1.24520e-01  8.76931e+03  5.42327e-10 -2.54458e-05
  1.55052e-01  8.93314e+03  5.59054e-10 -3.16853e-05
  1.93070e-01  9.11939e+03  5.67966e-10 -3.94546e-05
  2.40410e-01  9.33072e+03  5.68883e-10 -4.91288e-05
  2.99358e-01  9.56939e+03  5.62975e-10 -6.11749e-05
  3.72759e-01  9.83453e+03  5.53353e-10 -7.61748e-05
  4.64159e-01  1.00885e+04  5.49742e-10 -9.48525e-05
  5.77969e-01  1.03743e+04  5.47695e-10 -1.18110e-04
  7.19686e-01  1.07234e+04  5.46693e-10 -1.47070e-04
  8.96151e-01  1.10450e+04  5.58843e-10 -1.83132e-04
  1.11588e+00  1.14046e+04  5.77947e-10 -2.28035e-04
  1.38950e+00  1.17703e+04  6.07639e-10 -2.83950e-04
  1.73020e+00  1.21360e+04  6.48680e-10 -3.53572e-04
  2.15443e+00  1.25735e+04  6.97757e-10 -4.40266e-04
  2.68270e+00  1.30047e+04  7.61320e-10 -5.48218e-04
  3.34048e+00  1.34405e+04  8.39507e-10 -6.13061e-04
  4.15956e+00  1.38661e+04  9.33920e-10 -6.13061e-04
  5.17947e+00  1.44350e+04  1.03684e-09 -6.13061e-04
  6.44947e+00  1.47716e+04  1.17505e-09 -6.13061e-04
  8.03086e+00  1.53987e+04  1.30840e-09 -6.13061e-04
  1.00000e+01  1.58527e+04  1.47998e-09 -6.13061e-04
  1.24520e+01  1.64287e+04  1.66239e-09 -6.13061e-04
  1.55052e+01  1.69545e+04  1.87762e-09 -6.13061e-04
  1.93070e+01  1.76466e+04  2.10596e-09 -6.13061e-04
  2.40410e+01  1.81022e+04  2.40053e-09 -6.13061e-04
  2.99358e+01  1.90235e+04  2.67821e-09 -6.13061e-04
  3.72759e+01  1.93769e+04  3.08389e-09 -6.13061e-04
  4.64159e+01  2.05020e+04  3.42810e-09 -6.13061e-04
  5.77969e+01  2.09367e+04  3.94797e-09 -6.13059e-04
  7.19686e+01  2.19519e+04  4.42800e-09 -6.13059e-04
  8.96151e+01  2.28027e+04  5.02688e-09 -6.13057e-04
  1.11588e+02  2.36322e+04  5.71625e-09 -6.13039e-04
  1.38950e+02  2.47052e+04  6.45397e-09 -6.13009e-04
  1.73020e+02  2.56170e+04  7.34406e-09 -6.12842e-04
  2.15443e+02  2.69469e+04  8.26460e-09 -6.12637e-04
  2.68270e+02  2.76801e+04  9.49605e-09 -6.09979e-04
  3.34048e+02  2.94800e+04  1.05754e-08 -6.09604e-04
  4.15956e+02  3.01850e+04  1.22093e-08 -5.83380e-04
  5.17947e+02  3.23136e+04  1.35296e-08 -5.80192e-04
  6.44947e+02  3.35330e+04  1.54956e-08 -4.34106e-04
  8.03086e+02  3.43119e+04  1.78562e-08 +6.35095e-04
  1.00000e+03  3.92602e+04  1.83897e-08 +1.99346e-04
