#n1=128 n2=4 Teff=09400 R=1.1524e+11 L=7.3834e+34 logg=+4.00
#   tau          T          rho         Fconv
 0.00000e+00 5.27875e+03 1.49039e-21 +0.00000e+00
 1.00000e-09 5.27875e+03 5.00962e-17 +0.00000e+00
 1.24520e-09 5.28067e+03 6.24468e-17 +0.00000e+00
 1.55052e-09 5.28267e+03 7.78622e-17 +0.00000e+00
 1.93070e-09 5.28475e+03 9.71127e-17 +0.00000e+00
 2.40410e-09 5.28689e+03 1.21167e-16 +0.00000e+00
 2.99358e-09 5.28908e+03 1.51243e-16 +0.00000e+00
 3.72759e-09 5.29132e+03 1.88875e-16 +0.00000e+00
 4.64159e-09 5.29359e+03 2.35990e-16 +0.00000e+00
 5.77969e-09 5.29590e+03 2.95008e-16 +0.00000e+00
 7.19686e-09 5.29824e+03 3.68956e-16 +0.00000e+00
 8.96151e-09 5.30062e+03 4.61623e-16 +0.00000e+00
 1.11588e-08 5.30305e+03 5.77757e-16 +0.00000e+00
 1.38950e-08 5.30555e+03 7.23368e-16 +0.00000e+00
 1.73020e-08 5.30816e+03 9.06062e-16 +0.00000e+00
 2.15443e-08 5.31091e+03 1.13552e-15 +0.00000e+00
 2.68270e-08 5.31385e+03 1.42408e-15 +0.00000e+00
 3.34048e-08 5.31703e+03 1.78769e-15 +0.00000e+00
 4.15956e-08 5.32053e+03 2.24738e-15 +0.00000e+00
 5.17947e-08 5.32444e+03 2.83052e-15 +0.00000e+00
 6.44947e-08 5.32887e+03 3.57034e-15 +0.00000e+00
 8.03086e-08 5.33396e+03 4.50885e-15 +0.00000e+00
 1.00000e-07 5.33987e+03 5.69933e-15 +0.00000e+00
 1.24520e-07 5.34682e+03 7.20956e-15 +0.00000e+00
 1.55052e-07 5.35503e+03 9.12647e-15 +0.00000e+00
 1.93070e-07 5.36478e+03 1.15628e-14 +0.00000e+00
 2.40410e-07 5.37635e+03 1.46660e-14 +0.00000e+00
 2.99358e-07 5.39002e+03 1.86300e-14 +0.00000e+00
 3.72759e-07 5.40600e+03 2.37092e-14 +0.00000e+00
 4.64159e-07 5.42447e+03 3.02364e-14 +0.00000e+00
 5.77969e-07 5.44556e+03 3.86467e-14 +0.00000e+00
 7.19686e-07 5.46942e+03 4.95146e-14 +0.00000e+00
 8.96151e-07 5.49627e+03 6.36098e-14 +0.00000e+00
 1.11588e-06 5.52645e+03 8.19797e-14 +0.00000e+00
 1.38950e-06 5.56038e+03 1.06037e-13 +0.00000e+00
 1.73020e-06 5.59840e+03 1.37614e-13 +0.00000e+00
 2.15443e-06 5.64074e+03 1.79089e-13 +0.00000e+00
 2.68270e-06 5.68742e+03 2.33533e-13 +0.00000e+00
 3.34048e-06 5.73825e+03 3.04943e-13 +0.00000e+00
 4.15956e-06 5.79280e+03 3.98552e-13 +0.00000e+00
 5.17947e-06 5.85038e+03 5.21230e-13 +0.00000e+00
 6.44947e-06 5.91001e+03 6.82042e-13 +0.00000e+00
 8.03086e-06 5.97048e+03 8.92933e-13 +0.00000e+00
 1.00000e-05 6.03053e+03 1.16966e-12 +0.00000e+00
 1.24520e-05 6.08905e+03 1.53296e-12 +0.00000e+00
 1.55052e-05 6.14536e+03 2.00995e-12 +0.00000e+00
 1.93070e-05 6.19940e+03 2.63589e-12 +0.00000e+00
 2.40410e-05 6.25162e+03 3.45636e-12 +0.00000e+00
 2.99358e-05 6.30264e+03 4.53022e-12 +0.00000e+00
 3.72759e-05 6.35292e+03 5.93341e-12 +0.00000e+00
 4.64159e-05 6.40281e+03 7.76313e-12 +0.00000e+00
 5.77969e-05 6.45263e+03 1.01409e-11 +0.00000e+00
 7.19686e-05 6.50274e+03 1.32138e-11 +0.00000e+00
 8.96151e-05 6.55341e+03 1.71526e-11 +0.00000e+00
 1.11588e-04 6.60482e+03 2.21458e-11 +0.00000e+00
 1.38950e-04 6.65709e+03 2.83905e-11 +0.00000e+00
 1.73020e-04 6.71026e+03 3.60793e-11 +0.00000e+00
 2.15443e-04 6.76428e+03 4.53888e-11 +0.00000e+00
 2.68270e-04 6.81905e+03 5.64753e-11 +0.00000e+00
 3.34048e-04 6.87438e+03 6.94696e-11 +0.00000e+00
 4.15956e-04 6.93009e+03 8.44886e-11 +0.00000e+00
 5.17947e-04 6.98597e+03 1.01654e-10 +0.00000e+00
 6.44947e-04 7.04179e+03 1.21084e-10 +0.00000e+00
 8.03086e-04 7.09731e+03 1.42934e-10 +0.00000e+00
 1.00000e-03 7.15232e+03 1.67400e-10 +0.00000e+00
 1.24520e-03 7.20665e+03 1.94707e-10 -2.54717e-07
 1.55052e-03 7.26021e+03 2.25136e-10 -3.17172e-07
 1.93070e-03 7.31297e+03 2.58980e-10 -3.94944e-07
 2.40410e-03 7.36496e+03 2.96588e-10 -4.91783e-07
 2.99358e-03 7.41631e+03 3.38319e-10 -6.12366e-07
 3.72759e-03 7.46723e+03 3.84554e-10 -7.62516e-07
 4.64159e-03 7.51795e+03 4.35725e-10 -9.49483e-07
 5.77969e-03 7.56878e+03 4.92274e-10 -1.18229e-06
 7.19686e-03 7.62005e+03 5.54628e-10 -1.47219e-06
 8.96151e-03 7.67215e+03 6.23228e-10 -1.83316e-06
 1.11588e-02 7.72553e+03 6.98469e-10 -2.28265e-06
 1.38950e-02 7.78077e+03 7.80650e-10 -2.84236e-06
 1.73020e-02 7.83851e+03 8.69939e-10 -3.53929e-06
 2.15443e-02 7.89959e+03 9.66258e-10 -4.40710e-06
 2.68270e-02 7.96484e+03 1.06930e-09 -5.48771e-06
 3.34048e-02 8.03569e+03 1.17818e-09 -6.83329e-06
 4.15956e-02 8.11346e+03 1.29150e-09 -8.50872e-06
 5.17947e-02 8.19992e+03 1.40703e-09 -1.05948e-05
 6.44947e-02 8.29705e+03 1.52166e-09 -1.31922e-05
 8.03086e-02 8.40711e+03 1.63130e-09 -1.64267e-05
 1.00000e-01 8.53257e+03 1.73090e-09 -2.04545e-05
 1.24520e-01 8.67618e+03 1.81458e-09 -2.54701e-05
 1.55052e-01 8.84043e+03 1.87635e-09 -3.17159e-05
 1.93070e-01 9.02817e+03 1.91042e-09 -3.94942e-05
 2.40410e-01 9.24209e+03 1.91240e-09 -4.91776e-05
 2.99358e-01 9.48536e+03 1.88016e-09 -6.12318e-05
 3.72759e-01 9.75817e+03 1.81723e-09 -7.62283e-05
 4.64159e-01 1.00128e+04 1.76091e-09 -9.48947e-05
 5.77969e-01 1.03017e+04 1.69089e-09 -1.18102e-04
 7.19686e-01 1.06641e+04 1.60130e-09 -1.47106e-04
 8.96151e-01 1.09873e+04 1.55356e-09 -1.83281e-04
 1.11588e+00 1.13504e+04 1.51930e-09 -2.28258e-04
 1.38950e+00 1.17143e+04 1.51368e-09 -2.84233e-04
 1.73020e+00 1.20742e+04 1.53585e-09 -3.53929e-04
 2.15443e+00 1.25172e+04 1.57044e-09 -4.40710e-04
 2.68270e+00 1.29495e+04 1.63741e-09 -5.48771e-04
 3.34048e+00 1.33804e+04 1.73529e-09 -6.13679e-04
 4.15956e+00 1.38047e+04 1.86574e-09 -6.13679e-04
 5.17947e+00 1.43761e+04 2.01218e-09 -6.13679e-04
 6.44947e+00 1.46890e+04 2.23329e-09 -6.13679e-04
 8.03086e+00 1.53204e+04 2.44253e-09 -6.13679e-04
 1.00000e+01 1.57678e+04 2.72732e-09 -6.13679e-04
 1.24520e+01 1.63280e+04 3.03563e-09 -6.13679e-04
 1.55052e+01 1.68521e+04 3.40094e-09 -6.13679e-04
 1.93070e+01 1.75247e+04 3.79139e-09 -6.13677e-04
 2.40410e+01 1.79694e+04 4.29895e-09 -6.13670e-04
 2.99358e+01 1.88760e+04 4.76902e-09 -6.13675e-04
 3.72759e+01 1.92017e+04 5.47743e-09 -6.13641e-04
 4.64159e+01 2.03472e+04 6.05392e-09 -6.13670e-04
 5.77969e+01 2.07130e+04 6.97359e-09 -6.13607e-04
 7.19686e+01 2.16836e+04 7.80086e-09 -6.13614e-04
 8.96151e+01 2.27378e+04 8.78039e-09 -6.13596e-04
 1.11588e+02 2.30797e+04 1.01575e-08 -6.12596e-04
 1.38950e+02 2.46989e+04 1.12403e-08 -6.13148e-04
 1.73020e+02 2.49315e+04 1.30926e-08 -6.04001e-04
 2.15443e+02 2.68459e+04 1.44095e-08 -6.09034e-04
 2.68270e+02 2.71935e+04 1.67594e-08 -5.48696e-04
 3.34048e+02 2.94260e+04 1.84029e-08 -5.82616e-04
 4.15956e+02 2.99451e+04 2.13850e-08 -2.80567e-04
 5.17947e+02 3.18831e+04 2.37695e-08 -2.17044e-04
 6.44947e+02 3.33092e+04 2.70105e-08 +6.10235e-04
 8.03086e+02 3.44136e+04 3.09039e-08 +3.87159e-03
 1.00000e+03 3.98542e+04 3.20775e-08 +1.41174e-03
