#n1=128 n2=4 Teff=09800 R=3.8092e+11 L=9.5438e+35 logg=+3.50
#   tau          T          rho         Fconv
 0.00000e+00 6.66432e+03 1.12269e-21 +0.00000e+00
 1.00000e-09 6.66432e+03 1.21079e-17 +0.00000e+00
 1.24520e-09 6.57078e+03 1.53006e-17 +0.00000e+00
 1.55052e-09 6.50840e+03 1.92456e-17 +0.00000e+00
 1.93070e-09 6.46951e+03 2.41215e-17 +0.00000e+00
 2.40410e-09 6.44072e+03 3.01857e-17 +0.00000e+00
 2.99358e-09 6.41903e+03 3.77329e-17 +0.00000e+00
 3.72759e-09 6.40202e+03 4.71328e-17 +0.00000e+00
 4.64159e-09 6.38837e+03 5.88438e-17 +0.00000e+00
 5.77969e-09 6.37731e+03 7.34356e-17 +0.00000e+00
 7.19686e-09 6.36832e+03 9.16171e-17 +0.00000e+00
 8.96151e-09 6.36106e+03 1.14271e-16 +0.00000e+00
 1.11588e-08 6.35524e+03 1.42498e-16 +0.00000e+00
 1.38950e-08 6.35066e+03 1.77668e-16 +0.00000e+00
 1.73020e-08 6.34712e+03 2.21486e-16 +0.00000e+00
 2.15443e-08 6.34449e+03 2.76081e-16 +0.00000e+00
 2.68270e-08 6.34264e+03 3.44102e-16 +0.00000e+00
 3.34048e-08 6.34147e+03 4.28850e-16 +0.00000e+00
 4.15956e-08 6.34089e+03 5.34444e-16 +0.00000e+00
 5.17947e-08 6.34083e+03 6.66021e-16 +0.00000e+00
 6.44947e-08 6.34122e+03 8.29998e-16 +0.00000e+00
 8.03086e-08 6.34200e+03 1.03441e-15 +0.00000e+00
 1.00000e-07 6.34313e+03 1.28933e-15 +0.00000e+00
 1.24520e-07 6.34458e+03 1.60744e-15 +0.00000e+00
 1.55052e-07 6.34631e+03 2.00476e-15 +0.00000e+00
 1.93070e-07 6.34830e+03 2.50149e-15 +0.00000e+00
 2.40410e-07 6.35056e+03 3.12233e-15 +0.00000e+00
 2.99358e-07 6.35307e+03 3.89745e-15 +0.00000e+00
 3.72759e-07 6.35584e+03 4.86534e-15 +0.00000e+00
 4.64159e-07 6.35888e+03 6.07405e-15 +0.00000e+00
 5.77969e-07 6.36221e+03 7.58370e-15 +0.00000e+00
 7.19686e-07 6.36586e+03 9.46995e-15 +0.00000e+00
 8.96151e-07 6.36985e+03 1.18284e-14 +0.00000e+00
 1.11588e-06 6.37420e+03 1.47800e-14 +0.00000e+00
 1.38950e-06 6.37897e+03 1.84785e-14 +0.00000e+00
 1.73020e-06 6.38419e+03 2.31175e-14 +0.00000e+00
 2.15443e-06 6.38992e+03 2.89403e-14 +0.00000e+00
 2.68270e-06 6.39620e+03 3.62505e-14 +0.00000e+00
 3.34048e-06 6.40311e+03 4.54287e-14 +0.00000e+00
 4.15956e-06 6.41073e+03 5.69572e-14 +0.00000e+00
 5.17947e-06 6.41915e+03 7.14530e-14 +0.00000e+00
 6.44947e-06 6.42847e+03 8.96994e-14 +0.00000e+00
 8.03086e-06 6.43884e+03 1.12680e-13 +0.00000e+00
 1.00000e-05 6.45040e+03 1.41610e-13 +0.00000e+00
 1.24520e-05 6.46330e+03 1.77956e-13 +0.00000e+00
 1.55052e-05 6.47768e+03 2.23480e-13 +0.00000e+00
 1.93070e-05 6.49371e+03 2.80286e-13 +0.00000e+00
 2.40410e-05 6.51152e+03 3.50907e-13 +0.00000e+00
 2.99358e-05 6.53125e+03 4.38419e-13 +0.00000e+00
 3.72759e-05 6.55304e+03 5.46657e-13 +0.00000e+00
 4.64159e-05 6.57705e+03 6.80541e-13 +0.00000e+00
 5.77969e-05 6.60345e+03 8.46555e-13 +0.00000e+00
 7.19686e-05 6.63247e+03 1.05342e-12 +0.00000e+00
 8.96151e-05 6.66435e+03 1.31299e-12 +0.00000e+00
 1.11588e-04 6.69939e+03 1.64135e-12 +0.00000e+00
 1.38950e-04 6.73792e+03 2.06021e-12 +0.00000e+00
 1.73020e-04 6.78027e+03 2.59856e-12 +0.00000e+00
 2.15443e-04 6.82672e+03 3.29468e-12 +0.00000e+00
 2.68270e-04 6.87731e+03 4.19792e-12 +0.00000e+00
 3.34048e-04 6.93185e+03 5.37054e-12 +0.00000e+00
 4.15956e-04 6.98969e+03 6.88881e-12 +0.00000e+00
 5.17947e-04 7.04972e+03 8.84377e-12 +0.00000e+00
 6.44947e-04 7.11047e+03 1.13424e-11 +0.00000e+00
 8.03086e-04 7.17043e+03 1.45071e-11 +0.00000e+00
 1.00000e-03 7.22832e+03 1.84774e-11 +0.00000e+00
 1.24520e-03 7.28339e+03 2.34070e-11 -2.54360e-07
 1.55052e-03 7.33544e+03 2.94642e-11 -3.16728e-07
 1.93070e-03 7.38480e+03 3.68318e-11 -3.94387e-07
 2.40410e-03 7.43206e+03 4.57037e-11 -4.91091e-07
 2.99358e-03 7.47792e+03 5.62796e-11 -6.11505e-07
 3.72759e-03 7.52302e+03 6.87484e-11 -7.61442e-07
 4.64159e-03 7.56803e+03 8.33031e-11 -9.48146e-07
 5.77969e-03 7.61351e+03 1.00119e-10 -1.18063e-06
 7.19686e-03 7.66011e+03 1.19356e-10 -1.47012e-06
 8.96151e-03 7.70842e+03 1.41149e-10 -1.83058e-06
 1.11588e-02 7.75908e+03 1.65572e-10 -2.27945e-06
 1.38950e-02 7.81281e+03 1.92655e-10 -2.83836e-06
 1.73020e-02 7.87032e+03 2.22341e-10 -3.53431e-06
 2.15443e-02 7.93242e+03 2.54458e-10 -4.40091e-06
 2.68270e-02 8.00010e+03 2.88709e-10 -5.48000e-06
 3.34048e-02 8.07444e+03 3.24623e-10 -6.82367e-06
 4.15956e-02 8.15667e+03 3.61521e-10 -8.49677e-06
 5.17947e-02 8.24823e+03 3.98495e-10 -1.05801e-05
 6.44947e-02 8.35079e+03 4.34403e-10 -1.31743e-05
 8.03086e-02 8.46624e+03 4.67862e-10 -1.64046e-05
 1.00000e-01 8.59669e+03 4.97322e-10 -2.04269e-05
 1.24520e-01 8.74443e+03 5.21187e-10 -2.54356e-05
 1.55052e-01 8.91184e+03 5.38038e-10 -3.16726e-05
 1.93070e-01 9.10121e+03 5.46995e-10 -3.94387e-05
 2.40410e-01 9.31446e+03 5.48130e-10 -4.91091e-05
 2.99358e-01 9.55274e+03 5.42884e-10 -6.11503e-05
 3.72759e-01 9.81619e+03 5.34129e-10 -7.61442e-05
 4.64159e-01 1.01038e+04 5.25642e-10 -9.48146e-05
 5.77969e-01 1.04136e+04 5.21100e-10 -1.18063e-04
 7.19686e-01 1.07426e+04 5.23208e-10 -1.47012e-04
 8.96151e-01 1.10882e+04 5.33524e-10 -1.83058e-04
 1.11588e+00 1.14480e+04 5.52887e-10 -2.27945e-04
 1.38950e+00 1.18205e+04 5.81922e-10 -2.83836e-04
 1.73020e+00 1.22053e+04 6.21319e-10 -3.53431e-04
 2.15443e+00 1.26021e+04 6.71913e-10 -4.40091e-04
 2.68270e+00 1.30112e+04 7.34678e-10 -5.48000e-04
 3.34048e+00 1.34325e+04 8.10678e-10 -6.12816e-04
 4.15956e+00 1.38661e+04 9.01026e-10 -6.12816e-04
 5.17947e+00 1.43138e+04 1.00678e-09 -6.12816e-04
 6.44947e+00 1.47741e+04 1.12920e-09 -6.12816e-04
 8.03086e+00 1.52535e+04 1.26905e-09 -6.12816e-04
 1.00000e+01 1.57507e+04 1.42793e-09 -6.12816e-04
 1.24520e+01 1.62751e+04 1.60700e-09 -6.12816e-04
 1.55052e+01 1.68051e+04 1.81120e-09 -6.12816e-04
 1.93070e+01 1.74212e+04 2.03584e-09 -6.12816e-04
 2.40410e+01 1.79438e+04 2.30670e-09 -6.12816e-04
 2.99358e+01 1.87164e+04 2.58616e-09 -6.12816e-04
 3.72759e+01 1.92014e+04 2.95193e-09 -6.12814e-04
 4.64159e+01 2.01196e+04 3.30541e-09 -6.12816e-04
 5.77969e+01 2.06800e+04 3.77697e-09 -6.12810e-04
 7.19686e+01 2.16045e+04 4.25005e-09 -6.12808e-04
 8.96151e+01 2.24034e+04 4.82726e-09 -6.12789e-04
 1.11588e+02 2.31953e+04 5.48669e-09 -6.12722e-04
 1.38950e+02 2.44030e+04 6.16410e-09 -6.12661e-04
 1.73020e+02 2.50065e+04 7.08817e-09 -6.11725e-04
 2.15443e+02 2.65208e+04 7.90201e-09 -6.11493e-04
 2.68270e+02 2.74426e+04 9.03361e-09 -6.06723e-04
 3.34048e+02 2.87111e+04 1.02084e-08 -5.96796e-04
 4.15956e+02 3.01880e+04 1.15108e-08 -5.76618e-04
 5.17947e+02 3.16353e+04 1.30487e-08 -5.07103e-04
 6.44947e+02 3.26964e+04 1.49451e-08 -9.58383e-05
 8.03086e+02 3.51987e+04 1.64730e-08 +1.43419e-04
 1.00000e+03 4.06142e+04 1.71737e-08 +1.08257e-04
