#n1=128 n2=4 Teff=09000 R=5.6789e+10 L=1.5077e+34 logg=+5.00
#   tau          T          rho         Fconv
 0.00000e+00 6.01270e+03 1.27921e-21 +0.00000e+00
 1.00000e-09 6.01270e+03 4.45400e-16 +0.00000e+00
 1.24520e-09 6.01372e+03 5.57908e-16 +0.00000e+00
 1.55052e-09 6.01485e+03 6.99539e-16 +0.00000e+00
 1.93070e-09 6.01609e+03 8.78016e-16 +0.00000e+00
 2.40410e-09 6.01743e+03 1.10313e-15 +0.00000e+00
 2.99358e-09 6.01885e+03 1.38749e-15 +0.00000e+00
 3.72759e-09 6.02035e+03 1.74732e-15 +0.00000e+00
 4.64159e-09 6.02192e+03 2.20452e-15 +0.00000e+00
 5.77969e-09 6.02355e+03 2.78799e-15 +0.00000e+00
 7.19686e-09 6.02522e+03 3.53848e-15 +0.00000e+00
 8.96151e-09 6.02692e+03 4.51088e-15 +0.00000e+00
 1.11588e-08 6.02862e+03 5.78026e-15 +0.00000e+00
 1.38950e-08 6.03031e+03 7.42817e-15 +0.00000e+00
 1.73020e-08 6.03196e+03 9.55969e-15 +0.00000e+00
 2.15443e-08 6.03352e+03 1.23189e-14 +0.00000e+00
 2.68270e-08 6.03495e+03 1.58942e-14 +0.00000e+00
 3.34048e-08 6.03621e+03 2.05391e-14 +0.00000e+00
 4.15956e-08 6.03729e+03 2.66061e-14 +0.00000e+00
 5.17947e-08 6.03816e+03 3.46016e-14 +0.00000e+00
 6.44947e-08 6.03882e+03 4.52705e-14 +0.00000e+00
 8.03086e-08 6.03929e+03 5.97182e-14 +0.00000e+00
 1.00000e-07 6.03959e+03 7.95840e-14 +0.00000e+00
 1.24520e-07 6.03974e+03 1.07262e-13 +0.00000e+00
 1.55052e-07 6.03978e+03 1.46191e-13 +0.00000e+00
 1.93070e-07 6.03967e+03 2.00976e-13 +0.00000e+00
 2.40410e-07 6.03940e+03 2.77615e-13 +0.00000e+00
 2.99358e-07 6.03911e+03 3.85671e-13 +0.00000e+00
 3.72759e-07 6.03899e+03 5.38988e-13 +0.00000e+00
 4.64159e-07 6.03927e+03 7.57294e-13 +0.00000e+00
 5.77969e-07 6.04022e+03 1.06799e-12 +0.00000e+00
 7.19686e-07 6.04226e+03 1.50863e-12 +0.00000e+00
 8.96151e-07 6.04592e+03 2.13047e-12 +0.00000e+00
 1.11588e-06 6.05178e+03 3.00216e-12 +0.00000e+00
 1.38950e-06 6.06027e+03 4.21290e-12 +0.00000e+00
 1.73020e-06 6.07165e+03 5.87740e-12 +0.00000e+00
 2.15443e-06 6.08599e+03 8.14126e-12 +0.00000e+00
 2.68270e-06 6.10297e+03 1.11843e-11 +0.00000e+00
 3.34048e-06 6.12213e+03 1.52195e-11 +0.00000e+00
 4.15956e-06 6.14303e+03 2.04910e-11 +0.00000e+00
 5.17947e-06 6.16530e+03 2.72702e-11 +0.00000e+00
 6.44947e-06 6.18883e+03 3.58535e-11 +0.00000e+00
 8.03086e-06 6.21365e+03 4.65642e-11 +0.00000e+00
 1.00000e-05 6.24005e+03 5.97498e-11 +0.00000e+00
 1.24520e-05 6.26807e+03 7.57837e-11 +0.00000e+00
 1.55052e-05 6.29816e+03 9.50458e-11 +0.00000e+00
 1.93070e-05 6.33018e+03 1.17939e-10 +0.00000e+00
 2.40410e-05 6.36395e+03 1.44873e-10 +0.00000e+00
 2.99358e-05 6.39928e+03 1.76269e-10 +0.00000e+00
 3.72759e-05 6.43599e+03 2.12553e-10 +0.00000e+00
 4.64159e-05 6.47387e+03 2.54171e-10 +0.00000e+00
 5.77969e-05 6.51271e+03 3.01600e-10 +0.00000e+00
 7.19686e-05 6.55241e+03 3.55369e-10 +0.00000e+00
 8.96151e-05 6.59356e+03 4.15965e-10 +0.00000e+00
 1.11588e-04 6.63427e+03 4.84183e-10 +0.00000e+00
 1.38950e-04 6.67419e+03 5.60883e-10 +0.00000e+00
 1.73020e-04 6.71362e+03 6.46995e-10 +0.00000e+00
 2.15443e-04 6.75238e+03 7.43578e-10 +0.00000e+00
 2.68270e-04 6.79030e+03 8.51926e-10 +0.00000e+00
 3.34048e-04 6.82715e+03 9.73557e-10 +0.00000e+00
 4.15956e-04 6.86276e+03 1.11033e-09 +0.00000e+00
 5.17947e-04 6.89704e+03 1.26449e-09 +0.00000e+00
 6.44947e-04 6.92994e+03 1.43861e-09 +0.00000e+00
 8.03086e-04 6.96147e+03 1.63565e-09 +0.00000e+00
 1.00000e-03 6.99173e+03 1.85907e-09 +0.00000e+00
 1.24520e-03 7.02086e+03 2.11289e-09 -2.54554e-07
 1.55052e-03 7.04903e+03 2.40153e-09 -3.16970e-07
 1.93070e-03 7.07643e+03 2.72982e-09 -3.94690e-07
 2.40410e-03 7.10332e+03 3.10324e-09 -4.91467e-07
 2.99358e-03 7.12996e+03 3.52793e-09 -6.11974e-07
 3.72759e-03 7.15667e+03 4.01049e-09 -7.62027e-07
 4.64159e-03 7.18376e+03 4.55804e-09 -9.48872e-07
 5.77969e-03 7.21161e+03 5.17807e-09 -1.18153e-06
 7.19686e-03 7.24059e+03 5.87859e-09 -1.47124e-06
 8.96151e-03 7.27120e+03 6.66786e-09 -1.83199e-06
 1.11588e-02 7.30393e+03 7.55393e-09 -2.28119e-06
 1.38950e-02 7.33936e+03 8.54437e-09 -2.84053e-06
 1.73020e-02 7.37818e+03 9.64566e-09 -3.53701e-06
 2.15443e-02 7.42119e+03 1.08625e-08 -4.40428e-06
 2.68270e-02 7.46930e+03 1.21965e-08 -5.48420e-06
 3.34048e-02 7.52363e+03 1.36458e-08 -6.82890e-06
 4.15956e-02 7.58542e+03 1.52029e-08 -8.50334e-06
 5.17947e-02 7.65619e+03 1.68531e-08 -1.05883e-05
 6.44947e-02 7.73766e+03 1.85731e-08 -1.31846e-05
 8.03086e-02 7.83186e+03 2.03291e-08 -1.64174e-05
 1.00000e-01 7.94114e+03 2.20759e-08 -2.04428e-05
 1.24520e-01 8.06813e+03 2.37561e-08 -2.54549e-05
 1.55052e-01 8.21581e+03 2.53014e-08 -3.16913e-05
 1.93070e-01 8.38738e+03 2.66346e-08 -3.94687e-05
 2.40410e-01 8.58599e+03 2.76758e-08 -4.91432e-05
 2.99358e-01 8.81427e+03 2.83506e-08 -6.11377e-05
 3.72759e-01 9.07325e+03 2.86033e-08 -7.52017e-05
 4.64159e-01 9.36075e+03 2.84159e-08 -7.87030e-05
 5.77969e-01 9.67692e+03 2.77798e-08 +1.29418e-04
 7.19686e-01 1.00163e+04 2.67332e-08 +1.93221e-03
 8.96151e-01 1.02693e+04 2.60107e-08 +4.35945e-03
 1.11588e+00 1.04893e+04 2.54103e-08 +8.37636e-03
 1.38950e+00 1.06972e+04 2.48524e-08 +1.36923e-02
 1.73020e+00 1.09025e+04 2.43024e-08 +2.04704e-02
 2.15443e+00 1.11119e+04 2.37393e-08 +2.86529e-02
 2.68270e+00 1.13325e+04 2.31382e-08 +3.83040e-02
 3.34048e+00 1.15700e+04 2.24885e-08 +4.60365e-02
 4.15956e+00 1.18194e+04 2.18486e-08 +4.92698e-02
 5.17947e+00 1.20870e+04 2.12203e-08 +5.11495e-02
 6.44947e+00 1.23848e+04 2.05914e-08 +5.17478e-02
 8.03086e+00 1.27291e+04 1.99568e-08 +5.09194e-02
 1.00000e+01 1.31497e+04 1.93034e-08 +4.73799e-02
 1.24520e+01 1.37155e+04 1.85872e-08 +3.71823e-02
 1.55052e+01 1.46173e+04 1.76892e-08 +1.12721e-02
 1.93070e+01 1.67607e+04 1.60968e-08 -5.79947e-04
 2.40410e+01 1.71392e+04 1.72035e-08 -5.42213e-04
 2.99358e+01 1.79244e+04 1.81420e-08 -5.21580e-04
 3.72759e+01 1.82243e+04 1.99399e-08 -2.85521e-04
 4.64159e+01 1.92185e+04 2.12156e-08 -3.34501e-04
 5.77969e+01 1.95933e+04 2.36682e-08 +3.05815e-04
 7.19686e+01 2.04276e+04 2.58575e-08 +2.79881e-04
 8.96151e+01 2.13356e+04 2.85040e-08 +1.30429e-04
 1.11588e+02 2.18165e+04 3.22502e-08 +1.57501e-03
 1.38950e+02 2.29979e+04 3.55059e-08 +6.78272e-04
 1.73020e+02 2.36546e+04 4.02711e-08 +2.63294e-03
 2.15443e+02 2.49845e+04 4.47490e-08 +2.13199e-03
 2.68270e+02 2.53223e+04 5.16834e-08 +1.00121e-02
 3.34048e+02 2.76218e+04 5.58543e-08 +3.55588e-03
 4.15956e+02 2.72286e+04 6.64583e-08 +2.20747e-02
 5.17947e+02 3.15239e+04 6.83354e-08 +2.05677e-03
 6.44947e+02 3.07267e+04 8.35246e-08 +2.37562e-02
 8.03086e+02 3.51902e+04 8.74843e-08 +6.00531e-03
 1.00000e+03 3.95844e+04 9.61241e-08 +2.44932e-03
