#n1=128 n2=4 Teff=09400 R=5.7823e+12 L=1.8585e+38 logg=+1.50
#   tau          T          rho         Fconv
 0.00000e+00 6.88804e+03 1.08604e-21 +0.00000e+00
 1.00000e-09 6.88804e+03 9.20306e-20 +0.00000e+00
 1.24520e-09 6.85656e+03 1.15690e-19 +0.00000e+00
 1.55052e-09 6.83604e+03 1.45177e-19 +0.00000e+00
 1.93070e-09 6.82113e+03 1.81995e-19 +0.00000e+00
 2.40410e-09 6.80944e+03 2.27983e-19 +0.00000e+00
 2.99358e-09 6.79966e+03 2.85337e-19 +0.00000e+00
 3.72759e-09 6.79085e+03 3.57126e-19 +0.00000e+00
 4.64159e-09 6.78234e+03 4.46302e-19 +0.00000e+00
 5.77969e-09 6.77326e+03 5.58326e-19 +0.00000e+00
 7.19686e-09 6.76215e+03 6.97435e-19 +0.00000e+00
 8.96151e-09 6.72406e+03 8.75928e-19 +0.00000e+00
 1.11588e-08 6.45403e+03 1.13800e-18 +0.00000e+00
 1.38950e-08 6.20222e+03 1.49352e-18 +0.00000e+00
 1.73020e-08 6.01858e+03 1.93957e-18 +0.00000e+00
 2.15443e-08 5.94321e+03 2.46892e-18 +0.00000e+00
 2.68270e-08 5.89940e+03 3.12090e-18 +0.00000e+00
 3.34048e-08 5.87043e+03 3.93065e-18 +0.00000e+00
 4.15956e-08 5.85025e+03 4.93865e-18 +0.00000e+00
 5.17947e-08 5.83597e+03 6.19448e-18 +0.00000e+00
 6.44947e-08 5.82591e+03 7.75971e-18 +0.00000e+00
 8.03086e-08 5.81896e+03 9.71095e-18 +0.00000e+00
 1.00000e-07 5.81438e+03 1.21437e-17 +0.00000e+00
 1.24520e-07 5.81163e+03 1.51767e-17 +0.00000e+00
 1.55052e-07 5.81033e+03 1.89584e-17 +0.00000e+00
 1.93070e-07 5.81022e+03 2.36733e-17 +0.00000e+00
 2.40410e-07 5.81109e+03 2.95518e-17 +0.00000e+00
 2.99358e-07 5.81280e+03 3.68807e-17 +0.00000e+00
 3.72759e-07 5.81524e+03 4.60180e-17 +0.00000e+00
 4.64159e-07 5.81832e+03 5.74101e-17 +0.00000e+00
 5.77969e-07 5.82199e+03 7.16135e-17 +0.00000e+00
 7.19686e-07 5.82622e+03 8.93223e-17 +0.00000e+00
 8.96151e-07 5.83098e+03 1.11401e-16 +0.00000e+00
 1.11588e-06 5.83628e+03 1.38923e-16 +0.00000e+00
 1.38950e-06 5.84213e+03 1.73226e-16 +0.00000e+00
 1.73020e-06 5.84854e+03 2.15978e-16 +0.00000e+00
 2.15443e-06 5.85558e+03 2.69253e-16 +0.00000e+00
 2.68270e-06 5.86329e+03 3.35638e-16 +0.00000e+00
 3.34048e-06 5.87175e+03 4.18353e-16 +0.00000e+00
 4.15956e-06 5.88105e+03 5.21411e-16 +0.00000e+00
 5.17947e-06 5.89129e+03 6.49807e-16 +0.00000e+00
 6.44947e-06 5.90260e+03 8.09744e-16 +0.00000e+00
 8.03086e-06 5.91510e+03 1.00892e-15 +0.00000e+00
 1.00000e-05 5.92895e+03 1.25688e-15 +0.00000e+00
 1.24520e-05 5.94430e+03 1.56550e-15 +0.00000e+00
 1.55052e-05 5.96134e+03 1.94963e-15 +0.00000e+00
 1.93070e-05 5.98025e+03 2.42754e-15 +0.00000e+00
 2.40410e-05 6.00123e+03 3.02196e-15 +0.00000e+00
 2.99358e-05 6.02446e+03 3.76108e-15 +0.00000e+00
 3.72759e-05 6.05014e+03 4.67988e-15 +0.00000e+00
 4.64159e-05 6.07846e+03 5.82168e-15 +0.00000e+00
 5.77969e-05 6.10957e+03 7.24000e-15 +0.00000e+00
 7.19686e-05 6.14360e+03 9.00086e-15 +0.00000e+00
 8.96151e-05 6.18064e+03 1.11856e-14 +0.00000e+00
 1.11588e-04 6.22070e+03 1.38943e-14 +0.00000e+00
 1.38950e-04 6.26375e+03 1.72503e-14 +0.00000e+00
 1.73020e-04 6.30963e+03 2.14054e-14 +0.00000e+00
 2.15443e-04 6.35813e+03 2.65467e-14 +0.00000e+00
 2.68270e-04 6.40895e+03 3.29046e-14 +0.00000e+00
 3.34048e-04 6.46168e+03 4.07622e-14 +0.00000e+00
 4.15956e-04 6.51588e+03 5.04680e-14 +0.00000e+00
 5.17947e-04 6.57103e+03 6.24524e-14 +0.00000e+00
 6.44947e-04 6.62652e+03 7.72487e-14 +0.00000e+00
 8.03086e-04 6.68174e+03 9.55169e-14 +0.00000e+00
 1.00000e-03 6.73612e+03 1.18075e-13 +0.00000e+00
 1.24520e-03 6.78918e+03 1.45939e-13 -2.54768e-07
 1.55052e-03 6.84063e+03 1.80365e-13 -3.17237e-07
 1.93070e-03 6.89046e+03 2.22923e-13 -3.95024e-07
 2.40410e-03 6.93892e+03 2.75591e-13 -4.91883e-07
 2.99358e-03 6.98653e+03 3.40871e-13 -6.12491e-07
 3.72759e-03 7.03396e+03 4.21971e-13 -7.62671e-07
 4.64159e-03 7.08185e+03 5.23037e-13 -9.49676e-07
 5.77969e-03 7.13080e+03 6.49437e-13 -1.18253e-06
 7.19686e-03 7.18127e+03 8.08035e-13 -1.47249e-06
 8.96151e-03 7.23368e+03 1.00746e-12 -1.83354e-06
 1.11588e-02 7.28844e+03 1.25817e-12 -2.28311e-06
 1.38950e-02 7.34604e+03 1.57222e-12 -2.84294e-06
 1.73020e-02 7.40709e+03 1.96255e-12 -3.54001e-06
 2.15443e-02 7.47236e+03 2.44170e-12 -4.40799e-06
 2.68270e-02 7.54285e+03 3.02010e-12 -5.48883e-06
 3.34048e-02 7.61983e+03 3.70385e-12 -6.83468e-06
 4.15956e-02 7.70475e+03 4.49277e-12 -8.51052e-06
 5.17947e-02 7.79932e+03 5.37935e-12 -1.05973e-05
 6.44947e-02 7.90542e+03 6.34929e-12 -1.31957e-05
 8.03086e-02 8.02512e+03 7.38458e-12 -1.64313e-05
 1.00000e-01 8.16060e+03 8.46862e-12 -2.04603e-05
 1.24520e-01 8.31408e+03 9.59222e-12 -2.54768e-05
 1.55052e-01 8.48767e+03 1.07608e-11 -3.17239e-05
 1.93070e-01 8.68330e+03 1.19971e-11 -3.95026e-05
 2.40410e-01 8.90264e+03 1.33403e-11 -4.91878e-05
 2.99358e-01 9.14649e+03 1.48430e-11 -6.12484e-05
 3.72759e-01 9.41297e+03 1.65694e-11 -7.62852e-05
 4.64159e-01 9.69112e+03 1.86044e-11 -9.50576e-05
 5.77969e-01 9.99406e+03 2.09746e-11 -1.18253e-04
 7.19686e-01 1.03305e+04 2.37277e-11 -1.47249e-04
 8.96151e-01 1.06688e+04 2.70091e-11 -1.83354e-04
 1.11588e+00 1.10296e+04 3.08374e-11 -2.28311e-04
 1.38950e+00 1.14012e+04 3.53241e-11 -2.84294e-04
 1.73020e+00 1.17826e+04 4.05531e-11 -3.54001e-04
 2.15443e+00 1.22097e+04 4.64996e-11 -4.40799e-04
 2.68270e+00 1.26440e+04 5.33931e-11 -5.48883e-04
 3.34048e+00 1.30881e+04 6.12991e-11 -6.13804e-04
 4.15956e+00 1.35359e+04 7.03113e-11 -6.13804e-04
 5.17947e+00 1.40957e+04 7.99760e-11 -6.13804e-04
 6.44947e+00 1.44905e+04 9.21438e-11 -6.13804e-04
 8.03086e+00 1.51223e+04 1.04347e-10 -6.13804e-04
 1.00000e+01 1.56222e+04 1.19704e-10 -6.13804e-04
 1.24520e+01 1.62366e+04 1.36569e-10 -6.13804e-04
 1.55052e+01 1.68059e+04 1.56620e-10 -6.13804e-04
 1.93070e+01 1.75433e+04 1.78490e-10 -6.13804e-04
 2.40410e+01 1.80487e+04 2.06154e-10 -6.13804e-04
 2.99358e+01 1.90148e+04 2.33369e-10 -6.13804e-04
 3.72759e+01 1.94277e+04 2.71524e-10 -6.13804e-04
 4.64159e+01 2.05817e+04 3.05684e-10 -6.13804e-04
 5.77969e+01 2.10916e+04 3.54970e-10 -6.13804e-04
 7.19686e+01 2.21420e+04 4.02339e-10 -6.13804e-04
 8.96151e+01 2.30287e+04 4.60879e-10 -6.13804e-04
 1.11588e+02 2.39191e+04 5.28010e-10 -6.13804e-04
 1.38950e+02 2.50344e+04 6.00929e-10 -6.13804e-04
 1.73020e+02 2.59772e+04 6.89164e-10 -6.13804e-04
 2.15443e+02 2.73636e+04 7.80582e-10 -6.13804e-04
 2.68270e+02 2.81912e+04 9.01330e-10 -6.13804e-04
 3.34048e+02 3.00072e+04 1.01114e-09 -6.13804e-04
 4.15956e+02 3.08452e+04 1.17108e-09 -6.13799e-04
 5.17947e+02 3.29346e+04 1.30633e-09 -6.13781e-04
 6.44947e+02 3.43952e+04 1.49206e-09 -6.13564e-04
 8.03086e+02 3.53173e+04 1.72313e-09 -6.11505e-04
 1.00000e+03 3.93302e+04 1.81438e-09 -6.13359e-04
