#n1=128 n2=4 Teff=09200 R=5.8064e+10 L=1.7207e+34 logg=+5.00
#      tau          T          rho         Fconv
  0.00000e+00  4.99384e+03  1.59599e-21 +0.00000e+00
  1.00000e-09  4.99384e+03  6.66743e-16 +0.00000e+00
  1.24520e-09  4.99391e+03  8.65175e-16 +0.00000e+00
  1.55052e-09  4.99387e+03  1.12658e-15 +0.00000e+00
  1.93070e-09  4.99373e+03  1.46899e-15 +0.00000e+00
  2.40410e-09  4.99351e+03  1.91433e-15 +0.00000e+00
  2.99358e-09  4.99323e+03  2.48837e-15 +0.00000e+00
  3.72759e-09  4.99298e+03  3.22957e-15 +0.00000e+00
  4.64159e-09  4.99290e+03  4.19656e-15 +0.00000e+00
  5.77969e-09  4.99322e+03  5.47932e-15 +0.00000e+00
  7.19686e-09  4.99408e+03  7.21861e-15 +0.00000e+00
  8.96151e-09  4.99570e+03  9.57436e-15 +0.00000e+00
  1.11588e-08  4.99835e+03  1.27683e-14 +0.00000e+00
  1.38950e-08  5.00231e+03  1.70968e-14 +0.00000e+00
  1.73020e-08  5.00780e+03  2.29548e-14 +0.00000e+00
  2.15443e-08  5.01494e+03  3.08672e-14 +0.00000e+00
  2.68270e-08  5.02370e+03  4.15395e-14 +0.00000e+00
  3.34048e-08  5.03406e+03  5.59282e-14 +0.00000e+00
  4.15956e-08  5.04587e+03  7.53452e-14 +0.00000e+00
  5.17947e-08  5.05911e+03  1.01588e-13 +0.00000e+00
  6.44947e-08  5.07393e+03  1.37123e-13 +0.00000e+00
  8.03086e-08  5.09072e+03  1.85335e-13 +0.00000e+00
  1.00000e-07  5.10993e+03  2.50884e-13 +0.00000e+00
  1.24520e-07  5.13199e+03  3.40240e-13 +0.00000e+00
  1.55052e-07  5.15722e+03  4.62413e-13 +0.00000e+00
  1.93070e-07  5.18584e+03  6.29868e-13 +0.00000e+00
  2.40410e-07  5.21800e+03  8.59433e-13 +0.00000e+00
  2.99358e-07  5.25370e+03  1.17345e-12 +0.00000e+00
  3.72759e-07  5.29271e+03  1.60145e-12 +0.00000e+00
  4.64159e-07  5.33461e+03  2.18247e-12 +0.00000e+00
  5.77969e-07  5.37892e+03  2.96820e-12 +0.00000e+00
  7.19686e-07  5.42505e+03  4.02659e-12 +0.00000e+00
  8.96151e-07  5.47246e+03  5.44610e-12 +0.00000e+00
  1.11588e-06  5.52066e+03  7.34149e-12 +0.00000e+00
  1.38950e-06  5.56933e+03  9.85925e-12 +0.00000e+00
  1.73020e-06  5.61835e+03  1.31805e-11 +0.00000e+00
  2.15443e-06  5.66769e+03  1.75203e-11 +0.00000e+00
  2.68270e-06  5.71739e+03  2.31231e-11 +0.00000e+00
  3.34048e-06  5.76746e+03  3.02589e-11 +0.00000e+00
  4.15956e-06  5.81791e+03  3.92176e-11 +0.00000e+00
  5.17947e-06  5.86872e+03  5.03084e-11 +0.00000e+00
  6.44947e-06  5.91980e+03  6.38581e-11 +0.00000e+00
  8.03086e-06  5.97102e+03  8.02068e-11 +0.00000e+00
  1.00000e-05  6.02208e+03  9.97027e-11 +0.00000e+00
  1.24520e-05  6.07263e+03  1.22695e-10 +0.00000e+00
  1.55052e-05  6.12238e+03  1.49530e-10 +0.00000e+00
  1.93070e-05  6.17138e+03  1.80530e-10 +0.00000e+00
  2.40410e-05  6.22001e+03  2.15985e-10 +0.00000e+00
  2.99358e-05  6.26866e+03  2.56146e-10 +0.00000e+00
  3.72759e-05  6.31758e+03  3.01239e-10 +0.00000e+00
  4.64159e-05  6.36689e+03  3.51476e-10 +0.00000e+00
  5.77969e-05  6.41664e+03  4.07076e-10 +0.00000e+00
  7.19686e-05  6.46682e+03  4.68295e-10 +0.00000e+00
  8.96151e-05  6.51741e+03  5.35448e-10 +0.00000e+00
  1.11588e-04  6.56846e+03  6.08915e-10 +0.00000e+00
  1.38950e-04  6.61999e+03  6.89165e-10 +0.00000e+00
  1.73020e-04  6.67200e+03  7.76730e-10 +0.00000e+00
  2.15443e-04  6.72444e+03  8.72275e-10 +0.00000e+00
  2.68270e-04  6.77726e+03  9.76555e-10 +0.00000e+00
  3.34048e-04  6.83033e+03  1.09043e-09 +0.00000e+00
  4.15956e-04  6.88353e+03  1.21492e-09 +0.00000e+00
  5.17947e-04  6.93669e+03  1.35117e-09 +0.00000e+00
  6.44947e-04  6.98964e+03  1.50049e-09 +0.00000e+00
  8.03086e-04  7.04225e+03  1.66443e-09 +0.00000e+00
  1.00000e-03  7.09440e+03  1.84477e-09 +0.00000e+00
  1.24520e-03  7.14603e+03  2.04339e-09 -2.54599e-07
  1.55052e-03  7.19711e+03  2.26242e-09 -3.17025e-07
  1.93070e-03  7.24767e+03  2.50429e-09 -3.94760e-07
  2.40410e-03  7.29777e+03  2.77158e-09 -4.91554e-07
  2.99358e-03  7.34754e+03  3.06707e-09 -6.12082e-07
  3.72759e-03  7.39714e+03  3.39369e-09 -7.62161e-07
  4.64159e-03  7.44678e+03  3.75473e-09 -9.49040e-07
  5.77969e-03  7.49669e+03  4.15381e-09 -1.18174e-06
  7.19686e-03  7.54719e+03  4.59447e-09 -1.47150e-06
  8.96151e-03  7.59863e+03  5.08037e-09 -1.83231e-06
  1.11588e-02  7.65144e+03  5.61505e-09 -2.28159e-06
  1.38950e-02  7.70621e+03  6.20153e-09 -2.84103e-06
  1.73020e-02  7.76354e+03  6.84241e-09 -3.53765e-06
  2.15443e-02  7.82432e+03  7.53898e-09 -4.40505e-06
  2.68270e-02  7.88943e+03  8.29088e-09 -5.48516e-06
  3.34048e-02  7.96020e+03  9.09492e-09 -6.83012e-06
  4.15956e-02  8.03804e+03  9.94449e-09 -8.50484e-06
  5.17947e-02  8.12470e+03  1.08283e-08 -1.05902e-05
  6.44947e-02  8.22214e+03  1.17297e-08 -1.31867e-05
  8.03086e-02  8.33260e+03  1.26254e-08 -1.64147e-05
  1.00000e-01  8.45839e+03  1.34862e-08 -2.04286e-05
  1.24520e-01  8.60208e+03  1.42762e-08 -2.54291e-05
  1.55052e-01  8.76592e+03  1.49567e-08 -3.16643e-05
  1.93070e-01  8.95243e+03  1.54861e-08 -3.94743e-05
  2.40410e-01  9.16403e+03  1.58239e-08 -4.91347e-05
  2.99358e-01  9.40345e+03  1.59325e-08 -6.09314e-05
  3.72759e-01  9.67039e+03  1.57917e-08 -7.39568e-05
  4.64159e-01  9.92900e+03  1.55460e-08 -8.08034e-05
  5.77969e-01  1.02209e+04  1.50673e-08 +2.16732e-05
  7.19686e-01  1.05744e+04  1.42579e-08 +9.48851e-04
  8.96151e-01  1.09054e+04  1.34870e-08 +2.09242e-03
  1.11588e+00  1.11582e+04  1.30126e-08 +2.32859e-03
  1.38950e+00  1.14092e+04  1.25897e-08 +3.30633e-03
  1.73020e+00  1.16839e+04  1.21584e-08 +4.45816e-03
  2.15443e+00  1.19964e+04  1.17152e-08 +4.79905e-03
  2.68270e+00  1.23602e+04  1.12783e-08 +3.32110e-03
  3.34048e+00  1.27896e+04  1.08830e-08 +1.02772e-03
  4.15956e+00  1.37765e+04  9.98650e-09 -5.93475e-04
  5.17947e+00  1.42316e+04  1.00754e-08 -6.09277e-04
  6.44947e+00  1.46873e+04  1.03225e-08 -6.12225e-04
  8.03086e+00  1.52122e+04  1.06760e-08 -6.13192e-04
  1.00000e+01  1.56881e+04  1.12524e-08 -6.13247e-04
  1.24520e+01  1.62385e+04  1.19594e-08 -6.13229e-04
  1.55052e+01  1.67477e+04  1.29041e-08 -6.13018e-04
  1.93070e+01  1.74106e+04  1.39384e-08 -6.12505e-04
  2.40410e+01  1.78496e+04  1.54103e-08 -6.09593e-04
  2.99358e+01  1.87332e+04  1.67241e-08 -6.07911e-04
  3.72759e+01  1.90744e+04  1.88767e-08 -5.83735e-04
  4.64159e+01  2.01534e+04  2.05510e-08 -5.98619e-04
  5.77969e+01  2.05957e+04  2.33311e-08 -5.50414e-04
  7.19686e+01  2.15029e+04  2.59101e-08 -5.58968e-04
  8.96151e+01  2.24825e+04  2.89557e-08 -5.63895e-04
  1.11588e+02  2.30573e+04  3.30075e-08 -4.04036e-04
  1.38950e+02  2.43089e+04  3.67155e-08 -4.56940e-04
  1.73020e+02  2.50647e+04  4.18393e-08 -3.60125e-05
  2.15443e+02  2.64610e+04  4.67622e-08 +2.58528e-05
  2.68270e+02  2.69368e+04  5.40124e-08 +3.21188e-03
  3.34048e+02  2.92338e+04  5.88640e-08 +9.53273e-04
  4.15956e+02  2.91341e+04  6.95872e-08 +1.21086e-02
  5.17947e+02  3.18096e+04  7.55999e-08 +6.29325e-03
  6.44947e+02  3.26511e+04  8.72745e-08 +1.57487e-02
  8.03086e+02  3.70919e+04  9.23254e-08 +3.75743e-03
  1.00000e+03  4.12762e+04  1.02033e-07 +3.55361e-03
