#n1=128 n2=4 Teff=09200 R=4.1101e+13 L=8.6105e+39 logg=+0.00
#   tau          T          rho         Fconv
 0.00000e+00 7.43588e+03 1.01303e-21 +0.00000e+00
 1.00000e-09 7.43588e+03 2.12981e-21 +0.00000e+00
 1.24520e-09 7.44047e+03 2.41321e-21 +0.00000e+00
 1.55052e-09 7.44425e+03 2.77111e-21 +0.00000e+00
 1.93070e-09 7.44813e+03 3.22281e-21 +0.00000e+00
 2.40410e-09 7.45198e+03 3.78940e-21 +0.00000e+00
 2.99358e-09 6.19495e+03 5.47658e-21 +0.00000e+00
 3.72759e-09 6.17606e+03 6.60706e-21 +0.00000e+00
 4.64159e-09 6.16394e+03 8.03227e-21 +0.00000e+00
 5.77969e-09 6.15276e+03 9.84654e-21 +0.00000e+00
 7.19686e-09 6.14096e+03 1.21578e-20 +0.00000e+00
 8.96151e-09 6.12659e+03 1.51208e-20 +0.00000e+00
 1.11588e-08 5.02197e+03 2.31137e-20 +0.00000e+00
 1.38950e-08 5.02071e+03 2.89167e-20 +0.00000e+00
 1.73020e-08 5.02127e+03 3.62175e-20 +0.00000e+00
 2.15443e-08 5.02306e+03 4.54094e-20 +0.00000e+00
 2.68270e-08 5.02585e+03 5.69647e-20 +0.00000e+00
 3.34048e-08 5.02948e+03 7.14975e-20 +0.00000e+00
 4.15956e-08 5.03381e+03 8.97695e-20 +0.00000e+00
 5.17947e-08 5.03876e+03 1.12742e-19 +0.00000e+00
 6.44947e-08 5.04425e+03 1.41619e-19 +0.00000e+00
 8.03086e-08 5.05020e+03 1.77918e-19 +0.00000e+00
 1.00000e-07 5.05659e+03 2.23538e-19 +0.00000e+00
 1.24520e-07 5.06337e+03 2.80868e-19 +0.00000e+00
 1.55052e-07 5.07051e+03 3.52907e-19 +0.00000e+00
 1.93070e-07 5.07800e+03 4.43420e-19 +0.00000e+00
 2.40410e-07 5.08582e+03 5.57132e-19 +0.00000e+00
 2.99358e-07 5.09397e+03 6.99976e-19 +0.00000e+00
 3.72759e-07 5.10244e+03 8.79398e-19 +0.00000e+00
 4.64159e-07 5.11125e+03 1.10474e-18 +0.00000e+00
 5.77969e-07 5.12041e+03 1.38773e-18 +0.00000e+00
 7.19686e-07 5.12993e+03 1.74306e-18 +0.00000e+00
 8.96151e-07 5.13984e+03 2.18919e-18 +0.00000e+00
 1.11588e-06 5.15018e+03 2.74924e-18 +0.00000e+00
 1.38950e-06 5.16098e+03 3.45218e-18 +0.00000e+00
 1.73020e-06 5.17230e+03 4.33433e-18 +0.00000e+00
 2.15443e-06 5.18419e+03 5.44120e-18 +0.00000e+00
 2.68270e-06 5.19673e+03 6.82974e-18 +0.00000e+00
 3.34048e-06 5.20998e+03 8.57125e-18 +0.00000e+00
 4.15956e-06 5.22404e+03 1.07549e-17 +0.00000e+00
 5.17947e-06 5.23901e+03 1.34923e-17 +0.00000e+00
 6.44947e-06 5.25499e+03 1.69229e-17 +0.00000e+00
 8.03086e-06 5.27211e+03 2.12208e-17 +0.00000e+00
 1.00000e-05 5.29051e+03 2.66038e-17 +0.00000e+00
 1.24520e-05 5.31032e+03 3.33436e-17 +0.00000e+00
 1.55052e-05 5.33172e+03 4.17788e-17 +0.00000e+00
 1.93070e-05 5.35487e+03 5.23310e-17 +0.00000e+00
 2.40410e-05 5.37996e+03 6.55256e-17 +0.00000e+00
 2.99358e-05 5.40718e+03 8.20158e-17 +0.00000e+00
 3.72759e-05 5.43670e+03 1.02614e-16 +0.00000e+00
 4.64159e-05 5.46873e+03 1.28330e-16 +0.00000e+00
 5.77969e-05 5.50340e+03 1.60418e-16 +0.00000e+00
 7.19686e-05 5.54087e+03 2.00438e-16 +0.00000e+00
 8.96151e-05 5.58123e+03 2.50325e-16 +0.00000e+00
 1.11588e-04 5.62452e+03 3.12487e-16 +0.00000e+00
 1.38950e-04 5.67074e+03 3.89916e-16 +0.00000e+00
 1.73020e-04 5.71982e+03 4.86332e-16 +0.00000e+00
 2.15443e-04 5.77158e+03 6.06373e-16 +0.00000e+00
 2.68270e-04 5.82579e+03 7.55813e-16 +0.00000e+00
 3.34048e-04 5.88214e+03 9.41862e-16 +0.00000e+00
 4.15956e-04 5.94015e+03 1.17354e-15 +0.00000e+00
 5.17947e-04 5.99919e+03 1.46216e-15 +0.00000e+00
 6.44947e-04 6.05867e+03 1.82187e-15 +0.00000e+00
 8.03086e-04 6.11799e+03 2.27040e-15 +0.00000e+00
 1.00000e-03 6.17648e+03 2.83003e-15 +0.00000e+00
 1.24520e-03 6.23344e+03 3.52877e-15 -2.54931e-07
 1.55052e-03 6.28845e+03 4.40167e-15 -3.17439e-07
 1.93070e-03 6.34131e+03 5.49256e-15 -3.95276e-07
 2.40410e-03 6.39216e+03 6.85596e-15 -4.92196e-07
 2.99358e-03 6.44138e+03 8.55962e-15 -6.12882e-07
 3.72759e-03 6.48973e+03 1.06873e-14 -7.63157e-07
 4.64159e-03 6.53802e+03 1.33426e-14 -9.50280e-07
 5.77969e-03 6.58705e+03 1.66536e-14 -1.18329e-06
 7.19686e-03 6.63744e+03 2.07791e-14 -1.47343e-06
 8.96151e-03 6.68965e+03 2.59157e-14 -1.83471e-06
 1.11588e-02 6.74406e+03 3.23061e-14 -2.28457e-06
 1.38950e-02 6.80103e+03 4.02493e-14 -2.84474e-06
 1.73020e-02 6.86097e+03 5.01128e-14 -3.54228e-06
 2.15443e-02 6.92451e+03 6.23447e-14 -4.41081e-06
 2.68270e-02 6.99248e+03 7.74890e-14 -5.49233e-06
 3.34048e-02 7.06595e+03 9.62015e-14 -6.83905e-06
 4.15956e-02 7.14624e+03 1.19269e-13 -8.51596e-06
 5.17947e-02 7.23491e+03 1.47627e-13 -1.06040e-05
 6.44947e-02 7.33380e+03 1.82386e-13 -1.32041e-05
 8.03086e-02 7.44489e+03 2.24849e-13 -1.64417e-05
 1.00000e-01 7.57036e+03 2.76528e-13 -2.04732e-05
 1.24520e-01 7.71243e+03 3.39169e-13 -2.54931e-05
 1.55052e-01 7.87321e+03 4.14785e-13 -3.17439e-05
 1.93070e-01 8.05456e+03 5.05693e-13 -3.95276e-05
 2.40410e-01 8.25786e+03 6.14617e-13 -4.92196e-05
 2.99358e-01 8.48362e+03 7.44863e-13 -6.12882e-05
 3.72759e-01 8.73027e+03 9.00683e-13 -7.63157e-05
 4.64159e-01 8.99187e+03 1.08789e-12 -9.50280e-05
 5.77969e-01 9.27748e+03 1.31163e-12 -1.18329e-04
 7.19686e-01 9.59293e+03 1.57822e-12 -1.47343e-04
 8.96151e-01 9.92444e+03 1.89852e-12 -1.83471e-04
 1.11588e+00 1.02872e+04 2.27978e-12 -2.28457e-04
 1.38950e+00 1.06781e+04 2.73362e-12 -2.84474e-04
 1.73020e+00 1.10988e+04 3.27115e-12 -3.54228e-04
 2.15443e+00 1.15779e+04 3.89263e-12 -4.41081e-04
 2.68270e+00 1.20871e+04 4.61213e-12 -5.49479e-04
 3.34048e+00 1.26356e+04 5.43300e-12 -6.14292e-04
 4.15956e+00 1.32332e+04 6.37389e-12 -6.14292e-04
 5.17947e+00 1.38832e+04 7.47681e-12 -6.14196e-04
 6.44947e+00 1.45640e+04 8.80076e-12 -6.14196e-04
 8.03086e+00 1.53362e+04 1.03513e-11 -6.14196e-04
 1.00000e+01 1.61084e+04 1.22348e-11 -6.14196e-04
 1.24520e+01 1.69890e+04 1.44277e-11 -6.14196e-04
 1.55052e+01 1.78490e+04 1.70970e-11 -6.14196e-04
 1.93070e+01 1.89175e+04 2.01158e-11 -6.14196e-04
 2.40410e+01 1.97895e+04 2.39766e-11 -6.14196e-04
 2.99358e+01 2.11096e+04 2.80729e-11 -6.14196e-04
 3.72759e+01 2.20223e+04 3.35836e-11 -6.14196e-04
 4.64159e+01 2.35109e+04 3.92971e-11 -6.14196e-04
 5.77969e+01 2.46904e+04 4.67425e-11 -6.14196e-04
 7.19686e+01 2.61656e+04 5.50705e-11 -6.14196e-04
 8.96151e+01 2.77507e+04 6.48123e-11 -6.14196e-04
 1.11588e+02 2.92821e+04 7.64579e-11 -6.14196e-04
 1.38950e+02 3.11735e+04 8.89105e-11 -6.14196e-04
 1.73020e+02 3.28977e+04 1.03960e-10 -6.14196e-04
 2.15443e+02 3.50671e+04 1.20268e-10 -6.14196e-04
 2.68270e+02 3.68699e+04 1.41648e-10 -6.14196e-04
 3.34048e+02 3.93718e+04 1.64765e-10 -6.14196e-04
 4.15956e+02 4.12143e+04 1.95717e-10 -6.14196e-04
 5.17947e+02 4.37974e+04 2.29183e-10 -6.14196e-04
 6.44947e+02 4.61049e+04 2.71063e-10 -6.14196e-04
 8.03086e+02 4.82990e+04 3.21489e-10 -6.14196e-04
 1.00000e+03 5.14409e+04 3.75174e-10 -6.14196e-04
