#n1=128 n2=4 Teff=09200 R=1.2232e+12 L=7.6268e+36 logg=+2.50
#      tau          T          rho         Fconv
  0.00000e+00  5.19927e+03  1.53234e-21 +0.00000e+00
  1.00000e-09  5.19927e+03  1.55684e-18 +0.00000e+00
  1.24520e-09  5.20091e+03  1.93921e-18 +0.00000e+00
  1.55052e-09  5.20269e+03  2.41555e-18 +0.00000e+00
  1.93070e-09  5.20465e+03  3.00895e-18 +0.00000e+00
  2.40410e-09  5.20676e+03  3.74819e-18 +0.00000e+00
  2.99358e-09  5.20902e+03  4.66912e-18 +0.00000e+00
  3.72759e-09  5.21144e+03  5.81641e-18 +0.00000e+00
  4.64159e-09  5.21402e+03  7.24575e-18 +0.00000e+00
  5.77969e-09  5.21678e+03  9.02650e-18 +0.00000e+00
  7.19686e-09  5.21974e+03  1.12451e-17 +0.00000e+00
  8.96151e-09  5.22292e+03  1.40092e-17 +0.00000e+00
  1.11588e-08  5.22635e+03  1.74529e-17 +0.00000e+00
  1.38950e-08  5.23008e+03  2.17434e-17 +0.00000e+00
  1.73020e-08  5.23413e+03  2.70886e-17 +0.00000e+00
  2.15443e-08  5.23856e+03  3.37477e-17 +0.00000e+00
  2.68270e-08  5.24342e+03  4.20436e-17 +0.00000e+00
  3.34048e-08  5.24876e+03  5.23783e-17 +0.00000e+00
  4.15956e-08  5.25464e+03  6.52539e-17 +0.00000e+00
  5.17947e-08  5.26113e+03  8.12970e-17 +0.00000e+00
  6.44947e-08  5.26833e+03  1.01292e-16 +0.00000e+00
  8.03086e-08  5.27633e+03  1.26221e-16 +0.00000e+00
  1.00000e-07  5.28525e+03  1.57316e-16 +0.00000e+00
  1.24520e-07  5.29521e+03  1.96132e-16 +0.00000e+00
  1.55052e-07  5.30637e+03  2.44605e-16 +0.00000e+00
  1.93070e-07  5.31889e+03  3.05068e-16 +0.00000e+00
  2.40410e-07  5.33296e+03  3.80431e-16 +0.00000e+00
  2.99358e-07  5.34877e+03  4.74326e-16 +0.00000e+00
  3.72759e-07  5.36652e+03  5.91259e-16 +0.00000e+00
  4.64159e-07  5.38642e+03  7.36842e-16 +0.00000e+00
  5.77969e-07  5.40868e+03  9.18095e-16 +0.00000e+00
  7.19686e-07  5.43349e+03  1.14386e-15 +0.00000e+00
  8.96151e-07  5.46105e+03  1.42532e-15 +0.00000e+00
  1.11588e-06  5.49152e+03  1.77664e-15 +0.00000e+00
  1.38950e-06  5.52504e+03  2.21570e-15 +0.00000e+00
  1.73020e-06  5.56169e+03  2.76495e-15 +0.00000e+00
  2.15443e-06  5.60149e+03  3.45235e-15 +0.00000e+00
  2.68270e-06  5.64439e+03  4.31259e-15 +0.00000e+00
  3.34048e-06  5.69028e+03  5.39002e-15 +0.00000e+00
  4.15956e-06  5.73898e+03  6.74201e-15 +0.00000e+00
  5.17947e-06  5.79015e+03  8.44219e-15 +0.00000e+00
  6.44947e-06  5.84341e+03  1.05845e-14 +0.00000e+00
  8.03086e-06  5.89816e+03  1.32883e-14 +0.00000e+00
  1.00000e-05  5.95365e+03  1.67050e-14 +0.00000e+00
  1.24520e-05  6.00898e+03  2.10288e-14 +0.00000e+00
  1.55052e-05  6.06335e+03  2.65104e-14 +0.00000e+00
  1.93070e-05  6.11615e+03  3.34748e-14 +0.00000e+00
  2.40410e-05  6.16724e+03  4.23445e-14 +0.00000e+00
  2.99358e-05  6.21696e+03  5.36672e-14 +0.00000e+00
  3.72759e-05  6.26595e+03  6.81441e-14 +0.00000e+00
  4.64159e-05  6.31490e+03  8.66712e-14 +0.00000e+00
  5.77969e-05  6.36438e+03  1.10386e-13 +0.00000e+00
  7.19686e-05  6.41468e+03  1.40728e-13 +0.00000e+00
  8.96151e-05  6.46596e+03  1.79527e-13 +0.00000e+00
  1.11588e-04  6.51825e+03  2.29117e-13 +0.00000e+00
  1.38950e-04  6.57151e+03  2.92472e-13 +0.00000e+00
  1.73020e-04  6.62559e+03  3.73397e-13 +0.00000e+00
  2.15443e-04  6.68030e+03  4.76818e-13 +0.00000e+00
  2.68270e-04  6.73546e+03  6.08982e-13 +0.00000e+00
  3.34048e-04  6.79086e+03  7.77682e-13 +0.00000e+00
  4.15956e-04  6.84627e+03  9.92482e-13 +0.00000e+00
  5.17947e-04  6.90150e+03  1.26487e-12 +0.00000e+00
  6.44947e-04  6.95635e+03  1.60839e-12 +0.00000e+00
  8.03086e-04  7.01067e+03  2.03877e-12 +0.00000e+00
  1.00000e-03  7.06436e+03  2.57421e-12 +0.00000e+00
  1.24520e-03  7.11736e+03  3.23544e-12 -2.54918e-07
  1.55052e-03  7.16965e+03  4.04609e-12 -3.17422e-07
  1.93070e-03  7.22128e+03  5.03255e-12 -3.95255e-07
  2.40410e-03  7.27233e+03  6.22375e-12 -4.92169e-07
  2.99358e-03  7.32296e+03  7.65040e-12 -6.12848e-07
  3.72759e-03  7.37334e+03  9.34495e-12 -7.63116e-07
  4.64159e-03  7.42369e+03  1.13403e-11 -9.50229e-07
  5.77969e-03  7.47426e+03  1.36698e-11 -1.18322e-06
  7.19686e-03  7.52539e+03  1.63655e-11 -1.47335e-06
  8.96151e-03  7.57745e+03  1.94553e-11 -1.83461e-06
  1.11588e-02  7.63090e+03  2.29607e-11 -2.28445e-06
  1.38950e-02  7.68633e+03  2.68950e-11 -2.84459e-06
  1.73020e-02  7.74439e+03  3.12589e-11 -3.54208e-06
  2.15443e-02  7.80598e+03  3.60366e-11 -4.41057e-06
  2.68270e-02  7.87202e+03  4.11909e-11 -5.49203e-06
  3.34048e-02  7.94386e+03  4.66559e-11 -6.83868e-06
  4.15956e-02  8.02295e+03  5.23319e-11 -8.51550e-06
  5.17947e-02  8.11105e+03  5.80816e-11 -1.06035e-05
  6.44947e-02  8.21016e+03  6.37346e-11 -1.32034e-05
  8.03086e-02  8.32253e+03  6.90940e-11 -1.64408e-05
  1.00000e-01  8.45047e+03  7.39659e-11 -2.04721e-05
  1.24520e-01  8.59655e+03  7.81942e-11 -2.54918e-05
  1.55052e-01  8.76297e+03  8.17272e-11 -3.17422e-05
  1.93070e-01  8.95223e+03  8.46500e-11 -3.95255e-05
  2.40410e-01  9.16675e+03  8.72193e-11 -4.92169e-05
  2.99358e-01  9.40932e+03  8.98250e-11 -6.12848e-05
  3.72759e-01  9.67990e+03  9.29908e-11 -7.63118e-05
  4.64159e-01  9.94148e+03  9.78262e-11 -9.50231e-05
  5.77969e-01  1.02367e+04  1.03768e-10 -1.18322e-04
  7.19686e-01  1.05957e+04  1.10794e-10 -1.47335e-04
  8.96151e-01  1.09309e+04  1.20444e-10 -1.83462e-04
  1.11588e+00  1.13055e+04  1.32037e-10 -2.28445e-04
  1.38950e+00  1.16882e+04  1.46284e-10 -2.84459e-04
  1.73020e+00  1.20721e+04  1.63488e-10 -3.54208e-04
  2.15443e+00  1.25295e+04  1.83054e-10 -4.41057e-04
  2.68270e+00  1.29740e+04  2.06583e-10 -5.49203e-04
  3.34048e+00  1.34290e+04  2.33934e-10 -6.14162e-04
  4.15956e+00  1.39048e+04  2.65203e-10 -6.14162e-04
  5.17947e+00  1.44017e+04  3.00686e-10 -6.14162e-04
  6.44947e+00  1.48931e+04  3.41286e-10 -6.14162e-04
  8.03086e+00  1.54577e+04  3.85775e-10 -6.14162e-04
  1.00000e+01  1.59803e+04  4.38165e-10 -6.14162e-04
  1.24520e+01  1.65862e+04  4.95984e-10 -6.14162e-04
  1.55052e+01  1.71530e+04  5.64221e-10 -6.14162e-04
  1.93070e+01  1.78844e+04  6.38108e-10 -6.14162e-04
  2.40410e+01  1.83995e+04  7.31342e-10 -6.14162e-04
  2.99358e+01  1.93507e+04  8.22842e-10 -6.14162e-04
  3.72759e+01  1.97983e+04  9.49820e-10 -6.14162e-04
  4.64159e+01  2.09239e+04  1.06462e-09 -6.14162e-04
  5.77969e+01  2.14990e+04  1.22630e-09 -6.14162e-04
  7.19686e+01  2.24700e+04  1.38757e-09 -6.14162e-04
  8.96151e+01  2.35042e+04  1.57381e-09 -6.14162e-04
  1.11588e+02  2.42075e+04  1.80801e-09 -6.14162e-04
  1.38950e+02  2.54753e+04  2.03642e-09 -6.14162e-04
  1.73020e+02  2.62936e+04  2.33547e-09 -6.14162e-04
  2.15443e+02  2.77170e+04  2.63066e-09 -6.14162e-04
  2.68270e+02  2.83146e+04  3.04245e-09 -6.14150e-04
  3.34048e+02  3.05081e+04  3.37352e-09 -6.14153e-04
  4.15956e+02  3.07421e+04  3.95745e-09 -6.13928e-04
  5.17947e+02  3.32717e+04  4.33314e-09 -6.13820e-04
  6.44947e+02  3.45835e+04  4.95743e-09 -6.10839e-04
  8.03086e+02  3.55030e+04  5.70372e-09 -5.79264e-04
  1.00000e+03  3.94487e+04  6.01752e-09 -5.64113e-04
