#n1=128 n2=4 Teff=09600 R=2.7135e+12 L=4.4497e+37 logg=+2.00
#   tau          T          rho         Fconv
 0.00000e+00 7.48120e+03 9.98817e-22 +0.00000e+00
 1.00000e-09 7.48120e+03 2.81601e-19 +0.00000e+00
 1.24520e-09 7.48651e+03 3.52583e-19 +0.00000e+00
 1.55052e-09 7.49181e+03 4.41556e-19 +0.00000e+00
 1.93070e-09 7.49695e+03 5.53047e-19 +0.00000e+00
 2.40410e-09 7.50193e+03 6.92713e-19 +0.00000e+00
 2.99358e-09 7.50678e+03 8.67629e-19 +0.00000e+00
 3.72759e-09 7.51149e+03 1.08663e-18 +0.00000e+00
 4.64159e-09 7.51608e+03 1.36075e-18 +0.00000e+00
 5.77969e-09 7.52052e+03 1.70377e-18 +0.00000e+00
 7.19686e-09 7.52482e+03 2.13287e-18 +0.00000e+00
 8.96151e-09 7.52893e+03 2.66950e-18 +0.00000e+00
 1.11588e-08 7.53282e+03 3.34047e-18 +0.00000e+00
 1.38950e-08 7.53643e+03 4.17919e-18 +0.00000e+00
 1.73020e-08 7.53973e+03 5.22735e-18 +0.00000e+00
 2.15443e-08 7.54263e+03 6.53698e-18 +0.00000e+00
 2.68270e-08 7.54508e+03 8.17294e-18 +0.00000e+00
 3.34048e-08 7.54700e+03 1.02161e-17 +0.00000e+00
 4.15956e-08 7.54832e+03 1.27675e-17 +0.00000e+00
 5.17947e-08 7.54893e+03 1.59532e-17 +0.00000e+00
 6.44947e-08 7.54873e+03 1.99309e-17 +0.00000e+00
 8.03086e-08 7.54757e+03 2.48978e-17 +0.00000e+00
 1.00000e-07 7.54525e+03 3.11007e-17 +0.00000e+00
 1.24520e-07 7.54152e+03 3.88491e-17 +0.00000e+00
 1.55052e-07 7.53602e+03 4.85319e-17 +0.00000e+00
 1.93070e-07 7.52826e+03 6.06383e-17 +0.00000e+00
 2.40410e-07 7.51748e+03 7.57866e-17 +0.00000e+00
 2.99358e-07 7.50223e+03 9.47673e-17 +0.00000e+00
 3.72759e-07 7.47873e+03 1.18624e-16 +0.00000e+00
 4.64159e-07 7.43994e+03 1.48784e-16 +0.00000e+00
 5.77969e-07 7.37262e+03 1.87333e-16 +0.00000e+00
 7.19686e-07 7.29016e+03 2.36381e-16 +0.00000e+00
 8.96151e-07 7.20410e+03 2.98467e-16 +0.00000e+00
 1.11588e-06 7.13373e+03 3.76088e-16 +0.00000e+00
 1.38950e-06 7.07392e+03 4.73233e-16 +0.00000e+00
 1.73020e-06 7.02726e+03 5.94398e-16 +0.00000e+00
 2.15443e-06 6.98694e+03 7.45950e-16 +0.00000e+00
 2.68270e-06 6.95385e+03 9.35225e-16 +0.00000e+00
 3.34048e-06 6.92693e+03 1.17157e-15 +0.00000e+00
 4.15956e-06 6.90529e+03 1.46665e-15 +0.00000e+00
 5.17947e-06 6.88871e+03 1.83493e-15 +0.00000e+00
 6.44947e-06 6.87505e+03 2.29499e-15 +0.00000e+00
 8.03086e-06 6.86435e+03 2.86962e-15 +0.00000e+00
 1.00000e-05 6.85594e+03 3.58721e-15 +0.00000e+00
 1.24520e-05 6.84928e+03 4.48349e-15 +0.00000e+00
 1.55052e-05 6.84387e+03 5.60313e-15 +0.00000e+00
 1.93070e-05 6.83928e+03 7.00214e-15 +0.00000e+00
 2.40410e-05 6.83512e+03 8.75084e-15 +0.00000e+00
 2.99358e-05 6.83100e+03 1.09376e-14 +0.00000e+00
 3.72759e-05 6.82656e+03 1.36735e-14 +0.00000e+00
 4.64159e-05 6.82104e+03 1.70990e-14 +0.00000e+00
 5.77969e-05 6.81465e+03 2.13883e-14 +0.00000e+00
 7.19686e-05 6.80658e+03 2.67613e-14 +0.00000e+00
 8.96151e-05 6.79625e+03 3.34926e-14 +0.00000e+00
 1.11588e-04 6.78305e+03 4.19253e-14 +0.00000e+00
 1.38950e-04 6.76623e+03 5.24901e-14 +0.00000e+00
 1.73020e-04 6.74509e+03 6.57252e-14 +0.00000e+00
 2.15443e-04 6.71911e+03 8.23038e-14 +0.00000e+00
 2.68270e-04 6.68801e+03 1.03078e-13 +0.00000e+00
 3.34048e-04 6.65244e+03 1.29115e-13 +0.00000e+00
 4.15956e-04 6.61391e+03 1.61750e-13 +0.00000e+00
 5.17947e-04 6.57491e+03 2.02633e-13 +0.00000e+00
 6.44947e-04 6.53982e+03 2.53739e-13 +0.00000e+00
 8.03086e-04 6.50922e+03 3.17624e-13 +0.00000e+00
 1.00000e-03 6.48504e+03 3.97490e-13 +0.00000e+00
 1.24520e-03 6.47150e+03 4.97368e-13 -2.54925e-07
 1.55052e-03 6.46927e+03 6.22765e-13 -3.17429e-07
 1.93070e-03 6.47749e+03 7.81652e-13 -3.95264e-07
 2.40410e-03 6.49787e+03 9.84732e-13 -4.92180e-07
 2.99358e-03 6.53019e+03 1.24696e-12 -6.12863e-07
 3.72759e-03 6.57935e+03 1.58712e-12 -7.63133e-07
 4.64159e-03 6.63403e+03 2.03454e-12 -9.50252e-07
 5.77969e-03 6.70521e+03 2.61865e-12 -1.18325e-06
 7.19686e-03 6.77459e+03 3.39006e-12 -1.47338e-06
 8.96151e-03 6.84322e+03 4.40356e-12 -1.83465e-06
 1.11588e-02 6.92525e+03 5.70174e-12 -2.28450e-06
 1.38950e-02 7.01112e+03 7.34535e-12 -2.84465e-06
 1.73020e-02 7.09335e+03 9.40302e-12 -3.54216e-06
 2.15443e-02 7.18627e+03 1.18641e-11 -4.41069e-06
 2.68270e-02 7.28326e+03 1.47279e-11 -5.49216e-06
 3.34048e-02 7.38538e+03 1.79354e-11 -6.83883e-06
 4.15956e-02 7.49445e+03 2.13763e-11 -8.51568e-06
 5.17947e-02 7.61271e+03 2.48944e-11 -1.06037e-05
 6.44947e-02 7.74282e+03 2.82989e-11 -1.32037e-05
 8.03086e-02 7.88763e+03 3.13890e-11 -1.64412e-05
 1.00000e-01 8.04996e+03 3.39924e-11 -2.04726e-05
 1.24520e-01 8.23238e+03 3.60160e-11 -2.54925e-05
 1.55052e-01 8.43686e+03 3.74931e-11 -3.17429e-05
 1.93070e-01 8.66458e+03 3.86048e-11 -3.95264e-05
 2.40410e-01 8.91594e+03 3.96427e-11 -4.92178e-05
 2.99358e-01 9.19048e+03 4.09255e-11 -6.12867e-05
 3.72759e-01 9.48688e+03 4.27197e-11 -7.63143e-05
 4.64159e-01 9.80285e+03 4.52152e-11 -9.50277e-05
 5.77969e-01 1.01363e+04 4.85431e-11 -1.18325e-04
 7.19686e-01 1.04855e+04 5.28154e-11 -1.47338e-04
 8.96151e-01 1.08466e+04 5.81582e-11 -1.83465e-04
 1.11588e+00 1.12188e+04 6.46911e-11 -2.28450e-04
 1.38950e+00 1.16003e+04 7.25522e-11 -2.84465e-04
 1.73020e+00 1.19918e+04 8.18770e-11 -3.54216e-04
 2.15443e+00 1.23997e+04 9.27771e-11 -4.41069e-04
 2.68270e+00 1.28179e+04 1.05454e-10 -5.49216e-04
 3.34048e+00 1.32448e+04 1.20069e-10 -6.14177e-04
 4.15956e+00 1.36835e+04 1.36734e-10 -6.14177e-04
 5.17947e+00 1.41592e+04 1.55391e-10 -6.14177e-04
 6.44947e+00 1.45916e+04 1.77176e-10 -6.14177e-04
 8.03086e+00 1.51199e+04 2.00663e-10 -6.14177e-04
 1.00000e+01 1.56088e+04 2.28339e-10 -6.14177e-04
 1.24520e+01 1.61568e+04 2.59260e-10 -6.14177e-04
 1.55052e+01 1.66948e+04 2.95207e-10 -6.14177e-04
 1.93070e+01 1.73442e+04 3.34967e-10 -6.14177e-04
 2.40410e+01 1.78407e+04 3.83833e-10 -6.14177e-04
 2.99358e+01 1.86910e+04 4.33233e-10 -6.14177e-04
 3.72759e+01 1.90928e+04 5.00446e-10 -6.14177e-04
 4.64159e+01 2.01380e+04 5.61721e-10 -6.14177e-04
 5.77969e+01 2.06047e+04 6.48828e-10 -6.14177e-04
 7.19686e+01 2.15773e+04 7.32408e-10 -6.14177e-04
 8.96151e+01 2.23927e+04 8.35576e-10 -6.14177e-04
 1.11588e+02 2.32189e+04 9.53282e-10 -6.14177e-04
 1.38950e+02 2.42812e+04 1.08019e-09 -6.14177e-04
 1.73020e+02 2.51299e+04 1.23564e-09 -6.14177e-04
 2.15443e+02 2.64974e+04 1.39249e-09 -6.14177e-04
 2.68270e+02 2.71990e+04 1.60668e-09 -6.14171e-04
 3.34048e+02 2.90315e+04 1.79267e-09 -6.14169e-04
 4.15956e+02 2.97111e+04 2.07818e-09 -6.14110e-04
 5.17947e+02 3.17227e+04 2.31311e-09 -6.14027e-04
 6.44947e+02 3.32805e+04 2.63626e-09 -6.13129e-04
 8.03086e+02 3.36189e+04 3.08814e-09 -6.01191e-04
 1.00000e+03 3.81620e+04 3.16721e-09 -5.99885e-04
