#n1=128 n2=4 Teff=09000 R=9.8457e+12 L=4.5292e+38 logg=+1.00
#   tau          T          rho         Fconv
 0.00000e+00 6.56832e+03 1.14272e-21 +0.00000e+00
 1.00000e-09 6.56832e+03 2.71957e-20 +0.00000e+00
 1.24520e-09 6.55824e+03 3.39280e-20 +0.00000e+00
 1.55052e-09 6.54975e+03 4.23506e-20 +0.00000e+00
 1.93070e-09 6.54268e+03 5.28867e-20 +0.00000e+00
 2.40410e-09 6.53640e+03 6.60322e-20 +0.00000e+00
 2.99358e-09 6.53030e+03 8.24578e-20 +0.00000e+00
 3.72759e-09 6.52386e+03 1.02814e-19 +0.00000e+00
 4.64159e-09 6.48167e+03 1.29276e-19 +0.00000e+00
 5.77969e-09 5.66192e+03 1.86353e-19 +0.00000e+00
 7.19686e-09 5.50757e+03 2.40906e-19 +0.00000e+00
 8.96151e-09 5.45672e+03 3.05065e-19 +0.00000e+00
 1.11588e-08 5.42972e+03 3.84347e-19 +0.00000e+00
 1.38950e-08 5.41354e+03 4.82954e-19 +0.00000e+00
 1.73020e-08 5.40351e+03 6.05916e-19 +0.00000e+00
 2.15443e-08 5.39732e+03 7.59371e-19 +0.00000e+00
 2.68270e-08 5.39369e+03 9.50947e-19 +0.00000e+00
 3.34048e-08 5.39192e+03 1.19015e-18 +0.00000e+00
 4.15956e-08 5.39153e+03 1.48883e-18 +0.00000e+00
 5.17947e-08 5.39222e+03 1.86178e-18 +0.00000e+00
 6.44947e-08 5.39376e+03 2.32748e-18 +0.00000e+00
 8.03086e-08 5.39600e+03 2.90900e-18 +0.00000e+00
 1.00000e-07 5.39882e+03 3.63514e-18 +0.00000e+00
 1.24520e-07 5.40214e+03 4.54183e-18 +0.00000e+00
 1.55052e-07 5.40590e+03 5.67398e-18 +0.00000e+00
 1.93070e-07 5.41004e+03 7.08762e-18 +0.00000e+00
 2.40410e-07 5.41452e+03 8.85273e-18 +0.00000e+00
 2.99358e-07 5.41933e+03 1.10567e-17 +0.00000e+00
 3.72759e-07 5.42446e+03 1.38087e-17 +0.00000e+00
 4.64159e-07 5.42988e+03 1.72449e-17 +0.00000e+00
 5.77969e-07 5.43562e+03 2.15354e-17 +0.00000e+00
 7.19686e-07 5.44167e+03 2.68924e-17 +0.00000e+00
 8.96151e-07 5.44807e+03 3.35805e-17 +0.00000e+00
 1.11588e-06 5.45484e+03 4.19298e-17 +0.00000e+00
 1.38950e-06 5.46202e+03 5.23518e-17 +0.00000e+00
 1.73020e-06 5.46965e+03 6.53593e-17 +0.00000e+00
 2.15443e-06 5.47780e+03 8.15920e-17 +0.00000e+00
 2.68270e-06 5.48652e+03 1.01847e-16 +0.00000e+00
 3.34048e-06 5.49589e+03 1.27119e-16 +0.00000e+00
 4.15956e-06 5.50599e+03 1.58647e-16 +0.00000e+00
 5.17947e-06 5.51689e+03 1.97974e-16 +0.00000e+00
 6.44947e-06 5.52872e+03 2.47021e-16 +0.00000e+00
 8.03086e-06 5.54156e+03 3.08173e-16 +0.00000e+00
 1.00000e-05 5.55555e+03 3.84401e-16 +0.00000e+00
 1.24520e-05 5.57084e+03 4.79407e-16 +0.00000e+00
 1.55052e-05 5.58755e+03 5.97831e-16 +0.00000e+00
 1.93070e-05 5.60587e+03 7.45440e-16 +0.00000e+00
 2.40410e-05 5.62596e+03 9.29366e-16 +0.00000e+00
 2.99358e-05 5.64800e+03 1.15849e-15 +0.00000e+00
 3.72759e-05 5.67217e+03 1.44387e-15 +0.00000e+00
 4.64159e-05 5.69862e+03 1.79921e-15 +0.00000e+00
 5.77969e-05 5.72750e+03 2.24155e-15 +0.00000e+00
 7.19686e-05 5.75895e+03 2.79195e-15 +0.00000e+00
 8.96151e-05 5.79305e+03 3.47652e-15 +0.00000e+00
 1.11588e-04 5.82982e+03 4.32761e-15 +0.00000e+00
 1.38950e-04 5.86926e+03 5.38530e-15 +0.00000e+00
 1.73020e-04 5.91128e+03 6.69934e-15 +0.00000e+00
 2.15443e-04 5.95575e+03 8.33157e-15 +0.00000e+00
 2.68270e-04 6.00245e+03 1.03587e-14 +0.00000e+00
 3.34048e-04 6.05109e+03 1.28755e-14 +0.00000e+00
 4.15956e-04 6.10130e+03 1.59994e-14 +0.00000e+00
 5.17947e-04 6.15269e+03 1.98759e-14 +0.00000e+00
 6.44947e-04 6.20479e+03 2.46853e-14 +0.00000e+00
 8.03086e-04 6.25706e+03 3.06523e-14 +0.00000e+00
 1.00000e-03 6.30888e+03 3.80577e-14 +0.00000e+00
 1.24520e-03 6.35978e+03 4.72516e-14 -2.54705e-07
 1.55052e-03 6.40936e+03 5.86688e-14 -3.17158e-07
 1.93070e-03 6.45758e+03 7.28520e-14 -3.94924e-07
 2.40410e-03 6.50467e+03 9.04778e-14 -4.91759e-07
 2.99358e-03 6.55120e+03 1.12386e-13 -6.12338e-07
 3.72759e-03 6.59796e+03 1.39632e-13 -7.62480e-07
 4.64159e-03 6.64573e+03 1.73558e-13 -9.49436e-07
 5.77969e-03 6.69514e+03 2.15888e-13 -1.18224e-06
 7.19686e-03 6.74656e+03 2.68871e-13 -1.47212e-06
 8.96151e-03 6.80017e+03 3.35455e-13 -1.83308e-06
 1.11588e-02 6.85611e+03 4.19500e-13 -2.28254e-06
 1.38950e-02 6.91462e+03 5.26012e-13 -2.84222e-06
 1.73020e-02 6.97617e+03 6.61289e-13 -3.53911e-06
 2.15443e-02 7.04144e+03 8.32869e-13 -4.40690e-06
 2.68270e-02 7.11141e+03 1.04910e-12 -5.48746e-06
 3.34048e-02 7.18732e+03 1.31818e-12 -6.83296e-06
 4.15956e-02 7.27062e+03 1.64657e-12 -8.50840e-06
 5.17947e-02 7.36300e+03 2.03711e-12 -1.05946e-05
 6.44947e-02 7.46632e+03 2.48743e-12 -1.31926e-05
 8.03086e-02 7.58265e+03 2.98951e-12 -1.64274e-05
 1.00000e-01 7.71415e+03 3.53139e-12 -2.04553e-05
 1.24520e-01 7.86312e+03 4.10140e-12 -2.54703e-05
 1.55052e-01 8.03173e+03 4.69374e-12 -3.17164e-05
 1.93070e-01 8.22207e+03 5.31301e-12 -3.94914e-05
 2.40410e-01 8.43584e+03 5.97574e-12 -4.91732e-05
 2.99358e-01 8.67399e+03 6.70850e-12 -6.12445e-05
 3.72759e-01 8.93521e+03 7.54558e-12 -7.62125e-05
 4.64159e-01 9.21233e+03 8.52874e-12 -9.55859e-05
 5.77969e-01 9.51393e+03 9.68058e-12 -1.18180e-04
 7.19686e-01 9.84475e+03 1.10314e-11 -1.47212e-04
 8.96151e-01 1.01843e+04 1.26437e-11 -1.83308e-04
 1.11588e+00 1.05453e+04 1.45417e-11 -2.28254e-04
 1.38950e+00 1.09210e+04 1.67799e-11 -2.84222e-04
 1.73020e+00 1.13118e+04 1.94055e-11 -3.53911e-04
 2.15443e+00 1.17448e+04 2.24265e-11 -4.40690e-04
 2.68270e+00 1.21886e+04 2.59505e-11 -5.48746e-04
 3.34048e+00 1.26502e+04 3.00051e-11 -6.13650e-04
 4.15956e+00 1.31377e+04 3.46071e-11 -6.13650e-04
 5.17947e+00 1.36529e+04 3.98037e-11 -6.13650e-04
 6.44947e+00 1.41777e+04 4.57598e-11 -6.13650e-04
 8.03086e+00 1.47694e+04 5.24561e-11 -6.13650e-04
 1.00000e+01 1.53402e+04 6.04271e-11 -6.13650e-04
 1.24520e+01 1.59900e+04 6.94773e-11 -6.13650e-04
 1.55052e+01 1.66060e+04 8.02680e-11 -6.13650e-04
 1.93070e+01 1.73871e+04 9.21735e-11 -6.13650e-04
 2.40410e+01 1.79577e+04 1.07189e-10 -6.13650e-04
 2.99358e+01 1.89528e+04 1.22339e-10 -6.13650e-04
 3.72759e+01 1.94685e+04 1.43085e-10 -6.13650e-04
 4.64159e+01 2.06130e+04 1.62699e-10 -6.13650e-04
 5.77969e+01 2.12748e+04 1.89534e-10 -6.13650e-04
 7.19686e+01 2.22796e+04 2.17377e-10 -6.13650e-04
 8.96151e+01 2.33577e+04 2.49527e-10 -6.13650e-04
 1.11588e+02 2.41726e+04 2.89457e-10 -6.13650e-04
 1.38950e+02 2.54972e+04 3.29917e-10 -6.13650e-04
 1.73020e+02 2.64103e+04 3.82296e-10 -6.13650e-04
 2.15443e+02 2.79540e+04 4.34603e-10 -6.13650e-04
 2.68270e+02 2.87463e+04 5.06557e-10 -6.13650e-04
 3.34048e+02 3.09100e+04 5.67494e-10 -6.13650e-04
 4.15956e+02 3.15332e+04 6.66840e-10 -6.13650e-04
 5.17947e+02 3.39166e+04 7.40044e-10 -6.13647e-04
 6.44947e+02 3.54621e+04 8.47007e-10 -6.13631e-04
 8.03086e+02 3.67428e+04 9.74476e-10 -6.13569e-04
 1.00000e+03 3.99740e+04 1.06435e-09 -6.13645e-04
