#n1=128 n2=4 Teff=09200 R=1.0071e+13 L=5.1686e+38 logg=+1.00
#   tau          T          rho         Fconv
 0.00000e+00 6.41089e+03 1.19129e-21 +0.00000e+00
 1.00000e-09 6.41089e+03 2.92384e-20 +0.00000e+00
 1.24520e-09 6.40501e+03 3.63434e-20 +0.00000e+00
 1.55052e-09 6.39861e+03 4.52428e-20 +0.00000e+00
 1.93070e-09 6.39151e+03 5.63935e-20 +0.00000e+00
 2.40410e-09 6.38226e+03 7.03876e-20 +0.00000e+00
 2.99358e-09 5.71044e+03 9.81521e-20 +0.00000e+00
 3.72759e-09 5.45668e+03 1.28206e-19 +0.00000e+00
 4.64159e-09 5.40376e+03 1.61619e-19 +0.00000e+00
 5.77969e-09 5.37652e+03 2.02828e-19 +0.00000e+00
 7.19686e-09 5.35984e+03 2.54091e-19 +0.00000e+00
 8.96151e-09 5.34919e+03 3.17995e-19 +0.00000e+00
 1.11588e-08 5.34233e+03 3.97730e-19 +0.00000e+00
 1.38950e-08 5.33809e+03 4.97254e-19 +0.00000e+00
 1.73020e-08 5.33576e+03 6.21498e-19 +0.00000e+00
 2.15443e-08 5.33489e+03 7.76613e-19 +0.00000e+00
 2.68270e-08 5.33514e+03 9.70275e-19 +0.00000e+00
 3.34048e-08 5.33630e+03 1.21206e-18 +0.00000e+00
 4.15956e-08 5.33822e+03 1.51393e-18 +0.00000e+00
 5.17947e-08 5.34076e+03 1.89079e-18 +0.00000e+00
 6.44947e-08 5.34385e+03 2.36128e-18 +0.00000e+00
 8.03086e-08 5.34743e+03 2.94863e-18 +0.00000e+00
 1.00000e-07 5.35144e+03 3.68185e-18 +0.00000e+00
 1.24520e-07 5.35585e+03 4.59712e-18 +0.00000e+00
 1.55052e-07 5.36064e+03 5.73962e-18 +0.00000e+00
 1.93070e-07 5.36581e+03 7.16569e-18 +0.00000e+00
 2.40410e-07 5.37134e+03 8.94564e-18 +0.00000e+00
 2.99358e-07 5.37726e+03 1.11672e-17 +0.00000e+00
 3.72759e-07 5.38358e+03 1.39398e-17 +0.00000e+00
 4.64159e-07 5.39033e+03 1.74001e-17 +0.00000e+00
 5.77969e-07 5.39755e+03 2.17184e-17 +0.00000e+00
 7.19686e-07 5.40530e+03 2.71069e-17 +0.00000e+00
 8.96151e-07 5.41363e+03 3.38299e-17 +0.00000e+00
 1.11588e-06 5.42261e+03 4.22167e-17 +0.00000e+00
 1.38950e-06 5.43234e+03 5.26768e-17 +0.00000e+00
 1.73020e-06 5.44290e+03 6.57198e-17 +0.00000e+00
 2.15443e-06 5.45440e+03 8.19796e-17 +0.00000e+00
 2.68270e-06 5.46697e+03 1.02244e-16 +0.00000e+00
 3.34048e-06 5.48072e+03 1.27494e-16 +0.00000e+00
 4.15956e-06 5.49580e+03 1.58947e-16 +0.00000e+00
 5.17947e-06 5.51236e+03 1.98117e-16 +0.00000e+00
 6.44947e-06 5.53058e+03 2.46880e-16 +0.00000e+00
 8.03086e-06 5.55062e+03 3.07566e-16 +0.00000e+00
 1.00000e-05 5.57265e+03 3.83055e-16 +0.00000e+00
 1.24520e-05 5.59686e+03 4.76918e-16 +0.00000e+00
 1.55052e-05 5.62339e+03 5.93588e-16 +0.00000e+00
 1.93070e-05 5.65239e+03 7.38598e-16 +0.00000e+00
 2.40410e-05 5.68400e+03 9.18786e-16 +0.00000e+00
 2.99358e-05 5.71829e+03 1.14261e-15 +0.00000e+00
 3.72759e-05 5.75533e+03 1.42057e-15 +0.00000e+00
 4.64159e-05 5.79510e+03 1.76572e-15 +0.00000e+00
 5.77969e-05 5.83757e+03 2.19421e-15 +0.00000e+00
 7.19686e-05 5.88257e+03 2.72610e-15 +0.00000e+00
 8.96151e-05 5.92995e+03 3.38623e-15 +0.00000e+00
 1.11588e-04 5.97945e+03 4.20548e-15 +0.00000e+00
 1.38950e-04 6.03074e+03 5.22223e-15 +0.00000e+00
 1.73020e-04 6.08349e+03 6.48416e-15 +0.00000e+00
 2.15443e-04 6.13728e+03 8.05092e-15 +0.00000e+00
 2.68270e-04 6.19155e+03 9.99707e-15 +0.00000e+00
 3.34048e-04 6.24563e+03 1.24155e-14 +0.00000e+00
 4.15956e-04 6.29896e+03 1.54222e-14 +0.00000e+00
 5.17947e-04 6.35103e+03 1.91615e-14 +0.00000e+00
 6.44947e-04 6.40163e+03 2.38127e-14 +0.00000e+00
 8.03086e-04 6.45082e+03 2.95979e-14 +0.00000e+00
 1.00000e-03 6.49896e+03 3.67920e-14 +0.00000e+00
 1.24520e-03 6.54659e+03 4.57349e-14 -2.54988e-07
 1.55052e-03 6.59428e+03 5.68461e-14 -3.17509e-07
 1.93070e-03 6.64247e+03 7.06451e-14 -3.95364e-07
 2.40410e-03 6.69139e+03 8.77792e-14 -4.92305e-07
 2.99358e-03 6.74115e+03 1.09052e-13 -6.13018e-07
 3.72759e-03 6.79172e+03 1.35469e-13 -7.63327e-07
 4.64159e-03 6.84306e+03 1.68292e-13 -9.50491e-07
 5.77969e-03 6.89519e+03 2.09114e-13 -1.18355e-06
 7.19686e-03 6.94819e+03 2.59944e-13 -1.47375e-06
 8.96151e-03 7.00234e+03 3.23321e-13 -1.83511e-06
 1.11588e-02 7.05806e+03 4.02430e-13 -2.28508e-06
 1.38950e-02 7.11592e+03 5.01218e-13 -2.84537e-06
 1.73020e-02 7.17661e+03 6.24464e-13 -3.54306e-06
 2.15443e-02 7.24102e+03 7.77705e-13 -4.41179e-06
 2.68270e-02 7.31019e+03 9.66958e-13 -5.49355e-06
 3.34048e-02 7.38542e+03 1.19810e-12 -6.84056e-06
 4.15956e-02 7.46823e+03 1.47601e-12 -8.51785e-06
 5.17947e-02 7.56040e+03 1.80361e-12 -1.06068e-05
 6.44947e-02 7.66393e+03 2.18124e-12 -1.32072e-05
 8.03086e-02 7.78105e+03 2.60676e-12 -1.64455e-05
 1.00000e-01 7.91406e+03 3.07682e-12 -2.04779e-05
 1.24520e-01 8.06539e+03 3.58928e-12 -2.54983e-05
 1.55052e-01 8.23726e+03 4.14627e-12 -3.17539e-05
 1.93070e-01 8.43182e+03 4.75605e-12 -3.95408e-05
 2.40410e-01 8.65084e+03 5.43378e-12 -4.92229e-05
 2.99358e-01 8.89550e+03 6.20059e-12 -6.12867e-05
 3.72759e-01 9.16397e+03 7.08435e-12 -7.63706e-05
 4.64159e-01 9.44203e+03 8.12694e-12 -9.50491e-05
 5.77969e-01 9.74760e+03 9.33973e-12 -1.18355e-04
 7.19686e-01 1.00914e+04 1.07455e-11 -1.47375e-04
 8.96151e-01 1.04361e+04 1.24222e-11 -1.83511e-04
 1.11588e+00 1.08074e+04 1.43792e-11 -2.28508e-04
 1.38950e+00 1.11923e+04 1.66777e-11 -2.84537e-04
 1.73020e+00 1.15895e+04 1.93650e-11 -3.54306e-04
 2.15443e+00 1.20421e+04 2.24189e-11 -4.41179e-04
 2.68270e+00 1.25008e+04 2.59681e-11 -5.49355e-04
 3.34048e+00 1.29784e+04 3.00197e-11 -6.14339e-04
 4.15956e+00 1.34853e+04 3.45898e-11 -6.14332e-04
 5.17947e+00 1.40232e+04 3.97600e-11 -6.14332e-04
 6.44947e+00 1.45699e+04 4.57480e-11 -6.14332e-04
 8.03086e+00 1.51928e+04 5.25219e-11 -6.14332e-04
 1.00000e+01 1.57910e+04 6.06220e-11 -6.14332e-04
 1.24520e+01 1.64767e+04 6.98090e-11 -6.14332e-04
 1.55052e+01 1.71287e+04 8.07479e-11 -6.14332e-04
 1.93070e+01 1.79559e+04 9.28043e-11 -6.14332e-04
 2.40410e+01 1.85715e+04 1.07973e-10 -6.14332e-04
 2.99358e+01 1.96211e+04 1.23324e-10 -6.14332e-04
 3.72759e+01 2.01907e+04 1.44243e-10 -6.14332e-04
 4.64159e+01 2.13916e+04 1.64186e-10 -6.14332e-04
 5.77969e+01 2.21058e+04 1.91336e-10 -6.14332e-04
 7.19686e+01 2.31673e+04 2.19611e-10 -6.14332e-04
 8.96151e+01 2.42981e+04 2.52294e-10 -6.14332e-04
 1.11588e+02 2.51721e+04 2.92706e-10 -6.14332e-04
 1.38950e+02 2.65523e+04 3.33891e-10 -6.14332e-04
 1.73020e+02 2.75497e+04 3.86624e-10 -6.14332e-04
 2.15443e+02 2.91491e+04 4.39800e-10 -6.14332e-04
 2.68270e+02 3.00617e+04 5.11511e-10 -6.14332e-04
 3.34048e+02 3.23002e+04 5.72308e-10 -6.14332e-04
 4.15956e+02 3.30749e+04 6.69970e-10 -6.14332e-04
 5.17947e+02 3.55770e+04 7.41233e-10 -6.14330e-04
 6.44947e+02 3.72440e+04 8.47349e-10 -6.14327e-04
 8.03086e+02 3.86415e+04 9.75297e-10 -6.14322e-04
 1.00000e+03 4.20022e+04 1.07235e-09 -6.14332e-04
