#n1=128 n2=4 Teff=09800 R=4.3717e+13 L=1.2578e+40 logg=+0.00
#   tau          T          rho         Fconv
 0.00000e+00 8.48179e+03 8.80882e-22 +0.00000e+00
 1.00000e-09 8.48179e+03 1.56496e-21 +0.00000e+00
 1.24520e-09 8.48859e+03 1.73753e-21 +0.00000e+00
 1.55052e-09 8.49515e+03 1.95492e-21 +0.00000e+00
 1.93070e-09 8.50240e+03 2.22886e-21 +0.00000e+00
 2.40410e-09 8.51033e+03 2.57444e-21 +0.00000e+00
 2.99358e-09 8.51889e+03 3.01089e-21 +0.00000e+00
 3.72759e-09 8.52803e+03 3.56267e-21 +0.00000e+00
 4.64159e-09 8.53767e+03 4.26091e-21 +0.00000e+00
 5.77969e-09 8.54774e+03 5.14519e-21 +0.00000e+00
 7.19686e-09 8.55817e+03 6.26588e-21 +0.00000e+00
 8.96151e-09 8.56889e+03 7.68697e-21 +0.00000e+00
 1.11588e-08 8.57984e+03 9.48984e-21 +0.00000e+00
 1.38950e-08 8.59096e+03 1.17779e-20 +0.00000e+00
 1.73020e-08 8.60221e+03 1.46823e-20 +0.00000e+00
 2.15443e-08 8.61354e+03 1.83701e-20 +0.00000e+00
 2.68270e-08 8.62494e+03 2.30528e-20 +0.00000e+00
 3.34048e-08 8.63638e+03 2.89993e-20 +0.00000e+00
 4.15956e-08 8.64784e+03 3.65507e-20 +0.00000e+00
 5.17947e-08 8.65933e+03 4.61400e-20 +0.00000e+00
 6.44947e-08 8.67083e+03 5.83165e-20 +0.00000e+00
 8.03086e-08 8.68234e+03 7.37770e-20 +0.00000e+00
 1.00000e-07 8.69384e+03 9.34054e-20 +0.00000e+00
 1.24520e-07 8.70534e+03 1.18323e-19 +0.00000e+00
 1.55052e-07 8.71681e+03 1.49951e-19 +0.00000e+00
 1.93070e-07 8.72825e+03 1.90092e-19 +0.00000e+00
 2.40410e-07 8.73962e+03 2.41031e-19 +0.00000e+00
 2.99358e-07 8.75091e+03 3.05662e-19 +0.00000e+00
 3.72759e-07 8.76209e+03 3.87652e-19 +0.00000e+00
 4.64159e-07 8.77310e+03 4.91634e-19 +0.00000e+00
 5.77969e-07 8.78391e+03 6.23477e-19 +0.00000e+00
 7.19686e-07 8.79446e+03 7.90614e-19 +0.00000e+00
 8.96151e-07 8.80467e+03 1.00242e-18 +0.00000e+00
 1.11588e-06 8.81443e+03 1.27105e-18 +0.00000e+00
 1.38950e-06 8.82364e+03 1.61104e-18 +0.00000e+00
 1.73020e-06 8.83199e+03 2.04282e-18 +0.00000e+00
 2.15443e-06 8.82090e+03 2.59449e-18 +0.00000e+00
 2.68270e-06 8.16867e+03 3.55409e-18 +0.00000e+00
 3.34048e-06 7.61896e+03 4.83513e-18 +0.00000e+00
 4.15956e-06 7.46752e+03 6.29523e-18 +0.00000e+00
 5.17947e-06 7.42047e+03 8.09647e-18 +0.00000e+00
 6.44947e-06 7.39548e+03 1.04118e-17 +0.00000e+00
 8.03086e-06 7.37822e+03 1.34088e-17 +0.00000e+00
 1.00000e-05 7.36386e+03 1.72604e-17 +0.00000e+00
 1.24520e-05 7.34958e+03 2.21580e-17 +0.00000e+00
 1.55052e-05 7.33202e+03 2.83652e-17 +0.00000e+00
 1.93070e-05 7.30520e+03 3.62647e-17 +0.00000e+00
 2.40410e-05 7.25072e+03 4.64484e-17 +0.00000e+00
 2.99358e-05 7.15673e+03 5.97366e-17 +0.00000e+00
 3.72759e-05 7.04775e+03 7.69083e-17 +0.00000e+00
 4.64159e-05 6.95963e+03 9.86341e-17 +0.00000e+00
 5.77969e-05 6.88704e+03 1.26113e-16 +0.00000e+00
 7.19686e-05 6.83106e+03 1.60743e-16 +0.00000e+00
 8.96151e-05 6.79027e+03 2.04299e-16 +0.00000e+00
 1.11588e-04 6.76010e+03 2.59110e-16 +0.00000e+00
 1.38950e-04 6.73803e+03 3.28079e-16 +0.00000e+00
 1.73020e-04 6.72245e+03 4.14838e-16 +0.00000e+00
 2.15443e-04 6.71217e+03 5.23943e-16 +0.00000e+00
 2.68270e-04 6.70623e+03 6.61118e-16 +0.00000e+00
 3.34048e-04 6.70335e+03 8.33611e-16 +0.00000e+00
 4.15956e-04 6.70385e+03 1.05034e-15 +0.00000e+00
 5.17947e-04 6.70660e+03 1.32271e-15 +0.00000e+00
 6.44947e-04 6.71112e+03 1.66498e-15 +0.00000e+00
 8.03086e-04 6.71689e+03 2.09508e-15 +0.00000e+00
 1.00000e-03 6.72385e+03 2.63540e-15 +0.00000e+00
 1.24520e-03 6.73065e+03 3.31464e-15 -2.54209e-07
 1.55052e-03 6.73852e+03 4.16761e-15 -3.16540e-07
 1.93070e-03 6.74499e+03 5.24026e-15 -3.94154e-07
 2.40410e-03 6.75224e+03 6.58698e-15 -4.90800e-07
 2.99358e-03 6.75850e+03 8.27919e-15 -6.11143e-07
 3.72759e-03 6.76027e+03 1.04106e-14 -7.60992e-07
 4.64159e-03 6.76253e+03 1.30862e-14 -9.47585e-07
 5.77969e-03 6.76215e+03 1.64511e-14 -1.17993e-06
 7.19686e-03 6.75340e+03 2.07004e-14 -1.46925e-06
 8.96151e-03 6.74693e+03 2.60296e-14 -1.82950e-06
 1.11588e-02 6.73823e+03 3.27295e-14 -2.27810e-06
 1.38950e-02 6.72913e+03 4.11392e-14 -2.83668e-06
 1.73020e-02 6.72241e+03 5.16668e-14 -3.53222e-06
 2.15443e-02 6.72192e+03 6.47927e-14 -4.39831e-06
 2.68270e-02 6.73741e+03 8.10092e-14 -5.47676e-06
 3.34048e-02 6.76550e+03 1.01023e-13 -6.81963e-06
 4.15956e-02 6.81161e+03 1.25551e-13 -8.49180e-06
 5.17947e-02 6.87896e+03 1.55430e-13 -1.05739e-05
 6.44947e-02 6.96772e+03 1.91690e-13 -1.31667e-05
 8.03086e-02 7.08501e+03 2.35317e-13 -1.63951e-05
 1.00000e-01 7.23109e+03 2.87620e-13 -2.04150e-05
 1.24520e-01 7.40776e+03 3.50067e-13 -2.54209e-05
 1.55052e-01 7.60932e+03 4.24780e-13 -3.16540e-05
 1.93070e-01 7.83949e+03 5.13815e-13 -3.94154e-05
 2.40410e-01 8.09904e+03 6.19759e-13 -4.90800e-05
 2.99358e-01 8.37666e+03 7.46743e-13 -6.11143e-05
 3.72759e-01 8.68077e+03 8.98062e-13 -7.60992e-05
 4.64159e-01 9.00367e+03 1.07931e-12 -9.47585e-05
 5.77969e-01 9.35489e+03 1.29516e-12 -1.17993e-04
 7.19686e-01 9.74035e+03 1.55141e-12 -1.46925e-04
 8.96151e-01 1.01516e+04 1.85721e-12 -1.82950e-04
 1.11588e+00 1.05923e+04 2.22087e-12 -2.27810e-04
 1.38950e+00 1.10556e+04 2.65296e-12 -2.83668e-04
 1.73020e+00 1.15558e+04 3.15728e-12 -3.53222e-04
 2.15443e+00 1.20824e+04 3.74075e-12 -4.40306e-04
 2.68270e+00 1.26393e+04 4.41049e-12 -5.47756e-04
 3.34048e+00 1.32310e+04 5.18912e-12 -6.12468e-04
 4.15956e+00 1.38612e+04 6.11193e-12 -6.12453e-04
 5.17947e+00 1.45325e+04 7.21418e-12 -6.12453e-04
 6.44947e+00 1.52470e+04 8.53016e-12 -6.12453e-04
 8.03086e+00 1.60076e+04 1.00976e-11 -6.12453e-04
 1.00000e+01 1.68160e+04 1.19616e-11 -6.12453e-04
 1.24520e+01 1.76783e+04 1.41728e-11 -6.12453e-04
 1.55052e+01 1.85863e+04 1.68021e-11 -6.12453e-04
 1.93070e+01 1.95875e+04 1.98850e-11 -6.12453e-04
 2.40410e+01 2.05836e+04 2.36041e-11 -6.12453e-04
 2.99358e+01 2.17721e+04 2.78545e-11 -6.12453e-04
 3.72759e+01 2.28647e+04 3.31002e-11 -6.12453e-04
 4.64159e+01 2.42345e+04 3.89893e-11 -6.12453e-04
 5.77969e+01 2.55094e+04 4.62336e-11 -6.12453e-04
 7.19686e+01 2.69963e+04 5.44944e-11 -6.12453e-04
 8.96151e+01 2.85423e+04 6.41894e-11 -6.12453e-04
 1.11588e+02 3.01306e+04 7.54195e-11 -6.12453e-04
 1.38950e+02 3.19728e+04 8.76531e-11 -6.12453e-04
 1.73020e+02 3.37160e+04 1.02384e-10 -6.12453e-04
 2.15443e+02 3.57881e+04 1.18977e-10 -6.12453e-04
 2.68270e+02 3.77780e+04 1.39561e-10 -6.12453e-04
 3.34048e+02 3.99745e+04 1.63671e-10 -6.12453e-04
 4.15956e+02 4.22059e+04 1.92640e-10 -6.12453e-04
 5.17947e+02 4.45441e+04 2.26939e-10 -6.12453e-04
 6.44947e+02 4.70468e+04 2.67273e-10 -6.12453e-04
 8.03086e+02 4.93106e+04 3.16719e-10 -6.12453e-04
 1.00000e+03 5.24853e+04 3.69691e-10 -6.12453e-04
