#n1=128 n2=4 Teff=09600 R=4.2807e+13 L=1.1116e+40 logg=+0.00
#   tau          T          rho         Fconv
 0.00000e+00 4.74462e+03 1.70354e-21 +0.00000e+00
 1.00000e-09 4.74462e+03 3.92011e-21 +0.00000e+00
 1.24520e-09 4.74624e+03 4.47432e-21 +0.00000e+00
 1.55052e-09 4.74857e+03 5.16782e-21 +0.00000e+00
 1.93070e-09 4.75133e+03 6.03637e-21 +0.00000e+00
 2.40410e-09 4.75455e+03 7.12456e-21 +0.00000e+00
 2.99358e-09 4.75824e+03 8.48834e-21 +0.00000e+00
 3.72759e-09 4.76242e+03 1.01980e-20 +0.00000e+00
 4.64159e-09 4.76707e+03 1.23417e-20 +0.00000e+00
 5.77969e-09 4.77222e+03 1.50300e-20 +0.00000e+00
 7.19686e-09 4.77785e+03 1.84018e-20 +0.00000e+00
 8.96151e-09 4.78398e+03 2.26311e-20 +0.00000e+00
 1.11588e-08 4.79063e+03 2.79362e-20 +0.00000e+00
 1.38950e-08 4.79779e+03 3.45907e-20 +0.00000e+00
 1.73020e-08 4.80552e+03 4.29374e-20 +0.00000e+00
 2.15443e-08 4.81382e+03 5.34057e-20 +0.00000e+00
 2.68270e-08 4.82276e+03 6.65336e-20 +0.00000e+00
 3.34048e-08 4.83238e+03 8.29942e-20 +0.00000e+00
 4.15956e-08 4.84276e+03 1.03630e-19 +0.00000e+00
 5.17947e-08 4.85397e+03 1.29495e-19 +0.00000e+00
 6.44947e-08 4.86610e+03 1.61905e-19 +0.00000e+00
 8.03086e-08 4.87927e+03 2.02505e-19 +0.00000e+00
 1.00000e-07 4.89358e+03 2.53350e-19 +0.00000e+00
 1.24520e-07 4.90918e+03 3.17003e-19 +0.00000e+00
 1.55052e-07 4.92621e+03 3.96657e-19 +0.00000e+00
 1.93070e-07 4.94482e+03 4.96294e-19 +0.00000e+00
 2.40410e-07 4.96518e+03 6.20870e-19 +0.00000e+00
 2.99358e-07 4.98745e+03 7.76552e-19 +0.00000e+00
 3.72759e-07 5.01181e+03 9.71011e-19 +0.00000e+00
 4.64159e-07 5.03838e+03 1.21378e-18 +0.00000e+00
 5.77969e-07 5.06731e+03 1.51672e-18 +0.00000e+00
 7.19686e-07 5.09868e+03 1.89455e-18 +0.00000e+00
 8.96151e-07 5.13254e+03 2.36557e-18 +0.00000e+00
 1.11588e-06 5.16892e+03 2.95255e-18 +0.00000e+00
 1.38950e-06 5.20777e+03 3.68375e-18 +0.00000e+00
 1.73020e-06 5.24905e+03 4.59437e-18 +0.00000e+00
 2.15443e-06 5.29263e+03 5.72815e-18 +0.00000e+00
 2.68270e-06 5.33839e+03 7.13955e-18 +0.00000e+00
 3.34048e-06 5.38621e+03 8.89629e-18 +0.00000e+00
 4.15956e-06 5.43588e+03 1.10828e-17 +0.00000e+00
 5.17947e-06 5.48722e+03 1.38044e-17 +0.00000e+00
 6.44947e-06 5.53993e+03 1.71923e-17 +0.00000e+00
 8.03086e-06 5.59384e+03 2.14104e-17 +0.00000e+00
 1.00000e-05 5.64865e+03 2.66634e-17 +0.00000e+00
 1.24520e-05 5.70400e+03 3.32073e-17 +0.00000e+00
 1.55052e-05 5.75952e+03 4.13628e-17 +0.00000e+00
 1.93070e-05 5.81476e+03 5.15314e-17 +0.00000e+00
 2.40410e-05 5.86944e+03 6.42154e-17 +0.00000e+00
 2.99358e-05 5.92322e+03 8.00448e-17 +0.00000e+00
 3.72759e-05 5.97592e+03 9.98071e-17 +0.00000e+00
 4.64159e-05 6.02745e+03 1.24489e-16 +0.00000e+00
 5.77969e-05 6.07810e+03 1.55316e-16 +0.00000e+00
 7.19686e-05 6.12813e+03 1.93820e-16 +0.00000e+00
 8.96151e-05 6.17805e+03 2.41906e-16 +0.00000e+00
 1.11588e-04 6.22840e+03 3.01941e-16 +0.00000e+00
 1.38950e-04 6.27972e+03 3.76871e-16 +0.00000e+00
 1.73020e-04 6.33233e+03 4.70369e-16 +0.00000e+00
 2.15443e-04 6.38639e+03 5.87020e-16 +0.00000e+00
 2.68270e-04 6.44184e+03 7.32553e-16 +0.00000e+00
 3.34048e-04 6.49853e+03 9.14120e-16 +0.00000e+00
 4.15956e-04 6.55626e+03 1.14066e-15 +0.00000e+00
 5.17947e-04 6.61482e+03 1.42335e-15 +0.00000e+00
 6.44947e-04 6.67402e+03 1.77614e-15 +0.00000e+00
 8.03086e-04 6.73366e+03 2.21648e-15 +0.00000e+00
 1.00000e-03 6.79353e+03 2.76619e-15 +0.00000e+00
 1.24520e-03 6.85343e+03 3.45255e-15 -2.53959e-07
 1.55052e-03 6.91316e+03 4.30968e-15 -3.16227e-07
 1.93070e-03 6.97253e+03 5.38022e-15 -3.93767e-07
 2.40410e-03 7.03141e+03 6.71741e-15 -4.90317e-07
 2.99358e-03 7.08975e+03 8.38769e-15 -6.10542e-07
 3.72759e-03 7.14744e+03 1.04740e-14 -7.60243e-07
 4.64159e-03 7.20482e+03 1.30793e-14 -9.46654e-07
 5.77969e-03 7.26196e+03 1.63319e-14 -1.17877e-06
 7.19686e-03 7.31915e+03 2.03914e-14 -1.46780e-06
 8.96151e-03 7.37680e+03 2.54556e-14 -1.82770e-06
 1.11588e-02 7.43542e+03 3.17693e-14 -2.27584e-06
 1.38950e-02 7.49564e+03 3.96339e-14 -2.83387e-06
 1.73020e-02 7.55822e+03 4.94195e-14 -3.52875e-06
 2.15443e-02 7.62407e+03 6.15773e-14 -4.39398e-06
 2.68270e-02 7.69430e+03 7.66544e-14 -5.47137e-06
 3.34048e-02 7.77040e+03 9.53064e-14 -6.81293e-06
 4.15956e-02 7.85387e+03 1.18318e-13 -8.48343e-06
 5.17947e-02 7.94657e+03 1.46616e-13 -1.05636e-05
 6.44947e-02 8.05053e+03 1.81294e-13 -1.31537e-05
 8.03086e-02 8.16796e+03 2.23637e-13 -1.63790e-05
 1.00000e-01 8.30110e+03 2.75156e-13 -2.03950e-05
 1.24520e-01 8.45218e+03 3.37630e-13 -2.53959e-05
 1.55052e-01 8.62297e+03 4.13184e-13 -3.16227e-05
 1.93070e-01 8.81513e+03 5.04350e-13 -3.93767e-05
 2.40410e-01 9.03042e+03 6.14133e-13 -4.90317e-05
 2.99358e-01 9.27042e+03 7.46120e-13 -6.10542e-05
 3.72759e-01 9.53468e+03 9.04782e-13 -7.60243e-05
 4.64159e-01 9.79214e+03 1.09889e-12 -9.46654e-05
 5.77969e-01 1.00802e+04 1.33132e-12 -1.17877e-04
 7.19686e-01 1.04292e+04 1.60458e-12 -1.46780e-04
 8.96151e-01 1.07656e+04 1.93782e-12 -1.82770e-04
 1.11588e+00 1.11545e+04 2.32869e-12 -2.27584e-04
 1.38950e+00 1.15736e+04 2.78826e-12 -2.83387e-04
 1.73020e+00 1.20179e+04 3.32437e-12 -3.52670e-04
 2.15443e+00 1.25546e+04 3.92086e-12 -4.39510e-04
 2.68270e+00 1.31257e+04 4.61538e-12 -5.47137e-04
 3.34048e+00 1.37625e+04 5.42721e-12 -6.11851e-04
 4.15956e+00 1.44219e+04 6.40722e-12 -6.11851e-04
 5.17947e+00 1.53030e+04 7.49438e-12 -6.11851e-04
 6.44947e+00 1.60492e+04 8.89433e-12 -6.11851e-04
 8.03086e+00 1.71064e+04 1.04099e-11 -6.11851e-04
 1.00000e+01 1.80653e+04 1.23213e-11 -6.11851e-04
 1.24520e+01 1.92062e+04 1.45087e-11 -6.11851e-04
 1.55052e+01 2.02706e+04 1.72266e-11 -6.11851e-04
 1.93070e+01 2.15438e+04 2.03337e-11 -6.11851e-04
 2.40410e+01 2.26438e+04 2.42681e-11 -6.11851e-04
 2.99358e+01 2.41442e+04 2.85717e-11 -6.11851e-04
 3.72759e+01 2.54014e+04 3.40790e-11 -6.11851e-04
 4.64159e+01 2.71423e+04 4.00002e-11 -6.11851e-04
 5.77969e+01 2.87444e+04 4.72625e-11 -6.11851e-04
 7.19686e+01 3.06776e+04 5.50552e-11 -6.11851e-04
 8.96151e+01 3.26126e+04 6.41533e-11 -6.11851e-04
 1.11588e+02 3.46434e+04 7.49576e-11 -6.11851e-04
 1.38950e+02 3.67528e+04 8.80585e-11 -6.11851e-04
 1.73020e+02 3.88359e+04 1.04132e-10 -6.11851e-04
 2.15443e+02 4.11128e+04 1.23100e-10 -6.11851e-04
 2.68270e+02 4.32944e+04 1.46340e-10 -6.11851e-04
 3.34048e+02 4.57704e+04 1.73323e-10 -6.11851e-04
 4.15956e+02 4.80792e+04 2.06446e-10 -6.11851e-04
 5.17947e+02 5.06042e+04 2.45162e-10 -6.11851e-04
 6.44947e+02 5.31524e+04 2.91438e-10 -6.11851e-04
 8.03086e+02 5.54920e+04 3.47671e-10 -6.11851e-04
 1.00000e+03 5.85136e+04 4.10105e-10 -6.11851e-04
