#n1=128 n2=4 Teff=09800 R=6.0311e+12 L=2.3859e+38 logg=+1.50
#   tau          T          rho         Fconv
 0.00000e+00 7.17423e+03 1.04421e-21 +0.00000e+00
 1.00000e-09 7.17423e+03 8.70261e-20 +0.00000e+00
 1.24520e-09 6.82609e+03 1.15069e-19 +0.00000e+00
 1.55052e-09 6.75113e+03 1.45707e-19 +0.00000e+00
 1.93070e-09 6.72023e+03 1.83238e-19 +0.00000e+00
 2.40410e-09 6.69980e+03 2.29982e-19 +0.00000e+00
 2.99358e-09 6.68342e+03 2.88437e-19 +0.00000e+00
 3.72759e-09 6.66840e+03 3.61370e-19 +0.00000e+00
 4.64159e-09 6.65254e+03 4.52895e-19 +0.00000e+00
 5.77969e-09 6.62889e+03 5.67691e-19 +0.00000e+00
 7.19686e-09 6.47600e+03 7.25646e-19 +0.00000e+00
 8.96151e-09 6.22763e+03 9.48389e-19 +0.00000e+00
 1.11588e-08 6.02308e+03 1.23771e-18 +0.00000e+00
 1.38950e-08 5.94180e+03 1.57918e-18 +0.00000e+00
 1.73020e-08 5.89648e+03 1.99928e-18 +0.00000e+00
 2.15443e-08 5.86627e+03 2.52125e-18 +0.00000e+00
 2.68270e-08 5.84453e+03 3.17162e-18 +0.00000e+00
 3.34048e-08 5.82853e+03 3.98242e-18 +0.00000e+00
 4.15956e-08 5.81675e+03 4.99329e-18 +0.00000e+00
 5.17947e-08 5.80823e+03 6.25358e-18 +0.00000e+00
 6.44947e-08 5.80227e+03 7.82481e-18 +0.00000e+00
 8.03086e-08 5.79836e+03 9.78365e-18 +0.00000e+00
 1.00000e-07 5.79612e+03 1.22257e-17 +0.00000e+00
 1.24520e-07 5.79527e+03 1.52699e-17 +0.00000e+00
 1.55052e-07 5.79559e+03 1.90646e-17 +0.00000e+00
 1.93070e-07 5.79694e+03 2.37946e-17 +0.00000e+00
 2.40410e-07 5.79919e+03 2.96898e-17 +0.00000e+00
 2.99358e-07 5.80228e+03 3.70369e-17 +0.00000e+00
 3.72759e-07 5.80614e+03 4.61925e-17 +0.00000e+00
 4.64159e-07 5.81077e+03 5.76010e-17 +0.00000e+00
 5.77969e-07 5.81615e+03 7.18157e-17 +0.00000e+00
 7.19686e-07 5.82230e+03 8.95255e-17 +0.00000e+00
 8.96151e-07 5.82926e+03 1.11587e-16 +0.00000e+00
 1.11588e-06 5.83707e+03 1.39068e-16 +0.00000e+00
 1.38950e-06 5.84581e+03 1.73290e-16 +0.00000e+00
 1.73020e-06 5.85558e+03 2.15896e-16 +0.00000e+00
 2.15443e-06 5.86648e+03 2.68925e-16 +0.00000e+00
 2.68270e-06 5.87864e+03 3.34908e-16 +0.00000e+00
 3.34048e-06 5.89222e+03 4.16986e-16 +0.00000e+00
 4.15956e-06 5.90739e+03 5.19050e-16 +0.00000e+00
 5.17947e-06 5.92431e+03 6.45928e-16 +0.00000e+00
 6.44947e-06 5.94318e+03 8.03598e-16 +0.00000e+00
 8.03086e-06 5.96421e+03 9.99463e-16 +0.00000e+00
 1.00000e-05 5.98758e+03 1.24267e-15 +0.00000e+00
 1.24520e-05 6.01349e+03 1.54451e-15 +0.00000e+00
 1.55052e-05 6.04213e+03 1.91892e-15 +0.00000e+00
 1.93070e-05 6.07364e+03 2.38313e-15 +0.00000e+00
 2.40410e-05 6.10816e+03 2.95851e-15 +0.00000e+00
 2.99358e-05 6.14577e+03 3.67134e-15 +0.00000e+00
 3.72759e-05 6.18649e+03 4.55415e-15 +0.00000e+00
 4.64159e-05 6.23028e+03 5.64718e-15 +0.00000e+00
 5.77969e-05 6.27701e+03 7.00028e-15 +0.00000e+00
 7.19686e-05 6.32647e+03 8.67507e-15 +0.00000e+00
 8.96151e-05 6.37840e+03 1.07477e-14 +0.00000e+00
 1.11588e-04 6.43240e+03 1.33124e-14 +0.00000e+00
 1.38950e-04 6.48802e+03 1.64857e-14 +0.00000e+00
 1.73020e-04 6.54472e+03 2.04114e-14 +0.00000e+00
 2.15443e-04 6.60186e+03 2.52681e-14 +0.00000e+00
 2.68270e-04 6.65876e+03 3.12771e-14 +0.00000e+00
 3.34048e-04 6.71478e+03 3.87125e-14 +0.00000e+00
 4.15956e-04 6.76941e+03 4.79135e-14 +0.00000e+00
 5.17947e-04 6.82232e+03 5.92975e-14 +0.00000e+00
 6.44947e-04 6.87351e+03 7.33787e-14 +0.00000e+00
 8.03086e-04 6.92323e+03 9.07876e-14 +0.00000e+00
 1.00000e-03 6.97202e+03 1.12295e-13 +0.00000e+00
 1.24520e-03 7.02050e+03 1.38841e-13 -2.55060e-07
 1.55052e-03 7.06929e+03 1.71572e-13 -3.17600e-07
 1.93070e-03 7.11883e+03 2.11884e-13 -3.95473e-07
 2.40410e-03 7.16943e+03 2.61484e-13 -4.92443e-07
 2.99358e-03 7.22129e+03 3.22460e-13 -6.13188e-07
 3.72759e-03 7.27464e+03 3.97371e-13 -7.63538e-07
 4.64159e-03 7.32980e+03 4.89346e-13 -9.50756e-07
 5.77969e-03 7.38718e+03 6.02205e-13 -1.18388e-06
 7.19686e-03 7.44724e+03 7.40578e-13 -1.47416e-06
 8.96151e-03 7.51050e+03 9.09975e-13 -1.83562e-06
 1.11588e-02 7.57743e+03 1.11680e-12 -2.28572e-06
 1.38950e-02 7.64849e+03 1.36822e-12 -2.84617e-06
 1.73020e-02 7.72410e+03 1.67187e-12 -3.54404e-06
 2.15443e-02 7.80471e+03 2.03543e-12 -4.41303e-06
 2.68270e-02 7.89084e+03 2.46611e-12 -5.49509e-06
 3.34048e-02 7.98316e+03 2.97026e-12 -6.84245e-06
 4.15956e-02 8.08253e+03 3.55315e-12 -8.52022e-06
 5.17947e-02 8.19004e+03 4.21929e-12 -1.06093e-05
 6.44947e-02 8.30710e+03 4.97272e-12 -1.32111e-05
 8.03086e-02 8.43537e+03 5.81824e-12 -1.64503e-05
 1.00000e-01 8.57677e+03 6.76238e-12 -2.04834e-05
 1.24520e-01 8.73342e+03 7.81519e-12 -2.55066e-05
 1.55052e-01 8.90752e+03 8.99127e-12 -3.17596e-05
 1.93070e-01 9.10126e+03 1.03109e-11 -3.95460e-05
 2.40410e-01 9.31658e+03 1.18013e-11 -4.92478e-05
 2.99358e-01 9.55494e+03 1.34964e-11 -6.13188e-05
 3.72759e-01 9.81701e+03 1.54376e-11 -7.63538e-05
 4.64159e-01 1.01026e+04 1.76733e-11 -9.50756e-05
 5.77969e-01 1.04105e+04 2.02594e-11 -1.18388e-04
 7.19686e-01 1.07394e+04 2.32583e-11 -1.47416e-04
 8.96151e-01 1.10879e+04 2.67380e-11 -1.83562e-04
 1.11588e+00 1.14552e+04 3.07712e-11 -2.28572e-04
 1.38950e+00 1.18413e+04 3.54332e-11 -2.84617e-04
 1.73020e+00 1.22470e+04 4.07997e-11 -3.54404e-04
 2.15443e+00 1.26729e+04 4.69412e-11 -4.41303e-04
 2.68270e+00 1.31199e+04 5.39204e-11 -5.49509e-04
 3.34048e+00 1.35890e+04 6.18006e-11 -6.14503e-04
 4.15956e+00 1.40807e+04 7.06814e-11 -6.14503e-04
 5.17947e+00 1.45981e+04 8.07304e-11 -6.14503e-04
 6.44947e+00 1.51385e+04 9.22271e-11 -6.14503e-04
 8.03086e+00 1.57093e+04 1.05426e-10 -6.14503e-04
 1.00000e+01 1.63063e+04 1.20659e-10 -6.14503e-04
 1.24520e+01 1.69421e+04 1.38153e-10 -6.14503e-04
 1.55052e+01 1.75838e+04 1.58462e-10 -6.14503e-04
 1.93070e+01 1.83309e+04 1.81203e-10 -6.14503e-04
 2.40410e+01 1.89774e+04 2.08540e-10 -6.14503e-04
 2.99358e+01 1.98884e+04 2.37531e-10 -6.14503e-04
 3.72759e+01 2.05275e+04 2.74305e-10 -6.14503e-04
 4.64159e+01 2.15692e+04 3.11627e-10 -6.14503e-04
 5.77969e+01 2.23019e+04 3.59395e-10 -6.14503e-04
 7.19686e+01 2.33491e+04 4.09373e-10 -6.14503e-04
 8.96151e+01 2.43067e+04 4.69129e-10 -6.14503e-04
 1.11588e+02 2.52555e+04 5.37801e-10 -6.14503e-04
 1.38950e+02 2.65605e+04 6.10447e-10 -6.14503e-04
 1.73020e+02 2.74152e+04 7.04252e-10 -6.14503e-04
 2.15443e+02 2.89693e+04 7.94786e-10 -6.14503e-04
 2.68270e+02 3.01257e+04 9.11351e-10 -6.14503e-04
 3.34048e+02 3.15923e+04 1.03514e-09 -6.14503e-04
 4.15956e+02 3.32182e+04 1.17238e-09 -6.14497e-04
 5.17947e+02 3.49363e+04 1.32607e-09 -6.14439e-04
 6.44947e+02 3.64429e+04 1.50847e-09 -6.14148e-04
 8.03086e+02 3.87190e+04 1.67995e-09 -6.14137e-04
 1.00000e+03 4.23509e+04 1.83350e-09 -6.14487e-04
