#n1=128 n2=4 Teff=09000 R=2.0236e+13 L=1.9091e+39 logg=+0.50
#   tau          T          rho         Fconv
 0.00000e+00 8.20504e+03 9.10826e-22 +0.00000e+00
 1.00000e-09 8.20504e+03 5.30184e-21 +0.00000e+00
 1.24520e-09 8.21093e+03 6.42316e-21 +0.00000e+00
 1.55052e-09 8.21531e+03 7.83381e-21 +0.00000e+00
 1.93070e-09 8.21992e+03 9.60806e-21 +0.00000e+00
 2.40410e-09 8.22468e+03 1.18395e-20 +0.00000e+00
 2.99358e-09 8.22955e+03 1.46477e-20 +0.00000e+00
 3.72759e-09 8.23451e+03 1.81799e-20 +0.00000e+00
 4.64159e-09 8.23955e+03 2.26249e-20 +0.00000e+00
 5.77969e-09 8.24479e+03 2.82182e-20 +0.00000e+00
 7.19686e-09 8.25605e+03 3.52174e-20 +0.00000e+00
 8.96151e-09 8.25503e+03 4.40593e-20 +0.00000e+00
 1.11588e-08 8.25968e+03 5.51683e-20 +0.00000e+00
 1.38950e-08 8.26445e+03 6.91522e-20 +0.00000e+00
 1.73020e-08 8.27816e+03 8.65715e-20 +0.00000e+00
 2.15443e-08 8.27335e+03 1.08618e-19 +0.00000e+00
 2.68270e-08 8.28481e+03 1.36666e-19 +0.00000e+00
 3.34048e-08 8.25554e+03 1.71484e-19 +0.00000e+00
 4.15956e-08 8.01610e+03 2.21905e-19 +0.00000e+00
 5.17947e-08 7.44090e+03 3.07210e-19 +0.00000e+00
 6.44947e-08 7.20965e+03 4.07868e-19 +0.00000e+00
 8.03086e-08 7.13384e+03 5.25763e-19 +0.00000e+00
 1.00000e-07 7.08425e+03 6.72838e-19 +0.00000e+00
 1.24520e-07 7.04648e+03 8.57348e-19 +0.00000e+00
 1.55052e-07 7.02047e+03 1.08852e-18 +0.00000e+00
 1.93070e-07 6.99893e+03 1.37904e-18 +0.00000e+00
 2.40410e-07 6.97760e+03 1.74493e-18 +0.00000e+00
 2.99358e-07 6.95166e+03 2.20720e-18 +0.00000e+00
 3.72759e-07 6.86183e+03 2.81560e-18 +0.00000e+00
 4.64159e-07 6.34135e+03 3.83430e-18 +0.00000e+00
 5.77969e-07 6.07460e+03 5.03402e-18 +0.00000e+00
 7.19686e-07 5.97268e+03 6.43529e-18 +0.00000e+00
 8.96151e-07 5.91024e+03 8.17004e-18 +0.00000e+00
 1.11588e-06 5.86789e+03 1.03337e-17 +0.00000e+00
 1.38950e-06 5.83954e+03 1.30351e-17 +0.00000e+00
 1.73020e-06 5.82127e+03 1.64094e-17 +0.00000e+00
 2.15443e-06 5.81006e+03 2.06276e-17 +0.00000e+00
 2.68270e-06 5.80376e+03 2.59034e-17 +0.00000e+00
 3.34048e-06 5.80094e+03 3.25041e-17 +0.00000e+00
 4.15956e-06 5.79678e+03 4.07919e-17 +0.00000e+00
 5.17947e-06 5.79868e+03 5.11328e-17 +0.00000e+00
 6.44947e-06 5.80193e+03 6.40742e-17 +0.00000e+00
 8.03086e-06 5.80624e+03 8.02703e-17 +0.00000e+00
 1.00000e-05 5.81140e+03 1.00539e-16 +0.00000e+00
 1.24520e-05 5.81726e+03 1.25906e-16 +0.00000e+00
 1.55052e-05 5.82371e+03 1.57650e-16 +0.00000e+00
 1.93070e-05 5.83066e+03 1.97374e-16 +0.00000e+00
 2.40410e-05 5.83806e+03 2.47081e-16 +0.00000e+00
 2.99358e-05 5.84585e+03 3.09277e-16 +0.00000e+00
 3.72759e-05 5.85238e+03 3.87188e-16 +0.00000e+00
 4.64159e-05 5.86094e+03 4.84555e-16 +0.00000e+00
 5.77969e-05 5.86983e+03 6.06377e-16 +0.00000e+00
 7.19686e-05 5.87904e+03 7.58855e-16 +0.00000e+00
 8.96151e-05 5.88857e+03 9.49679e-16 +0.00000e+00
 1.11588e-04 5.89841e+03 1.18848e-15 +0.00000e+00
 1.38950e-04 5.90855e+03 1.48732e-15 +0.00000e+00
 1.73020e-04 5.91898e+03 1.86126e-15 +0.00000e+00
 2.15443e-04 5.92967e+03 2.32914e-15 +0.00000e+00
 2.68270e-04 5.94058e+03 2.91450e-15 +0.00000e+00
 3.34048e-04 5.95166e+03 3.64677e-15 +0.00000e+00
 4.15956e-04 5.96283e+03 4.56261e-15 +0.00000e+00
 5.17947e-04 5.97336e+03 5.70861e-15 +0.00000e+00
 6.44947e-04 5.98455e+03 7.14099e-15 +0.00000e+00
 8.03086e-04 5.99550e+03 8.93174e-15 +0.00000e+00
 1.00000e-03 6.00606e+03 1.11698e-14 +0.00000e+00
 1.24520e-03 6.01589e+03 1.39664e-14 -2.55263e-07
 1.55052e-03 6.02530e+03 1.74587e-14 -3.17852e-07
 1.93070e-03 6.03380e+03 2.18193e-14 -3.95789e-07
 2.40410e-03 6.04155e+03 2.72616e-14 -4.92836e-07
 2.99358e-03 6.04842e+03 3.40521e-14 -6.13678e-07
 3.72759e-03 6.05463e+03 4.25208e-14 -7.64148e-07
 4.64159e-03 6.06063e+03 5.30742e-14 -9.51514e-07
 5.77969e-03 6.06736e+03 6.62093e-14 -1.18482e-06
 7.19686e-03 6.07637e+03 8.25296e-14 -1.47534e-06
 8.96151e-03 6.08962e+03 1.02763e-13 -1.83709e-06
 1.11588e-02 6.10873e+03 1.27795e-13 -2.28754e-06
 1.38950e-02 6.13587e+03 1.58686e-13 -2.84844e-06
 1.73020e-02 6.17737e+03 1.96596e-13 -3.54686e-06
 2.15443e-02 6.23213e+03 2.43115e-13 -4.41654e-06
 2.68270e-02 6.30606e+03 2.99698e-13 -5.49947e-06
 3.34048e-02 6.38947e+03 3.69366e-13 -6.84792e-06
 4.15956e-02 6.48623e+03 4.54858e-13 -8.52602e-06
 5.17947e-02 6.59672e+03 5.59684e-13 -1.06146e-05
 6.44947e-02 6.72557e+03 6.87364e-13 -1.32223e-05
 8.03086e-02 6.86843e+03 8.42396e-13 -1.64654e-05
 1.00000e-01 7.02994e+03 1.02767e-12 -2.04985e-05
 1.24520e-01 7.21441e+03 1.24400e-12 -2.55272e-05
 1.55052e-01 7.41024e+03 1.49557e-12 -3.17890e-05
 1.93070e-01 7.63897e+03 1.77304e-12 -3.95756e-05
 2.40410e-01 7.89907e+03 2.07663e-12 -4.92981e-05
 2.99358e-01 8.17802e+03 2.41736e-12 -6.13605e-05
 3.72759e-01 8.48159e+03 2.80507e-12 -7.64345e-05
 4.64159e-01 8.79631e+03 3.26081e-12 -9.98477e-05
 5.77969e-01 9.13455e+03 3.79576e-12 -1.18482e-04
 7.19686e-01 9.48904e+03 4.43107e-12 -1.47534e-04
 8.96151e-01 9.85843e+03 5.18708e-12 -1.83709e-04
 1.11588e+00 1.02382e+04 6.08821e-12 -2.28754e-04
 1.38950e+00 1.06321e+04 7.15689e-12 -2.84844e-04
 1.73020e+00 1.10516e+04 8.41152e-12 -3.54686e-04
 2.15443e+00 1.15260e+04 9.85591e-12 -4.41654e-04
 2.68270e+00 1.19993e+04 1.15594e-11 -5.49947e-04
 3.34048e+00 1.24897e+04 1.35243e-11 -6.15009e-04
 4.15956e+00 1.30060e+04 1.57595e-11 -6.15007e-04
 5.17947e+00 1.35514e+04 1.83038e-11 -6.15001e-04
 6.44947e+00 1.41243e+04 2.12444e-11 -6.14996e-04
 8.03086e+00 1.47384e+04 2.46663e-11 -6.14993e-04
 1.00000e+01 1.53700e+04 2.87137e-11 -6.14993e-04
 1.24520e+01 1.60510e+04 3.34314e-11 -6.14993e-04
 1.55052e+01 1.67371e+04 3.90140e-11 -6.14993e-04
 1.93070e+01 1.75329e+04 4.53733e-11 -6.14993e-04
 2.40410e+01 1.82141e+04 5.31719e-11 -6.14993e-04
 2.99358e+01 1.91996e+04 6.15066e-11 -6.14993e-04
 3.72759e+01 1.98581e+04 7.23789e-11 -6.14993e-04
 4.64159e+01 2.09956e+04 8.34149e-11 -6.14993e-04
 5.77969e+01 2.18031e+04 9.77901e-11 -6.14993e-04
 7.19686e+01 2.28744e+04 1.13379e-10 -6.14993e-04
 8.96151e+01 2.40433e+04 1.31358e-10 -6.14993e-04
 1.11588e+02 2.50299e+04 1.53406e-10 -6.14993e-04
 1.38950e+02 2.64497e+04 1.76669e-10 -6.14993e-04
 1.73020e+02 2.75286e+04 2.06250e-10 -6.14993e-04
 2.15443e+02 2.92181e+04 2.36370e-10 -6.14993e-04
 2.68270e+02 3.02530e+04 2.76803e-10 -6.14993e-04
 3.34048e+02 3.24317e+04 3.12418e-10 -6.14993e-04
 4.15956e+02 3.34665e+04 3.65911e-10 -6.14993e-04
 5.17947e+02 3.57679e+04 4.10854e-10 -6.14993e-04
 6.44947e+02 3.76446e+04 4.71482e-10 -6.14993e-04
 8.03086e+02 3.91102e+04 5.47987e-10 -6.14993e-04
 1.00000e+03 4.21892e+04 6.14384e-10 -6.14993e-04
