#n1=128 n2=4 Teff=09800 R=7.3204e+11 L=3.5239e+36 logg=+3.00
#   tau          T          rho         Fconv
 0.00000e+00 5.97430e+03 1.26737e-21 +0.00000e+00
 1.00000e-09 5.97430e+03 4.22305e-18 +0.00000e+00
 1.24520e-09 5.96003e+03 5.27373e-18 +0.00000e+00
 1.55052e-09 5.94343e+03 6.58846e-18 +0.00000e+00
 1.93070e-09 5.93418e+03 8.22082e-18 +0.00000e+00
 2.40410e-09 5.92385e+03 1.02595e-17 +0.00000e+00
 2.99358e-09 5.91597e+03 1.27986e-17 +0.00000e+00
 3.72759e-09 5.91004e+03 1.59609e-17 +0.00000e+00
 4.64159e-09 5.90566e+03 1.98993e-17 +0.00000e+00
 5.77969e-09 5.90254e+03 2.48045e-17 +0.00000e+00
 7.19686e-09 5.90045e+03 3.09137e-17 +0.00000e+00
 8.96151e-09 5.89920e+03 3.85224e-17 +0.00000e+00
 1.11588e-08 5.89865e+03 4.79987e-17 +0.00000e+00
 1.38950e-08 5.89870e+03 5.98010e-17 +0.00000e+00
 1.73020e-08 5.90018e+03 7.44887e-17 +0.00000e+00
 2.15443e-08 5.90111e+03 9.27940e-17 +0.00000e+00
 2.68270e-08 5.90242e+03 1.15593e-16 +0.00000e+00
 3.34048e-08 5.90406e+03 1.43988e-16 +0.00000e+00
 4.15956e-08 5.90600e+03 1.79354e-16 +0.00000e+00
 5.17947e-08 5.90821e+03 2.23402e-16 +0.00000e+00
 6.44947e-08 5.91067e+03 2.78265e-16 +0.00000e+00
 8.03086e-08 5.91338e+03 3.46600e-16 +0.00000e+00
 1.00000e-07 5.91635e+03 4.31718e-16 +0.00000e+00
 1.24520e-07 5.91958e+03 5.37751e-16 +0.00000e+00
 1.55052e-07 5.92310e+03 6.69850e-16 +0.00000e+00
 1.93070e-07 5.92694e+03 8.34449e-16 +0.00000e+00
 2.40410e-07 5.93113e+03 1.03958e-15 +0.00000e+00
 2.99358e-07 5.93571e+03 1.29532e-15 +0.00000e+00
 3.72759e-07 5.94072e+03 1.61421e-15 +0.00000e+00
 4.64159e-07 5.94623e+03 2.01158e-15 +0.00000e+00
 5.77969e-07 5.95229e+03 2.50673e-15 +0.00000e+00
 7.19686e-07 5.95898e+03 3.12365e-15 +0.00000e+00
 8.96151e-07 5.96637e+03 3.89223e-15 +0.00000e+00
 1.11588e-06 5.97457e+03 4.84981e-15 +0.00000e+00
 1.38950e-06 5.98370e+03 6.04315e-15 +0.00000e+00
 1.73020e-06 5.99388e+03 7.53102e-15 +0.00000e+00
 2.15443e-06 6.00529e+03 9.38743e-15 +0.00000e+00
 2.68270e-06 6.01812e+03 1.17057e-14 +0.00000e+00
 3.34048e-06 6.03259e+03 1.46027e-14 +0.00000e+00
 4.15956e-06 6.04894e+03 1.82241e-14 +0.00000e+00
 5.17947e-06 6.06768e+03 2.27475e-14 +0.00000e+00
 6.44947e-06 6.08851e+03 2.83942e-14 +0.00000e+00
 8.03086e-06 6.11198e+03 3.54462e-14 +0.00000e+00
 1.00000e-05 6.13837e+03 4.42582e-14 +0.00000e+00
 1.24520e-05 6.16794e+03 5.52719e-14 +0.00000e+00
 1.55052e-05 6.20091e+03 6.90279e-14 +0.00000e+00
 1.93070e-05 6.23741e+03 8.61767e-14 +0.00000e+00
 2.40410e-05 6.27747e+03 1.07499e-13 +0.00000e+00
 2.99358e-05 6.32096e+03 1.33936e-13 +0.00000e+00
 3.72759e-05 6.36761e+03 1.66624e-13 +0.00000e+00
 4.64159e-05 6.41701e+03 2.06946e-13 +0.00000e+00
 5.77969e-05 6.46862e+03 2.56606e-13 +0.00000e+00
 7.19686e-05 6.52181e+03 3.17709e-13 +0.00000e+00
 8.96151e-05 6.57588e+03 3.92898e-13 +0.00000e+00
 1.11588e-04 6.63014e+03 4.85569e-13 +0.00000e+00
 1.38950e-04 6.68399e+03 6.00161e-13 +0.00000e+00
 1.73020e-04 6.73704e+03 7.42540e-13 +0.00000e+00
 2.15443e-04 6.78914e+03 9.20492e-13 +0.00000e+00
 2.68270e-04 6.84033e+03 1.14432e-12 +0.00000e+00
 3.34048e-04 6.89080e+03 1.42761e-12 +0.00000e+00
 4.15956e-04 6.94075e+03 1.78834e-12 +0.00000e+00
 5.17947e-04 6.99038e+03 2.25017e-12 +0.00000e+00
 6.44947e-04 7.03986e+03 2.84363e-12 +0.00000e+00
 8.03086e-04 7.08935e+03 3.60756e-12 +0.00000e+00
 1.00000e-03 7.13902e+03 4.58991e-12 +0.00000e+00
 1.24520e-03 7.18898e+03 5.84890e-12 -2.54418e-07
 1.55052e-03 7.23931e+03 7.45245e-12 -3.16800e-07
 1.93070e-03 7.29010e+03 9.47739e-12 -3.94478e-07
 2.40410e-03 7.34146e+03 1.20046e-11 -4.91204e-07
 2.99358e-03 7.39363e+03 1.51163e-11 -6.11645e-07
 3.72759e-03 7.44700e+03 1.88934e-11 -7.61617e-07
 4.64159e-03 7.50209e+03 2.34010e-11 -9.48363e-07
 5.77969e-03 7.55951e+03 2.86899e-11 -1.18090e-06
 7.19686e-03 7.61987e+03 3.47786e-11 -1.47045e-06
 8.96151e-03 7.68372e+03 4.16607e-11 -1.83100e-06
 1.11588e-02 7.75151e+03 4.92906e-11 -2.27997e-06
 1.38950e-02 7.82359e+03 5.76001e-11 -2.83901e-06
 1.73020e-02 7.90025e+03 6.64891e-11 -3.53512e-06
 2.15443e-02 7.98178e+03 7.58414e-11 -4.40190e-06
 2.68270e-02 8.06854e+03 8.55190e-11 -5.48122e-06
 3.34048e-02 8.16102e+03 9.53655e-11 -6.82520e-06
 4.15956e-02 8.25993e+03 1.05214e-10 -8.49872e-06
 5.17947e-02 8.36616e+03 1.14882e-10 -1.05826e-05
 6.44947e-02 8.48103e+03 1.24169e-10 -1.31774e-05
 8.03086e-02 8.60611e+03 1.32878e-10 -1.64085e-05
 1.00000e-01 8.74328e+03 1.40827e-10 -2.04318e-05
 1.24520e-01 8.89468e+03 1.47892e-10 -2.54416e-05
 1.55052e-01 9.06263e+03 1.54061e-10 -3.16800e-05
 1.93070e-01 9.24944e+03 1.59491e-10 -3.94478e-05
 2.40410e-01 9.45728e+03 1.64555e-10 -4.91204e-05
 2.99358e-01 9.68782e+03 1.69825e-10 -6.11645e-05
 3.72759e-01 9.94198e+03 1.76007e-10 -7.61619e-05
 4.64159e-01 1.02197e+04 1.83834e-10 -9.48363e-05
 5.77969e-01 1.05197e+04 1.93980e-10 -1.18090e-04
 7.19686e-01 1.08401e+04 2.07031e-10 -1.47045e-04
 8.96151e-01 1.11786e+04 2.23509e-10 -1.83101e-04
 1.11588e+00 1.15332e+04 2.43901e-10 -2.27997e-04
 1.38950e+00 1.19029e+04 2.68692e-10 -2.83901e-04
 1.73020e+00 1.22869e+04 2.98386e-10 -3.53512e-04
 2.15443e+00 1.26852e+04 3.33513e-10 -4.40192e-04
 2.68270e+00 1.30975e+04 3.74635e-10 -5.48126e-04
 3.34048e+00 1.35239e+04 4.22336e-10 -6.12956e-04
 4.15956e+00 1.39641e+04 4.77203e-10 -6.12956e-04
 5.17947e+00 1.44204e+04 5.39756e-10 -6.12956e-04
 6.44947e+00 1.48900e+04 6.10735e-10 -6.12956e-04
 8.03086e+00 1.53809e+04 6.90600e-10 -6.12956e-04
 1.00000e+01 1.58898e+04 7.80655e-10 -6.12956e-04
 1.24520e+01 1.64280e+04 8.81989e-10 -6.12956e-04
 1.55052e+01 1.69688e+04 9.98043e-10 -6.12956e-04
 1.93070e+01 1.76042e+04 1.12613e-09 -6.12956e-04
 2.40410e+01 1.81343e+04 1.28100e-09 -6.12956e-04
 2.99358e+01 1.89313e+04 1.44127e-09 -6.12956e-04
 3.72759e+01 1.94226e+04 1.65005e-09 -6.12956e-04
 4.64159e+01 2.03664e+04 1.85239e-09 -6.12956e-04
 5.77969e+01 2.09397e+04 2.12092e-09 -6.12956e-04
 7.19686e+01 2.18870e+04 2.39070e-09 -6.12956e-04
 8.96151e+01 2.26998e+04 2.71970e-09 -6.12956e-04
 1.11588e+02 2.35172e+04 3.09401e-09 -6.12952e-04
 1.38950e+02 2.47387e+04 3.48102e-09 -6.12948e-04
 1.73020e+02 2.53577e+04 4.00652e-09 -6.12889e-04
 2.15443e+02 2.69065e+04 4.46936e-09 -6.12872e-04
 2.68270e+02 2.78516e+04 5.11352e-09 -6.12551e-04
 3.34048e+02 2.91323e+04 5.78537e-09 -6.11800e-04
 4.15956e+02 3.06604e+04 6.52242e-09 -6.10155e-04
 5.17947e+02 3.20782e+04 7.40859e-09 -6.02526e-04
 6.44947e+02 3.31914e+04 8.47538e-09 -5.51824e-04
 8.03086e+02 3.63389e+04 9.20737e-09 -4.90967e-04
 1.00000e+03 4.14494e+04 9.70269e-09 -5.23138e-04
