#n1=128 n2=4 Teff=09600 R=4.2879e+13 L=1.1116e+40 logg=+0.00
#   tau          T          rho         Fconv
 0.00000e+00 7.24198e+03 1.06292e-21 +0.00000e+00
 1.00000e-09 7.24198e+03 2.31532e-21 +0.00000e+00
 1.24520e-09 6.08461e+03 3.14738e-21 +0.00000e+00
 1.55052e-09 6.02454e+03 3.65974e-21 +0.00000e+00
 1.93070e-09 6.01675e+03 4.27218e-21 +0.00000e+00
 2.40410e-09 6.00884e+03 5.04437e-21 +0.00000e+00
 2.99358e-09 5.99936e+03 6.01979e-21 +0.00000e+00
 3.72759e-09 5.98721e+03 7.25445e-21 +0.00000e+00
 4.64159e-09 5.97002e+03 8.82168e-21 +0.00000e+00
 5.77969e-09 5.94316e+03 1.08217e-20 +0.00000e+00
 7.19686e-09 5.88333e+03 1.34292e-20 +0.00000e+00
 8.96151e-09 5.14422e+03 1.89654e-20 +0.00000e+00
 1.11588e-08 5.13030e+03 2.35601e-20 +0.00000e+00
 1.38950e-08 5.12458e+03 2.93097e-20 +0.00000e+00
 1.73020e-08 5.12155e+03 3.65331e-20 +0.00000e+00
 2.15443e-08 5.12042e+03 4.56111e-20 +0.00000e+00
 2.68270e-08 5.12081e+03 5.70202e-20 +0.00000e+00
 3.34048e-08 5.12247e+03 7.13587e-20 +0.00000e+00
 4.15956e-08 5.12520e+03 8.93775e-20 +0.00000e+00
 5.17947e-08 5.12870e+03 1.12023e-19 +0.00000e+00
 6.44947e-08 5.13320e+03 1.40473e-19 +0.00000e+00
 8.03086e-08 5.13843e+03 1.76216e-19 +0.00000e+00
 1.00000e-07 5.14432e+03 2.21118e-19 +0.00000e+00
 1.24520e-07 5.15082e+03 2.77520e-19 +0.00000e+00
 1.55052e-07 5.15790e+03 3.48360e-19 +0.00000e+00
 1.93070e-07 5.16553e+03 4.37321e-19 +0.00000e+00
 2.40410e-07 5.17370e+03 5.49027e-19 +0.00000e+00
 2.99358e-07 5.18242e+03 6.89274e-19 +0.00000e+00
 3.72759e-07 5.19171e+03 8.65328e-19 +0.00000e+00
 4.64159e-07 5.20158e+03 1.08630e-18 +0.00000e+00
 5.77969e-07 5.21207e+03 1.36360e-18 +0.00000e+00
 7.19686e-07 5.22323e+03 1.71152e-18 +0.00000e+00
 8.96151e-07 5.23512e+03 2.14797e-18 +0.00000e+00
 1.11588e-06 5.24781e+03 2.69533e-18 +0.00000e+00
 1.38950e-06 5.26139e+03 3.38164e-18 +0.00000e+00
 1.73020e-06 5.27596e+03 4.24193e-18 +0.00000e+00
 2.15443e-06 5.29164e+03 5.31996e-18 +0.00000e+00
 2.68270e-06 5.30856e+03 6.67041e-18 +0.00000e+00
 3.34048e-06 5.32685e+03 8.36150e-18 +0.00000e+00
 4.15956e-06 5.34669e+03 1.04783e-17 +0.00000e+00
 5.17947e-06 5.36826e+03 1.31267e-17 +0.00000e+00
 6.44947e-06 5.39175e+03 1.64389e-17 +0.00000e+00
 8.03086e-06 5.41735e+03 2.05788e-17 +0.00000e+00
 1.00000e-05 5.44528e+03 2.57507e-17 +0.00000e+00
 1.24520e-05 5.47574e+03 3.22085e-17 +0.00000e+00
 1.55052e-05 5.50892e+03 4.02674e-17 +0.00000e+00
 1.93070e-05 5.54499e+03 5.03188e-17 +0.00000e+00
 2.40410e-05 5.58407e+03 6.28485e-17 +0.00000e+00
 2.99358e-05 5.62623e+03 7.84597e-17 +0.00000e+00
 3.72759e-05 5.67151e+03 9.79017e-17 +0.00000e+00
 4.64159e-05 5.71984e+03 1.22106e-16 +0.00000e+00
 5.77969e-05 5.77110e+03 1.52230e-16 +0.00000e+00
 7.19686e-05 5.82505e+03 1.89717e-16 +0.00000e+00
 8.96151e-05 5.88138e+03 2.36367e-16 +0.00000e+00
 1.11588e-04 5.93970e+03 2.94426e-16 +0.00000e+00
 1.38950e-04 5.99950e+03 3.66707e-16 +0.00000e+00
 1.73020e-04 6.06042e+03 4.56712e-16 +0.00000e+00
 2.15443e-04 6.12180e+03 5.68849e-16 +0.00000e+00
 2.68270e-04 6.18313e+03 7.08631e-16 +0.00000e+00
 3.34048e-04 6.24389e+03 8.82976e-16 +0.00000e+00
 4.15956e-04 6.30356e+03 1.10057e-15 +0.00000e+00
 5.17947e-04 6.36161e+03 1.37234e-15 +0.00000e+00
 6.44947e-04 6.41786e+03 1.71193e-15 +0.00000e+00
 8.03086e-04 6.47228e+03 2.13640e-15 +0.00000e+00
 1.00000e-03 6.52516e+03 2.66700e-15 +0.00000e+00
 1.24520e-03 6.57694e+03 3.33017e-15 -2.54814e-07
 1.55052e-03 6.62827e+03 4.15875e-15 -3.17291e-07
 1.93070e-03 6.67973e+03 5.19355e-15 -3.95092e-07
 2.40410e-03 6.73173e+03 6.48540e-15 -4.91967e-07
 2.99358e-03 6.78444e+03 8.09763e-15 -6.12597e-07
 3.72759e-03 6.83792e+03 1.01091e-14 -7.62801e-07
 4.64159e-03 6.89219e+03 1.26182e-14 -9.49840e-07
 5.77969e-03 6.94737e+03 1.57467e-14 -1.18274e-06
 7.19686e-03 7.00358e+03 1.96462e-14 -1.47274e-06
 8.96151e-03 7.06109e+03 2.45044e-14 -1.83385e-06
 1.11588e-02 7.12029e+03 3.05531e-14 -2.28350e-06
 1.38950e-02 7.18170e+03 3.80775e-14 -2.84341e-06
 1.73020e-02 7.24597e+03 4.74274e-14 -3.54062e-06
 2.15443e-02 7.31389e+03 5.90305e-14 -4.40877e-06
 2.68270e-02 7.38644e+03 7.34059e-14 -5.48978e-06
 3.34048e-02 7.46485e+03 9.11801e-14 -6.83586e-06
 4.15956e-02 7.55056e+03 1.13104e-13 -8.51198e-06
 5.17947e-02 7.64522e+03 1.40072e-13 -1.05991e-05
 6.44947e-02 7.75072e+03 1.73143e-13 -1.31980e-05
 8.03086e-02 7.86910e+03 2.13561e-13 -1.64341e-05
 1.00000e-01 8.00250e+03 2.62780e-13 -2.04637e-05
 1.24520e-01 8.15303e+03 3.22492e-13 -2.54814e-05
 1.55052e-01 8.32259e+03 3.94684e-13 -3.17291e-05
 1.93070e-01 8.51289e+03 4.81699e-13 -3.95092e-05
 2.40410e-01 8.72535e+03 5.86333e-13 -4.91967e-05
 2.99358e-01 8.96064e+03 7.11999e-13 -6.12597e-05
 3.72759e-01 9.21695e+03 8.63057e-13 -7.62801e-05
 4.64159e-01 9.48355e+03 1.04581e-12 -9.49840e-05
 5.77969e-01 9.77677e+03 1.26479e-12 -1.18274e-04
 7.19686e-01 1.01084e+04 1.52526e-12 -1.47274e-04
 8.96151e-01 1.04485e+04 1.83987e-12 -1.83385e-04
 1.11588e+00 1.08235e+04 2.21356e-12 -2.28350e-04
 1.38950e+00 1.12243e+04 2.65720e-12 -2.84341e-04
 1.73020e+00 1.16504e+04 3.17921e-12 -3.54062e-04
 2.15443e+00 1.21455e+04 3.77108e-12 -4.41004e-04
 2.68270e+00 1.26706e+04 4.45308e-12 -5.49225e-04
 3.34048e+00 1.32347e+04 5.24553e-12 -6.14041e-04
 4.15956e+00 1.38235e+04 6.19033e-12 -6.13910e-04
 5.17947e+00 1.45747e+04 7.25674e-12 -6.13910e-04
 6.44947e+00 1.51762e+04 8.63983e-12 -6.13910e-04
 8.03086e+00 1.60550e+04 1.01436e-11 -6.13910e-04
 1.00000e+01 1.68227e+04 1.20458e-11 -6.13910e-04
 1.24520e+01 1.77535e+04 1.42207e-11 -6.13910e-04
 1.55052e+01 1.86439e+04 1.68836e-11 -6.13910e-04
 1.93070e+01 1.97548e+04 1.98927e-11 -6.13910e-04
 2.40410e+01 2.06522e+04 2.37488e-11 -6.13910e-04
 2.99358e+01 2.20118e+04 2.78475e-11 -6.13910e-04
 3.72759e+01 2.29377e+04 3.33675e-11 -6.13910e-04
 4.64159e+01 2.44754e+04 3.90755e-11 -6.13910e-04
 5.77969e+01 2.56318e+04 4.65967e-11 -6.13910e-04
 7.19686e+01 2.71923e+04 5.48034e-11 -6.13910e-04
 8.96151e+01 2.87139e+04 6.46436e-11 -6.13910e-04
 1.11588e+02 3.03525e+04 7.58339e-11 -6.13910e-04
 1.38950e+02 3.21745e+04 8.82384e-11 -6.13910e-04
 1.73020e+02 3.39785e+04 1.02958e-10 -6.13910e-04
 2.15443e+02 3.60753e+04 1.19771e-10 -6.13910e-04
 2.68270e+02 3.79883e+04 1.40956e-10 -6.13910e-04
 3.34048e+02 4.03461e+04 1.64872e-10 -6.13910e-04
 4.15956e+02 4.23813e+04 1.95133e-10 -6.13910e-04
 5.17947e+02 4.48590e+04 2.29307e-10 -6.13910e-04
 6.44947e+02 4.72807e+04 2.70732e-10 -6.13910e-04
 8.03086e+02 4.94473e+04 3.21451e-10 -6.13910e-04
 1.00000e+03 5.25989e+04 3.75249e-10 -6.13910e-04
