#n1=128 n2=4 Teff=09600 R=5.9013e+12 L=2.1081e+38 logg=+1.50
#   tau          T          rho         Fconv
 0.00000e+00 7.73309e+03 9.67160e-22 +0.00000e+00
 1.00000e-09 7.73309e+03 8.04690e-20 +0.00000e+00
 1.24520e-09 7.58954e+03 1.02112e-19 +0.00000e+00
 1.55052e-09 7.19277e+03 1.35294e-19 +0.00000e+00
 1.93070e-09 6.98127e+03 1.75258e-19 +0.00000e+00
 2.40410e-09 6.91467e+03 2.22040e-19 +0.00000e+00
 2.99358e-09 6.88327e+03 2.79781e-19 +0.00000e+00
 3.72759e-09 6.86298e+03 3.51778e-19 +0.00000e+00
 4.64159e-09 6.84771e+03 4.41683e-19 +0.00000e+00
 5.77969e-09 6.83492e+03 5.54067e-19 +0.00000e+00
 7.19686e-09 6.82307e+03 6.94419e-19 +0.00000e+00
 8.96151e-09 6.81085e+03 8.70452e-19 +0.00000e+00
 1.11588e-08 6.79644e+03 1.09070e-18 +0.00000e+00
 1.38950e-08 6.76417e+03 1.36950e-18 +0.00000e+00
 1.73020e-08 6.56769e+03 1.76439e-18 +0.00000e+00
 2.15443e-08 6.32753e+03 2.30195e-18 +0.00000e+00
 2.68270e-08 6.14842e+03 2.97759e-18 +0.00000e+00
 3.34048e-08 6.06513e+03 3.78659e-18 +0.00000e+00
 4.15956e-08 6.01789e+03 4.78174e-18 +0.00000e+00
 5.17947e-08 5.98626e+03 6.01761e-18 +0.00000e+00
 6.44947e-08 5.96381e+03 7.55626e-18 +0.00000e+00
 8.03086e-08 5.94753e+03 9.47360e-18 +0.00000e+00
 1.00000e-07 5.93576e+03 1.18636e-17 +0.00000e+00
 1.24520e-07 5.92739e+03 1.48432e-17 +0.00000e+00
 1.55052e-07 5.92167e+03 1.85580e-17 +0.00000e+00
 1.93070e-07 5.91802e+03 2.31895e-17 +0.00000e+00
 2.40410e-07 5.91606e+03 2.89638e-17 +0.00000e+00
 2.99358e-07 5.91548e+03 3.61627e-17 +0.00000e+00
 3.72759e-07 5.91605e+03 4.51375e-17 +0.00000e+00
 4.64159e-07 5.91762e+03 5.63258e-17 +0.00000e+00
 5.77969e-07 5.92007e+03 7.02735e-17 +0.00000e+00
 7.19686e-07 5.92331e+03 8.76609e-17 +0.00000e+00
 8.96151e-07 5.92728e+03 1.09336e-16 +0.00000e+00
 1.11588e-06 5.93195e+03 1.36353e-16 +0.00000e+00
 1.38950e-06 5.93731e+03 1.70026e-16 +0.00000e+00
 1.73020e-06 5.94337e+03 2.11987e-16 +0.00000e+00
 2.15443e-06 5.95014e+03 2.64269e-16 +0.00000e+00
 2.68270e-06 5.95768e+03 3.29404e-16 +0.00000e+00
 3.34048e-06 5.96605e+03 4.10540e-16 +0.00000e+00
 4.15956e-06 5.97532e+03 5.11596e-16 +0.00000e+00
 5.17947e-06 5.98559e+03 6.37448e-16 +0.00000e+00
 6.44947e-06 5.99699e+03 7.94158e-16 +0.00000e+00
 8.03086e-06 6.00964e+03 9.89251e-16 +0.00000e+00
 1.00000e-05 6.02371e+03 1.23205e-15 +0.00000e+00
 1.24520e-05 6.03935e+03 1.53412e-15 +0.00000e+00
 1.55052e-05 6.05675e+03 1.90978e-15 +0.00000e+00
 1.93070e-05 6.07610e+03 2.37691e-15 +0.00000e+00
 2.40410e-05 6.09760e+03 2.95750e-15 +0.00000e+00
 2.99358e-05 6.12145e+03 3.67884e-15 +0.00000e+00
 3.72759e-05 6.14785e+03 4.57468e-15 +0.00000e+00
 4.64159e-05 6.17697e+03 5.68680e-15 +0.00000e+00
 5.77969e-05 6.20899e+03 7.06687e-15 +0.00000e+00
 7.19686e-05 6.24402e+03 8.77861e-15 +0.00000e+00
 8.96151e-05 6.28215e+03 1.09005e-14 +0.00000e+00
 1.11588e-04 6.32339e+03 1.35292e-14 +0.00000e+00
 1.38950e-04 6.36768e+03 1.67833e-14 +0.00000e+00
 1.73020e-04 6.41489e+03 2.08086e-14 +0.00000e+00
 2.15443e-04 6.46474e+03 2.57847e-14 +0.00000e+00
 2.68270e-04 6.51692e+03 3.19320e-14 +0.00000e+00
 3.34048e-04 6.57096e+03 3.95226e-14 +0.00000e+00
 4.15956e-04 6.62640e+03 4.88901e-14 +0.00000e+00
 5.17947e-04 6.68268e+03 6.04458e-14 +0.00000e+00
 6.44947e-04 6.73918e+03 7.46974e-14 +0.00000e+00
 8.03086e-04 6.79527e+03 9.22719e-14 +0.00000e+00
 1.00000e-03 6.85041e+03 1.13942e-13 +0.00000e+00
 1.24520e-03 6.90413e+03 1.40660e-13 -2.54500e-07
 1.55052e-03 6.95616e+03 1.73598e-13 -3.16900e-07
 1.93070e-03 7.00650e+03 2.14194e-13 -3.94605e-07
 2.40410e-03 7.05541e+03 2.64219e-13 -4.91360e-07
 2.99358e-03 7.10338e+03 3.25871e-13 -6.11841e-07
 3.72759e-03 7.15107e+03 4.01892e-13 -7.61861e-07
 4.64159e-03 7.19915e+03 4.95723e-13 -9.48668e-07
 5.77969e-03 7.24824e+03 6.11718e-13 -1.18128e-06
 7.19686e-03 7.29884e+03 7.55363e-13 -1.47092e-06
 8.96151e-03 7.35141e+03 9.33488e-13 -1.83159e-06
 1.11588e-02 7.40641e+03 1.15440e-12 -2.28069e-06
 1.38950e-02 7.46440e+03 1.42782e-12 -2.83990e-06
 1.73020e-02 7.52605e+03 1.76446e-12 -3.53626e-06
 2.15443e-02 7.59219e+03 2.17521e-12 -4.40333e-06
 2.68270e-02 7.66385e+03 2.66993e-12 -5.48301e-06
 3.34048e-02 7.74232e+03 3.25599e-12 -6.82743e-06
 4.15956e-02 7.82905e+03 3.93680e-12 -8.50148e-06
 5.17947e-02 7.92574e+03 4.71109e-12 -1.05861e-05
 6.44947e-02 8.03427e+03 5.57317e-12 -1.31817e-05
 8.03086e-02 8.15673e+03 6.51512e-12 -1.64139e-05
 1.00000e-01 8.29529e+03 7.53027e-12 -2.04385e-05
 1.24520e-01 8.45219e+03 8.61786e-12 -2.54500e-05
 1.55052e-01 8.62950e+03 9.78691e-12 -3.16904e-05
 1.93070e-01 8.82915e+03 1.10588e-11 -3.94605e-05
 2.40410e-01 9.05276e+03 1.24670e-11 -4.91391e-05
 2.99358e-01 9.30104e+03 1.40555e-11 -6.11916e-05
 3.72759e-01 9.57195e+03 1.58797e-11 -7.63333e-05
 4.64159e-01 9.85454e+03 1.80152e-11 -9.48668e-05
 5.77969e-01 1.01618e+04 2.04896e-11 -1.18128e-04
 7.19686e-01 1.05024e+04 2.33491e-11 -1.47092e-04
 8.96151e-01 1.08452e+04 2.67317e-11 -1.83159e-04
 1.11588e+00 1.12107e+04 3.06581e-11 -2.28069e-04
 1.38950e+00 1.15875e+04 3.52371e-11 -2.83990e-04
 1.73020e+00 1.19741e+04 4.05506e-11 -3.53626e-04
 2.15443e+00 1.24078e+04 4.65661e-11 -4.40333e-04
 2.68270e+00 1.28491e+04 5.35049e-11 -5.48301e-04
 3.34048e+00 1.33009e+04 6.14255e-11 -6.13153e-04
 4.15956e+00 1.37565e+04 7.04301e-11 -6.13153e-04
 5.17947e+00 1.43284e+04 8.00714e-11 -6.13153e-04
 6.44947e+00 1.47305e+04 9.22759e-11 -6.13153e-04
 8.03086e+00 1.53770e+04 1.04571e-10 -6.13153e-04
 1.00000e+01 1.58877e+04 1.20068e-10 -6.13153e-04
 1.24520e+01 1.65166e+04 1.37105e-10 -6.13153e-04
 1.55052e+01 1.70985e+04 1.57346e-10 -6.13153e-04
 1.93070e+01 1.78539e+04 1.79407e-10 -6.13153e-04
 2.40410e+01 1.83704e+04 2.07300e-10 -6.13153e-04
 2.99358e+01 1.93608e+04 2.34704e-10 -6.13153e-04
 3.72759e+01 1.97829e+04 2.73151e-10 -6.13153e-04
 4.64159e+01 2.09647e+04 3.07522e-10 -6.13153e-04
 5.77969e+01 2.14870e+04 3.57147e-10 -6.13153e-04
 7.19686e+01 2.25625e+04 4.04805e-10 -6.13153e-04
 8.96151e+01 2.34698e+04 4.63713e-10 -6.13153e-04
 1.11588e+02 2.43837e+04 5.31212e-10 -6.13153e-04
 1.38950e+02 2.55286e+04 6.04493e-10 -6.13153e-04
 1.73020e+02 2.64973e+04 6.93192e-10 -6.13153e-04
 2.15443e+02 2.79243e+04 7.84917e-10 -6.13153e-04
 2.68270e+02 2.87823e+04 9.06127e-10 -6.13153e-04
 3.34048e+02 3.06502e+04 1.01603e-09 -6.13153e-04
 4.15956e+02 3.15270e+04 1.17609e-09 -6.13149e-04
 5.17947e+02 3.36754e+04 1.31016e-09 -6.13116e-04
 6.44947e+02 3.51985e+04 1.49372e-09 -6.12823e-04
 8.03086e+02 3.61731e+04 1.72301e-09 -6.10519e-04
 1.00000e+03 4.02318e+04 1.81831e-09 -6.12956e-04
