#n1=128 n2=4 Teff=09000 R=2.5417e+12 L=3.0215e+37 logg=+2.00
#   tau          T          rho         Fconv
 0.00000e+00 6.90909e+03 1.08221e-21 +0.00000e+00
 1.00000e-09 6.90909e+03 3.21265e-19 +0.00000e+00
 1.24520e-09 6.90498e+03 4.02515e-19 +0.00000e+00
 1.55052e-09 6.90066e+03 5.04069e-19 +0.00000e+00
 1.93070e-09 6.89591e+03 6.31048e-19 +0.00000e+00
 2.40410e-09 6.89045e+03 7.89554e-19 +0.00000e+00
 2.99358e-09 6.88386e+03 9.88111e-19 +0.00000e+00
 3.72759e-09 6.87563e+03 1.23558e-18 +0.00000e+00
 4.64159e-09 6.86454e+03 1.54635e-18 +0.00000e+00
 5.77969e-09 6.62511e+03 1.99511e-18 +0.00000e+00
 7.19686e-09 6.15075e+03 2.69662e-18 +0.00000e+00
 8.96151e-09 6.00605e+03 3.45506e-18 +0.00000e+00
 1.11588e-08 5.94633e+03 4.36395e-18 +0.00000e+00
 1.38950e-08 5.91129e+03 5.48608e-18 +0.00000e+00
 1.73020e-08 5.88844e+03 6.88023e-18 +0.00000e+00
 2.15443e-08 5.87274e+03 8.61553e-18 +0.00000e+00
 2.68270e-08 5.86174e+03 1.07771e-17 +0.00000e+00
 3.34048e-08 5.85404e+03 1.34707e-17 +0.00000e+00
 4.15956e-08 5.84872e+03 1.68278e-17 +0.00000e+00
 5.17947e-08 5.84520e+03 2.10124e-17 +0.00000e+00
 6.44947e-08 5.84307e+03 2.62288e-17 +0.00000e+00
 8.03086e-08 5.84204e+03 3.27319e-17 +0.00000e+00
 1.00000e-07 5.84189e+03 4.08397e-17 +0.00000e+00
 1.24520e-07 5.84246e+03 5.09491e-17 +0.00000e+00
 1.55052e-07 5.84362e+03 6.35564e-17 +0.00000e+00
 1.93070e-07 5.84528e+03 7.92815e-17 +0.00000e+00
 2.40410e-07 5.84735e+03 9.88981e-17 +0.00000e+00
 2.99358e-07 5.84979e+03 1.23370e-16 +0.00000e+00
 3.72759e-07 5.85253e+03 1.53896e-16 +0.00000e+00
 4.64159e-07 5.85556e+03 1.91968e-16 +0.00000e+00
 5.77969e-07 5.85884e+03 2.39454e-16 +0.00000e+00
 7.19686e-07 5.86236e+03 2.98686e-16 +0.00000e+00
 8.96151e-07 5.86612e+03 3.72584e-16 +0.00000e+00
 1.11588e-06 5.87013e+03 4.64807e-16 +0.00000e+00
 1.38950e-06 5.87439e+03 5.79952e-16 +0.00000e+00
 1.73020e-06 5.87893e+03 7.23794e-16 +0.00000e+00
 2.15443e-06 5.88377e+03 9.03591e-16 +0.00000e+00
 2.68270e-06 5.88894e+03 1.12843e-15 +0.00000e+00
 3.34048e-06 5.89449e+03 1.40965e-15 +0.00000e+00
 4.15956e-06 5.90046e+03 1.76148e-15 +0.00000e+00
 5.17947e-06 5.90688e+03 2.20176e-15 +0.00000e+00
 6.44947e-06 5.91382e+03 2.75293e-15 +0.00000e+00
 8.03086e-06 5.92135e+03 3.44331e-15 +0.00000e+00
 1.00000e-05 5.92952e+03 4.30866e-15 +0.00000e+00
 1.24520e-05 5.93844e+03 5.39422e-15 +0.00000e+00
 1.55052e-05 5.94821e+03 6.75699e-15 +0.00000e+00
 1.93070e-05 5.95894e+03 8.46857e-15 +0.00000e+00
 2.40410e-05 5.97079e+03 1.06185e-14 +0.00000e+00
 2.99358e-05 5.98390e+03 1.33190e-14 +0.00000e+00
 3.72759e-05 5.99844e+03 1.67105e-14 +0.00000e+00
 4.64159e-05 6.01461e+03 2.09692e-14 +0.00000e+00
 5.77969e-05 6.03258e+03 2.63157e-14 +0.00000e+00
 7.19686e-05 6.05255e+03 3.30263e-14 +0.00000e+00
 8.96151e-05 6.07470e+03 4.14448e-14 +0.00000e+00
 1.11588e-04 6.09920e+03 5.19987e-14 +0.00000e+00
 1.38950e-04 6.12616e+03 6.52190e-14 +0.00000e+00
 1.73020e-04 6.15569e+03 8.17671e-14 +0.00000e+00
 2.15443e-04 6.18780e+03 1.02475e-13 +0.00000e+00
 2.68270e-04 6.22248e+03 1.28399e-13 +0.00000e+00
 3.34048e-04 6.25965e+03 1.60895e-13 +0.00000e+00
 4.15956e-04 6.29915e+03 2.01711e-13 +0.00000e+00
 5.17947e-04 6.34083e+03 2.53161e-13 +0.00000e+00
 6.44947e-04 6.38457e+03 3.18374e-13 +0.00000e+00
 8.03086e-04 6.43023e+03 4.01634e-13 +0.00000e+00
 1.00000e-03 6.47779e+03 5.08938e-13 +0.00000e+00
 1.24520e-03 6.52728e+03 6.48762e-13 -2.54444e-07
 1.55052e-03 6.57869e+03 8.32987e-13 -3.16833e-07
 1.93070e-03 6.63187e+03 1.07807e-12 -3.94519e-07
 2.40410e-03 6.68645e+03 1.40640e-12 -4.91254e-07
 2.99358e-03 6.74183e+03 1.84771e-12 -6.11709e-07
 3.72759e-03 6.79738e+03 2.44026e-12 -7.61697e-07
 4.64159e-03 6.85265e+03 3.23165e-12 -9.48462e-07
 5.77969e-03 6.90766e+03 4.27804e-12 -1.18102e-06
 7.19686e-03 6.96279e+03 5.64127e-12 -1.47061e-06
 8.96151e-03 7.01862e+03 7.38348e-12 -1.83119e-06
 1.11588e-02 7.07572e+03 9.56105e-12 -2.28020e-06
 1.38950e-02 7.13459e+03 1.22170e-11 -2.83930e-06
 1.73020e-02 7.19578e+03 1.53736e-11 -3.53548e-06
 2.15443e-02 7.26003e+03 1.90269e-11 -4.40238e-06
 2.68270e-02 7.32836e+03 2.31392e-11 -5.48182e-06
 3.34048e-02 7.40205e+03 2.76365e-11 -6.82595e-06
 4.15956e-02 7.48257e+03 3.24029e-11 -8.49966e-06
 5.17947e-02 7.57162e+03 3.72828e-11 -1.05837e-05
 6.44947e-02 7.67100e+03 4.20830e-11 -1.31789e-05
 8.03086e-02 7.78266e+03 4.65841e-11 -1.64103e-05
 1.00000e-01 7.90874e+03 5.05567e-11 -2.04340e-05
 1.24520e-01 8.05157e+03 5.37893e-11 -2.54444e-05
 1.55052e-01 8.21367e+03 5.61266e-11 -3.16833e-05
 1.93070e-01 8.39767e+03 5.75247e-11 -3.94519e-05
 2.40410e-01 8.60595e+03 5.81115e-11 -4.91254e-05
 2.99358e-01 8.83995e+03 5.82212e-11 -6.11709e-05
 3.72759e-01 9.09887e+03 5.83511e-11 -7.61697e-05
 4.64159e-01 9.37760e+03 5.90302e-11 -9.48464e-05
 5.77969e-01 9.67968e+03 6.05115e-11 -1.18103e-04
 7.19686e-01 1.00069e+04 6.29764e-11 -1.47061e-04
 8.96151e-01 1.03437e+04 6.66881e-11 -1.83120e-04
 1.11588e+00 1.06968e+04 7.16714e-11 -2.28021e-04
 1.38950e+00 1.10604e+04 7.80891e-11 -2.83930e-04
 1.73020e+00 1.14350e+04 8.60681e-11 -3.53548e-04
 2.15443e+00 1.18413e+04 9.56268e-11 -4.40238e-04
 2.68270e+00 1.22533e+04 1.07163e-10 -5.48182e-04
 3.34048e+00 1.26742e+04 1.20816e-10 -6.13020e-04
 4.15956e+00 1.31104e+04 1.36701e-10 -6.13020e-04
 5.17947e+00 1.35626e+04 1.54986e-10 -6.13020e-04
 6.44947e+00 1.40183e+04 1.75967e-10 -6.13020e-04
 8.03086e+00 1.45252e+04 1.99274e-10 -6.13020e-04
 1.00000e+01 1.50072e+04 2.26361e-10 -6.13020e-04
 1.24520e+01 1.55521e+04 2.56366e-10 -6.13020e-04
 1.55052e+01 1.60690e+04 2.91546e-10 -6.13020e-04
 1.93070e+01 1.67270e+04 3.29781e-10 -6.13020e-04
 2.40410e+01 1.71813e+04 3.78274e-10 -6.13020e-04
 2.99358e+01 1.80520e+04 4.25684e-10 -6.13020e-04
 3.72759e+01 1.84069e+04 4.92784e-10 -6.13020e-04
 4.64159e+01 1.94546e+04 5.52080e-10 -6.13020e-04
 5.77969e+01 1.99134e+04 6.37988e-10 -6.13020e-04
 7.19686e+01 2.07873e+04 7.22209e-10 -6.13020e-04
 8.96151e+01 2.17358e+04 8.19474e-10 -6.13020e-04
 1.11588e+02 2.23130e+04 9.44238e-10 -6.13020e-04
 1.38950e+02 2.35245e+04 1.06219e-09 -6.13020e-04
 1.73020e+02 2.42147e+04 1.22202e-09 -6.13020e-04
 2.15443e+02 2.56201e+04 1.37475e-09 -6.13020e-04
 2.68270e+02 2.60271e+04 1.60021e-09 -6.13012e-04
 3.34048e+02 2.82608e+04 1.75434e-09 -6.13018e-04
 4.15956e+02 2.82100e+04 2.08034e-09 -6.12924e-04
 5.17947e+02 3.06996e+04 2.27484e-09 -6.12956e-04
 6.44947e+02 3.18350e+04 2.61971e-09 -6.12520e-04
 8.03086e+02 3.24624e+04 3.04038e-09 -6.07711e-04
 1.00000e+03 3.61821e+04 3.21251e-09 -6.00231e-04
