#n1=128 n2=4 Teff=09200 R=6.8767e+11 L=2.4118e+36 logg=+3.00
#   tau          T          rho         Fconv
 0.00000e+00 8.06331e+03 9.38063e-22 +0.00000e+00
 1.00000e-09 8.06331e+03 2.88775e-18 +0.00000e+00
 1.24520e-09 8.05929e+03 3.61691e-18 +0.00000e+00
 1.55052e-09 8.05095e+03 4.53386e-18 +0.00000e+00
 1.93070e-09 8.03925e+03 5.68668e-18 +0.00000e+00
 2.40410e-09 8.02448e+03 7.13595e-18 +0.00000e+00
 2.99358e-09 8.00699e+03 8.95744e-18 +0.00000e+00
 3.72759e-09 7.98726e+03 1.12458e-17 +0.00000e+00
 4.64159e-09 7.96586e+03 1.41191e-17 +0.00000e+00
 5.77969e-09 7.94344e+03 1.77243e-17 +0.00000e+00
 7.19686e-09 7.92068e+03 2.22446e-17 +0.00000e+00
 8.96151e-09 7.89828e+03 2.79076e-17 +0.00000e+00
 1.11588e-08 7.87678e+03 3.49973e-17 +0.00000e+00
 1.38950e-08 7.85658e+03 4.38677e-17 +0.00000e+00
 1.73020e-08 7.83782e+03 5.49610e-17 +0.00000e+00
 2.15443e-08 7.82045e+03 6.88309e-17 +0.00000e+00
 2.68270e-08 7.80416e+03 8.61716e-17 +0.00000e+00
 3.34048e-08 7.78854e+03 1.07855e-16 +0.00000e+00
 4.15956e-08 7.77310e+03 1.34975e-16 +0.00000e+00
 5.17947e-08 7.75738e+03 1.68903e-16 +0.00000e+00
 6.44947e-08 7.74098e+03 2.11360e-16 +0.00000e+00
 8.03086e-08 7.72368e+03 2.64498e-16 +0.00000e+00
 1.00000e-07 7.70537e+03 3.31006e-16 +0.00000e+00
 1.24520e-07 7.68612e+03 4.14238e-16 +0.00000e+00
 1.55052e-07 7.66610e+03 5.18372e-16 +0.00000e+00
 1.93070e-07 7.64553e+03 6.48619e-16 +0.00000e+00
 2.40410e-07 7.62467e+03 8.11477e-16 +0.00000e+00
 2.99358e-07 7.60370e+03 1.01506e-15 +0.00000e+00
 3.72759e-07 7.58283e+03 1.26948e-15 +0.00000e+00
 4.64159e-07 7.56226e+03 1.58737e-15 +0.00000e+00
 5.77969e-07 7.54230e+03 1.98444e-15 +0.00000e+00
 7.19686e-07 7.52343e+03 2.48018e-15 +0.00000e+00
 8.96151e-07 7.50499e+03 3.09926e-15 +0.00000e+00
 1.11588e-06 7.49344e+03 3.86889e-15 +0.00000e+00
 1.38950e-06 7.48560e+03 4.82681e-15 +0.00000e+00
 1.73020e-06 7.48291e+03 6.01748e-15 +0.00000e+00
 2.15443e-06 7.48426e+03 7.49744e-15 +0.00000e+00
 2.68270e-06 7.48776e+03 9.33847e-15 +0.00000e+00
 3.34048e-06 7.48250e+03 1.16438e-14 +0.00000e+00
 4.15956e-06 7.48431e+03 1.45043e-14 +0.00000e+00
 5.17947e-06 7.46647e+03 1.81146e-14 +0.00000e+00
 6.44947e-06 7.46173e+03 2.25817e-14 +0.00000e+00
 8.03086e-06 7.45242e+03 2.81657e-14 +0.00000e+00
 1.00000e-05 7.43690e+03 3.51638e-14 +0.00000e+00
 1.24520e-05 7.41266e+03 4.39773e-14 +0.00000e+00
 1.55052e-05 7.37840e+03 5.51417e-14 +0.00000e+00
 1.93070e-05 7.33592e+03 6.92114e-14 +0.00000e+00
 2.40410e-05 7.27911e+03 8.70569e-14 +0.00000e+00
 2.99358e-05 7.20110e+03 1.09971e-13 +0.00000e+00
 3.72759e-05 7.10781e+03 1.39826e-13 +0.00000e+00
 4.64159e-05 7.02797e+03 1.79146e-13 +0.00000e+00
 5.77969e-05 6.97226e+03 2.30465e-13 +0.00000e+00
 7.19686e-05 6.93371e+03 2.97046e-13 +0.00000e+00
 8.96151e-05 6.90678e+03 3.84123e-13 +0.00000e+00
 1.11588e-04 6.89020e+03 4.98594e-13 +0.00000e+00
 1.38950e-04 6.89756e+03 6.42962e-13 +0.00000e+00
 1.73020e-04 6.90784e+03 8.37622e-13 +0.00000e+00
 2.15443e-04 6.92237e+03 1.09254e-12 +0.00000e+00
 2.68270e-04 6.94016e+03 1.43186e-12 +0.00000e+00
 3.34048e-04 6.95802e+03 1.88127e-12 +0.00000e+00
 4.15956e-04 6.98112e+03 2.47630e-12 +0.00000e+00
 5.17947e-04 7.00841e+03 3.26178e-12 +0.00000e+00
 6.44947e-04 7.03873e+03 4.29425e-12 +0.00000e+00
 8.03086e-04 7.07119e+03 5.64273e-12 +0.00000e+00
 1.00000e-03 7.10500e+03 7.39007e-12 +0.00000e+00
 1.24520e-03 7.13961e+03 9.63273e-12 -2.54781e-07
 1.55052e-03 7.17462e+03 1.24808e-11 -3.17251e-07
 1.93070e-03 7.21195e+03 1.60406e-11 -3.95043e-07
 2.40410e-03 7.24661e+03 2.04632e-11 -4.91905e-07
 2.99358e-03 7.28135e+03 2.58785e-11 -6.12519e-07
 3.72759e-03 7.31639e+03 3.24359e-11 -7.62706e-07
 4.64159e-03 7.35194e+03 4.02828e-11 -9.49718e-07
 5.77969e-03 7.38834e+03 4.95701e-11 -1.18259e-06
 7.19686e-03 7.42600e+03 6.04323e-11 -1.47256e-06
 8.96151e-03 7.46541e+03 7.29927e-11 -1.83362e-06
 1.11588e-02 7.50711e+03 8.73475e-11 -2.28322e-06
 1.38950e-02 7.55177e+03 1.03556e-10 -2.84306e-06
 1.73020e-02 7.60006e+03 1.21627e-10 -3.54018e-06
 2.15443e-02 7.65281e+03 1.41494e-10 -4.40820e-06
 2.68270e-02 7.71095e+03 1.63009e-10 -5.48908e-06
 3.34048e-02 7.77560e+03 1.85897e-10 -6.83500e-06
 4.15956e-02 7.84806e+03 2.09748e-10 -8.51092e-06
 5.17947e-02 7.92986e+03 2.33979e-10 -1.05978e-05
 6.44947e-02 8.02284e+03 2.57810e-10 -1.31963e-05
 8.03086e-02 8.12911e+03 2.80269e-10 -1.64320e-05
 1.00000e-01 8.25101e+03 3.00212e-10 -2.04611e-05
 1.24520e-01 8.39118e+03 3.16401e-10 -2.54781e-05
 1.55052e-01 8.55217e+03 3.27680e-10 -3.17251e-05
 1.93070e-01 8.73687e+03 3.33165e-10 -3.95043e-05
 2.40410e-01 8.94831e+03 3.32545e-10 -4.91905e-05
 2.99358e-01 9.18978e+03 3.26419e-10 -6.12519e-05
 3.72759e-01 9.46230e+03 3.16777e-10 -7.62706e-05
 4.64159e-01 9.72694e+03 3.10276e-10 -9.49718e-05
 5.77969e-01 1.00241e+04 3.04898e-10 -1.18259e-04
 7.19686e-01 1.03886e+04 3.00536e-10 -1.47256e-04
 8.96151e-01 1.07210e+04 3.04553e-10 -1.83362e-04
 1.11588e+00 1.10887e+04 3.12996e-10 -2.28322e-04
 1.38950e+00 1.14570e+04 3.27703e-10 -2.84306e-04
 1.73020e+00 1.18240e+04 3.48766e-10 -3.54018e-04
 2.15443e+00 1.22766e+04 3.73969e-10 -4.40820e-04
 2.68270e+00 1.27136e+04 4.07560e-10 -5.48908e-04
 3.34048e+00 1.31515e+04 4.49319e-10 -6.13833e-04
 4.15956e+00 1.36064e+04 4.99237e-10 -6.13833e-04
 5.17947e+00 1.40780e+04 5.57941e-10 -6.13833e-04
 6.44947e+00 1.45481e+04 6.26593e-10 -6.13833e-04
 8.03086e+00 1.50969e+04 7.02489e-10 -6.13833e-04
 1.00000e+01 1.55902e+04 7.92956e-10 -6.13833e-04
 1.24520e+01 1.61571e+04 8.92308e-10 -6.13833e-04
 1.55052e+01 1.67051e+04 1.00799e-09 -6.13833e-04
 1.93070e+01 1.73820e+04 1.13395e-09 -6.13833e-04
 2.40410e+01 1.78566e+04 1.29374e-09 -6.13833e-04
 2.99358e+01 1.87532e+04 1.44854e-09 -6.13833e-04
 3.72759e+01 1.91164e+04 1.66984e-09 -6.13833e-04
 4.64159e+01 2.02519e+04 1.85989e-09 -6.13833e-04
 5.77969e+01 2.06243e+04 2.15089e-09 -6.13833e-04
 7.19686e+01 2.16209e+04 2.41400e-09 -6.13833e-04
 8.96151e+01 2.26555e+04 2.72847e-09 -6.13833e-04
 1.11588e+02 2.30663e+04 3.15674e-09 -6.13830e-04
 1.38950e+02 2.43626e+04 3.52504e-09 -6.13828e-04
 1.73020e+02 2.52444e+04 4.01878e-09 -6.13813e-04
 2.15443e+02 2.64636e+04 4.53857e-09 -6.13786e-04
 2.68270e+02 2.71697e+04 5.21456e-09 -6.13483e-04
 3.34048e+02 2.96151e+04 5.69940e-09 -6.13717e-04
 4.15956e+02 2.91585e+04 6.83019e-09 -6.05973e-04
 5.17947e+02 3.21772e+04 7.36219e-09 -6.11475e-04
 6.44947e+02 3.31673e+04 8.50433e-09 -5.92970e-04
 8.03086e+02 3.53282e+04 9.50040e-09 -5.39949e-04
 1.00000e+03 3.74223e+04 1.06981e-08 -1.64225e-04
