#n1=128 n2=4 Teff=10200 R=1.1159e+13 L=9.5911e+38 logg=+1.00
#   tau          T          rho         Fconv
 0.00000e+00 7.89584e+03 9.48847e-22 +0.00000e+00
 1.00000e-09 7.89584e+03 2.09020e-20 +0.00000e+00
 1.24520e-09 7.89799e+03 2.59543e-20 +0.00000e+00
 1.55052e-09 7.89924e+03 3.22923e-20 +0.00000e+00
 1.93070e-09 7.89997e+03 4.02410e-20 +0.00000e+00
 2.40410e-09 7.90000e+03 5.02104e-20 +0.00000e+00
 2.99358e-09 7.89909e+03 6.27140e-20 +0.00000e+00
 3.72759e-09 7.89684e+03 7.83932e-20 +0.00000e+00
 4.64159e-09 7.89236e+03 9.80591e-20 +0.00000e+00
 5.77969e-09 7.59820e+03 1.26763e-19 +0.00000e+00
 7.19686e-09 6.99168e+03 1.73711e-19 +0.00000e+00
 8.96151e-09 6.77701e+03 2.26170e-19 +0.00000e+00
 1.11588e-08 6.70649e+03 2.88185e-19 +0.00000e+00
 1.38950e-08 6.67147e+03 3.65376e-19 +0.00000e+00
 1.73020e-08 6.64701e+03 4.62476e-19 +0.00000e+00
 2.15443e-08 6.62635e+03 5.84867e-19 +0.00000e+00
 2.68270e-08 6.60596e+03 7.39178e-19 +0.00000e+00
 3.34048e-08 6.58292e+03 9.33733e-19 +0.00000e+00
 4.15956e-08 6.55471e+03 1.17935e-18 +0.00000e+00
 5.17947e-08 6.51631e+03 1.49043e-18 +0.00000e+00
 6.44947e-08 6.46257e+03 1.88655e-18 +0.00000e+00
 8.03086e-08 6.39846e+03 2.39019e-18 +0.00000e+00
 1.00000e-07 6.34088e+03 3.02351e-18 +0.00000e+00
 1.24520e-07 6.29747e+03 3.81421e-18 +0.00000e+00
 1.55052e-07 6.26604e+03 4.80050e-18 +0.00000e+00
 1.93070e-07 6.24273e+03 6.03184e-18 +0.00000e+00
 2.40410e-07 6.22470e+03 7.57038e-18 +0.00000e+00
 2.99358e-07 6.21018e+03 9.49366e-18 +0.00000e+00
 3.72759e-07 6.19815e+03 1.18984e-17 +0.00000e+00
 4.64159e-07 6.18809e+03 1.49050e-17 +0.00000e+00
 5.77969e-07 6.17976e+03 1.86636e-17 +0.00000e+00
 7.19686e-07 6.17311e+03 2.33609e-17 +0.00000e+00
 8.96151e-07 6.16816e+03 2.92297e-17 +0.00000e+00
 1.11588e-06 6.16494e+03 3.65598e-17 +0.00000e+00
 1.38950e-06 6.16348e+03 4.57123e-17 +0.00000e+00
 1.73020e-06 6.16379e+03 5.71369e-17 +0.00000e+00
 2.15443e-06 6.16585e+03 7.13935e-17 +0.00000e+00
 2.68270e-06 6.16969e+03 8.91790e-17 +0.00000e+00
 3.34048e-06 6.17532e+03 1.11360e-16 +0.00000e+00
 4.15956e-06 6.18277e+03 1.39015e-16 +0.00000e+00
 5.17947e-06 6.19213e+03 1.73481e-16 +0.00000e+00
 6.44947e-06 6.20349e+03 2.16422e-16 +0.00000e+00
 8.03086e-06 6.21697e+03 2.69900e-16 +0.00000e+00
 1.00000e-05 6.23274e+03 3.36474e-16 +0.00000e+00
 1.24520e-05 6.25096e+03 4.19312e-16 +0.00000e+00
 1.55052e-05 6.27182e+03 5.22335e-16 +0.00000e+00
 1.93070e-05 6.29553e+03 6.50388e-16 +0.00000e+00
 2.40410e-05 6.32228e+03 8.09468e-16 +0.00000e+00
 2.99358e-05 6.35224e+03 1.00699e-15 +0.00000e+00
 3.72759e-05 6.38557e+03 1.25210e-15 +0.00000e+00
 4.64159e-05 6.42239e+03 1.55611e-15 +0.00000e+00
 5.77969e-05 6.46275e+03 1.93296e-15 +0.00000e+00
 7.19686e-05 6.50666e+03 2.39990e-15 +0.00000e+00
 8.96151e-05 6.55403e+03 2.97827e-15 +0.00000e+00
 1.11588e-04 6.60470e+03 3.69445e-15 +0.00000e+00
 1.38950e-04 6.65841e+03 4.58115e-15 +0.00000e+00
 1.73020e-04 6.71481e+03 5.67891e-15 +0.00000e+00
 2.15443e-04 6.77346e+03 7.03802e-15 +0.00000e+00
 2.68270e-04 6.83382e+03 8.72094e-15 +0.00000e+00
 3.34048e-04 6.89529e+03 1.08052e-14 +0.00000e+00
 4.15956e-04 6.95721e+03 1.33870e-14 +0.00000e+00
 5.17947e-04 7.01888e+03 1.65863e-14 +0.00000e+00
 6.44947e-04 7.07963e+03 2.05515e-14 +0.00000e+00
 8.03086e-04 7.13900e+03 2.54673e-14 +0.00000e+00
 1.00000e-03 7.19676e+03 3.15617e-14 +0.00000e+00
 1.24520e-03 7.25302e+03 3.91153e-14 -2.54905e-07
 1.55052e-03 7.30824e+03 4.84723e-14 -3.17407e-07
 1.93070e-03 7.36317e+03 6.00526e-14 -3.95235e-07
 2.40410e-03 7.41863e+03 7.43678e-14 -4.92146e-07
 2.99358e-03 7.47531e+03 9.20408e-14 -6.12818e-07
 3.72759e-03 7.53372e+03 1.13830e-13 -7.63079e-07
 4.64159e-03 7.59414e+03 1.40662e-13 -9.50183e-07
 5.77969e-03 7.65677e+03 1.73661e-13 -1.18317e-06
 7.19686e-03 7.72180e+03 2.14194e-13 -1.47328e-06
 8.96151e-03 7.78951e+03 2.63910e-13 -1.83451e-06
 1.11588e-02 7.86026e+03 3.24775e-13 -2.28434e-06
 1.38950e-02 7.93448e+03 3.99120e-13 -2.84445e-06
 1.73020e-02 8.01272e+03 4.89683e-13 -3.54190e-06
 2.15443e-02 8.09558e+03 5.99656e-13 -4.41037e-06
 2.68270e-02 8.18378e+03 7.32731e-13 -5.49177e-06
 3.34048e-02 8.27817e+03 8.93135e-13 -6.83833e-06
 4.15956e-02 8.37975e+03 1.08565e-12 -8.51507e-06
 5.17947e-02 8.48970e+03 1.31568e-12 -1.06029e-05
 6.44947e-02 8.60942e+03 1.58927e-12 -1.32028e-05
 8.03086e-02 8.74056e+03 1.91318e-12 -1.64400e-05
 1.00000e-01 8.88500e+03 2.29504e-12 -2.04711e-05
 1.24520e-01 9.04477e+03 2.74356e-12 -2.54905e-05
 1.55052e-01 9.22200e+03 3.26873e-12 -3.17407e-05
 1.93070e-01 9.41873e+03 3.88225e-12 -3.95235e-05
 2.40410e-01 9.63669e+03 4.59787e-12 -4.92146e-05
 2.99358e-01 9.87708e+03 5.43197e-12 -6.12818e-05
 3.72759e-01 1.01405e+04 6.40393e-12 -7.63079e-05
 4.64159e-01 1.04270e+04 7.53645e-12 -9.50183e-05
 5.77969e-01 1.07367e+04 8.85551e-12 -1.18317e-04
 7.19686e-01 1.10696e+04 1.03902e-11 -1.47328e-04
 8.96151e-01 1.14262e+04 1.21718e-11 -1.83451e-04
 1.11588e+00 1.18070e+04 1.42322e-11 -2.28434e-04
 1.38950e+00 1.22133e+04 1.66009e-11 -2.84445e-04
 1.73020e+00 1.26465e+04 1.93020e-11 -3.54190e-04
 2.15443e+00 1.31086e+04 2.23594e-11 -4.41032e-04
 2.68270e+00 1.36013e+04 2.58157e-11 -5.49174e-04
 3.34048e+00 1.41263e+04 2.97540e-11 -6.14138e-04
 4.15956e+00 1.46848e+04 3.42940e-11 -6.14133e-04
 5.17947e+00 1.52803e+04 3.95613e-11 -6.14133e-04
 6.44947e+00 1.59098e+04 4.56944e-11 -6.14133e-04
 8.03086e+00 1.65813e+04 5.28073e-11 -6.14133e-04
 1.00000e+01 1.72902e+04 6.10629e-11 -6.14133e-04
 1.24520e+01 1.80517e+04 7.05864e-11 -6.14133e-04
 1.55052e+01 1.88258e+04 8.17063e-11 -6.14133e-04
 1.93070e+01 1.97194e+04 9.42514e-11 -6.14133e-04
 2.40410e+01 2.05114e+04 1.09397e-10 -6.14133e-04
 2.99358e+01 2.15683e+04 1.25743e-10 -6.14133e-04
 3.72759e+01 2.23637e+04 1.46331e-10 -6.14133e-04
 4.64159e+01 2.35412e+04 1.67832e-10 -6.14133e-04
 5.77969e+01 2.44432e+04 1.94891e-10 -6.14133e-04
 7.19686e+01 2.56436e+04 2.23873e-10 -6.14133e-04
 8.96151e+01 2.67941e+04 2.58177e-10 -6.14133e-04
 1.11588e+02 2.79558e+04 2.97716e-10 -6.14133e-04
 1.38950e+02 2.94643e+04 3.40082e-10 -6.14133e-04
 1.73020e+02 3.06496e+04 3.92797e-10 -6.14133e-04
 2.15443e+02 3.24268e+04 4.45092e-10 -6.14133e-04
 2.68270e+02 3.39450e+04 5.08861e-10 -6.14133e-04
 3.34048e+02 3.57680e+04 5.76195e-10 -6.14133e-04
 4.15956e+02 3.77018e+04 6.53116e-10 -6.14133e-04
 5.17947e+02 3.97507e+04 7.42625e-10 -6.14133e-04
 6.44947e+02 4.16346e+04 8.51539e-10 -6.14133e-04
 8.03086e+02 4.38256e+04 9.72054e-10 -6.14133e-04
 1.00000e+03 4.69032e+04 1.09595e-09 -6.14133e-04
