#n1=128 n2=4 Teff=10800 R=1.4328e+12 L=1.9935e+37 logg=+2.50
#   tau          T          rho         Fconv
 0.00000e+00 8.52789e+03 8.78307e-22 +0.00000e+00
 1.00000e-09 8.52789e+03 8.12024e-19 +0.00000e+00
 1.24520e-09 8.51969e+03 1.01502e-18 +0.00000e+00
 1.55052e-09 7.97014e+03 1.35025e-18 +0.00000e+00
 1.93070e-09 7.42141e+03 1.83271e-18 +0.00000e+00
 2.40410e-09 7.27831e+03 2.35680e-18 +0.00000e+00
 2.99358e-09 7.22645e+03 2.99296e-18 +0.00000e+00
 3.72759e-09 7.19448e+03 3.78606e-18 +0.00000e+00
 4.64159e-09 7.16964e+03 4.77583e-18 +0.00000e+00
 5.77969e-09 7.14707e+03 6.01301e-18 +0.00000e+00
 7.19686e-09 7.12370e+03 7.56173e-18 +0.00000e+00
 8.96151e-09 7.09628e+03 9.50593e-18 +0.00000e+00
 1.11588e-08 7.05761e+03 1.19593e-17 +0.00000e+00
 1.38950e-08 6.98286e+03 1.51149e-17 +0.00000e+00
 1.73020e-08 6.86846e+03 1.92069e-17 +0.00000e+00
 2.15443e-08 6.75760e+03 2.43908e-17 +0.00000e+00
 2.68270e-08 6.68134e+03 3.08079e-17 +0.00000e+00
 3.34048e-08 6.63222e+03 3.87445e-17 +0.00000e+00
 4.15956e-08 6.59848e+03 4.85997e-17 +0.00000e+00
 5.17947e-08 6.57377e+03 6.08642e-17 +0.00000e+00
 6.44947e-08 6.55484e+03 7.61417e-17 +0.00000e+00
 8.03086e-08 6.53998e+03 9.51799e-17 +0.00000e+00
 1.00000e-07 6.52823e+03 1.18906e-16 +0.00000e+00
 1.24520e-07 6.51901e+03 1.48474e-16 +0.00000e+00
 1.55052e-07 6.51195e+03 1.85318e-16 +0.00000e+00
 1.93070e-07 6.50681e+03 2.31221e-16 +0.00000e+00
 2.40410e-07 6.50337e+03 2.88405e-16 +0.00000e+00
 2.99358e-07 6.50150e+03 3.59631e-16 +0.00000e+00
 3.72759e-07 6.50108e+03 4.48336e-16 +0.00000e+00
 4.64159e-07 6.50204e+03 5.58795e-16 +0.00000e+00
 5.77969e-07 6.50434e+03 6.96323e-16 +0.00000e+00
 7.19686e-07 6.50797e+03 8.67530e-16 +0.00000e+00
 8.96151e-07 6.51298e+03 1.08063e-15 +0.00000e+00
 1.11588e-06 6.51940e+03 1.34580e-15 +0.00000e+00
 1.38950e-06 6.52735e+03 1.67568e-15 +0.00000e+00
 1.73020e-06 6.53694e+03 2.08591e-15 +0.00000e+00
 2.15443e-06 6.54832e+03 2.59588e-15 +0.00000e+00
 2.68270e-06 6.56168e+03 3.22957e-15 +0.00000e+00
 3.34048e-06 6.57722e+03 4.01665e-15 +0.00000e+00
 4.15956e-06 6.59518e+03 4.99379e-15 +0.00000e+00
 5.17947e-06 6.61582e+03 6.20630e-15 +0.00000e+00
 6.44947e-06 6.63940e+03 7.71010e-15 +0.00000e+00
 8.03086e-06 6.66620e+03 9.57412e-15 +0.00000e+00
 1.00000e-05 6.69649e+03 1.18832e-14 +0.00000e+00
 1.24520e-05 6.73053e+03 1.47414e-14 +0.00000e+00
 1.55052e-05 6.76857e+03 1.82765e-14 +0.00000e+00
 1.93070e-05 6.81077e+03 2.26454e-14 +0.00000e+00
 2.40410e-05 6.85723e+03 2.80407e-14 +0.00000e+00
 2.99358e-05 6.90798e+03 3.46984e-14 +0.00000e+00
 3.72759e-05 6.96292e+03 4.29075e-14 +0.00000e+00
 4.64159e-05 7.02179e+03 5.30223e-14 +0.00000e+00
 5.77969e-05 7.08417e+03 6.54759e-14 +0.00000e+00
 7.19686e-05 7.14953e+03 8.07955e-14 +0.00000e+00
 8.96151e-05 7.21719e+03 9.96214e-14 +0.00000e+00
 1.11588e-04 7.28631e+03 1.22729e-13 +0.00000e+00
 1.38950e-04 7.35595e+03 1.51058e-13 +0.00000e+00
 1.73020e-04 7.42518e+03 1.85742e-13 +0.00000e+00
 2.15443e-04 7.49312e+03 2.28157e-13 +0.00000e+00
 2.68270e-04 7.55901e+03 2.79969e-13 +0.00000e+00
 3.34048e-04 7.62229e+03 3.43205e-13 +0.00000e+00
 4.15956e-04 7.68266e+03 4.20326e-13 +0.00000e+00
 5.17947e-04 7.74012e+03 5.14283e-13 +0.00000e+00
 6.44947e-04 7.79494e+03 6.28597e-13 +0.00000e+00
 8.03086e-04 7.84760e+03 7.67433e-13 +0.00000e+00
 1.00000e-03 7.89872e+03 9.35679e-13 +0.00000e+00
 1.24520e-03 7.94890e+03 1.13906e-12 -2.54125e-07
 1.55052e-03 7.99865e+03 1.38433e-12 -3.16435e-07
 1.93070e-03 8.04830e+03 1.67944e-12 -3.94024e-07
 2.40410e-03 8.09811e+03 2.03385e-12 -4.90638e-07
 2.99358e-03 8.14820e+03 2.45869e-12 -6.10941e-07
 3.72759e-03 8.19868e+03 2.96674e-12 -7.60741e-07
 4.64159e-03 8.24972e+03 3.57249e-12 -9.47272e-07
 5.77969e-03 8.30156e+03 4.29166e-12 -1.17954e-06
 7.19686e-03 8.35461e+03 5.14159e-12 -1.46875e-06
 8.96151e-03 8.40940e+03 6.14012e-12 -1.82890e-06
 1.11588e-02 8.46663e+03 7.30595e-12 -2.27734e-06
 1.38950e-02 8.52711e+03 8.65721e-12 -2.83573e-06
 1.73020e-02 8.59182e+03 1.02109e-11 -3.53104e-06
 2.15443e-02 8.66185e+03 1.19832e-11 -4.39684e-06
 2.68270e-02 8.73841e+03 1.39877e-11 -5.47494e-06
 3.34048e-02 8.82284e+03 1.62372e-11 -6.81739e-06
 4.15956e-02 8.91656e+03 1.87429e-11 -8.48899e-06
 5.17947e-02 9.02108e+03 2.15172e-11 -1.05705e-05
 6.44947e-02 9.13807e+03 2.45749e-11 -1.31623e-05
 8.03086e-02 9.26926e+03 2.79370e-11 -1.63897e-05
 1.00000e-01 9.41647e+03 3.16346e-11 -2.04083e-05
 1.24520e-01 9.58147e+03 3.57121e-11 -2.54126e-05
 1.55052e-01 9.76594e+03 4.02313e-11 -3.16434e-05
 1.93070e-01 9.97129e+03 4.52747e-11 -3.94028e-05
 2.40410e-01 1.01984e+04 5.09465e-11 -4.90647e-05
 2.99358e-01 1.04476e+04 5.73731e-11 -6.10941e-05
 3.72759e-01 1.07184e+04 6.47029e-11 -7.60741e-05
 4.64159e-01 1.10098e+04 7.31032e-11 -9.47272e-05
 5.77969e-01 1.13207e+04 8.27587e-11 -1.17954e-04
 7.19686e-01 1.16501e+04 9.38685e-11 -1.46875e-04
 8.96151e-01 1.19973e+04 1.06646e-10 -1.82890e-04
 1.11588e+00 1.23622e+04 1.21315e-10 -2.27734e-04
 1.38950e+00 1.27449e+04 1.38111e-10 -2.83573e-04
 1.73020e+00 1.31456e+04 1.57269e-10 -3.53104e-04
 2.15443e+00 1.35649e+04 1.79024e-10 -4.39684e-04
 2.68270e+00 1.40032e+04 2.03603e-10 -5.47494e-04
 3.34048e+00 1.44609e+04 2.31266e-10 -6.12251e-04
 4.15956e+00 1.49386e+04 2.62371e-10 -6.12251e-04
 5.17947e+00 1.54428e+04 2.97359e-10 -6.12251e-04
 6.44947e+00 1.59611e+04 3.37230e-10 -6.12251e-04
 8.03086e+00 1.65116e+04 3.82451e-10 -6.12251e-04
 1.00000e+01 1.70825e+04 4.34253e-10 -6.12251e-04
 1.24520e+01 1.76920e+04 4.93194e-10 -6.12251e-04
 1.55052e+01 1.83042e+04 5.61173e-10 -6.12251e-04
 1.93070e+01 1.90205e+04 6.36746e-10 -6.12251e-04
 2.40410e+01 1.96258e+04 7.27363e-10 -6.12251e-04
 2.99358e+01 2.05145e+04 8.22068e-10 -6.12251e-04
 3.72759e+01 2.10997e+04 9.43028e-10 -6.12251e-04
 4.64159e+01 2.21076e+04 1.06350e-09 -6.12251e-04
 5.77969e+01 2.28900e+04 1.21454e-09 -6.12251e-04
 7.19686e+01 2.37298e+04 1.38333e-09 -6.12251e-04
 8.96151e+01 2.49121e+04 1.56046e-09 -6.12251e-04
 1.11588e+02 2.57195e+04 1.78782e-09 -6.12251e-04
 1.38950e+02 2.69607e+04 2.01862e-09 -6.12250e-04
 1.73020e+02 2.80773e+04 2.29613e-09 -6.12249e-04
 2.15443e+02 2.93596e+04 2.60237e-09 -6.12245e-04
 2.68270e+02 3.07308e+04 2.94916e-09 -6.12229e-04
 3.34048e+02 3.22461e+04 3.33779e-09 -6.12156e-04
 4.15956e+02 3.36537e+04 3.79361e-09 -6.11617e-04
 5.17947e+02 3.59444e+04 4.23381e-09 -6.08259e-04
 6.44947e+02 3.64862e+04 4.94271e-09 -5.67556e-04
 8.03086e+02 4.18165e+04 5.09924e-09 -6.06827e-04
 1.00000e+03 4.40656e+04 5.85319e-09 -6.06255e-04
