#n1=128 n2=4 Teff=10200 R=4.5555e+13 L=1.5989e+40 logg=+0.00
#   tau          T          rho         Fconv
 0.00000e+00 7.18122e+03 1.04726e-21 +0.00000e+00
 1.00000e-09 7.18122e+03 2.10115e-21 +0.00000e+00
 1.24520e-09 7.18222e+03 2.36861e-21 +0.00000e+00
 1.55052e-09 7.18205e+03 2.70576e-21 +0.00000e+00
 1.93070e-09 7.18106e+03 3.13100e-21 +0.00000e+00
 2.40410e-09 7.17875e+03 3.66810e-21 +0.00000e+00
 2.99358e-09 7.17457e+03 4.34753e-21 +0.00000e+00
 3.72759e-09 7.16768e+03 5.20848e-21 +0.00000e+00
 4.64159e-09 7.15696e+03 6.30169e-21 +0.00000e+00
 5.77969e-09 7.14074e+03 7.69296e-21 +0.00000e+00
 7.19686e-09 7.10234e+03 9.48690e-21 +0.00000e+00
 8.96151e-09 6.83165e+03 1.21832e-20 +0.00000e+00
 1.11588e-08 6.62055e+03 1.56205e-20 +0.00000e+00
 1.38950e-08 6.53109e+03 1.97436e-20 +0.00000e+00
 1.73020e-08 6.48021e+03 2.48983e-20 +0.00000e+00
 2.15443e-08 6.44851e+03 3.14000e-20 +0.00000e+00
 2.68270e-08 6.42854e+03 3.96331e-20 +0.00000e+00
 3.34048e-08 6.41695e+03 5.00747e-20 +0.00000e+00
 4.15956e-08 6.40922e+03 6.33434e-20 +0.00000e+00
 5.17947e-08 6.40357e+03 8.01744e-20 +0.00000e+00
 6.44947e-08 6.39885e+03 1.01484e-19 +0.00000e+00
 8.03086e-08 6.39423e+03 1.28440e-19 +0.00000e+00
 1.00000e-07 6.38892e+03 1.62533e-19 +0.00000e+00
 1.24520e-07 6.38192e+03 2.05674e-19 +0.00000e+00
 1.55052e-07 6.37247e+03 2.60300e-19 +0.00000e+00
 1.93070e-07 6.35938e+03 3.29535e-19 +0.00000e+00
 2.40410e-07 6.34023e+03 4.17474e-19 +0.00000e+00
 2.99358e-07 6.31484e+03 5.29278e-19 +0.00000e+00
 3.72759e-07 6.28618e+03 6.71228e-19 +0.00000e+00
 4.64159e-07 6.25898e+03 8.50873e-19 +0.00000e+00
 5.77969e-07 6.23652e+03 1.07755e-18 +0.00000e+00
 7.19686e-07 6.21966e+03 1.36310e-18 +0.00000e+00
 8.96151e-07 6.20788e+03 1.72257e-18 +0.00000e+00
 1.11588e-06 6.20022e+03 2.17498e-18 +0.00000e+00
 1.38950e-06 6.19576e+03 2.74429e-18 +0.00000e+00
 1.73020e-06 6.19376e+03 3.46067e-18 +0.00000e+00
 2.15443e-06 6.19367e+03 4.36204e-18 +0.00000e+00
 2.68270e-06 6.19512e+03 5.49603e-18 +0.00000e+00
 3.34048e-06 6.19785e+03 6.92244e-18 +0.00000e+00
 4.15956e-06 6.20175e+03 8.71634e-18 +0.00000e+00
 5.17947e-06 6.20679e+03 1.09718e-17 +0.00000e+00
 6.44947e-06 6.21301e+03 1.38068e-17 +0.00000e+00
 8.03086e-06 6.22054e+03 1.73690e-17 +0.00000e+00
 1.00000e-05 6.22952e+03 2.18432e-17 +0.00000e+00
 1.24520e-05 6.24017e+03 2.74605e-17 +0.00000e+00
 1.55052e-05 6.25271e+03 3.45093e-17 +0.00000e+00
 1.93070e-05 6.26739e+03 4.33500e-17 +0.00000e+00
 2.40410e-05 6.28446e+03 5.44317e-17 +0.00000e+00
 2.99358e-05 6.30420e+03 6.83142e-17 +0.00000e+00
 3.72759e-05 6.32688e+03 8.56943e-17 +0.00000e+00
 4.64159e-05 6.35276e+03 1.07439e-16 +0.00000e+00
 5.77969e-05 6.38207e+03 1.34626e-16 +0.00000e+00
 7.19686e-05 6.41501e+03 1.68596e-16 +0.00000e+00
 8.96151e-05 6.45170e+03 2.11015e-16 +0.00000e+00
 1.11588e-04 6.49217e+03 2.63958e-16 +0.00000e+00
 1.38950e-04 6.53636e+03 3.30005e-16 +0.00000e+00
 1.73020e-04 6.58411e+03 4.12371e-16 +0.00000e+00
 2.15443e-04 6.63516e+03 5.15066e-16 +0.00000e+00
 2.68270e-04 6.68921e+03 6.43088e-16 +0.00000e+00
 3.34048e-04 6.74589e+03 8.02674e-16 +0.00000e+00
 4.15956e-04 6.80483e+03 1.00162e-15 +0.00000e+00
 5.17947e-04 6.86561e+03 1.24964e-15 +0.00000e+00
 6.44947e-04 6.92785e+03 1.55891e-15 +0.00000e+00
 8.03086e-04 6.99116e+03 1.94461e-15 +0.00000e+00
 1.00000e-03 7.05520e+03 2.42573e-15 +0.00000e+00
 1.24520e-03 7.11964e+03 3.02600e-15 -2.54828e-07
 1.55052e-03 7.18417e+03 3.77508e-15 -3.17311e-07
 1.93070e-03 7.24872e+03 4.70991e-15 -3.95116e-07
 2.40410e-03 7.31328e+03 5.87653e-15 -4.91997e-07
 2.99358e-03 7.37796e+03 7.33222e-15 -6.12633e-07
 3.72759e-03 7.44300e+03 9.14812e-15 -7.62849e-07
 4.64159e-03 7.50890e+03 1.14123e-14 -9.49897e-07
 5.77969e-03 7.57610e+03 1.42339e-14 -1.18281e-06
 7.19686e-03 7.64507e+03 1.77480e-14 -1.47283e-06
 8.96151e-03 7.71616e+03 2.21217e-14 -1.83396e-06
 1.11588e-02 7.78987e+03 2.75609e-14 -2.28365e-06
 1.38950e-02 7.86665e+03 3.43195e-14 -2.84360e-06
 1.73020e-02 7.94699e+03 4.27099e-14 -3.54083e-06
 2.15443e-02 8.03142e+03 5.31157e-14 -4.40904e-06
 2.68270e-02 8.12057e+03 6.60064e-14 -5.49012e-06
 3.34048e-02 8.21517e+03 8.19557e-14 -6.83627e-06
 4.15956e-02 8.31609e+03 1.01660e-13 -8.51250e-06
 5.17947e-02 8.42437e+03 1.25963e-13 -1.05997e-05
 6.44947e-02 8.54118e+03 1.55880e-13 -1.31988e-05
 8.03086e-02 8.66784e+03 1.92632e-13 -1.64350e-05
 1.00000e-01 8.80576e+03 2.37682e-13 -2.04650e-05
 1.24520e-01 8.95643e+03 2.92781e-13 -2.54828e-05
 1.55052e-01 9.12133e+03 3.60017e-13 -3.17311e-05
 1.93070e-01 9.30199e+03 4.41889e-13 -3.95116e-05
 2.40410e-01 9.49999e+03 5.41369e-13 -4.91997e-05
 2.99358e-01 9.71710e+03 6.61986e-13 -6.12633e-05
 3.72759e-01 9.95540e+03 8.07887e-13 -7.62849e-05
 4.64159e-01 1.02172e+04 9.83912e-13 -9.49897e-05
 5.77969e-01 1.05048e+04 1.19562e-12 -1.18281e-04
 7.19686e-01 1.08205e+04 1.44917e-12 -1.47283e-04
 8.96151e-01 1.11666e+04 1.75089e-12 -1.83396e-04
 1.11588e+00 1.15460e+04 2.10643e-12 -2.28365e-04
 1.38950e+00 1.19625e+04 2.52024e-12 -2.82981e-04
 1.73020e+00 1.24206e+04 2.99784e-12 -3.54135e-04
 2.15443e+00 1.29254e+04 3.55127e-12 -4.41122e-04
 2.68270e+00 1.34816e+04 4.20097e-12 -5.49012e-04
 3.34048e+00 1.40937e+04 4.97069e-12 -6.13948e-04
 4.15956e+00 1.47660e+04 5.88437e-12 -6.13948e-04
 5.17947e+00 1.55040e+04 6.96689e-12 -6.13948e-04
 6.44947e+00 1.63053e+04 8.25079e-12 -6.13948e-04
 8.03086e+00 1.71753e+04 9.77088e-12 -6.13948e-04
 1.00000e+01 1.81039e+04 1.15777e-11 -6.13948e-04
 1.24520e+01 1.91035e+04 1.37181e-11 -6.13948e-04
 1.55052e+01 2.01234e+04 1.62922e-11 -6.13948e-04
 1.93070e+01 2.12779e+04 1.92905e-11 -6.13948e-04
 2.40410e+01 2.23534e+04 2.29875e-11 -6.13948e-04
 2.99358e+01 2.37093e+04 2.71463e-11 -6.13948e-04
 3.72759e+01 2.48856e+04 3.23793e-11 -6.13948e-04
 4.64159e+01 2.64352e+04 3.81519e-11 -6.13948e-04
 5.77969e+01 2.78527e+04 4.52572e-11 -6.13948e-04
 7.19686e+01 2.95471e+04 5.31032e-11 -6.13948e-04
 8.96151e+01 3.12962e+04 6.20748e-11 -6.13948e-04
 1.11588e+02 3.31223e+04 7.24280e-11 -6.13948e-04
 1.38950e+02 3.51849e+04 8.43742e-11 -6.13948e-04
 1.73020e+02 3.71265e+04 9.93416e-11 -6.13948e-04
 2.15443e+02 3.93822e+04 1.16640e-10 -6.13948e-04
 2.68270e+02 4.15310e+04 1.37962e-10 -6.13948e-04
 3.34048e+02 4.38726e+04 1.62997e-10 -6.13948e-04
 4.15956e+02 4.62590e+04 1.92960e-10 -6.13948e-04
 5.17947e+02 4.87671e+04 2.28408e-10 -6.13948e-04
 6.44947e+02 5.12876e+04 2.70804e-10 -6.13948e-04
 8.03086e+02 5.38326e+04 3.21192e-10 -6.13948e-04
 1.00000e+03 5.69332e+04 3.77931e-10 -6.13948e-04
