#n1=128 n2=4 Teff=10400 R=4.0457e+11 L=1.3644e+36 logg=+3.50
#   tau          T          rho         Fconv
 0.00000e+00 8.85715e+03 8.43547e-22 +0.00000e+00
 1.00000e-09 8.85715e+03 8.05997e-18 +0.00000e+00
 1.24520e-09 8.86687e+03 1.00348e-17 +0.00000e+00
 1.55052e-09 8.87716e+03 1.24941e-17 +0.00000e+00
 1.93070e-09 8.88790e+03 1.55571e-17 +0.00000e+00
 2.40410e-09 8.89901e+03 1.93723e-17 +0.00000e+00
 2.99358e-09 8.91037e+03 2.41253e-17 +0.00000e+00
 3.72759e-09 8.92184e+03 3.00470e-17 +0.00000e+00
 4.64159e-09 8.93326e+03 3.74257e-17 +0.00000e+00
 5.77969e-09 8.94443e+03 4.66210e-17 +0.00000e+00
 7.19686e-09 8.95518e+03 5.80821e-17 +0.00000e+00
 8.96151e-09 8.96526e+03 7.23710e-17 +0.00000e+00
 1.11588e-08 8.97445e+03 9.01925e-17 +0.00000e+00
 1.38950e-08 8.98250e+03 1.12434e-16 +0.00000e+00
 1.73020e-08 8.98911e+03 1.40217e-16 +0.00000e+00
 2.15443e-08 8.99400e+03 1.74971e-16 +0.00000e+00
 2.68270e-08 8.99684e+03 2.18536e-16 +0.00000e+00
 3.34048e-08 8.99730e+03 2.73315e-16 +0.00000e+00
 4.15956e-08 8.99502e+03 3.42443e-16 +0.00000e+00
 5.17947e-08 8.98965e+03 4.29886e-16 +0.00000e+00
 6.44947e-08 8.98078e+03 5.40403e-16 +0.00000e+00
 8.03086e-08 8.96798e+03 6.79816e-16 +0.00000e+00
 1.00000e-07 8.95081e+03 8.55563e-16 +0.00000e+00
 1.24520e-07 8.92878e+03 1.07691e-15 +0.00000e+00
 1.55052e-07 8.90118e+03 1.35549e-15 +0.00000e+00
 1.93070e-07 8.86685e+03 1.70605e-15 +0.00000e+00
 2.40410e-07 8.82380e+03 2.14771e-15 +0.00000e+00
 2.99358e-07 8.76811e+03 2.70575e-15 +0.00000e+00
 3.72759e-07 8.68968e+03 3.41586e-15 +0.00000e+00
 4.64159e-07 8.55890e+03 4.33716e-15 +0.00000e+00
 5.77969e-07 8.35798e+03 5.55393e-15 +0.00000e+00
 7.19686e-07 8.13743e+03 7.13320e-15 +0.00000e+00
 8.96151e-07 7.97051e+03 9.10565e-15 +0.00000e+00
 1.11588e-06 7.86248e+03 1.15400e-14 +0.00000e+00
 1.38950e-06 7.79179e+03 1.45576e-14 +0.00000e+00
 1.73020e-06 7.74130e+03 1.83189e-14 +0.00000e+00
 2.15443e-06 7.70203e+03 2.30211e-14 +0.00000e+00
 2.68270e-06 7.66902e+03 2.89084e-14 +0.00000e+00
 3.34048e-06 7.63914e+03 3.62862e-14 +0.00000e+00
 4.15956e-06 7.61013e+03 4.55398e-14 +0.00000e+00
 5.17947e-06 7.58004e+03 5.71568e-14 +0.00000e+00
 6.44947e-06 7.54667e+03 7.17591e-14 +0.00000e+00
 8.03086e-06 7.50788e+03 9.01452e-14 +0.00000e+00
 1.00000e-05 7.45994e+03 1.13364e-13 +0.00000e+00
 1.24520e-05 7.39966e+03 1.42780e-13 +0.00000e+00
 1.55052e-05 7.32143e+03 1.80243e-13 +0.00000e+00
 1.93070e-05 7.22594e+03 2.28045e-13 +0.00000e+00
 2.40410e-05 7.11734e+03 2.88990e-13 +0.00000e+00
 2.99358e-05 7.00760e+03 3.66032e-13 +0.00000e+00
 3.72759e-05 6.90532e+03 4.62490e-13 +0.00000e+00
 4.64159e-05 6.81565e+03 5.82066e-13 +0.00000e+00
 5.77969e-05 6.74506e+03 7.28676e-13 +0.00000e+00
 7.19686e-05 6.69122e+03 9.08056e-13 +0.00000e+00
 8.96151e-05 6.65421e+03 1.12747e-12 +0.00000e+00
 1.11588e-04 6.63199e+03 1.39708e-12 +0.00000e+00
 1.38950e-04 6.62284e+03 1.73035e-12 +0.00000e+00
 1.73020e-04 6.62549e+03 2.14569e-12 +0.00000e+00
 2.15443e-04 6.63918e+03 2.66794e-12 +0.00000e+00
 2.68270e-04 6.66325e+03 3.32997e-12 +0.00000e+00
 3.34048e-04 6.69708e+03 4.17533e-12 +0.00000e+00
 4.15956e-04 6.74253e+03 5.25854e-12 +0.00000e+00
 5.17947e-04 6.79642e+03 6.65445e-12 +0.00000e+00
 6.44947e-04 6.85340e+03 8.46402e-12 +0.00000e+00
 8.03086e-04 6.91557e+03 1.08016e-11 +0.00000e+00
 1.00000e-03 6.98153e+03 1.38136e-11 +0.00000e+00
 1.24520e-03 7.05024e+03 1.76701e-11 -2.54551e-07
 1.55052e-03 7.12044e+03 2.25630e-11 -3.16967e-07
 1.93070e-03 7.18852e+03 2.87313e-11 -3.94686e-07
 2.40410e-03 7.25729e+03 3.63764e-11 -4.91461e-07
 2.99358e-03 7.32771e+03 4.56933e-11 -6.11967e-07
 3.72759e-03 7.39697e+03 5.68875e-11 -7.62018e-07
 4.64159e-03 7.46515e+03 7.01225e-11 -9.48863e-07
 5.77969e-03 7.53235e+03 8.55255e-11 -1.18152e-06
 7.19686e-03 7.59920e+03 1.03184e-10 -1.47123e-06
 8.96151e-03 7.66628e+03 1.23141e-10 -1.83197e-06
 1.11588e-02 7.73442e+03 1.45372e-10 -2.28117e-06
 1.38950e-02 7.80462e+03 1.69789e-10 -2.84049e-06
 1.73020e-02 7.87788e+03 1.96215e-10 -3.53697e-06
 2.15443e-02 7.95536e+03 2.24349e-10 -4.40423e-06
 2.68270e-02 8.03849e+03 2.53754e-10 -5.48406e-06
 3.34048e-02 8.12874e+03 2.83820e-10 -6.82861e-06
 4.15956e-02 8.22785e+03 3.13740e-10 -8.50286e-06
 5.17947e-02 8.33777e+03 3.42501e-10 -1.05877e-05
 6.44947e-02 8.46077e+03 3.68911e-10 -1.31839e-05
 8.03086e-02 8.59940e+03 3.91642e-10 -1.64167e-05
 1.00000e-01 8.75648e+03 4.09366e-10 -2.04422e-05
 1.24520e-01 8.93503e+03 4.20994e-10 -2.54548e-05
 1.55052e-01 9.13797e+03 4.26023e-10 -3.16965e-05
 1.93070e-01 9.36759e+03 4.25015e-10 -3.94686e-05
 2.40410e-01 9.62490e+03 4.19890e-10 -4.91461e-05
 2.99358e-01 9.90907e+03 4.13738e-10 -6.11967e-05
 3.72759e-01 1.02175e+04 4.09939e-10 -7.62018e-05
 4.64159e-01 1.05467e+04 4.11144e-10 -9.48863e-05
 5.77969e-01 1.08927e+04 4.18908e-10 -1.18152e-04
 7.19686e-01 1.12521e+04 4.34017e-10 -1.47123e-04
 8.96151e-01 1.16224e+04 4.56985e-10 -1.83197e-04
 1.11588e+00 1.20019e+04 4.88351e-10 -2.28117e-04
 1.38950e+00 1.23900e+04 5.28748e-10 -2.84049e-04
 1.73020e+00 1.27868e+04 5.78905e-10 -3.53697e-04
 2.15443e+00 1.31928e+04 6.39622e-10 -4.40423e-04
 2.68270e+00 1.36089e+04 7.11764e-10 -5.48414e-04
 3.34048e+00 1.40356e+04 7.96239e-10 -6.13280e-04
 4.15956e+00 1.44741e+04 8.93981e-10 -6.13280e-04
 5.17947e+00 1.49260e+04 1.00592e-09 -6.13280e-04
 6.44947e+00 1.53925e+04 1.13317e-09 -6.13280e-04
 8.03086e+00 1.58787e+04 1.27683e-09 -6.13280e-04
 1.00000e+01 1.63859e+04 1.43882e-09 -6.13280e-04
 1.24520e+01 1.69211e+04 1.62136e-09 -6.13280e-04
 1.55052e+01 1.74701e+04 1.82923e-09 -6.13280e-04
 1.93070e+01 1.80940e+04 2.06061e-09 -6.13280e-04
 2.40410e+01 1.86490e+04 2.33562e-09 -6.13278e-04
 2.99358e+01 1.94244e+04 2.62571e-09 -6.13278e-04
 3.72759e+01 1.99514e+04 2.99491e-09 -6.13278e-04
 4.64159e+01 2.08768e+04 3.36054e-09 -6.13278e-04
 5.77969e+01 2.14765e+04 3.83704e-09 -6.13275e-04
 7.19686e+01 2.24228e+04 4.32088e-09 -6.13272e-04
 8.96151e+01 2.32657e+04 4.90461e-09 -6.13256e-04
 1.11588e+02 2.40864e+04 5.57459e-09 -6.13192e-04
 1.38950e+02 2.53475e+04 6.25983e-09 -6.13128e-04
 1.73020e+02 2.60032e+04 7.19050e-09 -6.12286e-04
 2.15443e+02 2.75617e+04 8.01923e-09 -6.11958e-04
 2.68270e+02 2.85392e+04 9.16155e-09 -6.07416e-04
 3.34048e+02 2.99016e+04 1.03410e-08 -5.98273e-04
 4.15956e+02 3.14104e+04 1.16697e-08 -5.75363e-04
 5.17947e+02 3.30302e+04 1.31870e-08 -5.04761e-04
 6.44947e+02 3.42558e+04 1.50751e-08 -7.81534e-05
 8.03086e+02 3.60930e+04 1.69259e-08 +1.10593e-03
 1.00000e+03 4.21438e+04 1.72235e-08 +3.09550e-04
