#n1=128 n2=4 Teff=10400 R=6.4012e+12 L=3.4110e+38 logg=+1.50
#   tau          T          rho         Fconv
 0.00000e+00 8.21877e+03 9.11353e-22 +0.00000e+00
 1.00000e-09 8.21877e+03 7.36120e-20 +0.00000e+00
 1.24520e-09 8.21984e+03 9.17461e-20 +0.00000e+00
 1.55052e-09 8.22041e+03 1.14422e-19 +0.00000e+00
 1.93070e-09 8.22055e+03 1.42779e-19 +0.00000e+00
 2.40410e-09 8.22011e+03 1.78245e-19 +0.00000e+00
 2.99358e-09 8.21888e+03 2.22605e-19 +0.00000e+00
 3.72759e-09 8.21655e+03 2.78084e-19 +0.00000e+00
 4.64159e-09 8.21235e+03 3.47474e-19 +0.00000e+00
 5.77969e-09 8.10953e+03 4.38270e-19 +0.00000e+00
 7.19686e-09 7.37078e+03 6.04170e-19 +0.00000e+00
 8.96151e-09 7.05419e+03 7.93173e-19 +0.00000e+00
 1.11588e-08 6.96543e+03 1.00843e-18 +0.00000e+00
 1.38950e-08 6.92434e+03 1.27378e-18 +0.00000e+00
 1.73020e-08 6.89701e+03 1.60641e-18 +0.00000e+00
 2.15443e-08 6.87504e+03 2.02504e-18 +0.00000e+00
 2.68270e-08 6.85470e+03 2.55383e-18 +0.00000e+00
 3.34048e-08 6.83355e+03 3.22272e-18 +0.00000e+00
 4.15956e-08 6.80914e+03 4.07082e-18 +0.00000e+00
 5.17947e-08 6.77845e+03 5.14546e-18 +0.00000e+00
 6.44947e-08 6.73773e+03 6.50916e-18 +0.00000e+00
 8.03086e-08 6.68573e+03 8.23928e-18 +0.00000e+00
 1.00000e-07 6.62992e+03 1.04242e-17 +0.00000e+00
 1.24520e-07 6.58070e+03 1.31627e-17 +0.00000e+00
 1.55052e-07 6.54197e+03 1.65807e-17 +0.00000e+00
 1.93070e-07 6.51210e+03 2.08443e-17 +0.00000e+00
 2.40410e-07 6.48871e+03 2.61644e-17 +0.00000e+00
 2.99358e-07 6.46977e+03 3.28056e-17 +0.00000e+00
 3.72759e-07 6.45402e+03 4.10974e-17 +0.00000e+00
 4.64159e-07 6.44071e+03 5.14504e-17 +0.00000e+00
 5.77969e-07 6.42947e+03 6.43752e-17 +0.00000e+00
 7.19686e-07 6.42018e+03 8.05063e-17 +0.00000e+00
 8.96151e-07 6.41283e+03 1.00633e-16 +0.00000e+00
 1.11588e-06 6.40742e+03 1.25737e-16 +0.00000e+00
 1.38950e-06 6.40396e+03 1.57038e-16 +0.00000e+00
 1.73020e-06 6.40244e+03 1.96056e-16 +0.00000e+00
 2.15443e-06 6.40286e+03 2.44678e-16 +0.00000e+00
 2.68270e-06 6.40520e+03 3.05248e-16 +0.00000e+00
 3.34048e-06 6.40947e+03 3.80681e-16 +0.00000e+00
 4.15956e-06 6.41573e+03 4.74592e-16 +0.00000e+00
 5.17947e-06 6.42404e+03 5.91473e-16 +0.00000e+00
 6.44947e-06 6.43449e+03 7.36891e-16 +0.00000e+00
 8.03086e-06 6.44724e+03 9.17755e-16 +0.00000e+00
 1.00000e-05 6.46244e+03 1.14262e-15 +0.00000e+00
 1.24520e-05 6.48027e+03 1.42208e-15 +0.00000e+00
 1.55052e-05 6.50093e+03 1.76918e-15 +0.00000e+00
 1.93070e-05 6.52464e+03 2.20002e-15 +0.00000e+00
 2.40410e-05 6.55157e+03 2.73448e-15 +0.00000e+00
 2.99358e-05 6.58193e+03 3.39711e-15 +0.00000e+00
 3.72759e-05 6.61586e+03 4.21814e-15 +0.00000e+00
 4.64159e-05 6.65347e+03 5.23487e-15 +0.00000e+00
 5.77969e-05 6.69482e+03 6.49329e-15 +0.00000e+00
 7.19686e-05 6.73987e+03 8.05015e-15 +0.00000e+00
 8.96151e-05 6.78852e+03 9.97551e-15 +0.00000e+00
 1.11588e-04 6.84058e+03 1.23559e-14 +0.00000e+00
 1.38950e-04 6.89572e+03 1.52981e-14 +0.00000e+00
 1.73020e-04 6.95353e+03 1.89342e-14 +0.00000e+00
 2.15443e-04 7.01351e+03 2.34268e-14 +0.00000e+00
 2.68270e-04 7.07501e+03 2.89770e-14 +0.00000e+00
 3.34048e-04 7.13733e+03 3.58327e-14 +0.00000e+00
 4.15956e-04 7.19968e+03 4.43004e-14 +0.00000e+00
 5.17947e-04 7.26132e+03 5.47583e-14 +0.00000e+00
 6.44947e-04 7.32162e+03 6.76735e-14 +0.00000e+00
 8.03086e-04 7.38016e+03 8.36196e-14 +0.00000e+00
 1.00000e-03 7.43687e+03 1.03297e-13 +0.00000e+00
 1.24520e-03 7.49206e+03 1.27557e-13 -2.54900e-07
 1.55052e-03 7.54639e+03 1.57427e-13 -3.17402e-07
 1.93070e-03 7.60069e+03 1.94140e-13 -3.95227e-07
 2.40410e-03 7.65578e+03 2.39187e-13 -4.92135e-07
 2.99358e-03 7.71227e+03 2.94361e-13 -6.12807e-07
 3.72759e-03 7.77053e+03 3.61831e-13 -7.63064e-07
 4.64159e-03 7.83079e+03 4.44204e-13 -9.50165e-07
 5.77969e-03 7.89320e+03 5.44583e-13 -1.18314e-06
 7.19686e-03 7.95801e+03 6.66613e-13 -1.47325e-06
 8.96151e-03 8.02552e+03 8.14536e-13 -1.83448e-06
 1.11588e-02 8.09616e+03 9.93235e-13 -2.28430e-06
 1.38950e-02 8.17043e+03 1.20827e-12 -2.84439e-06
 1.73020e-02 8.24894e+03 1.46591e-12 -3.54182e-06
 2.15443e-02 8.33233e+03 1.77310e-12 -4.41027e-06
 2.68270e-02 8.42138e+03 2.13742e-12 -5.49166e-06
 3.34048e-02 8.51695e+03 2.56710e-12 -6.83821e-06
 4.15956e-02 8.62005e+03 3.07096e-12 -8.51491e-06
 5.17947e-02 8.73187e+03 3.65848e-12 -1.06027e-05
 6.44947e-02 8.85384e+03 4.34009e-12 -1.32025e-05
 8.03086e-02 8.98759e+03 5.12730e-12 -1.64397e-05
 1.00000e-01 9.13499e+03 6.03322e-12 -2.04707e-05
 1.24520e-01 9.29805e+03 7.07293e-12 -2.54900e-05
 1.55052e-01 9.47887e+03 8.26453e-12 -3.17402e-05
 1.93070e-01 9.67944e+03 9.62948e-12 -3.95227e-05
 2.40410e-01 9.90138e+03 1.11938e-11 -4.92135e-05
 2.99358e-01 1.01457e+04 1.29888e-11 -6.12807e-05
 3.72759e-01 1.04127e+04 1.50520e-11 -7.63064e-05
 4.64159e-01 1.07022e+04 1.74274e-11 -9.50165e-05
 5.77969e-01 1.10135e+04 2.01651e-11 -1.18314e-04
 7.19686e-01 1.13464e+04 2.33207e-11 -1.47325e-04
 8.96151e-01 1.17004e+04 2.69545e-11 -1.83448e-04
 1.11588e+00 1.20757e+04 3.11288e-11 -2.28430e-04
 1.38950e+00 1.24728e+04 3.59035e-11 -2.84439e-04
 1.73020e+00 1.28926e+04 4.13325e-11 -3.54182e-04
 2.15443e+00 1.33364e+04 4.74662e-11 -4.41032e-04
 2.68270e+00 1.38056e+04 5.43721e-11 -5.49166e-04
 3.34048e+00 1.43014e+04 6.21703e-11 -6.14121e-04
 4.15956e+00 1.48248e+04 7.10519e-11 -6.14120e-04
 5.17947e+00 1.53790e+04 8.12423e-11 -6.14121e-04
 6.44947e+00 1.59611e+04 9.30068e-11 -6.14121e-04
 8.03086e+00 1.65791e+04 1.06551e-10 -6.14121e-04
 1.00000e+01 1.72285e+04 1.22166e-10 -6.14121e-04
 1.24520e+01 1.79236e+04 1.40061e-10 -6.14121e-04
 1.55052e+01 1.86272e+04 1.60805e-10 -6.14121e-04
 1.93070e+01 1.94475e+04 1.84000e-10 -6.14121e-04
 2.40410e+01 2.01593e+04 2.11892e-10 -6.14121e-04
 2.99358e+01 2.11505e+04 2.41499e-10 -6.14121e-04
 3.72759e+01 2.18522e+04 2.79034e-10 -6.14121e-04
 4.64159e+01 2.29709e+04 3.17257e-10 -6.14121e-04
 5.77969e+01 2.37668e+04 3.66013e-10 -6.14121e-04
 7.19686e+01 2.48893e+04 4.17111e-10 -6.14121e-04
 8.96151e+01 2.59282e+04 4.77939e-10 -6.14121e-04
 1.11588e+02 2.69606e+04 5.47792e-10 -6.14121e-04
 1.38950e+02 2.83762e+04 6.21473e-10 -6.14121e-04
 1.73020e+02 2.93482e+04 7.15952e-10 -6.14121e-04
 2.15443e+02 3.10384e+04 8.07147e-10 -6.14121e-04
 2.68270e+02 3.23563e+04 9.22796e-10 -6.14120e-04
 3.34048e+02 3.40160e+04 1.04348e-09 -6.14118e-04
 4.15956e+02 3.58221e+04 1.17589e-09 -6.14103e-04
 5.17947e+02 3.78349e+04 1.32197e-09 -6.14093e-04
 6.44947e+02 3.90961e+04 1.51927e-09 -6.14038e-04
 8.03086e+02 4.27989e+04 1.65396e-09 -6.14118e-04
 1.00000e+03 4.51894e+04 1.88915e-09 -6.14118e-04
