#n1=128 n2=4 Teff=10200 R=1.1163e+13 L=9.5911e+38 logg=+1.00
#   tau          T          rho         Fconv
 0.00000e+00 6.09526e+03 1.31179e-21 +0.00000e+00
 1.00000e-09 6.09526e+03 3.33347e-20 +0.00000e+00
 1.24520e-09 6.07257e+03 4.15029e-20 +0.00000e+00
 1.55052e-09 6.04147e+03 5.18221e-20 +0.00000e+00
 1.93070e-09 5.99843e+03 6.49147e-20 +0.00000e+00
 2.40410e-09 5.94542e+03 8.15328e-20 +0.00000e+00
 2.99358e-09 5.88692e+03 1.02585e-19 +0.00000e+00
 3.72759e-09 5.83350e+03 1.29048e-19 +0.00000e+00
 4.64159e-09 5.78615e+03 1.62254e-19 +0.00000e+00
 5.77969e-09 5.75897e+03 2.03378e-19 +0.00000e+00
 7.19686e-09 5.73902e+03 2.54683e-19 +0.00000e+00
 8.96151e-09 5.72593e+03 3.18626e-19 +0.00000e+00
 1.11588e-08 5.71519e+03 3.98532e-19 +0.00000e+00
 1.38950e-08 5.70582e+03 4.98432e-19 +0.00000e+00
 1.73020e-08 5.69737e+03 6.23344e-19 +0.00000e+00
 2.15443e-08 5.68971e+03 7.79521e-19 +0.00000e+00
 2.68270e-08 5.68295e+03 9.74744e-19 +0.00000e+00
 3.34048e-08 5.67725e+03 1.21870e-18 +0.00000e+00
 4.15956e-08 5.67282e+03 1.52343e-18 +0.00000e+00
 5.17947e-08 5.66983e+03 1.90393e-18 +0.00000e+00
 6.44947e-08 5.66839e+03 2.37889e-18 +0.00000e+00
 8.03086e-08 5.66857e+03 2.97153e-18 +0.00000e+00
 1.00000e-07 5.66987e+03 3.71115e-18 +0.00000e+00
 1.24520e-07 5.67345e+03 4.63306e-18 +0.00000e+00
 1.55052e-07 5.67874e+03 5.78231e-18 +0.00000e+00
 1.93070e-07 5.68581e+03 7.21447e-18 +0.00000e+00
 2.40410e-07 5.69474e+03 8.99849e-18 +0.00000e+00
 2.99358e-07 5.70567e+03 1.12199e-17 +0.00000e+00
 3.72759e-07 5.71873e+03 1.39846e-17 +0.00000e+00
 4.64159e-07 5.73411e+03 1.74238e-17 +0.00000e+00
 5.77969e-07 5.75196e+03 2.16999e-17 +0.00000e+00
 7.19686e-07 5.77248e+03 2.70137e-17 +0.00000e+00
 8.96151e-07 5.79581e+03 3.36131e-17 +0.00000e+00
 1.11588e-06 5.82211e+03 4.18050e-17 +0.00000e+00
 1.38950e-06 5.85147e+03 5.19680e-17 +0.00000e+00
 1.73020e-06 5.88395e+03 6.45697e-17 +0.00000e+00
 2.15443e-06 5.91958e+03 8.01881e-17 +0.00000e+00
 2.68270e-06 5.95830e+03 9.95370e-17 +0.00000e+00
 3.34048e-06 6.00001e+03 1.23500e-16 +0.00000e+00
 4.15956e-06 6.04453e+03 1.53169e-16 +0.00000e+00
 5.17947e-06 6.09167e+03 1.89899e-16 +0.00000e+00
 6.44947e-06 6.14114e+03 2.35367e-16 +0.00000e+00
 8.03086e-06 6.19263e+03 2.91654e-16 +0.00000e+00
 1.00000e-05 6.24583e+03 3.61341e-16 +0.00000e+00
 1.24520e-05 6.30041e+03 4.47637e-16 +0.00000e+00
 1.55052e-05 6.35599e+03 5.54530e-16 +0.00000e+00
 1.93070e-05 6.41222e+03 6.86979e-16 +0.00000e+00
 2.40410e-05 6.46877e+03 8.51139e-16 +0.00000e+00
 2.99358e-05 6.52532e+03 1.05466e-15 +0.00000e+00
 3.72759e-05 6.58164e+03 1.30707e-15 +0.00000e+00
 4.64159e-05 6.63750e+03 1.62019e-15 +0.00000e+00
 5.77969e-05 6.69281e+03 2.00874e-15 +0.00000e+00
 7.19686e-05 6.74755e+03 2.49102e-15 +0.00000e+00
 8.96151e-05 6.80181e+03 3.08973e-15 +0.00000e+00
 1.11588e-04 6.85585e+03 3.83298e-15 +0.00000e+00
 1.38950e-04 6.91009e+03 4.75554e-15 +0.00000e+00
 1.73020e-04 6.96499e+03 5.90031e-15 +0.00000e+00
 2.15443e-04 7.02101e+03 7.32017e-15 +0.00000e+00
 2.68270e-04 7.07846e+03 9.08048e-15 +0.00000e+00
 3.34048e-04 7.13747e+03 1.12620e-14 +0.00000e+00
 4.15956e-04 7.19797e+03 1.39648e-14 +0.00000e+00
 5.17947e-04 7.25975e+03 1.73126e-14 +0.00000e+00
 6.44947e-04 7.32247e+03 2.14586e-14 +0.00000e+00
 8.03086e-04 7.38547e+03 2.65933e-14 +0.00000e+00
 1.00000e-03 7.44938e+03 3.29469e-14 +0.00000e+00
 1.24520e-03 7.51354e+03 4.08081e-14 -2.55088e-07
 1.55052e-03 7.57776e+03 5.05307e-14 -3.17634e-07
 1.93070e-03 7.64202e+03 6.25493e-14 -3.95519e-07
 2.40410e-03 7.70644e+03 7.73958e-14 -4.92499e-07
 2.99358e-03 7.77129e+03 9.57184e-14 -6.13257e-07
 3.72759e-03 7.83701e+03 1.18304e-13 -7.63626e-07
 4.64159e-03 7.90420e+03 1.46105e-13 -9.50864e-07
 5.77969e-03 7.97352e+03 1.80269e-13 -1.18401e-06
 7.19686e-03 8.04567e+03 2.22175e-13 -1.47433e-06
 8.96151e-03 8.12128e+03 2.73479e-13 -1.83583e-06
 1.11588e-02 8.20084e+03 3.36157e-13 -2.28598e-06
 1.38950e-02 8.28476e+03 4.12562e-13 -2.84649e-06
 1.73020e-02 8.37328e+03 5.05474e-13 -3.54443e-06
 2.15443e-02 8.46663e+03 6.18174e-13 -4.41353e-06
 2.68270e-02 8.56505e+03 7.54509e-13 -5.49571e-06
 3.34048e-02 8.66895e+03 9.18971e-13 -6.84323e-06
 4.15956e-02 8.77897e+03 1.11677e-12 -8.52118e-06
 5.17947e-02 8.89606e+03 1.35390e-12 -1.06105e-05
 6.44947e-02 9.02169e+03 1.63720e-12 -1.32122e-05
 8.03086e-02 9.15779e+03 1.97441e-12 -1.64518e-05
 1.00000e-01 9.30677e+03 2.37422e-12 -2.04858e-05
 1.24520e-01 9.47141e+03 2.84644e-12 -2.55088e-05
 1.55052e-01 9.65473e+03 3.40211e-12 -3.17634e-05
 1.93070e-01 9.85969e+03 4.05380e-12 -3.95519e-05
 2.40410e-01 1.00889e+04 4.81604e-12 -4.92499e-05
 2.99358e-01 1.03443e+04 5.70578e-12 -6.13257e-05
 3.72759e-01 1.06273e+04 6.74274e-12 -7.63626e-05
 4.64159e-01 1.09386e+04 7.94961e-12 -9.50864e-05
 5.77969e-01 1.12789e+04 9.35145e-12 -1.18401e-04
 7.19686e-01 1.16491e+04 1.09741e-11 -1.47433e-04
 8.96151e-01 1.20510e+04 1.28410e-11 -1.83583e-04
 1.11588e+00 1.24872e+04 1.49694e-11 -2.28598e-04
 1.38950e+00 1.29614e+04 1.73725e-11 -2.84584e-04
 1.73020e+00 1.34777e+04 2.00782e-11 -3.54463e-04
 2.15443e+00 1.40409e+04 2.31522e-11 -4.41353e-04
 2.68270e+00 1.46563e+04 2.66934e-11 -5.49571e-04
 3.34048e+00 1.53307e+04 3.08033e-11 -6.14573e-04
 4.15956e+00 1.60707e+04 3.55771e-11 -6.14573e-04
 5.17947e+00 1.68860e+04 4.11065e-11 -6.14573e-04
 6.44947e+00 1.77752e+04 4.75202e-11 -6.14573e-04
 8.03086e+00 1.87380e+04 5.49630e-11 -6.14573e-04
 1.00000e+01 1.97445e+04 6.36803e-11 -6.14573e-04
 1.24520e+01 2.07918e+04 7.38754e-11 -6.14573e-04
 1.55052e+01 2.18158e+04 8.59660e-11 -6.14573e-04
 1.93070e+01 2.29249e+04 9.98231e-11 -6.14573e-04
 2.40410e+01 2.39550e+04 1.16356e-10 -6.14573e-04
 2.99358e+01 2.51987e+04 1.34622e-10 -6.14573e-04
 3.72759e+01 2.63300e+04 1.56539e-10 -6.14573e-04
 4.64159e+01 2.77676e+04 1.80244e-10 -6.14573e-04
 5.77969e+01 2.91524e+04 2.08241e-10 -6.14573e-04
 7.19686e+01 3.08088e+04 2.38521e-10 -6.14573e-04
 8.96151e+01 3.25580e+04 2.72362e-10 -6.14573e-04
 1.11588e+02 3.44041e+04 3.10020e-10 -6.14573e-04
 1.38950e+02 3.64414e+04 3.52168e-10 -6.14573e-04
 1.73020e+02 3.83465e+04 4.03890e-10 -6.14573e-04
 2.15443e+02 4.04716e+04 4.62676e-10 -6.14573e-04
 2.68270e+02 4.24450e+04 5.33724e-10 -6.14573e-04
 3.34048e+02 4.45582e+04 6.14772e-10 -6.14573e-04
 4.15956e+02 4.65977e+04 7.09965e-10 -6.14573e-04
 5.17947e+02 4.88335e+04 8.17484e-10 -6.14573e-04
 6.44947e+02 5.06768e+04 9.47890e-10 -6.14573e-04
 8.03086e+02 5.29907e+04 1.08889e-09 -6.14573e-04
 1.00000e+03 5.51972e+04 1.25436e-09 -6.14573e-04
