#n1=128 n2=4 Teff=10000 R=7.4745e+11 L=3.9812e+36 logg=+3.00
#   tau          T          rho         Fconv
 0.00000e+00 7.40964e+03 1.00859e-21 +0.00000e+00
 1.00000e-09 7.40964e+03 3.07964e-18 +0.00000e+00
 1.24520e-09 7.40119e+03 3.85726e-18 +0.00000e+00
 1.55052e-09 7.39300e+03 4.82839e-18 +0.00000e+00
 1.93070e-09 7.38488e+03 6.04034e-18 +0.00000e+00
 2.40410e-09 7.37654e+03 7.55048e-18 +0.00000e+00
 2.99358e-09 7.36758e+03 9.43164e-18 +0.00000e+00
 3.72759e-09 7.35747e+03 1.17692e-17 +0.00000e+00
 4.64159e-09 7.34482e+03 1.46910e-17 +0.00000e+00
 5.77969e-09 7.31946e+03 1.83294e-17 +0.00000e+00
 7.19686e-09 7.22644e+03 2.31191e-17 +0.00000e+00
 8.96151e-09 7.06336e+03 2.95110e-17 +0.00000e+00
 1.11588e-08 6.91347e+03 3.78892e-17 +0.00000e+00
 1.38950e-08 6.81167e+03 4.85012e-17 +0.00000e+00
 1.73020e-08 6.75588e+03 6.16140e-17 +0.00000e+00
 2.15443e-08 6.70908e+03 7.79797e-17 +0.00000e+00
 2.68270e-08 6.67074e+03 9.84221e-17 +0.00000e+00
 3.34048e-08 6.64164e+03 1.23897e-16 +0.00000e+00
 4.15956e-08 6.62079e+03 1.55610e-16 +0.00000e+00
 5.17947e-08 6.60266e+03 1.95186e-16 +0.00000e+00
 6.44947e-08 6.58838e+03 2.44503e-16 +0.00000e+00
 8.03086e-08 6.57721e+03 3.05953e-16 +0.00000e+00
 1.00000e-07 6.56858e+03 3.82514e-16 +0.00000e+00
 1.24520e-07 6.56203e+03 4.77900e-16 +0.00000e+00
 1.55052e-07 6.55721e+03 5.96737e-16 +0.00000e+00
 1.93070e-07 6.55384e+03 7.44797e-16 +0.00000e+00
 2.40410e-07 6.55168e+03 9.29277e-16 +0.00000e+00
 2.99358e-07 6.55057e+03 1.15916e-15 +0.00000e+00
 3.72759e-07 6.55034e+03 1.44566e-15 +0.00000e+00
 4.64159e-07 6.55089e+03 1.80275e-15 +0.00000e+00
 5.77969e-07 6.55211e+03 2.24777e-15 +0.00000e+00
 7.19686e-07 6.55394e+03 2.80225e-15 +0.00000e+00
 8.96151e-07 6.55632e+03 3.49309e-15 +0.00000e+00
 1.11588e-06 6.55952e+03 4.35360e-15 +0.00000e+00
 1.38950e-06 6.56291e+03 5.42590e-15 +0.00000e+00
 1.73020e-06 6.56679e+03 6.76201e-15 +0.00000e+00
 2.15443e-06 6.57119e+03 8.42717e-15 +0.00000e+00
 2.68270e-06 6.57612e+03 1.05031e-14 +0.00000e+00
 3.34048e-06 6.58164e+03 1.30924e-14 +0.00000e+00
 4.15956e-06 6.58779e+03 1.63236e-14 +0.00000e+00
 5.17947e-06 6.59466e+03 2.03579e-14 +0.00000e+00
 6.44947e-06 6.60232e+03 2.53946e-14 +0.00000e+00
 8.03086e-06 6.61087e+03 3.16749e-14 +0.00000e+00
 1.00000e-05 6.62043e+03 3.95041e-14 +0.00000e+00
 1.24520e-05 6.63109e+03 4.92646e-14 +0.00000e+00
 1.55052e-05 6.64300e+03 6.14329e-14 +0.00000e+00
 1.93070e-05 6.65629e+03 7.66000e-14 +0.00000e+00
 2.40410e-05 6.67110e+03 9.54950e-14 +0.00000e+00
 2.99358e-05 6.68759e+03 1.18996e-13 +0.00000e+00
 3.72759e-05 6.70602e+03 1.48154e-13 +0.00000e+00
 4.64159e-05 6.72626e+03 1.84210e-13 +0.00000e+00
 5.77969e-05 6.74853e+03 2.28644e-13 +0.00000e+00
 7.19686e-05 6.77298e+03 2.83209e-13 +0.00000e+00
 8.96151e-05 6.79952e+03 3.50031e-13 +0.00000e+00
 1.11588e-04 6.82825e+03 4.31718e-13 +0.00000e+00
 1.38950e-04 6.85921e+03 5.31572e-13 +0.00000e+00
 1.73020e-04 6.89243e+03 6.53788e-13 +0.00000e+00
 2.15443e-04 6.92795e+03 8.03752e-13 +0.00000e+00
 2.68270e-04 6.96579e+03 9.88395e-13 +0.00000e+00
 3.34048e-04 7.00593e+03 1.21670e-12 +0.00000e+00
 4.15956e-04 7.04831e+03 1.50033e-12 +0.00000e+00
 5.17947e-04 7.09284e+03 1.85463e-12 +0.00000e+00
 6.44947e-04 7.13936e+03 2.29965e-12 +0.00000e+00
 8.03086e-04 7.18766e+03 2.86155e-12 +0.00000e+00
 1.00000e-03 7.23743e+03 3.57365e-12 +0.00000e+00
 1.24520e-03 7.28827e+03 4.47772e-12 -2.54535e-07
 1.55052e-03 7.33976e+03 5.62443e-12 -3.16946e-07
 1.93070e-03 7.39148e+03 7.07429e-12 -3.94659e-07
 2.40410e-03 7.44316e+03 8.89570e-12 -4.91430e-07
 2.99358e-03 7.49471e+03 1.11651e-11 -6.11925e-07
 3.72759e-03 7.54622e+03 1.39643e-11 -7.61969e-07
 4.64159e-03 7.59802e+03 1.73745e-11 -9.48800e-07
 5.77969e-03 7.65054e+03 2.14757e-11 -1.18144e-06
 7.19686e-03 7.70428e+03 2.63329e-11 -1.47113e-06
 8.96151e-03 7.75985e+03 3.19983e-11 -1.83184e-06
 1.11588e-02 7.81786e+03 3.85000e-11 -2.28101e-06
 1.38950e-02 7.87906e+03 4.58406e-11 -2.84032e-06
 1.73020e-02 7.94418e+03 5.39883e-11 -3.53675e-06
 2.15443e-02 8.01407e+03 6.28736e-11 -4.40394e-06
 2.68270e-02 8.08973e+03 7.23855e-11 -5.48378e-06
 3.34048e-02 8.17227e+03 8.23605e-11 -6.82839e-06
 4.15956e-02 8.26302e+03 9.25907e-11 -8.50268e-06
 5.17947e-02 8.36345e+03 1.02818e-10 -1.05875e-05
 6.44947e-02 8.47522e+03 1.12751e-10 -1.31835e-05
 8.03086e-02 8.60018e+03 1.22088e-10 -1.64161e-05
 1.00000e-01 8.74027e+03 1.30562e-10 -2.04412e-05
 1.24520e-01 8.89752e+03 1.38003e-10 -2.54535e-05
 1.55052e-01 9.07384e+03 1.44409e-10 -3.16946e-05
 1.93070e-01 9.27092e+03 1.50012e-10 -3.94659e-05
 2.40410e-01 9.48998e+03 1.55295e-10 -4.91430e-05
 2.99358e-01 9.73161e+03 1.60932e-10 -6.11927e-05
 3.72759e-01 9.99556e+03 1.67673e-10 -7.61969e-05
 4.64159e-01 1.02808e+04 1.76230e-10 -9.48802e-05
 5.77969e-01 1.05855e+04 1.87214e-10 -1.18145e-04
 7.19686e-01 1.09077e+04 2.01143e-10 -1.47113e-04
 8.96151e-01 1.12457e+04 2.18479e-10 -1.83184e-04
 1.11588e+00 1.15984e+04 2.39673e-10 -2.28101e-04
 1.38950e+00 1.19653e+04 2.65182e-10 -2.84032e-04
 1.73020e+00 1.23465e+04 2.95489e-10 -3.53675e-04
 2.15443e+00 1.27424e+04 3.31114e-10 -4.40394e-04
 2.68270e+00 1.31532e+04 3.72609e-10 -5.48378e-04
 3.34048e+00 1.35791e+04 4.20552e-10 -6.13239e-04
 4.15956e+00 1.40204e+04 4.75518e-10 -6.13239e-04
 5.17947e+00 1.44792e+04 5.38029e-10 -6.13239e-04
 6.44947e+00 1.49537e+04 6.08793e-10 -6.13239e-04
 8.03086e+00 1.54509e+04 6.88339e-10 -6.13239e-04
 1.00000e+01 1.59682e+04 7.77998e-10 -6.13239e-04
 1.24520e+01 1.65161e+04 8.78965e-10 -6.13239e-04
 1.55052e+01 1.70667e+04 9.94781e-10 -6.13239e-04
 1.93070e+01 1.77129e+04 1.12279e-09 -6.13239e-04
 2.40410e+01 1.82501e+04 1.27775e-09 -6.13239e-04
 2.99358e+01 1.90589e+04 1.43811e-09 -6.13239e-04
 3.72759e+01 1.95567e+04 1.64701e-09 -6.13239e-04
 4.64159e+01 2.05093e+04 1.84966e-09 -6.13239e-04
 5.77969e+01 2.10902e+04 2.11816e-09 -6.13239e-04
 7.19686e+01 2.20444e+04 2.38822e-09 -6.13239e-04
 8.96151e+01 2.28753e+04 2.71629e-09 -6.13237e-04
 1.11588e+02 2.36920e+04 3.09170e-09 -6.13234e-04
 1.38950e+02 2.49362e+04 3.47721e-09 -6.13229e-04
 1.73020e+02 2.55729e+04 4.00141e-09 -6.13165e-04
 2.15443e+02 2.71167e+04 4.46713e-09 -6.13142e-04
 2.68270e+02 2.80771e+04 5.10962e-09 -6.12781e-04
 3.34048e+02 2.93959e+04 5.77718e-09 -6.11978e-04
 4.15956e+02 3.09098e+04 6.51879e-09 -6.09986e-04
 5.17947e+02 3.24401e+04 7.38587e-09 -6.02050e-04
 6.44947e+02 3.35805e+04 8.45428e-09 -5.45222e-04
 8.03086e+02 3.61420e+04 9.32357e-09 -4.11530e-04
 1.00000e+03 4.03789e+04 9.97422e-09 -2.56258e-04
