#n1=128 n2=4 Teff=10200 R=4.5497e+13 L=1.5989e+40 logg=+0.00
#   tau          T          rho         Fconv
 0.00000e+00 7.57419e+03 9.86715e-22 +0.00000e+00
 1.00000e-09 7.57419e+03 1.85258e-21 +0.00000e+00
 1.24520e-09 7.57952e+03 2.07036e-21 +0.00000e+00
 1.55052e-09 7.58415e+03 2.34439e-21 +0.00000e+00
 1.93070e-09 7.58922e+03 2.68909e-21 +0.00000e+00
 2.40410e-09 7.59469e+03 3.12312e-21 +0.00000e+00
 2.99358e-09 7.60050e+03 3.67009e-21 +0.00000e+00
 3.72759e-09 7.60658e+03 4.35996e-21 +0.00000e+00
 4.64159e-09 7.61287e+03 5.23073e-21 +0.00000e+00
 5.77969e-09 7.61928e+03 6.33056e-21 +0.00000e+00
 7.19686e-09 7.62570e+03 7.72053e-21 +0.00000e+00
 8.96151e-09 7.63202e+03 9.47806e-21 +0.00000e+00
 1.11588e-08 7.63813e+03 1.17014e-20 +0.00000e+00
 1.38950e-08 7.64386e+03 1.45150e-20 +0.00000e+00
 1.73020e-08 7.64907e+03 1.80770e-20 +0.00000e+00
 2.15443e-08 7.65352e+03 2.25879e-20 +0.00000e+00
 2.68270e-08 7.65698e+03 2.83026e-20 +0.00000e+00
 3.34048e-08 7.65909e+03 3.55447e-20 +0.00000e+00
 4.15956e-08 7.65945e+03 4.47268e-20 +0.00000e+00
 5.17947e-08 7.65746e+03 5.63743e-20 +0.00000e+00
 6.44947e-08 7.65237e+03 7.11600e-20 +0.00000e+00
 8.03086e-08 7.64311e+03 8.99470e-20 +0.00000e+00
 1.00000e-07 7.62594e+03 1.13884e-19 +0.00000e+00
 1.24520e-07 7.56910e+03 1.45008e-19 +0.00000e+00
 1.55052e-07 7.37682e+03 1.88121e-19 +0.00000e+00
 1.93070e-07 7.21154e+03 2.43400e-19 +0.00000e+00
 2.40410e-07 7.09702e+03 3.12902e-19 +0.00000e+00
 2.99358e-07 7.02892e+03 3.99817e-19 +0.00000e+00
 3.72759e-07 6.98842e+03 5.09256e-19 +0.00000e+00
 4.64159e-07 6.96366e+03 6.48374e-19 +0.00000e+00
 5.77969e-07 6.94924e+03 8.27033e-19 +0.00000e+00
 7.19686e-07 6.94063e+03 1.05386e-18 +0.00000e+00
 8.96151e-07 6.93582e+03 1.34085e-18 +0.00000e+00
 1.11588e-06 6.93345e+03 1.70471e-18 +0.00000e+00
 1.38950e-06 6.93289e+03 2.16607e-18 +0.00000e+00
 1.73020e-06 6.93340e+03 2.75099e-18 +0.00000e+00
 2.15443e-06 6.93449e+03 3.49249e-18 +0.00000e+00
 2.68270e-06 6.93577e+03 4.43268e-18 +0.00000e+00
 3.34048e-06 6.93693e+03 5.62501e-18 +0.00000e+00
 4.15956e-06 6.93757e+03 7.13810e-18 +0.00000e+00
 5.17947e-06 6.93730e+03 9.06003e-18 +0.00000e+00
 6.44947e-06 6.93584e+03 1.15018e-17 +0.00000e+00
 8.03086e-06 6.93308e+03 1.46058e-17 +0.00000e+00
 1.00000e-05 6.92922e+03 1.85449e-17 +0.00000e+00
 1.24520e-05 6.92390e+03 2.35397e-17 +0.00000e+00
 1.55052e-05 6.91948e+03 2.98497e-17 +0.00000e+00
 1.93070e-05 6.91423e+03 3.78212e-17 +0.00000e+00
 2.40410e-05 6.91203e+03 4.78579e-17 +0.00000e+00
 2.99358e-05 6.91150e+03 6.04982e-17 +0.00000e+00
 3.72759e-05 6.91265e+03 7.64125e-17 +0.00000e+00
 4.64159e-05 6.91545e+03 9.64423e-17 +0.00000e+00
 5.77969e-05 6.91984e+03 1.21645e-16 +0.00000e+00
 7.19686e-05 6.92579e+03 1.53345e-16 +0.00000e+00
 8.96151e-05 6.93332e+03 1.93207e-16 +0.00000e+00
 1.11588e-04 6.94252e+03 2.43313e-16 +0.00000e+00
 1.38950e-04 6.95520e+03 3.06197e-16 +0.00000e+00
 1.73020e-04 6.96803e+03 3.85259e-16 +0.00000e+00
 2.15443e-04 6.98300e+03 4.84514e-16 +0.00000e+00
 2.68270e-04 7.00136e+03 6.08968e-16 +0.00000e+00
 3.34048e-04 7.02131e+03 7.65135e-16 +0.00000e+00
 4.15956e-04 7.04424e+03 9.60854e-16 +0.00000e+00
 5.17947e-04 7.07049e+03 1.20598e-15 +0.00000e+00
 6.44947e-04 7.10036e+03 1.51276e-15 +0.00000e+00
 8.03086e-04 7.13418e+03 1.89643e-15 +0.00000e+00
 1.00000e-03 7.17218e+03 2.37592e-15 +0.00000e+00
 1.24520e-03 7.21454e+03 2.97473e-15 -2.54179e-07
 1.55052e-03 7.26133e+03 3.72209e-15 -3.16503e-07
 1.93070e-03 7.31246e+03 4.65430e-15 -3.94110e-07
 2.40410e-03 7.36774e+03 5.81650e-15 -4.90745e-07
 2.99358e-03 7.42685e+03 7.26486e-15 -6.11073e-07
 3.72759e-03 7.48939e+03 9.06924e-15 -7.60907e-07
 4.64159e-03 7.55487e+03 1.13166e-14 -9.47478e-07
 5.77969e-03 7.62280e+03 1.41153e-14 -1.17980e-06
 7.19686e-03 7.69269e+03 1.76000e-14 -1.46908e-06
 8.96151e-03 7.76406e+03 2.19383e-14 -1.82929e-06
 1.11588e-02 7.83654e+03 2.73386e-14 -2.27783e-06
 1.38950e-02 7.90993e+03 3.40592e-14 -2.83636e-06
 1.73020e-02 7.98419e+03 4.24199e-14 -3.53181e-06
 2.15443e-02 8.05968e+03 5.28150e-14 -4.39781e-06
 2.68270e-02 8.13715e+03 6.57280e-14 -5.47614e-06
 3.34048e-02 8.21768e+03 8.17497e-14 -6.81886e-06
 4.15956e-02 8.30269e+03 1.01597e-13 -8.49083e-06
 5.17947e-02 8.39379e+03 1.26135e-13 -1.05728e-05
 6.44947e-02 8.49263e+03 1.56410e-13 -1.31652e-05
 8.03086e-02 8.60073e+03 1.93677e-13 -1.63932e-05
 1.00000e-01 8.71946e+03 2.39449e-13 -2.04129e-05
 1.24520e-01 8.84995e+03 2.95541e-13 -2.54179e-05
 1.55052e-01 8.99326e+03 3.64133e-13 -3.16503e-05
 1.93070e-01 9.15059e+03 4.47825e-13 -3.94110e-05
 2.40410e-01 9.32362e+03 5.49696e-13 -4.90745e-05
 2.99358e-01 9.51492e+03 6.73343e-13 -6.11073e-05
 3.72759e-01 9.72830e+03 8.22893e-13 -7.60907e-05
 4.64159e-01 9.96869e+03 1.00300e-12 -9.47478e-05
 5.77969e-01 1.02415e+04 1.21890e-12 -1.17980e-04
 7.19686e-01 1.05513e+04 1.47647e-12 -1.46908e-04
 8.96151e-01 1.09001e+04 1.78224e-12 -1.82929e-04
 1.11588e+00 1.12877e+04 2.14284e-12 -2.27783e-04
 1.38950e+00 1.17136e+04 2.56374e-12 -2.86881e-04
 1.73020e+00 1.21786e+04 3.04934e-12 -3.53848e-04
 2.15443e+00 1.26850e+04 3.60830e-12 -4.40666e-04
 2.68270e+00 1.32360e+04 4.25997e-12 -5.48517e-04
 3.34048e+00 1.38350e+04 5.03089e-12 -6.12384e-04
 4.15956e+00 1.44857e+04 5.94802e-12 -6.12384e-04
 5.17947e+00 1.51922e+04 7.03826e-12 -6.12384e-04
 6.44947e+00 1.59530e+04 8.33450e-12 -6.12384e-04
 8.03086e+00 1.67728e+04 9.87250e-12 -6.12384e-04
 1.00000e+01 1.76462e+04 1.17008e-11 -6.12384e-04
 1.24520e+01 1.85888e+04 1.38637e-11 -6.12384e-04
 1.55052e+01 1.95563e+04 1.64574e-11 -6.12384e-04
 1.93070e+01 2.06679e+04 1.94630e-11 -6.12384e-04
 2.40410e+01 2.16982e+04 2.31703e-11 -6.12384e-04
 2.99358e+01 2.30263e+04 2.73090e-11 -6.12384e-04
 3.72759e+01 2.41540e+04 3.25507e-11 -6.12384e-04
 4.64159e+01 2.56709e+04 3.83023e-11 -6.12384e-04
 5.77969e+01 2.70260e+04 4.54645e-11 -6.12384e-04
 7.19686e+01 2.86548e+04 5.34553e-11 -6.12384e-04
 8.96151e+01 3.03317e+04 6.26754e-11 -6.12384e-04
 1.11588e+02 3.20681e+04 7.32086e-11 -6.12384e-04
 1.38950e+02 3.40708e+04 8.49854e-11 -6.12384e-04
 1.73020e+02 3.59481e+04 9.97248e-11 -6.12384e-04
 2.15443e+02 3.81649e+04 1.16644e-10 -6.12384e-04
 2.68270e+02 4.02758e+04 1.37572e-10 -6.12384e-04
 3.34048e+02 4.25947e+04 1.62087e-10 -6.12384e-04
 4.15956e+02 4.49490e+04 1.91483e-10 -6.12384e-04
 5.17947e+02 4.74476e+04 2.26163e-10 -6.12384e-04
 6.44947e+02 4.99727e+04 2.67606e-10 -6.12384e-04
 8.03086e+02 5.25228e+04 3.16887e-10 -6.12384e-04
 1.00000e+03 5.56768e+04 3.72045e-10 -6.12384e-04
