#n1=128 n2=4 Teff=10000 R=2.8263e+12 L=5.6835e+37 logg=+2.00
#   tau          T          rho         Fconv
 0.00000e+00 7.92982e+03 9.42988e-22 +0.00000e+00
 1.00000e-09 7.92982e+03 2.62351e-19 +0.00000e+00
 1.24520e-09 7.90715e+03 3.29240e-19 +0.00000e+00
 1.55052e-09 7.87368e+03 4.14032e-19 +0.00000e+00
 1.93070e-09 7.82214e+03 5.22261e-19 +0.00000e+00
 2.40410e-09 7.73991e+03 6.62146e-19 +0.00000e+00
 2.99358e-09 7.32056e+03 8.80052e-19 +0.00000e+00
 3.72759e-09 7.12735e+03 1.13174e-18 +0.00000e+00
 4.64159e-09 7.08958e+03 1.42109e-18 +0.00000e+00
 5.77969e-09 7.07378e+03 1.78001e-18 +0.00000e+00
 7.19686e-09 7.06076e+03 2.22938e-18 +0.00000e+00
 8.96151e-09 7.04856e+03 2.79293e-18 +0.00000e+00
 1.11588e-08 7.03582e+03 3.50141e-18 +0.00000e+00
 1.38950e-08 7.02139e+03 4.39283e-18 +0.00000e+00
 1.73020e-08 7.00367e+03 5.51773e-18 +0.00000e+00
 2.15443e-08 6.98034e+03 6.93878e-18 +0.00000e+00
 2.68270e-08 6.94712e+03 8.74124e-18 +0.00000e+00
 3.34048e-08 6.89618e+03 1.10410e-17 +0.00000e+00
 4.15956e-08 6.81041e+03 1.40149e-17 +0.00000e+00
 5.17947e-08 6.67187e+03 1.79236e-17 +0.00000e+00
 6.44947e-08 6.56422e+03 2.28032e-17 +0.00000e+00
 8.03086e-08 6.46708e+03 2.89501e-17 +0.00000e+00
 1.00000e-07 6.40591e+03 3.65334e-17 +0.00000e+00
 1.24520e-07 6.35882e+03 4.59839e-17 +0.00000e+00
 1.55052e-07 6.33131e+03 5.76804e-17 +0.00000e+00
 1.93070e-07 6.31287e+03 7.22280e-17 +0.00000e+00
 2.40410e-07 6.29386e+03 9.04310e-17 +0.00000e+00
 2.99358e-07 6.28419e+03 1.13033e-16 +0.00000e+00
 3.72759e-07 6.27685e+03 1.41211e-16 +0.00000e+00
 4.64159e-07 6.27208e+03 1.76321e-16 +0.00000e+00
 5.77969e-07 6.26940e+03 2.20069e-16 +0.00000e+00
 7.19686e-07 6.26868e+03 2.74571e-16 +0.00000e+00
 8.96151e-07 6.26759e+03 3.42581e-16 +0.00000e+00
 1.11588e-06 6.26959e+03 4.27217e-16 +0.00000e+00
 1.38950e-06 6.27277e+03 5.32649e-16 +0.00000e+00
 1.73020e-06 6.27703e+03 6.63966e-16 +0.00000e+00
 2.15443e-06 6.28235e+03 8.27506e-16 +0.00000e+00
 2.68270e-06 6.28873e+03 1.03115e-15 +0.00000e+00
 3.34048e-06 6.29618e+03 1.28472e-15 +0.00000e+00
 4.15956e-06 6.30475e+03 1.60044e-15 +0.00000e+00
 5.17947e-06 6.31454e+03 1.99353e-15 +0.00000e+00
 6.44947e-06 6.32507e+03 2.48315e-15 +0.00000e+00
 8.03086e-06 6.33764e+03 3.09243e-15 +0.00000e+00
 1.00000e-05 6.35182e+03 3.85047e-15 +0.00000e+00
 1.24520e-05 6.36777e+03 4.79307e-15 +0.00000e+00
 1.55052e-05 6.38566e+03 5.96495e-15 +0.00000e+00
 1.93070e-05 6.40568e+03 7.42120e-15 +0.00000e+00
 2.40410e-05 6.42779e+03 9.23035e-15 +0.00000e+00
 2.99358e-05 6.45271e+03 1.14761e-14 +0.00000e+00
 3.72759e-05 6.48037e+03 1.42629e-14 +0.00000e+00
 4.64159e-05 6.51092e+03 1.77192e-14 +0.00000e+00
 5.77969e-05 6.54448e+03 2.20031e-14 +0.00000e+00
 7.19686e-05 6.58113e+03 2.73085e-14 +0.00000e+00
 8.96151e-05 6.62089e+03 3.38726e-14 +0.00000e+00
 1.11588e-04 6.66367e+03 4.19847e-14 +0.00000e+00
 1.38950e-04 6.70935e+03 5.19974e-14 +0.00000e+00
 1.73020e-04 6.75764e+03 6.43399e-14 +0.00000e+00
 2.15443e-04 6.80823e+03 7.95343e-14 +0.00000e+00
 2.68270e-04 6.86073e+03 9.82175e-14 +0.00000e+00
 3.34048e-04 6.91470e+03 1.21166e-13 +0.00000e+00
 4.15956e-04 6.96968e+03 1.49328e-13 +0.00000e+00
 5.17947e-04 7.02517e+03 1.83862e-13 +0.00000e+00
 6.44947e-04 7.08066e+03 2.26191e-13 +0.00000e+00
 8.03086e-04 7.13567e+03 2.78051e-13 +0.00000e+00
 1.00000e-03 7.18971e+03 3.41573e-13 +0.00000e+00
 1.24520e-03 7.24242e+03 4.19364e-13 -2.54928e-07
 1.55052e-03 7.29361e+03 5.14619e-13 -3.17436e-07
 1.93070e-03 7.34333e+03 6.31279e-13 -3.95268e-07
 2.40410e-03 7.39189e+03 7.74253e-13 -4.92188e-07
 2.99358e-03 7.43991e+03 9.49682e-13 -6.12870e-07
 3.72759e-03 7.48816e+03 1.16525e-12 -7.63146e-07
 4.64159e-03 7.53752e+03 1.43040e-12 -9.50265e-07
 5.77969e-03 7.58883e+03 1.75648e-12 -1.18327e-06
 7.19686e-03 7.64283e+03 2.15658e-12 -1.47340e-06
 8.96151e-03 7.70011e+03 2.64527e-12 -1.83467e-06
 1.11588e-02 7.76117e+03 3.23787e-12 -2.28453e-06
 1.38950e-02 7.82648e+03 3.94915e-12 -2.84470e-06
 1.73020e-02 7.89652e+03 4.79224e-12 -3.54221e-06
 2.15443e-02 7.97187e+03 5.77701e-12 -4.41074e-06
 2.68270e-02 8.05326e+03 6.90914e-12 -5.49225e-06
 3.34048e-02 8.14157e+03 8.18965e-12 -6.83893e-06
 4.15956e-02 8.23788e+03 9.61524e-12 -8.51584e-06
 5.17947e-02 8.34345e+03 1.11798e-11 -1.06039e-05
 6.44947e-02 8.45977e+03 1.28776e-11 -1.32040e-05
 8.03086e-02 8.58847e+03 1.47053e-11 -1.64415e-05
 1.00000e-01 8.73132e+03 1.66674e-11 -2.04730e-05
 1.24520e-01 8.89021e+03 1.87792e-11 -2.54928e-05
 1.55052e-01 9.06697e+03 2.10703e-11 -3.17434e-05
 1.93070e-01 9.26332e+03 2.35866e-11 -3.95272e-05
 2.40410e-01 9.48064e+03 2.63896e-11 -4.92195e-05
 2.99358e-01 9.71977e+03 2.95556e-11 -6.12872e-05
 3.72759e-01 9.98082e+03 3.31734e-11 -7.63536e-05
 4.64159e-01 1.02632e+04 3.73429e-11 -9.50265e-05
 5.77969e-01 1.05657e+04 4.21730e-11 -1.18327e-04
 7.19686e-01 1.08870e+04 4.77812e-11 -1.47340e-04
 8.96151e-01 1.12260e+04 5.42929e-11 -1.83467e-04
 1.11588e+00 1.15821e+04 6.18414e-11 -2.28453e-04
 1.38950e+00 1.19552e+04 7.05672e-11 -2.84470e-04
 1.73020e+00 1.23454e+04 8.06172e-11 -3.54221e-04
 2.15443e+00 1.27534e+04 9.21391e-11 -4.41074e-04
 2.68270e+00 1.31797e+04 1.05275e-10 -5.49225e-04
 3.34048e+00 1.36249e+04 1.20159e-10 -6.14186e-04
 4.15956e+00 1.40894e+04 1.36938e-10 -6.14186e-04
 5.17947e+00 1.45759e+04 1.55806e-10 -6.14186e-04
 6.44947e+00 1.50820e+04 1.77145e-10 -6.14186e-04
 8.03086e+00 1.56150e+04 2.01352e-10 -6.14186e-04
 1.00000e+01 1.61711e+04 2.29056e-10 -6.14186e-04
 1.24520e+01 1.67619e+04 2.60711e-10 -6.14186e-04
 1.55052e+01 1.73555e+04 2.97360e-10 -6.14186e-04
 1.93070e+01 1.80511e+04 3.38214e-10 -6.14186e-04
 2.40410e+01 1.86362e+04 3.87450e-10 -6.14186e-04
 2.99358e+01 1.94965e+04 4.39030e-10 -6.14186e-04
 3.72759e+01 2.00550e+04 5.05231e-10 -6.14186e-04
 4.64159e+01 2.10549e+04 5.70809e-10 -6.14186e-04
 5.77969e+01 2.17043e+04 6.56198e-10 -6.14186e-04
 7.19686e+01 2.27069e+04 7.43634e-10 -6.14186e-04
 8.96151e+01 2.35998e+04 8.49022e-10 -6.14186e-04
 1.11588e+02 2.44783e+04 9.69912e-10 -6.14186e-04
 1.38950e+02 2.57592e+04 1.09567e-09 -6.14186e-04
 1.73020e+02 2.64929e+04 1.26279e-09 -6.14186e-04
 2.15443e+02 2.80505e+04 1.41713e-09 -6.14186e-04
 2.68270e+02 2.91006e+04 1.62342e-09 -6.14184e-04
 3.34048e+02 3.04920e+04 1.84023e-09 -6.14179e-04
 4.15956e+02 3.20619e+04 2.08172e-09 -6.14147e-04
 5.17947e+02 3.36905e+04 2.35853e-09 -6.13898e-04
 6.44947e+02 3.50117e+04 2.69344e-09 -6.11480e-04
 8.03086e+02 3.74730e+04 2.97608e-09 -6.03271e-04
 1.00000e+03 4.14355e+04 3.20062e-09 -6.12836e-04
