#n1=128 n2=4 Teff=10000 R=1.3292e+12 L=1.2590e+37 logg=+2.50
#   tau          T          rho         Fconv
 0.00000e+00 5.47129e+03 1.46457e-21 +0.00000e+00
 1.00000e-09 5.47129e+03 1.51366e-18 +0.00000e+00
 1.24520e-09 5.46977e+03 1.88645e-18 +0.00000e+00
 1.55052e-09 5.46902e+03 2.35080e-18 +0.00000e+00
 1.93070e-09 5.46894e+03 2.92919e-18 +0.00000e+00
 2.40410e-09 5.46945e+03 3.64959e-18 +0.00000e+00
 2.99358e-09 5.47048e+03 4.54683e-18 +0.00000e+00
 3.72759e-09 5.47198e+03 5.66427e-18 +0.00000e+00
 4.64159e-09 5.47393e+03 7.05591e-18 +0.00000e+00
 5.77969e-09 5.47631e+03 8.78895e-18 +0.00000e+00
 7.19686e-09 5.47911e+03 1.09470e-17 +0.00000e+00
 8.96151e-09 5.48233e+03 1.36342e-17 +0.00000e+00
 1.11588e-08 5.48600e+03 1.69800e-17 +0.00000e+00
 1.38950e-08 5.49014e+03 2.11456e-17 +0.00000e+00
 1.73020e-08 5.49480e+03 2.63313e-17 +0.00000e+00
 2.15443e-08 5.50004e+03 3.27862e-17 +0.00000e+00
 2.68270e-08 5.50592e+03 4.08199e-17 +0.00000e+00
 3.34048e-08 5.51255e+03 5.08170e-17 +0.00000e+00
 4.15956e-08 5.52002e+03 6.32550e-17 +0.00000e+00
 5.17947e-08 5.52845e+03 7.87264e-17 +0.00000e+00
 6.44947e-08 5.53799e+03 9.79659e-17 +0.00000e+00
 8.03086e-08 5.54878e+03 1.21885e-16 +0.00000e+00
 1.00000e-07 5.56099e+03 1.51611e-16 +0.00000e+00
 1.24520e-07 5.57480e+03 1.88546e-16 +0.00000e+00
 1.55052e-07 5.59041e+03 2.34424e-16 +0.00000e+00
 1.93070e-07 5.60801e+03 2.91399e-16 +0.00000e+00
 2.40410e-07 5.62780e+03 3.62143e-16 +0.00000e+00
 2.99358e-07 5.65000e+03 4.49973e-16 +0.00000e+00
 3.72759e-07 5.67479e+03 5.58981e-16 +0.00000e+00
 4.64159e-07 5.70235e+03 6.94166e-16 +0.00000e+00
 5.77969e-07 5.73283e+03 8.61690e-16 +0.00000e+00
 7.19686e-07 5.76633e+03 1.06918e-15 +0.00000e+00
 8.96151e-07 5.80289e+03 1.32602e-15 +0.00000e+00
 1.11588e-06 5.84250e+03 1.64381e-15 +0.00000e+00
 1.38950e-06 5.88506e+03 2.03692e-15 +0.00000e+00
 1.73020e-06 5.93045e+03 2.52318e-15 +0.00000e+00
 2.15443e-06 5.97848e+03 3.12480e-15 +0.00000e+00
 2.68270e-06 6.02894e+03 3.86950e-15 +0.00000e+00
 3.34048e-06 6.08158e+03 4.79182e-15 +0.00000e+00
 4.15956e-06 6.13613e+03 5.93479e-15 +0.00000e+00
 5.17947e-06 6.19228e+03 7.35192e-15 +0.00000e+00
 6.44947e-06 6.24968e+03 9.10979e-15 +0.00000e+00
 8.03086e-06 6.30785e+03 1.12914e-14 +0.00000e+00
 1.00000e-05 6.36624e+03 1.40016e-14 +0.00000e+00
 1.24520e-05 6.42421e+03 1.73737e-14 +0.00000e+00
 1.55052e-05 6.48119e+03 2.15764e-14 +0.00000e+00
 1.93070e-05 6.53665e+03 2.68221e-14 +0.00000e+00
 2.40410e-05 6.59034e+03 3.33762e-14 +0.00000e+00
 2.99358e-05 6.64226e+03 4.15689e-14 +0.00000e+00
 3.72759e-05 6.69273e+03 5.18103e-14 +0.00000e+00
 4.64159e-05 6.74231e+03 6.46088e-14 +0.00000e+00
 5.77969e-05 6.79159e+03 8.05945e-14 +0.00000e+00
 7.19686e-05 6.84113e+03 1.00549e-13 +0.00000e+00
 8.96151e-05 6.89130e+03 1.25437e-13 +0.00000e+00
 1.11588e-04 6.94233e+03 1.56450e-13 +0.00000e+00
 1.38950e-04 6.99436e+03 1.95039e-13 +0.00000e+00
 1.73020e-04 7.04743e+03 2.42973e-13 +0.00000e+00
 2.15443e-04 7.10149e+03 3.02408e-13 +0.00000e+00
 2.68270e-04 7.15641e+03 3.75970e-13 +0.00000e+00
 3.34048e-04 7.21204e+03 4.66859e-13 +0.00000e+00
 4.15956e-04 7.26814e+03 5.78960e-13 +0.00000e+00
 5.17947e-04 7.32451e+03 7.16956e-13 +0.00000e+00
 6.44947e-04 7.38094e+03 8.86432e-13 +0.00000e+00
 8.03086e-04 7.43728e+03 1.09395e-12 +0.00000e+00
 1.00000e-03 7.49346e+03 1.34711e-12 +0.00000e+00
 1.24520e-03 7.54942e+03 1.65467e-12 -2.54537e-07
 1.55052e-03 7.60522e+03 2.02661e-12 -3.16950e-07
 1.93070e-03 7.66099e+03 2.47420e-12 -3.94663e-07
 2.40410e-03 7.71700e+03 3.01001e-12 -4.91435e-07
 2.99358e-03 7.77365e+03 3.64759e-12 -6.11932e-07
 3.72759e-03 7.83154e+03 4.40105e-12 -7.61977e-07
 4.64159e-03 7.89139e+03 5.28392e-12 -9.48810e-07
 5.77969e-03 7.95401e+03 6.30871e-12 -1.18146e-06
 7.19686e-03 8.02012e+03 7.48610e-12 -1.47115e-06
 8.96151e-03 8.09035e+03 8.82524e-12 -1.83186e-06
 1.11588e-02 8.16511e+03 1.03342e-11 -2.28103e-06
 1.38950e-02 8.24464e+03 1.20186e-11 -2.84035e-06
 1.73020e-02 8.32902e+03 1.38857e-11 -3.53679e-06
 2.15443e-02 8.41826e+03 1.59425e-11 -4.40400e-06
 2.68270e-02 8.51244e+03 1.81996e-11 -5.48384e-06
 3.34048e-02 8.61176e+03 2.06696e-11 -6.82846e-06
 4.15956e-02 8.71672e+03 2.33685e-11 -8.50279e-06
 5.17947e-02 8.82809e+03 2.63148e-11 -1.05877e-05
 6.44947e-02 8.94724e+03 2.95286e-11 -1.31837e-05
 8.03086e-02 9.07600e+03 3.30343e-11 -1.64163e-05
 1.00000e-01 9.21666e+03 3.68604e-11 -2.04416e-05
 1.24520e-01 9.37201e+03 4.10448e-11 -2.54537e-05
 1.55052e-01 9.54508e+03 4.56405e-11 -3.16951e-05
 1.93070e-01 9.73897e+03 5.07218e-11 -3.94663e-05
 2.40410e-01 9.95640e+03 5.63916e-11 -4.91430e-05
 2.99358e-01 1.01994e+04 6.27842e-11 -6.11939e-05
 3.72759e-01 1.04689e+04 7.00664e-11 -7.62166e-05
 4.64159e-01 1.07646e+04 7.84328e-11 -9.48810e-05
 5.77969e-01 1.10852e+04 8.81027e-11 -1.18146e-04
 7.19686e-01 1.14288e+04 9.93129e-11 -1.47115e-04
 8.96151e-01 1.17936e+04 1.12313e-10 -1.83186e-04
 1.11588e+00 1.21785e+04 1.27361e-10 -2.28103e-04
 1.38950e+00 1.25833e+04 1.44716e-10 -2.84035e-04
 1.73020e+00 1.30081e+04 1.64637e-10 -3.53679e-04
 2.15443e+00 1.34536e+04 1.87365e-10 -4.40399e-04
 2.68270e+00 1.39205e+04 2.13125e-10 -5.48384e-04
 3.34048e+00 1.44097e+04 2.42149e-10 -6.13246e-04
 4.15956e+00 1.49220e+04 2.74783e-10 -6.13246e-04
 5.17947e+00 1.54616e+04 3.11546e-10 -6.13246e-04
 6.44947e+00 1.60258e+04 3.53346e-10 -6.13246e-04
 8.03086e+00 1.66237e+04 4.00972e-10 -6.13246e-04
 1.00000e+01 1.72508e+04 4.55578e-10 -6.13246e-04
 1.24520e+01 1.79232e+04 5.17865e-10 -6.13246e-04
 1.55052e+01 1.86036e+04 5.89851e-10 -6.13246e-04
 1.93070e+01 1.93985e+04 6.69959e-10 -6.13246e-04
 2.40410e+01 2.00977e+04 7.65787e-10 -6.13246e-04
 2.99358e+01 2.10592e+04 8.67276e-10 -6.13246e-04
 3.72759e+01 2.17672e+04 9.94730e-10 -6.13246e-04
 4.64159e+01 2.28483e+04 1.12509e-09 -6.13246e-04
 5.77969e+01 2.36440e+04 1.28969e-09 -6.13246e-04
 7.19686e+01 2.47218e+04 1.46303e-09 -6.13246e-04
 8.96151e+01 2.57191e+04 1.66834e-09 -6.13246e-04
 1.11588e+02 2.67072e+04 1.90299e-09 -6.13246e-04
 1.38950e+02 2.80262e+04 2.15169e-09 -6.13246e-04
 1.73020e+02 2.89571e+04 2.46585e-09 -6.13246e-04
 2.15443e+02 3.05366e+04 2.77255e-09 -6.13246e-04
 2.68270e+02 3.17839e+04 3.15931e-09 -6.13242e-04
 3.34048e+02 3.33609e+04 3.56834e-09 -6.13221e-04
 4.15956e+02 3.51016e+04 4.02207e-09 -6.13029e-04
 5.17947e+02 3.69881e+04 4.52485e-09 -6.11509e-04
 6.44947e+02 3.87401e+04 5.11266e-09 -6.04213e-04
 8.03086e+02 4.09140e+04 5.71655e-09 -5.98426e-04
 1.00000e+03 4.42541e+04 6.26893e-09 -6.11355e-04
