#n1=128 n2=4 Teff=10600 R=1.1894e+11 L=1.2722e+35 logg=+4.50
#   tau          T          rho         Fconv
 0.00000e+00 7.71023e+03 9.69294e-22 +0.00000e+00
 1.00000e-09 7.71023e+03 1.06066e-16 +0.00000e+00
 1.24520e-09 7.66216e+03 1.33032e-16 +0.00000e+00
 1.55052e-09 7.59657e+03 1.67236e-16 +0.00000e+00
 1.93070e-09 7.51209e+03 2.10766e-16 +0.00000e+00
 2.40410e-09 7.39313e+03 2.66893e-16 +0.00000e+00
 2.99358e-09 7.18786e+03 3.42095e-16 +0.00000e+00
 3.72759e-09 7.07422e+03 4.33129e-16 +0.00000e+00
 4.64159e-09 7.02143e+03 5.43768e-16 +0.00000e+00
 5.77969e-09 6.99408e+03 6.80247e-16 +0.00000e+00
 7.19686e-09 6.97430e+03 8.50109e-16 +0.00000e+00
 8.96151e-09 6.95902e+03 1.06177e-15 +0.00000e+00
 1.11588e-08 6.94691e+03 1.32561e-15 +0.00000e+00
 1.38950e-08 6.93727e+03 1.65456e-15 +0.00000e+00
 1.73020e-08 6.92964e+03 2.06470e-15 +0.00000e+00
 2.15443e-08 6.92362e+03 2.57611e-15 +0.00000e+00
 2.68270e-08 6.91899e+03 3.21378e-15 +0.00000e+00
 3.34048e-08 6.91553e+03 4.00891e-15 +0.00000e+00
 4.15956e-08 6.91308e+03 5.00052e-15 +0.00000e+00
 5.17947e-08 6.91149e+03 6.23758e-15 +0.00000e+00
 6.44947e-08 6.91064e+03 7.78177e-15 +0.00000e+00
 8.03086e-08 6.91042e+03 9.71135e-15 +0.00000e+00
 1.00000e-07 6.91076e+03 1.21263e-14 +0.00000e+00
 1.24520e-07 6.91158e+03 1.51541e-14 +0.00000e+00
 1.55052e-07 6.91284e+03 1.89453e-14 +0.00000e+00
 1.93070e-07 6.91447e+03 2.36910e-14 +0.00000e+00
 2.40410e-07 6.91647e+03 2.96315e-14 +0.00000e+00
 2.99358e-07 6.91880e+03 3.70677e-14 +0.00000e+00
 3.72759e-07 6.92146e+03 4.63779e-14 +0.00000e+00
 4.64159e-07 6.92446e+03 5.80387e-14 +0.00000e+00
 5.77969e-07 6.92779e+03 7.26551e-14 +0.00000e+00
 7.19686e-07 6.93150e+03 9.09952e-14 +0.00000e+00
 8.96151e-07 6.93559e+03 1.14034e-13 +0.00000e+00
 1.11588e-06 6.94012e+03 1.43003e-13 +0.00000e+00
 1.38950e-06 6.94510e+03 1.79442e-13 +0.00000e+00
 1.73020e-06 6.95059e+03 2.25283e-13 +0.00000e+00
 2.15443e-06 6.95662e+03 2.82950e-13 +0.00000e+00
 2.68270e-06 6.96327e+03 3.55455e-13 +0.00000e+00
 3.34048e-06 6.97059e+03 4.46581e-13 +0.00000e+00
 4.15956e-06 6.97866e+03 5.61059e-13 +0.00000e+00
 5.17947e-06 6.98757e+03 7.04673e-13 +0.00000e+00
 6.44947e-06 6.99742e+03 8.84217e-13 +0.00000e+00
 8.03086e-06 7.00830e+03 1.10749e-12 +0.00000e+00
 1.00000e-05 7.02029e+03 1.38355e-12 +0.00000e+00
 1.24520e-05 7.03353e+03 1.72348e-12 +0.00000e+00
 1.55052e-05 7.04816e+03 2.14142e-12 +0.00000e+00
 1.93070e-05 7.06440e+03 2.65571e-12 +0.00000e+00
 2.40410e-05 7.08248e+03 3.29047e-12 +0.00000e+00
 2.99358e-05 7.10270e+03 4.07785e-12 +0.00000e+00
 3.72759e-05 7.12541e+03 5.05961e-12 +0.00000e+00
 4.64159e-05 7.15091e+03 6.28908e-12 +0.00000e+00
 5.77969e-05 7.17951e+03 7.83366e-12 +0.00000e+00
 7.19686e-05 7.21141e+03 9.77772e-12 +0.00000e+00
 8.96151e-05 7.24674e+03 1.22247e-11 +0.00000e+00
 1.11588e-04 7.28549e+03 1.52977e-11 +0.00000e+00
 1.38950e-04 7.32752e+03 1.91397e-11 +0.00000e+00
 1.73020e-04 7.37252e+03 2.39117e-11 +0.00000e+00
 2.15443e-04 7.42007e+03 2.97859e-11 +0.00000e+00
 2.68270e-04 7.46965e+03 3.69451e-11 +0.00000e+00
 3.34048e-04 7.52059e+03 4.55799e-11 +0.00000e+00
 4.15956e-04 7.57233e+03 5.58850e-11 +0.00000e+00
 5.17947e-04 7.62419e+03 6.80698e-11 +0.00000e+00
 6.44947e-04 7.67554e+03 8.23601e-11 +0.00000e+00
 8.03086e-04 7.72596e+03 9.90363e-11 +0.00000e+00
 1.00000e-03 7.77510e+03 1.18398e-10 +0.00000e+00
 1.24520e-03 7.82270e+03 1.40784e-10 -2.54636e-07
 1.55052e-03 7.86879e+03 1.66606e-10 -3.17072e-07
 1.93070e-03 7.91344e+03 1.96320e-10 -3.94817e-07
 2.40410e-03 7.95691e+03 2.30407e-10 -4.91626e-07
 2.99358e-03 7.99962e+03 2.69444e-10 -6.12171e-07
 3.72759e-03 8.04208e+03 3.14017e-10 -7.62273e-07
 4.64159e-03 8.08487e+03 3.64740e-10 -9.49181e-07
 5.77969e-03 8.12855e+03 4.22230e-10 -1.18192e-06
 7.19686e-03 8.17370e+03 4.87063e-10 -1.47172e-06
 8.96151e-03 8.22101e+03 5.59799e-10 -1.83258e-06
 1.11588e-02 8.27117e+03 6.40869e-10 -2.28193e-06
 1.38950e-02 8.32490e+03 7.30530e-10 -2.84145e-06
 1.73020e-02 8.38303e+03 8.28786e-10 -3.53816e-06
 2.15443e-02 8.44648e+03 9.35273e-10 -4.40570e-06
 2.68270e-02 8.51635e+03 1.04920e-09 -5.48598e-06
 3.34048e-02 8.59386e+03 1.16917e-09 -6.83104e-06
 4.15956e-02 8.68040e+03 1.29306e-09 -8.50455e-06
 5.17947e-02 8.77758e+03 1.41795e-09 -1.05873e-05
 6.44947e-02 8.88724e+03 1.54001e-09 -1.31814e-05
 8.03086e-02 9.01147e+03 1.65459e-09 -1.64135e-05
 1.00000e-01 9.15253e+03 1.75642e-09 -2.04400e-05
 1.24520e-01 9.31275e+03 1.84010e-09 -2.54554e-05
 1.55052e-01 9.49435e+03 1.90088e-09 -3.17011e-05
 1.93070e-01 9.69907e+03 1.93596e-09 -3.94817e-05
 2.40410e-01 9.92795e+03 1.94571e-09 -4.91623e-05
 2.99358e-01 1.01810e+04 1.93477e-09 -6.12161e-05
 3.72759e-01 1.04571e+04 1.91189e-09 -7.62254e-05
 4.64159e-01 1.07545e+04 1.88829e-09 -9.49160e-05
 5.77969e-01 1.10709e+04 1.87505e-09 -1.18190e-04
 7.19686e-01 1.14043e+04 1.88084e-09 -1.47172e-04
 8.96151e-01 1.17530e+04 1.91137e-09 -1.83258e-04
 1.11588e+00 1.21159e+04 1.97011e-09 -2.28193e-04
 1.38950e+00 1.24928e+04 2.05965e-09 -2.84145e-04
 1.73020e+00 1.28838e+04 2.18252e-09 -3.53816e-04
 2.15443e+00 1.32890e+04 2.34162e-09 -4.40570e-04
 2.68270e+00 1.37087e+04 2.54026e-09 -5.48598e-04
 3.34048e+00 1.41432e+04 2.78202e-09 -6.13484e-04
 4.15956e+00 1.45933e+04 3.07065e-09 -6.13484e-04
 5.17947e+00 1.50636e+04 3.40932e-09 -6.13484e-04
 6.44947e+00 1.55456e+04 3.80416e-09 -6.13484e-04
 8.03086e+00 1.60538e+04 4.25591e-09 -6.13484e-04
 1.00000e+01 1.65809e+04 4.77158e-09 -6.13483e-04
 1.24520e+01 1.71411e+04 5.35322e-09 -6.13480e-04
 1.55052e+01 1.77084e+04 6.01738e-09 -6.13469e-04
 1.93070e+01 1.83658e+04 6.74592e-09 -6.13449e-04
 2.40410e+01 1.89282e+04 7.62468e-09 -6.13391e-04
 2.99358e+01 1.97509e+04 8.52557e-09 -6.13393e-04
 3.72759e+01 2.02822e+04 9.70842e-09 -6.13189e-04
 4.64159e+01 2.12367e+04 1.08526e-08 -6.13248e-04
 5.77969e+01 2.19492e+04 1.23257e-08 -6.12860e-04
 7.19686e+01 2.27280e+04 1.39653e-08 -6.11895e-04
 8.96151e+01 2.38706e+04 1.56579e-08 -6.11436e-04
 1.11588e+02 2.46023e+04 1.78901e-08 -6.04160e-04
 1.38950e+02 2.57908e+04 2.01093e-08 -5.96112e-04
 1.73020e+02 2.68531e+04 2.28020e-08 -5.62335e-04
 2.15443e+02 2.80748e+04 2.57661e-08 -4.86345e-04
 2.68270e+02 2.93871e+04 2.91313e-08 -3.04731e-04
 3.34048e+02 3.08140e+04 3.29278e-08 +1.00538e-04
 4.15956e+02 3.21366e+04 3.74044e-08 +1.33507e-03
 5.17947e+02 3.42986e+04 4.18065e-08 +2.00400e-03
 6.44947e+02 3.49968e+04 4.85540e-08 +9.73076e-03
 8.03086e+02 4.12753e+04 4.96016e-08 +3.34237e-03
 1.00000e+03 4.65092e+04 5.42052e-08 +2.10332e-03
