#n1=128 n2=4 Teff=10800 R=8.0593e+11 L=6.3041e+36 logg=+3.00
#   tau          T          rho         Fconv
 0.00000e+00 8.13259e+03 9.18709e-22 +0.00000e+00
 1.00000e-09 8.13259e+03 2.75335e-18 +0.00000e+00
 1.24520e-09 8.14214e+03 3.43600e-18 +0.00000e+00
 1.55052e-09 8.15202e+03 4.28933e-18 +0.00000e+00
 1.93070e-09 8.16216e+03 5.35629e-18 +0.00000e+00
 2.40410e-09 8.17258e+03 6.69059e-18 +0.00000e+00
 2.99358e-09 8.18326e+03 8.35946e-18 +0.00000e+00
 3.72759e-09 8.19422e+03 1.04470e-17 +0.00000e+00
 4.64159e-09 8.20547e+03 1.30588e-17 +0.00000e+00
 5.77969e-09 8.21700e+03 1.63269e-17 +0.00000e+00
 7.19686e-09 8.22881e+03 2.04175e-17 +0.00000e+00
 8.96151e-09 8.24086e+03 2.55383e-17 +0.00000e+00
 1.11588e-08 8.25311e+03 3.19486e-17 +0.00000e+00
 1.38950e-08 8.26550e+03 3.99708e-17 +0.00000e+00
 1.73020e-08 8.27796e+03 5.00041e-17 +0.00000e+00
 2.15443e-08 8.29038e+03 6.25432e-17 +0.00000e+00
 2.68270e-08 8.30265e+03 7.82046e-17 +0.00000e+00
 3.34048e-08 8.31464e+03 9.77561e-17 +0.00000e+00
 4.15956e-08 8.32621e+03 1.22153e-16 +0.00000e+00
 5.17947e-08 8.33721e+03 1.52584e-16 +0.00000e+00
 6.44947e-08 8.34750e+03 1.90532e-16 +0.00000e+00
 8.03086e-08 8.35690e+03 2.37845e-16 +0.00000e+00
 1.00000e-07 8.36527e+03 2.96831e-16 +0.00000e+00
 1.24520e-07 8.37245e+03 3.70369e-16 +0.00000e+00
 1.55052e-07 8.37827e+03 4.62057e-16 +0.00000e+00
 1.93070e-07 8.38254e+03 5.76391e-16 +0.00000e+00
 2.40410e-07 8.38507e+03 7.18996e-16 +0.00000e+00
 2.99358e-07 8.38561e+03 8.96914e-16 +0.00000e+00
 3.72759e-07 8.38385e+03 1.11897e-15 +0.00000e+00
 4.64159e-07 8.37940e+03 1.39624e-15 +0.00000e+00
 5.77969e-07 8.37168e+03 1.74268e-15 +0.00000e+00
 7.19686e-07 8.35978e+03 2.17596e-15 +0.00000e+00
 8.96151e-07 8.34221e+03 2.71860e-15 +0.00000e+00
 1.11588e-06 8.31563e+03 3.40006e-15 +0.00000e+00
 1.38950e-06 8.27724e+03 4.25829e-15 +0.00000e+00
 1.73020e-06 8.22445e+03 5.34240e-15 +0.00000e+00
 2.15443e-06 8.16034e+03 6.71197e-15 +0.00000e+00
 2.68270e-06 8.09328e+03 8.43615e-15 +0.00000e+00
 3.34048e-06 8.03116e+03 1.05974e-14 +0.00000e+00
 4.15956e-06 7.97907e+03 1.32963e-14 +0.00000e+00
 5.17947e-06 7.93363e+03 1.66692e-14 +0.00000e+00
 6.44947e-06 7.89569e+03 2.08788e-14 +0.00000e+00
 8.03086e-06 7.86378e+03 2.61320e-14 +0.00000e+00
 1.00000e-05 7.83655e+03 3.26879e-14 +0.00000e+00
 1.24520e-05 7.81277e+03 4.08690e-14 +0.00000e+00
 1.55052e-05 7.79133e+03 5.10736e-14 +0.00000e+00
 1.93070e-05 7.77119e+03 6.37978e-14 +0.00000e+00
 2.40410e-05 7.75132e+03 7.96598e-14 +0.00000e+00
 2.99358e-05 7.73064e+03 9.94266e-14 +0.00000e+00
 3.72759e-05 7.70801e+03 1.24047e-13 +0.00000e+00
 4.64159e-05 7.68216e+03 1.54691e-13 +0.00000e+00
 5.77969e-05 7.65166e+03 1.92799e-13 +0.00000e+00
 7.19686e-05 7.61513e+03 2.40141e-13 +0.00000e+00
 8.96151e-05 7.56923e+03 2.98951e-13 +0.00000e+00
 1.11588e-04 7.51735e+03 3.71755e-13 +0.00000e+00
 1.38950e-04 7.45886e+03 4.61741e-13 +0.00000e+00
 1.73020e-04 7.39881e+03 5.72514e-13 +0.00000e+00
 2.15443e-04 7.33603e+03 7.08735e-13 +0.00000e+00
 2.68270e-04 7.27903e+03 8.75129e-13 +0.00000e+00
 3.34048e-04 7.22891e+03 1.07826e-12 +0.00000e+00
 4.15956e-04 7.18813e+03 1.32591e-12 +0.00000e+00
 5.17947e-04 7.15739e+03 1.62792e-12 +0.00000e+00
 6.44947e-04 7.13920e+03 1.99619e-12 +0.00000e+00
 8.03086e-04 7.13356e+03 2.44655e-12 +0.00000e+00
 1.00000e-03 7.13996e+03 3.00022e-12 +0.00000e+00
 1.24520e-03 7.15772e+03 3.68528e-12 -2.54251e-07
 1.55052e-03 7.18586e+03 4.53778e-12 -3.16593e-07
 1.93070e-03 7.22340e+03 5.60425e-12 -3.94220e-07
 2.40410e-03 7.26919e+03 6.94120e-12 -4.90882e-07
 2.99358e-03 7.32205e+03 8.61722e-12 -6.11245e-07
 3.72759e-03 7.38078e+03 1.07119e-11 -7.61120e-07
 4.64159e-03 7.44449e+03 1.33118e-11 -9.47744e-07
 5.77969e-03 7.51236e+03 1.65068e-11 -1.18013e-06
 7.19686e-03 7.58370e+03 2.03805e-11 -1.46949e-06
 8.96151e-03 7.65832e+03 2.49988e-11 -1.82981e-06
 1.11588e-02 7.73620e+03 3.04005e-11 -2.27848e-06
 1.38950e-02 7.81777e+03 3.65814e-11 -2.83714e-06
 1.73020e-02 7.90379e+03 4.34941e-11 -3.53280e-06
 2.15443e-02 7.99527e+03 5.10331e-11 -4.39902e-06
 2.68270e-02 8.09363e+03 5.90385e-11 -5.47764e-06
 3.34048e-02 8.20052e+03 6.72913e-11 -6.82074e-06
 4.15956e-02 8.31786e+03 7.55279e-11 -8.49316e-06
 5.17947e-02 8.44780e+03 8.34655e-11 -1.05757e-05
 6.44947e-02 8.59269e+03 9.08339e-11 -1.31689e-05
 8.03086e-02 8.75494e+03 9.74365e-11 -1.63978e-05
 1.00000e-01 8.93692e+03 1.03219e-10 -2.04185e-05
 1.24520e-01 9.14070e+03 1.08332e-10 -2.54251e-05
 1.55052e-01 9.36771e+03 1.13149e-10 -3.16593e-05
 1.93070e-01 9.61844e+03 1.18226e-10 -3.94220e-05
 2.40410e-01 9.89226e+03 1.24183e-10 -4.90882e-05
 2.99358e-01 1.01875e+04 1.31597e-10 -6.11246e-05
 3.72759e-01 1.05018e+04 1.40951e-10 -7.61130e-05
 4.64159e-01 1.08327e+04 1.52652e-10 -9.47750e-05
 5.77969e-01 1.11779e+04 1.67065e-10 -1.18013e-04
 7.19686e-01 1.15356e+04 1.84549e-10 -1.46949e-04
 8.96151e-01 1.19044e+04 2.05473e-10 -1.82981e-04
 1.11588e+00 1.22838e+04 2.30220e-10 -2.27848e-04
 1.38950e+00 1.26738e+04 2.59193e-10 -2.83714e-04
 1.73020e+00 1.30747e+04 2.92816e-10 -3.53280e-04
 2.15443e+00 1.34872e+04 3.31527e-10 -4.39904e-04
 2.68270e+00 1.39122e+04 3.75776e-10 -5.47767e-04
 3.34048e+00 1.43504e+04 4.26019e-10 -6.12557e-04
 4.15956e+00 1.48032e+04 4.82750e-10 -6.12557e-04
 5.17947e+00 1.52737e+04 5.46553e-10 -6.12557e-04
 6.44947e+00 1.57589e+04 6.18490e-10 -6.12557e-04
 8.03086e+00 1.62682e+04 6.99470e-10 -6.12557e-04
 1.00000e+01 1.67987e+04 7.91250e-10 -6.12557e-04
 1.24520e+01 1.73604e+04 8.95255e-10 -6.12557e-04
 1.55052e+01 1.79355e+04 1.01431e-09 -6.12557e-04
 1.93070e+01 1.85869e+04 1.14748e-09 -6.12557e-04
 2.40410e+01 1.91677e+04 1.30510e-09 -6.12557e-04
 2.99358e+01 1.99720e+04 1.47232e-09 -6.12557e-04
 3.72759e+01 2.05329e+04 1.68252e-09 -6.12557e-04
 4.64159e+01 2.14603e+04 1.89429e-09 -6.12557e-04
 5.77969e+01 2.21949e+04 2.15757e-09 -6.12557e-04
 7.19686e+01 2.29803e+04 2.45205e-09 -6.12555e-04
 8.96151e+01 2.40973e+04 2.76044e-09 -6.12555e-04
 1.11588e+02 2.48577e+04 3.15631e-09 -6.12550e-04
 1.38950e+02 2.60469e+04 3.55647e-09 -6.12542e-04
 1.73020e+02 2.71052e+04 4.03970e-09 -6.12510e-04
 2.15443e+02 2.83334e+04 4.57159e-09 -6.12423e-04
 2.68270e+02 2.96343e+04 5.17638e-09 -6.12163e-04
 3.34048e+02 3.10966e+04 5.85257e-09 -6.11404e-04
 4.15956e+02 3.23859e+04 6.65949e-09 -6.07388e-04
 5.17947e+02 3.46214e+04 7.43972e-09 -5.96828e-04
 6.44947e+02 3.50977e+04 8.69022e-09 -4.35644e-04
 8.03086e+02 4.11739e+04 8.82823e-09 -5.33113e-04
 1.00000e+03 4.37714e+04 1.01071e-08 -5.14637e-04
