#n1=128 n2=4 Teff=10800 R=1.2121e+11 L=1.4238e+35 logg=+4.50
#   tau          T          rho         Fconv
 0.00000e+00 9.46367e+03 7.89485e-22 +0.00000e+00
 1.00000e-09 9.46367e+03 7.95941e-17 +0.00000e+00
 1.24520e-09 9.47677e+03 9.94577e-17 +0.00000e+00
 1.55052e-09 9.49044e+03 1.24275e-16 +0.00000e+00
 1.93070e-09 9.50457e+03 1.55268e-16 +0.00000e+00
 2.40410e-09 9.51900e+03 1.93965e-16 +0.00000e+00
 2.99358e-09 9.53356e+03 2.42289e-16 +0.00000e+00
 3.72759e-09 9.54801e+03 3.02639e-16 +0.00000e+00
 4.64159e-09 9.56212e+03 3.78073e-16 +0.00000e+00
 5.77969e-09 9.57554e+03 4.72373e-16 +0.00000e+00
 7.19686e-09 9.58796e+03 5.90408e-16 +0.00000e+00
 8.96151e-09 9.59894e+03 7.38140e-16 +0.00000e+00
 1.11588e-08 9.60799e+03 9.23154e-16 +0.00000e+00
 1.38950e-08 9.61451e+03 1.15469e-15 +0.00000e+00
 1.73020e-08 9.61775e+03 1.44435e-15 +0.00000e+00
 2.15443e-08 9.61679e+03 1.80674e-15 +0.00000e+00
 2.68270e-08 9.61049e+03 2.26025e-15 +0.00000e+00
 3.34048e-08 9.59749e+03 2.82823e-15 +0.00000e+00
 4.15956e-08 9.57615e+03 3.54045e-15 +0.00000e+00
 5.17947e-08 9.54469e+03 4.43510e-15 +0.00000e+00
 6.44947e-08 9.50125e+03 5.56146e-15 +0.00000e+00
 8.03086e-08 9.44409e+03 6.98337e-15 +0.00000e+00
 1.00000e-07 9.37121e+03 8.78472e-15 +0.00000e+00
 1.24520e-07 9.27908e+03 1.10789e-14 +0.00000e+00
 1.55052e-07 9.16209e+03 1.40226e-14 +0.00000e+00
 1.93070e-07 9.01396e+03 1.78258e-14 +0.00000e+00
 2.40410e-07 8.83519e+03 2.27609e-14 +0.00000e+00
 2.99358e-07 8.65080e+03 2.91210e-14 +0.00000e+00
 3.72759e-07 8.47347e+03 3.72765e-14 +0.00000e+00
 4.64159e-07 8.32053e+03 4.76054e-14 +0.00000e+00
 5.77969e-07 8.20568e+03 6.05250e-14 +0.00000e+00
 7.19686e-07 8.13884e+03 7.65195e-14 +0.00000e+00
 8.96151e-07 8.09132e+03 9.65656e-14 +0.00000e+00
 1.11588e-06 8.05159e+03 1.21811e-13 +0.00000e+00
 1.38950e-06 8.01342e+03 1.53697e-13 +0.00000e+00
 1.73020e-06 7.97316e+03 1.94027e-13 +0.00000e+00
 2.15443e-06 7.92806e+03 2.45151e-13 +0.00000e+00
 2.68270e-06 7.87567e+03 3.10150e-13 +0.00000e+00
 3.34048e-06 7.81381e+03 3.93082e-13 +0.00000e+00
 4.15956e-06 7.74116e+03 4.99264e-13 +0.00000e+00
 5.17947e-06 7.65792e+03 6.35572e-13 +0.00000e+00
 6.44947e-06 7.56924e+03 8.10000e-13 +0.00000e+00
 8.03086e-06 7.47673e+03 1.03218e-12 +0.00000e+00
 1.00000e-05 7.37843e+03 1.31359e-12 +0.00000e+00
 1.24520e-05 7.28111e+03 1.66599e-12 +0.00000e+00
 1.55052e-05 7.18894e+03 2.10312e-12 +0.00000e+00
 1.93070e-05 7.10360e+03 2.64377e-12 +0.00000e+00
 2.40410e-05 7.03932e+03 3.30486e-12 +0.00000e+00
 2.99358e-05 6.99052e+03 4.11910e-12 +0.00000e+00
 3.72759e-05 6.96352e+03 5.11936e-12 +0.00000e+00
 4.64159e-05 6.95321e+03 6.35689e-12 +0.00000e+00
 5.77969e-05 6.95749e+03 7.90129e-12 +0.00000e+00
 7.19686e-05 6.97398e+03 9.84500e-12 +0.00000e+00
 8.96151e-05 7.00099e+03 1.23037e-11 +0.00000e+00
 1.11588e-04 7.03697e+03 1.54237e-11 +0.00000e+00
 1.38950e-04 7.07982e+03 1.93866e-11 +0.00000e+00
 1.73020e-04 7.12816e+03 2.44124e-11 +0.00000e+00
 2.15443e-04 7.18219e+03 3.07388e-11 +0.00000e+00
 2.68270e-04 7.23933e+03 3.86511e-11 +0.00000e+00
 3.34048e-04 7.29799e+03 4.84597e-11 +0.00000e+00
 4.15956e-04 7.35715e+03 6.04779e-11 +0.00000e+00
 5.17947e-04 7.41559e+03 7.50470e-11 +0.00000e+00
 6.44947e-04 7.47232e+03 9.25253e-11 +0.00000e+00
 8.03086e-04 7.52745e+03 1.13295e-10 +0.00000e+00
 1.00000e-03 7.58071e+03 1.37780e-10 +0.00000e+00
 1.24520e-03 7.63217e+03 1.66405e-10 -2.54636e-07
 1.55052e-03 7.68283e+03 1.99596e-10 -3.17072e-07
 1.93070e-03 7.73184e+03 2.37915e-10 -3.94817e-07
 2.40410e-03 7.78020e+03 2.81864e-10 -4.91625e-07
 2.99358e-03 7.82818e+03 3.31988e-10 -6.12170e-07
 3.72759e-03 7.87680e+03 3.88799e-10 -7.62272e-07
 4.64159e-03 7.92571e+03 4.52966e-10 -9.49179e-07
 5.77969e-03 7.97579e+03 5.25001e-10 -1.18191e-06
 7.19686e-03 8.02744e+03 6.05406e-10 -1.47171e-06
 8.96151e-03 8.08136e+03 6.94608e-10 -1.83258e-06
 1.11588e-02 8.13809e+03 7.92902e-10 -2.28192e-06
 1.38950e-02 8.19826e+03 9.00367e-10 -2.84144e-06
 1.73020e-02 8.26268e+03 1.01679e-09 -3.53815e-06
 2.15443e-02 8.33220e+03 1.14153e-09 -4.40569e-06
 2.68270e-02 8.40799e+03 1.27346e-09 -5.48596e-06
 3.34048e-02 8.49126e+03 1.41075e-09 -6.83015e-06
 4.15956e-02 8.58355e+03 1.55074e-09 -8.50189e-06
 5.17947e-02 8.68672e+03 1.68974e-09 -1.05833e-05
 6.44947e-02 8.80304e+03 1.82291e-09 -1.31766e-05
 8.03086e-02 8.93535e+03 1.94416e-09 -1.64081e-05
 1.00000e-01 9.08700e+03 2.04630e-09 -2.04345e-05
 1.24520e-01 9.26181e+03 2.12155e-09 -2.54501e-05
 1.55052e-01 9.46351e+03 2.16295e-09 -3.16968e-05
 1.93070e-01 9.69483e+03 2.16676e-09 -3.94814e-05
 2.40410e-01 9.95648e+03 2.13537e-09 -4.91610e-05
 2.99358e-01 1.02466e+04 2.07884e-09 -6.12121e-05
 3.72759e-01 1.05613e+04 2.01323e-09 -7.62194e-05
 4.64159e-01 1.08958e+04 1.95565e-09 -9.49120e-05
 5.77969e-01 1.12457e+04 1.91919e-09 -1.18189e-04
 7.19686e-01 1.16077e+04 1.91104e-09 -1.47171e-04
 8.96151e-01 1.19797e+04 1.93410e-09 -1.83258e-04
 1.11588e+00 1.23606e+04 1.98944e-09 -2.28192e-04
 1.38950e+00 1.27505e+04 2.07814e-09 -2.84144e-04
 1.73020e+00 1.31498e+04 2.20192e-09 -3.53815e-04
 2.15443e+00 1.35592e+04 2.36320e-09 -4.40569e-04
 2.68270e+00 1.39795e+04 2.56490e-09 -5.48596e-04
 3.34048e+00 1.44116e+04 2.81027e-09 -6.13484e-04
 4.15956e+00 1.48567e+04 3.10269e-09 -6.13484e-04
 5.17947e+00 1.53178e+04 3.44539e-09 -6.13484e-04
 6.44947e+00 1.57929e+04 3.84284e-09 -6.13484e-04
 8.03086e+00 1.62907e+04 4.29726e-09 -6.13484e-04
 1.00000e+01 1.68097e+04 4.81428e-09 -6.13482e-04
 1.24520e+01 1.73593e+04 5.39799e-09 -6.13478e-04
 1.55052e+01 1.79246e+04 6.06211e-09 -6.13468e-04
 1.93070e+01 1.85634e+04 6.79754e-09 -6.13451e-04
 2.40410e+01 1.91397e+04 7.67147e-09 -6.13404e-04
 2.99358e+01 1.99302e+04 8.58857e-09 -6.13399e-04
 3.72759e+01 2.04909e+04 9.75914e-09 -6.13236e-04
 4.64159e+01 2.14066e+04 1.09265e-08 -6.13240e-04
 5.77969e+01 2.21370e+04 1.23913e-08 -6.12859e-04
 7.19686e+01 2.29179e+04 1.40344e-08 -6.11839e-04
 8.96151e+01 2.40248e+04 1.57493e-08 -6.11043e-04
 1.11588e+02 2.47825e+04 1.79644e-08 -6.03120e-04
 1.38950e+02 2.59630e+04 2.01942e-08 -5.93368e-04
 1.73020e+02 2.70146e+04 2.28970e-08 -5.53085e-04
 2.15443e+02 2.82351e+04 2.58633e-08 -4.63181e-04
 2.68270e+02 2.95266e+04 2.92448e-08 -2.39362e-04
 3.34048e+02 3.09812e+04 3.30149e-08 +2.13734e-04
 4.15956e+02 3.22552e+04 3.75410e-08 +1.72134e-03
 5.17947e+02 3.44682e+04 4.19030e-08 +2.42193e-03
 6.44947e+02 3.50809e+04 4.87534e-08 +1.11682e-02
 8.03086e+02 4.16551e+04 4.94489e-08 +3.88762e-03
 1.00000e+03 4.71079e+04 5.39210e-08 +1.62445e-03
