#n1=128 n2=4 Teff=10800 R=3.0493e+12 L=9.0187e+37 logg=+2.00
#   tau          T          rho         Fconv
 0.00000e+00 8.77741e+03 8.51878e-22 +0.00000e+00
 1.00000e-09 8.77741e+03 2.29660e-19 +0.00000e+00
 1.24520e-09 8.77799e+03 2.86350e-19 +0.00000e+00
 1.55052e-09 8.77916e+03 3.57074e-19 +0.00000e+00
 1.93070e-09 8.78021e+03 4.45370e-19 +0.00000e+00
 2.40410e-09 8.78115e+03 5.55591e-19 +0.00000e+00
 2.99358e-09 8.78192e+03 6.93182e-19 +0.00000e+00
 3.72759e-09 8.78246e+03 8.64937e-19 +0.00000e+00
 4.64159e-09 8.78265e+03 1.07937e-18 +0.00000e+00
 5.77969e-09 8.78240e+03 1.34714e-18 +0.00000e+00
 7.19686e-09 8.78153e+03 1.68119e-18 +0.00000e+00
 8.96151e-09 8.77874e+03 2.09777e-18 +0.00000e+00
 1.11588e-08 8.74693e+03 2.62709e-18 +0.00000e+00
 1.38950e-08 8.48967e+03 3.37005e-18 +0.00000e+00
 1.73020e-08 7.95793e+03 4.49215e-18 +0.00000e+00
 2.15443e-08 7.72024e+03 5.80515e-18 +0.00000e+00
 2.68270e-08 7.59450e+03 7.42231e-18 +0.00000e+00
 3.34048e-08 7.52820e+03 9.42361e-18 +0.00000e+00
 4.15956e-08 7.48228e+03 1.19548e-17 +0.00000e+00
 5.17947e-08 7.44591e+03 1.51490e-17 +0.00000e+00
 6.44947e-08 7.41965e+03 1.91677e-17 +0.00000e+00
 8.03086e-08 7.39909e+03 2.42093e-17 +0.00000e+00
 1.00000e-07 7.37869e+03 3.05282e-17 +0.00000e+00
 1.24520e-07 7.36201e+03 3.84304e-17 +0.00000e+00
 1.55052e-07 7.34452e+03 4.83225e-17 +0.00000e+00
 1.93070e-07 7.32482e+03 6.07178e-17 +0.00000e+00
 2.40410e-07 7.30208e+03 7.62633e-17 +0.00000e+00
 2.99358e-07 7.27651e+03 9.57637e-17 +0.00000e+00
 3.72759e-07 7.24941e+03 1.20211e-16 +0.00000e+00
 4.64159e-07 7.22255e+03 1.50826e-16 +0.00000e+00
 5.77969e-07 7.19762e+03 1.89114e-16 +0.00000e+00
 7.19686e-07 7.17501e+03 2.36968e-16 +0.00000e+00
 8.96151e-07 7.15517e+03 2.96734e-16 +0.00000e+00
 1.11588e-06 7.14348e+03 3.71066e-16 +0.00000e+00
 1.38950e-06 7.12825e+03 4.64150e-16 +0.00000e+00
 1.73020e-06 7.11514e+03 5.80316e-16 +0.00000e+00
 2.15443e-06 7.10394e+03 7.25258e-16 +0.00000e+00
 2.68270e-06 7.09455e+03 9.06064e-16 +0.00000e+00
 3.34048e-06 7.08691e+03 1.13155e-15 +0.00000e+00
 4.15956e-06 7.08106e+03 1.41268e-15 +0.00000e+00
 5.17947e-06 7.07703e+03 1.76307e-15 +0.00000e+00
 6.44947e-06 7.07748e+03 2.19886e-15 +0.00000e+00
 8.03086e-06 7.07708e+03 2.74259e-15 +0.00000e+00
 1.00000e-05 7.07880e+03 3.41966e-15 +0.00000e+00
 1.24520e-05 7.08264e+03 4.26257e-15 +0.00000e+00
 1.55052e-05 7.08879e+03 5.31168e-15 +0.00000e+00
 1.93070e-05 7.09742e+03 6.61710e-15 +0.00000e+00
 2.40410e-05 7.10978e+03 8.23903e-15 +0.00000e+00
 2.99358e-05 7.12367e+03 1.02561e-14 +0.00000e+00
 3.72759e-05 7.14064e+03 1.27610e-14 +0.00000e+00
 4.64159e-05 7.16149e+03 1.58684e-14 +0.00000e+00
 5.77969e-05 7.18519e+03 1.97234e-14 +0.00000e+00
 7.19686e-05 7.21271e+03 2.45000e-14 +0.00000e+00
 8.96151e-05 7.24425e+03 3.04135e-14 +0.00000e+00
 1.11588e-04 7.27997e+03 3.77277e-14 +0.00000e+00
 1.38950e-04 7.31993e+03 4.67656e-14 +0.00000e+00
 1.73020e-04 7.36409e+03 5.79209e-14 +0.00000e+00
 2.15443e-04 7.41226e+03 7.16723e-14 +0.00000e+00
 2.68270e-04 7.46416e+03 8.85998e-14 +0.00000e+00
 3.34048e-04 7.51934e+03 1.09406e-13 +0.00000e+00
 4.15956e-04 7.57723e+03 1.34942e-13 +0.00000e+00
 5.17947e-04 7.63712e+03 1.66244e-13 +0.00000e+00
 6.44947e-04 7.69829e+03 2.04573e-13 +0.00000e+00
 8.03086e-04 7.75991e+03 2.51460e-13 +0.00000e+00
 1.00000e-03 7.82118e+03 3.08749e-13 +0.00000e+00
 1.24520e-03 7.88138e+03 3.78662e-13 -2.54418e-07
 1.55052e-03 7.93994e+03 4.63872e-13 -3.16800e-07
 1.93070e-03 7.99649e+03 5.67599e-13 -3.94478e-07
 2.40410e-03 8.05095e+03 6.93691e-13 -4.91204e-07
 2.99358e-03 8.10357e+03 8.46722e-13 -6.11646e-07
 3.72759e-03 8.15486e+03 1.03205e-12 -7.61619e-07
 4.64159e-03 8.20553e+03 1.25588e-12 -9.48366e-07
 5.77969e-03 8.25642e+03 1.52539e-12 -1.18090e-06
 7.19686e-03 8.30836e+03 1.84885e-12 -1.47045e-06
 8.96151e-03 8.36217e+03 2.23559e-12 -1.83101e-06
 1.11588e-02 8.41864e+03 2.69609e-12 -2.27997e-06
 1.38950e-02 8.47861e+03 3.24179e-12 -2.83900e-06
 1.73020e-02 8.54299e+03 3.88471e-12 -3.53512e-06
 2.15443e-02 8.61282e+03 4.63752e-12 -4.40192e-06
 2.68270e-02 8.68929e+03 5.51292e-12 -5.48126e-06
 3.34048e-02 8.77373e+03 6.52349e-12 -6.82526e-06
 4.15956e-02 8.86763e+03 7.68210e-12 -8.49879e-06
 5.17947e-02 8.97256e+03 9.00161e-12 -1.05827e-05
 6.44947e-02 9.09023e+03 1.04964e-11 -1.31775e-05
 8.03086e-02 9.22238e+03 1.21833e-11 -1.64086e-05
 1.00000e-01 9.37075e+03 1.40827e-11 -2.04319e-05
 1.24520e-01 9.53702e+03 1.62208e-11 -2.54418e-05
 1.55052e-01 9.72265e+03 1.86310e-11 -3.16800e-05
 1.93070e-01 9.92875e+03 2.13557e-11 -3.94478e-05
 2.40410e-01 1.01560e+04 2.44471e-11 -4.91204e-05
 2.99358e-01 1.04046e+04 2.79679e-11 -6.11646e-05
 3.72759e-01 1.06743e+04 3.19918e-11 -7.61619e-05
 4.64159e-01 1.09644e+04 3.66027e-11 -9.48366e-05
 5.77969e-01 1.12744e+04 4.18950e-11 -1.18090e-04
 7.19686e-01 1.16037e+04 4.79722e-11 -1.47045e-04
 8.96151e-01 1.19519e+04 5.49463e-11 -1.83101e-04
 1.11588e+00 1.23189e+04 6.29350e-11 -2.27997e-04
 1.38950e+00 1.27048e+04 7.20573e-11 -2.83900e-04
 1.73020e+00 1.31098e+04 8.24285e-11 -3.53512e-04
 2.15443e+00 1.35343e+04 9.41596e-11 -4.40193e-04
 2.68270e+00 1.39788e+04 1.07374e-10 -5.48127e-04
 3.34048e+00 1.44440e+04 1.22249e-10 -6.12958e-04
 4.15956e+00 1.49305e+04 1.39058e-10 -6.12958e-04
 5.17947e+00 1.54445e+04 1.58125e-10 -6.12958e-04
 6.44947e+00 1.59743e+04 1.80021e-10 -6.12958e-04
 8.03086e+00 1.65373e+04 2.05010e-10 -6.12958e-04
 1.00000e+01 1.71220e+04 2.33720e-10 -6.12958e-04
 1.24520e+01 1.77465e+04 2.66454e-10 -6.12958e-04
 1.55052e+01 1.83747e+04 3.04237e-10 -6.12958e-04
 1.93070e+01 1.91082e+04 3.46328e-10 -6.12958e-04
 2.40410e+01 1.97320e+04 3.96765e-10 -6.12958e-04
 2.99358e+01 2.06375e+04 4.49723e-10 -6.12958e-04
 3.72759e+01 2.12443e+04 5.17144e-10 -6.12958e-04
 4.64159e+01 2.22641e+04 5.84857e-10 -6.12958e-04
 5.77969e+01 2.30670e+04 6.69370e-10 -6.12958e-04
 7.19686e+01 2.39245e+04 7.64115e-10 -6.12958e-04
 8.96151e+01 2.51150e+04 8.64061e-10 -6.12958e-04
 1.11588e+02 2.59471e+04 9.91547e-10 -6.12958e-04
 1.38950e+02 2.72026e+04 1.12186e-09 -6.12958e-04
 1.73020e+02 2.83382e+04 1.27825e-09 -6.12958e-04
 2.15443e+02 2.96409e+04 1.45100e-09 -6.12957e-04
 2.68270e+02 3.10311e+04 1.64659e-09 -6.12956e-04
 3.34048e+02 3.25729e+04 1.86481e-09 -6.12941e-04
 4.15956e+02 3.40070e+04 2.11985e-09 -6.12813e-04
 5.17947e+02 3.63156e+04 2.36174e-09 -6.12063e-04
 6.44947e+02 3.68935e+04 2.75713e-09 -6.03933e-04
 8.03086e+02 4.19888e+04 2.86568e-09 -6.12721e-04
 1.00000e+03 4.41254e+04 3.29923e-09 -6.12676e-04
