#n1=128 n2=4 Teff=10800 R=4.8224e+13 L=2.2541e+40 logg=+0.00
#   tau          T          rho         Fconv
 0.00000e+00 7.54782e+03 9.90136e-22 +0.00000e+00
 1.00000e-09 7.54782e+03 1.86006e-21 +0.00000e+00
 1.24520e-09 7.55255e+03 2.07858e-21 +0.00000e+00
 1.55052e-09 7.55693e+03 2.35329e-21 +0.00000e+00
 1.93070e-09 7.56172e+03 2.69862e-21 +0.00000e+00
 2.40410e-09 7.56689e+03 3.13311e-21 +0.00000e+00
 2.99358e-09 7.57239e+03 3.68025e-21 +0.00000e+00
 3.72759e-09 7.57817e+03 4.36977e-21 +0.00000e+00
 4.64159e-09 7.58415e+03 5.23930e-21 +0.00000e+00
 5.77969e-09 7.59027e+03 6.33653e-21 +0.00000e+00
 7.19686e-09 7.59643e+03 7.72183e-21 +0.00000e+00
 8.96151e-09 7.60254e+03 9.47163e-21 +0.00000e+00
 1.11588e-08 7.60850e+03 1.16828e-20 +0.00000e+00
 1.38950e-08 7.61418e+03 1.44778e-20 +0.00000e+00
 1.73020e-08 7.61945e+03 1.80121e-20 +0.00000e+00
 2.15443e-08 7.62415e+03 2.24826e-20 +0.00000e+00
 2.68270e-08 7.62810e+03 2.81388e-20 +0.00000e+00
 3.34048e-08 7.63107e+03 3.52974e-20 +0.00000e+00
 4.15956e-08 7.63277e+03 4.43605e-20 +0.00000e+00
 5.17947e-08 7.63288e+03 5.58389e-20 +0.00000e+00
 6.44947e-08 7.63099e+03 7.03826e-20 +0.00000e+00
 8.03086e-08 7.62664e+03 8.88197e-20 +0.00000e+00
 1.00000e-07 7.61930e+03 1.12206e-19 +0.00000e+00
 1.24520e-07 7.60843e+03 1.41888e-19 +0.00000e+00
 1.55052e-07 7.59665e+03 1.79518e-19 +0.00000e+00
 1.93070e-07 7.57829e+03 2.27386e-19 +0.00000e+00
 2.40410e-07 7.55392e+03 2.88297e-19 +0.00000e+00
 2.99358e-07 7.51678e+03 3.66174e-19 +0.00000e+00
 3.72759e-07 7.46797e+03 4.65802e-19 +0.00000e+00
 4.64159e-07 7.43341e+03 5.91454e-19 +0.00000e+00
 5.77969e-07 7.41058e+03 7.49855e-19 +0.00000e+00
 7.19686e-07 7.39381e+03 9.50025e-19 +0.00000e+00
 8.96151e-07 7.38215e+03 1.20319e-18 +0.00000e+00
 1.11588e-06 7.37420e+03 1.52436e-18 +0.00000e+00
 1.38950e-06 7.36961e+03 1.93430e-18 +0.00000e+00
 1.73020e-06 7.36799e+03 2.45389e-18 +0.00000e+00
 2.15443e-06 7.36914e+03 3.11127e-18 +0.00000e+00
 2.68270e-06 7.37292e+03 3.94359e-18 +0.00000e+00
 3.34048e-06 7.37915e+03 4.99797e-18 +0.00000e+00
 4.15956e-06 7.38763e+03 6.33481e-18 +0.00000e+00
 5.17947e-06 7.39822e+03 8.03206e-18 +0.00000e+00
 6.44947e-06 7.41079e+03 1.01909e-17 +0.00000e+00
 8.03086e-06 7.42522e+03 1.29425e-17 +0.00000e+00
 1.00000e-05 7.44140e+03 1.64509e-17 +0.00000e+00
 1.24520e-05 7.45918e+03 2.09158e-17 +0.00000e+00
 1.55052e-05 7.47839e+03 2.65690e-17 +0.00000e+00
 1.93070e-05 7.49877e+03 3.36995e-17 +0.00000e+00
 2.40410e-05 7.52005e+03 4.26706e-17 +0.00000e+00
 2.99358e-05 7.54187e+03 5.39530e-17 +0.00000e+00
 3.72759e-05 7.56385e+03 6.81427e-17 +0.00000e+00
 4.64159e-05 7.58555e+03 8.59929e-17 +0.00000e+00
 5.77969e-05 7.60653e+03 1.08452e-16 +0.00000e+00
 7.19686e-05 7.62639e+03 1.36716e-16 +0.00000e+00
 8.96151e-05 7.64483e+03 1.72294e-16 +0.00000e+00
 1.11588e-04 7.66166e+03 2.17087e-16 +0.00000e+00
 1.38950e-04 7.67707e+03 2.73481e-16 +0.00000e+00
 1.73020e-04 7.69231e+03 3.44432e-16 +0.00000e+00
 2.15443e-04 7.70788e+03 4.33666e-16 +0.00000e+00
 2.68270e-04 7.72399e+03 5.45863e-16 +0.00000e+00
 3.34048e-04 7.74087e+03 6.86897e-16 +0.00000e+00
 4.15956e-04 7.75877e+03 8.64119e-16 +0.00000e+00
 5.17947e-04 7.77794e+03 1.08674e-15 +0.00000e+00
 6.44947e-04 7.79855e+03 1.36629e-15 +0.00000e+00
 8.03086e-04 7.82091e+03 1.71718e-15 +0.00000e+00
 1.00000e-03 7.84533e+03 2.15740e-15 +0.00000e+00
 1.24520e-03 7.87213e+03 2.70941e-15 -2.54592e-07
 1.55052e-03 7.90165e+03 3.40120e-15 -3.17017e-07
 1.93070e-03 7.93609e+03 4.26661e-15 -3.94749e-07
 2.40410e-03 7.97167e+03 5.35100e-15 -4.91541e-07
 2.99358e-03 8.01201e+03 6.70637e-15 -6.12064e-07
 3.72759e-03 8.05494e+03 8.40151e-15 -7.62140e-07
 4.64159e-03 8.10223e+03 1.05182e-14 -9.49015e-07
 5.77969e-03 8.15429e+03 1.31589e-14 -1.18171e-06
 7.19686e-03 8.21131e+03 1.64502e-14 -1.47146e-06
 8.96151e-03 8.27329e+03 2.05494e-14 -1.83227e-06
 1.11588e-02 8.34009e+03 2.56512e-14 -2.28153e-06
 1.38950e-02 8.41143e+03 3.19969e-14 -2.84095e-06
 1.73020e-02 8.48694e+03 3.98858e-14 -3.53754e-06
 2.15443e-02 8.56622e+03 4.96884e-14 -4.40493e-06
 2.68270e-02 8.64896e+03 6.18635e-14 -5.48501e-06
 3.34048e-02 8.73500e+03 7.69773e-14 -6.82993e-06
 4.15956e-02 8.82442e+03 9.57265e-14 -8.50461e-06
 5.17947e-02 8.91761e+03 1.18964e-13 -1.05899e-05
 6.44947e-02 9.01534e+03 1.47730e-13 -1.31865e-05
 8.03086e-02 9.11875e+03 1.83284e-13 -1.64198e-05
 1.00000e-01 9.22939e+03 2.27145e-13 -2.04459e-05
 1.24520e-01 9.34928e+03 2.81128e-13 -2.54592e-05
 1.55052e-01 9.48092e+03 3.47390e-13 -3.17017e-05
 1.93070e-01 9.62735e+03 4.28467e-13 -3.94749e-05
 2.40410e-01 9.79236e+03 5.27307e-13 -4.91541e-05
 2.99358e-01 9.98060e+03 6.47283e-13 -6.12064e-05
 3.72759e-01 1.01976e+04 7.92182e-13 -7.62140e-05
 4.64159e-01 1.04490e+04 9.66202e-13 -9.49015e-05
 5.77969e-01 1.07396e+04 1.17395e-12 -1.18171e-04
 7.19686e-01 1.10712e+04 1.42033e-12 -1.47146e-04
 8.96151e-01 1.14436e+04 1.71007e-12 -1.83227e-04
 1.11588e+00 1.18555e+04 2.04732e-12 -2.34358e-04
 1.38950e+00 1.23072e+04 2.43727e-12 -2.86439e-04
 1.73020e+00 1.28004e+04 2.89046e-12 -3.52848e-04
 2.15443e+00 1.33382e+04 3.42421e-12 -4.40493e-04
 2.68270e+00 1.39247e+04 4.05866e-12 -5.48501e-04
 3.34048e+00 1.45641e+04 4.81422e-12 -6.13378e-04
 4.15956e+00 1.52604e+04 5.71276e-12 -6.13378e-04
 5.17947e+00 1.60206e+04 6.77809e-12 -6.13378e-04
 6.44947e+00 1.68364e+04 8.04506e-12 -6.13378e-04
 8.03086e+00 1.77186e+04 9.54638e-12 -6.13378e-04
 1.00000e+01 1.86539e+04 1.13338e-11 -6.13378e-04
 1.24520e+01 1.96643e+04 1.34484e-11 -6.13378e-04
 1.55052e+01 2.07033e+04 1.59844e-11 -6.13378e-04
 1.93070e+01 2.18956e+04 1.89253e-11 -6.13378e-04
 2.40410e+01 2.30180e+04 2.25418e-11 -6.13378e-04
 2.99358e+01 2.44425e+04 2.65951e-11 -6.13378e-04
 3.72759e+01 2.57078e+04 3.16673e-11 -6.13378e-04
 4.64159e+01 2.72949e+04 3.73141e-11 -6.13378e-04
 5.77969e+01 2.88695e+04 4.40158e-11 -6.13378e-04
 7.19686e+01 3.05417e+04 5.16254e-11 -6.13378e-04
 8.96151e+01 3.24291e+04 6.00463e-11 -6.13378e-04
 1.11588e+02 3.42797e+04 7.02779e-11 -6.13378e-04
 1.38950e+02 3.63568e+04 8.22465e-11 -6.13378e-04
 1.73020e+02 3.84368e+04 9.68705e-11 -6.13378e-04
 2.15443e+02 4.06625e+04 1.14231e-10 -6.13378e-04
 2.68270e+02 4.29382e+04 1.35083e-10 -6.13378e-04
 3.34048e+02 4.53879e+04 1.59680e-10 -6.13378e-04
 4.15956e+02 4.77355e+04 1.89612e-10 -6.13378e-04
 5.17947e+02 5.06305e+04 2.23422e-10 -6.13378e-04
 6.44947e+02 5.27692e+04 2.67296e-10 -6.13378e-04
 8.03086e+02 5.61289e+04 3.13354e-10 -6.13378e-04
 1.00000e+03 5.90726e+04 3.71342e-10 -6.13378e-04
