#n1=128 n2=4 Teff=10800 R=6.6367e+12 L=4.2759e+38 logg=+1.50
#   tau          T          rho         Fconv
 0.00000e+00 9.37828e+03 7.96679e-22 +0.00000e+00
 1.00000e-09 9.37828e+03 6.19506e-20 +0.00000e+00
 1.24520e-09 9.38008e+03 7.71629e-20 +0.00000e+00
 1.55052e-09 9.38207e+03 9.61580e-20 +0.00000e+00
 1.93070e-09 9.38414e+03 1.19879e-19 +0.00000e+00
 2.40410e-09 9.38625e+03 1.49501e-19 +0.00000e+00
 2.99358e-09 9.38840e+03 1.86496e-19 +0.00000e+00
 3.72759e-09 9.39057e+03 2.32702e-19 +0.00000e+00
 4.64159e-09 9.39274e+03 2.90415e-19 +0.00000e+00
 5.77969e-09 9.39491e+03 3.62508e-19 +0.00000e+00
 7.19686e-09 9.39707e+03 4.52571e-19 +0.00000e+00
 8.96151e-09 9.39921e+03 5.65097e-19 +0.00000e+00
 1.11588e-08 9.40134e+03 7.05705e-19 +0.00000e+00
 1.38950e-08 9.40345e+03 8.81426e-19 +0.00000e+00
 1.73020e-08 9.40555e+03 1.10106e-18 +0.00000e+00
 2.15443e-08 9.40764e+03 1.37562e-18 +0.00000e+00
 2.68270e-08 9.40971e+03 1.71890e-18 +0.00000e+00
 3.34048e-08 9.41176e+03 2.14819e-18 +0.00000e+00
 4.15956e-08 9.41377e+03 2.68520e-18 +0.00000e+00
 5.17947e-08 9.41573e+03 3.35719e-18 +0.00000e+00
 6.44947e-08 9.41760e+03 4.19851e-18 +0.00000e+00
 8.03086e-08 9.41936e+03 5.25240e-18 +0.00000e+00
 1.00000e-07 9.42096e+03 6.57372e-18 +0.00000e+00
 1.24520e-07 9.42234e+03 8.23158e-18 +0.00000e+00
 1.55052e-07 9.42343e+03 1.03137e-17 +0.00000e+00
 1.93070e-07 9.42413e+03 1.29291e-17 +0.00000e+00
 2.40410e-07 9.42433e+03 1.62158e-17 +0.00000e+00
 2.99358e-07 9.42385e+03 2.03447e-17 +0.00000e+00
 3.72759e-07 9.42249e+03 2.55298e-17 +0.00000e+00
 4.64159e-07 9.41995e+03 3.20372e-17 +0.00000e+00
 5.77969e-07 9.41582e+03 4.02049e-17 +0.00000e+00
 7.19686e-07 9.40937e+03 5.04547e-17 +0.00000e+00
 8.96151e-07 9.39954e+03 6.33189e-17 +0.00000e+00
 1.11588e-06 9.38141e+03 7.95059e-17 +0.00000e+00
 1.38950e-06 9.33397e+03 1.00017e-16 +0.00000e+00
 1.73020e-06 9.16043e+03 1.27599e-16 +0.00000e+00
 2.15443e-06 8.84769e+03 1.65914e-16 +0.00000e+00
 2.68270e-06 8.63534e+03 2.13810e-16 +0.00000e+00
 3.34048e-06 8.49200e+03 2.73375e-16 +0.00000e+00
 4.15956e-06 8.42146e+03 3.46329e-16 +0.00000e+00
 5.17947e-06 8.38020e+03 4.36868e-16 +0.00000e+00
 6.44947e-06 8.35295e+03 5.49669e-16 +0.00000e+00
 8.03086e-06 8.33316e+03 6.90437e-16 +0.00000e+00
 1.00000e-05 8.31768e+03 8.66222e-16 +0.00000e+00
 1.24520e-05 8.30456e+03 1.08585e-15 +0.00000e+00
 1.55052e-05 8.29245e+03 1.36036e-15 +0.00000e+00
 1.93070e-05 8.28024e+03 1.70361e-15 +0.00000e+00
 2.40410e-05 8.26702e+03 2.13301e-15 +0.00000e+00
 2.99358e-05 8.25189e+03 2.67051e-15 +0.00000e+00
 3.72759e-05 8.23402e+03 3.34383e-15 +0.00000e+00
 4.64159e-05 8.21278e+03 4.18791e-15 +0.00000e+00
 5.77969e-05 8.18791e+03 5.24653e-15 +0.00000e+00
 7.19686e-05 8.15982e+03 6.57446e-15 +0.00000e+00
 8.96151e-05 8.12965e+03 8.23960e-15 +0.00000e+00
 1.11588e-04 8.09896e+03 1.03260e-14 +0.00000e+00
 1.38950e-04 8.06916e+03 1.29377e-14 +0.00000e+00
 1.73020e-04 8.04110e+03 1.62046e-14 +0.00000e+00
 2.15443e-04 8.01510e+03 2.02881e-14 +0.00000e+00
 2.68270e-04 7.99113e+03 2.53896e-14 +0.00000e+00
 3.34048e-04 7.96901e+03 3.17590e-14 +0.00000e+00
 4.15956e-04 7.94852e+03 3.97064e-14 +0.00000e+00
 5.17947e-04 7.92938e+03 4.96145e-14 +0.00000e+00
 6.44947e-04 7.91121e+03 6.19568e-14 +0.00000e+00
 8.03086e-04 7.89367e+03 7.73163e-14 +0.00000e+00
 1.00000e-03 7.87615e+03 9.64133e-14 +0.00000e+00
 1.24520e-03 7.85724e+03 1.20148e-13 -2.54196e-07
 1.55052e-03 7.83617e+03 1.49621e-13 -3.16524e-07
 1.93070e-03 7.81194e+03 1.86195e-13 -3.94134e-07
 2.40410e-03 7.78523e+03 2.31497e-13 -4.90776e-07
 2.99358e-03 7.75506e+03 2.87563e-13 -6.11112e-07
 3.72759e-03 7.72082e+03 3.56880e-13 -7.60954e-07
 4.64159e-03 7.68439e+03 4.42351e-13 -9.47538e-07
 5.77969e-03 7.64899e+03 5.47309e-13 -1.17987e-06
 7.19686e-03 7.62179e+03 6.75240e-13 -1.46917e-06
 8.96151e-03 7.60577e+03 8.30299e-13 -1.82941e-06
 1.11588e-02 7.59788e+03 1.01792e-12 -2.27798e-06
 1.38950e-02 7.60660e+03 1.24288e-12 -2.83653e-06
 1.73020e-02 7.63400e+03 1.51131e-12 -3.53204e-06
 2.15443e-02 7.68112e+03 1.83033e-12 -4.39808e-06
 2.68270e-02 7.74832e+03 2.20799e-12 -5.47648e-06
 3.34048e-02 7.83567e+03 2.65304e-12 -6.81930e-06
 4.15956e-02 7.94314e+03 3.17426e-12 -8.49138e-06
 5.17947e-02 8.07089e+03 3.77946e-12 -1.05734e-05
 6.44947e-02 8.21932e+03 4.47506e-12 -1.31664e-05
 8.03086e-02 8.38903e+03 5.26641e-12 -1.63945e-05
 1.00000e-01 8.58057e+03 6.15987e-12 -2.04143e-05
 1.24520e-01 8.79422e+03 7.16622e-12 -2.54201e-05
 1.55052e-01 9.02983e+03 8.30323e-12 -3.16560e-05
 1.93070e-01 9.28715e+03 9.59600e-12 -3.94130e-05
 2.40410e-01 9.56627e+03 1.10760e-11 -4.90776e-05
 2.99358e-01 9.86763e+03 1.27798e-11 -6.11112e-05
 3.72759e-01 1.01915e+04 1.47495e-11 -7.60954e-05
 4.64159e-01 1.05371e+04 1.70336e-11 -9.47538e-05
 5.77969e-01 1.09026e+04 1.96878e-11 -1.17987e-04
 7.19686e-01 1.12853e+04 2.27734e-11 -1.46917e-04
 8.96151e-01 1.16829e+04 2.63552e-11 -1.82941e-04
 1.11588e+00 1.20942e+04 3.04968e-11 -2.27798e-04
 1.38950e+00 1.25191e+04 3.52560e-11 -2.83653e-04
 1.73020e+00 1.29588e+04 4.06819e-11 -3.53195e-04
 2.15443e+00 1.34151e+04 4.68225e-11 -4.39808e-04
 2.68270e+00 1.38903e+04 5.37504e-11 -5.47650e-04
 3.34048e+00 1.43866e+04 6.15952e-11 -6.12423e-04
 4.15956e+00 1.49057e+04 7.05482e-11 -6.12423e-04
 5.17947e+00 1.54498e+04 8.08311e-11 -6.12423e-04
 6.44947e+00 1.60174e+04 9.26891e-11 -6.12423e-04
 8.03086e+00 1.66136e+04 1.06334e-10 -6.12423e-04
 1.00000e+01 1.72366e+04 1.22036e-10 -6.12423e-04
 1.24520e+01 1.78938e+04 1.40039e-10 -6.12423e-04
 1.55052e+01 1.85695e+04 1.60766e-10 -6.12423e-04
 1.93070e+01 1.93206e+04 1.84182e-10 -6.12423e-04
 2.40410e+01 2.00174e+04 2.11752e-10 -6.12423e-04
 2.99358e+01 2.09181e+04 2.41637e-10 -6.12423e-04
 3.72759e+01 2.16293e+04 2.78344e-10 -6.12423e-04
 4.64159e+01 2.26401e+04 3.16924e-10 -6.12423e-04
 5.77969e+01 2.35365e+04 3.63452e-10 -6.12423e-04
 7.19686e+01 2.44744e+04 4.16257e-10 -6.12423e-04
 8.96151e+01 2.56850e+04 4.73174e-10 -6.12423e-04
 1.11588e+02 2.66587e+04 5.43421e-10 -6.12423e-04
 1.38950e+02 2.79829e+04 6.17429e-10 -6.12423e-04
 1.73020e+02 2.92175e+04 7.05450e-10 -6.12423e-04
 2.15443e+02 3.06293e+04 8.02686e-10 -6.12423e-04
 2.68270e+02 3.20998e+04 9.13057e-10 -6.12422e-04
 3.34048e+02 3.37797e+04 1.03322e-09 -6.12418e-04
 4.15956e+02 3.52972e+04 1.17444e-09 -6.12390e-04
 5.17947e+02 3.77110e+04 1.30572e-09 -6.12377e-04
 6.44947e+02 3.85039e+04 1.52097e-09 -6.12136e-04
 8.03086e+02 4.28535e+04 1.62819e-09 -6.12418e-04
 1.00000e+03 4.49627e+04 1.87514e-09 -6.12416e-04
