#n1=128 n2=4 Teff=10200 R=2.0353e+11 L=3.1937e+35 logg=+4.00
#      tau          T          rho         Fconv
  0.00000e+00  5.48021e+03  1.43397e-21 +0.00000e+00
  1.00000e-09  5.48021e+03  4.95989e-17 +0.00000e+00
  1.24520e-09  5.48200e+03  6.17670e-17 +0.00000e+00
  1.55052e-09  5.48392e+03  7.69235e-17 +0.00000e+00
  1.93070e-09  5.48601e+03  9.58038e-17 +0.00000e+00
  2.40410e-09  5.48829e+03  1.19326e-16 +0.00000e+00
  2.99358e-09  5.49076e+03  1.48635e-16 +0.00000e+00
  3.72759e-09  5.49345e+03  1.85161e-16 +0.00000e+00
  4.64159e-09  5.49638e+03  2.30691e-16 +0.00000e+00
  5.77969e-09  5.49957e+03  2.87459e-16 +0.00000e+00
  7.19686e-09  5.50303e+03  3.58255e-16 +0.00000e+00
  8.96151e-09  5.50680e+03  4.46569e-16 +0.00000e+00
  1.11588e-08  5.51091e+03  5.56757e-16 +0.00000e+00
  1.38950e-08  5.51540e+03  6.94251e-16 +0.00000e+00
  1.73020e-08  5.52033e+03  8.65812e-16 +0.00000e+00
  2.15443e-08  5.52577e+03  1.07986e-15 +0.00000e+00
  2.68270e-08  5.53180e+03  1.34687e-15 +0.00000e+00
  3.34048e-08  5.53854e+03  1.67997e-15 +0.00000e+00
  4.15956e-08  5.54611e+03  2.09549e-15 +0.00000e+00
  5.17947e-08  5.55463e+03  2.61384e-15 +0.00000e+00
  6.44947e-08  5.56429e+03  3.26065e-15 +0.00000e+00
  8.03086e-08  5.57526e+03  4.06819e-15 +0.00000e+00
  1.00000e-07  5.58774e+03  5.07795e-15 +0.00000e+00
  1.24520e-07  5.60198e+03  6.34353e-15 +0.00000e+00
  1.55052e-07  5.61823e+03  7.92970e-15 +0.00000e+00
  1.93070e-07  5.63674e+03  9.91709e-15 +0.00000e+00
  2.40410e-07  5.65778e+03  1.24059e-14 +0.00000e+00
  2.99358e-07  5.68157e+03  1.55206e-14 +0.00000e+00
  3.72759e-07  5.70834e+03  1.94159e-14 +0.00000e+00
  4.64159e-07  5.73824e+03  2.42857e-14 +0.00000e+00
  5.77969e-07  5.77141e+03  3.03737e-14 +0.00000e+00
  7.19686e-07  5.80788e+03  3.79882e-14 +0.00000e+00
  8.96151e-07  5.84766e+03  4.75193e-14 +0.00000e+00
  1.11588e-06  5.89069e+03  5.94596e-14 +0.00000e+00
  1.38950e-06  5.93684e+03  7.44316e-14 +0.00000e+00
  1.73020e-06  5.98595e+03  9.32285e-14 +0.00000e+00
  2.15443e-06  6.03775e+03  1.16871e-13 +0.00000e+00
  2.68270e-06  6.09190e+03  1.46687e-13 +0.00000e+00
  3.34048e-06  6.14791e+03  1.84403e-13 +0.00000e+00
  4.15956e-06  6.20522e+03  2.32223e-13 +0.00000e+00
  5.17947e-06  6.26318e+03  2.92913e-13 +0.00000e+00
  6.44947e-06  6.32117e+03  3.69922e-13 +0.00000e+00
  8.03086e-06  6.37868e+03  4.67534e-13 +0.00000e+00
  1.00000e-05  6.43539e+03  5.91085e-13 +0.00000e+00
  1.24520e-05  6.49111e+03  7.47235e-13 +0.00000e+00
  1.55052e-05  6.54571e+03  9.44365e-13 +0.00000e+00
  1.93070e-05  6.59909e+03  1.19320e-12 +0.00000e+00
  2.40410e-05  6.65121e+03  1.50751e-12 +0.00000e+00
  2.99358e-05  6.70216e+03  1.90496e-12 +0.00000e+00
  3.72759e-05  6.75217e+03  2.40813e-12 +0.00000e+00
  4.64159e-05  6.80154e+03  3.04583e-12 +0.00000e+00
  5.77969e-05  6.85061e+03  3.85473e-12 +0.00000e+00
  7.19686e-05  6.89966e+03  4.88121e-12 +0.00000e+00
  8.96151e-05  6.94886e+03  6.18300e-12 +0.00000e+00
  1.11588e-04  6.99838e+03  7.83021e-12 +0.00000e+00
  1.38950e-04  7.04846e+03  9.90435e-12 +0.00000e+00
  1.73020e-04  7.09929e+03  1.24968e-11 +0.00000e+00
  2.15443e-04  7.15093e+03  1.57059e-11 +0.00000e+00
  2.68270e-04  7.20332e+03  1.96340e-11 +0.00000e+00
  3.34048e-04  7.25636e+03  2.43835e-11 +0.00000e+00
  4.15956e-04  7.30993e+03  3.00551e-11 +0.00000e+00
  5.17947e-04  7.36390e+03  3.67535e-11 +0.00000e+00
  6.44947e-04  7.41814e+03  4.45764e-11 +0.00000e+00
  8.03086e-04  7.47252e+03  5.36403e-11 +0.00000e+00
  1.00000e-03  7.52699e+03  6.40538e-11 +0.00000e+00
  1.24520e-03  7.58146e+03  7.59570e-11 -2.54659e-07
  1.55052e-03  7.63598e+03  8.94860e-11 -3.17101e-07
  1.93070e-03  7.69066e+03  1.04796e-10 -3.94854e-07
  2.40410e-03  7.74574e+03  1.22030e-10 -4.91671e-07
  2.99358e-03  7.80165e+03  1.41296e-10 -6.12227e-07
  3.72759e-03  7.85900e+03  1.62698e-10 -7.62343e-07
  4.64159e-03  7.91852e+03  1.86283e-10 -9.49266e-07
  5.77969e-03  7.98105e+03  2.12031e-10 -1.18202e-06
  7.19686e-03  8.04734e+03  2.39833e-10 -1.47185e-06
  8.96151e-03  8.11800e+03  2.69535e-10 -1.83230e-06
  1.11588e-02  8.19347e+03  3.00896e-10 -2.27760e-06
  1.38950e-02  8.27397e+03  3.33627e-10 -2.83185e-06
  1.73020e-02  8.35956e+03  3.67401e-10 -3.52567e-06
  2.15443e-02  8.45025e+03  4.01916e-10 -4.39342e-06
  2.68270e-02  8.54605e+03  4.36839e-10 -5.47580e-06
  3.34048e-02  8.64711e+03  4.71827e-10 -6.82368e-06
  4.15956e-02  8.75384e+03  5.06508e-10 -8.50120e-06
  5.17947e-02  8.86684e+03  5.40457e-10 -1.05889e-05
  6.44947e-02  8.98731e+03  5.73165e-10 -1.31876e-05
  8.03086e-02  9.11682e+03  6.04003e-10 -1.64227e-05
  1.00000e-01  9.25739e+03  6.32267e-10 -2.04504e-05
  1.24520e-01  9.41149e+03  6.57267e-10 -2.54654e-05
  1.55052e-01  9.58182e+03  6.78506e-10 -3.17099e-05
  1.93070e-01  9.77118e+03  6.95957e-10 -3.94854e-05
  2.40410e-01  9.98207e+03  7.10361e-10 -4.91671e-05
  2.99358e-01  1.02164e+04  7.23416e-10 -6.12227e-05
  3.72759e-01  1.04752e+04  7.37697e-10 -7.62343e-05
  4.64159e-01  1.07581e+04  7.56239e-10 -9.49266e-05
  5.77969e-01  1.10640e+04  7.82031e-10 -1.18202e-04
  7.19686e-01  1.13908e+04  8.17628e-10 -1.47185e-04
  8.96151e-01  1.17366e+04  8.65133e-10 -1.83274e-04
  1.11588e+00  1.20999e+04  9.26341e-10 -2.28213e-04
  1.38950e+00  1.24800e+04  1.00294e-09 -2.84171e-04
  1.73020e+00  1.28765e+04  1.09666e-09 -3.53848e-04
  2.15443e+00  1.32895e+04  1.20932e-09 -4.40611e-04
  2.68270e+00  1.37188e+04  1.34288e-09 -5.48647e-04
  3.34048e+00  1.41644e+04  1.49937e-09 -6.13540e-04
  4.15956e+00  1.46261e+04  1.68088e-09 -6.13540e-04
  5.17947e+00  1.51070e+04  1.88919e-09 -6.13540e-04
  6.44947e+00  1.56031e+04  2.12698e-09 -6.13540e-04
  8.03086e+00  1.61243e+04  2.39544e-09 -6.13540e-04
  1.00000e+01  1.66662e+04  2.69860e-09 -6.13540e-04
  1.24520e+01  1.72414e+04  3.03923e-09 -6.13540e-04
  1.55052e+01  1.78197e+04  3.42892e-09 -6.13540e-04
  1.93070e+01  1.85009e+04  3.85697e-09 -6.13540e-04
  2.40410e+01  1.90705e+04  4.37584e-09 -6.13539e-04
  2.99358e+01  1.99224e+04  4.90955e-09 -6.13539e-04
  3.72759e+01  2.04587e+04  5.60761e-09 -6.13537e-04
  4.64159e+01  2.14654e+04  6.28163e-09 -6.13537e-04
  5.77969e+01  2.20958e+04  7.17522e-09 -6.13527e-04
  7.19686e+01  2.31121e+04  8.07388e-09 -6.13519e-04
  8.96151e+01  2.39947e+04  9.16682e-09 -6.13470e-04
  1.11588e+02  2.48867e+04  1.04089e-08 -6.13283e-04
  1.38950e+02  2.61846e+04  1.16984e-08 -6.13089e-04
  1.73020e+02  2.68844e+04  1.34336e-08 -6.10334e-04
  2.15443e+02  2.85219e+04  1.49767e-08 -6.09593e-04
  2.68270e+02  2.95625e+04  1.71001e-08 -5.95435e-04
  3.34048e+02  3.09475e+04  1.93218e-08 -5.64308e-04
  4.15956e+02  3.25968e+04  2.17515e-08 -5.00976e-04
  5.17947e+02  3.41397e+04  2.46680e-08 -2.38521e-04
  6.44947e+02  3.54342e+04  2.81300e-08 +1.02037e-03
  8.03086e+02  3.88478e+04  3.05241e-08 +1.83268e-03
  1.00000e+03  4.42379e+04  3.23353e-08 +1.10701e-03
