#n1=128 n2=4 Teff=10400 R=1.1681e+11 L=1.1371e+35 logg=+4.50
#   tau          T          rho         Fconv
 0.00000e+00 7.42520e+03 1.00654e-21 +0.00000e+00
 1.00000e-09 7.42520e+03 1.10452e-16 +0.00000e+00
 1.24520e-09 7.07614e+03 1.44414e-16 +0.00000e+00
 1.55052e-09 6.92162e+03 1.83942e-16 +0.00000e+00
 1.93070e-09 6.86337e+03 2.31111e-16 +0.00000e+00
 2.40410e-09 6.83026e+03 2.89327e-16 +0.00000e+00
 2.99358e-09 6.80583e+03 3.61757e-16 +0.00000e+00
 3.72759e-09 6.78702e+03 4.51961e-16 +0.00000e+00
 4.64159e-09 6.77240e+03 5.64333e-16 +0.00000e+00
 5.77969e-09 6.76072e+03 7.04371e-16 +0.00000e+00
 7.19686e-09 6.75145e+03 8.78895e-16 +0.00000e+00
 8.96151e-09 6.74413e+03 1.09641e-15 +0.00000e+00
 1.11588e-08 6.73843e+03 1.36752e-15 +0.00000e+00
 1.38950e-08 6.73410e+03 1.70543e-15 +0.00000e+00
 1.73020e-08 6.73087e+03 2.12663e-15 +0.00000e+00
 2.15443e-08 6.72861e+03 2.65161e-15 +0.00000e+00
 2.68270e-08 6.72715e+03 3.30597e-15 +0.00000e+00
 3.34048e-08 6.72637e+03 4.12166e-15 +0.00000e+00
 4.15956e-08 6.72618e+03 5.13866e-15 +0.00000e+00
 5.17947e-08 6.72649e+03 6.40719e-15 +0.00000e+00
 6.44947e-08 6.72722e+03 7.99068e-15 +0.00000e+00
 8.03086e-08 6.72831e+03 9.97021e-15 +0.00000e+00
 1.00000e-07 6.72972e+03 1.24517e-14 +0.00000e+00
 1.24520e-07 6.73141e+03 1.55737e-14 +0.00000e+00
 1.55052e-07 6.73336e+03 1.94888e-14 +0.00000e+00
 1.93070e-07 6.73557e+03 2.43937e-14 +0.00000e+00
 2.40410e-07 6.73802e+03 3.05387e-14 +0.00000e+00
 2.99358e-07 6.74071e+03 3.82390e-14 +0.00000e+00
 3.72759e-07 6.74365e+03 4.78913e-14 +0.00000e+00
 4.64159e-07 6.74686e+03 5.99992e-14 +0.00000e+00
 5.77969e-07 6.75033e+03 7.52059e-14 +0.00000e+00
 7.19686e-07 6.75410e+03 9.43363e-14 +0.00000e+00
 8.96151e-07 6.75817e+03 1.18447e-13 +0.00000e+00
 1.11588e-06 6.76258e+03 1.48882e-13 +0.00000e+00
 1.38950e-06 6.76735e+03 1.87347e-13 +0.00000e+00
 1.73020e-06 6.77254e+03 2.36006e-13 +0.00000e+00
 2.15443e-06 6.77821e+03 2.97600e-13 +0.00000e+00
 2.68270e-06 6.78443e+03 3.75613e-13 +0.00000e+00
 3.34048e-06 6.79128e+03 4.74415e-13 +0.00000e+00
 4.15956e-06 6.79891e+03 5.99637e-13 +0.00000e+00
 5.17947e-06 6.80743e+03 7.58049e-13 +0.00000e+00
 6.44947e-06 6.81699e+03 9.57548e-13 +0.00000e+00
 8.03086e-06 6.82771e+03 1.20735e-12 +0.00000e+00
 1.00000e-05 6.83975e+03 1.51861e-12 +0.00000e+00
 1.24520e-05 6.85330e+03 1.90551e-12 +0.00000e+00
 1.55052e-05 6.86856e+03 2.38635e-12 +0.00000e+00
 1.93070e-05 6.88578e+03 2.98509e-12 +0.00000e+00
 2.40410e-05 6.90523e+03 3.73410e-12 +0.00000e+00
 2.99358e-05 6.92721e+03 4.67607e-12 +0.00000e+00
 3.72759e-05 6.95202e+03 5.86615e-12 +0.00000e+00
 4.64159e-05 6.97988e+03 7.37544e-12 +0.00000e+00
 5.77969e-05 7.01097e+03 9.29442e-12 +0.00000e+00
 7.19686e-05 7.04539e+03 1.17369e-11 +0.00000e+00
 8.96151e-05 7.08313e+03 1.48433e-11 +0.00000e+00
 1.11588e-04 7.12412e+03 1.87820e-11 +0.00000e+00
 1.38950e-04 7.16817e+03 2.37486e-11 +0.00000e+00
 1.73020e-04 7.21500e+03 2.99629e-11 +0.00000e+00
 2.15443e-04 7.26422e+03 3.76589e-11 +0.00000e+00
 2.68270e-04 7.31532e+03 4.70810e-11 +0.00000e+00
 3.34048e-04 7.36765e+03 5.84842e-11 +0.00000e+00
 4.15956e-04 7.42058e+03 7.21187e-11 +0.00000e+00
 5.17947e-04 7.47339e+03 8.82534e-11 +0.00000e+00
 6.44947e-04 7.52543e+03 1.07175e-10 +0.00000e+00
 8.03086e-04 7.57627e+03 1.29236e-10 +0.00000e+00
 1.00000e-03 7.62558e+03 1.54815e-10 +0.00000e+00
 1.24520e-03 7.67316e+03 1.84342e-10 -2.54619e-07
 1.55052e-03 7.71914e+03 2.18328e-10 -3.17052e-07
 1.93070e-03 7.76368e+03 2.57340e-10 -3.94791e-07
 2.40410e-03 7.80716e+03 3.01991e-10 -4.91592e-07
 2.99358e-03 7.85000e+03 3.52922e-10 -6.12130e-07
 3.72759e-03 7.89276e+03 4.10873e-10 -7.62221e-07
 4.64159e-03 7.93605e+03 4.76550e-10 -9.49116e-07
 5.77969e-03 7.98039e+03 5.50672e-10 -1.18184e-06
 7.19686e-03 8.02632e+03 6.33896e-10 -1.47162e-06
 8.96151e-03 8.07450e+03 7.26841e-10 -1.83245e-06
 1.11588e-02 8.12557e+03 8.29972e-10 -2.28178e-06
 1.38950e-02 8.18020e+03 9.43536e-10 -2.84125e-06
 1.73020e-02 8.23918e+03 1.06748e-09 -3.53791e-06
 2.15443e-02 8.30336e+03 1.20133e-09 -4.40541e-06
 2.68270e-02 8.37375e+03 1.34406e-09 -5.48560e-06
 3.34048e-02 8.45153e+03 1.49397e-09 -6.83062e-06
 4.15956e-02 8.53799e+03 1.64853e-09 -8.50420e-06
 5.17947e-02 8.63467e+03 1.80424e-09 -1.05868e-05
 6.44947e-02 8.74331e+03 1.95653e-09 -1.31805e-05
 8.03086e-02 8.86590e+03 2.09982e-09 -1.64119e-05
 1.00000e-01 9.00465e+03 2.22760e-09 -2.04377e-05
 1.24520e-01 9.16195e+03 2.33290e-09 -2.54524e-05
 1.55052e-01 9.34020e+03 2.40901e-09 -3.16973e-05
 1.93070e-01 9.54161e+03 2.45072e-09 -3.94790e-05
 2.40410e-01 9.76788e+03 2.45593e-09 -4.91584e-05
 2.99358e-01 1.00199e+04 2.42735e-09 -6.12086e-05
 3.72759e-01 1.02973e+04 2.37362e-09 -7.62084e-05
 4.64159e-01 1.05989e+04 2.30857e-09 -9.48878e-05
 5.77969e-01 1.09221e+04 2.24826e-09 -1.18163e-04
 7.19686e-01 1.12642e+04 2.20686e-09 -1.47152e-04
 8.96151e-01 1.16222e+04 2.19384e-09 -1.83242e-04
 1.11588e+00 1.19942e+04 2.21406e-09 -2.28176e-04
 1.38950e+00 1.23790e+04 2.26981e-09 -2.84125e-04
 1.73020e+00 1.27763e+04 2.36279e-09 -3.53791e-04
 2.15443e+00 1.31864e+04 2.49516e-09 -4.40541e-04
 2.68270e+00 1.36096e+04 2.66982e-09 -5.48560e-04
 3.34048e+00 1.40460e+04 2.89022e-09 -6.13443e-04
 4.15956e+00 1.44962e+04 3.16013e-09 -6.13443e-04
 5.17947e+00 1.49622e+04 3.48314e-09 -6.13443e-04
 6.44947e+00 1.54426e+04 3.86375e-09 -6.13443e-04
 8.03086e+00 1.59448e+04 4.30443e-09 -6.13443e-04
 1.00000e+01 1.64670e+04 4.81045e-09 -6.13442e-04
 1.24520e+01 1.70191e+04 5.38479e-09 -6.13439e-04
 1.55052e+01 1.75772e+04 6.04270e-09 -6.13428e-04
 1.93070e+01 1.82284e+04 6.76357e-09 -6.13406e-04
 2.40410e+01 1.87773e+04 7.63792e-09 -6.13335e-04
 2.99358e+01 1.95973e+04 8.52780e-09 -6.13338e-04
 3.72759e+01 2.01041e+04 9.71095e-09 -6.13077e-04
 4.64159e+01 2.10828e+04 1.08325e-08 -6.13195e-04
 5.77969e+01 2.16722e+04 1.23515e-08 -6.12528e-04
 7.19686e+01 2.26591e+04 1.38620e-08 -6.12296e-04
 8.96151e+01 2.35085e+04 1.57126e-08 -6.10401e-04
 1.11588e+02 2.43533e+04 1.78295e-08 -6.03921e-04
 1.38950e+02 2.56494e+04 1.99860e-08 -5.99642e-04
 1.73020e+02 2.62889e+04 2.29682e-08 -5.25307e-04
 2.15443e+02 2.79272e+04 2.55438e-08 -5.17223e-04
 2.68270e+02 2.89198e+04 2.91797e-08 -2.27709e-04
 3.34048e+02 3.02905e+04 3.29299e-08 +2.56372e-04
 4.15956e+02 3.18976e+04 3.70784e-08 +1.01014e-03
 5.17947e+02 3.34611e+04 4.20027e-08 +2.94190e-03
 6.44947e+02 3.45024e+04 4.81837e-08 +9.34925e-03
 8.03086e+02 4.06359e+04 4.93884e-08 +2.59643e-03
 1.00000e+03 4.57437e+04 5.41296e-08 +2.47770e-03
