#n1=128 n2=4 Teff=10400 R=2.9372e+12 L=7.1911e+37 logg=+2.00
#   tau          T          rho         Fconv
 0.00000e+00 8.47065e+03 8.82730e-22 +0.00000e+00
 1.00000e-09 8.47065e+03 2.38559e-19 +0.00000e+00
 1.24520e-09 8.47047e+03 2.97457e-19 +0.00000e+00
 1.55052e-09 8.46975e+03 3.70990e-19 +0.00000e+00
 1.93070e-09 8.46845e+03 4.62809e-19 +0.00000e+00
 2.40410e-09 8.46635e+03 5.77483e-19 +0.00000e+00
 2.99358e-09 8.46255e+03 7.20712e-19 +0.00000e+00
 3.72759e-09 8.43705e+03 9.01763e-19 +0.00000e+00
 4.64159e-09 8.26336e+03 1.14750e-18 +0.00000e+00
 5.77969e-09 7.79838e+03 1.51758e-18 +0.00000e+00
 7.19686e-09 7.58565e+03 1.94833e-18 +0.00000e+00
 8.96151e-09 7.45792e+03 2.47538e-18 +0.00000e+00
 1.11588e-08 7.38848e+03 3.12054e-18 +0.00000e+00
 1.38950e-08 7.34426e+03 3.92246e-18 +0.00000e+00
 1.73020e-08 7.30901e+03 4.92512e-18 +0.00000e+00
 2.15443e-08 7.28276e+03 6.17951e-18 +0.00000e+00
 2.68270e-08 7.25779e+03 7.75407e-18 +0.00000e+00
 3.34048e-08 7.23801e+03 9.73450e-18 +0.00000e+00
 4.15956e-08 7.21663e+03 1.22423e-17 +0.00000e+00
 5.17947e-08 7.17574e+03 1.54874e-17 +0.00000e+00
 6.44947e-08 7.13284e+03 1.96682e-17 +0.00000e+00
 8.03086e-08 7.07599e+03 2.50657e-17 +0.00000e+00
 1.00000e-07 7.01189e+03 3.19114e-17 +0.00000e+00
 1.24520e-07 6.95078e+03 4.05226e-17 +0.00000e+00
 1.55052e-07 6.89854e+03 5.13040e-17 +0.00000e+00
 1.93070e-07 6.85593e+03 6.47775e-17 +0.00000e+00
 2.40410e-07 6.83110e+03 8.14801e-17 +0.00000e+00
 2.99358e-07 6.80176e+03 1.02475e-16 +0.00000e+00
 3.72759e-07 6.77741e+03 1.28689e-16 +0.00000e+00
 4.64159e-07 6.76282e+03 1.61279e-16 +0.00000e+00
 5.77969e-07 6.74496e+03 2.02114e-16 +0.00000e+00
 7.19686e-07 6.72995e+03 2.53074e-16 +0.00000e+00
 8.96151e-07 6.71752e+03 3.16651e-16 +0.00000e+00
 1.11588e-06 6.71071e+03 3.95756e-16 +0.00000e+00
 1.38950e-06 6.70261e+03 4.94602e-16 +0.00000e+00
 1.73020e-06 6.69667e+03 6.17816e-16 +0.00000e+00
 2.15443e-06 6.69277e+03 7.71368e-16 +0.00000e+00
 2.68270e-06 6.69077e+03 9.62685e-16 +0.00000e+00
 3.34048e-06 6.69057e+03 1.20100e-15 +0.00000e+00
 4.15956e-06 6.69209e+03 1.49781e-15 +0.00000e+00
 5.17947e-06 6.69527e+03 1.86740e-15 +0.00000e+00
 6.44947e-06 6.70121e+03 2.32716e-15 +0.00000e+00
 8.03086e-06 6.70756e+03 2.89990e-15 +0.00000e+00
 1.00000e-05 6.71560e+03 3.61284e-15 +0.00000e+00
 1.24520e-05 6.72541e+03 4.50034e-15 +0.00000e+00
 1.55052e-05 6.73708e+03 5.60444e-15 +0.00000e+00
 1.93070e-05 6.75076e+03 6.97743e-15 +0.00000e+00
 2.40410e-05 6.76703e+03 8.68336e-15 +0.00000e+00
 2.99358e-05 6.78512e+03 1.08033e-14 +0.00000e+00
 3.72759e-05 6.80575e+03 1.34353e-14 +0.00000e+00
 4.64159e-05 6.82911e+03 1.67015e-14 +0.00000e+00
 5.77969e-05 6.85543e+03 2.07520e-14 +0.00000e+00
 7.19686e-05 6.88490e+03 2.57722e-14 +0.00000e+00
 8.96151e-05 6.91768e+03 3.19899e-14 +0.00000e+00
 1.11588e-04 6.95389e+03 3.96845e-14 +0.00000e+00
 1.38950e-04 6.99358e+03 4.91970e-14 +0.00000e+00
 1.73020e-04 7.03671e+03 6.09411e-14 +0.00000e+00
 2.15443e-04 7.08313e+03 7.54172e-14 +0.00000e+00
 2.68270e-04 7.13255e+03 9.32319e-14 +0.00000e+00
 3.34048e-04 7.18457e+03 1.15122e-13 +0.00000e+00
 4.15956e-04 7.23865e+03 1.41986e-13 +0.00000e+00
 5.17947e-04 7.29418e+03 1.74923e-13 +0.00000e+00
 6.44947e-04 7.35044e+03 2.15261e-13 +0.00000e+00
 8.03086e-04 7.40675e+03 2.64610e-13 +0.00000e+00
 1.00000e-03 7.46246e+03 3.24914e-13 +0.00000e+00
 1.24520e-03 7.51711e+03 3.98519e-13 -2.54566e-07
 1.55052e-03 7.57047e+03 4.88272e-13 -3.16986e-07
 1.93070e-03 7.62254e+03 5.97614e-13 -3.94710e-07
 2.40410e-03 7.67365e+03 7.30694e-13 -4.91490e-07
 2.99358e-03 7.72434e+03 8.92478e-13 -6.12004e-07
 3.72759e-03 7.77534e+03 1.08886e-12 -7.62064e-07
 4.64159e-03 7.82741e+03 1.32684e-12 -9.48920e-07
 5.77969e-03 7.88132e+03 1.61462e-12 -1.18159e-06
 7.19686e-03 7.93776e+03 1.96174e-12 -1.47132e-06
 8.96151e-03 7.99730e+03 2.37897e-12 -1.83208e-06
 1.11588e-02 8.06050e+03 2.87797e-12 -2.28131e-06
 1.38950e-02 8.12790e+03 3.47095e-12 -2.84066e-06
 1.73020e-02 8.20007e+03 4.17004e-12 -3.53718e-06
 2.15443e-02 8.27769e+03 4.98656e-12 -4.40450e-06
 2.68270e-02 8.36156e+03 5.93094e-12 -5.48447e-06
 3.34048e-02 8.45264e+03 7.01214e-12 -6.82925e-06
 4.15956e-02 8.55207e+03 8.23850e-12 -8.50375e-06
 5.17947e-02 8.66113e+03 9.61754e-12 -1.05888e-05
 6.44947e-02 8.78135e+03 1.11583e-11 -1.31852e-05
 8.03086e-02 8.91441e+03 1.28723e-11 -1.64182e-05
 1.00000e-01 9.06214e+03 1.47754e-11 -2.04437e-05
 1.24520e-01 9.22645e+03 1.68907e-11 -2.54562e-05
 1.55052e-01 9.40928e+03 1.92495e-11 -3.16982e-05
 1.93070e-01 9.61238e+03 2.18938e-11 -3.94729e-05
 2.40410e-01 9.83715e+03 2.48768e-11 -4.91490e-05
 2.99358e-01 1.00844e+04 2.82639e-11 -6.12004e-05
 3.72759e-01 1.03543e+04 3.21328e-11 -7.62064e-05
 4.64159e-01 1.06461e+04 3.65730e-11 -9.48920e-05
 5.77969e-01 1.09586e+04 4.16860e-11 -1.18159e-04
 7.19686e-01 1.12905e+04 4.75834e-11 -1.47132e-04
 8.96151e-01 1.16405e+04 5.43861e-11 -1.83208e-04
 1.11588e+00 1.20076e+04 6.22218e-11 -2.28131e-04
 1.38950e+00 1.23916e+04 7.12218e-11 -2.84066e-04
 1.73020e+00 1.27925e+04 8.15163e-11 -3.53718e-04
 2.15443e+00 1.32107e+04 9.32289e-11 -4.40450e-04
 2.68270e+00 1.36467e+04 1.06480e-10 -5.48447e-04
 3.34048e+00 1.41009e+04 1.21410e-10 -6.13317e-04
 4.15956e+00 1.45740e+04 1.38227e-10 -6.13317e-04
 5.17947e+00 1.50686e+04 1.57233e-10 -6.13317e-04
 6.44947e+00 1.55822e+04 1.78887e-10 -6.13317e-04
 8.03086e+00 1.61227e+04 2.03590e-10 -6.13317e-04
 1.00000e+01 1.66864e+04 2.31909e-10 -6.13317e-04
 1.24520e+01 1.72852e+04 2.64244e-10 -6.13317e-04
 1.55052e+01 1.78874e+04 3.01577e-10 -6.13317e-04
 1.93070e+01 1.85948e+04 3.43130e-10 -6.13317e-04
 2.40410e+01 1.91875e+04 3.93094e-10 -6.13317e-04
 2.99358e+01 2.00678e+04 4.45317e-10 -6.13317e-04
 3.72759e+01 2.06283e+04 5.12448e-10 -6.13317e-04
 4.64159e+01 2.16572e+04 5.78557e-10 -6.13317e-04
 5.77969e+01 2.23094e+04 6.65051e-10 -6.13317e-04
 7.19686e+01 2.33404e+04 7.53089e-10 -6.13317e-04
 8.96151e+01 2.42486e+04 8.59520e-10 -6.13317e-04
 1.11588e+02 2.51451e+04 9.81425e-10 -6.13317e-04
 1.38950e+02 2.64702e+04 1.10770e-09 -6.13317e-04
 1.73020e+02 2.72001e+04 1.27695e-09 -6.13315e-04
 2.15443e+02 2.88297e+04 1.43079e-09 -6.13315e-04
 2.68270e+02 2.98983e+04 1.63889e-09 -6.13314e-04
 3.34048e+02 3.13288e+04 1.85642e-09 -6.13305e-04
 4.15956e+02 3.29639e+04 2.09673e-09 -6.13247e-04
 5.17947e+02 3.46283e+04 2.37290e-09 -6.12736e-04
 6.44947e+02 3.59476e+04 2.70826e-09 -6.08381e-04
 8.03086e+02 3.86324e+04 2.97299e-09 -6.03878e-04
 1.00000e+03 4.29544e+04 3.18905e-09 -6.12988e-04
