#n1=128 n2=4 Teff=10000 R=7.4746e+11 L=3.9812e+36 logg=+3.00
#   tau          T          rho         Fconv
 0.00000e+00 5.51932e+03 1.44673e-21 +0.00000e+00
 1.00000e-09 5.51932e+03 4.92161e-18 +0.00000e+00
 1.24520e-09 5.51950e+03 6.13069e-18 +0.00000e+00
 1.55052e-09 5.52013e+03 7.63633e-18 +0.00000e+00
 1.93070e-09 5.52114e+03 9.51122e-18 +0.00000e+00
 2.40410e-09 5.52251e+03 1.18459e-17 +0.00000e+00
 2.99358e-09 5.52420e+03 1.47530e-17 +0.00000e+00
 3.72759e-09 5.52620e+03 1.83730e-17 +0.00000e+00
 4.64159e-09 5.52851e+03 2.28805e-17 +0.00000e+00
 5.77969e-09 5.53112e+03 2.84930e-17 +0.00000e+00
 7.19686e-09 5.53404e+03 3.54812e-17 +0.00000e+00
 8.96151e-09 5.53732e+03 4.41823e-17 +0.00000e+00
 1.11588e-08 5.54097e+03 5.50154e-17 +0.00000e+00
 1.38950e-08 5.54504e+03 6.85023e-17 +0.00000e+00
 1.73020e-08 5.54960e+03 8.52919e-17 +0.00000e+00
 2.15443e-08 5.55471e+03 1.06191e-16 +0.00000e+00
 2.68270e-08 5.56047e+03 1.32202e-16 +0.00000e+00
 3.34048e-08 5.56695e+03 1.64570e-16 +0.00000e+00
 4.15956e-08 5.57427e+03 2.04842e-16 +0.00000e+00
 5.17947e-08 5.58256e+03 2.54938e-16 +0.00000e+00
 6.44947e-08 5.59195e+03 3.17243e-16 +0.00000e+00
 8.03086e-08 5.60259e+03 3.94722e-16 +0.00000e+00
 1.00000e-07 5.61464e+03 4.91067e-16 +0.00000e+00
 1.24520e-07 5.62828e+03 6.10878e-16 +0.00000e+00
 1.55052e-07 5.64371e+03 7.59915e-16 +0.00000e+00
 1.93070e-07 5.66112e+03 9.45397e-16 +0.00000e+00
 2.40410e-07 5.68074e+03 1.17629e-15 +0.00000e+00
 2.99358e-07 5.70277e+03 1.46314e-15 +0.00000e+00
 3.72759e-07 5.72741e+03 1.81934e-15 +0.00000e+00
 4.64159e-07 5.75484e+03 2.26137e-15 +0.00000e+00
 5.77969e-07 5.78519e+03 2.80961e-15 +0.00000e+00
 7.19686e-07 5.81858e+03 3.48926e-15 +0.00000e+00
 8.96151e-07 5.85502e+03 4.33169e-15 +0.00000e+00
 1.11588e-06 5.89451e+03 5.37607e-15 +0.00000e+00
 1.38950e-06 5.93698e+03 6.67153e-15 +0.00000e+00
 1.73020e-06 5.98231e+03 8.27977e-15 +0.00000e+00
 2.15443e-06 6.03031e+03 1.02781e-14 +0.00000e+00
 2.68270e-06 6.08076e+03 1.27633e-14 +0.00000e+00
 3.34048e-06 6.13343e+03 1.58556e-14 +0.00000e+00
 4.15956e-06 6.18802e+03 1.97045e-14 +0.00000e+00
 5.17947e-06 6.24419e+03 2.44953e-14 +0.00000e+00
 6.44947e-06 6.30150e+03 3.04703e-14 +0.00000e+00
 8.03086e-06 6.35942e+03 3.79375e-14 +0.00000e+00
 1.00000e-05 6.41736e+03 4.72895e-14 +0.00000e+00
 1.24520e-05 6.47467e+03 5.90221e-14 +0.00000e+00
 1.55052e-05 6.53081e+03 7.37577e-14 +0.00000e+00
 1.93070e-05 6.58539e+03 9.22753e-14 +0.00000e+00
 2.40410e-05 6.63830e+03 1.15551e-13 +0.00000e+00
 2.99358e-05 6.68970e+03 1.44806e-13 +0.00000e+00
 3.72759e-05 6.74001e+03 1.81557e-13 +0.00000e+00
 4.64159e-05 6.78978e+03 2.27696e-13 +0.00000e+00
 5.77969e-05 6.83949e+03 2.85567e-13 +0.00000e+00
 7.19686e-05 6.88954e+03 3.58055e-13 +0.00000e+00
 8.96151e-05 6.94019e+03 4.48699e-13 +0.00000e+00
 1.11588e-04 6.99160e+03 5.61830e-13 +0.00000e+00
 1.38950e-04 7.04389e+03 7.02761e-13 +0.00000e+00
 1.73020e-04 7.09712e+03 8.78004e-13 +0.00000e+00
 2.15443e-04 7.15124e+03 1.09550e-12 +0.00000e+00
 2.68270e-04 7.20615e+03 1.36478e-12 +0.00000e+00
 3.34048e-04 7.26169e+03 1.69716e-12 +0.00000e+00
 4.15956e-04 7.31763e+03 2.10570e-12 +0.00000e+00
 5.17947e-04 7.37374e+03 2.60513e-12 +0.00000e+00
 6.44947e-04 7.42985e+03 3.21183e-12 +0.00000e+00
 8.03086e-04 7.48581e+03 3.94402e-12 +0.00000e+00
 1.00000e-03 7.54154e+03 4.82179e-12 +0.00000e+00
 1.24520e-03 7.59704e+03 5.86755e-12 -2.54541e-07
 1.55052e-03 7.65236e+03 7.10571e-12 -3.16955e-07
 1.93070e-03 7.70766e+03 8.56286e-12 -3.94670e-07
 2.40410e-03 7.76322e+03 1.02665e-11 -4.91443e-07
 2.99358e-03 7.81946e+03 1.22435e-11 -6.11942e-07
 3.72759e-03 7.87699e+03 1.45191e-11 -7.61989e-07
 4.64159e-03 7.93654e+03 1.71126e-11 -9.48825e-07
 5.77969e-03 7.99890e+03 2.00395e-11 -1.18147e-06
 7.19686e-03 8.06483e+03 2.33036e-11 -1.47117e-06
 8.96151e-03 8.13489e+03 2.69041e-11 -1.83189e-06
 1.11588e-02 8.20951e+03 3.08301e-11 -2.28107e-06
 1.38950e-02 8.28888e+03 3.50723e-11 -2.84037e-06
 1.73020e-02 8.37304e+03 3.96176e-11 -3.53683e-06
 2.15443e-02 8.46198e+03 4.44613e-11 -4.40406e-06
 2.68270e-02 8.55572e+03 4.96013e-11 -5.48391e-06
 3.34048e-02 8.65444e+03 5.50410e-11 -6.82857e-06
 4.15956e-02 8.75857e+03 6.07911e-11 -8.50291e-06
 5.17947e-02 8.86883e+03 6.68650e-11 -1.05878e-05
 6.44947e-02 8.98655e+03 7.32743e-11 -1.31839e-05
 8.03086e-02 9.11345e+03 8.00328e-11 -1.64166e-05
 1.00000e-01 9.25180e+03 8.71631e-11 -2.04418e-05
 1.24520e-01 9.40426e+03 9.47041e-11 -2.54541e-05
 1.55052e-01 9.57384e+03 1.02732e-10 -3.16955e-05
 1.93070e-01 9.76357e+03 1.11379e-10 -3.94671e-05
 2.40410e-01 9.97620e+03 1.20855e-10 -4.91443e-05
 2.99358e-01 1.02138e+04 1.31450e-10 -6.11935e-05
 3.72759e-01 1.04775e+04 1.43525e-10 -7.61979e-05
 4.64159e-01 1.07673e+04 1.57496e-10 -9.48850e-05
 5.77969e-01 1.10818e+04 1.73815e-10 -1.18147e-04
 7.19686e-01 1.14194e+04 1.92954e-10 -1.47117e-04
 8.96151e-01 1.17781e+04 2.15396e-10 -1.83189e-04
 1.11588e+00 1.21566e+04 2.41635e-10 -2.28107e-04
 1.38950e+00 1.25540e+04 2.72170e-10 -2.84039e-04
 1.73020e+00 1.29702e+04 3.07520e-10 -3.53685e-04
 2.15443e+00 1.34052e+04 3.48201e-10 -4.40406e-04
 2.68270e+00 1.38590e+04 3.94724e-10 -5.48393e-04
 3.34048e+00 1.43320e+04 4.47568e-10 -6.13255e-04
 4.15956e+00 1.48242e+04 5.07242e-10 -6.13255e-04
 5.17947e+00 1.53393e+04 5.74324e-10 -6.13255e-04
 6.44947e+00 1.58742e+04 6.49992e-10 -6.13255e-04
 8.03086e+00 1.64383e+04 7.35376e-10 -6.13255e-04
 1.00000e+01 1.70275e+04 8.32572e-10 -6.13255e-04
 1.24520e+01 1.76564e+04 9.43013e-10 -6.13255e-04
 1.55052e+01 1.82905e+04 1.07047e-09 -6.13255e-04
 1.93070e+01 1.90329e+04 1.21199e-09 -6.13255e-04
 2.40410e+01 1.96747e+04 1.38175e-09 -6.13255e-04
 2.99358e+01 2.05843e+04 1.56006e-09 -6.13255e-04
 3.72759e+01 2.12253e+04 1.78590e-09 -6.13255e-04
 4.64159e+01 2.22708e+04 2.01289e-09 -6.13255e-04
 5.77969e+01 2.30098e+04 2.30301e-09 -6.13255e-04
 7.19686e+01 2.40607e+04 2.60444e-09 -6.13255e-04
 8.96151e+01 2.50150e+04 2.96431e-09 -6.13255e-04
 1.11588e+02 2.59577e+04 3.37568e-09 -6.13255e-04
 1.38950e+02 2.72444e+04 3.80932e-09 -6.13255e-04
 1.73020e+02 2.80740e+04 4.36770e-09 -6.13250e-04
 2.15443e+02 2.96192e+04 4.89971e-09 -6.13245e-04
 2.68270e+02 3.07475e+04 5.58749e-09 -6.13201e-04
 3.34048e+02 3.22006e+04 6.31356e-09 -6.13044e-04
 4.15956e+02 3.38384e+04 7.11899e-09 -6.12261e-04
 5.17947e+02 3.55695e+04 8.03418e-09 -6.06655e-04
 6.44947e+02 3.71060e+04 9.11682e-09 -5.58480e-04
 8.03086e+02 3.94341e+04 1.01294e-08 -3.70323e-04
 1.00000e+03 4.32213e+04 1.09388e-08 -5.23623e-04
