#n1=128 n2=4 Teff=10200 R=3.9670e+11 L=1.2138e+36 logg=+3.50
#   tau          T          rho         Fconv
 0.00000e+00 5.42318e+03 1.46933e-21 +0.00000e+00
 1.00000e-09 5.42318e+03 1.61340e-17 +0.00000e+00
 1.24520e-09 5.42505e+03 2.00898e-17 +0.00000e+00
 1.55052e-09 5.42709e+03 2.50154e-17 +0.00000e+00
 1.93070e-09 5.42933e+03 3.11482e-17 +0.00000e+00
 2.40410e-09 5.43180e+03 3.87842e-17 +0.00000e+00
 2.99358e-09 5.43453e+03 4.82919e-17 +0.00000e+00
 3.72759e-09 5.43755e+03 6.01300e-17 +0.00000e+00
 4.64159e-09 5.44090e+03 7.48697e-17 +0.00000e+00
 5.77969e-09 5.44463e+03 9.32226e-17 +0.00000e+00
 7.19686e-09 5.44877e+03 1.16074e-16 +0.00000e+00
 8.96151e-09 5.45340e+03 1.44528e-16 +0.00000e+00
 1.11588e-08 5.45856e+03 1.79957e-16 +0.00000e+00
 1.38950e-08 5.46433e+03 2.24072e-16 +0.00000e+00
 1.73020e-08 5.47079e+03 2.78998e-16 +0.00000e+00
 2.15443e-08 5.47802e+03 3.47380e-16 +0.00000e+00
 2.68270e-08 5.48612e+03 4.32500e-16 +0.00000e+00
 3.34048e-08 5.49522e+03 5.38432e-16 +0.00000e+00
 4.15956e-08 5.50544e+03 6.70234e-16 +0.00000e+00
 5.17947e-08 5.51694e+03 8.34187e-16 +0.00000e+00
 6.44947e-08 5.52988e+03 1.03811e-15 +0.00000e+00
 8.03086e-08 5.54443e+03 1.29172e-15 +0.00000e+00
 1.00000e-07 5.56081e+03 1.60713e-15 +0.00000e+00
 1.24520e-07 5.57920e+03 1.99942e-15 +0.00000e+00
 1.55052e-07 5.59980e+03 2.48743e-15 +0.00000e+00
 1.93070e-07 5.62283e+03 3.09483e-15 +0.00000e+00
 2.40410e-07 5.64848e+03 3.85075e-15 +0.00000e+00
 2.99358e-07 5.67690e+03 4.79106e-15 +0.00000e+00
 3.72759e-07 5.70824e+03 5.96002e-15 +0.00000e+00
 4.64159e-07 5.74262e+03 7.41222e-15 +0.00000e+00
 5.77969e-07 5.78008e+03 9.21516e-15 +0.00000e+00
 7.19686e-07 5.82063e+03 1.14527e-14 +0.00000e+00
 8.96151e-07 5.86426e+03 1.42293e-14 +0.00000e+00
 1.11588e-06 5.91089e+03 1.76764e-14 +0.00000e+00
 1.38950e-06 5.96037e+03 2.19591e-14 +0.00000e+00
 1.73020e-06 6.01252e+03 2.72856e-14 +0.00000e+00
 2.15443e-06 6.06700e+03 3.39175e-14 +0.00000e+00
 2.68270e-06 6.12340e+03 4.21861e-14 +0.00000e+00
 3.34048e-06 6.18117e+03 5.25131e-14 +0.00000e+00
 4.15956e-06 6.23969e+03 6.54389e-14 +0.00000e+00
 5.17947e-06 6.29832e+03 8.16537e-14 +0.00000e+00
 6.44947e-06 6.35649e+03 1.02051e-13 +0.00000e+00
 8.03086e-06 6.41379e+03 1.27764e-13 +0.00000e+00
 1.00000e-05 6.47000e+03 1.60202e-13 +0.00000e+00
 1.24520e-05 6.52510e+03 2.01115e-13 +0.00000e+00
 1.55052e-05 6.57919e+03 2.52673e-13 +0.00000e+00
 1.93070e-05 6.63238e+03 3.17572e-13 +0.00000e+00
 2.40410e-05 6.68468e+03 3.99166e-13 +0.00000e+00
 2.99358e-05 6.73612e+03 5.01651e-13 +0.00000e+00
 3.72759e-05 6.78681e+03 6.30271e-13 +0.00000e+00
 4.64159e-05 6.83693e+03 7.91548e-13 +0.00000e+00
 5.77969e-05 6.88677e+03 9.93561e-13 +0.00000e+00
 7.19686e-05 6.93659e+03 1.24636e-12 +0.00000e+00
 8.96151e-05 6.98660e+03 1.56247e-12 +0.00000e+00
 1.11588e-04 7.03699e+03 1.95751e-12 +0.00000e+00
 1.38950e-04 7.08799e+03 2.45075e-12 +0.00000e+00
 1.73020e-04 7.13979e+03 3.06553e-12 +0.00000e+00
 2.15443e-04 7.19249e+03 3.82951e-12 +0.00000e+00
 2.68270e-04 7.24602e+03 4.77415e-12 +0.00000e+00
 3.34048e-04 7.30029e+03 5.93427e-12 +0.00000e+00
 4.15956e-04 7.35513e+03 7.34708e-12 +0.00000e+00
 5.17947e-04 7.41040e+03 9.05201e-12 +0.00000e+00
 6.44947e-04 7.46592e+03 1.10903e-11 +0.00000e+00
 8.03086e-04 7.52154e+03 1.35061e-11 +0.00000e+00
 1.00000e-03 7.57715e+03 1.63458e-11 +0.00000e+00
 1.24520e-03 7.63269e+03 1.96583e-11 -2.54550e-07
 1.55052e-03 7.68818e+03 2.35012e-11 -3.16965e-07
 1.93070e-03 7.74373e+03 2.79301e-11 -3.94685e-07
 2.40410e-03 7.79960e+03 3.30081e-11 -4.91461e-07
 2.99358e-03 7.85619e+03 3.87853e-11 -6.11965e-07
 3.72759e-03 7.91410e+03 4.53092e-11 -7.62017e-07
 4.64159e-03 7.97407e+03 5.26032e-11 -9.48861e-07
 5.77969e-03 8.03692e+03 6.06783e-11 -1.18152e-06
 7.19686e-03 8.10340e+03 6.95179e-11 -1.47123e-06
 8.96151e-03 8.17411e+03 7.90764e-11 -1.83194e-06
 1.11588e-02 8.24949e+03 8.93002e-11 -2.28087e-06
 1.38950e-02 8.32976e+03 1.00117e-10 -2.83989e-06
 1.73020e-02 8.41500e+03 1.11450e-10 -3.53623e-06
 2.15443e-02 8.50523e+03 1.23226e-10 -4.40356e-06
 2.68270e-02 8.60049e+03 1.35388e-10 -5.48363e-06
 3.34048e-02 8.70094e+03 1.47879e-10 -6.82847e-06
 4.15956e-02 8.80703e+03 1.60648e-10 -8.50301e-06
 5.17947e-02 8.91942e+03 1.73642e-10 -1.05881e-05
 6.44947e-02 9.03935e+03 1.86804e-10 -1.31843e-05
 8.03086e-02 9.16844e+03 2.00062e-10 -1.64171e-05
 1.00000e-01 9.30881e+03 2.13357e-10 -2.04427e-05
 1.24520e-01 9.46295e+03 2.26669e-10 -2.54550e-05
 1.55052e-01 9.63365e+03 2.40077e-10 -3.16965e-05
 1.93070e-01 9.82374e+03 2.53817e-10 -3.94685e-05
 2.40410e-01 1.00358e+04 2.68341e-10 -4.91461e-05
 2.99358e-01 1.02716e+04 2.84319e-10 -6.11965e-05
 3.72759e-01 1.05323e+04 3.02606e-10 -7.62019e-05
 4.64159e-01 1.08177e+04 3.24158e-10 -9.48863e-05
 5.77969e-01 1.11265e+04 3.49957e-10 -1.18152e-04
 7.19686e-01 1.14570e+04 3.80966e-10 -1.47123e-04
 8.96151e-01 1.18073e+04 4.18121e-10 -1.83196e-04
 1.11588e+00 1.21761e+04 4.62342e-10 -2.28116e-04
 1.38950e+00 1.25630e+04 5.14555e-10 -2.84050e-04
 1.73020e+00 1.29677e+04 5.75727e-10 -3.53697e-04
 2.15443e+00 1.33901e+04 6.46862e-10 -4.40423e-04
 2.68270e+00 1.38302e+04 7.29005e-10 -5.48413e-04
 3.34048e+00 1.42881e+04 8.23196e-10 -6.13278e-04
 4.15956e+00 1.47636e+04 9.30468e-10 -6.13278e-04
 5.17947e+00 1.52599e+04 1.05173e-09 -6.13278e-04
 6.44947e+00 1.57735e+04 1.18857e-09 -6.13278e-04
 8.03086e+00 1.63142e+04 1.34220e-09 -6.13278e-04
 1.00000e+01 1.68775e+04 1.51578e-09 -6.13278e-04
 1.24520e+01 1.74774e+04 1.71171e-09 -6.13278e-04
 1.55052e+01 1.80798e+04 1.93719e-09 -6.13278e-04
 1.93070e+01 1.87889e+04 2.18646e-09 -6.13278e-04
 2.40410e+01 1.93863e+04 2.48747e-09 -6.13278e-04
 2.99358e+01 2.02645e+04 2.80012e-09 -6.13278e-04
 3.72759e+01 2.08418e+04 3.20262e-09 -6.13278e-04
 4.64159e+01 2.18665e+04 3.59824e-09 -6.13278e-04
 5.77969e+01 2.25442e+04 4.11365e-09 -6.13278e-04
 7.19686e+01 2.35798e+04 4.63894e-09 -6.13277e-04
 8.96151e+01 2.45045e+04 5.27169e-09 -6.13275e-04
 1.11588e+02 2.54228e+04 5.99431e-09 -6.13267e-04
 1.38950e+02 2.67296e+04 6.74648e-09 -6.13257e-04
 1.73020e+02 2.74977e+04 7.74113e-09 -6.13124e-04
 2.15443e+02 2.90929e+04 8.65600e-09 -6.13045e-04
 2.68270e+02 3.01776e+04 9.87828e-09 -6.12153e-04
 3.34048e+02 3.16044e+04 1.11585e-08 -6.09850e-04
 4.15956e+02 3.32386e+04 1.25788e-08 -6.02806e-04
 5.17947e+02 3.49057e+04 1.42217e-08 -5.68217e-04
 6.44947e+02 3.62957e+04 1.61979e-08 -3.23282e-04
 8.03086e+02 3.88889e+04 1.79001e-08 +4.75949e-04
 1.00000e+03 4.31522e+04 1.91779e-08 +3.14455e-04
