#n1=128 n2=4 Teff=10800 R=6.6404e+12 L=4.2759e+38 logg=+1.50
#   tau          T          rho         Fconv
 0.00000e+00 8.86743e+03 8.42776e-22 +0.00000e+00
 1.00000e-09 8.86743e+03 6.64585e-20 +0.00000e+00
 1.24520e-09 8.86962e+03 8.27565e-20 +0.00000e+00
 1.55052e-09 8.87163e+03 1.03104e-19 +0.00000e+00
 1.93070e-09 8.87369e+03 1.28505e-19 +0.00000e+00
 2.40410e-09 8.87581e+03 1.60214e-19 +0.00000e+00
 2.99358e-09 8.87799e+03 1.99799e-19 +0.00000e+00
 3.72759e-09 8.88022e+03 2.49213e-19 +0.00000e+00
 4.64159e-09 8.88249e+03 3.10901e-19 +0.00000e+00
 5.77969e-09 8.88479e+03 3.87910e-19 +0.00000e+00
 7.19686e-09 8.88711e+03 4.84047e-19 +0.00000e+00
 8.96151e-09 8.88943e+03 6.04066e-19 +0.00000e+00
 1.11588e-08 8.89173e+03 7.53903e-19 +0.00000e+00
 1.38950e-08 8.89397e+03 9.40971e-19 +0.00000e+00
 1.73020e-08 8.89610e+03 1.17453e-18 +0.00000e+00
 2.15443e-08 8.89808e+03 1.46615e-18 +0.00000e+00
 2.68270e-08 8.89983e+03 1.83028e-18 +0.00000e+00
 3.34048e-08 8.90124e+03 2.28498e-18 +0.00000e+00
 4.15956e-08 8.90219e+03 2.85285e-18 +0.00000e+00
 5.17947e-08 8.90247e+03 3.56213e-18 +0.00000e+00
 6.44947e-08 8.90181e+03 4.44823e-18 +0.00000e+00
 8.03086e-08 8.89977e+03 5.55558e-18 +0.00000e+00
 1.00000e-07 8.89487e+03 6.94079e-18 +0.00000e+00
 1.24520e-07 8.85197e+03 8.70808e-18 +0.00000e+00
 1.55052e-07 8.45074e+03 1.13879e-17 +0.00000e+00
 1.93070e-07 7.99378e+03 1.50383e-17 +0.00000e+00
 2.40410e-07 7.74873e+03 1.93908e-17 +0.00000e+00
 2.99358e-07 7.65280e+03 2.45974e-17 +0.00000e+00
 3.72759e-07 7.60535e+03 3.14559e-17 +0.00000e+00
 4.64159e-07 7.57602e+03 3.99302e-17 +0.00000e+00
 5.77969e-07 7.55614e+03 5.05278e-17 +0.00000e+00
 7.19686e-07 7.54145e+03 6.38361e-17 +0.00000e+00
 8.96151e-07 7.52973e+03 8.05452e-17 +0.00000e+00
 1.11588e-06 7.51956e+03 1.01511e-16 +0.00000e+00
 1.38950e-06 7.50997e+03 1.27803e-16 +0.00000e+00
 1.73020e-06 7.50017e+03 1.60754e-16 +0.00000e+00
 2.15443e-06 7.48953e+03 2.02039e-16 +0.00000e+00
 2.68270e-06 7.47756e+03 2.53752e-16 +0.00000e+00
 3.34048e-06 7.46399e+03 3.18523e-16 +0.00000e+00
 4.15956e-06 7.44886e+03 3.99641e-16 +0.00000e+00
 5.17947e-06 7.43258e+03 5.01206e-16 +0.00000e+00
 6.44947e-06 7.41590e+03 6.28311e-16 +0.00000e+00
 8.03086e-06 7.39963e+03 7.87284e-16 +0.00000e+00
 1.00000e-05 7.38444e+03 9.85999e-16 +0.00000e+00
 1.24520e-05 7.37078e+03 1.23427e-15 +0.00000e+00
 1.55052e-05 7.35885e+03 1.54433e-15 +0.00000e+00
 1.93070e-05 7.34878e+03 1.93145e-15 +0.00000e+00
 2.40410e-05 7.34065e+03 2.41463e-15 +0.00000e+00
 2.99358e-05 7.33458e+03 3.01750e-15 +0.00000e+00
 3.72759e-05 7.33072e+03 3.76934e-15 +0.00000e+00
 4.64159e-05 7.32922e+03 4.70653e-15 +0.00000e+00
 5.77969e-05 7.33027e+03 5.87423e-15 +0.00000e+00
 7.19686e-05 7.33403e+03 7.32835e-15 +0.00000e+00
 8.96151e-05 7.34070e+03 9.13812e-15 +0.00000e+00
 1.11588e-04 7.35050e+03 1.13891e-14 +0.00000e+00
 1.38950e-04 7.36364e+03 1.41869e-14 +0.00000e+00
 1.73020e-04 7.38039e+03 1.76617e-14 +0.00000e+00
 2.15443e-04 7.40103e+03 2.19735e-14 +0.00000e+00
 2.68270e-04 7.42580e+03 2.73183e-14 +0.00000e+00
 3.34048e-04 7.45495e+03 3.39364e-14 +0.00000e+00
 4.15956e-04 7.48863e+03 4.21204e-14 +0.00000e+00
 5.17947e-04 7.52689e+03 5.22274e-14 +0.00000e+00
 6.44947e-04 7.56969e+03 6.46916e-14 +0.00000e+00
 8.03086e-04 7.61680e+03 8.00419e-14 +0.00000e+00
 1.00000e-03 7.66789e+03 9.89222e-14 +0.00000e+00
 1.24520e-03 7.72251e+03 1.22116e-13 -2.54479e-07
 1.55052e-03 7.78006e+03 1.50575e-13 -3.16877e-07
 1.93070e-03 7.83985e+03 1.85457e-13 -3.94574e-07
 2.40410e-03 7.90114e+03 2.28165e-13 -4.91323e-07
 2.99358e-03 7.96313e+03 2.80407e-13 -6.11793e-07
 3.72759e-03 8.02503e+03 3.44262e-13 -7.61802e-07
 4.64159e-03 8.08605e+03 4.22250e-13 -9.48594e-07
 5.77969e-03 8.14558e+03 5.17408e-13 -1.18119e-06
 7.19686e-03 8.20327e+03 6.33353e-13 -1.47080e-06
 8.96151e-03 8.25918e+03 7.74342e-13 -1.83145e-06
 1.11588e-02 8.31389e+03 9.45340e-13 -2.28052e-06
 1.38950e-02 8.36864e+03 1.15206e-12 -2.83969e-06
 1.73020e-02 8.42520e+03 1.40098e-12 -3.53597e-06
 2.15443e-02 8.48573e+03 1.69938e-12 -4.40298e-06
 2.68270e-02 8.55247e+03 2.05528e-12 -5.48258e-06
 3.34048e-02 8.62757e+03 2.47740e-12 -6.82690e-06
 4.15956e-02 8.71302e+03 2.97505e-12 -8.50084e-06
 5.17947e-02 8.81069e+03 3.55801e-12 -1.05852e-05
 6.44947e-02 8.92234e+03 4.23668e-12 -1.31807e-05
 8.03086e-02 9.04966e+03 5.02225e-12 -1.64125e-05
 1.00000e-01 9.19416e+03 5.92742e-12 -2.04368e-05
 1.24520e-01 9.35711e+03 6.96707e-12 -2.54479e-05
 1.55052e-01 9.53949e+03 8.15946e-12 -3.16877e-05
 1.93070e-01 9.74206e+03 9.52666e-12 -3.94574e-05
 2.40410e-01 9.96546e+03 1.10953e-11 -4.91323e-05
 2.99358e-01 1.02103e+04 1.28967e-11 -6.11793e-05
 3.72759e-01 1.04775e+04 1.49673e-11 -7.61802e-05
 4.64159e-01 1.07677e+04 1.73488e-11 -9.48594e-05
 5.77969e-01 1.10817e+04 2.00888e-11 -1.18119e-04
 7.19686e-01 1.14199e+04 2.32408e-11 -1.47080e-04
 8.96151e-01 1.17820e+04 2.68637e-11 -1.83145e-04
 1.11588e+00 1.21678e+04 3.10184e-11 -2.28052e-04
 1.38950e+00 1.25769e+04 3.57632e-11 -2.83969e-04
 1.73020e+00 1.30093e+04 4.11495e-11 -3.53604e-04
 2.15443e+00 1.34656e+04 4.72290e-11 -4.40298e-04
 2.68270e+00 1.39468e+04 5.40812e-11 -5.48259e-04
 3.34048e+00 1.44538e+04 6.18468e-11 -6.13106e-04
 4.15956e+00 1.49873e+04 7.07297e-11 -6.13106e-04
 5.17947e+00 1.55518e+04 8.09441e-11 -6.13107e-04
 6.44947e+00 1.61384e+04 9.27717e-11 -6.13106e-04
 8.03086e+00 1.67604e+04 1.06378e-10 -6.13106e-04
 1.00000e+01 1.74074e+04 1.22082e-10 -6.13106e-04
 1.24520e+01 1.80976e+04 1.40063e-10 -6.13106e-04
 1.55052e+01 1.87914e+04 1.60900e-10 -6.13106e-04
 1.93070e+01 1.95959e+04 1.84207e-10 -6.13106e-04
 2.40410e+01 2.02926e+04 2.12158e-10 -6.13106e-04
 2.99358e+01 2.12635e+04 2.41823e-10 -6.13106e-04
 3.72759e+01 2.19696e+04 2.79124e-10 -6.13106e-04
 4.64159e+01 2.30335e+04 3.17677e-10 -6.13106e-04
 5.77969e+01 2.39472e+04 3.64682e-10 -6.13106e-04
 7.19686e+01 2.49072e+04 4.17912e-10 -6.13106e-04
 8.96151e+01 2.61519e+04 4.75163e-10 -6.13106e-04
 1.11588e+02 2.71433e+04 5.46003e-10 -6.13106e-04
 1.38950e+02 2.85029e+04 6.20354e-10 -6.13106e-04
 1.73020e+02 2.97711e+04 7.08722e-10 -6.13106e-04
 2.15443e+02 3.12245e+04 8.06016e-10 -6.13106e-04
 2.68270e+02 3.27485e+04 9.15807e-10 -6.13105e-04
 3.34048e+02 3.44825e+04 1.03477e-09 -6.13101e-04
 4.15956e+02 3.60741e+04 1.17410e-09 -6.13080e-04
 5.17947e+02 3.85717e+04 1.30547e-09 -6.13088e-04
 6.44947e+02 3.93294e+04 1.52390e-09 -6.12991e-04
 8.03086e+02 4.41682e+04 1.62149e-09 -6.13105e-04
 1.00000e+03 4.35816e+04 1.98335e-09 -6.13014e-04
