#n1=128 n2=4 Teff=10000 R=6.1508e+12 L=2.6944e+38 logg=+1.50
#   tau          T          rho         Fconv
 0.00000e+00 5.73847e+03 1.34996e-21 +0.00000e+00
 1.00000e-09 5.73847e+03 1.23060e-19 +0.00000e+00
 1.24520e-09 5.68522e+03 1.54675e-19 +0.00000e+00
 1.55052e-09 5.65043e+03 1.93866e-19 +0.00000e+00
 1.93070e-09 5.62529e+03 2.42649e-19 +0.00000e+00
 2.40410e-09 5.60542e+03 3.03497e-19 +0.00000e+00
 2.99358e-09 5.58904e+03 3.79437e-19 +0.00000e+00
 3.72759e-09 5.57542e+03 4.74215e-19 +0.00000e+00
 4.64159e-09 5.56422e+03 5.92476e-19 +0.00000e+00
 5.77969e-09 5.55525e+03 7.40000e-19 +0.00000e+00
 7.19686e-09 5.54828e+03 9.23988e-19 +0.00000e+00
 8.96151e-09 5.54309e+03 1.15341e-18 +0.00000e+00
 1.11588e-08 5.53947e+03 1.43946e-18 +0.00000e+00
 1.38950e-08 5.53721e+03 1.79606e-18 +0.00000e+00
 1.73020e-08 5.53614e+03 2.24058e-18 +0.00000e+00
 2.15443e-08 5.53611e+03 2.79466e-18 +0.00000e+00
 2.68270e-08 5.53703e+03 3.48522e-18 +0.00000e+00
 3.34048e-08 5.53882e+03 4.34581e-18 +0.00000e+00
 4.15956e-08 5.54142e+03 5.41819e-18 +0.00000e+00
 5.17947e-08 5.54480e+03 6.75432e-18 +0.00000e+00
 6.44947e-08 5.54896e+03 8.41887e-18 +0.00000e+00
 8.03086e-08 5.55391e+03 1.04923e-17 +0.00000e+00
 1.00000e-07 5.55968e+03 1.30746e-17 +0.00000e+00
 1.24520e-07 5.56632e+03 1.62900e-17 +0.00000e+00
 1.55052e-07 5.57390e+03 2.02932e-17 +0.00000e+00
 1.93070e-07 5.58251e+03 2.52757e-17 +0.00000e+00
 2.40410e-07 5.59226e+03 3.14756e-17 +0.00000e+00
 2.99358e-07 5.60327e+03 3.91882e-17 +0.00000e+00
 3.72759e-07 5.61570e+03 4.87792e-17 +0.00000e+00
 4.64159e-07 5.62971e+03 6.07022e-17 +0.00000e+00
 5.77969e-07 5.64547e+03 7.55185e-17 +0.00000e+00
 7.19686e-07 5.66318e+03 9.39234e-17 +0.00000e+00
 8.96151e-07 5.68302e+03 1.16777e-16 +0.00000e+00
 1.11588e-06 5.70519e+03 1.45141e-16 +0.00000e+00
 1.38950e-06 5.72986e+03 1.80327e-16 +0.00000e+00
 1.73020e-06 5.75720e+03 2.23948e-16 +0.00000e+00
 2.15443e-06 5.78735e+03 2.77996e-16 +0.00000e+00
 2.68270e-06 5.82042e+03 3.44931e-16 +0.00000e+00
 3.34048e-06 5.85646e+03 4.27785e-16 +0.00000e+00
 4.15956e-06 5.89549e+03 5.30307e-16 +0.00000e+00
 5.17947e-06 5.93749e+03 6.57128e-16 +0.00000e+00
 6.44947e-06 5.98232e+03 8.13983e-16 +0.00000e+00
 8.03086e-06 6.02985e+03 1.00797e-15 +0.00000e+00
 1.00000e-05 6.07989e+03 1.24788e-15 +0.00000e+00
 1.24520e-05 6.13221e+03 1.54458e-15 +0.00000e+00
 1.55052e-05 6.18650e+03 1.91150e-15 +0.00000e+00
 1.93070e-05 6.24243e+03 2.36531e-15 +0.00000e+00
 2.40410e-05 6.29951e+03 2.92680e-15 +0.00000e+00
 2.99358e-05 6.35721e+03 3.62188e-15 +0.00000e+00
 3.72759e-05 6.41487e+03 4.48294e-15 +0.00000e+00
 4.64159e-05 6.47184e+03 5.55050e-15 +0.00000e+00
 5.77969e-05 6.52753e+03 6.87522e-15 +0.00000e+00
 7.19686e-05 6.58156e+03 8.52019e-15 +0.00000e+00
 8.96151e-05 6.63387e+03 1.05636e-14 +0.00000e+00
 1.11588e-04 6.68474e+03 1.31022e-14 +0.00000e+00
 1.38950e-04 6.73473e+03 1.62549e-14 +0.00000e+00
 1.73020e-04 6.78444e+03 2.01685e-14 +0.00000e+00
 2.15443e-04 6.83439e+03 2.50246e-14 +0.00000e+00
 2.68270e-04 6.88482e+03 3.10478e-14 +0.00000e+00
 3.34048e-04 6.93581e+03 3.85159e-14 +0.00000e+00
 4.15956e-04 6.98728e+03 4.77721e-14 +0.00000e+00
 5.17947e-04 7.03913e+03 5.92394e-14 +0.00000e+00
 6.44947e-04 7.09131e+03 7.34390e-14 +0.00000e+00
 8.03086e-04 7.14378e+03 9.10129e-14 +0.00000e+00
 1.00000e-03 7.19651e+03 1.12752e-13 +0.00000e+00
 1.24520e-03 7.24952e+03 1.39626e-13 -2.54682e-07
 1.55052e-03 7.30287e+03 1.72824e-13 -3.17129e-07
 1.93070e-03 7.35667e+03 2.13792e-13 -3.94887e-07
 2.40410e-03 7.41119e+03 2.64279e-13 -4.91713e-07
 2.99358e-03 7.46685e+03 3.26381e-13 -6.12278e-07
 3.72759e-03 7.52430e+03 4.02579e-13 -7.62409e-07
 4.64159e-03 7.58439e+03 4.95776e-13 -9.49348e-07
 5.77969e-03 7.64804e+03 6.09314e-13 -1.18213e-06
 7.19686e-03 7.71611e+03 7.46988e-13 -1.47198e-06
 8.96151e-03 7.78931e+03 9.13035e-13 -1.83290e-06
 1.11588e-02 7.86809e+03 1.11211e-12 -2.28232e-06
 1.38950e-02 7.95265e+03 1.34926e-12 -2.84196e-06
 1.73020e-02 8.04301e+03 1.63000e-12 -3.53879e-06
 2.15443e-02 8.13902e+03 1.96038e-12 -4.40648e-06
 2.68270e-02 8.24051e+03 2.34716e-12 -5.48695e-06
 3.34048e-02 8.34741e+03 2.79790e-12 -6.83233e-06
 4.15956e-02 8.45993e+03 3.32118e-12 -8.50759e-06
 5.17947e-02 8.57841e+03 3.92677e-12 -1.05936e-05
 6.44947e-02 8.70396e+03 4.62526e-12 -1.31912e-05
 8.03086e-02 8.83810e+03 5.42863e-12 -1.64256e-05
 1.00000e-01 8.98299e+03 6.35000e-12 -2.04530e-05
 1.24520e-01 9.14137e+03 7.40409e-12 -2.54682e-05
 1.55052e-01 9.31645e+03 8.60786e-12 -3.17129e-05
 1.93070e-01 9.51165e+03 9.98131e-12 -3.94887e-05
 2.40410e-01 9.73015e+03 1.15489e-11 -4.91713e-05
 2.99358e-01 9.97439e+03 1.33409e-11 -6.12278e-05
 3.72759e-01 1.02455e+04 1.53953e-11 -7.62409e-05
 4.64159e-01 1.05433e+04 1.77581e-11 -9.49348e-05
 5.77969e-01 1.08663e+04 2.04836e-11 -1.18213e-04
 7.19686e-01 1.12129e+04 2.36324e-11 -1.47198e-04
 8.96151e-01 1.15819e+04 2.72696e-11 -1.83290e-04
 1.11588e+00 1.19731e+04 3.14609e-11 -2.28232e-04
 1.38950e+00 1.23873e+04 3.62680e-11 -2.84196e-04
 1.73020e+00 1.28261e+04 4.17437e-11 -3.53879e-04
 2.15443e+00 1.32914e+04 4.79318e-11 -4.40657e-04
 2.68270e+00 1.37851e+04 5.48910e-11 -5.48695e-04
 3.34048e+00 1.43093e+04 6.27398e-11 -6.13593e-04
 4.15956e+00 1.48655e+04 7.16825e-11 -6.13593e-04
 5.17947e+00 1.54581e+04 8.19587e-11 -6.13593e-04
 6.44947e+00 1.60833e+04 9.38523e-11 -6.13593e-04
 8.03086e+00 1.67515e+04 1.07562e-10 -6.13593e-04
 1.00000e+01 1.74576e+04 1.23389e-10 -6.13593e-04
 1.24520e+01 1.82167e+04 1.41548e-10 -6.13593e-04
 1.55052e+01 1.89930e+04 1.62607e-10 -6.13593e-04
 1.93070e+01 1.98835e+04 1.86272e-10 -6.13593e-04
 2.40410e+01 2.06795e+04 2.14649e-10 -6.13593e-04
 2.99358e+01 2.17211e+04 2.45230e-10 -6.13593e-04
 3.72759e+01 2.24992e+04 2.83573e-10 -6.13593e-04
 4.64159e+01 2.36477e+04 3.23340e-10 -6.13593e-04
 5.77969e+01 2.45050e+04 3.73324e-10 -6.13593e-04
 7.19686e+01 2.56700e+04 4.26155e-10 -6.13593e-04
 8.96151e+01 2.67509e+04 4.88829e-10 -6.13593e-04
 1.11588e+02 2.78879e+04 5.59742e-10 -6.13593e-04
 1.38950e+02 2.93510e+04 6.35761e-10 -6.13593e-04
 1.73020e+02 3.04850e+04 7.30424e-10 -6.13593e-04
 2.15443e+02 3.23191e+04 8.22155e-10 -6.13593e-04
 2.68270e+02 3.38426e+04 9.36288e-10 -6.13593e-04
 3.34048e+02 3.56881e+04 1.05532e-09 -6.13591e-04
 4.15956e+02 3.77216e+04 1.18660e-09 -6.13591e-04
 5.17947e+02 3.96579e+04 1.34469e-09 -6.13591e-04
 6.44947e+02 4.16677e+04 1.52707e-09 -6.13593e-04
 8.03086e+02 4.38586e+04 1.73387e-09 -6.13593e-04
 1.00000e+03 4.61437e+04 1.97237e-09 -6.13593e-04
