#n1=128 n2=4 Teff=10200 R=3.9669e+11 L=1.2138e+36 logg=+3.50
#   tau          T          rho         Fconv
 0.00000e+00 8.77585e+03 8.51362e-22 +0.00000e+00
 1.00000e-09 8.77585e+03 8.15205e-18 +0.00000e+00
 1.24520e-09 8.78618e+03 1.01526e-17 +0.00000e+00
 1.55052e-09 8.79692e+03 1.26453e-17 +0.00000e+00
 1.93070e-09 8.80792e+03 1.57518e-17 +0.00000e+00
 2.40410e-09 8.81906e+03 1.96237e-17 +0.00000e+00
 2.99358e-09 8.83018e+03 2.44501e-17 +0.00000e+00
 3.72759e-09 8.84111e+03 3.04670e-17 +0.00000e+00
 4.64159e-09 8.85167e+03 3.79689e-17 +0.00000e+00
 5.77969e-09 8.86163e+03 4.73243e-17 +0.00000e+00
 7.19686e-09 8.87079e+03 5.89949e-17 +0.00000e+00
 8.96151e-09 8.87891e+03 7.35612e-17 +0.00000e+00
 1.11588e-08 8.88571e+03 9.17562e-17 +0.00000e+00
 1.38950e-08 8.89094e+03 1.14511e-16 +0.00000e+00
 1.73020e-08 8.89429e+03 1.43016e-16 +0.00000e+00
 2.15443e-08 8.89546e+03 1.78817e-16 +0.00000e+00
 2.68270e-08 8.89414e+03 2.23922e-16 +0.00000e+00
 3.34048e-08 8.89000e+03 2.80916e-16 +0.00000e+00
 4.15956e-08 8.88270e+03 3.52997e-16 +0.00000e+00
 5.17947e-08 8.87190e+03 4.43999e-16 +0.00000e+00
 6.44947e-08 8.85721e+03 5.58637e-16 +0.00000e+00
 8.03086e-08 8.83828e+03 7.02925e-16 +0.00000e+00
 1.00000e-07 8.81464e+03 8.84400e-16 +0.00000e+00
 1.24520e-07 8.78552e+03 1.11257e-15 +0.00000e+00
 1.55052e-07 8.74956e+03 1.39956e-15 +0.00000e+00
 1.93070e-07 8.70423e+03 1.76119e-15 +0.00000e+00
 2.40410e-07 8.64402e+03 2.21873e-15 +0.00000e+00
 2.99358e-07 8.54936e+03 2.80509e-15 +0.00000e+00
 3.72759e-07 8.37710e+03 3.57875e-15 +0.00000e+00
 4.64159e-07 8.13878e+03 4.60546e-15 +0.00000e+00
 5.77969e-07 7.93132e+03 5.90890e-15 +0.00000e+00
 7.19686e-07 7.79775e+03 7.51355e-15 +0.00000e+00
 8.96151e-07 7.71456e+03 9.49389e-15 +0.00000e+00
 1.11588e-06 7.65835e+03 1.19560e-14 +0.00000e+00
 1.38950e-06 7.61673e+03 1.50306e-14 +0.00000e+00
 1.73020e-06 7.58335e+03 1.88786e-14 +0.00000e+00
 2.15443e-06 7.55458e+03 2.37010e-14 +0.00000e+00
 2.68270e-06 7.52803e+03 2.97500e-14 +0.00000e+00
 3.34048e-06 7.50185e+03 3.73450e-14 +0.00000e+00
 4.15956e-06 7.47441e+03 4.68911e-14 +0.00000e+00
 5.17947e-06 7.44385e+03 5.89056e-14 +0.00000e+00
 6.44947e-06 7.40830e+03 7.40542e-14 +0.00000e+00
 8.03086e-06 7.36471e+03 9.32104e-14 +0.00000e+00
 1.00000e-05 7.31039e+03 1.17513e-13 +0.00000e+00
 1.24520e-05 7.24075e+03 1.48501e-13 +0.00000e+00
 1.55052e-05 7.15543e+03 1.88125e-13 +0.00000e+00
 1.93070e-05 7.05669e+03 2.38839e-13 +0.00000e+00
 2.40410e-05 6.95374e+03 3.03384e-13 +0.00000e+00
 2.99358e-05 6.85449e+03 3.84905e-13 +0.00000e+00
 3.72759e-05 6.76484e+03 4.86949e-13 +0.00000e+00
 4.64159e-05 6.69182e+03 6.13323e-13 +0.00000e+00
 5.77969e-05 6.63466e+03 7.69274e-13 +0.00000e+00
 7.19686e-05 6.59411e+03 9.61455e-13 +0.00000e+00
 8.96151e-05 6.56861e+03 1.19912e-12 +0.00000e+00
 1.11588e-04 6.55661e+03 1.49456e-12 +0.00000e+00
 1.38950e-04 6.55688e+03 1.86471e-12 +0.00000e+00
 1.73020e-04 6.56857e+03 2.33278e-12 +0.00000e+00
 2.15443e-04 6.59101e+03 2.92955e-12 +0.00000e+00
 2.68270e-04 6.62339e+03 3.69653e-12 +0.00000e+00
 3.34048e-04 6.67110e+03 4.68211e-12 +0.00000e+00
 4.15956e-04 6.72037e+03 5.96813e-12 +0.00000e+00
 5.17947e-04 6.77586e+03 7.64144e-12 +0.00000e+00
 6.44947e-04 6.83625e+03 9.81815e-12 +0.00000e+00
 8.03086e-04 6.90029e+03 1.26413e-11 +0.00000e+00
 1.00000e-03 6.96664e+03 1.62841e-11 +0.00000e+00
 1.24520e-03 7.03435e+03 2.09411e-11 -2.54538e-07
 1.55052e-03 7.09965e+03 2.68538e-11 -3.16949e-07
 1.93070e-03 7.16554e+03 3.42457e-11 -3.94665e-07
 2.40410e-03 7.23285e+03 4.33259e-11 -4.91436e-07
 2.99358e-03 7.29894e+03 5.43392e-11 -6.11934e-07
 3.72759e-03 7.36366e+03 6.74814e-11 -7.61979e-07
 4.64159e-03 7.42730e+03 8.29235e-11 -9.48813e-07
 5.77969e-03 7.49013e+03 1.00801e-10 -1.18146e-06
 7.19686e-03 7.55285e+03 1.21212e-10 -1.47115e-06
 8.96151e-03 7.61607e+03 1.44212e-10 -1.83187e-06
 1.11588e-02 7.68059e+03 1.69782e-10 -2.28104e-06
 1.38950e-02 7.74739e+03 1.97841e-10 -2.84035e-06
 1.73020e-02 7.81738e+03 2.28210e-10 -3.53679e-06
 2.15443e-02 7.89167e+03 2.60573e-10 -4.40401e-06
 2.68270e-02 7.97159e+03 2.94466e-10 -5.48382e-06
 3.34048e-02 8.05853e+03 3.29230e-10 -6.82834e-06
 4.15956e-02 8.15411e+03 3.63986e-10 -8.50250e-06
 5.17947e-02 8.26018e+03 3.97613e-10 -1.05872e-05
 6.44947e-02 8.37889e+03 4.28769e-10 -1.31832e-05
 8.03086e-02 8.51261e+03 4.55923e-10 -1.64158e-05
 1.00000e-01 8.66404e+03 4.77476e-10 -2.04411e-05
 1.24520e-01 8.83605e+03 4.91974e-10 -2.54534e-05
 1.55052e-01 9.03155e+03 4.98460e-10 -3.16948e-05
 1.93070e-01 9.25301e+03 4.96993e-10 -3.94665e-05
 2.40410e-01 9.50176e+03 4.89136e-10 -4.91436e-05
 2.99358e-01 9.77737e+03 4.78075e-10 -6.11934e-05
 3.72759e-01 1.00775e+04 4.67887e-10 -7.61979e-05
 4.64159e-01 1.03987e+04 4.62226e-10 -9.48813e-05
 5.77969e-01 1.07368e+04 4.63422e-10 -1.18146e-04
 7.19686e-01 1.10884e+04 4.72559e-10 -1.47115e-04
 8.96151e-01 1.14508e+04 4.90129e-10 -1.83187e-04
 1.11588e+00 1.18224e+04 5.16543e-10 -2.28104e-04
 1.38950e+00 1.22026e+04 5.52341e-10 -2.84035e-04
 1.73020e+00 1.25915e+04 5.98212e-10 -3.53679e-04
 2.15443e+00 1.29898e+04 6.54961e-10 -4.40401e-04
 2.68270e+00 1.33981e+04 7.23483e-10 -5.48385e-04
 3.34048e+00 1.38171e+04 8.04732e-10 -6.13247e-04
 4.15956e+00 1.42477e+04 8.99694e-10 -6.13247e-04
 5.17947e+00 1.46917e+04 1.00934e-09 -6.13247e-04
 6.44947e+00 1.51499e+04 1.13477e-09 -6.13247e-04
 8.03086e+00 1.56274e+04 1.27694e-09 -6.13247e-04
 1.00000e+01 1.61254e+04 1.43753e-09 -6.13247e-04
 1.24520e+01 1.66507e+04 1.61842e-09 -6.13247e-04
 1.55052e+01 1.71896e+04 1.82419e-09 -6.13247e-04
 1.93070e+01 1.78021e+04 2.05283e-09 -6.13247e-04
 2.40410e+01 1.83470e+04 2.32485e-09 -6.13247e-04
 2.99358e+01 1.91086e+04 2.61132e-09 -6.13247e-04
 3.72759e+01 1.96263e+04 2.97704e-09 -6.13246e-04
 4.64159e+01 2.05346e+04 3.33889e-09 -6.13246e-04
 5.77969e+01 2.11236e+04 3.81143e-09 -6.13243e-04
 7.19686e+01 2.20518e+04 4.29145e-09 -6.13238e-04
 8.96151e+01 2.28784e+04 4.87101e-09 -6.13220e-04
 1.11588e+02 2.36829e+04 5.53650e-09 -6.13145e-04
 1.38950e+02 2.49176e+04 6.21783e-09 -6.13073e-04
 1.73020e+02 2.55599e+04 7.14272e-09 -6.12112e-04
 2.15443e+02 2.70842e+04 7.96761e-09 -6.11747e-04
 2.68270e+02 2.80401e+04 9.10359e-09 -6.06610e-04
 3.34048e+02 2.93715e+04 1.02775e-08 -5.96436e-04
 4.15956e+02 3.08456e+04 1.16005e-08 -5.71907e-04
 5.17947e+02 3.24275e+04 1.31123e-08 -5.01366e-04
 6.44947e+02 3.36233e+04 1.49933e-08 -8.88027e-05
 8.03086e+02 3.54077e+04 1.68463e-08 +9.25387e-04
 1.00000e+03 4.13624e+04 1.71737e-08 +3.46804e-04
