#n1=128 n2=4 Teff=10200 R=2.2916e+13 L=4.0460e+39 logg=+0.50
#   tau          T          rho         Fconv
 0.00000e+00 6.30362e+03 1.20824e-21 +0.00000e+00
 1.00000e-09 6.30362e+03 8.00396e-21 +0.00000e+00
 1.24520e-09 6.29382e+03 9.76335e-21 +0.00000e+00
 1.55052e-09 6.28582e+03 1.19727e-20 +0.00000e+00
 1.93070e-09 6.27921e+03 1.47469e-20 +0.00000e+00
 2.40410e-09 6.27342e+03 1.82309e-20 +0.00000e+00
 2.99358e-09 6.26791e+03 2.26068e-20 +0.00000e+00
 3.72759e-09 6.26216e+03 2.81054e-20 +0.00000e+00
 4.64159e-09 6.25554e+03 3.50134e-20 +0.00000e+00
 5.77969e-09 6.24693e+03 4.37137e-20 +0.00000e+00
 7.19686e-09 6.23363e+03 5.46648e-20 +0.00000e+00
 8.96151e-09 6.20533e+03 6.86381e-20 +0.00000e+00
 1.11588e-08 6.13266e+03 8.68670e-20 +0.00000e+00
 1.38950e-08 6.03800e+03 1.10753e-19 +0.00000e+00
 1.73020e-08 5.93612e+03 1.41576e-19 +0.00000e+00
 2.15443e-08 5.86243e+03 1.80136e-19 +0.00000e+00
 2.68270e-08 5.81594e+03 2.28025e-19 +0.00000e+00
 3.34048e-08 5.78769e+03 2.87596e-19 +0.00000e+00
 4.15956e-08 5.76906e+03 3.61977e-19 +0.00000e+00
 5.17947e-08 5.75582e+03 4.55017e-19 +0.00000e+00
 6.44947e-08 5.74586e+03 5.71496e-19 +0.00000e+00
 8.03086e-08 5.73808e+03 7.17362e-19 +0.00000e+00
 1.00000e-07 5.73195e+03 9.00041e-19 +0.00000e+00
 1.24520e-07 5.72724e+03 1.12879e-18 +0.00000e+00
 1.55052e-07 5.72393e+03 1.41515e-18 +0.00000e+00
 1.93070e-07 5.72205e+03 1.77354e-18 +0.00000e+00
 2.40410e-07 5.72168e+03 2.22190e-18 +0.00000e+00
 2.99358e-07 5.72288e+03 2.78265e-18 +0.00000e+00
 3.72759e-07 5.72571e+03 3.48370e-18 +0.00000e+00
 4.64159e-07 5.73024e+03 4.35986e-18 +0.00000e+00
 5.77969e-07 5.73651e+03 5.45447e-18 +0.00000e+00
 7.19686e-07 5.74463e+03 6.82147e-18 +0.00000e+00
 8.96151e-07 5.75471e+03 8.52795e-18 +0.00000e+00
 1.11588e-06 5.76686e+03 1.06572e-17 +0.00000e+00
 1.38950e-06 5.78126e+03 1.33128e-17 +0.00000e+00
 1.73020e-06 5.79807e+03 1.66231e-17 +0.00000e+00
 2.15443e-06 5.81748e+03 2.07471e-17 +0.00000e+00
 2.68270e-06 5.83968e+03 2.58820e-17 +0.00000e+00
 3.34048e-06 5.86484e+03 3.22718e-17 +0.00000e+00
 4.15956e-06 5.89311e+03 4.02185e-17 +0.00000e+00
 5.17947e-06 5.92456e+03 5.00963e-17 +0.00000e+00
 6.44947e-06 5.95926e+03 6.23682e-17 +0.00000e+00
 8.03086e-06 5.99716e+03 7.76081e-17 +0.00000e+00
 1.00000e-05 6.03817e+03 9.65274e-17 +0.00000e+00
 1.24520e-05 6.08213e+03 1.20008e-16 +0.00000e+00
 1.55052e-05 6.12879e+03 1.49145e-16 +0.00000e+00
 1.93070e-05 6.17788e+03 1.85298e-16 +0.00000e+00
 2.40410e-05 6.22907e+03 2.30157e-16 +0.00000e+00
 2.99358e-05 6.28202e+03 2.85829e-16 +0.00000e+00
 3.72759e-05 6.33639e+03 3.54927e-16 +0.00000e+00
 4.64159e-05 6.39175e+03 4.40712e-16 +0.00000e+00
 5.77969e-05 6.44782e+03 5.47235e-16 +0.00000e+00
 7.19686e-05 6.50428e+03 6.79545e-16 +0.00000e+00
 8.96151e-05 6.56087e+03 8.43926e-16 +0.00000e+00
 1.11588e-04 6.61735e+03 1.04821e-15 +0.00000e+00
 1.38950e-04 6.67355e+03 1.30216e-15 +0.00000e+00
 1.73020e-04 6.72947e+03 1.61788e-15 +0.00000e+00
 2.15443e-04 6.78521e+03 2.01046e-15 +0.00000e+00
 2.68270e-04 6.84096e+03 2.49858e-15 +0.00000e+00
 3.34048e-04 6.89701e+03 3.10543e-15 +0.00000e+00
 4.15956e-04 6.95367e+03 3.85976e-15 +0.00000e+00
 5.17947e-04 7.01121e+03 4.79716e-15 +0.00000e+00
 6.44947e-04 7.06980e+03 5.96184e-15 +0.00000e+00
 8.03086e-04 7.12946e+03 7.40865e-15 +0.00000e+00
 1.00000e-03 7.19012e+03 9.20571e-15 +0.00000e+00
 1.24520e-03 7.25166e+03 1.14376e-14 -2.54829e-07
 1.55052e-03 7.31395e+03 1.42090e-14 -3.17312e-07
 1.93070e-03 7.37692e+03 1.76496e-14 -3.95117e-07
 2.40410e-03 7.44061e+03 2.19197e-14 -4.91998e-07
 2.99358e-03 7.50520e+03 2.72163e-14 -6.12634e-07
 3.72759e-03 7.57116e+03 3.37812e-14 -7.62850e-07
 4.64159e-03 7.63912e+03 4.19096e-14 -9.49898e-07
 5.77969e-03 7.70977e+03 5.19614e-14 -1.18281e-06
 7.19686e-03 7.78394e+03 6.43739e-14 -1.47283e-06
 8.96151e-03 7.86232e+03 7.96785e-14 -1.83396e-06
 1.11588e-02 7.94548e+03 9.85216e-14 -2.28365e-06
 1.38950e-02 8.03372e+03 1.21690e-13 -2.84360e-06
 1.73020e-02 8.12716e+03 1.50142e-13 -3.54083e-06
 2.15443e-02 8.22580e+03 1.85036e-13 -4.40905e-06
 2.68270e-02 8.32960e+03 2.27778e-13 -5.49012e-06
 3.34048e-02 8.43858e+03 2.80057e-13 -6.83628e-06
 4.15956e-02 8.55300e+03 3.43897e-13 -8.51252e-06
 5.17947e-02 8.67328e+03 4.21717e-13 -1.05998e-05
 6.44947e-02 8.80049e+03 5.16362e-13 -1.31988e-05
 8.03086e-02 8.93612e+03 6.31175e-13 -1.64351e-05
 1.00000e-01 9.08219e+03 7.70049e-13 -2.04650e-05
 1.24520e-01 9.24124e+03 9.37486e-13 -2.54829e-05
 1.55052e-01 9.41617e+03 1.13868e-12 -3.17312e-05
 1.93070e-01 9.60995e+03 1.37964e-12 -3.95117e-05
 2.40410e-01 9.82530e+03 1.66731e-12 -4.91998e-05
 2.99358e-01 1.00644e+04 2.00982e-12 -6.12634e-05
 3.72759e-01 1.03288e+04 2.41670e-12 -7.62850e-05
 4.64159e-01 1.06194e+04 2.89895e-12 -9.49898e-05
 5.77969e-01 1.09372e+04 3.46888e-12 -1.18281e-04
 7.19686e-01 1.12834e+04 4.13942e-12 -1.47283e-04
 8.96151e-01 1.16605e+04 4.92259e-12 -1.83396e-04
 1.11588e+00 1.20718e+04 5.82764e-12 -2.28365e-04
 1.38950e+00 1.25220e+04 6.86157e-12 -2.84771e-04
 1.73020e+00 1.30163e+04 8.03727e-12 -3.54281e-04
 2.15443e+00 1.35601e+04 9.38485e-12 -4.40905e-04
 2.68270e+00 1.41586e+04 1.09500e-11 -5.49012e-04
 3.34048e+00 1.48180e+04 1.27809e-11 -6.13949e-04
 4.15956e+00 1.55438e+04 1.49240e-11 -6.13949e-04
 5.17947e+00 1.63452e+04 1.74257e-11 -6.13949e-04
 6.44947e+00 1.72189e+04 2.03514e-11 -6.13949e-04
 8.03086e+00 1.81663e+04 2.37735e-11 -6.13949e-04
 1.00000e+01 1.91608e+04 2.78118e-11 -6.13949e-04
 1.24520e+01 2.02034e+04 3.25709e-11 -6.13949e-04
 1.55052e+01 2.12355e+04 3.82604e-11 -6.13949e-04
 1.93070e+01 2.23710e+04 4.48365e-11 -6.13949e-04
 2.40410e+01 2.34267e+04 5.27962e-11 -6.13949e-04
 2.99358e+01 2.47299e+04 6.16542e-11 -6.13949e-04
 3.72759e+01 2.58915e+04 7.24990e-11 -6.13949e-04
 4.64159e+01 2.74031e+04 8.42800e-11 -6.13949e-04
 5.77969e+01 2.88228e+04 9.84299e-11 -6.13949e-04
 7.19686e+01 3.05359e+04 1.13718e-10 -6.13949e-04
 8.96151e+01 3.23076e+04 1.30981e-10 -6.13949e-04
 1.11588e+02 3.41734e+04 1.50551e-10 -6.13949e-04
 1.38950e+02 3.62330e+04 1.73001e-10 -6.13949e-04
 1.73020e+02 3.81488e+04 2.00846e-10 -6.13949e-04
 2.15443e+02 4.03496e+04 2.32539e-10 -6.13949e-04
 2.68270e+02 4.23946e+04 2.71217e-10 -6.13949e-04
 3.34048e+02 4.45975e+04 3.15841e-10 -6.13949e-04
 4.15956e+02 4.68267e+04 3.68284e-10 -6.13949e-04
 5.17947e+02 4.90533e+04 4.29893e-10 -6.13949e-04
 6.44947e+02 5.13222e+04 5.01658e-10 -6.13949e-04
 8.03086e+02 5.35232e+04 5.85983e-10 -6.13949e-04
 1.00000e+03 5.61124e+04 6.80049e-10 -6.13949e-04
