#n1=128 n2=4 Teff=10000 R=4.4693e+13 L=1.4204e+40 logg=+0.00
#   tau          T          rho         Fconv
 0.00000e+00 7.26846e+03 1.04558e-21 +0.00000e+00
 1.00000e-09 7.26846e+03 2.23983e-21 +0.00000e+00
 1.24520e-09 7.27019e+03 2.54342e-21 +0.00000e+00
 1.55052e-09 7.27067e+03 2.92640e-21 +0.00000e+00
 1.93070e-09 7.27034e+03 3.40960e-21 +0.00000e+00
 2.40410e-09 7.26862e+03 4.02134e-21 +0.00000e+00
 2.99358e-09 6.11306e+03 5.73179e-21 +0.00000e+00
 3.72759e-09 6.10401e+03 6.90448e-21 +0.00000e+00
 4.64159e-09 6.09555e+03 8.38386e-21 +0.00000e+00
 5.77969e-09 6.08635e+03 1.02569e-20 +0.00000e+00
 7.19686e-09 6.07486e+03 1.26361e-20 +0.00000e+00
 8.96151e-09 6.05908e+03 1.56656e-20 +0.00000e+00
 1.11588e-08 6.03493e+03 1.95403e-20 +0.00000e+00
 1.38950e-08 5.98916e+03 2.45523e-20 +0.00000e+00
 1.73020e-08 5.59817e+03 3.28622e-20 +0.00000e+00
 2.15443e-08 5.43653e+03 4.23672e-20 +0.00000e+00
 2.68270e-08 5.41758e+03 5.32859e-20 +0.00000e+00
 3.34048e-08 5.40699e+03 6.69790e-20 +0.00000e+00
 4.15956e-08 5.39984e+03 8.41970e-20 +0.00000e+00
 5.17947e-08 5.39494e+03 1.05855e-19 +0.00000e+00
 6.44947e-08 5.39181e+03 1.33095e-19 +0.00000e+00
 8.03086e-08 5.39023e+03 1.67351e-19 +0.00000e+00
 1.00000e-07 5.39005e+03 2.10420e-19 +0.00000e+00
 1.24520e-07 5.39115e+03 2.64557e-19 +0.00000e+00
 1.55052e-07 5.39344e+03 3.32594e-19 +0.00000e+00
 1.93070e-07 5.39675e+03 4.18089e-19 +0.00000e+00
 2.40410e-07 5.40120e+03 5.25484e-19 +0.00000e+00
 2.99358e-07 5.40661e+03 6.60376e-19 +0.00000e+00
 3.72759e-07 5.41295e+03 8.29772e-19 +0.00000e+00
 4.64159e-07 5.42020e+03 1.04246e-18 +0.00000e+00
 5.77969e-07 5.42835e+03 1.30945e-18 +0.00000e+00
 7.19686e-07 5.43742e+03 1.64453e-18 +0.00000e+00
 8.96151e-07 5.44743e+03 2.06499e-18 +0.00000e+00
 1.11588e-06 5.45844e+03 2.59243e-18 +0.00000e+00
 1.38950e-06 5.47054e+03 3.25390e-18 +0.00000e+00
 1.73020e-06 5.48378e+03 4.08322e-18 +0.00000e+00
 2.15443e-06 5.49828e+03 5.12266e-18 +0.00000e+00
 2.68270e-06 5.51417e+03 6.42498e-18 +0.00000e+00
 3.34048e-06 5.53160e+03 8.05605e-18 +0.00000e+00
 4.15956e-06 5.55073e+03 1.00980e-17 +0.00000e+00
 5.17947e-06 5.57173e+03 1.26531e-17 +0.00000e+00
 6.44947e-06 5.59481e+03 1.58487e-17 +0.00000e+00
 8.03086e-06 5.62017e+03 1.98435e-17 +0.00000e+00
 1.00000e-05 5.64801e+03 2.48344e-17 +0.00000e+00
 1.24520e-05 5.67855e+03 3.10662e-17 +0.00000e+00
 1.55052e-05 5.71196e+03 3.88431e-17 +0.00000e+00
 1.93070e-05 5.74841e+03 4.85428e-17 +0.00000e+00
 2.40410e-05 5.78800e+03 6.06345e-17 +0.00000e+00
 2.99358e-05 5.83080e+03 7.57007e-17 +0.00000e+00
 3.72759e-05 5.87680e+03 9.44652e-17 +0.00000e+00
 4.64159e-05 5.92592e+03 1.17828e-16 +0.00000e+00
 5.77969e-05 5.97799e+03 1.46909e-16 +0.00000e+00
 7.19686e-05 6.03278e+03 1.83102e-16 +0.00000e+00
 8.96151e-05 6.08999e+03 2.28145e-16 +0.00000e+00
 1.11588e-04 6.14925e+03 2.84207e-16 +0.00000e+00
 1.38950e-04 6.21014e+03 3.53998e-16 +0.00000e+00
 1.73020e-04 6.27224e+03 4.40899e-16 +0.00000e+00
 2.15443e-04 6.33504e+03 5.49149e-16 +0.00000e+00
 2.68270e-04 6.39797e+03 6.84059e-16 +0.00000e+00
 3.34048e-04 6.46052e+03 8.52280e-16 +0.00000e+00
 4.15956e-04 6.52226e+03 1.06215e-15 +0.00000e+00
 5.17947e-04 6.58277e+03 1.32412e-15 +0.00000e+00
 6.44947e-04 6.64163e+03 1.65132e-15 +0.00000e+00
 8.03086e-04 6.69860e+03 2.06019e-15 +0.00000e+00
 1.00000e-03 6.75379e+03 2.57123e-15 +0.00000e+00
 1.24520e-03 6.80753e+03 3.20999e-15 -2.55073e-07
 1.55052e-03 6.86041e+03 4.00816e-15 -3.17617e-07
 1.93070e-03 6.91310e+03 5.00512e-15 -3.95494e-07
 2.40410e-03 6.96628e+03 6.24968e-15 -4.92469e-07
 2.99358e-03 7.02047e+03 7.80252e-15 -6.13220e-07
 3.72759e-03 7.07602e+03 9.73900e-15 -7.63581e-07
 4.64159e-03 7.13320e+03 1.21527e-14 -9.50807e-07
 5.77969e-03 7.19236e+03 1.51594e-14 -1.18394e-06
 7.19686e-03 7.25387e+03 1.89022e-14 -1.47424e-06
 8.96151e-03 7.31818e+03 2.35581e-14 -1.83572e-06
 1.11588e-02 7.38576e+03 2.93448e-14 -2.28583e-06
 1.38950e-02 7.45707e+03 3.65304e-14 -2.84633e-06
 1.73020e-02 7.53259e+03 4.54438e-14 -3.54423e-06
 2.15443e-02 7.61280e+03 5.64873e-14 -4.41326e-06
 2.68270e-02 7.69829e+03 7.01520e-14 -5.49538e-06
 3.34048e-02 7.78975e+03 8.70340e-14 -6.84283e-06
 4.15956e-02 7.88802e+03 1.07854e-13 -8.52067e-06
 5.17947e-02 7.99417e+03 1.33478e-13 -1.06099e-05
 6.44947e-02 8.10952e+03 1.64946e-13 -1.32114e-05
 8.03086e-02 8.23562e+03 2.03493e-13 -1.64508e-05
 1.00000e-01 8.37419e+03 2.50589e-13 -2.04845e-05
 1.24520e-01 8.52712e+03 3.07971e-13 -2.55073e-05
 1.55052e-01 8.69635e+03 3.77689e-13 -3.17617e-05
 1.93070e-01 8.88371e+03 4.62178e-13 -3.95494e-05
 2.40410e-01 9.09082e+03 5.64337e-13 -4.92469e-05
 2.99358e-01 9.31894e+03 6.87638e-13 -6.13220e-05
 3.72759e-01 9.56913e+03 8.36239e-13 -7.63581e-05
 4.64159e-01 9.84242e+03 1.01509e-12 -9.50807e-05
 5.77969e-01 1.01401e+04 1.22999e-12 -1.18394e-04
 7.19686e-01 1.04640e+04 1.48758e-12 -1.47424e-04
 8.96151e-01 1.08160e+04 1.79514e-12 -1.83572e-04
 1.11588e+00 1.11989e+04 2.15983e-12 -2.28583e-04
 1.38950e+00 1.16160e+04 2.58755e-12 -2.84633e-04
 1.73020e+00 1.20712e+04 3.08240e-12 -3.55114e-04
 2.15443e+00 1.25688e+04 3.65089e-12 -4.42052e-04
 2.68270e+00 1.31126e+04 4.30967e-12 -5.49414e-04
 3.34048e+00 1.37062e+04 5.08541e-12 -6.14536e-04
 4.15956e+00 1.43525e+04 6.00694e-12 -6.14536e-04
 5.17947e+00 1.50560e+04 7.10191e-12 -6.14536e-04
 6.44947e+00 1.58140e+04 8.40408e-12 -6.14536e-04
 8.03086e+00 1.66330e+04 9.94823e-12 -6.14536e-04
 1.00000e+01 1.75068e+04 1.17834e-11 -6.14536e-04
 1.24520e+01 1.84521e+04 1.39532e-11 -6.14536e-04
 1.55052e+01 1.94221e+04 1.65560e-11 -6.14536e-04
 1.93070e+01 2.05322e+04 1.95759e-11 -6.14536e-04
 2.40410e+01 2.15636e+04 2.33000e-11 -6.14536e-04
 2.99358e+01 2.28769e+04 2.74737e-11 -6.14536e-04
 3.72759e+01 2.39986e+04 3.27492e-11 -6.14536e-04
 4.64159e+01 2.54905e+04 3.85633e-11 -6.14536e-04
 5.77969e+01 2.68270e+04 4.57968e-11 -6.14536e-04
 7.19686e+01 2.84319e+04 5.38939e-11 -6.14536e-04
 8.96151e+01 3.00782e+04 6.32817e-11 -6.14536e-04
 1.11588e+02 3.17925e+04 7.39770e-11 -6.14536e-04
 1.38950e+02 3.37617e+04 8.58846e-11 -6.14536e-04
 1.73020e+02 3.56085e+04 1.00733e-10 -6.14536e-04
 2.15443e+02 3.77923e+04 1.17757e-10 -6.14536e-04
 2.68270e+02 3.98658e+04 1.38848e-10 -6.14536e-04
 3.34048e+02 4.21374e+04 1.63572e-10 -6.14536e-04
 4.15956e+02 4.44529e+04 1.93176e-10 -6.14536e-04
 5.17947e+02 4.68926e+04 2.28170e-10 -6.14536e-04
 6.44947e+02 4.93508e+04 2.69993e-10 -6.14536e-04
 8.03086e+02 5.18222e+04 3.19738e-10 -6.14536e-04
 1.00000e+03 5.49203e+04 3.75168e-10 -6.14536e-04
