#n1=128 n2=4 Teff=10000 R=1.9948e+11 L=2.8370e+35 logg=+4.00
#   tau          T          rho         Fconv
 0.00000e+00 5.85370e+03 1.29479e-21 +0.00000e+00
 1.00000e-09 5.85370e+03 4.43670e-17 +0.00000e+00
 1.24520e-09 5.85352e+03 5.52637e-17 +0.00000e+00
 1.55052e-09 5.85371e+03 6.88344e-17 +0.00000e+00
 1.93070e-09 5.85415e+03 8.57367e-17 +0.00000e+00
 2.40410e-09 5.85486e+03 1.06789e-16 +0.00000e+00
 2.99358e-09 5.85579e+03 1.33012e-16 +0.00000e+00
 3.72759e-09 5.85691e+03 1.65680e-16 +0.00000e+00
 4.64159e-09 5.85821e+03 2.06378e-16 +0.00000e+00
 5.77969e-09 5.85968e+03 2.57086e-16 +0.00000e+00
 7.19686e-09 5.86130e+03 3.20274e-16 +0.00000e+00
 8.96151e-09 5.86306e+03 3.99019e-16 +0.00000e+00
 1.11588e-08 5.86497e+03 4.97162e-16 +0.00000e+00
 1.38950e-08 5.86704e+03 6.19491e-16 +0.00000e+00
 1.73020e-08 5.86926e+03 7.71972e-16 +0.00000e+00
 2.15443e-08 5.87163e+03 9.62042e-16 +0.00000e+00
 2.68270e-08 5.87418e+03 1.19898e-15 +0.00000e+00
 3.34048e-08 5.87690e+03 1.49438e-15 +0.00000e+00
 4.15956e-08 5.87980e+03 1.86278e-15 +0.00000e+00
 5.17947e-08 5.88288e+03 2.32244e-15 +0.00000e+00
 6.44947e-08 5.88614e+03 2.89645e-15 +0.00000e+00
 8.03086e-08 5.88960e+03 3.61413e-15 +0.00000e+00
 1.00000e-07 5.89326e+03 4.51326e-15 +0.00000e+00
 1.24520e-07 5.89715e+03 5.64180e-15 +0.00000e+00
 1.55052e-07 5.90129e+03 7.05630e-15 +0.00000e+00
 1.93070e-07 5.90574e+03 8.82917e-15 +0.00000e+00
 2.40410e-07 5.91056e+03 1.10514e-14 +0.00000e+00
 2.99358e-07 5.91580e+03 1.38370e-14 +0.00000e+00
 3.72759e-07 5.92157e+03 1.73289e-14 +0.00000e+00
 4.64159e-07 5.92797e+03 2.17077e-14 +0.00000e+00
 5.77969e-07 5.93513e+03 2.72025e-14 +0.00000e+00
 7.19686e-07 5.94321e+03 3.41057e-14 +0.00000e+00
 8.96151e-07 5.95238e+03 4.27917e-14 +0.00000e+00
 1.11588e-06 5.96287e+03 5.37376e-14 +0.00000e+00
 1.38950e-06 5.97492e+03 6.75502e-14 +0.00000e+00
 1.73020e-06 5.98882e+03 8.49974e-14 +0.00000e+00
 2.15443e-06 6.00487e+03 1.07061e-13 +0.00000e+00
 2.68270e-06 6.02338e+03 1.34999e-13 +0.00000e+00
 3.34048e-06 6.04463e+03 1.70430e-13 +0.00000e+00
 4.15956e-06 6.06886e+03 2.15411e-13 +0.00000e+00
 5.17947e-06 6.09621e+03 2.72492e-13 +0.00000e+00
 6.44947e-06 6.12669e+03 3.44748e-13 +0.00000e+00
 8.03086e-06 6.16019e+03 4.35846e-13 +0.00000e+00
 1.00000e-05 6.19652e+03 5.50202e-13 +0.00000e+00
 1.24520e-05 6.23547e+03 6.93211e-13 +0.00000e+00
 1.55052e-05 6.27682e+03 8.71576e-13 +0.00000e+00
 1.93070e-05 6.32041e+03 1.09388e-12 +0.00000e+00
 2.40410e-05 6.36609e+03 1.37145e-12 +0.00000e+00
 2.99358e-05 6.41371e+03 1.71935e-12 +0.00000e+00
 3.72759e-05 6.46310e+03 2.15777e-12 +0.00000e+00
 4.64159e-05 6.51398e+03 2.71378e-12 +0.00000e+00
 5.77969e-05 6.56601e+03 3.42375e-12 +0.00000e+00
 7.19686e-05 6.61872e+03 4.33643e-12 +0.00000e+00
 8.96151e-05 6.67159e+03 5.51676e-12 +0.00000e+00
 1.11588e-04 6.72410e+03 7.05053e-12 +0.00000e+00
 1.38950e-04 6.77592e+03 9.04815e-12 +0.00000e+00
 1.73020e-04 6.82693e+03 1.16488e-11 +0.00000e+00
 2.15443e-04 6.87730e+03 1.50227e-11 +0.00000e+00
 2.68270e-04 6.92740e+03 1.93704e-11 +0.00000e+00
 3.34048e-04 6.97753e+03 2.49228e-11 +0.00000e+00
 4.15956e-04 7.02781e+03 3.19334e-11 +0.00000e+00
 5.17947e-04 7.07820e+03 4.06789e-11 +0.00000e+00
 6.44947e-04 7.12860e+03 5.14363e-11 +0.00000e+00
 8.03086e-04 7.17894e+03 6.44987e-11 +0.00000e+00
 1.00000e-03 7.22928e+03 8.01693e-11 +0.00000e+00
 1.24520e-03 7.27965e+03 9.87306e-11 -2.54411e-07
 1.55052e-03 7.33016e+03 1.20480e-10 -3.16792e-07
 1.93070e-03 7.38096e+03 1.45696e-10 -3.94467e-07
 2.40410e-03 7.43226e+03 1.74649e-10 -4.91191e-07
 2.99358e-03 7.48444e+03 2.07577e-10 -6.11628e-07
 3.72759e-03 7.53799e+03 2.44641e-10 -7.61599e-07
 4.64159e-03 7.59351e+03 2.85967e-10 -9.48339e-07
 5.77969e-03 7.65168e+03 3.31582e-10 -1.18087e-06
 7.19686e-03 7.71314e+03 3.81392e-10 -1.47042e-06
 8.96151e-03 7.77846e+03 4.35163e-10 -1.83095e-06
 1.11588e-02 7.84808e+03 4.92558e-10 -2.27990e-06
 1.38950e-02 7.92235e+03 5.53109e-10 -2.83894e-06
 1.73020e-02 8.00151e+03 6.16232e-10 -3.53443e-06
 2.15443e-02 8.08582e+03 6.81225e-10 -4.39945e-06
 2.68270e-02 8.17558e+03 7.47307e-10 -5.47711e-06
 3.34048e-02 8.27127e+03 8.13536e-10 -6.82020e-06
 4.15956e-02 8.37353e+03 8.78794e-10 -8.49361e-06
 5.17947e-02 8.48326e+03 9.41754e-10 -1.05779e-05
 6.44947e-02 8.60174e+03 1.00084e-09 -1.31733e-05
 8.03086e-02 8.73055e+03 1.05418e-09 -1.64050e-05
 1.00000e-01 8.87163e+03 1.09966e-09 -2.04290e-05
 1.24520e-01 9.02717e+03 1.13510e-09 -2.54393e-05
 1.55052e-01 9.19958e+03 1.15845e-09 -3.16792e-05
 1.93070e-01 9.39131e+03 1.16835e-09 -3.94467e-05
 2.40410e-01 9.60465e+03 1.16469e-09 -4.91189e-05
 2.99358e-01 9.84136e+03 1.14935e-09 -6.11624e-05
 3.72759e-01 1.01024e+04 1.12658e-09 -7.61588e-05
 4.64159e-01 1.03877e+04 1.10253e-09 -9.48328e-05
 5.77969e-01 1.06959e+04 1.08398e-09 -1.18086e-04
 7.19686e-01 1.10249e+04 1.07660e-09 -1.47041e-04
 8.96151e-01 1.13724e+04 1.08411e-09 -1.83095e-04
 1.11588e+00 1.17361e+04 1.10855e-09 -2.27990e-04
 1.38950e+00 1.21149e+04 1.15119e-09 -2.83894e-04
 1.73020e+00 1.25081e+04 1.21329e-09 -3.53503e-04
 2.15443e+00 1.29154e+04 1.29634e-09 -4.40180e-04
 2.68270e+00 1.33367e+04 1.40214e-09 -5.48111e-04
 3.34048e+00 1.37718e+04 1.53268e-09 -6.12941e-04
 4.15956e+00 1.42207e+04 1.69004e-09 -6.12941e-04
 5.17947e+00 1.46857e+04 1.87609e-09 -6.12941e-04
 6.44947e+00 1.51636e+04 2.09336e-09 -6.12941e-04
 8.03086e+00 1.56631e+04 2.34292e-09 -6.12941e-04
 1.00000e+01 1.61806e+04 2.62791e-09 -6.12941e-04
 1.24520e+01 1.67276e+04 2.95002e-09 -6.12941e-04
 1.55052e+01 1.72774e+04 3.31875e-09 -6.12939e-04
 1.93070e+01 1.79232e+04 3.72306e-09 -6.12939e-04
 2.40410e+01 1.84618e+04 4.21408e-09 -6.12936e-04
 2.99358e+01 1.92733e+04 4.71613e-09 -6.12936e-04
 3.72759e+01 1.97708e+04 5.38021e-09 -6.12923e-04
 4.64159e+01 2.07347e+04 6.01490e-09 -6.12930e-04
 5.77969e+01 2.13153e+04 6.86775e-09 -6.12895e-04
 7.19686e+01 2.22829e+04 7.71918e-09 -6.12879e-04
 8.96151e+01 2.31079e+04 8.76180e-09 -6.12752e-04
 1.11588e+02 2.39431e+04 9.94626e-09 -6.12305e-04
 1.38950e+02 2.51915e+04 1.11694e-08 -6.11922e-04
 1.73020e+02 2.58168e+04 1.28378e-08 -6.05700e-04
 2.15443e+02 2.74161e+04 1.42907e-08 -6.04852e-04
 2.68270e+02 2.83834e+04 1.63291e-08 -5.76329e-04
 3.34048e+02 2.96940e+04 1.84533e-08 -5.17580e-04
 4.15956e+02 3.12736e+04 2.07720e-08 -4.15255e-04
 5.17947e+02 3.27046e+04 2.35878e-08 -1.55241e-05
 6.44947e+02 3.38695e+04 2.69409e-08 +1.68823e-03
 8.03086e+02 3.73654e+04 2.91077e-08 +1.35573e-03
 1.00000e+03 4.29116e+04 3.08044e-08 +1.28708e-03
