#n1=128 n2=4 Teff=10200 R=2.0356e+11 L=3.1937e+35 logg=+4.00
#   tau          T          rho         Fconv
 0.00000e+00 8.49937e+03 8.79061e-22 +0.00000e+00
 1.00000e-09 8.49937e+03 2.70062e-17 +0.00000e+00
 1.24520e-09 8.50306e+03 3.36657e-17 +0.00000e+00
 1.55052e-09 8.50552e+03 4.19798e-17 +0.00000e+00
 1.93070e-09 8.50665e+03 5.23621e-17 +0.00000e+00
 2.40410e-09 8.50639e+03 6.53294e-17 +0.00000e+00
 2.99358e-09 8.50471e+03 8.15275e-17 +0.00000e+00
 3.72759e-09 8.50160e+03 1.01763e-16 +0.00000e+00
 4.64159e-09 8.49708e+03 1.27047e-16 +0.00000e+00
 5.77969e-09 8.49119e+03 1.58642e-16 +0.00000e+00
 7.19686e-09 8.48396e+03 1.98133e-16 +0.00000e+00
 8.96151e-09 8.47536e+03 2.47530e-16 +0.00000e+00
 1.11588e-08 8.46529e+03 3.09305e-16 +0.00000e+00
 1.38950e-08 8.45349e+03 3.86835e-16 +0.00000e+00
 1.73020e-08 8.43954e+03 4.83887e-16 +0.00000e+00
 2.15443e-08 8.42261e+03 6.06624e-16 +0.00000e+00
 2.68270e-08 8.40166e+03 7.60911e-16 +0.00000e+00
 3.34048e-08 8.37459e+03 9.57998e-16 +0.00000e+00
 4.15956e-08 8.33791e+03 1.20806e-15 +0.00000e+00
 5.17947e-08 8.28173e+03 1.52913e-15 +0.00000e+00
 6.44947e-08 8.16870e+03 1.94766e-15 +0.00000e+00
 8.03086e-08 7.93362e+03 2.51959e-15 +0.00000e+00
 1.00000e-07 7.70251e+03 3.25865e-15 +0.00000e+00
 1.24520e-07 7.57226e+03 4.15643e-15 +0.00000e+00
 1.55052e-07 7.49874e+03 5.25840e-15 +0.00000e+00
 1.93070e-07 7.45249e+03 6.62652e-15 +0.00000e+00
 2.40410e-07 7.41942e+03 8.33880e-15 +0.00000e+00
 2.99358e-07 7.39519e+03 1.04789e-14 +0.00000e+00
 3.72759e-07 7.37591e+03 1.31551e-14 +0.00000e+00
 4.64159e-07 7.36023e+03 1.65042e-14 +0.00000e+00
 5.77969e-07 7.34692e+03 2.07002e-14 +0.00000e+00
 7.19686e-07 7.33509e+03 2.59652e-14 +0.00000e+00
 8.96151e-07 7.32405e+03 3.25856e-14 +0.00000e+00
 1.11588e-06 7.31318e+03 4.09341e-14 +0.00000e+00
 1.38950e-06 7.30197e+03 5.14931e-14 +0.00000e+00
 1.73020e-06 7.28989e+03 6.48705e-14 +0.00000e+00
 2.15443e-06 7.27633e+03 8.18100e-14 +0.00000e+00
 2.68270e-06 7.26047e+03 1.03227e-13 +0.00000e+00
 3.34048e-06 7.24178e+03 1.30351e-13 +0.00000e+00
 4.15956e-06 7.21936e+03 1.64793e-13 +0.00000e+00
 5.17947e-06 7.19281e+03 2.08634e-13 +0.00000e+00
 6.44947e-06 7.16172e+03 2.64536e-13 +0.00000e+00
 8.03086e-06 7.12591e+03 3.35835e-13 +0.00000e+00
 1.00000e-05 7.08586e+03 4.26596e-13 +0.00000e+00
 1.24520e-05 7.04198e+03 5.41728e-13 +0.00000e+00
 1.55052e-05 6.99480e+03 6.87182e-13 +0.00000e+00
 1.93070e-05 6.94699e+03 8.70027e-13 +0.00000e+00
 2.40410e-05 6.90155e+03 1.09904e-12 +0.00000e+00
 2.99358e-05 6.86121e+03 1.38552e-12 +0.00000e+00
 3.72759e-05 6.82852e+03 1.74403e-12 +0.00000e+00
 4.64159e-05 6.80520e+03 2.19416e-12 +0.00000e+00
 5.77969e-05 6.79198e+03 2.76270e-12 +0.00000e+00
 7.19686e-05 6.78894e+03 3.48353e-12 +0.00000e+00
 8.96151e-05 6.79568e+03 4.40491e-12 +0.00000e+00
 1.11588e-04 6.81168e+03 5.59030e-12 +0.00000e+00
 1.38950e-04 6.83625e+03 7.12207e-12 +0.00000e+00
 1.73020e-04 6.86848e+03 9.10662e-12 +0.00000e+00
 2.15443e-04 6.90729e+03 1.16779e-11 +0.00000e+00
 2.68270e-04 6.95151e+03 1.50013e-11 +0.00000e+00
 3.34048e-04 6.99985e+03 1.92765e-11 +0.00000e+00
 4.15956e-04 7.05115e+03 2.47341e-11 +0.00000e+00
 5.17947e-04 7.10431e+03 3.16339e-11 +0.00000e+00
 6.44947e-04 7.15825e+03 4.02639e-11 +0.00000e+00
 8.03086e-04 7.21245e+03 5.09212e-11 +0.00000e+00
 1.00000e-03 7.26626e+03 6.39281e-11 +0.00000e+00
 1.24520e-03 7.31927e+03 7.96008e-11 -2.54734e-07
 1.55052e-03 7.37146e+03 9.82700e-11 -3.17194e-07
 1.93070e-03 7.42260e+03 1.20274e-10 -3.94970e-07
 2.40410e-03 7.47297e+03 1.45948e-10 -4.91816e-07
 2.99358e-03 7.52268e+03 1.75643e-10 -6.12407e-07
 3.72759e-03 7.57203e+03 2.09684e-10 -7.62568e-07
 4.64159e-03 7.62159e+03 2.48403e-10 -9.49546e-07
 5.77969e-03 7.67175e+03 2.92131e-10 -1.18237e-06
 7.19686e-03 7.72300e+03 3.41160e-10 -1.47229e-06
 8.96151e-03 7.77588e+03 3.95721e-10 -1.83328e-06
 1.11588e-02 7.83116e+03 4.55958e-10 -2.28281e-06
 1.38950e-02 7.88948e+03 5.21895e-10 -2.84255e-06
 1.73020e-02 7.95165e+03 5.93358e-10 -3.53952e-06
 2.15443e-02 8.01858e+03 6.69920e-10 -4.40741e-06
 2.68270e-02 8.09139e+03 7.50835e-10 -5.48809e-06
 3.34048e-02 8.17128e+03 8.34947e-10 -6.83367e-06
 4.15956e-02 8.25969e+03 9.20595e-10 -8.50881e-06
 5.17947e-02 8.35832e+03 1.00553e-09 -1.05946e-05
 6.44947e-02 8.46915e+03 1.08687e-09 -1.31921e-05
 8.03086e-02 8.59457e+03 1.16108e-09 -1.64269e-05
 1.00000e-01 8.73720e+03 1.22412e-09 -2.04551e-05
 1.24520e-01 8.89987e+03 1.27174e-09 -2.54713e-05
 1.55052e-01 9.08527e+03 1.30015e-09 -3.17178e-05
 1.93070e-01 9.29548e+03 1.30704e-09 -3.94969e-05
 2.40410e-01 9.53157e+03 1.29276e-09 -4.91813e-05
 2.99358e-01 9.79334e+03 1.26125e-09 -6.12394e-05
 3.72759e-01 1.00794e+04 1.21999e-09 -7.62537e-05
 4.64159e-01 1.03874e+04 1.17847e-09 -9.49512e-05
 5.77969e-01 1.07143e+04 1.14562e-09 -1.18235e-04
 7.19686e-01 1.10571e+04 1.12759e-09 -1.47228e-04
 8.96151e-01 1.14134e+04 1.12740e-09 -1.83328e-04
 1.11588e+00 1.17812e+04 1.14612e-09 -2.28281e-04
 1.38950e+00 1.21598e+04 1.18425e-09 -2.84255e-04
 1.73020e+00 1.25491e+04 1.24255e-09 -3.53952e-04
 2.15443e+00 1.29495e+04 1.32225e-09 -4.40741e-04
 2.68270e+00 1.33613e+04 1.42497e-09 -5.48809e-04
 3.34048e+00 1.37851e+04 1.55261e-09 -6.13721e-04
 4.15956e+00 1.42213e+04 1.70717e-09 -6.13721e-04
 5.17947e+00 1.46718e+04 1.89059e-09 -6.13721e-04
 6.44947e+00 1.51364e+04 2.10509e-09 -6.13721e-04
 8.03086e+00 1.56210e+04 2.35214e-09 -6.13721e-04
 1.00000e+01 1.61256e+04 2.63443e-09 -6.13721e-04
 1.24520e+01 1.66583e+04 2.95403e-09 -6.13721e-04
 1.55052e+01 1.72004e+04 3.31890e-09 -6.13720e-04
 1.93070e+01 1.78256e+04 3.72139e-09 -6.13716e-04
 2.40410e+01 1.83649e+04 4.20542e-09 -6.13710e-04
 2.99358e+01 1.91485e+04 4.70583e-09 -6.13712e-04
 3.72759e+01 1.96521e+04 5.35994e-09 -6.13687e-04
 4.64159e+01 2.05878e+04 5.99231e-09 -6.13697e-04
 5.77969e+01 2.11674e+04 6.83514e-09 -6.13632e-04
 7.19686e+01 2.21164e+04 7.68078e-09 -6.13597e-04
 8.96151e+01 2.29437e+04 8.71066e-09 -6.13376e-04
 1.11588e+02 2.37589e+04 9.88990e-09 -6.12574e-04
 1.38950e+02 2.50133e+04 1.10964e-08 -6.11964e-04
 1.73020e+02 2.56417e+04 1.27505e-08 -6.02184e-04
 2.15443e+02 2.72125e+04 1.42016e-08 -6.00192e-04
 2.68270e+02 2.81738e+04 1.62243e-08 -5.55417e-04
 3.34048e+02 2.95090e+04 1.83184e-08 -4.72363e-04
 4.15956e+02 3.10410e+04 2.06440e-08 -3.10627e-04
 5.17947e+02 3.25961e+04 2.33696e-08 +1.42467e-04
 6.44947e+02 3.37177e+04 2.67567e-08 +2.29424e-03
 8.03086e+02 3.61286e+04 2.96185e-08 +3.58697e-03
 1.00000e+03 4.24417e+04 3.05415e-08 +2.00082e-03
