#n1=128 n2=4 Teff=11400 R=7.0151e+12 L=5.9143e+38 logg=+1.50
#   tau          T          rho         Fconv
 0.00000e+00 8.27261e+03 9.05404e-22 +0.00000e+00
 1.00000e-09 8.27261e+03 7.26048e-20 +0.00000e+00
 1.24520e-09 8.27461e+03 9.04082e-20 +0.00000e+00
 1.55052e-09 8.27632e+03 1.12642e-19 +0.00000e+00
 1.93070e-09 8.27787e+03 1.40409e-19 +0.00000e+00
 2.40410e-09 8.27919e+03 1.75093e-19 +0.00000e+00
 2.99358e-09 8.28021e+03 2.18423e-19 +0.00000e+00
 3.72759e-09 8.28080e+03 2.72563e-19 +0.00000e+00
 4.64159e-09 8.28082e+03 3.40223e-19 +0.00000e+00
 5.77969e-09 8.28005e+03 4.24796e-19 +0.00000e+00
 7.19686e-09 8.27819e+03 5.30535e-19 +0.00000e+00
 8.96151e-09 8.27480e+03 6.62785e-19 +0.00000e+00
 1.11588e-08 8.26926e+03 8.28274e-19 +0.00000e+00
 1.38950e-08 8.26060e+03 1.03553e-18 +0.00000e+00
 1.73020e-08 8.24719e+03 1.29542e-18 +0.00000e+00
 2.15443e-08 8.22519e+03 1.62220e-18 +0.00000e+00
 2.68270e-08 8.16839e+03 2.03999e-18 +0.00000e+00
 3.34048e-08 8.00024e+03 2.60164e-18 +0.00000e+00
 4.15956e-08 7.83163e+03 3.32529e-18 +0.00000e+00
 5.17947e-08 7.67967e+03 4.24908e-18 +0.00000e+00
 6.44947e-08 7.58167e+03 5.40427e-18 +0.00000e+00
 8.03086e-08 7.52013e+03 6.86123e-18 +0.00000e+00
 1.00000e-07 7.48102e+03 8.71512e-18 +0.00000e+00
 1.24520e-07 7.45552e+03 1.10550e-17 +0.00000e+00
 1.55052e-07 7.43885e+03 1.39754e-17 +0.00000e+00
 1.93070e-07 7.42831e+03 1.76116e-17 +0.00000e+00
 2.40410e-07 7.42215e+03 2.21485e-17 +0.00000e+00
 2.99358e-07 7.41919e+03 2.78114e-17 +0.00000e+00
 3.72759e-07 7.41864e+03 3.48783e-17 +0.00000e+00
 4.64159e-07 7.41992e+03 4.36956e-17 +0.00000e+00
 5.77969e-07 7.42258e+03 5.46955e-17 +0.00000e+00
 7.19686e-07 7.42619e+03 6.84171e-17 +0.00000e+00
 8.96151e-07 7.43039e+03 8.55340e-17 +0.00000e+00
 1.11588e-06 7.43475e+03 1.06889e-16 +0.00000e+00
 1.38950e-06 7.43885e+03 1.33535e-16 +0.00000e+00
 1.73020e-06 7.44224e+03 1.66794e-16 +0.00000e+00
 2.15443e-06 7.44445e+03 2.08323e-16 +0.00000e+00
 2.68270e-06 7.44508e+03 2.60197e-16 +0.00000e+00
 3.34048e-06 7.44391e+03 3.25018e-16 +0.00000e+00
 4.15956e-06 7.44097e+03 4.06030e-16 +0.00000e+00
 5.17947e-06 7.43667e+03 5.07272e-16 +0.00000e+00
 6.44947e-06 7.43174e+03 6.33753e-16 +0.00000e+00
 8.03086e-06 7.42708e+03 7.91674e-16 +0.00000e+00
 1.00000e-05 7.42352e+03 9.88723e-16 +0.00000e+00
 1.24520e-05 7.42170e+03 1.23444e-15 +0.00000e+00
 1.55052e-05 7.42202e+03 1.54069e-15 +0.00000e+00
 1.93070e-05 7.42470e+03 1.92220e-15 +0.00000e+00
 2.40410e-05 7.42990e+03 2.39729e-15 +0.00000e+00
 2.99358e-05 7.43777e+03 2.98867e-15 +0.00000e+00
 3.72759e-05 7.44854e+03 3.72446e-15 +0.00000e+00
 4.64159e-05 7.46253e+03 4.63930e-15 +0.00000e+00
 5.77969e-05 7.48020e+03 5.77579e-15 +0.00000e+00
 7.19686e-05 7.50212e+03 7.18638e-15 +0.00000e+00
 8.96151e-05 7.52894e+03 8.93537e-15 +0.00000e+00
 1.11588e-04 7.56124e+03 1.11016e-14 +0.00000e+00
 1.38950e-04 7.59942e+03 1.37818e-14 +0.00000e+00
 1.73020e-04 7.64359e+03 1.70949e-14 +0.00000e+00
 2.15443e-04 7.69356e+03 2.11874e-14 +0.00000e+00
 2.68270e-04 7.74894e+03 2.62394e-14 +0.00000e+00
 3.34048e-04 7.80914e+03 3.24728e-14 +0.00000e+00
 4.15956e-04 7.87351e+03 4.01600e-14 +0.00000e+00
 5.17947e-04 7.94132e+03 4.96355e-14 +0.00000e+00
 6.44947e-04 8.01184e+03 6.13098e-14 +0.00000e+00
 8.03086e-04 8.08433e+03 7.56855e-14 +0.00000e+00
 1.00000e-03 8.15808e+03 9.33791e-14 +0.00000e+00
 1.24520e-03 8.23238e+03 1.15145e-13 -2.54906e-07
 1.55052e-03 8.30657e+03 1.41907e-13 -3.17409e-07
 1.93070e-03 8.38007e+03 1.74793e-13 -3.95235e-07
 2.40410e-03 8.45247e+03 2.15171e-13 -4.92146e-07
 2.99358e-03 8.52355e+03 2.64701e-13 -6.12819e-07
 3.72759e-03 8.59337e+03 3.25380e-13 -7.63080e-07
 4.64159e-03 8.66231e+03 3.99608e-13 -9.50186e-07
 5.77969e-03 8.73097e+03 4.90250e-13 -1.18317e-06
 7.19686e-03 8.80005e+03 6.00707e-13 -1.47328e-06
 8.96151e-03 8.87024e+03 7.34987e-13 -1.83452e-06
 1.11588e-02 8.94216e+03 8.97776e-13 -2.28434e-06
 1.38950e-02 9.01640e+03 1.09452e-12 -2.84445e-06
 1.73020e-02 9.09359e+03 1.33151e-12 -3.54190e-06
 2.15443e-02 9.17455e+03 1.61593e-12 -4.41037e-06
 2.68270e-02 9.26028e+03 1.95594e-12 -5.49178e-06
 3.34048e-02 9.35203e+03 2.36071e-12 -6.83835e-06
 4.15956e-02 9.45125e+03 2.84045e-12 -8.51509e-06
 5.17947e-02 9.55957e+03 3.40658e-12 -1.06030e-05
 6.44947e-02 9.67870e+03 4.07177e-12 -1.32027e-05
 8.03086e-02 9.81045e+03 4.85009e-12 -1.64401e-05
 1.00000e-01 9.95662e+03 5.75742e-12 -2.04712e-05
 1.24520e-01 1.01189e+04 6.81156e-12 -2.54906e-05
 1.55052e-01 1.02991e+04 8.03282e-12 -3.17409e-05
 1.93070e-01 1.04986e+04 9.44437e-12 -3.95235e-05
 2.40410e-01 1.07190e+04 1.10728e-11 -4.92146e-05
 2.99358e-01 1.09616e+04 1.29484e-11 -6.12819e-05
 3.72759e-01 1.12275e+04 1.51059e-11 -7.63080e-05
 4.64159e-01 1.15177e+04 1.75839e-11 -9.50186e-05
 5.77969e-01 1.18329e+04 2.04249e-11 -1.18317e-04
 7.19686e-01 1.21738e+04 2.36733e-11 -1.47328e-04
 8.96151e-01 1.25408e+04 2.73727e-11 -1.83452e-04
 1.11588e+00 1.29344e+04 3.15643e-11 -2.28434e-04
 1.38950e+00 1.33555e+04 3.62921e-11 -2.84440e-04
 1.73020e+00 1.38052e+04 4.16187e-11 -3.54197e-04
 2.15443e+00 1.42860e+04 4.76449e-11 -4.41042e-04
 2.68270e+00 1.48013e+04 5.45145e-11 -5.49182e-04
 3.34048e+00 1.53501e+04 6.24165e-11 -6.14137e-04
 4.15956e+00 1.59295e+04 7.15503e-11 -6.14134e-04
 5.17947e+00 1.65500e+04 8.20648e-11 -6.14134e-04
 6.44947e+00 1.71957e+04 9.42383e-11 -6.14134e-04
 8.03086e+00 1.78947e+04 1.08162e-10 -6.14134e-04
 1.00000e+01 1.86226e+04 1.24234e-10 -6.14134e-04
 1.24520e+01 1.94034e+04 1.42614e-10 -6.14134e-04
 1.55052e+01 2.01962e+04 1.63890e-10 -6.14134e-04
 1.93070e+01 2.10977e+04 1.87798e-10 -6.14134e-04
 2.40410e+01 2.18988e+04 2.16359e-10 -6.14134e-04
 2.99358e+01 2.29656e+04 2.46971e-10 -6.14134e-04
 3.72759e+01 2.37707e+04 2.85166e-10 -6.14134e-04
 4.64159e+01 2.49279e+04 3.25023e-10 -6.14134e-04
 5.77969e+01 2.59710e+04 3.72967e-10 -6.14134e-04
 7.19686e+01 2.69737e+04 4.28437e-10 -6.14134e-04
 8.96151e+01 2.84402e+04 4.85691e-10 -6.14134e-04
 1.11588e+02 2.94747e+04 5.59288e-10 -6.14134e-04
 1.38950e+02 3.10749e+04 6.32876e-10 -6.14134e-04
 1.73020e+02 3.24242e+04 7.22791e-10 -6.14134e-04
 2.15443e+02 3.42732e+04 8.13048e-10 -6.14134e-04
 2.68270e+02 3.57970e+04 9.24471e-10 -6.14133e-04
 3.34048e+02 3.79901e+04 1.03280e-09 -6.14133e-04
 4.15956e+02 3.99753e+04 1.16982e-09 -6.14134e-04
 5.17947e+02 4.14926e+04 1.34240e-09 -6.14133e-04
 6.44947e+02 4.53786e+04 1.48871e-09 -6.14134e-04
 8.03086e+02 4.54507e+04 1.77432e-09 -6.14131e-04
 1.00000e+03 4.97165e+04 1.91009e-09 -6.14134e-04
