#n1=128 n2=4 Teff=11600 R=3.2726e+12 L=1.3835e+38 logg=+2.00
#   tau          T          rho         Fconv
 0.00000e+00 8.59292e+03 8.71645e-22 +0.00000e+00
 1.00000e-09 8.59292e+03 2.35730e-19 +0.00000e+00
 1.24520e-09 8.59449e+03 2.93820e-19 +0.00000e+00
 1.55052e-09 8.59592e+03 3.66301e-19 +0.00000e+00
 1.93070e-09 8.59722e+03 4.56745e-19 +0.00000e+00
 2.40410e-09 8.59834e+03 5.69618e-19 +0.00000e+00
 2.99358e-09 8.59920e+03 7.10500e-19 +0.00000e+00
 3.72759e-09 8.59969e+03 8.86366e-19 +0.00000e+00
 4.64159e-09 8.59968e+03 1.10593e-18 +0.00000e+00
 5.77969e-09 8.59896e+03 1.38011e-18 +0.00000e+00
 7.19686e-09 8.59723e+03 1.72254e-18 +0.00000e+00
 8.96151e-09 8.59402e+03 2.15031e-18 +0.00000e+00
 1.11588e-08 8.58817e+03 2.68514e-18 +0.00000e+00
 1.38950e-08 8.57331e+03 3.35558e-18 +0.00000e+00
 1.73020e-08 8.50333e+03 4.21994e-18 +0.00000e+00
 2.15443e-08 8.30252e+03 5.39125e-18 +0.00000e+00
 2.68270e-08 8.04883e+03 6.94753e-18 +0.00000e+00
 3.34048e-08 7.87719e+03 8.88599e-18 +0.00000e+00
 4.15956e-08 7.76951e+03 1.13126e-17 +0.00000e+00
 5.17947e-08 7.71161e+03 1.43647e-17 +0.00000e+00
 6.44947e-08 7.66364e+03 1.82599e-17 +0.00000e+00
 8.03086e-08 7.62939e+03 2.31493e-17 +0.00000e+00
 1.00000e-07 7.60643e+03 2.92455e-17 +0.00000e+00
 1.24520e-07 7.59119e+03 3.68552e-17 +0.00000e+00
 1.55052e-07 7.58107e+03 4.63537e-17 +0.00000e+00
 1.93070e-07 7.57477e+03 5.82078e-17 +0.00000e+00
 2.40410e-07 7.57127e+03 7.29982e-17 +0.00000e+00
 2.99358e-07 7.56985e+03 9.14492e-17 +0.00000e+00
 3.72759e-07 7.56994e+03 1.14463e-16 +0.00000e+00
 4.64159e-07 7.57109e+03 1.43167e-16 +0.00000e+00
 5.77969e-07 7.57279e+03 1.78966e-16 +0.00000e+00
 7.19686e-07 7.57476e+03 2.23618e-16 +0.00000e+00
 8.96151e-07 7.57656e+03 2.79319e-16 +0.00000e+00
 1.11588e-06 7.57778e+03 3.48821e-16 +0.00000e+00
 1.38950e-06 7.57810e+03 4.35564e-16 +0.00000e+00
 1.73020e-06 7.57727e+03 5.43854e-16 +0.00000e+00
 2.15443e-06 7.57525e+03 6.79064e-16 +0.00000e+00
 2.68270e-06 7.57216e+03 8.47891e-16 +0.00000e+00
 3.34048e-06 7.56836e+03 1.05867e-15 +0.00000e+00
 4.15956e-06 7.56434e+03 1.32175e-15 +0.00000e+00
 5.17947e-06 7.56068e+03 1.64996e-15 +0.00000e+00
 6.44947e-06 7.55881e+03 2.05900e-15 +0.00000e+00
 8.03086e-06 7.55724e+03 2.56913e-15 +0.00000e+00
 1.00000e-05 7.55732e+03 3.20469e-15 +0.00000e+00
 1.24520e-05 7.55944e+03 3.99611e-15 +0.00000e+00
 1.55052e-05 7.56391e+03 4.98115e-15 +0.00000e+00
 1.93070e-05 7.57102e+03 6.20658e-15 +0.00000e+00
 2.40410e-05 7.58152e+03 7.72991e-15 +0.00000e+00
 2.99358e-05 7.59459e+03 9.62422e-15 +0.00000e+00
 3.72759e-05 7.61128e+03 1.19768e-14 +0.00000e+00
 4.64159e-05 7.63233e+03 1.48951e-14 +0.00000e+00
 5.77969e-05 7.65770e+03 1.85126e-14 +0.00000e+00
 7.19686e-05 7.68836e+03 2.29909e-14 +0.00000e+00
 8.96151e-05 7.72444e+03 2.85298e-14 +0.00000e+00
 1.11588e-04 7.76634e+03 3.53721e-14 +0.00000e+00
 1.38950e-04 7.81402e+03 4.38163e-14 +0.00000e+00
 1.73020e-04 7.86717e+03 5.42275e-14 +0.00000e+00
 2.15443e-04 7.92528e+03 6.70526e-14 +0.00000e+00
 2.68270e-04 7.98772e+03 8.28370e-14 +0.00000e+00
 3.34048e-04 8.05374e+03 1.02245e-13 +0.00000e+00
 4.15956e-04 8.12254e+03 1.26086e-13 +0.00000e+00
 5.17947e-04 8.19331e+03 1.55343e-13 +0.00000e+00
 6.44947e-04 8.26524e+03 1.91211e-13 +0.00000e+00
 8.03086e-04 8.33751e+03 2.35141e-13 +0.00000e+00
 1.00000e-03 8.40937e+03 2.88890e-13 +0.00000e+00
 1.24520e-03 8.48018e+03 3.54580e-13 -2.54235e-07
 1.55052e-03 8.54946e+03 4.34757e-13 -3.16571e-07
 1.93070e-03 8.61691e+03 5.32465e-13 -3.94193e-07
 2.40410e-03 8.68256e+03 6.51328e-13 -4.90849e-07
 2.99358e-03 8.74674e+03 7.95627e-13 -6.11204e-07
 3.72759e-03 8.81005e+03 9.70382e-13 -7.61069e-07
 4.64159e-03 8.87318e+03 1.18142e-12 -9.47681e-07
 5.77969e-03 8.93680e+03 1.43545e-12 -1.18005e-06
 7.19686e-03 9.00149e+03 1.74012e-12 -1.46940e-06
 8.96151e-03 9.06772e+03 2.10413e-12 -1.82969e-06
 1.11588e-02 9.13597e+03 2.53732e-12 -2.27832e-06
 1.38950e-02 9.20683e+03 3.05070e-12 -2.83695e-06
 1.73020e-02 9.28105e+03 3.65633e-12 -3.53257e-06
 2.15443e-02 9.35959e+03 4.36763e-12 -4.39874e-06
 2.68270e-02 9.44363e+03 5.19918e-12 -5.47731e-06
 3.34048e-02 9.53448e+03 6.16674e-12 -6.82033e-06
 4.15956e-02 9.63367e+03 7.28772e-12 -8.49265e-06
 5.17947e-02 9.74277e+03 8.58096e-12 -1.05750e-05
 6.44947e-02 9.86350e+03 1.00674e-11 -1.31680e-05
 8.03086e-02 9.99758e+03 1.17708e-11 -1.63967e-05
 1.00000e-01 1.01467e+04 1.37178e-11 -2.04171e-05
 1.24520e-01 1.03125e+04 1.59394e-11 -2.54235e-05
 1.55052e-01 1.04965e+04 1.84717e-11 -3.16571e-05
 1.93070e-01 1.07000e+04 2.13567e-11 -3.94193e-05
 2.40410e-01 1.09241e+04 2.46440e-11 -4.90849e-05
 2.99358e-01 1.11697e+04 2.83911e-11 -6.11204e-05
 3.72759e-01 1.14374e+04 3.26641e-11 -7.61069e-05
 4.64159e-01 1.17277e+04 3.75382e-11 -9.47681e-05
 5.77969e-01 1.20407e+04 4.30966e-11 -1.18005e-04
 7.19686e-01 1.23764e+04 4.94288e-11 -1.46940e-04
 8.96151e-01 1.27347e+04 5.66270e-11 -1.82969e-04
 1.11588e+00 1.31156e+04 6.47820e-11 -2.27832e-04
 1.38950e+00 1.35191e+04 7.39849e-11 -2.83699e-04
 1.73020e+00 1.39459e+04 8.43401e-11 -3.53259e-04
 2.15443e+00 1.43982e+04 9.59903e-11 -4.39874e-04
 2.68270e+00 1.48793e+04 1.09147e-10 -5.47731e-04
 3.34048e+00 1.53873e+04 1.24138e-10 -6.12515e-04
 4.15956e+00 1.59192e+04 1.41338e-10 -6.12515e-04
 5.17947e+00 1.64854e+04 1.61025e-10 -6.12515e-04
 6.44947e+00 1.70700e+04 1.83722e-10 -6.12515e-04
 8.03086e+00 1.77026e+04 2.09550e-10 -6.12515e-04
 1.00000e+01 1.83581e+04 2.39246e-10 -6.12515e-04
 1.24520e+01 1.90606e+04 2.73051e-10 -6.12515e-04
 1.55052e+01 1.97744e+04 3.11973e-10 -6.12515e-04
 1.93070e+01 2.05956e+04 3.55445e-10 -6.12515e-04
 2.40410e+01 2.13141e+04 4.07266e-10 -6.12515e-04
 2.99358e+01 2.23150e+04 4.62092e-10 -6.12515e-04
 3.72759e+01 2.30189e+04 5.31304e-10 -6.12515e-04
 4.64159e+01 2.41268e+04 6.01700e-10 -6.12515e-04
 5.77969e+01 2.50641e+04 6.87956e-10 -6.12515e-04
 7.19686e+01 2.59495e+04 7.87461e-10 -6.12515e-04
 8.96151e+01 2.73714e+04 8.87523e-10 -6.12515e-04
 1.11588e+02 2.82216e+04 1.02137e-09 -6.12515e-04
 1.38950e+02 2.97190e+04 1.15162e-09 -6.12515e-04
 1.73020e+02 3.09028e+04 1.31471e-09 -6.12515e-04
 2.15443e+02 3.26380e+04 1.47937e-09 -6.12514e-04
 2.68270e+02 3.39103e+04 1.68949e-09 -6.12506e-04
 3.34048e+02 3.60662e+04 1.88063e-09 -6.12459e-04
 4.15956e+02 3.78197e+04 2.12663e-09 -6.12313e-04
 5.17947e+02 3.92004e+04 2.42673e-09 -6.11885e-04
 6.44947e+02 4.36153e+04 2.59481e-09 -6.12504e-04
 8.03086e+02 4.29459e+04 3.14448e-09 -6.11417e-04
 1.00000e+03 4.81490e+04 3.32117e-09 -6.12498e-04
