#n1=128 n2=4 Teff=11000 R=1.4616e+12 L=2.2284e+37 logg=+2.50
#   tau          T          rho         Fconv
 0.00000e+00 8.70897e+03 8.60032e-22 +0.00000e+00
 1.00000e-09 8.70897e+03 7.85340e-19 +0.00000e+00
 1.24520e-09 8.70731e+03 9.81077e-19 +0.00000e+00
 1.55052e-09 8.70475e+03 1.22601e-18 +0.00000e+00
 1.93070e-09 8.69995e+03 1.53072e-18 +0.00000e+00
 2.40410e-09 8.34954e+03 1.97916e-18 +0.00000e+00
 2.99358e-09 7.50650e+03 2.77661e-18 +0.00000e+00
 3.72759e-09 7.32433e+03 3.58856e-18 +0.00000e+00
 4.64159e-09 7.26770e+03 4.57005e-18 +0.00000e+00
 5.77969e-09 7.23353e+03 5.80154e-18 +0.00000e+00
 7.19686e-09 7.20679e+03 7.33708e-18 +0.00000e+00
 8.96151e-09 7.18217e+03 9.25385e-18 +0.00000e+00
 1.11588e-08 7.15630e+03 1.16543e-17 +0.00000e+00
 1.38950e-08 7.12568e+03 1.46693e-17 +0.00000e+00
 1.73020e-08 7.08393e+03 1.84757e-17 +0.00000e+00
 2.15443e-08 7.01857e+03 2.33300e-17 +0.00000e+00
 2.68270e-08 6.93440e+03 2.95234e-17 +0.00000e+00
 3.34048e-08 6.85485e+03 3.73200e-17 +0.00000e+00
 4.15956e-08 6.79395e+03 4.70298e-17 +0.00000e+00
 5.17947e-08 6.75108e+03 5.90881e-17 +0.00000e+00
 6.44947e-08 6.72022e+03 7.40841e-17 +0.00000e+00
 8.03086e-08 6.69711e+03 9.27553e-17 +0.00000e+00
 1.00000e-07 6.67921e+03 1.16018e-16 +0.00000e+00
 1.24520e-07 6.66506e+03 1.45008e-16 +0.00000e+00
 1.55052e-07 6.65381e+03 1.81139e-16 +0.00000e+00
 1.93070e-07 6.64494e+03 2.26168e-16 +0.00000e+00
 2.40410e-07 6.63814e+03 2.82277e-16 +0.00000e+00
 2.99358e-07 6.63322e+03 3.52182e-16 +0.00000e+00
 3.72759e-07 6.63003e+03 4.39262e-16 +0.00000e+00
 4.64159e-07 6.62847e+03 5.47717e-16 +0.00000e+00
 5.77969e-07 6.62848e+03 6.82771e-16 +0.00000e+00
 7.19686e-07 6.63002e+03 8.50919e-16 +0.00000e+00
 8.96151e-07 6.63311e+03 1.06023e-15 +0.00000e+00
 1.11588e-06 6.63778e+03 1.32072e-15 +0.00000e+00
 1.38950e-06 6.64411e+03 1.64483e-15 +0.00000e+00
 1.73020e-06 6.65222e+03 2.04794e-15 +0.00000e+00
 2.15443e-06 6.66224e+03 2.54912e-15 +0.00000e+00
 2.68270e-06 6.67437e+03 3.17195e-15 +0.00000e+00
 3.34048e-06 6.68881e+03 3.94560e-15 +0.00000e+00
 4.15956e-06 6.70582e+03 4.90607e-15 +0.00000e+00
 5.17947e-06 6.72566e+03 6.09782e-15 +0.00000e+00
 6.44947e-06 6.74860e+03 7.57570e-15 +0.00000e+00
 8.03086e-06 6.77494e+03 9.40730e-15 +0.00000e+00
 1.00000e-05 6.80495e+03 1.16758e-14 +0.00000e+00
 1.24520e-05 6.83892e+03 1.44834e-14 +0.00000e+00
 1.55052e-05 6.87707e+03 1.79554e-14 +0.00000e+00
 1.93070e-05 6.91959e+03 2.22455e-14 +0.00000e+00
 2.40410e-05 6.96658e+03 2.75420e-14 +0.00000e+00
 2.99358e-05 7.01804e+03 3.40761e-14 +0.00000e+00
 3.72759e-05 7.07388e+03 4.21307e-14 +0.00000e+00
 4.64159e-05 7.13383e+03 5.20523e-14 +0.00000e+00
 5.77969e-05 7.19749e+03 6.42645e-14 +0.00000e+00
 7.19686e-05 7.26429e+03 7.92846e-14 +0.00000e+00
 8.96151e-05 7.33356e+03 9.77414e-14 +0.00000e+00
 1.11588e-04 7.40445e+03 1.20398e-13 +0.00000e+00
 1.38950e-04 7.47606e+03 1.48177e-13 +0.00000e+00
 1.73020e-04 7.54740e+03 1.82196e-13 +0.00000e+00
 2.15443e-04 7.61756e+03 2.23804e-13 +0.00000e+00
 2.68270e-04 7.68572e+03 2.74635e-13 +0.00000e+00
 3.34048e-04 7.75127e+03 3.36665e-13 +0.00000e+00
 4.15956e-04 7.81380e+03 4.12292e-13 +0.00000e+00
 5.17947e-04 7.87324e+03 5.04404e-13 +0.00000e+00
 6.44947e-04 7.92980e+03 6.16440e-13 +0.00000e+00
 8.03086e-04 7.98394e+03 7.52460e-13 +0.00000e+00
 1.00000e-03 8.03625e+03 9.17213e-13 +0.00000e+00
 1.24520e-03 8.08737e+03 1.11622e-12 -2.54584e-07
 1.55052e-03 8.13784e+03 1.35590e-12 -3.17007e-07
 1.93070e-03 8.18805e+03 1.64376e-12 -3.94736e-07
 2.40410e-03 8.23827e+03 1.98858e-12 -4.91525e-07
 2.99358e-03 8.28868e+03 2.40061e-12 -6.12045e-07
 3.72759e-03 8.33942e+03 2.89175e-12 -7.62117e-07
 4.64159e-03 8.39069e+03 3.47548e-12 -9.48985e-07
 5.77969e-03 8.44276e+03 4.16642e-12 -1.18167e-06
 7.19686e-03 8.49607e+03 4.98081e-12 -1.47142e-06
 8.96151e-03 8.55118e+03 5.93555e-12 -1.83221e-06
 1.11588e-02 8.60880e+03 7.04879e-12 -2.28146e-06
 1.38950e-02 8.66978e+03 8.33864e-12 -2.84087e-06
 1.73020e-02 8.73508e+03 9.82290e-12 -3.53743e-06
 2.15443e-02 8.80580e+03 1.15195e-11 -4.40480e-06
 2.68270e-02 8.88315e+03 1.34446e-11 -5.48484e-06
 3.34048e-02 8.96846e+03 1.56154e-11 -6.82971e-06
 4.15956e-02 9.06317e+03 1.80477e-11 -8.50433e-06
 5.17947e-02 9.16879e+03 2.07599e-11 -1.05896e-05
 6.44947e-02 9.28701e+03 2.37728e-11 -1.31861e-05
 8.03086e-02 9.41958e+03 2.71131e-11 -1.64193e-05
 1.00000e-01 9.56829e+03 3.08167e-11 -2.04453e-05
 1.24520e-01 9.73488e+03 3.49309e-11 -2.54584e-05
 1.55052e-01 9.92098e+03 3.95185e-11 -3.17007e-05
 1.93070e-01 1.01278e+04 4.46610e-11 -3.94736e-05
 2.40410e-01 1.03563e+04 5.04592e-11 -4.91525e-05
 2.99358e-01 1.06064e+04 5.70353e-11 -6.12045e-05
 3.72759e-01 1.08777e+04 6.45318e-11 -7.62117e-05
 4.64159e-01 1.11693e+04 7.31105e-11 -9.48985e-05
 5.77969e-01 1.14801e+04 8.29499e-11 -1.18167e-04
 7.19686e-01 1.18095e+04 9.42439e-11 -1.47142e-04
 8.96151e-01 1.21568e+04 1.07200e-10 -1.83221e-04
 1.11588e+00 1.25222e+04 1.22036e-10 -2.28146e-04
 1.38950e+00 1.29059e+04 1.38976e-10 -2.84087e-04
 1.73020e+00 1.33083e+04 1.58245e-10 -3.53743e-04
 2.15443e+00 1.37300e+04 1.80062e-10 -4.40480e-04
 2.68270e+00 1.41717e+04 2.04653e-10 -5.48484e-04
 3.34048e+00 1.46337e+04 2.32297e-10 -6.13359e-04
 4.15956e+00 1.51169e+04 2.63400e-10 -6.13359e-04
 5.17947e+00 1.56280e+04 2.98458e-10 -6.13359e-04
 6.44947e+00 1.61539e+04 3.38505e-10 -6.13359e-04
 8.03086e+00 1.67134e+04 3.83995e-10 -6.13359e-04
 1.00000e+01 1.72937e+04 4.36140e-10 -6.13359e-04
 1.24520e+01 1.79136e+04 4.95472e-10 -6.13359e-04
 1.55052e+01 1.85360e+04 5.63890e-10 -6.13359e-04
 1.93070e+01 1.92655e+04 6.39902e-10 -6.13359e-04
 2.40410e+01 1.98807e+04 7.31061e-10 -6.13359e-04
 2.99358e+01 2.07874e+04 8.26198e-10 -6.13359e-04
 3.72759e+01 2.13821e+04 9.47861e-10 -6.13359e-04
 4.64159e+01 2.24109e+04 1.06880e-09 -6.13359e-04
 5.77969e+01 2.32082e+04 1.22060e-09 -6.13359e-04
 7.19686e+01 2.40638e+04 1.39021e-09 -6.13359e-04
 8.96151e+01 2.52719e+04 1.56794e-09 -6.13359e-04
 1.11588e+02 2.60961e+04 1.79635e-09 -6.13357e-04
 1.38950e+02 2.73673e+04 2.02779e-09 -6.13357e-04
 1.73020e+02 2.85130e+04 2.30613e-09 -6.13356e-04
 2.15443e+02 2.98309e+04 2.61306e-09 -6.13352e-04
 2.68270e+02 3.12503e+04 2.95992e-09 -6.13336e-04
 3.34048e+02 3.27609e+04 3.35184e-09 -6.13244e-04
 4.15956e+02 3.45423e+04 3.78127e-09 -6.12609e-04
 5.17947e+02 3.55089e+04 4.35454e-09 -6.05897e-04
 6.44947e+02 4.00210e+04 4.57270e-09 -6.08159e-04
 8.03086e+02 3.89395e+04 5.62383e-09 -3.38759e-04
 1.00000e+03 4.45196e+04 5.74133e-09 -6.10191e-04
