#n1=128 n2=4 Teff=11200 R=6.8886e+12 L=5.3172e+38 logg=+1.50
#   tau          T          rho         Fconv
 0.00000e+00 7.48766e+03 1.03734e-21 +0.00000e+00
 1.00000e-09 7.48766e+03 9.13114e-20 +0.00000e+00
 1.24520e-09 7.43156e+03 1.15232e-19 +0.00000e+00
 1.55052e-09 7.31148e+03 1.46861e-19 +0.00000e+00
 1.93070e-09 7.09657e+03 1.89829e-19 +0.00000e+00
 2.40410e-09 6.98928e+03 2.41474e-19 +0.00000e+00
 2.99358e-09 6.94216e+03 3.04467e-19 +0.00000e+00
 3.72759e-09 6.91466e+03 3.82736e-19 +0.00000e+00
 4.64159e-09 6.89712e+03 4.80333e-19 +0.00000e+00
 5.77969e-09 6.88577e+03 6.02155e-19 +0.00000e+00
 7.19686e-09 6.87867e+03 7.54271e-19 +0.00000e+00
 8.96151e-09 6.87467e+03 9.44232e-19 +0.00000e+00
 1.11588e-08 6.87303e+03 1.18146e-18 +0.00000e+00
 1.38950e-08 6.87323e+03 1.47770e-18 +0.00000e+00
 1.73020e-08 6.87485e+03 1.84765e-18 +0.00000e+00
 2.15443e-08 6.87757e+03 2.30959e-18 +0.00000e+00
 2.68270e-08 6.88105e+03 2.88635e-18 +0.00000e+00
 3.34048e-08 6.88492e+03 3.60640e-18 +0.00000e+00
 4.15956e-08 6.88879e+03 4.50528e-18 +0.00000e+00
 5.17947e-08 6.89218e+03 5.62742e-18 +0.00000e+00
 6.44947e-08 6.89453e+03 7.02861e-18 +0.00000e+00
 8.03086e-08 6.89520e+03 8.77894e-18 +0.00000e+00
 1.00000e-07 6.89358e+03 1.09666e-17 +0.00000e+00
 1.24520e-07 6.88915e+03 1.37026e-17 +0.00000e+00
 1.55052e-07 6.88174e+03 1.71260e-17 +0.00000e+00
 1.93070e-07 6.87170e+03 2.14100e-17 +0.00000e+00
 2.40410e-07 6.85998e+03 2.67692e-17 +0.00000e+00
 2.99358e-07 6.84800e+03 3.34683e-17 +0.00000e+00
 3.72759e-07 6.83718e+03 4.18337e-17 +0.00000e+00
 4.64159e-07 6.82852e+03 5.22702e-17 +0.00000e+00
 5.77969e-07 6.82256e+03 6.52813e-17 +0.00000e+00
 7.19686e-07 6.82045e+03 8.14816e-17 +0.00000e+00
 8.96151e-07 6.81927e+03 1.01685e-16 +0.00000e+00
 1.11588e-06 6.82026e+03 1.26853e-16 +0.00000e+00
 1.38950e-06 6.82352e+03 1.58195e-16 +0.00000e+00
 1.73020e-06 6.82810e+03 1.97239e-16 +0.00000e+00
 2.15443e-06 6.83695e+03 2.45764e-16 +0.00000e+00
 2.68270e-06 6.84922e+03 3.06071e-16 +0.00000e+00
 3.34048e-06 6.86549e+03 3.80954e-16 +0.00000e+00
 4.15956e-06 6.88634e+03 4.73841e-16 +0.00000e+00
 5.17947e-06 6.91230e+03 5.88944e-16 +0.00000e+00
 6.44947e-06 6.94374e+03 7.31436e-16 +0.00000e+00
 8.03086e-06 6.98076e+03 9.07691e-16 +0.00000e+00
 1.00000e-05 7.02325e+03 1.12557e-15 +0.00000e+00
 1.24520e-05 7.07084e+03 1.39480e-15 +0.00000e+00
 1.55052e-05 7.12302e+03 1.72739e-15 +0.00000e+00
 1.93070e-05 7.17921e+03 2.13823e-15 +0.00000e+00
 2.40410e-05 7.23878e+03 2.64572e-15 +0.00000e+00
 2.99358e-05 7.30119e+03 3.27265e-15 +0.00000e+00
 3.72759e-05 7.36595e+03 4.04718e-15 +0.00000e+00
 4.64159e-05 7.43264e+03 5.00416e-15 +0.00000e+00
 5.77969e-05 7.50091e+03 6.18665e-15 +0.00000e+00
 7.19686e-05 7.57042e+03 7.64793e-15 +0.00000e+00
 8.96151e-05 7.64092e+03 9.45384e-15 +0.00000e+00
 1.11588e-04 7.71220e+03 1.16858e-14 +0.00000e+00
 1.38950e-04 7.78408e+03 1.44443e-14 +0.00000e+00
 1.73020e-04 7.85638e+03 1.78539e-14 +0.00000e+00
 2.15443e-04 7.92897e+03 2.20680e-14 +0.00000e+00
 2.68270e-04 8.00177e+03 2.72758e-14 +0.00000e+00
 3.34048e-04 8.07507e+03 3.37092e-14 +0.00000e+00
 4.15956e-04 8.14883e+03 4.16537e-14 +0.00000e+00
 5.17947e-04 8.22311e+03 5.14593e-14 +0.00000e+00
 6.44947e-04 8.29802e+03 6.35542e-14 +0.00000e+00
 8.03086e-04 8.37367e+03 7.84615e-14 +0.00000e+00
 1.00000e-03 8.45009e+03 9.68207e-14 +0.00000e+00
 1.24520e-03 8.52716e+03 1.19414e-13 -2.54711e-07
 1.55052e-03 8.60411e+03 1.47207e-13 -3.17165e-07
 1.93070e-03 8.68060e+03 1.81373e-13 -3.94934e-07
 2.40410e-03 8.75624e+03 2.23344e-13 -4.91770e-07
 2.99358e-03 8.83059e+03 2.74863e-13 -6.12350e-07
 3.72759e-03 8.90333e+03 3.38042e-13 -7.62497e-07
 4.64159e-03 8.97430e+03 4.15439e-13 -9.49459e-07
 5.77969e-03 9.04356e+03 5.10124e-13 -1.18227e-06
 7.19686e-03 9.11147e+03 6.25763e-13 -1.47215e-06
 8.96151e-03 9.17865e+03 7.66694e-13 -1.83312e-06
 1.11588e-02 9.24606e+03 9.37990e-13 -2.28259e-06
 1.38950e-02 9.31486e+03 1.14552e-12 -2.84227e-06
 1.73020e-02 9.38652e+03 1.39602e-12 -3.53919e-06
 2.15443e-02 9.46262e+03 1.69714e-12 -4.40700e-06
 2.68270e-02 9.54487e+03 2.05752e-12 -5.48758e-06
 3.34048e-02 9.63511e+03 2.48685e-12 -6.83312e-06
 4.15956e-02 9.73522e+03 2.99589e-12 -8.50857e-06
 5.17947e-02 9.84697e+03 3.59678e-12 -1.05949e-05
 6.44947e-02 9.97235e+03 4.30296e-12 -1.31927e-05
 8.03086e-02 1.01133e+04 5.12942e-12 -1.64275e-05
 1.00000e-01 1.02717e+04 6.09313e-12 -2.04555e-05
 1.24520e-01 1.04495e+04 7.21306e-12 -2.54711e-05
 1.55052e-01 1.06487e+04 8.51078e-12 -3.17165e-05
 1.93070e-01 1.08710e+04 1.00108e-11 -3.94934e-05
 2.40410e-01 1.11182e+04 1.17409e-11 -4.91770e-05
 2.99358e-01 1.13915e+04 1.37326e-11 -6.12350e-05
 3.72759e-01 1.16921e+04 1.60205e-11 -7.62497e-05
 4.64159e-01 1.20210e+04 1.86412e-11 -9.49459e-05
 5.77969e-01 1.23792e+04 2.16301e-11 -1.18227e-04
 7.19686e-01 1.27684e+04 2.50191e-11 -1.47215e-04
 8.96151e-01 1.31909e+04 2.88386e-11 -1.83261e-04
 1.11588e+00 1.36497e+04 3.31314e-11 -2.28336e-04
 1.38950e+00 1.41487e+04 3.79766e-11 -2.84220e-04
 1.73020e+00 1.46920e+04 4.34976e-11 -3.53919e-04
 2.15443e+00 1.52848e+04 4.98401e-11 -4.40700e-04
 2.68270e+00 1.59328e+04 5.71510e-11 -5.48758e-04
 3.34048e+00 1.66420e+04 6.55769e-11 -6.13664e-04
 4.15956e+00 1.74163e+04 7.52836e-11 -6.13664e-04
 5.17947e+00 1.82658e+04 8.64355e-11 -6.13664e-04
 6.44947e+00 1.91703e+04 9.93485e-11 -6.13664e-04
 8.03086e+00 2.01316e+04 1.14271e-10 -6.13664e-04
 1.00000e+01 2.11126e+04 1.31681e-10 -6.13664e-04
 1.24520e+01 2.21229e+04 1.51850e-10 -6.13664e-04
 1.55052e+01 2.31133e+04 1.75421e-10 -6.13664e-04
 1.93070e+01 2.41959e+04 2.02068e-10 -6.13664e-04
 2.40410e+01 2.52037e+04 2.33465e-10 -6.13664e-04
 2.99358e+01 2.64439e+04 2.67648e-10 -6.13664e-04
 3.72759e+01 2.75642e+04 3.08398e-10 -6.13664e-04
 4.64159e+01 2.89846e+04 3.52070e-10 -6.13664e-04
 5.77969e+01 3.04131e+04 4.02559e-10 -6.13664e-04
 7.19686e+01 3.19890e+04 4.58281e-10 -6.13664e-04
 8.96151e+01 3.38159e+04 5.17721e-10 -6.13664e-04
 1.11588e+02 3.56185e+04 5.86017e-10 -6.13664e-04
 1.38950e+02 3.76484e+04 6.61274e-10 -6.13664e-04
 1.73020e+02 3.96326e+04 7.51539e-10 -6.13664e-04
 2.15443e+02 4.16886e+04 8.56238e-10 -6.13664e-04
 2.68270e+02 4.37557e+04 9.78258e-10 -6.13664e-04
 3.34048e+02 4.57860e+04 1.12012e-09 -6.13664e-04
 4.15956e+02 4.80478e+04 1.27881e-09 -6.13664e-04
 5.17947e+02 4.96464e+04 1.47705e-09 -6.13664e-04
 6.44947e+02 5.25813e+04 1.66822e-09 -6.13664e-04
 8.03086e+02 5.35333e+04 1.94772e-09 -6.13664e-04
 1.00000e+03 5.65306e+04 2.18400e-09 -6.13664e-04
