#n1=128 n2=4 Teff=11800 R=4.5886e+11 L=2.9104e+36 logg=+3.50
#   tau          T          rho         Fconv
 0.00000e+00 6.43099e+03 1.17670e-21 +0.00000e+00
 1.00000e-09 6.43099e+03 1.28056e-17 +0.00000e+00
 1.24520e-09 6.41063e+03 1.60112e-17 +0.00000e+00
 1.55052e-09 6.39558e+03 2.00007e-17 +0.00000e+00
 1.93070e-09 6.38369e+03 2.49697e-17 +0.00000e+00
 2.40410e-09 6.37402e+03 3.11601e-17 +0.00000e+00
 2.99358e-09 6.36602e+03 3.88726e-17 +0.00000e+00
 3.72759e-09 6.35936e+03 4.84812e-17 +0.00000e+00
 4.64159e-09 6.35386e+03 6.04512e-17 +0.00000e+00
 5.77969e-09 6.34937e+03 7.53617e-17 +0.00000e+00
 7.19686e-09 6.34584e+03 9.39332e-17 +0.00000e+00
 8.96151e-09 6.34319e+03 1.17062e-16 +0.00000e+00
 1.11588e-08 6.34142e+03 1.45863e-16 +0.00000e+00
 1.38950e-08 6.34050e+03 1.81723e-16 +0.00000e+00
 1.73020e-08 6.34045e+03 2.26366e-16 +0.00000e+00
 2.15443e-08 6.34128e+03 2.81935e-16 +0.00000e+00
 2.68270e-08 6.34304e+03 3.51094e-16 +0.00000e+00
 3.34048e-08 6.34579e+03 4.37151e-16 +0.00000e+00
 4.15956e-08 6.34960e+03 5.44212e-16 +0.00000e+00
 5.17947e-08 6.35456e+03 6.77376e-16 +0.00000e+00
 6.44947e-08 6.36081e+03 8.42963e-16 +0.00000e+00
 8.03086e-08 6.36848e+03 1.04881e-15 +0.00000e+00
 1.00000e-07 6.37774e+03 1.30461e-15 +0.00000e+00
 1.24520e-07 6.38877e+03 1.62238e-15 +0.00000e+00
 1.55052e-07 6.40178e+03 2.01695e-15 +0.00000e+00
 1.93070e-07 6.41699e+03 2.50665e-15 +0.00000e+00
 2.40410e-07 6.43465e+03 3.11411e-15 +0.00000e+00
 2.99358e-07 6.45499e+03 3.86724e-15 +0.00000e+00
 3.72759e-07 6.47830e+03 4.80044e-15 +0.00000e+00
 4.64159e-07 6.50482e+03 5.95609e-15 +0.00000e+00
 5.77969e-07 6.53482e+03 7.38636e-15 +0.00000e+00
 7.19686e-07 6.56853e+03 9.15544e-15 +0.00000e+00
 8.96151e-07 6.60617e+03 1.13423e-14 +0.00000e+00
 1.11588e-06 6.64792e+03 1.40443e-14 +0.00000e+00
 1.38950e-06 6.69391e+03 1.73803e-14 +0.00000e+00
 1.73020e-06 6.74419e+03 2.14965e-14 +0.00000e+00
 2.15443e-06 6.79874e+03 2.65719e-14 +0.00000e+00
 2.68270e-06 6.85744e+03 3.28265e-14 +0.00000e+00
 3.34048e-06 6.92002e+03 4.05306e-14 +0.00000e+00
 4.15956e-06 6.98610e+03 5.00168e-14 +0.00000e+00
 5.17947e-06 7.05518e+03 6.16951e-14 +0.00000e+00
 6.44947e-06 7.12661e+03 7.60714e-14 +0.00000e+00
 8.03086e-06 7.19961e+03 9.37677e-14 +0.00000e+00
 1.00000e-05 7.27331e+03 1.15548e-13 +0.00000e+00
 1.24520e-05 7.34686e+03 1.42347e-13 +0.00000e+00
 1.55052e-05 7.41947e+03 1.75304e-13 +0.00000e+00
 1.93070e-05 7.49055e+03 2.15795e-13 +0.00000e+00
 2.40410e-05 7.55975e+03 2.65476e-13 +0.00000e+00
 2.99358e-05 7.62694e+03 3.26310e-13 +0.00000e+00
 3.72759e-05 7.69224e+03 4.00602e-13 +0.00000e+00
 4.64159e-05 7.75588e+03 4.91037e-13 +0.00000e+00
 5.77969e-05 7.81816e+03 6.00723e-13 +0.00000e+00
 7.19686e-05 7.87944e+03 7.33242e-13 +0.00000e+00
 8.96151e-05 7.94016e+03 8.92730e-13 +0.00000e+00
 1.11588e-04 8.00082e+03 1.08399e-12 +0.00000e+00
 1.38950e-04 8.06188e+03 1.31266e-12 +0.00000e+00
 1.73020e-04 8.12372e+03 1.58540e-12 +0.00000e+00
 2.15443e-04 8.18664e+03 1.91011e-12 +0.00000e+00
 2.68270e-04 8.25082e+03 2.29596e-12 +0.00000e+00
 3.34048e-04 8.31629e+03 2.75337e-12 +0.00000e+00
 4.15956e-04 8.38297e+03 3.29399e-12 +0.00000e+00
 5.17947e-04 8.45070e+03 3.93064e-12 +0.00000e+00
 6.44947e-04 8.51923e+03 4.67772e-12 +0.00000e+00
 8.03086e-04 8.58828e+03 5.55096e-12 +0.00000e+00
 1.00000e-03 8.65757e+03 6.56838e-12 +0.00000e+00
 1.24520e-03 8.72678e+03 7.74895e-12 -2.54410e-07
 1.55052e-03 8.79563e+03 9.11407e-12 -3.16790e-07
 1.93070e-03 8.86390e+03 1.06891e-11 -3.94466e-07
 2.40410e-03 8.93136e+03 1.25008e-11 -4.91188e-07
 2.99358e-03 8.99789e+03 1.45817e-11 -6.11626e-07
 3.72759e-03 9.06348e+03 1.69645e-11 -7.61595e-07
 4.64159e-03 9.12830e+03 1.96868e-11 -9.48335e-07
 5.77969e-03 9.19264e+03 2.27889e-11 -1.18087e-06
 7.19686e-03 9.25686e+03 2.63144e-11 -1.47041e-06
 8.96151e-03 9.32136e+03 3.03137e-11 -1.83095e-06
 1.11588e-02 9.38666e+03 3.48382e-11 -2.27989e-06
 1.38950e-02 9.45351e+03 3.99433e-11 -2.83891e-06
 1.73020e-02 9.52292e+03 4.56893e-11 -3.53501e-06
 2.15443e-02 9.59612e+03 5.21356e-11 -4.40178e-06
 2.68270e-02 9.67460e+03 5.93430e-11 -5.48109e-06
 3.34048e-02 9.75996e+03 6.73761e-11 -6.82504e-06
 4.15956e-02 9.85395e+03 7.63003e-11 -8.49851e-06
 5.17947e-02 9.95831e+03 8.61884e-11 -1.05823e-05
 6.44947e-02 1.00749e+04 9.71228e-11 -1.31771e-05
 8.03086e-02 1.02056e+04 1.09203e-10 -1.64081e-05
 1.00000e-01 1.03522e+04 1.22556e-10 -2.04313e-05
 1.24520e-01 1.05166e+04 1.37341e-10 -2.54410e-05
 1.55052e-01 1.07004e+04 1.53764e-10 -3.16790e-05
 1.93070e-01 1.09052e+04 1.72084e-10 -3.94466e-05
 2.40410e-01 1.11322e+04 1.92621e-10 -4.91188e-05
 2.99358e-01 1.13822e+04 2.15767e-10 -6.11626e-05
 3.72759e-01 1.16554e+04 2.41978e-10 -7.61595e-05
 4.64159e-01 1.19516e+04 2.71784e-10 -9.48335e-05
 5.77969e-01 1.22702e+04 3.05776e-10 -1.18087e-04
 7.19686e-01 1.26104e+04 3.44606e-10 -1.47041e-04
 8.96151e-01 1.29713e+04 3.88975e-10 -1.83095e-04
 1.11588e+00 1.33520e+04 4.39624e-10 -2.27989e-04
 1.38950e+00 1.37521e+04 4.97314e-10 -2.83891e-04
 1.73020e+00 1.41718e+04 5.62780e-10 -3.53501e-04
 2.15443e+00 1.46138e+04 6.36677e-10 -4.40178e-04
 2.68270e+00 1.50823e+04 7.19654e-10 -5.48109e-04
 3.34048e+00 1.55732e+04 8.12936e-10 -6.12939e-04
 4.15956e+00 1.60816e+04 9.18184e-10 -6.12939e-04
 5.17947e+00 1.66197e+04 1.03661e-09 -6.12939e-04
 6.44947e+00 1.71688e+04 1.17181e-09 -6.12939e-04
 8.03086e+00 1.77648e+04 1.32400e-09 -6.12939e-04
 1.00000e+01 1.83779e+04 1.49847e-09 -6.12939e-04
 1.24520e+01 1.90314e+04 1.69648e-09 -6.12939e-04
 1.55052e+01 1.96964e+04 1.92359e-09 -6.12939e-04
 1.93070e+01 2.04604e+04 2.17645e-09 -6.12939e-04
 2.40410e+01 2.11266e+04 2.47706e-09 -6.12939e-04
 2.99358e+01 2.20859e+04 2.79144e-09 -6.12939e-04
 3.72759e+01 2.27146e+04 3.19349e-09 -6.12939e-04
 4.64159e+01 2.38507e+04 3.58568e-09 -6.12939e-04
 5.77969e+01 2.46905e+04 4.08743e-09 -6.12938e-04
 7.19686e+01 2.55491e+04 4.65094e-09 -6.12937e-04
 8.96151e+01 2.70846e+04 5.19640e-09 -6.12937e-04
 1.11588e+02 2.77850e+04 5.98402e-09 -6.12922e-04
 1.38950e+02 2.92446e+04 6.71602e-09 -6.12906e-04
 1.73020e+02 3.05021e+04 7.61725e-09 -6.12823e-04
 2.15443e+02 3.22580e+04 8.54980e-09 -6.12675e-04
 2.68270e+02 3.34905e+04 9.76460e-09 -6.11389e-04
 3.34048e+02 3.58392e+04 1.08551e-08 -6.07828e-04
 4.15956e+02 3.72731e+04 1.24076e-08 -5.69426e-04
 5.17947e+02 3.95739e+04 1.38330e-08 -3.98539e-04
 6.44947e+02 4.50246e+04 1.45080e-08 -5.96387e-04
 8.03086e+02 4.38762e+04 1.79349e-08 +1.22130e-03
 1.00000e+03 4.92907e+04 1.87956e-08 -5.77011e-04
