#n1=128 n2=4 Teff=11800 R=1.1532e+11 L=1.8335e+35 logg=+4.00
#   tau          T          rho         Fconv
 0.00000e+00 6.34842e+03 1.19216e-21 +0.00000e+00
 1.00000e-09 6.34842e+03 4.09466e-17 +0.00000e+00
 1.24520e-09 6.33192e+03 5.11460e-17 +0.00000e+00
 1.55052e-09 6.32395e+03 6.37985e-17 +0.00000e+00
 1.93070e-09 6.31831e+03 7.95501e-17 +0.00000e+00
 2.40410e-09 6.31405e+03 9.91671e-17 +0.00000e+00
 2.99358e-09 6.31080e+03 1.23600e-16 +0.00000e+00
 3.72759e-09 6.30846e+03 1.54030e-16 +0.00000e+00
 4.64159e-09 6.30695e+03 1.91925e-16 +0.00000e+00
 5.77969e-09 6.30619e+03 2.39116e-16 +0.00000e+00
 7.19686e-09 6.30621e+03 2.97873e-16 +0.00000e+00
 8.96151e-09 6.30695e+03 3.71030e-16 +0.00000e+00
 1.11588e-08 6.30839e+03 4.62109e-16 +0.00000e+00
 1.38950e-08 6.31054e+03 5.75493e-16 +0.00000e+00
 1.73020e-08 6.31340e+03 7.16635e-16 +0.00000e+00
 2.15443e-08 6.31700e+03 8.92316e-16 +0.00000e+00
 2.68270e-08 6.32139e+03 1.11097e-15 +0.00000e+00
 3.34048e-08 6.32663e+03 1.38308e-15 +0.00000e+00
 4.15956e-08 6.33280e+03 1.72167e-15 +0.00000e+00
 5.17947e-08 6.33999e+03 2.14291e-15 +0.00000e+00
 6.44947e-08 6.34834e+03 2.66686e-15 +0.00000e+00
 8.03086e-08 6.35800e+03 3.31835e-15 +0.00000e+00
 1.00000e-07 6.36911e+03 4.12817e-15 +0.00000e+00
 1.24520e-07 6.38187e+03 5.13439e-15 +0.00000e+00
 1.55052e-07 6.39647e+03 6.38415e-15 +0.00000e+00
 1.93070e-07 6.41312e+03 7.93577e-15 +0.00000e+00
 2.40410e-07 6.43207e+03 9.86131e-15 +0.00000e+00
 2.99358e-07 6.45355e+03 1.22499e-14 +0.00000e+00
 3.72759e-07 6.47780e+03 1.52118e-14 +0.00000e+00
 4.64159e-07 6.50508e+03 1.88841e-14 +0.00000e+00
 5.77969e-07 6.53564e+03 2.34347e-14 +0.00000e+00
 7.19686e-07 6.56971e+03 2.90695e-14 +0.00000e+00
 8.96151e-07 6.60750e+03 3.60410e-14 +0.00000e+00
 1.11588e-06 6.64917e+03 4.46592e-14 +0.00000e+00
 1.38950e-06 6.69484e+03 5.53041e-14 +0.00000e+00
 1.73020e-06 6.74456e+03 6.84422e-14 +0.00000e+00
 2.15443e-06 6.79832e+03 8.46459e-14 +0.00000e+00
 2.68270e-06 6.85598e+03 1.04617e-13 +0.00000e+00
 3.34048e-06 6.91733e+03 1.29213e-13 +0.00000e+00
 4.15956e-06 6.98198e+03 1.59476e-13 +0.00000e+00
 5.17947e-06 7.04949e+03 1.96669e-13 +0.00000e+00
 6.44947e-06 7.11923e+03 2.42316e-13 +0.00000e+00
 8.03086e-06 7.19048e+03 2.98255e-13 +0.00000e+00
 1.00000e-05 7.26244e+03 3.66684e-13 +0.00000e+00
 1.24520e-05 7.33432e+03 4.50209e-13 +0.00000e+00
 1.55052e-05 7.40541e+03 5.51866e-13 +0.00000e+00
 1.93070e-05 7.47512e+03 6.75152e-13 +0.00000e+00
 2.40410e-05 7.54311e+03 8.24052e-13 +0.00000e+00
 2.99358e-05 7.60923e+03 1.00308e-12 +0.00000e+00
 3.72759e-05 7.67356e+03 1.21739e-12 +0.00000e+00
 4.64159e-05 7.73629e+03 1.47293e-12 +0.00000e+00
 5.77969e-05 7.79778e+03 1.77664e-12 +0.00000e+00
 7.19686e-05 7.85843e+03 2.13683e-12 +0.00000e+00
 8.96151e-05 7.91877e+03 2.56338e-12 +0.00000e+00
 1.11588e-04 7.97929e+03 3.06814e-12 +0.00000e+00
 1.38950e-04 8.04042e+03 3.66494e-12 +0.00000e+00
 1.73020e-04 8.10250e+03 4.36958e-12 +0.00000e+00
 2.15443e-04 8.16576e+03 5.19972e-12 +0.00000e+00
 2.68270e-04 8.23028e+03 6.17477e-12 +0.00000e+00
 3.34048e-04 8.29609e+03 7.31610e-12 +0.00000e+00
 4.15956e-04 8.36306e+03 8.64643e-12 +0.00000e+00
 5.17947e-04 8.43101e+03 1.01908e-11 +0.00000e+00
 6.44947e-04 8.49967e+03 1.19742e-11 +0.00000e+00
 8.03086e-04 8.56875e+03 1.40256e-11 +0.00000e+00
 1.00000e-03 8.63796e+03 1.63791e-11 +0.00000e+00
 1.24520e-03 8.70699e+03 1.90700e-11 -2.55066e-07
 1.55052e-03 8.77560e+03 2.21423e-11 -3.17608e-07
 1.93070e-03 8.84356e+03 2.56422e-11 -3.95484e-07
 2.40410e-03 8.91066e+03 2.96256e-11 -4.92455e-07
 2.99358e-03 8.97680e+03 3.41519e-11 -6.13203e-07
 3.72759e-03 9.04199e+03 3.92815e-11 -7.63560e-07
 4.64159e-03 9.10640e+03 4.50908e-11 -9.50781e-07
 5.77969e-03 9.17034e+03 5.16568e-11 -1.18391e-06
 7.19686e-03 9.23417e+03 5.90648e-11 -1.47421e-06
 8.96151e-03 9.29830e+03 6.74061e-11 -1.83567e-06
 1.11588e-02 9.36323e+03 7.67863e-11 -2.28577e-06
 1.38950e-02 9.42971e+03 8.73058e-11 -2.84624e-06
 1.73020e-02 9.49875e+03 9.90664e-11 -3.54413e-06
 2.15443e-02 9.57160e+03 1.12161e-10 -4.41314e-06
 2.68270e-02 9.64975e+03 1.26684e-10 -5.49522e-06
 3.34048e-02 9.73479e+03 1.42710e-10 -6.84265e-06
 4.15956e-02 9.82849e+03 1.60305e-10 -8.52043e-06
 5.17947e-02 9.93257e+03 1.79538e-10 -1.06096e-05
 6.44947e-02 1.00489e+04 2.00479e-10 -1.32111e-05
 8.03086e-02 1.01794e+04 2.23230e-10 -1.64504e-05
 1.00000e-01 1.03257e+04 2.47948e-10 -2.04840e-05
 1.24520e-01 1.04898e+04 2.74859e-10 -2.55066e-05
 1.55052e-01 1.06733e+04 3.04297e-10 -3.17608e-05
 1.93070e-01 1.08778e+04 3.36721e-10 -3.95484e-05
 2.40410e-01 1.11046e+04 3.72735e-10 -4.92455e-05
 2.99358e-01 1.13544e+04 4.13091e-10 -6.13203e-05
 3.72759e-01 1.16275e+04 4.58687e-10 -7.63560e-05
 4.64159e-01 1.19238e+04 5.10551e-10 -9.50781e-05
 5.77969e-01 1.22426e+04 5.69833e-10 -1.18391e-04
 7.19686e-01 1.25831e+04 6.37783e-10 -1.47421e-04
 8.96151e-01 1.29445e+04 7.15752e-10 -1.83567e-04
 1.11588e+00 1.33257e+04 8.05174e-10 -2.28577e-04
 1.38950e+00 1.37262e+04 9.07552e-10 -2.84624e-04
 1.73020e+00 1.41463e+04 1.02437e-09 -3.54413e-04
 2.15443e+00 1.45887e+04 1.15700e-09 -4.41314e-04
 2.68270e+00 1.50576e+04 1.30672e-09 -5.49522e-04
 3.34048e+00 1.55487e+04 1.47563e-09 -6.14520e-04
 4.15956e+00 1.60570e+04 1.66618e-09 -6.14520e-04
 5.17947e+00 1.65945e+04 1.87981e-09 -6.14520e-04
 6.44947e+00 1.71425e+04 2.12244e-09 -6.14520e-04
 8.03086e+00 1.77375e+04 2.39407e-09 -6.14520e-04
 1.00000e+01 1.83492e+04 2.70471e-09 -6.14520e-04
 1.24520e+01 1.90006e+04 3.05691e-09 -6.14520e-04
 1.55052e+01 1.96637e+04 3.46102e-09 -6.14520e-04
 1.93070e+01 2.04239e+04 3.91117e-09 -6.14520e-04
 2.40410e+01 2.10873e+04 4.44717e-09 -6.14520e-04
 2.99358e+01 2.20422e+04 5.00734e-09 -6.14520e-04
 3.72759e+01 2.26642e+04 5.72599e-09 -6.14519e-04
 4.64159e+01 2.38058e+04 6.42328e-09 -6.14519e-04
 5.77969e+01 2.46314e+04 7.32085e-09 -6.14515e-04
 7.19686e+01 2.54959e+04 8.32239e-09 -6.14500e-04
 8.96151e+01 2.70559e+04 9.28943e-09 -6.14498e-04
 1.11588e+02 2.77332e+04 1.07038e-08 -6.14342e-04
 1.38950e+02 2.91853e+04 1.20128e-08 -6.14174e-04
 1.73020e+02 3.04724e+04 1.36092e-08 -6.13412e-04
 2.15443e+02 3.22426e+04 1.52768e-08 -6.12346e-04
 2.68270e+02 3.34882e+04 1.74474e-08 -6.03348e-04
 3.34048e+02 3.58614e+04 1.94125e-08 -5.89649e-04
 4.15956e+02 3.72882e+04 2.22194e-08 -4.33209e-04
 5.17947e+02 3.99263e+04 2.46987e-08 +1.32329e-04
 6.44947e+02 4.16421e+04 2.81540e-08 +2.82874e-03
 8.03086e+02 4.44707e+04 3.12442e-08 +4.50829e-03
 1.00000e+03 4.67265e+04 3.53441e-08 +6.61079e-03
