#n1=128 n2=4 Teff=11000 R=1.2030e+13 L=1.5091e+39 logg=+1.00
#   tau          T          rho         Fconv
 0.00000e+00 7.92580e+03 9.45084e-22 +0.00000e+00
 1.00000e-09 7.92580e+03 2.05491e-20 +0.00000e+00
 1.24520e-09 7.92851e+03 2.54758e-20 +0.00000e+00
 1.55052e-09 7.93059e+03 3.16462e-20 +0.00000e+00
 1.93070e-09 7.93238e+03 3.93741e-20 +0.00000e+00
 2.40410e-09 7.93378e+03 4.90543e-20 +0.00000e+00
 2.99358e-09 7.93467e+03 6.11827e-20 +0.00000e+00
 3.72759e-09 7.93485e+03 7.63814e-20 +0.00000e+00
 4.64159e-09 7.93408e+03 9.54318e-20 +0.00000e+00
 5.77969e-09 7.93200e+03 1.19317e-19 +0.00000e+00
 7.19686e-09 7.92809e+03 1.49275e-19 +0.00000e+00
 8.96151e-09 7.92159e+03 1.86877e-19 +0.00000e+00
 1.11588e-08 7.91124e+03 2.34125e-19 +0.00000e+00
 1.38950e-08 7.89496e+03 2.93604e-19 +0.00000e+00
 1.73020e-08 7.86846e+03 3.68773e-19 +0.00000e+00
 2.15443e-08 7.81225e+03 4.65033e-19 +0.00000e+00
 2.68270e-08 7.55970e+03 6.02277e-19 +0.00000e+00
 3.34048e-08 7.29851e+03 7.83518e-19 +0.00000e+00
 4.15956e-08 7.17604e+03 1.00183e-18 +0.00000e+00
 5.17947e-08 7.11188e+03 1.27239e-18 +0.00000e+00
 6.44947e-08 7.07588e+03 1.61304e-18 +0.00000e+00
 8.03086e-08 7.05383e+03 2.04474e-18 +0.00000e+00
 1.00000e-07 7.03941e+03 2.59076e-18 +0.00000e+00
 1.24520e-07 7.02968e+03 3.27616e-18 +0.00000e+00
 1.55052e-07 7.02311e+03 4.13278e-18 +0.00000e+00
 1.93070e-07 7.01874e+03 5.20310e-18 +0.00000e+00
 2.40410e-07 7.01586e+03 6.54150e-18 +0.00000e+00
 2.99358e-07 7.01396e+03 8.21547e-18 +0.00000e+00
 3.72759e-07 7.01262e+03 1.03091e-17 +0.00000e+00
 4.64159e-07 7.01149e+03 1.29278e-17 +0.00000e+00
 5.77969e-07 7.01027e+03 1.62032e-17 +0.00000e+00
 7.19686e-07 7.00869e+03 2.03007e-17 +0.00000e+00
 8.96151e-07 7.00651e+03 2.54273e-17 +0.00000e+00
 1.11588e-06 7.00355e+03 3.18422e-17 +0.00000e+00
 1.38950e-06 6.99974e+03 3.98704e-17 +0.00000e+00
 1.73020e-06 6.99511e+03 4.99179e-17 +0.00000e+00
 2.15443e-06 6.98987e+03 6.24918e-17 +0.00000e+00
 2.68270e-06 6.98437e+03 7.82245e-17 +0.00000e+00
 3.34048e-06 6.97906e+03 9.79034e-17 +0.00000e+00
 4.15956e-06 6.97438e+03 1.22509e-16 +0.00000e+00
 5.17947e-06 6.97071e+03 1.53264e-16 +0.00000e+00
 6.44947e-06 6.96834e+03 1.91690e-16 +0.00000e+00
 8.03086e-06 6.96748e+03 2.39682e-16 +0.00000e+00
 1.00000e-05 6.96828e+03 2.99604e-16 +0.00000e+00
 1.24520e-05 6.97086e+03 3.74393e-16 +0.00000e+00
 1.55052e-05 6.97538e+03 4.67704e-16 +0.00000e+00
 1.93070e-05 6.98201e+03 5.84079e-16 +0.00000e+00
 2.40410e-05 6.99097e+03 7.29151e-16 +0.00000e+00
 2.99358e-05 7.00256e+03 9.09902e-16 +0.00000e+00
 3.72759e-05 7.01715e+03 1.13497e-15 +0.00000e+00
 4.64159e-05 7.03517e+03 1.41500e-15 +0.00000e+00
 5.77969e-05 7.05712e+03 1.76313e-15 +0.00000e+00
 7.19686e-05 7.08351e+03 2.19555e-15 +0.00000e+00
 8.96151e-05 7.11479e+03 2.73215e-15 +0.00000e+00
 1.11588e-04 7.15122e+03 3.39749e-15 +0.00000e+00
 1.38950e-04 7.19290e+03 4.22182e-15 +0.00000e+00
 1.73020e-04 7.23969e+03 5.24257e-15 +0.00000e+00
 2.15443e-04 7.29130e+03 6.50597e-15 +0.00000e+00
 2.68270e-04 7.34731e+03 8.06925e-15 +0.00000e+00
 3.34048e-04 7.40721e+03 1.00032e-14 +0.00000e+00
 4.15956e-04 7.47045e+03 1.23954e-14 +0.00000e+00
 5.17947e-04 7.53648e+03 1.53541e-14 +0.00000e+00
 6.44947e-04 7.60470e+03 1.90133e-14 +0.00000e+00
 8.03086e-04 7.67456e+03 2.35382e-14 +0.00000e+00
 1.00000e-03 7.74550e+03 2.91332e-14 +0.00000e+00
 1.24520e-03 7.81699e+03 3.60504e-14 -2.54671e-07
 1.55052e-03 7.88848e+03 4.46013e-14 -3.17116e-07
 1.93070e-03 7.95951e+03 5.51704e-14 -3.94871e-07
 2.40410e-03 8.02968e+03 6.82314e-14 -4.91694e-07
 2.99358e-03 8.09884e+03 8.43656e-14 -6.12256e-07
 3.72759e-03 8.16705e+03 1.04284e-13 -7.62378e-07
 4.64159e-03 8.23463e+03 1.28851e-13 -9.49311e-07
 5.77969e-03 8.30214e+03 1.59118e-13 -1.18208e-06
 7.19686e-03 8.37023e+03 1.96358e-13 -1.47192e-06
 8.96151e-03 8.43955e+03 2.42112e-13 -1.83284e-06
 1.11588e-02 8.51070e+03 2.98238e-13 -2.28224e-06
 1.38950e-02 8.58424e+03 3.66968e-13 -2.84184e-06
 1.73020e-02 8.66080e+03 4.50953e-13 -3.53864e-06
 2.15443e-02 8.74116e+03 5.53325e-13 -4.40631e-06
 2.68270e-02 8.82629e+03 6.77752e-13 -5.48672e-06
 3.34048e-02 8.91741e+03 8.28491e-13 -6.83206e-06
 4.15956e-02 9.01596e+03 1.01046e-12 -8.50726e-06
 5.17947e-02 9.12352e+03 1.22930e-12 -1.05932e-05
 6.44947e-02 9.24181e+03 1.49144e-12 -1.31907e-05
 8.03086e-02 9.37260e+03 1.80424e-12 -1.64249e-05
 1.00000e-01 9.51766e+03 2.17611e-12 -2.04523e-05
 1.24520e-01 9.67869e+03 2.61664e-12 -2.54671e-05
 1.55052e-01 9.85733e+03 3.13688e-12 -3.17116e-05
 1.93070e-01 1.00551e+04 3.74945e-12 -3.94871e-05
 2.40410e-01 1.02736e+04 4.46890e-12 -4.91694e-05
 2.99358e-01 1.05142e+04 5.31180e-12 -6.12256e-05
 3.72759e-01 1.07784e+04 6.29698e-12 -7.62378e-05
 4.64159e-01 1.10676e+04 7.44555e-12 -9.49311e-05
 5.77969e-01 1.13829e+04 8.78060e-12 -1.18208e-04
 7.19686e-01 1.17255e+04 1.03261e-11 -1.47192e-04
 8.96151e-01 1.20968e+04 1.21050e-11 -1.83284e-04
 1.11588e+00 1.24984e+04 1.41370e-11 -2.28224e-04
 1.38950e+00 1.29323e+04 1.64409e-11 -2.84249e-04
 1.73020e+00 1.34009e+04 1.90464e-11 -3.53864e-04
 2.15443e+00 1.39062e+04 2.20111e-11 -4.40601e-04
 2.68270e+00 1.44502e+04 2.54221e-11 -5.48672e-04
 3.34048e+00 1.50345e+04 2.93792e-11 -6.13569e-04
 4.15956e+00 1.56599e+04 3.39838e-11 -6.13569e-04
 5.17947e+00 1.63338e+04 3.93269e-11 -6.13569e-04
 6.44947e+00 1.70434e+04 4.55536e-11 -6.13569e-04
 8.03086e+00 1.78068e+04 5.27521e-11 -6.13569e-04
 1.00000e+01 1.86091e+04 6.11147e-11 -6.13569e-04
 1.24520e+01 1.94701e+04 7.07601e-11 -6.13569e-04
 1.55052e+01 2.03394e+04 8.20469e-11 -6.13569e-04
 1.93070e+01 2.13274e+04 9.48206e-11 -6.13569e-04
 2.40410e+01 2.22108e+04 1.10211e-10 -6.13569e-04
 2.99358e+01 2.33608e+04 1.26903e-10 -6.13569e-04
 3.72759e+01 2.42784e+04 1.47649e-10 -6.13569e-04
 4.64159e+01 2.55321e+04 1.69734e-10 -6.13569e-04
 5.77969e+01 2.66799e+04 1.96305e-10 -6.13569e-04
 7.19686e+01 2.79020e+04 2.26530e-10 -6.13569e-04
 8.96151e+01 2.93937e+04 2.59505e-10 -6.13569e-04
 1.11588e+02 3.07370e+04 2.98961e-10 -6.13569e-04
 1.38950e+02 3.24132e+04 3.40482e-10 -6.13569e-04
 1.73020e+02 3.40799e+04 3.87898e-10 -6.13569e-04
 2.15443e+02 3.59297e+04 4.40021e-10 -6.13569e-04
 2.68270e+02 3.78824e+04 5.00171e-10 -6.13569e-04
 3.34048e+02 3.98860e+04 5.70922e-10 -6.13569e-04
 4.15956e+02 4.21871e+04 6.50986e-10 -6.13569e-04
 5.17947e+02 4.37602e+04 7.55533e-10 -6.13569e-04
 6.44947e+02 4.72195e+04 8.49259e-10 -6.13569e-04
 8.03086e+02 4.79694e+04 1.00625e-09 -6.13569e-04
 1.00000e+03 5.16077e+04 1.12058e-09 -6.13569e-04
