#n1=128 n2=4 Teff=11600 R=5.1821e+13 L=3.4605e+40 logg=+0.00
#   tau          T          rho         Fconv
 0.00000e+00 6.74124e+03 1.12325e-21 +0.00000e+00
 1.00000e-09 6.74124e+03 2.29211e-21 +0.00000e+00
 1.24520e-09 6.73759e+03 2.58820e-21 +0.00000e+00
 1.55052e-09 6.73377e+03 2.96012e-21 +0.00000e+00
 1.93070e-09 6.73002e+03 3.42761e-21 +0.00000e+00
 2.40410e-09 6.72655e+03 4.01569e-21 +0.00000e+00
 2.99358e-09 6.72359e+03 4.75597e-21 +0.00000e+00
 3.72759e-09 6.72131e+03 5.68852e-21 +0.00000e+00
 4.64159e-09 6.71984e+03 6.86408e-21 +0.00000e+00
 5.77969e-09 6.71926e+03 8.34697e-21 +0.00000e+00
 7.19686e-09 6.71960e+03 1.02188e-20 +0.00000e+00
 8.96151e-09 6.72088e+03 1.25829e-20 +0.00000e+00
 1.11588e-08 6.72309e+03 1.55703e-20 +0.00000e+00
 1.38950e-08 6.72626e+03 1.93473e-20 +0.00000e+00
 1.73020e-08 6.73039e+03 2.41238e-20 +0.00000e+00
 2.15443e-08 6.73554e+03 3.01657e-20 +0.00000e+00
 2.68270e-08 6.74175e+03 3.78083e-20 +0.00000e+00
 3.34048e-08 6.74908e+03 4.74748e-20 +0.00000e+00
 4.15956e-08 6.75760e+03 5.96982e-20 +0.00000e+00
 5.17947e-08 6.76737e+03 7.51496e-20 +0.00000e+00
 6.44947e-08 6.77845e+03 9.46733e-20 +0.00000e+00
 8.03086e-08 6.79087e+03 1.19333e-19 +0.00000e+00
 1.00000e-07 6.80466e+03 1.50464e-19 +0.00000e+00
 1.24520e-07 6.81982e+03 1.89745e-19 +0.00000e+00
 1.55052e-07 6.83631e+03 2.39281e-19 +0.00000e+00
 1.93070e-07 6.85404e+03 3.01717e-19 +0.00000e+00
 2.40410e-07 6.87290e+03 3.80371e-19 +0.00000e+00
 2.99358e-07 6.89270e+03 4.79414e-19 +0.00000e+00
 3.72759e-07 6.91321e+03 6.04080e-19 +0.00000e+00
 4.64159e-07 6.93418e+03 7.60954e-19 +0.00000e+00
 5.77969e-07 6.95530e+03 9.58318e-19 +0.00000e+00
 7.19686e-07 6.97629e+03 1.20660e-18 +0.00000e+00
 8.96151e-07 6.99691e+03 1.51892e-18 +0.00000e+00
 1.11588e-06 7.01702e+03 1.91177e-18 +0.00000e+00
 1.38950e-06 7.03665e+03 2.40587e-18 +0.00000e+00
 1.73020e-06 7.05583e+03 3.02726e-18 +0.00000e+00
 2.15443e-06 7.07487e+03 3.80851e-18 +0.00000e+00
 2.68270e-06 7.09412e+03 4.79052e-18 +0.00000e+00
 3.34048e-06 7.11375e+03 6.02460e-18 +0.00000e+00
 4.15956e-06 7.13396e+03 7.57516e-18 +0.00000e+00
 5.17947e-06 7.15477e+03 9.52314e-18 +0.00000e+00
 6.44947e-06 7.17616e+03 1.19702e-17 +0.00000e+00
 8.03086e-06 7.19809e+03 1.50440e-17 +0.00000e+00
 1.00000e-05 7.22050e+03 1.89047e-17 +0.00000e+00
 1.24520e-05 7.24335e+03 2.37535e-17 +0.00000e+00
 1.55052e-05 7.26664e+03 2.98422e-17 +0.00000e+00
 1.93070e-05 7.29034e+03 3.74870e-17 +0.00000e+00
 2.40410e-05 7.31454e+03 4.70837e-17 +0.00000e+00
 2.99358e-05 7.33933e+03 5.91276e-17 +0.00000e+00
 3.72759e-05 7.36486e+03 7.42385e-17 +0.00000e+00
 4.64159e-05 7.39135e+03 9.31916e-17 +0.00000e+00
 5.77969e-05 7.41904e+03 1.16955e-16 +0.00000e+00
 7.19686e-05 7.44823e+03 1.46737e-16 +0.00000e+00
 8.96151e-05 7.47929e+03 1.84045e-16 +0.00000e+00
 1.11588e-04 7.51264e+03 2.30754e-16 +0.00000e+00
 1.38950e-04 7.54874e+03 2.89198e-16 +0.00000e+00
 1.73020e-04 7.58808e+03 3.62275e-16 +0.00000e+00
 2.15443e-04 7.63114e+03 4.53582e-16 +0.00000e+00
 2.68270e-04 7.67838e+03 5.67583e-16 +0.00000e+00
 3.34048e-04 7.73018e+03 7.09814e-16 +0.00000e+00
 4.15956e-04 7.78679e+03 8.87146e-16 +0.00000e+00
 5.17947e-04 7.84828e+03 1.10812e-15 +0.00000e+00
 6.44947e-04 7.91460e+03 1.38333e-15 +0.00000e+00
 8.03086e-04 7.98551e+03 1.72601e-15 +0.00000e+00
 1.00000e-03 8.06067e+03 2.15257e-15 +0.00000e+00
 1.24520e-03 8.13969e+03 2.68348e-15 -2.54859e-07
 1.55052e-03 8.22202e+03 3.34428e-15 -3.17349e-07
 1.93070e-03 8.30729e+03 4.16671e-15 -3.95162e-07
 2.40410e-03 8.39512e+03 5.19029e-15 -4.92055e-07
 2.99358e-03 8.48502e+03 6.46435e-15 -6.12706e-07
 3.72759e-03 8.57654e+03 8.05033e-15 -7.62940e-07
 4.64159e-03 8.66918e+03 1.00249e-14 -9.50010e-07
 5.77969e-03 8.76245e+03 1.24836e-14 -1.18295e-06
 7.19686e-03 8.85597e+03 1.55455e-14 -1.47301e-06
 8.96151e-03 8.94944e+03 1.93591e-14 -1.83418e-06
 1.11588e-02 9.04276e+03 2.41087e-14 -2.28392e-06
 1.38950e-02 9.13607e+03 3.00229e-14 -2.84392e-06
 1.73020e-02 9.22987e+03 3.73843e-14 -3.54125e-06
 2.15443e-02 9.32494e+03 4.65411e-14 -4.40955e-06
 2.68270e-02 9.42230e+03 5.79214e-14 -5.49077e-06
 3.34048e-02 9.52316e+03 7.20495e-14 -6.83709e-06
 4.15956e-02 9.62898e+03 8.95653e-14 -8.51352e-06
 5.17947e-02 9.74140e+03 1.11247e-13 -1.06010e-05
 6.44947e-02 9.86219e+03 1.38035e-13 -1.32003e-05
 8.03086e-02 9.99329e+03 1.71063e-13 -1.64370e-05
 1.00000e-01 1.01367e+04 2.11683e-13 -2.04673e-05
 1.24520e-01 1.02946e+04 2.61502e-13 -2.54859e-05
 1.55052e-01 1.04692e+04 3.22403e-13 -3.17349e-05
 1.93070e-01 1.06628e+04 3.96566e-13 -3.95162e-05
 2.40410e-01 1.08776e+04 4.86453e-13 -4.92055e-05
 2.99358e-01 1.11160e+04 5.94755e-13 -6.12706e-05
 3.72759e-01 1.13809e+04 7.24310e-13 -7.62940e-05
 4.64159e-01 1.16752e+04 8.78176e-13 -9.50010e-05
 5.77969e-01 1.20029e+04 1.06000e-12 -1.18295e-04
 7.19686e-01 1.23686e+04 1.27477e-12 -1.47301e-04
 8.96151e-01 1.27784e+04 1.52924e-12 -1.83418e-04
 1.11588e+00 1.32397e+04 1.83158e-12 -2.28392e-04
 1.38950e+00 1.37618e+04 2.19082e-12 -2.84392e-04
 1.73020e+00 1.43556e+04 2.61648e-12 -3.54125e-04
 2.15443e+00 1.50337e+04 3.11859e-12 -4.40955e-04
 2.68270e+00 1.58077e+04 3.70859e-12 -5.49077e-04
 3.34048e+00 1.66747e+04 4.40316e-12 -6.14020e-04
 4.15956e+00 1.76147e+04 5.22750e-12 -6.14020e-04
 5.17947e+00 1.86182e+04 6.20996e-12 -6.14020e-04
 6.44947e+00 1.96480e+04 7.39530e-12 -6.14020e-04
 8.03086e+00 2.07360e+04 8.81220e-12 -6.14020e-04
 1.00000e+01 2.18745e+04 1.05100e-11 -6.14020e-04
 1.24520e+01 2.31283e+04 1.25112e-11 -6.14020e-04
 1.55052e+01 2.44622e+04 1.48915e-11 -6.14020e-04
 1.93070e+01 2.60141e+04 1.76241e-11 -6.14020e-04
 2.40410e+01 2.75990e+04 2.08629e-11 -6.14020e-04
 2.99358e+01 2.94786e+04 2.43702e-11 -6.14020e-04
 3.72759e+01 3.13084e+04 2.85034e-11 -6.14020e-04
 4.64159e+01 3.33234e+04 3.33061e-11 -6.14020e-04
 5.77969e+01 3.53486e+04 3.92438e-11 -6.14020e-04
 7.19686e+01 3.74218e+04 4.64897e-11 -6.14020e-04
 8.96151e+01 3.96951e+04 5.50969e-11 -6.14020e-04
 1.11588e+02 4.19365e+04 6.56600e-11 -6.14020e-04
 1.38950e+02 4.44296e+04 7.81156e-11 -6.14020e-04
 1.73020e+02 4.68382e+04 9.34323e-11 -6.14020e-04
 2.15443e+02 4.94622e+04 1.11574e-10 -6.14020e-04
 2.68270e+02 5.19604e+04 1.33851e-10 -6.14020e-04
 3.34048e+02 5.47205e+04 1.60059e-10 -6.14020e-04
 4.15956e+02 5.73346e+04 1.92104e-10 -6.14020e-04
 5.17947e+02 6.02393e+04 2.29609e-10 -6.14020e-04
 6.44947e+02 6.31004e+04 2.74804e-10 -6.14020e-04
 8.03086e+02 6.61005e+04 3.28219e-10 -6.14020e-04
 1.00000e+03 6.96074e+04 3.89508e-10 -6.14020e-04
