#n1=128 n2=4 Teff=11400 R=4.4315e+11 L=2.3638e+36 logg=+3.50
#   tau          T          rho         Fconv
 0.00000e+00 8.82119e+03 8.46991e-22 +0.00000e+00
 1.00000e-09 8.82119e+03 8.10751e-18 +0.00000e+00
 1.24520e-09 8.82671e+03 1.01022e-17 +0.00000e+00
 1.55052e-09 8.83260e+03 1.25890e-17 +0.00000e+00
 1.93070e-09 8.83876e+03 1.56896e-17 +0.00000e+00
 2.40410e-09 8.84513e+03 1.95559e-17 +0.00000e+00
 2.99358e-09 8.85162e+03 2.43774e-17 +0.00000e+00
 3.72759e-09 8.85814e+03 3.03902e-17 +0.00000e+00
 4.64159e-09 8.86455e+03 3.78892e-17 +0.00000e+00
 5.77969e-09 8.87076e+03 4.72433e-17 +0.00000e+00
 7.19686e-09 8.87664e+03 5.89142e-17 +0.00000e+00
 8.96151e-09 8.88207e+03 7.34823e-17 +0.00000e+00
 1.11588e-08 8.88695e+03 9.16798e-17 +0.00000e+00
 1.38950e-08 8.89119e+03 1.14436e-16 +0.00000e+00
 1.73020e-08 8.89471e+03 1.42944e-16 +0.00000e+00
 2.15443e-08 8.89744e+03 1.78746e-16 +0.00000e+00
 2.68270e-08 8.89932e+03 2.23868e-16 +0.00000e+00
 3.34048e-08 8.90031e+03 2.80890e-16 +0.00000e+00
 4.15956e-08 8.90037e+03 3.52953e-16 +0.00000e+00
 5.17947e-08 8.89943e+03 4.43633e-16 +0.00000e+00
 6.44947e-08 8.89743e+03 5.57320e-16 +0.00000e+00
 8.03086e-08 8.89426e+03 6.99697e-16 +0.00000e+00
 1.00000e-07 8.88981e+03 8.77848e-16 +0.00000e+00
 1.24520e-07 8.88390e+03 1.10062e-15 +0.00000e+00
 1.55052e-07 8.87627e+03 1.37908e-15 +0.00000e+00
 1.93070e-07 8.86655e+03 1.72712e-15 +0.00000e+00
 2.40410e-07 8.85424e+03 2.16224e-15 +0.00000e+00
 2.99358e-07 8.83862e+03 2.70650e-15 +0.00000e+00
 3.72759e-07 8.81870e+03 3.38789e-15 +0.00000e+00
 4.64159e-07 8.79303e+03 4.24206e-15 +0.00000e+00
 5.77969e-07 8.75945e+03 5.31496e-15 +0.00000e+00
 7.19686e-07 8.71391e+03 6.66717e-15 +0.00000e+00
 8.96151e-07 8.64811e+03 8.38212e-15 +0.00000e+00
 1.11588e-06 8.55251e+03 1.05743e-14 +0.00000e+00
 1.38950e-06 8.43086e+03 1.33813e-14 +0.00000e+00
 1.73020e-06 8.30726e+03 1.69404e-14 +0.00000e+00
 2.15443e-06 8.20605e+03 2.13912e-14 +0.00000e+00
 2.68270e-06 8.13166e+03 2.69252e-14 +0.00000e+00
 3.34048e-06 8.07746e+03 3.38077e-14 +0.00000e+00
 4.15956e-06 8.03687e+03 4.23773e-14 +0.00000e+00
 5.17947e-06 8.00529e+03 5.30550e-14 +0.00000e+00
 6.44947e-06 7.97964e+03 6.63628e-14 +0.00000e+00
 8.03086e-06 7.95777e+03 8.29470e-14 +0.00000e+00
 1.00000e-05 7.93811e+03 1.03609e-13 +0.00000e+00
 1.24520e-05 7.91936e+03 1.29340e-13 +0.00000e+00
 1.55052e-05 7.90042e+03 1.61361e-13 +0.00000e+00
 1.93070e-05 7.88022e+03 2.01166e-13 +0.00000e+00
 2.40410e-05 7.85774e+03 2.50568e-13 +0.00000e+00
 2.99358e-05 7.83197e+03 3.11753e-13 +0.00000e+00
 3.72759e-05 7.80192e+03 3.87325e-13 +0.00000e+00
 4.64159e-05 7.76683e+03 4.80358e-13 +0.00000e+00
 5.77969e-05 7.72637e+03 5.94459e-13 +0.00000e+00
 7.19686e-05 7.68101e+03 7.33820e-13 +0.00000e+00
 8.96151e-05 7.63222e+03 9.03301e-13 +0.00000e+00
 1.11588e-04 7.58234e+03 1.10856e-12 +0.00000e+00
 1.38950e-04 7.53414e+03 1.35627e-12 +0.00000e+00
 1.73020e-04 7.49035e+03 1.65458e-12 +0.00000e+00
 2.15443e-04 7.45331e+03 2.01360e-12 +0.00000e+00
 2.68270e-04 7.42465e+03 2.44602e-12 +0.00000e+00
 3.34048e-04 7.40544e+03 2.96780e-12 +0.00000e+00
 4.15956e-04 7.39618e+03 3.59907e-12 +0.00000e+00
 5.17947e-04 7.39685e+03 4.36597e-12 +0.00000e+00
 6.44947e-04 7.40729e+03 5.30184e-12 +0.00000e+00
 8.03086e-04 7.42694e+03 6.44881e-12 +0.00000e+00
 1.00000e-03 7.45494e+03 7.86071e-12 +0.00000e+00
 1.24520e-03 7.49057e+03 9.60200e-12 -2.54511e-07
 1.55052e-03 7.53301e+03 1.17518e-11 -3.16917e-07
 1.93070e-03 7.58119e+03 1.44031e-11 -3.94623e-07
 2.40410e-03 7.63433e+03 1.76616e-11 -4.91384e-07
 2.99358e-03 7.69159e+03 2.16425e-11 -6.11870e-07
 3.72759e-03 7.75226e+03 2.64591e-11 -7.61898e-07
 4.64159e-03 7.81605e+03 3.22218e-11 -9.48713e-07
 5.77969e-03 7.88257e+03 3.90235e-11 -1.18134e-06
 7.19686e-03 7.95195e+03 4.69352e-11 -1.47100e-06
 8.96151e-03 8.02443e+03 5.59937e-11 -1.83168e-06
 1.11588e-02 8.10053e+03 6.61850e-11 -2.28080e-06
 1.38950e-02 8.18108e+03 7.74494e-11 -2.84005e-06
 1.73020e-02 8.26702e+03 8.96630e-11 -3.53636e-06
 2.15443e-02 8.35963e+03 1.02631e-10 -4.40334e-06
 2.68270e-02 8.46043e+03 1.16080e-10 -5.48295e-06
 3.34048e-02 8.57126e+03 1.29675e-10 -6.82738e-06
 4.15956e-02 8.69416e+03 1.43025e-10 -8.50154e-06
 5.17947e-02 8.83142e+03 1.55729e-10 -1.05863e-05
 6.44947e-02 8.98540e+03 1.67443e-10 -1.31822e-05
 8.03086e-02 9.15843e+03 1.77996e-10 -1.64145e-05
 1.00000e-01 9.35242e+03 1.87485e-10 -2.04393e-05
 1.24520e-01 9.56854e+03 1.96355e-10 -2.54511e-05
 1.55052e-01 9.80700e+03 2.05370e-10 -3.16917e-05
 1.93070e-01 1.00670e+04 2.15477e-10 -3.94623e-05
 2.40410e-01 1.03471e+04 2.27622e-10 -4.91384e-05
 2.99358e-01 1.06453e+04 2.42646e-10 -6.11872e-05
 3.72759e-01 1.09597e+04 2.61264e-10 -7.61898e-05
 4.64159e-01 1.12887e+04 2.84109e-10 -9.48719e-05
 5.77969e-01 1.16310e+04 3.11786e-10 -1.18134e-04
 7.19686e-01 1.19859e+04 3.44908e-10 -1.47100e-04
 8.96151e-01 1.23530e+04 3.84117e-10 -1.83168e-04
 1.11588e+00 1.27321e+04 4.30099e-10 -2.28080e-04
 1.38950e+00 1.31235e+04 4.83582e-10 -2.84005e-04
 1.73020e+00 1.35278e+04 5.45330e-10 -3.53642e-04
 2.15443e+00 1.39462e+04 6.16121e-10 -4.40354e-04
 2.68270e+00 1.43804e+04 6.96747e-10 -5.48327e-04
 3.34048e+00 1.48300e+04 7.88119e-10 -6.13182e-04
 4.15956e+00 1.52947e+04 8.91260e-10 -6.13182e-04
 5.17947e+00 1.57788e+04 1.00718e-09 -6.13182e-04
 6.44947e+00 1.62782e+04 1.13790e-09 -6.13182e-04
 8.03086e+00 1.68082e+04 1.28460e-09 -6.13182e-04
 1.00000e+01 1.73584e+04 1.45108e-09 -6.13182e-04
 1.24520e+01 1.79413e+04 1.63958e-09 -6.13182e-04
 1.55052e+01 1.85390e+04 1.85516e-09 -6.13182e-04
 1.93070e+01 1.92143e+04 2.09619e-09 -6.13182e-04
 2.40410e+01 1.98191e+04 2.38112e-09 -6.13182e-04
 2.99358e+01 2.06599e+04 2.68251e-09 -6.13182e-04
 3.72759e+01 2.12442e+04 3.06237e-09 -6.13182e-04
 4.64159e+01 2.22154e+04 3.44314e-09 -6.13182e-04
 5.77969e+01 2.30178e+04 3.91387e-09 -6.13181e-04
 7.19686e+01 2.37680e+04 4.45620e-09 -6.13176e-04
 8.96151e+01 2.50812e+04 4.98838e-09 -6.13172e-04
 1.11588e+02 2.57644e+04 5.72651e-09 -6.13118e-04
 1.38950e+02 2.71378e+04 6.42112e-09 -6.13067e-04
 1.73020e+02 2.81382e+04 7.31523e-09 -6.12714e-04
 2.15443e+02 2.97315e+04 8.20606e-09 -6.12335e-04
 2.68270e+02 3.07309e+04 9.39642e-09 -6.08833e-04
 3.34048e+02 3.27401e+04 1.04722e-08 -6.05890e-04
 4.15956e+02 3.42285e+04 1.19260e-08 -5.79145e-04
 5.17947e+02 3.51963e+04 1.37182e-08 -3.64493e-04
 6.44947e+02 3.99785e+04 1.44106e-08 -2.70119e-04
 8.03086e+02 3.84831e+04 1.78705e-08 +5.18745e-03
 1.00000e+03 4.54640e+04 1.76097e-08 -2.31914e-04
