#n1=128 n2=4 Teff=11000 R=2.4696e+13 L=6.3660e+39 logg=+0.50
#   tau          T          rho         Fconv
 0.00000e+00 7.82230e+03 9.55916e-22 +0.00000e+00
 1.00000e-09 7.82230e+03 5.64458e-21 +0.00000e+00
 1.24520e-09 7.82660e+03 6.82960e-21 +0.00000e+00
 1.55052e-09 7.83027e+03 8.31601e-21 +0.00000e+00
 1.93070e-09 7.83398e+03 1.01801e-20 +0.00000e+00
 2.40410e-09 7.83769e+03 1.25181e-20 +0.00000e+00
 2.99358e-09 7.84136e+03 1.54513e-20 +0.00000e+00
 3.72759e-09 7.84491e+03 1.91318e-20 +0.00000e+00
 4.64159e-09 7.84828e+03 2.37506e-20 +0.00000e+00
 5.77969e-09 7.85138e+03 2.95482e-20 +0.00000e+00
 7.19686e-09 7.85411e+03 3.68266e-20 +0.00000e+00
 8.96151e-09 7.85633e+03 4.59660e-20 +0.00000e+00
 1.11588e-08 7.85787e+03 5.74450e-20 +0.00000e+00
 1.38950e-08 7.85850e+03 7.18665e-20 +0.00000e+00
 1.73020e-08 7.85791e+03 8.99907e-20 +0.00000e+00
 2.15443e-08 7.85568e+03 1.12778e-19 +0.00000e+00
 2.68270e-08 7.85127e+03 1.41443e-19 +0.00000e+00
 3.34048e-08 7.84388e+03 1.77529e-19 +0.00000e+00
 4.15956e-08 7.83246e+03 2.23005e-19 +0.00000e+00
 5.17947e-08 7.81636e+03 2.80361e-19 +0.00000e+00
 6.44947e-08 7.79225e+03 3.52881e-19 +0.00000e+00
 8.03086e-08 7.75482e+03 4.44955e-19 +0.00000e+00
 1.00000e-07 7.65784e+03 5.65374e-19 +0.00000e+00
 1.24520e-07 7.53359e+03 7.21208e-19 +0.00000e+00
 1.55052e-07 7.45715e+03 9.14564e-19 +0.00000e+00
 1.93070e-07 7.40491e+03 1.15666e-18 +0.00000e+00
 2.40410e-07 7.36601e+03 1.46169e-18 +0.00000e+00
 2.99358e-07 7.33721e+03 1.84893e-18 +0.00000e+00
 3.72759e-07 7.31664e+03 2.34565e-18 +0.00000e+00
 4.64159e-07 7.30220e+03 2.97660e-18 +0.00000e+00
 5.77969e-07 7.29280e+03 3.76921e-18 +0.00000e+00
 7.19686e-07 7.28758e+03 4.76759e-18 +0.00000e+00
 8.96151e-07 7.28571e+03 6.02508e-18 +0.00000e+00
 1.11588e-06 7.28653e+03 7.60840e-18 +0.00000e+00
 1.38950e-06 7.28957e+03 9.60107e-18 +0.00000e+00
 1.73020e-06 7.29443e+03 1.21076e-17 +0.00000e+00
 2.15443e-06 7.30080e+03 1.52585e-17 +0.00000e+00
 2.68270e-06 7.30840e+03 1.92169e-17 +0.00000e+00
 3.34048e-06 7.31695e+03 2.41863e-17 +0.00000e+00
 4.15956e-06 7.32616e+03 3.04213e-17 +0.00000e+00
 5.17947e-06 7.33569e+03 3.82406e-17 +0.00000e+00
 6.44947e-06 7.34516e+03 4.80433e-17 +0.00000e+00
 8.03086e-06 7.35414e+03 6.03321e-17 +0.00000e+00
 1.00000e-05 7.36218e+03 7.57361e-17 +0.00000e+00
 1.24520e-05 7.36873e+03 9.50540e-17 +0.00000e+00
 1.55052e-05 7.37384e+03 1.19275e-16 +0.00000e+00
 1.93070e-05 7.37740e+03 1.49653e-16 +0.00000e+00
 2.40410e-05 7.37884e+03 1.87766e-16 +0.00000e+00
 2.99358e-05 7.38071e+03 2.35515e-16 +0.00000e+00
 3.72759e-05 7.38304e+03 2.95329e-16 +0.00000e+00
 4.64159e-05 7.38632e+03 3.70222e-16 +0.00000e+00
 5.77969e-05 7.39109e+03 4.63949e-16 +0.00000e+00
 7.19686e-05 7.39924e+03 5.81069e-16 +0.00000e+00
 8.96151e-05 7.40733e+03 7.27687e-16 +0.00000e+00
 1.11588e-04 7.41723e+03 9.11005e-16 +0.00000e+00
 1.38950e-04 7.42930e+03 1.14009e-15 +0.00000e+00
 1.73020e-04 7.44383e+03 1.42623e-15 +0.00000e+00
 2.15443e-04 7.46112e+03 1.78343e-15 +0.00000e+00
 2.68270e-04 7.48273e+03 2.22871e-15 +0.00000e+00
 3.34048e-04 7.50630e+03 2.78434e-15 +0.00000e+00
 4.15956e-04 7.53368e+03 3.47662e-15 +0.00000e+00
 5.17947e-04 7.56534e+03 4.33845e-15 +0.00000e+00
 6.44947e-04 7.60172e+03 5.41041e-15 +0.00000e+00
 8.03086e-04 7.64315e+03 6.74262e-15 +0.00000e+00
 1.00000e-03 7.68975e+03 8.39698e-15 +0.00000e+00
 1.24520e-03 7.74147e+03 1.04500e-14 -2.54421e-07
 1.55052e-03 7.79805e+03 1.29962e-14 -3.16805e-07
 1.93070e-03 7.85907e+03 1.61526e-14 -3.94484e-07
 2.40410e-03 7.92399e+03 2.00639e-14 -4.91211e-07
 2.99358e-03 7.99222e+03 2.49092e-14 -6.11655e-07
 3.72759e-03 8.06313e+03 3.09101e-14 -7.61630e-07
 4.64159e-03 8.13607e+03 3.83407e-14 -9.48380e-07
 5.77969e-03 8.21049e+03 4.75394e-14 -1.18092e-06
 7.19686e-03 8.28588e+03 5.89245e-14 -1.47048e-06
 8.96151e-03 8.36186e+03 7.30110e-14 -1.83104e-06
 1.11588e-02 8.43835e+03 9.04317e-14 -2.28000e-06
 1.38950e-02 8.51549e+03 1.11963e-13 -2.83905e-06
 1.73020e-02 8.59379e+03 1.38549e-13 -3.53517e-06
 2.15443e-02 8.67406e+03 1.71338e-13 -4.40199e-06
 2.68270e-02 8.75743e+03 2.11713e-13 -5.48134e-06
 3.34048e-02 8.84512e+03 2.61334e-13 -6.82535e-06
 4.15956e-02 8.93848e+03 3.22186e-13 -8.49891e-06
 5.17947e-02 9.03897e+03 3.96627e-13 -1.05828e-05
 6.44947e-02 9.14806e+03 4.87451e-13 -1.31777e-05
 8.03086e-02 9.26735e+03 5.97946e-13 -1.64088e-05
 1.00000e-01 9.39853e+03 7.31974e-13 -2.04323e-05
 1.24520e-01 9.54340e+03 8.94051e-13 -2.54421e-05
 1.55052e-01 9.70393e+03 1.08944e-12 -3.16805e-05
 1.93070e-01 9.88236e+03 1.32422e-12 -3.94484e-05
 2.40410e-01 1.00813e+04 1.60537e-12 -4.91211e-05
 2.99358e-01 1.03038e+04 1.94086e-12 -6.11655e-05
 3.72759e-01 1.05527e+04 2.33967e-12 -7.61630e-05
 4.64159e-01 1.08308e+04 2.81193e-12 -9.48380e-05
 5.77969e-01 1.11399e+04 3.36875e-12 -1.18092e-04
 7.19686e-01 1.14811e+04 4.02165e-12 -1.47048e-04
 8.96151e-01 1.18553e+04 4.78131e-12 -1.83104e-04
 1.11588e+00 1.22638e+04 5.65683e-12 -2.27835e-04
 1.38950e+00 1.27088e+04 6.65869e-12 -2.83606e-04
 1.73020e+00 1.31929e+04 7.80705e-12 -3.53840e-04
 2.15443e+00 1.37193e+04 9.13683e-12 -4.40443e-04
 2.68270e+00 1.42906e+04 1.06921e-11 -5.48134e-04
 3.34048e+00 1.49091e+04 1.25188e-11 -6.12967e-04
 4.15956e+00 1.55760e+04 1.46648e-11 -6.12967e-04
 5.17947e+00 1.62985e+04 1.71782e-11 -6.12967e-04
 6.44947e+00 1.70638e+04 2.01339e-11 -6.12967e-04
 8.03086e+00 1.78878e+04 2.35878e-11 -6.12967e-04
 1.00000e+01 1.87550e+04 2.76440e-11 -6.12967e-04
 1.24520e+01 1.96855e+04 3.23751e-11 -6.12967e-04
 1.55052e+01 2.06290e+04 3.79719e-11 -6.12967e-04
 1.93070e+01 2.17043e+04 4.43706e-11 -6.12967e-04
 2.40410e+01 2.26856e+04 5.21454e-11 -6.12967e-04
 2.99358e+01 2.39534e+04 6.06827e-11 -6.12967e-04
 3.72759e+01 2.50138e+04 7.13252e-11 -6.12967e-04
 4.64159e+01 2.64152e+04 8.28715e-11 -6.12967e-04
 5.77969e+01 2.77493e+04 9.67295e-11 -6.12967e-04
 7.19686e+01 2.91706e+04 1.12577e-10 -6.12967e-04
 8.96151e+01 3.08476e+04 1.29811e-10 -6.12967e-04
 1.11588e+02 3.24303e+04 1.49989e-10 -6.12967e-04
 1.38950e+02 3.43010e+04 1.71698e-10 -6.12967e-04
 1.73020e+02 3.61628e+04 1.97606e-10 -6.12967e-04
 2.15443e+02 3.81720e+04 2.27763e-10 -6.12967e-04
 2.68270e+02 4.02575e+04 2.63389e-10 -6.12967e-04
 3.34048e+02 4.23635e+04 3.05545e-10 -6.12967e-04
 4.15956e+02 4.47723e+04 3.53448e-10 -6.12967e-04
 5.17947e+02 4.65318e+04 4.14732e-10 -6.12967e-04
 6.44947e+02 4.98575e+04 4.73834e-10 -6.12967e-04
 8.03086e+02 5.10805e+04 5.63231e-10 -6.12967e-04
 1.00000e+03 5.45434e+04 6.40629e-10 -6.12967e-04
