#n1=128 n2=4 Teff=11000 R=1.1531e+11 L=1.3846e+35 logg=+4.00
#   tau          T          rho         Fconv
 0.00000e+00 6.01610e+03 1.26143e-21 +0.00000e+00
 1.00000e-09 6.01610e+03 4.33856e-17 +0.00000e+00
 1.24520e-09 6.01493e+03 5.40545e-17 +0.00000e+00
 1.55052e-09 6.01430e+03 6.73412e-17 +0.00000e+00
 1.93070e-09 6.01418e+03 8.38875e-17 +0.00000e+00
 2.40410e-09 6.01453e+03 1.04493e-16 +0.00000e+00
 2.99358e-09 6.01530e+03 1.30152e-16 +0.00000e+00
 3.72759e-09 6.01647e+03 1.62105e-16 +0.00000e+00
 4.64159e-09 6.01804e+03 2.01895e-16 +0.00000e+00
 5.77969e-09 6.01998e+03 2.51445e-16 +0.00000e+00
 7.19686e-09 6.02230e+03 3.13152e-16 +0.00000e+00
 8.96151e-09 6.02500e+03 3.89998e-16 +0.00000e+00
 1.11588e-08 6.02810e+03 4.85702e-16 +0.00000e+00
 1.38950e-08 6.03163e+03 6.04895e-16 +0.00000e+00
 1.73020e-08 6.03563e+03 7.53349e-16 +0.00000e+00
 2.15443e-08 6.04016e+03 9.38248e-16 +0.00000e+00
 2.68270e-08 6.04527e+03 1.16854e-15 +0.00000e+00
 3.34048e-08 6.05105e+03 1.45534e-15 +0.00000e+00
 4.15956e-08 6.05759e+03 1.81246e-15 +0.00000e+00
 5.17947e-08 6.06500e+03 2.25705e-15 +0.00000e+00
 6.44947e-08 6.07339e+03 2.81042e-15 +0.00000e+00
 8.03086e-08 6.08290e+03 3.49905e-15 +0.00000e+00
 1.00000e-07 6.09367e+03 4.35584e-15 +0.00000e+00
 1.24520e-07 6.10587e+03 5.42163e-15 +0.00000e+00
 1.55052e-07 6.11967e+03 6.74727e-15 +0.00000e+00
 1.93070e-07 6.13528e+03 8.39619e-15 +0.00000e+00
 2.40410e-07 6.15292e+03 1.04484e-14 +0.00000e+00
 2.99358e-07 6.17282e+03 1.30016e-14 +0.00000e+00
 3.72759e-07 6.19522e+03 1.61764e-14 +0.00000e+00
 4.64159e-07 6.22038e+03 2.01212e-14 +0.00000e+00
 5.77969e-07 6.24853e+03 2.50196e-14 +0.00000e+00
 7.19686e-07 6.27991e+03 3.10979e-14 +0.00000e+00
 8.96151e-07 6.31474e+03 3.86363e-14 +0.00000e+00
 1.11588e-06 6.35320e+03 4.79816e-14 +0.00000e+00
 1.38950e-06 6.39541e+03 5.95627e-14 +0.00000e+00
 1.73020e-06 6.44149e+03 7.39078e-14 +0.00000e+00
 2.15443e-06 6.49143e+03 9.16644e-14 +0.00000e+00
 2.68270e-06 6.54515e+03 1.13624e-13 +0.00000e+00
 3.34048e-06 6.60244e+03 1.40756e-13 +0.00000e+00
 4.15956e-06 6.66299e+03 1.74251e-13 +0.00000e+00
 5.17947e-06 6.72634e+03 2.15574e-13 +0.00000e+00
 6.44947e-06 6.79193e+03 2.66529e-13 +0.00000e+00
 8.03086e-06 6.85904e+03 3.29295e-13 +0.00000e+00
 1.00000e-05 6.92688e+03 4.06484e-13 +0.00000e+00
 1.24520e-05 6.99463e+03 5.01165e-13 +0.00000e+00
 1.55052e-05 7.06155e+03 6.16883e-13 +0.00000e+00
 1.93070e-05 7.12707e+03 7.57715e-13 +0.00000e+00
 2.40410e-05 7.19084e+03 9.28385e-13 +0.00000e+00
 2.99358e-05 7.25277e+03 1.13447e-12 +0.00000e+00
 3.72759e-05 7.31299e+03 1.38272e-12 +0.00000e+00
 4.64159e-05 7.37174e+03 1.68146e-12 +0.00000e+00
 5.77969e-05 7.42940e+03 2.04107e-12 +0.00000e+00
 7.19686e-05 7.48638e+03 2.47441e-12 +0.00000e+00
 8.96151e-05 7.54313e+03 2.99714e-12 +0.00000e+00
 1.11588e-04 7.60006e+03 3.62806e-12 +0.00000e+00
 1.38950e-04 7.65752e+03 4.38911e-12 +0.00000e+00
 1.73020e-04 7.71578e+03 5.30532e-12 +0.00000e+00
 2.15443e-04 7.77501e+03 6.40438e-12 +0.00000e+00
 2.68270e-04 7.83528e+03 7.71583e-12 +0.00000e+00
 3.34048e-04 7.89653e+03 9.27094e-12 +0.00000e+00
 4.15956e-04 7.95861e+03 1.11020e-11 +0.00000e+00
 5.17947e-04 8.02124e+03 1.32442e-11 +0.00000e+00
 6.44947e-04 8.08405e+03 1.57329e-11 +0.00000e+00
 8.03086e-04 8.14658e+03 1.86106e-11 +0.00000e+00
 1.00000e-03 8.20839e+03 2.19256e-11 +0.00000e+00
 1.24520e-03 8.26903e+03 2.57385e-11 -2.55021e-07
 1.55052e-03 8.32819e+03 3.01154e-11 -3.17552e-07
 1.93070e-03 8.38567e+03 3.51282e-11 -3.95414e-07
 2.40410e-03 8.44140e+03 4.08692e-11 -4.92370e-07
 2.99358e-03 8.49542e+03 4.74306e-11 -6.13097e-07
 3.72759e-03 8.54779e+03 5.49149e-11 -7.63426e-07
 4.64159e-03 8.59869e+03 6.34543e-11 -9.50616e-07
 5.77969e-03 8.64846e+03 7.31823e-11 -1.18370e-06
 7.19686e-03 8.69768e+03 8.42424e-11 -1.47394e-06
 8.96151e-03 8.74719e+03 9.67687e-11 -1.83536e-06
 1.11588e-02 8.79811e+03 1.10898e-10 -2.28538e-06
 1.38950e-02 8.85174e+03 1.26723e-10 -2.84575e-06
 1.73020e-02 8.90953e+03 1.44298e-10 -3.54351e-06
 2.15443e-02 8.97300e+03 1.63609e-10 -4.41237e-06
 2.68270e-02 9.04368e+03 1.84591e-10 -5.49426e-06
 3.34048e-02 9.12312e+03 2.07078e-10 -6.84145e-06
 4.15956e-02 9.21291e+03 2.30827e-10 -8.51892e-06
 5.17947e-02 9.31436e+03 2.55558e-10 -1.06077e-05
 6.44947e-02 9.42918e+03 2.80934e-10 -1.32087e-05
 8.03086e-02 9.55897e+03 3.06654e-10 -1.64475e-05
 1.00000e-01 9.70535e+03 3.32527e-10 -2.04803e-05
 1.24520e-01 9.87001e+03 3.58530e-10 -2.55021e-05
 1.55052e-01 1.00546e+04 3.84908e-10 -3.17552e-05
 1.93070e-01 1.02607e+04 4.12233e-10 -3.95414e-05
 2.40410e-01 1.04894e+04 4.41409e-10 -4.92370e-05
 2.99358e-01 1.07415e+04 4.73636e-10 -6.13097e-05
 3.72759e-01 1.10167e+04 5.10308e-10 -7.63426e-05
 4.64159e-01 1.13143e+04 5.52916e-10 -9.50617e-05
 5.77969e-01 1.16332e+04 6.02971e-10 -1.18370e-04
 7.19686e-01 1.19720e+04 6.61971e-10 -1.47394e-04
 8.96151e-01 1.23296e+04 7.31416e-10 -1.83536e-04
 1.11588e+00 1.27052e+04 8.12826e-10 -2.28538e-04
 1.38950e+00 1.30985e+04 9.07769e-10 -2.84575e-04
 1.73020e+00 1.35096e+04 1.01790e-09 -3.54351e-04
 2.15443e+00 1.39384e+04 1.14493e-09 -4.41237e-04
 2.68270e+00 1.43855e+04 1.29063e-09 -5.49426e-04
 3.34048e+00 1.48513e+04 1.45675e-09 -6.14413e-04
 4.15956e+00 1.53370e+04 1.64503e-09 -6.14413e-04
 5.17947e+00 1.58504e+04 1.85674e-09 -6.14413e-04
 6.44947e+00 1.63742e+04 2.09658e-09 -6.14413e-04
 8.03086e+00 1.69315e+04 2.36499e-09 -6.14413e-04
 1.00000e+01 1.75083e+04 2.66907e-09 -6.14413e-04
 1.24520e+01 1.81225e+04 3.01219e-09 -6.14413e-04
 1.55052e+01 1.87441e+04 3.40593e-09 -6.14413e-04
 1.93070e+01 1.94649e+04 3.84269e-09 -6.14413e-04
 2.40410e+01 2.00809e+04 4.36716e-09 -6.14411e-04
 2.99358e+01 2.09807e+04 4.91276e-09 -6.14411e-04
 3.72759e+01 2.15555e+04 5.61750e-09 -6.14411e-04
 4.64159e+01 2.26244e+04 6.30028e-09 -6.14410e-04
 5.77969e+01 2.33678e+04 7.18583e-09 -6.14405e-04
 7.19686e+01 2.42301e+04 8.15142e-09 -6.14390e-04
 8.96151e+01 2.55230e+04 9.14440e-09 -6.14378e-04
 1.11588e+02 2.62860e+04 1.04770e-08 -6.14197e-04
 1.38950e+02 2.75627e+04 1.17941e-08 -6.13937e-04
 1.73020e+02 2.87800e+04 1.33544e-08 -6.12986e-04
 2.15443e+02 3.01534e+04 1.50925e-08 -6.10627e-04
 2.68270e+02 3.16444e+04 1.70552e-08 -6.04211e-04
 3.34048e+02 3.31588e+04 1.93244e-08 -5.81256e-04
 4.15956e+02 3.47165e+04 2.18966e-08 -4.88634e-04
 5.17947e+02 3.70109e+04 2.44632e-08 -2.46523e-04
 6.44947e+02 3.86355e+04 2.78818e-08 +1.42256e-03
 8.03086e+02 4.13555e+04 3.09658e-08 +5.06898e-03
 1.00000e+03 4.36636e+04 3.49093e-08 +1.08612e-02
