#n1=128 n2=4 Teff=11000 R=1.2343e+11 L=1.5892e+35 logg=+4.50
#      tau          T          rho         Fconv
  0.00000e+00  5.95894e+03  1.28920e-21 +0.00000e+00
  1.00000e-09  5.95894e+03  1.44928e-16 +0.00000e+00
  1.24520e-09  5.95988e+03  1.80491e-16 +0.00000e+00
  1.55052e-09  5.96108e+03  2.24781e-16 +0.00000e+00
  1.93070e-09  5.96256e+03  2.79942e-16 +0.00000e+00
  2.40410e-09  5.96430e+03  3.48649e-16 +0.00000e+00
  2.99358e-09  5.96631e+03  4.34236e-16 +0.00000e+00
  3.72759e-09  5.96862e+03  5.40865e-16 +0.00000e+00
  4.64159e-09  5.97125e+03  6.73728e-16 +0.00000e+00
  5.77969e-09  5.97422e+03  8.39309e-16 +0.00000e+00
  7.19686e-09  5.97758e+03  1.04571e-15 +0.00000e+00
  8.96151e-09  5.98138e+03  1.30304e-15 +0.00000e+00
  1.11588e-08  5.98568e+03  1.62393e-15 +0.00000e+00
  1.38950e-08  5.99054e+03  2.02415e-15 +0.00000e+00
  1.73020e-08  5.99605e+03  2.52330e-15 +0.00000e+00
  2.15443e-08  6.00228e+03  3.14579e-15 +0.00000e+00
  2.68270e-08  6.00934e+03  3.92187e-15 +0.00000e+00
  3.34048e-08  6.01734e+03  4.88918e-15 +0.00000e+00
  4.15956e-08  6.02640e+03  6.09450e-15 +0.00000e+00
  5.17947e-08  6.03667e+03  7.59591e-15 +0.00000e+00
  6.44947e-08  6.04831e+03  9.46579e-15 +0.00000e+00
  8.03086e-08  6.06150e+03  1.17955e-14 +0.00000e+00
  1.00000e-07  6.07646e+03  1.47006e-14 +0.00000e+00
  1.24520e-07  6.09341e+03  1.83315e-14 +0.00000e+00
  1.55052e-07  6.11263e+03  2.28682e-14 +0.00000e+00
  1.93070e-07  6.13437e+03  2.85338e-14 +0.00000e+00
  2.40410e-07  6.15892e+03  3.56047e-14 +0.00000e+00
  2.99358e-07  6.18654e+03  4.44228e-14 +0.00000e+00
  3.72759e-07  6.21748e+03  5.54117e-14 +0.00000e+00
  4.64159e-07  6.25196e+03  6.90978e-14 +0.00000e+00
  5.77969e-07  6.29018e+03  8.61369e-14 +0.00000e+00
  7.19686e-07  6.33225e+03  1.07346e-13 +0.00000e+00
  8.96151e-07  6.37822e+03  1.33738e-13 +0.00000e+00
  1.11588e-06  6.42805e+03  1.66558e-13 +0.00000e+00
  1.38950e-06  6.48160e+03  2.07338e-13 +0.00000e+00
  1.73020e-06  6.53858e+03  2.57969e-13 +0.00000e+00
  2.15443e-06  6.59860e+03  3.20804e-13 +0.00000e+00
  2.68270e-06  6.66114e+03  3.98787e-13 +0.00000e+00
  3.34048e-06  6.72557e+03  4.95593e-13 +0.00000e+00
  4.15956e-06  6.79120e+03  6.15728e-13 +0.00000e+00
  5.17947e-06  6.85726e+03  7.64610e-13 +0.00000e+00
  6.44947e-06  6.92312e+03  9.48588e-13 +0.00000e+00
  8.03086e-06  6.98828e+03  1.17496e-12 +0.00000e+00
  1.00000e-05  7.05249e+03  1.45212e-12 +0.00000e+00
  1.24520e-05  7.11569e+03  1.78989e-12 +0.00000e+00
  1.55052e-05  7.17787e+03  2.20009e-12 +0.00000e+00
  1.93070e-05  7.23901e+03  2.69717e-12 +0.00000e+00
  2.40410e-05  7.29901e+03  3.29902e-12 +0.00000e+00
  2.99358e-05  7.35778e+03  4.02752e-12 +0.00000e+00
  3.72759e-05  7.41531e+03  4.90879e-12 +0.00000e+00
  4.64159e-05  7.47171e+03  5.97353e-12 +0.00000e+00
  5.77969e-05  7.52719e+03  7.25727e-12 +0.00000e+00
  7.19686e-05  7.58207e+03  8.80039e-12 +0.00000e+00
  8.96151e-05  7.63674e+03  1.06476e-11 +0.00000e+00
  1.11588e-04  7.69160e+03  1.28467e-11 +0.00000e+00
  1.38950e-04  7.74698e+03  1.54476e-11 +0.00000e+00
  1.73020e-04  7.80318e+03  1.85010e-11 +0.00000e+00
  2.15443e-04  7.86039e+03  2.20586e-11 +0.00000e+00
  2.68270e-04  7.91876e+03  2.61720e-11 +0.00000e+00
  3.34048e-04  7.97829e+03  3.08885e-11 +0.00000e+00
  4.15956e-04  8.03887e+03  3.62607e-11 +0.00000e+00
  5.17947e-04  8.10027e+03  4.23455e-11 +0.00000e+00
  6.44947e-04  8.16219e+03  4.92246e-11 +0.00000e+00
  8.03086e-04  8.22425e+03  5.69891e-11 +0.00000e+00
  1.00000e-03  8.28607e+03  6.57275e-11 +0.00000e+00
  1.24520e-03  8.34725e+03  7.55762e-11 -2.54583e-07
  1.55052e-03  8.40746e+03  8.66706e-11 -3.17006e-07
  1.93070e-03  8.46648e+03  9.91696e-11 -3.94735e-07
  2.40410e-03  8.52415e+03  1.13244e-10 -4.91524e-07
  2.99358e-03  8.58043e+03  1.29137e-10 -6.12044e-07
  3.72759e-03  8.63533e+03  1.47089e-10 -7.62115e-07
  4.64159e-03  8.68897e+03  1.67382e-10 -9.48983e-07
  5.77969e-03  8.74166e+03  1.90324e-10 -1.18167e-06
  7.19686e-03  8.79390e+03  2.16220e-10 -1.47141e-06
  8.96151e-03  8.84645e+03  2.45419e-10 -1.83220e-06
  1.11588e-02  8.90032e+03  2.78196e-10 -2.28145e-06
  1.38950e-02  8.95672e+03  3.14764e-10 -2.84086e-06
  1.73020e-02  9.01701e+03  3.55230e-10 -3.53742e-06
  2.15443e-02  9.08264e+03  3.99529e-10 -4.40479e-06
  2.68270e-02  9.15512e+03  4.47464e-10 -5.48482e-06
  3.34048e-02  9.23597e+03  4.98575e-10 -6.82959e-06
  4.15956e-02  9.32678e+03  5.52178e-10 -8.50369e-06
  5.17947e-02  9.42894e+03  6.07421e-10 -1.05883e-05
  6.44947e-02  9.54416e+03  6.63254e-10 -1.31847e-05
  8.03086e-02  9.67407e+03  7.18599e-10 -1.64179e-05
  1.00000e-01  9.82033e+03  7.72507e-10 -2.04443e-05
  1.24520e-01  9.98464e+03  8.24356e-10 -2.54578e-05
  1.55052e-01  1.01686e+04  8.74114e-10 -3.17004e-05
  1.93070e-01  1.03738e+04  9.22572e-10 -3.94735e-05
  2.40410e-01  1.06012e+04  9.71452e-10 -4.91524e-05
  2.99358e-01  1.08514e+04  1.02336e-09 -6.12044e-05
  3.72759e-01  1.11242e+04  1.08149e-09 -7.62115e-05
  4.64159e-01  1.14189e+04  1.14931e-09 -9.48983e-05
  5.77969e-01  1.17343e+04  1.23020e-09 -1.18167e-04
  7.19686e-01  1.20693e+04  1.32738e-09 -1.47141e-04
  8.96151e-01  1.24229e+04  1.44387e-09 -1.83220e-04
  1.11588e+00  1.27946e+04  1.58264e-09 -2.28145e-04
  1.38950e+00  1.31845e+04  1.74670e-09 -2.84086e-04
  1.73020e+00  1.35923e+04  1.93922e-09 -3.53742e-04
  2.15443e+00  1.40181e+04  2.16353e-09 -4.40479e-04
  2.68270e+00  1.44623e+04  2.42312e-09 -5.48482e-04
  3.34048e+00  1.49250e+04  2.72160e-09 -6.13357e-04
  4.15956e+00  1.54067e+04  3.06258e-09 -6.13357e-04
  5.17947e+00  1.59154e+04  3.44847e-09 -6.13357e-04
  6.44947e+00  1.64358e+04  3.88692e-09 -6.13357e-04
  8.03086e+00  1.69901e+04  4.37780e-09 -6.13357e-04
  1.00000e+01  1.75647e+04  4.93224e-09 -6.13356e-04
  1.24520e+01  1.81797e+04  5.55439e-09 -6.13356e-04
  1.55052e+01  1.87989e+04  6.26739e-09 -6.13355e-04
  1.93070e+01  1.95253e+04  7.05102e-09 -6.13355e-04
  2.40410e+01  2.01411e+04  7.99822e-09 -6.13351e-04
  2.99358e+01  2.10475e+04  8.97432e-09 -6.13352e-04
  3.72759e+01  2.16429e+04  1.02390e-08 -6.13337e-04
  4.64159e+01  2.26875e+04  1.14794e-08 -6.13335e-04
  5.77969e+01  2.34843e+04  1.30538e-08 -6.13284e-04
  7.19686e+01  2.43549e+04  1.48047e-08 -6.13120e-04
  8.96151e+01  2.55922e+04  1.66245e-08 -6.12967e-04
  1.11588e+02  2.64235e+04  1.89917e-08 -6.11356e-04
  1.38950e+02  2.77090e+04  2.13698e-08 -6.09070e-04
  1.73020e+02  2.88816e+04  2.42291e-08 -5.99700e-04
  2.15443e+02  3.02181e+04  2.73799e-08 -5.76548e-04
  2.68270e+02  3.16643e+04  3.09433e-08 -5.16548e-04
  3.34048e+02  3.32070e+04  3.49713e-08 -3.51708e-04
  4.15956e+02  3.49165e+04  3.95170e-08 +8.94972e-05
  5.17947e+02  3.60104e+04  4.53100e-08 +2.60414e-03
  6.44947e+02  4.17713e+04  4.68452e-08 +1.07694e-03
  8.03086e+02  3.97378e+04  5.90655e-08 +1.75633e-02
  1.00000e+03  4.53067e+04  6.10956e-08 +1.34929e-02
