#n1=128 n2=4 Teff=11000 R=1.2344e+11 L=1.5892e+35 logg=+4.50
#   tau          T          rho         Fconv
 0.00000e+00 5.91405e+03 1.31715e-21 +0.00000e+00
 1.00000e-09 5.91405e+03 1.50222e-16 +0.00000e+00
 1.24520e-09 5.91542e+03 1.87071e-16 +0.00000e+00
 1.55052e-09 5.91704e+03 2.32960e-16 +0.00000e+00
 1.93070e-09 5.91893e+03 2.90108e-16 +0.00000e+00
 2.40410e-09 5.92113e+03 3.61282e-16 +0.00000e+00
 2.99358e-09 5.92363e+03 4.49932e-16 +0.00000e+00
 3.72759e-09 5.92649e+03 5.60361e-16 +0.00000e+00
 4.64159e-09 5.92974e+03 6.97935e-16 +0.00000e+00
 5.77969e-09 5.93343e+03 8.69351e-16 +0.00000e+00
 7.19686e-09 5.93762e+03 1.08296e-15 +0.00000e+00
 8.96151e-09 5.94237e+03 1.34920e-15 +0.00000e+00
 1.11588e-08 5.94778e+03 1.68107e-15 +0.00000e+00
 1.38950e-08 5.95392e+03 2.09477e-15 +0.00000e+00
 1.73020e-08 5.96090e+03 2.61044e-15 +0.00000e+00
 2.15443e-08 5.96883e+03 3.25308e-15 +0.00000e+00
 2.68270e-08 5.97784e+03 4.05370e-15 +0.00000e+00
 3.34048e-08 5.98806e+03 5.05088e-15 +0.00000e+00
 4.15956e-08 5.99967e+03 6.29267e-15 +0.00000e+00
 5.17947e-08 6.01283e+03 7.83884e-15 +0.00000e+00
 6.44947e-08 6.02774e+03 9.76384e-15 +0.00000e+00
 8.03086e-08 6.04461e+03 1.21607e-14 +0.00000e+00
 1.00000e-07 6.06368e+03 1.51473e-14 +0.00000e+00
 1.24520e-07 6.08519e+03 1.88745e-14 +0.00000e+00
 1.55052e-07 6.10940e+03 2.35257e-14 +0.00000e+00
 1.93070e-07 6.13655e+03 2.93266e-14 +0.00000e+00
 2.40410e-07 6.16687e+03 3.65554e-14 +0.00000e+00
 2.99358e-07 6.20055e+03 4.55559e-14 +0.00000e+00
 3.72759e-07 6.23772e+03 5.67529e-14 +0.00000e+00
 4.64159e-07 6.27850e+03 7.06742e-14 +0.00000e+00
 5.77969e-07 6.32289e+03 8.79787e-14 +0.00000e+00
 7.19686e-07 6.37086e+03 1.09492e-13 +0.00000e+00
 8.96151e-07 6.42231e+03 1.36242e-13 +0.00000e+00
 1.11588e-06 6.47702e+03 1.69511e-13 +0.00000e+00
 1.38950e-06 6.53471e+03 2.10884e-13 +0.00000e+00
 1.73020e-06 6.59497e+03 2.62331e-13 +0.00000e+00
 2.15443e-06 6.65731e+03 3.26328e-13 +0.00000e+00
 2.68270e-06 6.72117e+03 4.05967e-13 +0.00000e+00
 3.34048e-06 6.78594e+03 5.05108e-13 +0.00000e+00
 4.15956e-06 6.85106e+03 6.28621e-13 +0.00000e+00
 5.17947e-06 6.91602e+03 7.82400e-13 +0.00000e+00
 6.44947e-06 6.98045e+03 9.73366e-13 +0.00000e+00
 8.03086e-06 7.04411e+03 1.20941e-12 +0.00000e+00
 1.00000e-05 7.10693e+03 1.49953e-12 +0.00000e+00
 1.24520e-05 7.16888e+03 1.85420e-12 +0.00000e+00
 1.55052e-05 7.22999e+03 2.28589e-12 +0.00000e+00
 1.93070e-05 7.29024e+03 2.80950e-12 +0.00000e+00
 2.40410e-05 7.34954e+03 3.44303e-12 +0.00000e+00
 2.99358e-05 7.40778e+03 4.20812e-12 +0.00000e+00
 3.72759e-05 7.46495e+03 5.13015e-12 +0.00000e+00
 4.64159e-05 7.52116e+03 6.23834e-12 +0.00000e+00
 5.77969e-05 7.57663e+03 7.56596e-12 +0.00000e+00
 7.19686e-05 7.63164e+03 9.15026e-12 +0.00000e+00
 8.96151e-05 7.68654e+03 1.10318e-11 +0.00000e+00
 1.11588e-04 7.74167e+03 1.32533e-11 +0.00000e+00
 1.38950e-04 7.79738e+03 1.58586e-11 +0.00000e+00
 1.73020e-04 7.85392e+03 1.88916e-11 +0.00000e+00
 2.15443e-04 7.91149e+03 2.23974e-11 +0.00000e+00
 2.68270e-04 7.97021e+03 2.64218e-11 +0.00000e+00
 3.34048e-04 8.03010e+03 3.10078e-11 +0.00000e+00
 4.15956e-04 8.09101e+03 3.62048e-11 +0.00000e+00
 5.17947e-04 8.15275e+03 4.20672e-11 +0.00000e+00
 6.44947e-04 8.21501e+03 4.86778e-11 +0.00000e+00
 8.03086e-04 8.27743e+03 5.61198e-11 +0.00000e+00
 1.00000e-03 8.33961e+03 6.44808e-11 +0.00000e+00
 1.24520e-03 8.40118e+03 7.38944e-11 -2.54625e-07
 1.55052e-03 8.46181e+03 8.44918e-11 -3.17058e-07
 1.93070e-03 8.52125e+03 9.64268e-11 -3.94799e-07
 2.40410e-03 8.57937e+03 1.09865e-10 -4.91604e-07
 2.99358e-03 8.63609e+03 1.25040e-10 -6.12143e-07
 3.72759e-03 8.69143e+03 1.42185e-10 -7.62239e-07
 4.64159e-03 8.74551e+03 1.61567e-10 -9.49137e-07
 5.77969e-03 8.79862e+03 1.83484e-10 -1.18186e-06
 7.19686e-03 8.85127e+03 2.08230e-10 -1.47165e-06
 8.96151e-03 8.90419e+03 2.36143e-10 -1.83250e-06
 1.11588e-02 8.95838e+03 2.67489e-10 -2.28182e-06
 1.38950e-02 9.01505e+03 3.02487e-10 -2.84132e-06
 1.73020e-02 9.07553e+03 3.41257e-10 -3.53799e-06
 2.15443e-02 9.14128e+03 3.83766e-10 -4.40551e-06
 2.68270e-02 9.21378e+03 4.29866e-10 -5.48572e-06
 3.34048e-02 9.29457e+03 4.79166e-10 -6.83075e-06
 4.15956e-02 9.38522e+03 5.31081e-10 -8.50529e-06
 5.17947e-02 9.48714e+03 5.84874e-10 -1.05905e-05
 6.44947e-02 9.60205e+03 6.39631e-10 -1.31872e-05
 8.03086e-02 9.73159e+03 6.94423e-10 -1.64211e-05
 1.00000e-01 9.87743e+03 7.48443e-10 -2.04479e-05
 1.24520e-01 1.00413e+04 8.01193e-10 -2.54621e-05
 1.55052e-01 1.02249e+04 8.52721e-10 -3.17057e-05
 1.93070e-01 1.04296e+04 9.03830e-10 -3.94799e-05
 2.40410e-01 1.06567e+04 9.56176e-10 -4.91604e-05
 2.99358e-01 1.09066e+04 1.01222e-09 -6.12143e-05
 3.72759e-01 1.11794e+04 1.07500e-09 -7.62239e-05
 4.64159e-01 1.14742e+04 1.14781e-09 -9.49137e-05
 5.77969e-01 1.17902e+04 1.23394e-09 -1.18186e-04
 7.19686e-01 1.21262e+04 1.33655e-09 -1.47165e-04
 8.96151e-01 1.24813e+04 1.45869e-09 -1.83250e-04
 1.11588e+00 1.28551e+04 1.60337e-09 -2.28182e-04
 1.38950e+00 1.32475e+04 1.77368e-09 -2.84132e-04
 1.73020e+00 1.36584e+04 1.97286e-09 -3.53799e-04
 2.15443e+00 1.40877e+04 2.20433e-09 -4.40551e-04
 2.68270e+00 1.45354e+04 2.47166e-09 -5.48572e-04
 3.34048e+00 1.50018e+04 2.77852e-09 -6.13457e-04
 4.15956e+00 1.54872e+04 3.12857e-09 -6.13457e-04
 5.17947e+00 1.59994e+04 3.52425e-09 -6.13457e-04
 6.44947e+00 1.65235e+04 3.97334e-09 -6.13457e-04
 8.03086e+00 1.70817e+04 4.47595e-09 -6.13457e-04
 1.00000e+01 1.76605e+04 5.04366e-09 -6.13456e-04
 1.24520e+01 1.82806e+04 5.68084e-09 -6.13456e-04
 1.55052e+01 1.89046e+04 6.41152e-09 -6.13454e-04
 1.93070e+01 1.96376e+04 7.21466e-09 -6.13454e-04
 2.40410e+01 2.02599e+04 8.18504e-09 -6.13452e-04
 2.99358e+01 2.11724e+04 9.18629e-09 -6.13453e-04
 3.72759e+01 2.17805e+04 1.04791e-08 -6.13442e-04
 4.64159e+01 2.28247e+04 1.17543e-08 -6.13440e-04
 5.77969e+01 2.36387e+04 1.33617e-08 -6.13400e-04
 7.19686e+01 2.45210e+04 1.51539e-08 -6.13270e-04
 8.96151e+01 2.57548e+04 1.70244e-08 -6.13136e-04
 1.11588e+02 2.66093e+04 1.94373e-08 -6.11842e-04
 1.38950e+02 2.79017e+04 2.18754e-08 -6.09937e-04
 1.73020e+02 2.90784e+04 2.48062e-08 -6.02006e-04
 2.15443e+02 3.04202e+04 2.80334e-08 -5.82060e-04
 2.68270e+02 3.18670e+04 3.16853e-08 -5.28772e-04
 3.34048e+02 3.34107e+04 3.58077e-08 -3.78543e-04
 4.15956e+02 3.51832e+04 4.04205e-08 +6.64212e-06
 5.17947e+02 3.60900e+04 4.65624e-08 +2.76135e-03
 6.44947e+02 4.18155e+04 4.80857e-08 +1.17852e-03
 8.03086e+02 3.98792e+04 6.04127e-08 +1.75186e-02
 1.00000e+03 4.53977e+04 6.25323e-08 +1.34556e-02
