#n1=128 n2=4 Teff=11000 R=2.4708e+13 L=6.3660e+39 logg=+0.50
#   tau          T          rho         Fconv
 0.00000e+00 7.61331e+03 9.84015e-22 +0.00000e+00
 1.00000e-09 7.61331e+03 5.93848e-21 +0.00000e+00
 1.24520e-09 7.61644e+03 7.19293e-21 +0.00000e+00
 1.55052e-09 7.61891e+03 8.76749e-21 +0.00000e+00
 1.93070e-09 7.62111e+03 1.07440e-20 +0.00000e+00
 2.40410e-09 7.62291e+03 1.32262e-20 +0.00000e+00
 2.99358e-09 7.62417e+03 1.63447e-20 +0.00000e+00
 3.72759e-09 7.62465e+03 2.02642e-20 +0.00000e+00
 4.64159e-09 7.62409e+03 2.51928e-20 +0.00000e+00
 5.77969e-09 7.62210e+03 3.13934e-20 +0.00000e+00
 7.19686e-09 7.61815e+03 3.91989e-20 +0.00000e+00
 8.96151e-09 7.61150e+03 4.90320e-20 +0.00000e+00
 1.11588e-08 7.60111e+03 6.14319e-20 +0.00000e+00
 1.38950e-08 7.58547e+03 7.70911e-20 +0.00000e+00
 1.73020e-08 7.56229e+03 9.69045e-20 +0.00000e+00
 2.15443e-08 7.52720e+03 1.22068e-19 +0.00000e+00
 2.68270e-08 7.44722e+03 1.54708e-19 +0.00000e+00
 3.34048e-08 7.30109e+03 1.97952e-19 +0.00000e+00
 4.15956e-08 7.21362e+03 2.51482e-19 +0.00000e+00
 5.17947e-08 7.15755e+03 3.18448e-19 +0.00000e+00
 6.44947e-08 7.11629e+03 4.03056e-19 +0.00000e+00
 8.03086e-08 7.08555e+03 5.10574e-19 +0.00000e+00
 1.00000e-07 7.06327e+03 6.47907e-19 +0.00000e+00
 1.24520e-07 7.04756e+03 8.22789e-19 +0.00000e+00
 1.55052e-07 7.03693e+03 1.04348e-18 +0.00000e+00
 1.93070e-07 7.03033e+03 1.32030e-18 +0.00000e+00
 2.40410e-07 7.02696e+03 1.66761e-18 +0.00000e+00
 2.99358e-07 7.02612e+03 2.10345e-18 +0.00000e+00
 3.72759e-07 7.02729e+03 2.65019e-18 +0.00000e+00
 4.64159e-07 7.03006e+03 3.33580e-18 +0.00000e+00
 5.77969e-07 7.03409e+03 4.19529e-18 +0.00000e+00
 7.19686e-07 7.03911e+03 5.27246e-18 +0.00000e+00
 8.96151e-07 7.04485e+03 6.62224e-18 +0.00000e+00
 1.11588e-06 7.05103e+03 8.31345e-18 +0.00000e+00
 1.38950e-06 7.05736e+03 1.04325e-17 +0.00000e+00
 1.73020e-06 7.06351e+03 1.30877e-17 +0.00000e+00
 2.15443e-06 7.06910e+03 1.64155e-17 +0.00000e+00
 2.68270e-06 7.07377e+03 2.05870e-17 +0.00000e+00
 3.34048e-06 7.07701e+03 2.58189e-17 +0.00000e+00
 4.15956e-06 7.07903e+03 3.23800e-17 +0.00000e+00
 5.17947e-06 7.07987e+03 4.06094e-17 +0.00000e+00
 6.44947e-06 7.07987e+03 5.09293e-17 +0.00000e+00
 8.03086e-06 7.07957e+03 6.38667e-17 +0.00000e+00
 1.00000e-05 7.07961e+03 8.00776e-17 +0.00000e+00
 1.24520e-05 7.08053e+03 1.00380e-16 +0.00000e+00
 1.55052e-05 7.08274e+03 1.25795e-16 +0.00000e+00
 1.93070e-05 7.08649e+03 1.57597e-16 +0.00000e+00
 2.40410e-05 7.09191e+03 1.97378e-16 +0.00000e+00
 2.99358e-05 7.09914e+03 2.47120e-16 +0.00000e+00
 3.72759e-05 7.10829e+03 3.09298e-16 +0.00000e+00
 4.64159e-05 7.11954e+03 3.86988e-16 +0.00000e+00
 5.77969e-05 7.13315e+03 4.84014e-16 +0.00000e+00
 7.19686e-05 7.14943e+03 6.05123e-16 +0.00000e+00
 8.96151e-05 7.16977e+03 7.56091e-16 +0.00000e+00
 1.11588e-04 7.19222e+03 9.44431e-16 +0.00000e+00
 1.38950e-04 7.21847e+03 1.17905e-15 +0.00000e+00
 1.73020e-04 7.24898e+03 1.47109e-15 +0.00000e+00
 2.15443e-04 7.28415e+03 1.83429e-15 +0.00000e+00
 2.68270e-04 7.32424e+03 2.28565e-15 +0.00000e+00
 3.34048e-04 7.36936e+03 2.84617e-15 +0.00000e+00
 4.15956e-04 7.41938e+03 3.54190e-15 +0.00000e+00
 5.17947e-04 7.47403e+03 4.40511e-15 +0.00000e+00
 6.44947e-04 7.53290e+03 5.47583e-15 +0.00000e+00
 8.03086e-04 7.59550e+03 6.80373e-15 +0.00000e+00
 1.00000e-03 7.66129e+03 8.45045e-15 +0.00000e+00
 1.24520e-03 7.72970e+03 1.04924e-14 -2.54669e-07
 1.55052e-03 7.80019e+03 1.30244e-14 -3.17112e-07
 1.93070e-03 7.87224e+03 1.61640e-14 -3.94867e-07
 2.40410e-03 7.94533e+03 2.00570e-14 -4.91689e-07
 2.99358e-03 8.01901e+03 2.48838e-14 -6.12249e-07
 3.72759e-03 8.09298e+03 3.08679e-14 -7.62370e-07
 4.64159e-03 8.16700e+03 3.82853e-14 -9.49301e-07
 5.77969e-03 8.24106e+03 4.74766e-14 -1.18207e-06
 7.19686e-03 8.31532e+03 5.88599e-14 -1.47190e-06
 8.96151e-03 8.39016e+03 7.29483e-14 -1.83282e-06
 1.11588e-02 8.46609e+03 9.03698e-14 -2.28222e-06
 1.38950e-02 8.54371e+03 1.11892e-13 -2.84181e-06
 1.73020e-02 8.62372e+03 1.38450e-13 -3.53860e-06
 2.15443e-02 8.70692e+03 1.71178e-13 -4.40627e-06
 2.68270e-02 8.79426e+03 2.11447e-13 -5.48666e-06
 3.34048e-02 8.88685e+03 2.60900e-13 -6.83198e-06
 4.15956e-02 8.98593e+03 3.21498e-13 -8.50716e-06
 5.17947e-02 9.09292e+03 3.95574e-13 -1.05931e-05
 6.44947e-02 9.20935e+03 4.85881e-13 -1.31905e-05
 8.03086e-02 9.33685e+03 5.95664e-13 -1.64247e-05
 1.00000e-01 9.47710e+03 7.28734e-13 -2.04521e-05
 1.24520e-01 9.63181e+03 8.89559e-13 -2.54669e-05
 1.55052e-01 9.80276e+03 1.08336e-12 -3.17112e-05
 1.93070e-01 9.99184e+03 1.31622e-12 -3.94867e-05
 2.40410e-01 1.02011e+04 1.59519e-12 -4.91689e-05
 2.99358e-01 1.04327e+04 1.92834e-12 -6.12249e-05
 3.72759e-01 1.06888e+04 2.32489e-12 -7.62370e-05
 4.64159e-01 1.09713e+04 2.79510e-12 -9.49301e-05
 5.77969e-01 1.12821e+04 3.34995e-12 -1.18207e-04
 7.19686e-01 1.16231e+04 4.00027e-12 -1.47190e-04
 8.96151e-01 1.19965e+04 4.75570e-12 -1.83282e-04
 1.11588e+00 1.24051e+04 5.62488e-12 -2.27843e-04
 1.38950e+00 1.28524e+04 6.61985e-12 -2.84064e-04
 1.73020e+00 1.33419e+04 7.76378e-12 -3.53934e-04
 2.15443e+00 1.38774e+04 9.09255e-12 -4.40627e-04
 2.68270e+00 1.44622e+04 1.06481e-11 -5.48666e-04
 3.34048e+00 1.50989e+04 1.24737e-11 -6.13563e-04
 4.15956e+00 1.57891e+04 1.46157e-11 -6.13563e-04
 5.17947e+00 1.65408e+04 1.71208e-11 -6.13563e-04
 6.44947e+00 1.73405e+04 2.00646e-11 -6.13563e-04
 8.03086e+00 1.82036e+04 2.35037e-11 -6.13563e-04
 1.00000e+01 1.91114e+04 2.75462e-11 -6.13563e-04
 1.24520e+01 2.00822e+04 3.22690e-11 -6.13563e-04
 1.55052e+01 2.10627e+04 3.78671e-11 -6.13563e-04
 1.93070e+01 2.21702e+04 4.42848e-11 -6.13563e-04
 2.40410e+01 2.31878e+04 5.20736e-11 -6.13563e-04
 2.99358e+01 2.44807e+04 6.06676e-11 -6.13563e-04
 3.72759e+01 2.55872e+04 7.13127e-11 -6.13563e-04
 4.64159e+01 2.70213e+04 8.29132e-11 -6.13563e-04
 5.77969e+01 2.84088e+04 9.67269e-11 -6.13563e-04
 7.19686e+01 2.98971e+04 1.12399e-10 -6.13563e-04
 8.96151e+01 3.16337e+04 1.29333e-10 -6.13563e-04
 1.11588e+02 3.33036e+04 1.49102e-10 -6.13563e-04
 1.38950e+02 3.52440e+04 1.70859e-10 -6.13563e-04
 1.73020e+02 3.71744e+04 1.97099e-10 -6.13563e-04
 2.15443e+02 3.92378e+04 2.27791e-10 -6.13563e-04
 2.68270e+02 4.13671e+04 2.64033e-10 -6.13563e-04
 3.34048e+02 4.35108e+04 3.06868e-10 -6.13563e-04
 4.15956e+02 4.59424e+04 3.55624e-10 -6.13563e-04
 5.17947e+02 4.77666e+04 4.17452e-10 -6.13563e-04
 6.44947e+02 5.10193e+04 4.78389e-10 -6.13563e-04
 8.03086e+02 5.23594e+04 5.67820e-10 -6.13563e-04
 1.00000e+03 5.57512e+04 6.47964e-10 -6.13563e-04
