#n1=128 n2=4 Teff=11400 R=7.0116e+12 L=5.9143e+38 logg=+1.50
#   tau          T          rho         Fconv
 0.00000e+00 8.54949e+03 8.74589e-22 +0.00000e+00
 1.00000e-09 8.54949e+03 6.95514e-20 +0.00000e+00
 1.24520e-09 8.55181e+03 8.65891e-20 +0.00000e+00
 1.55052e-09 8.55396e+03 1.07856e-19 +0.00000e+00
 1.93070e-09 8.55613e+03 1.34401e-19 +0.00000e+00
 2.40410e-09 8.55831e+03 1.67534e-19 +0.00000e+00
 2.99358e-09 8.56047e+03 2.08893e-19 +0.00000e+00
 3.72759e-09 8.56260e+03 2.60521e-19 +0.00000e+00
 4.64159e-09 8.56466e+03 3.24973e-19 +0.00000e+00
 5.77969e-09 8.56660e+03 4.05438e-19 +0.00000e+00
 7.19686e-09 8.56838e+03 5.05903e-19 +0.00000e+00
 8.96151e-09 8.56993e+03 6.31349e-19 +0.00000e+00
 1.11588e-08 8.57114e+03 7.88002e-19 +0.00000e+00
 1.38950e-08 8.57190e+03 9.83647e-19 +0.00000e+00
 1.73020e-08 8.57202e+03 1.22802e-18 +0.00000e+00
 2.15443e-08 8.57126e+03 1.53333e-18 +0.00000e+00
 2.68270e-08 8.56928e+03 1.91486e-18 +0.00000e+00
 3.34048e-08 8.56556e+03 2.39183e-18 +0.00000e+00
 4.15956e-08 8.55936e+03 2.98849e-18 +0.00000e+00
 5.17947e-08 8.54943e+03 3.73567e-18 +0.00000e+00
 6.44947e-08 8.53202e+03 4.67361e-18 +0.00000e+00
 8.03086e-08 8.48014e+03 5.87028e-18 +0.00000e+00
 1.00000e-07 8.31562e+03 7.47499e-18 +0.00000e+00
 1.24520e-07 8.09672e+03 9.59282e-18 +0.00000e+00
 1.55052e-07 7.96648e+03 1.21931e-17 +0.00000e+00
 1.93070e-07 7.84959e+03 1.55148e-17 +0.00000e+00
 2.40410e-07 7.77464e+03 1.97812e-17 +0.00000e+00
 2.99358e-07 7.72679e+03 2.52783e-17 +0.00000e+00
 3.72759e-07 7.69623e+03 3.20376e-17 +0.00000e+00
 4.64159e-07 7.67673e+03 4.04743e-17 +0.00000e+00
 5.77969e-07 7.66445e+03 5.10211e-17 +0.00000e+00
 7.19686e-07 7.65716e+03 6.42032e-17 +0.00000e+00
 8.96151e-07 7.65351e+03 8.06732e-17 +0.00000e+00
 1.11588e-06 7.65257e+03 1.01243e-16 +0.00000e+00
 1.38950e-06 7.65369e+03 1.26924e-16 +0.00000e+00
 1.73020e-06 7.65636e+03 1.58980e-16 +0.00000e+00
 2.15443e-06 7.66013e+03 1.98986e-16 +0.00000e+00
 2.68270e-06 7.66458e+03 2.48913e-16 +0.00000e+00
 3.34048e-06 7.66927e+03 3.11223e-16 +0.00000e+00
 4.15956e-06 7.67375e+03 3.89001e-16 +0.00000e+00
 5.17947e-06 7.67754e+03 4.86114e-16 +0.00000e+00
 6.44947e-06 7.68017e+03 6.07397e-16 +0.00000e+00
 8.03086e-06 7.68121e+03 7.58934e-16 +0.00000e+00
 1.00000e-05 7.68056e+03 9.48275e-16 +0.00000e+00
 1.24520e-05 7.67807e+03 1.18493e-15 +0.00000e+00
 1.55052e-05 7.67438e+03 1.48062e-15 +0.00000e+00
 1.93070e-05 7.67024e+03 1.84993e-15 +0.00000e+00
 2.40410e-05 7.66669e+03 2.31088e-15 +0.00000e+00
 2.99358e-05 7.66412e+03 2.88599e-15 +0.00000e+00
 3.72759e-05 7.66336e+03 3.60309e-15 +0.00000e+00
 4.64159e-05 7.66483e+03 4.49683e-15 +0.00000e+00
 5.77969e-05 7.66887e+03 5.61007e-15 +0.00000e+00
 7.19686e-05 7.67571e+03 6.99578e-15 +0.00000e+00
 8.96151e-05 7.68549e+03 8.71981e-15 +0.00000e+00
 1.11588e-04 7.69846e+03 1.08634e-14 +0.00000e+00
 1.38950e-04 7.71492e+03 1.35269e-14 +0.00000e+00
 1.73020e-04 7.73537e+03 1.68332e-14 +0.00000e+00
 2.15443e-04 7.76038e+03 2.09334e-14 +0.00000e+00
 2.68270e-04 7.79057e+03 2.60118e-14 +0.00000e+00
 3.34048e-04 7.82643e+03 3.22938e-14 +0.00000e+00
 4.15956e-04 7.86821e+03 4.00547e-14 +0.00000e+00
 5.17947e-04 7.91587e+03 4.96310e-14 +0.00000e+00
 6.44947e-04 7.96907e+03 6.14337e-14 +0.00000e+00
 8.03086e-04 8.02729e+03 7.59651e-14 +0.00000e+00
 1.00000e-03 8.08986e+03 9.38386e-14 +0.00000e+00
 1.24520e-03 8.15600e+03 1.15804e-13 -2.54651e-07
 1.55052e-03 8.22488e+03 1.42775e-13 -3.17092e-07
 1.93070e-03 8.29564e+03 1.75867e-13 -3.94841e-07
 2.40410e-03 8.36746e+03 2.16436e-13 -4.91655e-07
 2.99358e-03 8.43955e+03 2.66129e-13 -6.12208e-07
 3.72759e-03 8.51117e+03 3.26944e-13 -7.62319e-07
 4.64159e-03 8.58179e+03 4.01299e-13 -9.49238e-07
 5.77969e-03 8.65109e+03 4.92101e-13 -1.18199e-06
 7.19686e-03 8.71912e+03 6.02819e-13 -1.47181e-06
 8.96151e-03 8.78631e+03 7.37534e-13 -1.83269e-06
 1.11588e-02 8.85353e+03 9.00991e-13 -2.28206e-06
 1.38950e-02 8.92197e+03 1.09866e-12 -2.84162e-06
 1.73020e-02 8.99298e+03 1.33680e-12 -3.53837e-06
 2.15443e-02 9.06793e+03 1.62255e-12 -4.40597e-06
 2.68270e-02 9.14818e+03 1.96398e-12 -5.48630e-06
 3.34048e-02 9.23509e+03 2.37016e-12 -6.83153e-06
 4.15956e-02 9.33009e+03 2.85114e-12 -8.50660e-06
 5.17947e-02 9.43473e+03 3.41819e-12 -1.05924e-05
 6.44947e-02 9.55065e+03 4.08371e-12 -1.31896e-05
 8.03086e-02 9.67957e+03 4.86145e-12 -1.64237e-05
 1.00000e-01 9.82323e+03 5.76686e-12 -2.04507e-05
 1.24520e-01 9.98331e+03 6.81733e-12 -2.54651e-05
 1.55052e-01 1.01615e+04 8.03274e-12 -3.17092e-05
 1.93070e-01 1.03592e+04 9.43581e-12 -3.94841e-05
 2.40410e-01 1.05782e+04 1.10528e-11 -4.91655e-05
 2.99358e-01 1.08197e+04 1.29138e-11 -6.12208e-05
 3.72759e-01 1.10849e+04 1.50535e-11 -7.62319e-05
 4.64159e-01 1.13747e+04 1.75112e-11 -9.49238e-05
 5.77969e-01 1.16898e+04 2.03308e-11 -1.18199e-04
 7.19686e-01 1.20302e+04 2.35594e-11 -1.47181e-04
 8.96151e-01 1.23959e+04 2.72446e-11 -1.83269e-04
 1.11588e+00 1.27871e+04 3.14314e-11 -2.28206e-04
 1.38950e+00 1.32038e+04 3.61639e-11 -2.84171e-04
 1.73020e+00 1.36471e+04 4.14977e-11 -3.53838e-04
 2.15443e+00 1.41188e+04 4.75206e-11 -4.40595e-04
 2.68270e+00 1.46221e+04 5.43678e-11 -5.48633e-04
 3.34048e+00 1.51556e+04 6.22288e-11 -6.13522e-04
 4.15956e+00 1.57166e+04 7.13093e-11 -6.13521e-04
 5.17947e+00 1.63144e+04 8.17669e-11 -6.13521e-04
 6.44947e+00 1.69339e+04 9.38782e-11 -6.13521e-04
 8.03086e+00 1.76018e+04 1.07736e-10 -6.13521e-04
 1.00000e+01 1.82945e+04 1.23732e-10 -6.13521e-04
 1.24520e+01 1.90359e+04 1.42020e-10 -6.13521e-04
 1.55052e+01 1.97876e+04 1.63172e-10 -6.13521e-04
 1.93070e+01 2.06484e+04 1.86893e-10 -6.13521e-04
 2.40410e+01 2.14075e+04 2.15238e-10 -6.13521e-04
 2.99358e+01 2.24430e+04 2.45452e-10 -6.13521e-04
 3.72759e+01 2.32060e+04 2.83354e-10 -6.13521e-04
 4.64159e+01 2.43390e+04 3.22595e-10 -6.13521e-04
 5.77969e+01 2.53480e+04 3.70048e-10 -6.13521e-04
 7.19686e+01 2.63074e+04 4.25083e-10 -6.13521e-04
 8.96151e+01 2.77531e+04 4.81492e-10 -6.13521e-04
 1.11588e+02 2.87222e+04 5.55037e-10 -6.13521e-04
 1.38950e+02 3.02806e+04 6.28180e-10 -6.13521e-04
 1.73020e+02 3.15490e+04 7.18783e-10 -6.13521e-04
 2.15443e+02 3.33374e+04 8.09989e-10 -6.13521e-04
 2.68270e+02 3.47448e+04 9.23761e-10 -6.13520e-04
 3.34048e+02 3.68780e+04 1.03108e-09 -6.13518e-04
 4.15956e+02 3.87819e+04 1.16626e-09 -6.13518e-04
 5.17947e+02 4.02113e+04 1.33722e-09 -6.13515e-04
 6.44947e+02 4.42597e+04 1.45517e-09 -6.13521e-04
 8.03086e+02 4.41341e+04 1.74494e-09 -6.13512e-04
 1.00000e+03 4.85949e+04 1.88758e-09 -6.13521e-04
