#n1=128 n2=4 Teff=11600 R=3.2753e+12 L=1.3835e+38 logg=+2.00
#   tau          T          rho         Fconv
 0.00000e+00 7.77045e+03 9.99123e-22 +0.00000e+00
 1.00000e-09 7.77045e+03 2.86689e-19 +0.00000e+00
 1.24520e-09 7.73286e+03 3.60220e-19 +0.00000e+00
 1.55052e-09 7.65586e+03 4.55216e-19 +0.00000e+00
 1.93070e-09 7.51676e+03 5.80632e-19 +0.00000e+00
 2.40410e-09 7.39875e+03 7.39128e-19 +0.00000e+00
 2.99358e-09 7.32723e+03 9.35065e-19 +0.00000e+00
 3.72759e-09 7.28274e+03 1.17861e-18 +0.00000e+00
 4.64159e-09 7.25358e+03 1.48245e-18 +0.00000e+00
 5.77969e-09 7.23411e+03 1.86203e-18 +0.00000e+00
 7.19686e-09 7.22143e+03 2.33639e-18 +0.00000e+00
 8.96151e-09 7.21383e+03 2.92923e-18 +0.00000e+00
 1.11588e-08 7.21018e+03 3.67015e-18 +0.00000e+00
 1.38950e-08 7.20970e+03 4.59591e-18 +0.00000e+00
 1.73020e-08 7.21185e+03 5.75270e-18 +0.00000e+00
 2.15443e-08 7.21621e+03 7.19810e-18 +0.00000e+00
 2.68270e-08 7.22242e+03 9.00409e-18 +0.00000e+00
 3.34048e-08 7.23017e+03 1.12603e-17 +0.00000e+00
 4.15956e-08 7.23908e+03 1.40783e-17 +0.00000e+00
 5.17947e-08 7.24876e+03 1.75967e-17 +0.00000e+00
 6.44947e-08 7.25870e+03 2.19881e-17 +0.00000e+00
 8.03086e-08 7.26829e+03 2.74681e-17 +0.00000e+00
 1.00000e-07 7.27681e+03 3.43066e-17 +0.00000e+00
 1.24520e-07 7.28340e+03 4.28429e-17 +0.00000e+00
 1.55052e-07 7.28721e+03 5.35039e-17 +0.00000e+00
 1.93070e-07 7.28746e+03 6.68279e-17 +0.00000e+00
 2.40410e-07 7.28371e+03 8.34911e-17 +0.00000e+00
 2.99358e-07 7.27614e+03 1.04339e-16 +0.00000e+00
 3.72759e-07 7.26571e+03 1.30417e-16 +0.00000e+00
 4.64159e-07 7.25407e+03 1.63011e-16 +0.00000e+00
 5.77969e-07 7.24305e+03 2.03705e-16 +0.00000e+00
 7.19686e-07 7.23403e+03 2.54457e-16 +0.00000e+00
 8.96151e-07 7.22770e+03 3.17703e-16 +0.00000e+00
 1.11588e-06 7.22426e+03 3.96476e-16 +0.00000e+00
 1.38950e-06 7.22353e+03 4.94561e-16 +0.00000e+00
 1.73020e-06 7.22560e+03 6.16639e-16 +0.00000e+00
 2.15443e-06 7.23067e+03 7.68496e-16 +0.00000e+00
 2.68270e-06 7.23909e+03 9.57276e-16 +0.00000e+00
 3.34048e-06 7.25135e+03 1.19177e-15 +0.00000e+00
 4.15956e-06 7.26804e+03 1.48276e-15 +0.00000e+00
 5.17947e-06 7.28980e+03 1.84348e-15 +0.00000e+00
 6.44947e-06 7.31716e+03 2.29018e-15 +0.00000e+00
 8.03086e-06 7.35056e+03 2.84277e-15 +0.00000e+00
 1.00000e-05 7.39019e+03 3.52574e-15 +0.00000e+00
 1.24520e-05 7.43592e+03 4.36928e-15 +0.00000e+00
 1.55052e-05 7.48739e+03 5.41064e-15 +0.00000e+00
 1.93070e-05 7.54404e+03 6.69585e-15 +0.00000e+00
 2.40410e-05 7.60518e+03 8.28182e-15 +0.00000e+00
 2.99358e-05 7.67011e+03 1.02389e-14 +0.00000e+00
 3.72759e-05 7.73818e+03 1.26540e-14 +0.00000e+00
 4.64159e-05 7.80882e+03 1.56345e-14 +0.00000e+00
 5.77969e-05 7.88150e+03 1.93126e-14 +0.00000e+00
 7.19686e-05 7.95581e+03 2.38520e-14 +0.00000e+00
 8.96151e-05 8.03134e+03 2.94541e-14 +0.00000e+00
 1.11588e-04 8.10775e+03 3.63673e-14 +0.00000e+00
 1.38950e-04 8.18473e+03 4.48979e-14 +0.00000e+00
 1.73020e-04 8.26198e+03 5.54220e-14 +0.00000e+00
 2.15443e-04 8.33929e+03 6.84016e-14 +0.00000e+00
 2.68270e-04 8.41650e+03 8.44011e-14 +0.00000e+00
 3.34048e-04 8.49360e+03 1.04109e-13 +0.00000e+00
 4.15956e-04 8.57069e+03 1.28361e-13 +0.00000e+00
 5.17947e-04 8.64800e+03 1.58168e-13 +0.00000e+00
 6.44947e-04 8.72581e+03 1.94755e-13 +0.00000e+00
 8.03086e-04 8.80432e+03 2.39600e-13 +0.00000e+00
 1.00000e-03 8.88360e+03 2.94489e-13 +0.00000e+00
 1.24520e-03 8.96353e+03 3.61577e-13 -2.54656e-07
 1.55052e-03 9.04389e+03 4.43452e-13 -3.17096e-07
 1.93070e-03 9.12470e+03 5.43203e-13 -3.94846e-07
 2.40410e-03 9.20430e+03 6.64627e-13 -4.91662e-07
 2.99358e-03 9.28287e+03 8.12147e-13 -6.12216e-07
 3.72759e-03 9.36030e+03 9.91026e-13 -7.62330e-07
 4.64159e-03 9.43655e+03 1.20747e-12 -9.49251e-07
 5.77969e-03 9.51174e+03 1.46871e-12 -1.18201e-06
 7.19686e-03 9.58614e+03 1.78310e-12 -1.47183e-06
 8.96151e-03 9.66014e+03 2.16019e-12 -1.83272e-06
 1.11588e-02 9.73423e+03 2.61084e-12 -2.28210e-06
 1.38950e-02 9.80916e+03 3.14727e-12 -2.84165e-06
 1.73020e-02 9.88589e+03 3.78304e-12 -3.53842e-06
 2.15443e-02 9.96567e+03 4.53321e-12 -4.40603e-06
 2.68270e-02 1.00500e+04 5.41421e-12 -5.48638e-06
 3.34048e-02 1.01406e+04 6.44413e-12 -6.83162e-06
 4.15956e-02 1.02395e+04 7.64269e-12 -8.50671e-06
 5.17947e-02 1.03485e+04 9.03136e-12 -1.05925e-05
 6.44947e-02 1.04699e+04 1.06338e-11 -1.31898e-05
 8.03086e-02 1.06058e+04 1.24763e-11 -1.64239e-05
 1.00000e-01 1.07585e+04 1.45884e-11 -2.04509e-05
 1.24520e-01 1.09303e+04 1.70033e-11 -2.54656e-05
 1.55052e-01 1.11234e+04 1.97588e-11 -3.17096e-05
 1.93070e-01 1.13400e+04 2.28983e-11 -3.94846e-05
 2.40410e-01 1.15817e+04 2.64721e-11 -4.91662e-05
 2.99358e-01 1.18502e+04 3.05371e-11 -6.12216e-05
 3.72759e-01 1.21465e+04 3.51570e-11 -7.62330e-05
 4.64159e-01 1.24713e+04 4.03995e-11 -9.49251e-05
 5.77969e-01 1.28254e+04 4.63327e-11 -1.18201e-04
 7.19686e-01 1.32095e+04 5.30224e-11 -1.47183e-04
 8.96151e-01 1.36247e+04 6.05380e-11 -1.83274e-04
 1.11588e+00 1.40725e+04 6.89740e-11 -2.28228e-04
 1.38950e+00 1.45550e+04 7.84825e-11 -2.84167e-04
 1.73020e+00 1.50754e+04 8.92817e-11 -3.53842e-04
 2.15443e+00 1.56385e+04 1.01625e-10 -4.40603e-04
 2.68270e+00 1.62512e+04 1.15771e-10 -5.48638e-04
 3.34048e+00 1.69155e+04 1.32022e-10 -6.13529e-04
 4.15956e+00 1.76313e+04 1.50703e-10 -6.13529e-04
 5.17947e+00 1.84137e+04 1.72068e-10 -6.13529e-04
 6.44947e+00 1.92430e+04 1.96688e-10 -6.13529e-04
 8.03086e+00 2.01402e+04 2.24834e-10 -6.13529e-04
 1.00000e+01 2.10668e+04 2.57403e-10 -6.13529e-04
 1.24520e+01 2.20330e+04 2.94855e-10 -6.13529e-04
 1.55052e+01 2.29889e+04 3.38367e-10 -6.13529e-04
 1.93070e+01 2.40232e+04 3.87550e-10 -6.13529e-04
 2.40410e+01 2.49691e+04 4.45458e-10 -6.13529e-04
 2.99358e+01 2.61346e+04 5.08285e-10 -6.13529e-04
 3.72759e+01 2.71305e+04 5.83732e-10 -6.13529e-04
 4.64159e+01 2.84249e+04 6.63936e-10 -6.13529e-04
 5.77969e+01 2.97006e+04 7.57207e-10 -6.13529e-04
 7.19686e+01 3.10262e+04 8.62680e-10 -6.13529e-04
 8.96151e+01 3.27492e+04 9.72675e-10 -6.13529e-04
 1.11588e+02 3.42855e+04 1.10414e-09 -6.13529e-04
 1.38950e+02 3.62764e+04 1.23671e-09 -6.13529e-04
 1.73020e+02 3.81441e+04 1.39503e-09 -6.13529e-04
 2.15443e+02 4.03374e+04 1.56769e-09 -6.13529e-04
 2.68270e+02 4.22873e+04 1.78190e-09 -6.13529e-04
 3.34048e+02 4.45826e+04 2.01649e-09 -6.13529e-04
 4.15956e+02 4.67357e+04 2.29752e-09 -6.13529e-04
 5.17947e+02 4.84237e+04 2.63886e-09 -6.13529e-04
 6.44947e+02 5.16212e+04 2.95968e-09 -6.13529e-04
 8.03086e+02 5.24450e+04 3.45731e-09 -6.13529e-04
 1.00000e+03 5.56606e+04 3.84726e-09 -6.13529e-04
