#n1=128 n2=4 Teff=11600 R=3.2737e+12 L=1.3835e+38 logg=+2.00
#      tau          T          rho         Fconv
  0.00000e+00  7.85968e+03  9.74069e-22 +0.00000e+00
  1.00000e-09  7.85968e+03  2.71380e-19 +0.00000e+00
  1.24520e-09  7.78110e+03  3.41828e-19 +0.00000e+00
  1.55052e-09  7.65685e+03  4.33448e-19 +0.00000e+00
  1.93070e-09  7.53784e+03  5.49810e-19 +0.00000e+00
  2.40410e-09  7.45825e+03  6.94092e-19 +0.00000e+00
  2.99358e-09  7.39791e+03  8.74714e-19 +0.00000e+00
  3.72759e-09  7.35003e+03  1.10095e-18 +0.00000e+00
  4.64159e-09  7.31698e+03  1.38351e-18 +0.00000e+00
  5.77969e-09  7.29213e+03  1.73718e-18 +0.00000e+00
  7.19686e-09  7.27487e+03  2.17963e-18 +0.00000e+00
  8.96151e-09  7.26343e+03  2.73332e-18 +0.00000e+00
  1.11588e-08  7.25660e+03  3.42647e-18 +0.00000e+00
  1.38950e-08  7.25343e+03  4.29416e-18 +0.00000e+00
  1.73020e-08  7.25333e+03  5.38037e-18 +0.00000e+00
  2.15443e-08  7.25584e+03  6.74004e-18 +0.00000e+00
  2.68270e-08  7.26059e+03  8.44201e-18 +0.00000e+00
  3.34048e-08  7.26730e+03  1.05723e-17 +0.00000e+00
  4.15956e-08  7.27570e+03  1.32382e-17 +0.00000e+00
  5.17947e-08  7.28551e+03  1.65733e-17 +0.00000e+00
  6.44947e-08  7.29642e+03  2.07438e-17 +0.00000e+00
  8.03086e-08  7.30805e+03  2.59563e-17 +0.00000e+00
  1.00000e-07  7.31995e+03  3.24685e-17 +0.00000e+00
  1.24520e-07  7.33155e+03  4.06020e-17 +0.00000e+00
  1.55052e-07  7.34216e+03  5.07576e-17 +0.00000e+00
  1.93070e-07  7.35120e+03  6.34374e-17 +0.00000e+00
  2.40410e-07  7.35804e+03  7.92706e-17 +0.00000e+00
  2.99358e-07  7.36225e+03  9.90506e-17 +0.00000e+00
  3.72759e-07  7.36380e+03  1.23767e-16 +0.00000e+00
  4.64159e-07  7.36308e+03  1.54651e-16 +0.00000e+00
  5.77969e-07  7.36092e+03  1.93226e-16 +0.00000e+00
  7.19686e-07  7.35833e+03  2.41381e-16 +0.00000e+00
  8.96151e-07  7.35629e+03  3.01452e-16 +0.00000e+00
  1.11588e-06  7.35611e+03  3.76313e-16 +0.00000e+00
  1.38950e-06  7.35632e+03  4.69668e-16 +0.00000e+00
  1.73020e-06  7.35799e+03  5.85989e-16 +0.00000e+00
  2.15443e-06  7.36152e+03  7.30854e-16 +0.00000e+00
  2.68270e-06  7.36721e+03  9.11176e-16 +0.00000e+00
  3.34048e-06  7.37543e+03  1.13550e-15 +0.00000e+00
  4.15956e-06  7.38663e+03  1.41438e-15 +0.00000e+00
  5.17947e-06  7.40157e+03  1.76074e-15 +0.00000e+00
  6.44947e-06  7.42007e+03  2.19073e-15 +0.00000e+00
  8.03086e-06  7.44317e+03  2.72390e-15 +0.00000e+00
  1.00000e-05  7.47141e+03  3.38436e-15 +0.00000e+00
  1.24520e-05  7.50507e+03  4.20182e-15 +0.00000e+00
  1.55052e-05  7.54450e+03  5.21269e-15 +0.00000e+00
  1.93070e-05  7.58981e+03  6.46177e-15 +0.00000e+00
  2.40410e-05  7.64084e+03  8.00424e-15 +0.00000e+00
  2.99358e-05  7.69718e+03  9.90822e-15 +0.00000e+00
  3.72759e-05  7.75827e+03  1.22578e-14 +0.00000e+00
  4.64159e-05  7.82346e+03  1.51569e-14 +0.00000e+00
  5.77969e-05  7.89207e+03  1.87338e-14 +0.00000e+00
  7.19686e-05  7.96347e+03  2.31470e-14 +0.00000e+00
  8.96151e-05  8.03702e+03  2.85918e-14 +0.00000e+00
  1.11588e-04  8.11214e+03  3.53095e-14 +0.00000e+00
  1.38950e-04  8.18823e+03  4.35975e-14 +0.00000e+00
  1.73020e-04  8.26479e+03  5.38218e-14 +0.00000e+00
  2.15443e-04  8.34139e+03  6.64322e-14 +0.00000e+00
  2.68270e-04  8.41768e+03  8.19793e-14 +0.00000e+00
  3.34048e-04  8.49351e+03  1.01135e-13 +0.00000e+00
  4.15956e-04  8.56891e+03  1.24716e-13 +0.00000e+00
  5.17947e-04  8.64410e+03  1.53710e-13 +0.00000e+00
  6.44947e-04  8.71939e+03  1.89317e-13 +0.00000e+00
  8.03086e-04  8.79501e+03  2.32982e-13 +0.00000e+00
  1.00000e-03  8.87111e+03  2.86455e-13 +0.00000e+00
  1.24520e-03  8.94765e+03  3.51845e-13 -2.54405e-07
  1.55052e-03  9.02449e+03  4.31687e-13 -3.16784e-07
  1.93070e-03  9.10201e+03  5.28982e-13 -3.94458e-07
  2.40410e-03  9.17799e+03  6.47474e-13 -4.91179e-07
  2.99358e-03  9.25303e+03  7.91467e-13 -6.11614e-07
  3.72759e-03  9.32703e+03  9.66105e-13 -7.61580e-07
  4.64159e-03  9.39996e+03  1.17745e-12 -9.48317e-07
  5.77969e-03  9.47198e+03  1.43258e-12 -1.18084e-06
  7.19686e-03  9.54335e+03  1.73963e-12 -1.47038e-06
  8.96151e-03  9.61446e+03  2.10791e-12 -1.83091e-06
  1.11588e-02  9.68582e+03  2.54803e-12 -2.27985e-06
  1.38950e-02  9.75814e+03  3.07190e-12 -2.83886e-06
  1.73020e-02  9.83239e+03  3.69274e-12 -3.53494e-06
  2.15443e-02  9.90976e+03  4.42523e-12 -4.40170e-06
  2.68270e-02  9.99173e+03  5.28536e-12 -5.48098e-06
  3.34048e-02  1.00799e+04  6.29080e-12 -6.82491e-06
  4.15956e-02  1.01762e+04  7.46063e-12 -8.49835e-06
  5.17947e-02  1.02825e+04  8.81606e-12 -1.05821e-05
  6.44947e-02  1.04008e+04  1.03800e-11 -1.31768e-05
  8.03086e-02  1.05333e+04  1.21783e-11 -1.64077e-05
  1.00000e-01  1.06821e+04  1.42394e-11 -2.04308e-05
  1.24520e-01  1.08493e+04  1.65961e-11 -2.54405e-05
  1.55052e-01  1.10371e+04  1.92851e-11 -3.16784e-05
  1.93070e-01  1.12475e+04  2.23492e-11 -3.94458e-05
  2.40410e-01  1.14821e+04  2.58378e-11 -4.91179e-05
  2.99358e-01  1.17423e+04  2.98078e-11 -6.11614e-05
  3.72759e-01  1.20288e+04  3.43230e-11 -7.61580e-05
  4.64159e-01  1.23422e+04  3.94534e-11 -9.48317e-05
  5.77969e-01  1.26826e+04  4.52714e-11 -1.18084e-04
  7.19686e-01  1.30505e+04  5.18483e-11 -1.47038e-04
  8.96151e-01  1.34463e+04  5.92558e-11 -1.83091e-04
  1.11588e+00  1.38710e+04  6.75787e-11 -2.27993e-04
  1.38950e+00  1.43258e+04  7.69439e-11 -2.83897e-04
  1.73020e+00  1.48130e+04  8.75404e-11 -3.53497e-04
  2.15443e+00  1.53365e+04  9.96076e-11 -4.40170e-04
  2.68270e+00  1.59024e+04  1.13407e-10 -5.48098e-04
  3.34048e+00  1.65109e+04  1.29253e-10 -6.12926e-04
  4.15956e+00  1.71612e+04  1.47473e-10 -6.12926e-04
  5.17947e+00  1.78683e+04  1.68305e-10 -6.12926e-04
  6.44947e+00  1.86150e+04  1.92287e-10 -6.12926e-04
  8.03086e+00  1.94299e+04  2.19600e-10 -6.12926e-04
  1.00000e+01  2.02820e+04  2.51069e-10 -6.12926e-04
  1.24520e+01  2.11867e+04  2.87087e-10 -6.12926e-04
  1.55052e+01  2.20958e+04  3.28822e-10 -6.12926e-04
  1.93070e+01  2.30909e+04  3.75974e-10 -6.12926e-04
  2.40410e+01  2.39896e+04  4.31811e-10 -6.12926e-04
  2.99358e+01  2.51122e+04  4.92297e-10 -6.12926e-04
  3.72759e+01  2.60168e+04  5.65997e-10 -6.12926e-04
  4.64159e+01  2.72369e+04  6.43724e-10 -6.12926e-04
  5.77969e+01  2.83764e+04  7.35568e-10 -6.12926e-04
  7.19686e+01  2.95271e+04  8.40128e-10 -6.12926e-04
  8.96151e+01  3.11030e+04  9.48890e-10 -6.12926e-04
  1.11588e+02  3.23801e+04  1.08323e-09 -6.12926e-04
  1.38950e+02  3.41736e+04  1.21766e-09 -6.12926e-04
  1.73020e+02  3.58355e+04  1.37598e-09 -6.12926e-04
  2.15443e+02  3.79187e+04  1.53889e-09 -6.12926e-04
  2.68270e+02  3.97608e+04  1.74099e-09 -6.12926e-04
  3.34048e+02  4.21118e+04  1.95462e-09 -6.12926e-04
  4.15956e+02  4.42301e+04  2.22087e-09 -6.12926e-04
  5.17947e+02  4.59572e+04  2.54465e-09 -6.12926e-04
  6.44947e+02  4.94980e+04  2.83735e-09 -6.12926e-04
  8.03086e+02  5.01129e+04  3.33518e-09 -6.12925e-04
  1.00000e+03  5.37166e+04  3.67921e-09 -6.12926e-04
