#n1=128 n2=4 Teff=12000 R=7.3862e+12 L=8.0488e+38 logg=+1.50
#   tau          T          rho         Fconv
 0.00000e+00 8.24764e+03 9.08141e-22 +0.00000e+00
 1.00000e-09 8.24764e+03 7.28649e-20 +0.00000e+00
 1.24520e-09 8.24982e+03 9.07022e-20 +0.00000e+00
 1.55052e-09 8.25175e+03 1.12967e-19 +0.00000e+00
 1.93070e-09 8.25357e+03 1.40758e-19 +0.00000e+00
 2.40410e-09 8.25523e+03 1.75450e-19 +0.00000e+00
 2.99358e-09 8.25667e+03 2.18762e-19 +0.00000e+00
 3.72759e-09 8.25781e+03 2.72846e-19 +0.00000e+00
 4.64159e-09 8.25852e+03 3.40390e-19 +0.00000e+00
 5.77969e-09 8.25866e+03 4.24767e-19 +0.00000e+00
 7.19686e-09 8.25803e+03 5.30196e-19 +0.00000e+00
 8.96151e-09 8.25632e+03 6.61975e-19 +0.00000e+00
 1.11588e-08 8.25317e+03 8.26757e-19 +0.00000e+00
 1.38950e-08 8.24804e+03 1.03291e-18 +0.00000e+00
 1.73020e-08 8.24021e+03 1.29102e-18 +0.00000e+00
 2.15443e-08 8.22867e+03 1.61448e-18 +0.00000e+00
 2.68270e-08 8.21192e+03 2.02042e-18 +0.00000e+00
 3.34048e-08 8.18799e+03 2.53089e-18 +0.00000e+00
 4.15956e-08 8.15425e+03 3.17457e-18 +0.00000e+00
 5.17947e-08 8.10799e+03 3.98885e-18 +0.00000e+00
 6.44947e-08 8.05150e+03 5.01992e-18 +0.00000e+00
 8.03086e-08 7.99453e+03 6.32102e-18 +0.00000e+00
 1.00000e-07 7.94571e+03 7.95736e-18 +0.00000e+00
 1.24520e-07 7.90646e+03 1.00181e-17 +0.00000e+00
 1.55052e-07 7.87574e+03 1.26237e-17 +0.00000e+00
 1.93070e-07 7.85229e+03 1.59323e-17 +0.00000e+00
 2.40410e-07 7.83505e+03 2.01234e-17 +0.00000e+00
 2.99358e-07 7.82323e+03 2.53749e-17 +0.00000e+00
 3.72759e-07 7.81637e+03 3.19294e-17 +0.00000e+00
 4.64159e-07 7.81394e+03 4.01188e-17 +0.00000e+00
 5.77969e-07 7.81538e+03 5.03466e-17 +0.00000e+00
 7.19686e-07 7.82019e+03 6.31125e-17 +0.00000e+00
 8.96151e-07 7.82793e+03 7.90382e-17 +0.00000e+00
 1.11588e-06 7.83821e+03 9.88974e-17 +0.00000e+00
 1.38950e-06 7.85063e+03 1.23654e-16 +0.00000e+00
 1.73020e-06 7.86480e+03 1.54511e-16 +0.00000e+00
 2.15443e-06 7.88026e+03 1.92971e-16 +0.00000e+00
 2.68270e-06 7.89649e+03 2.40913e-16 +0.00000e+00
 3.34048e-06 7.91291e+03 3.00692e-16 +0.00000e+00
 4.15956e-06 7.92884e+03 3.75266e-16 +0.00000e+00
 5.17947e-06 7.94354e+03 4.68348e-16 +0.00000e+00
 6.44947e-06 7.95635e+03 5.84601e-16 +0.00000e+00
 8.03086e-06 7.96671e+03 7.29870e-16 +0.00000e+00
 1.00000e-05 7.97436e+03 9.11461e-16 +0.00000e+00
 1.24520e-05 7.97943e+03 1.13846e-15 +0.00000e+00
 1.55052e-05 7.98251e+03 1.42213e-15 +0.00000e+00
 1.93070e-05 7.98450e+03 1.77643e-15 +0.00000e+00
 2.40410e-05 7.98636e+03 2.21861e-15 +0.00000e+00
 2.99358e-05 7.98895e+03 2.77008e-15 +0.00000e+00
 3.72759e-05 7.99296e+03 3.45744e-15 +0.00000e+00
 4.64159e-05 7.99889e+03 4.31368e-15 +0.00000e+00
 5.77969e-05 8.00714e+03 5.37979e-15 +0.00000e+00
 7.19686e-05 8.01807e+03 6.70648e-15 +0.00000e+00
 8.96151e-05 8.03196e+03 8.35640e-15 +0.00000e+00
 1.11588e-04 8.04905e+03 1.04071e-14 +0.00000e+00
 1.38950e-04 8.06961e+03 1.29544e-14 +0.00000e+00
 1.73020e-04 8.09416e+03 1.61157e-14 +0.00000e+00
 2.15443e-04 8.12340e+03 2.00349e-14 +0.00000e+00
 2.68270e-04 8.15817e+03 2.48876e-14 +0.00000e+00
 3.34048e-04 8.19914e+03 3.08883e-14 +0.00000e+00
 4.15956e-04 8.24667e+03 3.82991e-14 +0.00000e+00
 5.17947e-04 8.30069e+03 4.74412e-14 +0.00000e+00
 6.44947e-04 8.36080e+03 5.87077e-14 +0.00000e+00
 8.03086e-04 8.42637e+03 7.25803e-14 +0.00000e+00
 1.00000e-03 8.49659e+03 8.96480e-14 +0.00000e+00
 1.24520e-03 8.57061e+03 1.10632e-13 -2.54936e-07
 1.55052e-03 8.64749e+03 1.36413e-13 -3.17446e-07
 1.93070e-03 8.72631e+03 1.68069e-13 -3.95283e-07
 2.40410e-03 8.80619e+03 2.06914e-13 -4.92205e-07
 2.99358e-03 8.88632e+03 2.54543e-13 -6.12893e-07
 3.72759e-03 8.96597e+03 3.12899e-13 -7.63172e-07
 4.64159e-03 9.04466e+03 3.84326e-13 -9.50299e-07
 5.77969e-03 9.12223e+03 4.71646e-13 -1.18331e-06
 7.19686e-03 9.19886e+03 5.78231e-13 -1.47345e-06
 8.96151e-03 9.27508e+03 7.08082e-13 -1.83474e-06
 1.11588e-02 9.35175e+03 8.65888e-13 -2.28462e-06
 1.38950e-02 9.42990e+03 1.05711e-12 -2.84480e-06
 1.73020e-02 9.51061e+03 1.28806e-12 -3.54233e-06
 2.15443e-02 9.59498e+03 1.56602e-12 -4.41090e-06
 2.68270e-02 9.68412e+03 1.89930e-12 -5.49244e-06
 3.34048e-02 9.77926e+03 2.29733e-12 -6.83917e-06
 4.15956e-02 9.88176e+03 2.77075e-12 -8.51612e-06
 5.17947e-02 9.99317e+03 3.33154e-12 -1.06042e-05
 6.44947e-02 1.01152e+04 3.99304e-12 -1.32043e-05
 8.03086e-02 1.02495e+04 4.77009e-12 -1.64421e-05
 1.00000e-01 1.03982e+04 5.67934e-12 -2.04736e-05
 1.24520e-01 1.05631e+04 6.73931e-12 -2.54936e-05
 1.55052e-01 1.07462e+04 7.97082e-12 -3.17446e-05
 1.93070e-01 1.09493e+04 9.39719e-12 -3.95283e-05
 2.40410e-01 1.11744e+04 1.10447e-11 -4.92205e-05
 2.99358e-01 1.14230e+04 1.29427e-11 -6.12893e-05
 3.72759e-01 1.16964e+04 1.51237e-11 -7.63172e-05
 4.64159e-01 1.19957e+04 1.76227e-11 -9.50299e-05
 5.77969e-01 1.23218e+04 2.04757e-11 -1.18331e-04
 7.19686e-01 1.26753e+04 2.37184e-11 -1.47345e-04
 8.96151e-01 1.30570e+04 2.73862e-11 -1.83458e-04
 1.11588e+00 1.34679e+04 3.15224e-11 -2.28489e-04
 1.38950e+00 1.39091e+04 3.61934e-11 -2.84482e-04
 1.73020e+00 1.43821e+04 4.15005e-11 -3.54231e-04
 2.15443e+00 1.48895e+04 4.75728e-11 -4.41098e-04
 2.68270e+00 1.54352e+04 5.45524e-11 -5.49244e-04
 3.34048e+00 1.60179e+04 6.26050e-11 -6.14207e-04
 4.15956e+00 1.66346e+04 7.19082e-11 -6.14207e-04
 5.17947e+00 1.72962e+04 8.26020e-11 -6.14207e-04
 6.44947e+00 1.79857e+04 9.49654e-11 -6.14207e-04
 8.03086e+00 1.87321e+04 1.09094e-10 -6.14207e-04
 1.00000e+01 1.95079e+04 1.25401e-10 -6.14207e-04
 1.24520e+01 2.03372e+04 1.44052e-10 -6.14207e-04
 1.55052e+01 2.11748e+04 1.65659e-10 -6.14207e-04
 1.93070e+01 2.21247e+04 1.89931e-10 -6.14207e-04
 2.40410e+01 2.29658e+04 2.18929e-10 -6.14207e-04
 2.99358e+01 2.40914e+04 2.49930e-10 -6.14207e-04
 3.72759e+01 2.49449e+04 2.88581e-10 -6.14207e-04
 4.64159e+01 2.61748e+04 3.28821e-10 -6.14207e-04
 5.77969e+01 2.72996e+04 3.77064e-10 -6.14207e-04
 7.19686e+01 2.83886e+04 4.32833e-10 -6.14207e-04
 8.96151e+01 2.99719e+04 4.90066e-10 -6.14207e-04
 1.11588e+02 3.11248e+04 5.63233e-10 -6.14207e-04
 1.38950e+02 3.28742e+04 6.35166e-10 -6.14207e-04
 1.73020e+02 3.43704e+04 7.22450e-10 -6.14207e-04
 2.15443e+02 3.63840e+04 8.09489e-10 -6.14207e-04
 2.68270e+02 3.80604e+04 9.19725e-10 -6.14207e-04
 3.34048e+02 4.03744e+04 1.03227e-09 -6.14207e-04
 4.15956e+02 4.24998e+04 1.17349e-09 -6.14207e-04
 5.17947e+02 4.40281e+04 1.35219e-09 -6.14207e-04
 6.44947e+02 4.79214e+04 1.50222e-09 -6.14207e-04
 8.03086e+02 4.82671e+04 1.78197e-09 -6.14207e-04
 1.00000e+03 5.20866e+04 1.95604e-09 -6.14207e-04
