#n1=128 n2=4 Teff=12500 R=1.6608e+12 L=4.7966e+37 logg=+2.50
#      tau          T          rho         Fconv
  0.00000e+00  8.23787e+03  9.29308e-22 +0.00000e+00
  1.00000e-09  8.23787e+03  8.66372e-19 +0.00000e+00
  1.24520e-09  8.22357e+03  1.08409e-18 +0.00000e+00
  1.55052e-09  8.20060e+03  1.35864e-18 +0.00000e+00
  1.93070e-09  8.16510e+03  1.70637e-18 +0.00000e+00
  2.40410e-09  8.10172e+03  2.15195e-18 +0.00000e+00
  2.99358e-09  7.40831e+03  2.95726e-18 +0.00000e+00
  3.72759e-09  7.38563e+03  3.70809e-18 +0.00000e+00
  4.64159e-09  7.37251e+03  4.64533e-18 +0.00000e+00
  5.77969e-09  7.36453e+03  5.81733e-18 +0.00000e+00
  7.19686e-09  7.36015e+03  7.28388e-18 +0.00000e+00
  8.96151e-09  7.35851e+03  9.11951e-18 +0.00000e+00
  1.11588e-08  7.35910e+03  1.14182e-17 +0.00000e+00
  1.38950e-08  7.36157e+03  1.42968e-17 +0.00000e+00
  1.73020e-08  7.36570e+03  1.79015e-17 +0.00000e+00
  2.15443e-08  7.37129e+03  2.24124e-17 +0.00000e+00
  2.68270e-08  7.37817e+03  2.80524e-17 +0.00000e+00
  3.34048e-08  7.38615e+03  3.50993e-17 +0.00000e+00
  4.15956e-08  7.39502e+03  4.38971e-17 +0.00000e+00
  5.17947e-08  7.40448e+03  5.48754e-17 +0.00000e+00
  6.44947e-08  7.41421e+03  6.85671e-17 +0.00000e+00
  8.03086e-08  7.42378e+03  8.56431e-17 +0.00000e+00
  1.00000e-07  7.43263e+03  1.06939e-16 +0.00000e+00
  1.24520e-07  7.44039e+03  1.33502e-16 +0.00000e+00
  1.55052e-07  7.44660e+03  1.66642e-16 +0.00000e+00
  1.93070e-07  7.45097e+03  2.07997e-16 +0.00000e+00
  2.40410e-07  7.45346e+03  2.59609e-16 +0.00000e+00
  2.99358e-07  7.45440e+03  3.24016e-16 +0.00000e+00
  3.72759e-07  7.45437e+03  4.04366e-16 +0.00000e+00
  4.64159e-07  7.45419e+03  5.04556e-16 +0.00000e+00
  5.77969e-07  7.45466e+03  6.29411e-16 +0.00000e+00
  7.19686e-07  7.45647e+03  7.84905e-16 +0.00000e+00
  8.96151e-07  7.46022e+03  9.78438e-16 +0.00000e+00
  1.11588e-06  7.46638e+03  1.21916e-15 +0.00000e+00
  1.38950e-06  7.47662e+03  1.51815e-15 +0.00000e+00
  1.73020e-06  7.48861e+03  1.88988e-15 +0.00000e+00
  2.15443e-06  7.50430e+03  2.35131e-15 +0.00000e+00
  2.68270e-06  7.52439e+03  2.92354e-15 +0.00000e+00
  3.34048e-06  7.55014e+03  3.63216e-15 +0.00000e+00
  4.15956e-06  7.58031e+03  4.50979e-15 +0.00000e+00
  5.17947e-06  7.61641e+03  5.59500e-15 +0.00000e+00
  6.44947e-06  7.65879e+03  6.93554e-15 +0.00000e+00
  8.03086e-06  7.70759e+03  8.58999e-15 +0.00000e+00
  1.00000e-05  7.76266e+03  1.06304e-14 +0.00000e+00
  1.24520e-05  7.82364e+03  1.31457e-14 +0.00000e+00
  1.55052e-05  7.88995e+03  1.62452e-14 +0.00000e+00
  1.93070e-05  7.96091e+03  2.00642e-14 +0.00000e+00
  2.40410e-05  8.03577e+03  2.47693e-14 +0.00000e+00
  2.99358e-05  8.11374e+03  3.05666e-14 +0.00000e+00
  3.72759e-05  8.19402e+03  3.77104e-14 +0.00000e+00
  4.64159e-05  8.27586e+03  4.65143e-14 +0.00000e+00
  5.77969e-05  8.35848e+03  5.73649e-14 +0.00000e+00
  7.19686e-05  8.44120e+03  7.07386e-14 +0.00000e+00
  8.96151e-05  8.52335e+03  8.72210e-14 +0.00000e+00
  1.11588e-04  8.60446e+03  1.07529e-13 +0.00000e+00
  1.38950e-04  8.68425e+03  1.32538e-13 +0.00000e+00
  1.73020e-04  8.76271e+03  1.63306e-13 +0.00000e+00
  2.15443e-04  8.84005e+03  2.01114e-13 +0.00000e+00
  2.68270e-04  8.91670e+03  2.47498e-13 +0.00000e+00
  3.34048e-04  8.99316e+03  3.04300e-13 +0.00000e+00
  4.15956e-04  9.06991e+03  3.73722e-13 +0.00000e+00
  5.17947e-04  9.14728e+03  4.58404e-13 +0.00000e+00
  6.44947e-04  9.22540e+03  5.61510e-13 +0.00000e+00
  8.03086e-04  9.30419e+03  6.86831e-13 +0.00000e+00
  1.00000e-03  9.38337e+03  8.38888e-13 +0.00000e+00
  1.24520e-03  9.46257e+03  1.02302e-12 -2.54646e-07
  1.55052e-03  9.54137e+03  1.24548e-12 -3.17085e-07
  1.93070e-03  9.61947e+03  1.51352e-12 -3.94833e-07
  2.40410e-03  9.69665e+03  1.83547e-12 -4.91645e-07
  2.99358e-03  9.77293e+03  2.22090e-12 -6.12195e-07
  3.72759e-03  9.84838e+03  2.68076e-12 -7.62301e-07
  4.64159e-03  9.92313e+03  3.22751e-12 -9.49221e-07
  5.77969e-03  9.99733e+03  3.87530e-12 -1.18196e-06
  7.19686e-03  1.00713e+04  4.63978e-12 -1.47178e-06
  8.96151e-03  1.01453e+04  5.53846e-12 -1.83266e-06
  1.11588e-02  1.02200e+04  6.59032e-12 -2.28202e-06
  1.38950e-02  1.02960e+04  7.81669e-12 -2.84156e-06
  1.73020e-02  1.03743e+04  9.24057e-12 -3.53830e-06
  2.15443e-02  1.04556e+04  1.08875e-11 -4.40588e-06
  2.68270e-02  1.05412e+04  1.27854e-11 -5.48619e-06
  3.34048e-02  1.06324e+04  1.49645e-11 -6.83138e-06
  4.15956e-02  1.07307e+04  1.74587e-11 -8.50641e-06
  5.17947e-02  1.08381e+04  2.03043e-11 -1.05922e-05
  6.44947e-02  1.09564e+04  2.35419e-11 -1.31894e-05
  8.03086e-02  1.10877e+04  2.72172e-11 -1.64233e-05
  1.00000e-01  1.12343e+04  3.13817e-11 -2.04503e-05
  1.24520e-01  1.13982e+04  3.60943e-11 -2.54646e-05
  1.55052e-01  1.15814e+04  4.14227e-11 -3.17085e-05
  1.93070e-01  1.17858e+04  4.74452e-11 -3.94833e-05
  2.40410e-01  1.20132e+04  5.42516e-11 -4.91645e-05
  2.99358e-01  1.22648e+04  6.19445e-11 -6.12195e-05
  3.72759e-01  1.25419e+04  7.06385e-11 -7.62301e-05
  4.64159e-01  1.28449e+04  8.04594e-11 -9.49221e-05
  5.77969e-01  1.31745e+04  9.15385e-11 -1.18196e-04
  7.19686e-01  1.35309e+04  1.04012e-10 -1.47178e-04
  8.96151e-01  1.39149e+04  1.18022e-10 -1.83271e-04
  1.11588e+00  1.43275e+04  1.33737e-10 -2.28202e-04
  1.38950e+00  1.47710e+04  1.51384e-10 -2.84157e-04
  1.73020e+00  1.52461e+04  1.71306e-10 -3.53830e-04
  2.15443e+00  1.57513e+04  1.93979e-10 -4.40588e-04
  2.68270e+00  1.62857e+04  2.19916e-10 -5.48619e-04
  3.34048e+00  1.68520e+04  2.49616e-10 -6.13509e-04
  4.15956e+00  1.74550e+04  2.83572e-10 -6.13509e-04
  5.17947e+00  1.81020e+04  3.22308e-10 -6.13509e-04
  6.44947e+00  1.87817e+04  3.66692e-10 -6.13509e-04
  8.03086e+00  1.95115e+04  4.17185e-10 -6.13509e-04
  1.00000e+01  2.02779e+04  4.74921e-10 -6.13509e-04
  1.24520e+01  2.10938e+04  5.40623e-10 -6.13509e-04
  1.55052e+01  2.19291e+04  6.16008e-10 -6.13509e-04
  1.93070e+01  2.28580e+04  7.00652e-10 -6.13509e-04
  2.40410e+01  2.37028e+04  8.00475e-10 -6.13509e-04
  2.99358e+01  2.47934e+04  9.07650e-10 -6.13509e-04
  3.72759e+01  2.56380e+04  1.03957e-09 -6.13509e-04
  4.64159e+01  2.68289e+04  1.17686e-09 -6.13509e-04
  5.77969e+01  2.79519e+04  1.33936e-09 -6.13509e-04
  7.19686e+01  2.89407e+04  1.53036e-09 -6.13509e-04
  8.96151e+01  3.06299e+04  1.71617e-09 -6.13509e-04
  1.11588e+02  3.16374e+04  1.96883e-09 -6.13509e-04
  1.38950e+02  3.35309e+04  2.20194e-09 -6.13508e-04
  1.73020e+02  3.49458e+04  2.50325e-09 -6.13506e-04
  2.15443e+02  3.71781e+04  2.78274e-09 -6.13494e-04
  2.68270e+02  3.88000e+04  3.15586e-09 -6.13456e-04
  3.34048e+02  4.14879e+04  3.49349e-09 -6.13487e-04
  4.15956e+02  4.32456e+04  3.98465e-09 -6.13475e-04
  5.17947e+02  4.61058e+04  4.45333e-09 -6.13499e-04
  6.44947e+02  4.79277e+04  5.10636e-09 -6.13479e-04
  8.03086e+02  5.05232e+04  5.76763e-09 -6.13469e-04
  1.00000e+03  5.27962e+04  6.56958e-09 -6.13393e-04
