#n1=128 n2=4 Teff=12500 R=3.5283e+12 L=2.1678e+38 logg=+2.00
#   tau          T          rho         Fconv
 0.00000e+00 8.84975e+03 8.43765e-22 +0.00000e+00
 1.00000e-09 8.84975e+03 2.27735e-19 +0.00000e+00
 1.24520e-09 8.85155e+03 2.83765e-19 +0.00000e+00
 1.55052e-09 8.85342e+03 3.53628e-19 +0.00000e+00
 1.93070e-09 8.85535e+03 4.40740e-19 +0.00000e+00
 2.40410e-09 8.85734e+03 5.49360e-19 +0.00000e+00
 2.99358e-09 8.85936e+03 6.84799e-19 +0.00000e+00
 3.72759e-09 8.86142e+03 8.53681e-19 +0.00000e+00
 4.64159e-09 8.86349e+03 1.06427e-18 +0.00000e+00
 5.77969e-09 8.86554e+03 1.32686e-18 +0.00000e+00
 7.19686e-09 8.86757e+03 1.65433e-18 +0.00000e+00
 8.96151e-09 8.86950e+03 2.06269e-18 +0.00000e+00
 1.11588e-08 8.87130e+03 2.57199e-18 +0.00000e+00
 1.38950e-08 8.87271e+03 3.20725e-18 +0.00000e+00
 1.73020e-08 8.87203e+03 4.00034e-18 +0.00000e+00
 2.15443e-08 8.87205e+03 4.98925e-18 +0.00000e+00
 2.68270e-08 8.87149e+03 6.22318e-18 +0.00000e+00
 3.34048e-08 8.86971e+03 7.76342e-18 +0.00000e+00
 4.15956e-08 8.86579e+03 9.68738e-18 +0.00000e+00
 5.17947e-08 8.85864e+03 1.20931e-17 +0.00000e+00
 6.44947e-08 8.84248e+03 1.51115e-17 +0.00000e+00
 8.03086e-08 8.81410e+03 1.89104e-17 +0.00000e+00
 1.00000e-07 8.75024e+03 2.37626e-17 +0.00000e+00
 1.24520e-07 8.67205e+03 2.99146e-17 +0.00000e+00
 1.55052e-07 8.58492e+03 3.77111e-17 +0.00000e+00
 1.93070e-07 8.50444e+03 4.75391e-17 +0.00000e+00
 2.40410e-07 8.43746e+03 5.98852e-17 +0.00000e+00
 2.99358e-07 8.38428e+03 7.53876e-17 +0.00000e+00
 3.72759e-07 8.34317e+03 9.48206e-17 +0.00000e+00
 4.64159e-07 8.31253e+03 1.19189e-16 +0.00000e+00
 5.77969e-07 8.29042e+03 1.49774e-16 +0.00000e+00
 7.19686e-07 8.27538e+03 1.88181e-16 +0.00000e+00
 8.96151e-07 8.26624e+03 2.36414e-16 +0.00000e+00
 1.11588e-06 8.27164e+03 2.96453e-16 +0.00000e+00
 1.38950e-06 8.27130e+03 3.72217e-16 +0.00000e+00
 1.73020e-06 8.27470e+03 4.67141e-16 +0.00000e+00
 2.15443e-06 8.28135e+03 5.85928e-16 +0.00000e+00
 2.68270e-06 8.29078e+03 7.34418e-16 +0.00000e+00
 3.34048e-06 8.30260e+03 9.19882e-16 +0.00000e+00
 4.15956e-06 8.31637e+03 1.15140e-15 +0.00000e+00
 5.17947e-06 8.33163e+03 1.44032e-15 +0.00000e+00
 6.44947e-06 8.34787e+03 1.80083e-15 +0.00000e+00
 8.03086e-06 8.36450e+03 2.25068e-15 +0.00000e+00
 1.00000e-05 8.38093e+03 2.81196e-15 +0.00000e+00
 1.24520e-05 8.39654e+03 3.51232e-15 +0.00000e+00
 1.55052e-05 8.40094e+03 4.39194e-15 +0.00000e+00
 1.93070e-05 8.41333e+03 5.48407e-15 +0.00000e+00
 2.40410e-05 8.42409e+03 6.84649e-15 +0.00000e+00
 2.99358e-05 8.43360e+03 8.54566e-15 +0.00000e+00
 3.72759e-05 8.44242e+03 1.06637e-14 +0.00000e+00
 4.64159e-05 8.46110e+03 1.32862e-14 +0.00000e+00
 5.77969e-05 8.47054e+03 1.65674e-14 +0.00000e+00
 7.19686e-05 8.48146e+03 2.06498e-14 +0.00000e+00
 8.96151e-05 8.49445e+03 2.57260e-14 +0.00000e+00
 1.11588e-04 8.51014e+03 3.20318e-14 +0.00000e+00
 1.38950e-04 8.53328e+03 3.98384e-14 +0.00000e+00
 1.73020e-04 8.55425e+03 4.95461e-14 +0.00000e+00
 2.15443e-04 8.58073e+03 6.15599e-14 +0.00000e+00
 2.68270e-04 8.60725e+03 7.64566e-14 +0.00000e+00
 3.34048e-04 8.63831e+03 9.48636e-14 +0.00000e+00
 4.15956e-04 8.67180e+03 1.17603e-13 +0.00000e+00
 5.17947e-04 8.70821e+03 1.45646e-13 +0.00000e+00
 6.44947e-04 8.74901e+03 1.80148e-13 +0.00000e+00
 8.03086e-04 8.79450e+03 2.22513e-13 +0.00000e+00
 1.00000e-03 8.84468e+03 2.74436e-13 +0.00000e+00
 1.24520e-03 8.89935e+03 3.37956e-13 -2.54301e-07
 1.55052e-03 8.95813e+03 4.15511e-13 -3.16655e-07
 1.93070e-03 9.02054e+03 5.10011e-13 -3.94298e-07
 2.40410e-03 9.08595e+03 6.24924e-13 -4.90978e-07
 2.99358e-03 9.15361e+03 7.64387e-13 -6.11364e-07
 3.72759e-03 9.22260e+03 9.33332e-13 -7.61267e-07
 4.64159e-03 9.29212e+03 1.13760e-12 -9.47934e-07
 5.77969e-03 9.36158e+03 1.38401e-12 -1.18036e-06
 7.19686e-03 9.43074e+03 1.68046e-12 -1.46978e-06
 8.96151e-03 9.49973e+03 2.03594e-12 -1.83017e-06
 1.11588e-02 9.56912e+03 2.46063e-12 -2.27892e-06
 1.38950e-02 9.63987e+03 2.96585e-12 -2.83770e-06
 1.73020e-02 9.71330e+03 3.56417e-12 -3.53350e-06
 2.15443e-02 9.79093e+03 4.26939e-12 -4.39990e-06
 2.68270e-02 9.87439e+03 5.09650e-12 -5.47874e-06
 3.34048e-02 9.96530e+03 6.06214e-12 -6.82212e-06
 4.15956e-02 1.00653e+04 7.18439e-12 -8.49487e-06
 5.17947e-02 1.01760e+04 8.48345e-12 -1.05778e-05
 6.44947e-02 1.02991e+04 9.98138e-12 -1.31715e-05
 8.03086e-02 1.04363e+04 1.17032e-11 -1.64010e-05
 1.00000e-01 1.05894e+04 1.36767e-11 -2.04225e-05
 1.24520e-01 1.07601e+04 1.59339e-11 -2.54301e-05
 1.55052e-01 1.09502e+04 1.85110e-11 -3.16655e-05
 1.93070e-01 1.11613e+04 2.14498e-11 -3.94298e-05
 2.40410e-01 1.13950e+04 2.47987e-11 -4.90978e-05
 2.99358e-01 1.16524e+04 2.86127e-11 -6.11364e-05
 3.72759e-01 1.19345e+04 3.29547e-11 -7.61267e-05
 4.64159e-01 1.22417e+04 3.78935e-11 -9.47934e-05
 5.77969e-01 1.25737e+04 4.35029e-11 -1.18036e-04
 7.19686e-01 1.29305e+04 4.98576e-11 -1.46978e-04
 8.96151e-01 1.33116e+04 5.70340e-11 -1.83017e-04
 1.11588e+00 1.37166e+04 6.51174e-11 -2.27897e-04
 1.38950e+00 1.41455e+04 7.42238e-11 -2.83771e-04
 1.73020e+00 1.45988e+04 8.45209e-11 -3.53351e-04
 2.15443e+00 1.50780e+04 9.62285e-11 -4.39992e-04
 2.68270e+00 1.55863e+04 1.09601e-10 -5.47874e-04
 3.34048e+00 1.61218e+04 1.24950e-10 -6.12676e-04
 4.15956e+00 1.66810e+04 1.42602e-10 -6.12676e-04
 5.17947e+00 1.72743e+04 1.62802e-10 -6.12676e-04
 6.44947e+00 1.78849e+04 1.86052e-10 -6.12676e-04
 8.03086e+00 1.85432e+04 2.12467e-10 -6.12676e-04
 1.00000e+01 1.92226e+04 2.42791e-10 -6.12676e-04
 1.24520e+01 1.99493e+04 2.77251e-10 -6.12676e-04
 1.55052e+01 2.06831e+04 3.16896e-10 -6.12676e-04
 1.93070e+01 2.15335e+04 3.61028e-10 -6.12676e-04
 2.40410e+01 2.22651e+04 4.13727e-10 -6.12676e-04
 2.99358e+01 2.33142e+04 4.69009e-10 -6.12676e-04
 3.72759e+01 2.40349e+04 5.39171e-10 -6.12676e-04
 4.64159e+01 2.52036e+04 6.09894e-10 -6.12676e-04
 5.77969e+01 2.62044e+04 6.96486e-10 -6.12676e-04
 7.19686e+01 2.71393e+04 7.96794e-10 -6.12676e-04
 8.96151e+01 2.86766e+04 8.96509e-10 -6.12676e-04
 1.11588e+02 2.95908e+04 1.03114e-09 -6.12676e-04
 1.38950e+02 3.12382e+04 1.15996e-09 -6.12676e-04
 1.73020e+02 3.25034e+04 1.32324e-09 -6.12676e-04
 2.15443e+02 3.44141e+04 1.48270e-09 -6.12673e-04
 2.68270e+02 3.57939e+04 1.68898e-09 -6.12649e-04
 3.34048e+02 3.81216e+04 1.87286e-09 -6.12629e-04
 4.15956e+02 4.01181e+04 2.11317e-09 -6.12625e-04
 5.17947e+02 4.14471e+04 2.42554e-09 -6.12542e-04
 6.44947e+02 4.61419e+04 2.60598e-09 -6.12673e-04
 8.03086e+02 4.56970e+04 3.14254e-09 -6.12495e-04
 1.00000e+03 5.02609e+04 3.39134e-09 -6.12655e-04
