#n1=128 n2=4 Teff=12500 R=1.4030e+11 L=3.4239e+35 logg=+4.50
#   tau          T          rho         Fconv
 0.00000e+00 9.58829e+03 7.79229e-22 +0.00000e+00
 1.00000e-09 9.58829e+03 8.09415e-17 +0.00000e+00
 1.24520e-09 9.59691e+03 1.01259e-16 +0.00000e+00
 1.55052e-09 9.60612e+03 1.26628e-16 +0.00000e+00
 1.93070e-09 9.61591e+03 1.58286e-16 +0.00000e+00
 2.40410e-09 9.62625e+03 1.97771e-16 +0.00000e+00
 2.99358e-09 9.63707e+03 2.47003e-16 +0.00000e+00
 3.72759e-09 9.64827e+03 3.08373e-16 +0.00000e+00
 4.64159e-09 9.65972e+03 3.84861e-16 +0.00000e+00
 5.77969e-09 9.67125e+03 4.80182e-16 +0.00000e+00
 7.19686e-09 9.68270e+03 5.98966e-16 +0.00000e+00
 8.96151e-09 9.69385e+03 7.46981e-16 +0.00000e+00
 1.11588e-08 9.70449e+03 9.31405e-16 +0.00000e+00
 1.38950e-08 9.71439e+03 1.16118e-15 +0.00000e+00
 1.73020e-08 9.72329e+03 1.44745e-15 +0.00000e+00
 2.15443e-08 9.73095e+03 1.80414e-15 +0.00000e+00
 2.68270e-08 9.73710e+03 2.24864e-15 +0.00000e+00
 3.34048e-08 9.74148e+03 2.80265e-15 +0.00000e+00
 4.15956e-08 9.74381e+03 3.49331e-15 +0.00000e+00
 5.17947e-08 9.74383e+03 4.35456e-15 +0.00000e+00
 6.44947e-08 9.74130e+03 5.42887e-15 +0.00000e+00
 8.03086e-08 9.73595e+03 6.76943e-15 +0.00000e+00
 1.00000e-07 9.72753e+03 8.44291e-15 +0.00000e+00
 1.24520e-07 9.71574e+03 1.05330e-14 +0.00000e+00
 1.55052e-07 9.70021e+03 1.31451e-14 +0.00000e+00
 1.93070e-07 9.68041e+03 1.64122e-14 +0.00000e+00
 2.40410e-07 9.65558e+03 2.05031e-14 +0.00000e+00
 2.99358e-07 9.62462e+03 2.56327e-14 +0.00000e+00
 3.72759e-07 9.58599e+03 3.20761e-14 +0.00000e+00
 4.64159e-07 9.53759e+03 4.01831e-14 +0.00000e+00
 5.77969e-07 9.47692e+03 5.04051e-14 +0.00000e+00
 7.19686e-07 9.40197e+03 6.33275e-14 +0.00000e+00
 8.96151e-07 9.31234e+03 7.96983e-14 +0.00000e+00
 1.11588e-06 9.21090e+03 1.00449e-13 +0.00000e+00
 1.38950e-06 9.10476e+03 1.26696e-13 +0.00000e+00
 1.73020e-06 9.00392e+03 1.59723e-13 +0.00000e+00
 2.15443e-06 8.91686e+03 2.01023e-13 +0.00000e+00
 2.68270e-06 8.84663e+03 2.52416e-13 +0.00000e+00
 3.34048e-06 8.79136e+03 3.16188e-13 +0.00000e+00
 4.15956e-06 8.74689e+03 3.95204e-13 +0.00000e+00
 5.17947e-06 8.70925e+03 4.92951e-13 +0.00000e+00
 6.44947e-06 8.67527e+03 6.13572e-13 +0.00000e+00
 8.03086e-06 8.64253e+03 7.61900e-13 +0.00000e+00
 1.00000e-05 8.60921e+03 9.43485e-13 +0.00000e+00
 1.24520e-05 8.57383e+03 1.16461e-12 +0.00000e+00
 1.55052e-05 8.53530e+03 1.43235e-12 +0.00000e+00
 1.93070e-05 8.49289e+03 1.75466e-12 +0.00000e+00
 2.40410e-05 8.44633e+03 2.14062e-12 +0.00000e+00
 2.99358e-05 8.39590e+03 2.60073e-12 +0.00000e+00
 3.72759e-05 8.34247e+03 3.14724e-12 +0.00000e+00
 4.64159e-05 8.28743e+03 3.79468e-12 +0.00000e+00
 5.77969e-05 8.23251e+03 4.56065e-12 +0.00000e+00
 7.19686e-05 8.17964e+03 5.46698e-12 +0.00000e+00
 8.96151e-05 8.13092e+03 6.54213e-12 +0.00000e+00
 1.11588e-04 8.08833e+03 7.82288e-12 +0.00000e+00
 1.38950e-04 8.05307e+03 9.35402e-12 +0.00000e+00
 1.73020e-04 8.02603e+03 1.11910e-11 +0.00000e+00
 2.15443e-04 8.00800e+03 1.34013e-11 +0.00000e+00
 2.68270e-04 7.99899e+03 1.60682e-11 +0.00000e+00
 3.34048e-04 7.99902e+03 1.92848e-11 +0.00000e+00
 4.15956e-04 8.00799e+03 2.31643e-11 +0.00000e+00
 5.17947e-04 8.02420e+03 2.78461e-11 +0.00000e+00
 6.44947e-04 8.04773e+03 3.34798e-11 +0.00000e+00
 8.03086e-04 8.07698e+03 4.02614e-11 +0.00000e+00
 1.00000e-03 8.11174e+03 4.83824e-11 +0.00000e+00
 1.24520e-03 8.15083e+03 5.80557e-11 -2.54584e-07
 1.55052e-03 8.19448e+03 6.95032e-11 -3.17007e-07
 1.93070e-03 8.24108e+03 8.29710e-11 -3.94736e-07
 2.40410e-03 8.29007e+03 9.87010e-11 -4.91524e-07
 2.99358e-03 8.34205e+03 1.16883e-10 -6.12045e-07
 3.72759e-03 8.39687e+03 1.37742e-10 -7.62114e-07
 4.64159e-03 8.45452e+03 1.61463e-10 -9.48988e-07
 5.77969e-03 8.51529e+03 1.88185e-10 -1.18167e-06
 7.19686e-03 8.57900e+03 2.18033e-10 -1.47142e-06
 8.96151e-03 8.64714e+03 2.50999e-10 -1.83221e-06
 1.11588e-02 8.72063e+03 2.86949e-10 -2.28146e-06
 1.38950e-02 8.79990e+03 3.25683e-10 -2.84072e-06
 1.73020e-02 8.88657e+03 3.66740e-10 -3.53365e-06
 2.15443e-02 8.98198e+03 4.09473e-10 -4.39375e-06
 2.68270e-02 9.08809e+03 4.53003e-10 -5.46714e-06
 3.34048e-02 9.20699e+03 4.96199e-10 -6.80919e-06
 4.15956e-02 9.34105e+03 5.37791e-10 -8.48554e-06
 5.17947e-02 9.49262e+03 5.76563e-10 -1.05757e-05
 6.44947e-02 9.66377e+03 6.11680e-10 -1.31780e-05
 8.03086e-02 9.85592e+03 6.43063e-10 -1.64156e-05
 1.00000e-01 1.00696e+04 6.71662e-10 -2.04439e-05
 1.24520e-01 1.03043e+04 6.99451e-10 -2.54581e-05
 1.55052e-01 1.05590e+04 7.29101e-10 -3.17006e-05
 1.93070e-01 1.08320e+04 7.63486e-10 -3.94736e-05
 2.40410e-01 1.11218e+04 8.05285e-10 -4.91524e-05
 2.99358e-01 1.14271e+04 8.56835e-10 -6.12045e-05
 3.72759e-01 1.17471e+04 9.20183e-10 -7.62114e-05
 4.64159e-01 1.20812e+04 9.97230e-10 -9.48988e-05
 5.77969e-01 1.24292e+04 1.08986e-09 -1.18167e-04
 7.19686e-01 1.27912e+04 1.20002e-09 -1.47142e-04
 8.96151e-01 1.31674e+04 1.32978e-09 -1.83221e-04
 1.11588e+00 1.35584e+04 1.48136e-09 -2.28146e-04
 1.38950e+00 1.39652e+04 1.65711e-09 -2.84086e-04
 1.73020e+00 1.43883e+04 1.85960e-09 -3.53743e-04
 2.15443e+00 1.48274e+04 2.09164e-09 -4.40480e-04
 2.68270e+00 1.52820e+04 2.35617e-09 -5.48484e-04
 3.34048e+00 1.57529e+04 2.65609e-09 -6.13358e-04
 4.15956e+00 1.62429e+04 2.99438e-09 -6.13358e-04
 5.17947e+00 1.67555e+04 3.37462e-09 -6.13358e-04
 6.44947e+00 1.72876e+04 3.80303e-09 -6.13358e-04
 8.03086e+00 1.78479e+04 4.28481e-09 -6.13357e-04
 1.00000e+01 1.84324e+04 4.83002e-09 -6.13357e-04
 1.24520e+01 1.90504e+04 5.44663e-09 -6.13357e-04
 1.55052e+01 1.96902e+04 6.14905e-09 -6.13357e-04
 1.93070e+01 2.04076e+04 6.93294e-09 -6.13356e-04
 2.40410e+01 2.10692e+04 7.85504e-09 -6.13352e-04
 2.99358e+01 2.19649e+04 8.83222e-09 -6.13349e-04
 3.72759e+01 2.26247e+04 1.00537e-08 -6.13326e-04
 4.64159e+01 2.36526e+04 1.12939e-08 -6.13304e-04
 5.77969e+01 2.45940e+04 1.27879e-08 -6.13205e-04
 7.19686e+01 2.53481e+04 1.45812e-08 -6.12655e-04
 8.96151e+01 2.69122e+04 1.62337e-08 -6.12570e-04
 1.11588e+02 2.75651e+04 1.86926e-08 -6.07802e-04
 1.38950e+02 2.92788e+04 2.08114e-08 -6.06424e-04
 1.73020e+02 3.02488e+04 2.38169e-08 -5.79864e-04
 2.15443e+02 3.22518e+04 2.65300e-08 -5.70103e-04
 2.68270e+02 3.32573e+04 3.04963e-08 -3.71541e-04
 3.34048e+02 3.58139e+04 3.37452e-08 -2.95061e-04
 4.15956e+02 3.69803e+04 3.88684e-08 +1.19712e-03
 5.17947e+02 3.99609e+04 4.28923e-08 +3.36985e-03
 6.44947e+02 4.13309e+04 4.93522e-08 +1.24666e-02
 8.03086e+02 4.85193e+04 5.01137e-08 +1.21189e-03
 1.00000e+03 4.67229e+04 6.39092e-08 +2.85652e-02
