#n1=128 n2=4 Teff=12500 R=2.8089e+13 L=1.3703e+40 logg=+0.50
#   tau          T          rho         Fconv
 0.00000e+00 7.83446e+03 9.54418e-22 +0.00000e+00
 1.00000e-09 7.83446e+03 5.73451e-21 +0.00000e+00
 1.24520e-09 7.83948e+03 6.93686e-21 +0.00000e+00
 1.55052e-09 7.84443e+03 8.44279e-21 +0.00000e+00
 1.93070e-09 7.84957e+03 1.03289e-20 +0.00000e+00
 2.40410e-09 7.85491e+03 1.26915e-20 +0.00000e+00
 2.99358e-09 7.86043e+03 1.56512e-20 +0.00000e+00
 3.72759e-09 7.86615e+03 1.93592e-20 +0.00000e+00
 4.64159e-09 7.87206e+03 2.40049e-20 +0.00000e+00
 5.77969e-09 7.87818e+03 2.98258e-20 +0.00000e+00
 7.19686e-09 7.88450e+03 3.71194e-20 +0.00000e+00
 8.96151e-09 7.89105e+03 4.62586e-20 +0.00000e+00
 1.11588e-08 7.89783e+03 5.77109e-20 +0.00000e+00
 1.38950e-08 7.90484e+03 7.20620e-20 +0.00000e+00
 1.73020e-08 7.91211e+03 9.00464e-20 +0.00000e+00
 2.15443e-08 7.91964e+03 1.12585e-19 +0.00000e+00
 2.68270e-08 7.92741e+03 1.40832e-19 +0.00000e+00
 3.34048e-08 7.93544e+03 1.76236e-19 +0.00000e+00
 4.15956e-08 7.94371e+03 2.20612e-19 +0.00000e+00
 5.17947e-08 7.95219e+03 2.76239e-19 +0.00000e+00
 6.44947e-08 7.96086e+03 3.45976e-19 +0.00000e+00
 8.03086e-08 7.96969e+03 4.33410e-19 +0.00000e+00
 1.00000e-07 7.97864e+03 5.43046e-19 +0.00000e+00
 1.24520e-07 7.98768e+03 6.80558e-19 +0.00000e+00
 1.55052e-07 7.99679e+03 8.53062e-19 +0.00000e+00
 1.93070e-07 8.00595e+03 1.06960e-18 +0.00000e+00
 2.40410e-07 8.01519e+03 1.34154e-18 +0.00000e+00
 2.99358e-07 8.02454e+03 1.68339e-18 +0.00000e+00
 3.72759e-07 8.03408e+03 2.11339e-18 +0.00000e+00
 4.64159e-07 8.04391e+03 2.65438e-18 +0.00000e+00
 5.77969e-07 8.05419e+03 3.33466e-18 +0.00000e+00
 7.19686e-07 8.06506e+03 4.18927e-18 +0.00000e+00
 8.96151e-07 8.07672e+03 5.26220e-18 +0.00000e+00
 1.11588e-06 8.08936e+03 6.60871e-18 +0.00000e+00
 1.38950e-06 8.10317e+03 8.29767e-18 +0.00000e+00
 1.73020e-06 8.11837e+03 1.04150e-17 +0.00000e+00
 2.15443e-06 8.13512e+03 1.30679e-17 +0.00000e+00
 2.68270e-06 8.15360e+03 1.63906e-17 +0.00000e+00
 3.34048e-06 8.17393e+03 2.05507e-17 +0.00000e+00
 4.15956e-06 8.19620e+03 2.57589e-17 +0.00000e+00
 5.17947e-06 8.22043e+03 3.22793e-17 +0.00000e+00
 6.44947e-06 8.24658e+03 4.04451e-17 +0.00000e+00
 8.03086e-06 8.27455e+03 5.06769e-17 +0.00000e+00
 1.00000e-05 8.30411e+03 6.35065e-17 +0.00000e+00
 1.24520e-05 8.33498e+03 7.96066e-17 +0.00000e+00
 1.55052e-05 8.36675e+03 9.98247e-17 +0.00000e+00
 1.93070e-05 8.39892e+03 1.25222e-16 +0.00000e+00
 2.40410e-05 8.43096e+03 1.57115e-16 +0.00000e+00
 2.99358e-05 8.46235e+03 1.97132e-16 +0.00000e+00
 3.72759e-05 8.49252e+03 2.47296e-16 +0.00000e+00
 4.64159e-05 8.52130e+03 3.10140e-16 +0.00000e+00
 5.77969e-05 8.54884e+03 3.88850e-16 +0.00000e+00
 7.19686e-05 8.57553e+03 4.87404e-16 +0.00000e+00
 8.96151e-05 8.60189e+03 6.10763e-16 +0.00000e+00
 1.11588e-04 8.62841e+03 7.65102e-16 +0.00000e+00
 1.38950e-04 8.65543e+03 9.58130e-16 +0.00000e+00
 1.73020e-04 8.68305e+03 1.19948e-15 +0.00000e+00
 2.15443e-04 8.71133e+03 1.50118e-15 +0.00000e+00
 2.68270e-04 8.74031e+03 1.87823e-15 +0.00000e+00
 3.34048e-04 8.77013e+03 2.34932e-15 +0.00000e+00
 4.15956e-04 8.80099e+03 2.93771e-15 +0.00000e+00
 5.17947e-04 8.83312e+03 3.67238e-15 +0.00000e+00
 6.44947e-04 8.86673e+03 4.58935e-15 +0.00000e+00
 8.03086e-04 8.90204e+03 5.73341e-15 +0.00000e+00
 1.00000e-03 8.93927e+03 7.16020e-15 +0.00000e+00
 1.24520e-03 8.97867e+03 8.93877e-15 -2.54972e-07
 1.55052e-03 9.02043e+03 1.11548e-14 -3.17491e-07
 1.93070e-03 9.06476e+03 1.39144e-14 -3.95339e-07
 2.40410e-03 9.11192e+03 1.73489e-14 -4.92275e-07
 2.99358e-03 9.16218e+03 2.16206e-14 -6.12979e-07
 3.72759e-03 9.21581e+03 2.69297e-14 -7.63277e-07
 4.64159e-03 9.27306e+03 3.35235e-14 -9.50437e-07
 5.77969e-03 9.33412e+03 4.17066e-14 -1.18348e-06
 7.19686e-03 9.39909e+03 5.18546e-14 -1.47366e-06
 8.96151e-03 9.46798e+03 6.44298e-14 -1.83500e-06
 1.11588e-02 9.54073e+03 8.00011e-14 -2.28494e-06
 1.38950e-02 9.61713e+03 9.92685e-14 -2.84520e-06
 1.73020e-02 9.69706e+03 1.23091e-13 -3.54283e-06
 2.15443e-02 9.78056e+03 1.52520e-13 -4.41152e-06
 2.68270e-02 9.86789e+03 1.88838e-13 -5.49321e-06
 3.34048e-02 9.95958e+03 2.33604e-13 -6.84013e-06
 4.15956e-02 1.00564e+04 2.88699e-13 -8.51731e-06
 5.17947e-02 1.01597e+04 3.56379e-13 -1.06058e-05
 6.44947e-02 1.02711e+04 4.39324e-13 -1.32063e-05
 8.03086e-02 1.03926e+04 5.40695e-13 -1.64443e-05
 1.00000e-01 1.05269e+04 6.64173e-13 -2.04765e-05
 1.24520e-01 1.06772e+04 8.14002e-13 -2.54972e-05
 1.55052e-01 1.08468e+04 9.94998e-13 -3.17491e-05
 1.93070e-01 1.10394e+04 1.21254e-12 -3.95339e-05
 2.40410e-01 1.12584e+04 1.47249e-12 -4.92275e-05
 2.99358e-01 1.15067e+04 1.78109e-12 -6.12979e-05
 3.72759e-01 1.17866e+04 2.14481e-12 -7.63277e-05
 4.64159e-01 1.20996e+04 2.57058e-12 -9.50437e-05
 5.77969e-01 1.24470e+04 3.06671e-12 -1.18348e-04
 7.19686e-01 1.28303e+04 3.64476e-12 -1.47366e-04
 8.96151e-01 1.32515e+04 4.32101e-12 -1.83500e-04
 1.11588e+00 1.37134e+04 5.11608e-12 -2.28494e-04
 1.38950e+00 1.42194e+04 6.05336e-12 -2.84520e-04
 1.73020e+00 1.47740e+04 7.15811e-12 -3.54283e-04
 2.15443e+00 1.53823e+04 8.45754e-12 -4.41152e-04
 2.68270e+00 1.60504e+04 9.98189e-12 -5.49321e-04
 3.34048e+00 1.67785e+04 1.17693e-11 -6.14294e-04
 4.15956e+00 1.75634e+04 1.38672e-11 -6.14294e-04
 5.17947e+00 1.84137e+04 1.63221e-11 -6.14294e-04
 6.44947e+00 1.93072e+04 1.92152e-11 -6.14294e-04
 8.03086e+00 2.02696e+04 2.25964e-11 -6.14294e-04
 1.00000e+01 2.12731e+04 2.65803e-11 -6.14294e-04
 1.24520e+01 2.23510e+04 3.12286e-11 -6.14294e-04
 1.55052e+01 2.34574e+04 3.67154e-11 -6.14294e-04
 1.93070e+01 2.47222e+04 4.29828e-11 -6.14294e-04
 2.40410e+01 2.59103e+04 5.05540e-11 -6.14294e-04
 2.99358e+01 2.74310e+04 5.88260e-11 -6.14294e-04
 3.72759e+01 2.87613e+04 6.89689e-11 -6.14294e-04
 4.64159e+01 3.04453e+04 7.97176e-11 -6.14294e-04
 5.77969e+01 3.21352e+04 9.20147e-11 -6.14294e-04
 7.19686e+01 3.38250e+04 1.06329e-10 -6.14294e-04
 8.96151e+01 3.58718e+04 1.22126e-10 -6.14294e-04
 1.11588e+02 3.76802e+04 1.42102e-10 -6.14294e-04
 1.38950e+02 3.98719e+04 1.64428e-10 -6.14294e-04
 1.73020e+02 4.18679e+04 1.91900e-10 -6.14294e-04
 2.15443e+02 4.41992e+04 2.22890e-10 -6.14294e-04
 2.68270e+02 4.63207e+04 2.60642e-10 -6.14294e-04
 3.34048e+02 4.87365e+04 3.03387e-10 -6.14294e-04
 4.15956e+02 5.12458e+04 3.53361e-10 -6.14294e-04
 5.17947e+02 5.31847e+04 4.15665e-10 -6.14294e-04
 6.44947e+02 5.65899e+04 4.77779e-10 -6.14294e-04
 8.03086e+02 5.81495e+04 5.66289e-10 -6.14294e-04
 1.00000e+03 6.15619e+04 6.49855e-10 -6.14294e-04
