#n1=128 n2=4 Teff=12000 R=1.5940e+12 L=3.7580e+37 logg=+2.50
#   tau          T          rho         Fconv
 0.00000e+00 9.32858e+03 7.93931e-22 +0.00000e+00
 1.00000e-09 9.32858e+03 7.17821e-19 +0.00000e+00
 1.24520e-09 9.32891e+03 8.94659e-19 +0.00000e+00
 1.55052e-09 9.32928e+03 1.11510e-18 +0.00000e+00
 1.93070e-09 9.32973e+03 1.38990e-18 +0.00000e+00
 2.40410e-09 9.33026e+03 1.73245e-18 +0.00000e+00
 2.99358e-09 9.33084e+03 2.15947e-18 +0.00000e+00
 3.72759e-09 9.33145e+03 2.69178e-18 +0.00000e+00
 4.64159e-09 9.33206e+03 3.35539e-18 +0.00000e+00
 5.77969e-09 9.33262e+03 4.18269e-18 +0.00000e+00
 7.19686e-09 9.33306e+03 5.21413e-18 +0.00000e+00
 8.96151e-09 9.33330e+03 6.50014e-18 +0.00000e+00
 1.11588e-08 9.33322e+03 8.10369e-18 +0.00000e+00
 1.38950e-08 9.33265e+03 1.01033e-17 +0.00000e+00
 1.73020e-08 9.33133e+03 1.25975e-17 +0.00000e+00
 2.15443e-08 9.32853e+03 1.57087e-17 +0.00000e+00
 2.68270e-08 9.30095e+03 1.96415e-17 +0.00000e+00
 3.34048e-08 8.67639e+03 2.62419e-17 +0.00000e+00
 4.15956e-08 8.08677e+03 3.51200e-17 +0.00000e+00
 5.17947e-08 7.89699e+03 4.48747e-17 +0.00000e+00
 6.44947e-08 7.83207e+03 5.64858e-17 +0.00000e+00
 8.03086e-08 7.79637e+03 7.09103e-17 +0.00000e+00
 1.00000e-07 7.77237e+03 8.89293e-17 +0.00000e+00
 1.24520e-07 7.75420e+03 1.11517e-16 +0.00000e+00
 1.55052e-07 7.73909e+03 1.39906e-16 +0.00000e+00
 1.93070e-07 7.72546e+03 1.75652e-16 +0.00000e+00
 2.40410e-07 7.71222e+03 2.20720e-16 +0.00000e+00
 2.99358e-07 7.69857e+03 2.77593e-16 +0.00000e+00
 3.72759e-07 7.68394e+03 3.49399e-16 +0.00000e+00
 4.64159e-07 7.66800e+03 4.40048e-16 +0.00000e+00
 5.77969e-07 7.65082e+03 5.54396e-16 +0.00000e+00
 7.19686e-07 7.63281e+03 6.98431e-16 +0.00000e+00
 8.96151e-07 7.61483e+03 8.79506e-16 +0.00000e+00
 1.11588e-06 7.59778e+03 1.10666e-15 +0.00000e+00
 1.38950e-06 7.58245e+03 1.39104e-15 +0.00000e+00
 1.73020e-06 7.56953e+03 1.74640e-15 +0.00000e+00
 2.15443e-06 7.55871e+03 2.19004e-15 +0.00000e+00
 2.68270e-06 7.55027e+03 2.74328e-15 +0.00000e+00
 3.34048e-06 7.54419e+03 3.43278e-15 +0.00000e+00
 4.15956e-06 7.54047e+03 4.29161e-15 +0.00000e+00
 5.17947e-06 7.53900e+03 5.36095e-15 +0.00000e+00
 6.44947e-06 7.53983e+03 6.69187e-15 +0.00000e+00
 8.03086e-06 7.54298e+03 8.34775e-15 +0.00000e+00
 1.00000e-05 7.54850e+03 1.04072e-14 +0.00000e+00
 1.24520e-05 7.55648e+03 1.29674e-14 +0.00000e+00
 1.55052e-05 7.56705e+03 1.61488e-14 +0.00000e+00
 1.93070e-05 7.58040e+03 2.00999e-14 +0.00000e+00
 2.40410e-05 7.59687e+03 2.50038e-14 +0.00000e+00
 2.99358e-05 7.61690e+03 3.10846e-14 +0.00000e+00
 3.72759e-05 7.64104e+03 3.86168e-14 +0.00000e+00
 4.64159e-05 7.66985e+03 4.79349e-14 +0.00000e+00
 5.77969e-05 7.70388e+03 5.94457e-14 +0.00000e+00
 7.19686e-05 7.74350e+03 7.36437e-14 +0.00000e+00
 8.96151e-05 7.78889e+03 9.11276e-14 +0.00000e+00
 1.11588e-04 7.84000e+03 1.12621e-13 +0.00000e+00
 1.38950e-04 7.89655e+03 1.38996e-13 +0.00000e+00
 1.73020e-04 7.95806e+03 1.71300e-13 +0.00000e+00
 2.15443e-04 8.02388e+03 2.10794e-13 +0.00000e+00
 2.68270e-04 8.09324e+03 2.58986e-13 +0.00000e+00
 3.34048e-04 8.16524e+03 3.17691e-13 +0.00000e+00
 4.15956e-04 8.23890e+03 3.89094e-13 +0.00000e+00
 5.17947e-04 8.31324e+03 4.75824e-13 +0.00000e+00
 6.44947e-04 8.38727e+03 5.81048e-13 +0.00000e+00
 8.03086e-04 8.46002e+03 7.08554e-13 +0.00000e+00
 1.00000e-03 8.53061e+03 8.62843e-13 +0.00000e+00
 1.24520e-03 8.59832e+03 1.04920e-12 -2.54297e-07
 1.55052e-03 8.66271e+03 1.27377e-12 -3.16650e-07
 1.93070e-03 8.72369e+03 1.54358e-12 -3.94292e-07
 2.40410e-03 8.78151e+03 1.86669e-12 -4.90972e-07
 2.99358e-03 8.83681e+03 2.25227e-12 -6.11357e-07
 3.72759e-03 8.89043e+03 2.71073e-12 -7.61259e-07
 4.64159e-03 8.94330e+03 3.25377e-12 -9.47918e-07
 5.77969e-03 8.99637e+03 3.89451e-12 -1.18034e-06
 7.19686e-03 9.05057e+03 4.64736e-12 -1.46976e-06
 8.96151e-03 9.10675e+03 5.52776e-12 -1.83014e-06
 1.11588e-02 9.16580e+03 6.55280e-12 -2.27889e-06
 1.38950e-02 9.22864e+03 7.74122e-12 -2.83767e-06
 1.73020e-02 9.29628e+03 9.11253e-12 -3.53345e-06
 2.15443e-02 9.36988e+03 1.06880e-11 -4.39985e-06
 2.68270e-02 9.45066e+03 1.24897e-11 -5.47867e-06
 3.34048e-02 9.53999e+03 1.45416e-11 -6.82203e-06
 4.15956e-02 9.63932e+03 1.68703e-11 -8.49477e-06
 5.17947e-02 9.75017e+03 1.95047e-11 -1.05777e-05
 6.44947e-02 9.87411e+03 2.24780e-11 -1.31713e-05
 8.03086e-02 1.00127e+04 2.58290e-11 -1.64009e-05
 1.00000e-01 1.01675e+04 2.96038e-11 -2.04223e-05
 1.24520e-01 1.03399e+04 3.38577e-11 -2.54297e-05
 1.55052e-01 1.05312e+04 3.86571e-11 -3.16650e-05
 1.93070e-01 1.07425e+04 4.40814e-11 -3.94292e-05
 2.40410e-01 1.09747e+04 5.02250e-11 -4.90972e-05
 2.99358e-01 1.12285e+04 5.71978e-11 -6.11357e-05
 3.72759e-01 1.15042e+04 6.51271e-11 -7.61259e-05
 4.64159e-01 1.18020e+04 7.41574e-11 -9.47918e-05
 5.77969e-01 1.21219e+04 8.44499e-11 -1.18034e-04
 7.19686e-01 1.24635e+04 9.61797e-11 -1.46976e-04
 8.96151e-01 1.28266e+04 1.09531e-10 -1.83014e-04
 1.11588e+00 1.32110e+04 1.24691e-10 -2.27889e-04
 1.38950e+00 1.36164e+04 1.41842e-10 -2.83767e-04
 1.73020e+00 1.40431e+04 1.61167e-10 -3.53345e-04
 2.15443e+00 1.44929e+04 1.82878e-10 -4.39985e-04
 2.68270e+00 1.49682e+04 2.07277e-10 -5.47867e-04
 3.34048e+00 1.54672e+04 2.34884e-10 -6.12668e-04
 4.15956e+00 1.59865e+04 2.66365e-10 -6.12668e-04
 5.17947e+00 1.65355e+04 3.02247e-10 -6.12668e-04
 6.44947e+00 1.70984e+04 3.43517e-10 -6.12668e-04
 8.03086e+00 1.77042e+04 3.90372e-10 -6.12668e-04
 1.00000e+01 1.83271e+04 4.44173e-10 -6.12668e-04
 1.24520e+01 1.89922e+04 5.05281e-10 -6.12668e-04
 1.55052e+01 1.96627e+04 5.75516e-10 -6.12668e-04
 1.93070e+01 2.04425e+04 6.53565e-10 -6.12668e-04
 2.40410e+01 2.11084e+04 7.46722e-10 -6.12668e-04
 2.99358e+01 2.20816e+04 8.43976e-10 -6.12668e-04
 3.72759e+01 2.27305e+04 9.67959e-10 -6.12668e-04
 4.64159e+01 2.38246e+04 1.09165e-09 -6.12668e-04
 5.77969e+01 2.47377e+04 1.24433e-09 -6.12668e-04
 7.19686e+01 2.55841e+04 1.42093e-09 -6.12668e-04
 8.96151e+01 2.70316e+04 1.59488e-09 -6.12668e-04
 1.11588e+02 2.78296e+04 1.83366e-09 -6.12668e-04
 1.38950e+02 2.93577e+04 2.06022e-09 -6.12668e-04
 1.73020e+02 3.04935e+04 2.35091e-09 -6.12666e-04
 2.15443e+02 3.22611e+04 2.64005e-09 -6.12661e-04
 2.68270e+02 3.34589e+04 3.01968e-09 -6.12609e-04
 3.34048e+02 3.56557e+04 3.36068e-09 -6.12288e-04
 4.15956e+02 3.74455e+04 3.80059e-09 -6.10213e-04
 5.17947e+02 3.86685e+04 4.35267e-09 -5.98130e-04
 6.44947e+02 4.34130e+04 4.59118e-09 -6.12162e-04
 8.03086e+02 4.26968e+04 5.57965e-09 -5.71385e-04
 1.00000e+03 4.74825e+04 5.91437e-09 -6.11661e-04
