#n1=128 n2=4 Teff=12000 R=1.3482e+11 L=2.6849e+35 logg=+4.50
#      tau          T          rho         Fconv
  0.00000e+00  6.33230e+03  1.20957e-21 +0.00000e+00
  1.00000e-09  6.33230e+03  1.36126e-16 +0.00000e+00
  1.24520e-09  6.32873e+03  1.69645e-16 +0.00000e+00
  1.55052e-09  6.32604e+03  2.11386e-16 +0.00000e+00
  1.93070e-09  6.32416e+03  2.63362e-16 +0.00000e+00
  2.40410e-09  6.32303e+03  3.28079e-16 +0.00000e+00
  2.99358e-09  6.32261e+03  4.08656e-16 +0.00000e+00
  3.72759e-09  6.32286e+03  5.08976e-16 +0.00000e+00
  4.64159e-09  6.32375e+03  6.33872e-16 +0.00000e+00
  5.77969e-09  6.32528e+03  7.89358e-16 +0.00000e+00
  7.19686e-09  6.32746e+03  9.82923e-16 +0.00000e+00
  8.96151e-09  6.33029e+03  1.22388e-15 +0.00000e+00
  1.11588e-08  6.33383e+03  1.52384e-15 +0.00000e+00
  1.38950e-08  6.33812e+03  1.89722e-15 +0.00000e+00
  1.73020e-08  6.34323e+03  2.36197e-15 +0.00000e+00
  2.15443e-08  6.34926e+03  2.94042e-15 +0.00000e+00
  2.68270e-08  6.35631e+03  3.66031e-15 +0.00000e+00
  3.34048e-08  6.36452e+03  4.55606e-15 +0.00000e+00
  4.15956e-08  6.37404e+03  5.67033e-15 +0.00000e+00
  5.17947e-08  6.38503e+03  7.05590e-15 +0.00000e+00
  6.44947e-08  6.39767e+03  8.77809e-15 +0.00000e+00
  8.03086e-08  6.41217e+03  1.09177e-14 +0.00000e+00
  1.00000e-07  6.42874e+03  1.35748e-14 +0.00000e+00
  1.24520e-07  6.44761e+03  1.68727e-14 +0.00000e+00
  1.55052e-07  6.46900e+03  2.09643e-14 +0.00000e+00
  1.93070e-07  6.49317e+03  2.60397e-14 +0.00000e+00
  2.40410e-07  6.52036e+03  3.23351e-14 +0.00000e+00
  2.99358e-07  6.55084e+03  4.01474e-14 +0.00000e+00
  3.72759e-07  6.58484e+03  4.98349e-14 +0.00000e+00
  4.64159e-07  6.62260e+03  6.18383e-14 +0.00000e+00
  5.77969e-07  6.66429e+03  7.66968e-14 +0.00000e+00
  7.19686e-07  6.71003e+03  9.50709e-14 +0.00000e+00
  8.96151e-07  6.75989e+03  1.17769e-13 +0.00000e+00
  1.11588e-06  6.81383e+03  1.45779e-13 +0.00000e+00
  1.38950e-06  6.87173e+03  1.80313e-13 +0.00000e+00
  1.73020e-06  6.93333e+03  2.22847e-13 +0.00000e+00
  2.15443e-06  6.99827e+03  2.75171e-13 +0.00000e+00
  2.68270e-06  7.06600e+03  3.39437e-13 +0.00000e+00
  3.34048e-06  7.13590e+03  4.18221e-13 +0.00000e+00
  4.15956e-06  7.20722e+03  5.14585e-13 +0.00000e+00
  5.17947e-06  7.27921e+03  6.32146e-13 +0.00000e+00
  6.44947e-06  7.35119e+03  7.75125e-13 +0.00000e+00
  8.03086e-06  7.42264e+03  9.48381e-13 +0.00000e+00
  1.00000e-05  7.49323e+03  1.15737e-12 +0.00000e+00
  1.24520e-05  7.56277e+03  1.40816e-12 +0.00000e+00
  1.55052e-05  7.63118e+03  1.70753e-12 +0.00000e+00
  1.93070e-05  7.69835e+03  2.06310e-12 +0.00000e+00
  2.40410e-05  7.76416e+03  2.48367e-12 +0.00000e+00
  2.99358e-05  7.82850e+03  2.97956e-12 +0.00000e+00
  3.72759e-05  7.89131e+03  3.56302e-12 +0.00000e+00
  4.64159e-05  7.95265e+03  4.24856e-12 +0.00000e+00
  5.77969e-05  8.01275e+03  5.05328e-12 +0.00000e+00
  7.19686e-05  8.07190e+03  5.99712e-12 +0.00000e+00
  8.96151e-05  8.13050e+03  7.10288e-12 +0.00000e+00
  1.11588e-04  8.18902e+03  8.39593e-12 +0.00000e+00
  1.38950e-04  8.24790e+03  9.90392e-12 +0.00000e+00
  1.73020e-04  8.30758e+03  1.16570e-11 +0.00000e+00
  2.15443e-04  8.36836e+03  1.36869e-11 +0.00000e+00
  2.68270e-04  8.43047e+03  1.60286e-11 +0.00000e+00
  3.34048e-04  8.49399e+03  1.87139e-11 +0.00000e+00
  4.15956e-04  8.55893e+03  2.17788e-11 +0.00000e+00
  5.17947e-04  8.62515e+03  2.52639e-11 +0.00000e+00
  6.44947e-04  8.69248e+03  2.92145e-11 +0.00000e+00
  8.03086e-04  8.76063e+03  3.36918e-11 +0.00000e+00
  1.00000e-03  8.82936e+03  3.87555e-11 +0.00000e+00
  1.24520e-03  8.89837e+03  4.44700e-11 -2.54626e-07
  1.55052e-03  8.96738e+03  5.09225e-11 -3.17060e-07
  1.93070e-03  9.03616e+03  5.81986e-11 -3.94802e-07
  2.40410e-03  9.10449e+03  6.63925e-11 -4.91607e-07
  2.99358e-03  9.17224e+03  7.56288e-11 -6.12148e-07
  3.72759e-03  9.23937e+03  8.60302e-11 -7.62244e-07
  4.64159e-03  9.30598e+03  9.77366e-11 -9.49143e-07
  5.77969e-03  9.37232e+03  1.10902e-10 -1.18187e-06
  7.19686e-03  9.43872e+03  1.25687e-10 -1.47166e-06
  8.96151e-03  9.50559e+03  1.42288e-10 -1.83251e-06
  1.11588e-02  9.57344e+03  1.60893e-10 -2.28184e-06
  1.38950e-02  9.64302e+03  1.81694e-10 -2.84134e-06
  1.73020e-02  9.71533e+03  2.04880e-10 -3.53802e-06
  2.15443e-02  9.79159e+03  2.30625e-10 -4.40553e-06
  2.68270e-02  9.87325e+03  2.59066e-10 -5.48576e-06
  3.34048e-02  9.96190e+03  2.90336e-10 -6.83085e-06
  4.15956e-02  1.00593e+04  3.24515e-10 -8.50576e-06
  5.17947e-02  1.01673e+04  3.61675e-10 -1.05913e-05
  6.44947e-02  1.02877e+04  4.01885e-10 -1.31883e-05
  8.03086e-02  1.04225e+04  4.45261e-10 -1.64221e-05
  1.00000e-01  1.05736e+04  4.92010e-10 -2.04487e-05
  1.24520e-01  1.07428e+04  5.42493e-10 -2.54626e-05
  1.55052e-01  1.09319e+04  5.97281e-10 -3.17060e-05
  1.93070e-01  1.11424e+04  6.57212e-10 -3.94802e-05
  2.40410e-01  1.13753e+04  7.23426e-10 -4.91607e-05
  2.99358e-01  1.16313e+04  7.97366e-10 -6.12147e-05
  3.72759e-01  1.19106e+04  8.80760e-10 -7.62243e-05
  4.64159e-01  1.22125e+04  9.75577e-10 -9.49143e-05
  5.77969e-01  1.25365e+04  1.08399e-09 -1.18187e-04
  7.19686e-01  1.28816e+04  1.20834e-09 -1.47166e-04
  8.96151e-01  1.32470e+04  1.35111e-09 -1.83251e-04
  1.11588e+00  1.36321e+04  1.51495e-09 -2.28184e-04
  1.38950e+00  1.40365e+04  1.70263e-09 -2.84134e-04
  1.73020e+00  1.44604e+04  1.91698e-09 -3.53802e-04
  2.15443e+00  1.49060e+04  2.16069e-09 -4.40553e-04
  2.68270e+00  1.53769e+04  2.43633e-09 -5.48576e-04
  3.34048e+00  1.58702e+04  2.74768e-09 -6.13460e-04
  4.15956e+00  1.63815e+04  3.09901e-09 -6.13460e-04
  5.17947e+00  1.69237e+04  3.49250e-09 -6.13460e-04
  6.44947e+00  1.74781e+04  3.93831e-09 -6.13460e-04
  8.03086e+00  1.80796e+04  4.43626e-09 -6.13460e-04
  1.00000e+01  1.86993e+04  5.00400e-09 -6.13460e-04
  1.24520e+01  1.93631e+04  5.64556e-09 -6.13460e-04
  1.55052e+01  2.00367e+04  6.38205e-09 -6.13460e-04
  1.93070e+01  2.08188e+04  7.19707e-09 -6.13460e-04
  2.40410e+01  2.14959e+04  8.17290e-09 -6.13459e-04
  2.99358e+01  2.24785e+04  9.18554e-09 -6.13459e-04
  3.72759e+01  2.31364e+04  1.04844e-08 -6.13454e-04
  4.64159e+01  2.42681e+04  1.17647e-08 -6.13452e-04
  5.77969e+01  2.51734e+04  1.33687e-08 -6.13425e-04
  7.19686e+01  2.60438e+04  1.52061e-08 -6.13309e-04
  8.96151e+01  2.75383e+04  1.69976e-08 -6.13253e-04
  1.11588e+02  2.83297e+04  1.95023e-08 -6.12077e-04
  1.38950e+02  2.98503e+04  2.18601e-08 -6.10930e-04
  1.73020e+02  3.10556e+04  2.48411e-08 -6.03935e-04
  2.15443e+02  3.28291e+04  2.78596e-08 -5.95120e-04
  2.68270e+02  3.40692e+04  3.18013e-08 -5.24855e-04
  3.34048e+02  3.63671e+04  3.53992e-08 -4.38878e-04
  4.15956e+02  3.80252e+04  4.02958e-08 +2.69173e-04
  5.17947e+02  3.94285e+04  4.59918e-08 +3.56443e-03
  6.44947e+02  4.55783e+04  4.73234e-08 +1.13094e-03
  8.03086e+02  4.34463e+04  5.97641e-08 +2.26380e-02
  1.00000e+03  4.95651e+04  6.14604e-08 +5.58614e-03
