#n1=128 n2=4 Teff=12500 R=1.3677e+13 L=3.2509e+39 logg=+1.00
#   tau          T          rho         Fconv
 0.00000e+00 9.40164e+03 7.94699e-22 +0.00000e+00
 1.00000e-09 9.40164e+03 1.66123e-20 +0.00000e+00
 1.24520e-09 9.40352e+03 2.05839e-20 +0.00000e+00
 1.55052e-09 9.40592e+03 2.55512e-20 +0.00000e+00
 1.93070e-09 9.40874e+03 3.17642e-20 +0.00000e+00
 2.40410e-09 9.41191e+03 3.95352e-20 +0.00000e+00
 2.99358e-09 9.41538e+03 4.92553e-20 +0.00000e+00
 3.72759e-09 9.41911e+03 6.14133e-20 +0.00000e+00
 4.64159e-09 9.42305e+03 7.66212e-20 +0.00000e+00
 5.77969e-09 9.42717e+03 9.56443e-20 +0.00000e+00
 7.19686e-09 9.43144e+03 1.19440e-19 +0.00000e+00
 8.96151e-09 9.43582e+03 1.49208e-19 +0.00000e+00
 1.11588e-08 9.44030e+03 1.86446e-19 +0.00000e+00
 1.38950e-08 9.44486e+03 2.33032e-19 +0.00000e+00
 1.73020e-08 9.44947e+03 2.91316e-19 +0.00000e+00
 2.15443e-08 9.45413e+03 3.64239e-19 +0.00000e+00
 2.68270e-08 9.45883e+03 4.55486e-19 +0.00000e+00
 3.34048e-08 9.46356e+03 5.69670e-19 +0.00000e+00
 4.15956e-08 9.46834e+03 7.12572e-19 +0.00000e+00
 5.17947e-08 9.47315e+03 8.91438e-19 +0.00000e+00
 6.44947e-08 9.47801e+03 1.11535e-18 +0.00000e+00
 8.03086e-08 9.48292e+03 1.39569e-18 +0.00000e+00
 1.00000e-07 9.48791e+03 1.74676e-18 +0.00000e+00
 1.24520e-07 9.49298e+03 2.18646e-18 +0.00000e+00
 1.55052e-07 9.49813e+03 2.73727e-18 +0.00000e+00
 1.93070e-07 9.50339e+03 3.42742e-18 +0.00000e+00
 2.40410e-07 9.50876e+03 4.29226e-18 +0.00000e+00
 2.99358e-07 9.51425e+03 5.37624e-18 +0.00000e+00
 3.72759e-07 9.51986e+03 6.73513e-18 +0.00000e+00
 4.64159e-07 9.52559e+03 8.43904e-18 +0.00000e+00
 5.77969e-07 9.53145e+03 1.05760e-17 +0.00000e+00
 7.19686e-07 9.53744e+03 1.32564e-17 +0.00000e+00
 8.96151e-07 9.54355e+03 1.66182e-17 +0.00000e+00
 1.11588e-06 9.54977e+03 2.08337e-17 +0.00000e+00
 1.38950e-06 9.55607e+03 2.61184e-17 +0.00000e+00
 1.73020e-06 9.56243e+03 3.27419e-17 +0.00000e+00
 2.15443e-06 9.56880e+03 4.10414e-17 +0.00000e+00
 2.68270e-06 9.57510e+03 5.14392e-17 +0.00000e+00
 3.34048e-06 9.58123e+03 6.44646e-17 +0.00000e+00
 4.15956e-06 9.58705e+03 8.07828e-17 +0.00000e+00
 5.17947e-06 9.59238e+03 1.01232e-16 +0.00000e+00
 6.44947e-06 9.59696e+03 1.26859e-16 +0.00000e+00
 8.03086e-06 9.60061e+03 1.59010e-16 +0.00000e+00
 1.00000e-05 9.60268e+03 1.99349e-16 +0.00000e+00
 1.24520e-05 9.60269e+03 2.50044e-16 +0.00000e+00
 1.55052e-05 9.59997e+03 3.13807e-16 +0.00000e+00
 1.93070e-05 9.59361e+03 3.94199e-16 +0.00000e+00
 2.40410e-05 9.58244e+03 4.95643e-16 +0.00000e+00
 2.99358e-05 9.56465e+03 6.24213e-16 +0.00000e+00
 3.72759e-05 9.53571e+03 7.87375e-16 +0.00000e+00
 4.64159e-05 9.49449e+03 9.95294e-16 +0.00000e+00
 5.77969e-05 9.44370e+03 1.25908e-15 +0.00000e+00
 7.19686e-05 9.38959e+03 1.59230e-15 +0.00000e+00
 8.96151e-05 9.34233e+03 2.01069e-15 +0.00000e+00
 1.11588e-04 9.30549e+03 2.53466e-15 +0.00000e+00
 1.38950e-04 9.27801e+03 3.19021e-15 +0.00000e+00
 1.73020e-04 9.25784e+03 4.01019e-15 +0.00000e+00
 2.15443e-04 9.24309e+03 5.03574e-15 +0.00000e+00
 2.68270e-04 9.23219e+03 6.31842e-15 +0.00000e+00
 3.34048e-04 9.22373e+03 7.92287e-15 +0.00000e+00
 4.15956e-04 9.21640e+03 9.93028e-15 +0.00000e+00
 5.17947e-04 9.20894e+03 1.24427e-14 +0.00000e+00
 6.44947e-04 9.20012e+03 1.55886e-14 +0.00000e+00
 8.03086e-04 9.18878e+03 1.95298e-14 +0.00000e+00
 1.00000e-03 9.17401e+03 2.44696e-14 +0.00000e+00
 1.24520e-03 9.15533e+03 3.06625e-14 -2.54808e-07
 1.55052e-03 9.13298e+03 3.84254e-14 -3.17287e-07
 1.93070e-03 9.10807e+03 4.81493e-14 -3.95084e-07
 2.40410e-03 9.08246e+03 6.03134e-14 -4.91958e-07
 2.99358e-03 9.05816e+03 7.55039e-14 -6.12585e-07
 3.72759e-03 9.03690e+03 9.44385e-14 -7.62786e-07
 4.64159e-03 9.01981e+03 1.17996e-13 -9.49825e-07
 5.77969e-03 9.00748e+03 1.47253e-13 -1.18272e-06
 7.19686e-03 9.00016e+03 1.83520e-13 -1.47271e-06
 8.96151e-03 8.99792e+03 2.28397e-13 -1.83382e-06
 1.11588e-02 9.00075e+03 2.83818e-13 -2.28347e-06
 1.38950e-02 9.00869e+03 3.52122e-13 -2.84337e-06
 1.73020e-02 9.02178e+03 4.36119e-13 -3.54055e-06
 2.15443e-02 9.04049e+03 5.39142e-13 -4.40869e-06
 2.68270e-02 9.06597e+03 6.65083e-13 -5.48968e-06
 3.34048e-02 9.10004e+03 8.18416e-13 -6.83573e-06
 4.15956e-02 9.14501e+03 1.00423e-12 -8.51183e-06
 5.17947e-02 9.20370e+03 1.22824e-12 -1.05989e-05
 6.44947e-02 9.27945e+03 1.49674e-12 -1.31978e-05
 8.03086e-02 9.37628e+03 1.81660e-12 -1.64338e-05
 1.00000e-01 9.49908e+03 2.19511e-12 -2.04633e-05
 1.24520e-01 9.65390e+03 2.63989e-12 -2.54808e-05
 1.55052e-01 9.84785e+03 3.15872e-12 -3.17287e-05
 1.93070e-01 1.00880e+04 3.75995e-12 -3.95084e-05
 2.40410e-01 1.03790e+04 4.45380e-12 -4.91958e-05
 2.99358e-01 1.07204e+04 5.25425e-12 -6.12585e-05
 3.72759e-01 1.11063e+04 6.17992e-12 -7.62786e-05
 4.64159e-01 1.15280e+04 7.25232e-12 -9.49825e-05
 5.77969e-01 1.19774e+04 8.49196e-12 -1.18272e-04
 7.19686e-01 1.24488e+04 9.91632e-12 -1.47582e-04
 8.96151e-01 1.29399e+04 1.15457e-11 -1.83460e-04
 1.11588e+00 1.34508e+04 1.34173e-11 -2.28293e-04
 1.38950e+00 1.39828e+04 1.55903e-11 -2.84455e-04
 1.73020e+00 1.45372e+04 1.81343e-11 -3.54055e-04
 2.15443e+00 1.51163e+04 2.11178e-11 -4.40869e-04
 2.68270e+00 1.57237e+04 2.46084e-11 -5.48968e-04
 3.34048e+00 1.63640e+04 2.86776e-11 -6.13899e-04
 4.15956e+00 1.70419e+04 3.34068e-11 -6.13899e-04
 5.17947e+00 1.77609e+04 3.88909e-11 -6.13899e-04
 6.44947e+00 1.85207e+04 4.52473e-11 -6.13899e-04
 8.03086e+00 1.93265e+04 5.25986e-11 -6.13899e-04
 1.00000e+01 2.01769e+04 6.11012e-11 -6.13899e-04
 1.24520e+01 2.10800e+04 7.09097e-11 -6.13899e-04
 1.55052e+01 2.20252e+04 8.22543e-11 -6.13899e-04
 1.93070e+01 2.30654e+04 9.51933e-11 -6.13899e-04
 2.40410e+01 2.40845e+04 1.10409e-10 -6.13899e-04
 2.99358e+01 2.53187e+04 1.27240e-10 -6.13899e-04
 3.72759e+01 2.64339e+04 1.47529e-10 -6.13899e-04
 4.64159e+01 2.77919e+04 1.69775e-10 -6.13899e-04
 5.77969e+01 2.92155e+04 1.95358e-10 -6.13899e-04
 7.19686e+01 3.05177e+04 2.25615e-10 -6.13899e-04
 8.96151e+01 3.23516e+04 2.55888e-10 -6.13899e-04
 1.11588e+02 3.37499e+04 2.94347e-10 -6.13899e-04
 1.38950e+02 3.57975e+04 3.31932e-10 -6.13899e-04
 1.73020e+02 3.74408e+04 3.80885e-10 -6.13899e-04
 2.15443e+02 3.97078e+04 4.31965e-10 -6.13899e-04
 2.68270e+02 4.14434e+04 4.98607e-10 -6.13899e-04
 3.34048e+02 4.39488e+04 5.67451e-10 -6.13899e-04
 4.15956e+02 4.57203e+04 6.57653e-10 -6.13899e-04
 5.17947e+02 4.83614e+04 7.50026e-10 -6.13899e-04
 6.44947e+02 5.02792e+04 8.68835e-10 -6.13899e-04
 8.03086e+02 5.27610e+04 9.95760e-10 -6.13899e-04
 1.00000e+03 5.52841e+04 1.14271e-09 -6.13899e-04
