#n1=128 n2=4 Teff=12500 R=1.3674e+13 L=3.2509e+39 logg=+1.00
#      tau          T          rho         Fconv
  0.00000e+00  7.35419e+03  1.04106e-21 +0.00000e+00
  1.00000e-09  7.35419e+03  2.34309e-20 +0.00000e+00
  1.24520e-09  7.35896e+03  2.90087e-20 +0.00000e+00
  1.55052e-09  7.36293e+03  3.59811e-20 +0.00000e+00
  1.93070e-09  7.36669e+03  4.46949e-20 +0.00000e+00
  2.40410e-09  7.37028e+03  5.55859e-20 +0.00000e+00
  2.99358e-09  7.37376e+03  6.91992e-20 +0.00000e+00
  3.72759e-09  7.37723e+03  8.62165e-20 +0.00000e+00
  4.64159e-09  7.38081e+03  1.07490e-19 +0.00000e+00
  5.77969e-09  7.38466e+03  1.34086e-19 +0.00000e+00
  7.19686e-09  7.38899e+03  1.67336e-19 +0.00000e+00
  8.96151e-09  7.39399e+03  2.08905e-19 +0.00000e+00
  1.11588e-08  7.39986e+03  2.60875e-19 +0.00000e+00
  1.38950e-08  7.40680e+03  3.25851e-19 +0.00000e+00
  1.73020e-08  7.41500e+03  4.07086e-19 +0.00000e+00
  2.15443e-08  7.42463e+03  5.08651e-19 +0.00000e+00
  2.68270e-08  7.43583e+03  6.35633e-19 +0.00000e+00
  3.34048e-08  7.44876e+03  7.94396e-19 +0.00000e+00
  4.15956e-08  7.46350e+03  9.92895e-19 +0.00000e+00
  5.17947e-08  7.48013e+03  1.24108e-18 +0.00000e+00
  6.44947e-08  7.49867e+03  1.55141e-18 +0.00000e+00
  8.03086e-08  7.51910e+03  1.93948e-18 +0.00000e+00
  1.00000e-07  7.54133e+03  2.42487e-18 +0.00000e+00
  1.24520e-07  7.56518e+03  3.03216e-18 +0.00000e+00
  1.55052e-07  7.59041e+03  3.79219e-18 +0.00000e+00
  1.93070e-07  7.61666e+03  4.74357e-18 +0.00000e+00
  2.40410e-07  7.64350e+03  5.93454e-18 +0.00000e+00
  2.99358e-07  7.67043e+03  7.42526e-18 +0.00000e+00
  3.72759e-07  7.69681e+03  9.29088e-18 +0.00000e+00
  4.64159e-07  7.72216e+03  1.16252e-17 +0.00000e+00
  5.77969e-07  7.74610e+03  1.45459e-17 +0.00000e+00
  7.19686e-07  7.76845e+03  1.81998e-17 +0.00000e+00
  8.96151e-07  7.78931e+03  2.27702e-17 +0.00000e+00
  1.11588e-06  7.80905e+03  2.84848e-17 +0.00000e+00
  1.38950e-06  7.82825e+03  3.56267e-17 +0.00000e+00
  1.73020e-06  7.84748e+03  4.45480e-17 +0.00000e+00
  2.15443e-06  7.86716e+03  5.56878e-17 +0.00000e+00
  2.68270e-06  7.88750e+03  6.95939e-17 +0.00000e+00
  3.34048e-06  7.90849e+03  8.69520e-17 +0.00000e+00
  4.15956e-06  7.93003e+03  1.08620e-16 +0.00000e+00
  5.17947e-06  7.95193e+03  1.35670e-16 +0.00000e+00
  6.44947e-06  7.97406e+03  1.69446e-16 +0.00000e+00
  8.03086e-06  7.99635e+03  2.11621e-16 +0.00000e+00
  1.00000e-05  8.01888e+03  2.64282e-16 +0.00000e+00
  1.24520e-05  8.04188e+03  3.30020e-16 +0.00000e+00
  1.55052e-05  8.06562e+03  4.12054e-16 +0.00000e+00
  1.93070e-05  8.09040e+03  5.14374e-16 +0.00000e+00
  2.40410e-05  8.11639e+03  6.41944e-16 +0.00000e+00
  2.99358e-05  8.14390e+03  8.00914e-16 +0.00000e+00
  3.72759e-05  8.17323e+03  9.98915e-16 +0.00000e+00
  4.64159e-05  8.20470e+03  1.24540e-15 +0.00000e+00
  5.77969e-05  8.23871e+03  1.55208e-15 +0.00000e+00
  7.19686e-05  8.27584e+03  1.93334e-15 +0.00000e+00
  8.96151e-05  8.31663e+03  2.40695e-15 +0.00000e+00
  1.11588e-04  8.36170e+03  2.99479e-15 +0.00000e+00
  1.38950e-04  8.41167e+03  3.72373e-15 +0.00000e+00
  1.73020e-04  8.46709e+03  4.62679e-15 +0.00000e+00
  2.15443e-04  8.52837e+03  5.74460e-15 +0.00000e+00
  2.68270e-04  8.59566e+03  7.12716e-15 +0.00000e+00
  3.34048e-04  8.66878e+03  8.83625e-15 +0.00000e+00
  4.15956e-04  8.74724e+03  1.09482e-14 +0.00000e+00
  5.17947e-04  8.83029e+03  1.35578e-14 +0.00000e+00
  6.44947e-04  8.91696e+03  1.67823e-14 +0.00000e+00
  8.03086e-04  9.00625e+03  2.07672e-14 +0.00000e+00
  1.00000e-03  9.09757e+03  2.56919e-14 +0.00000e+00
  1.24520e-03  9.18855e+03  3.17842e-14 -2.54698e-07
  1.55052e-03  9.27899e+03  3.93203e-14 -3.17149e-07
  1.93070e-03  9.36837e+03  4.86436e-14 -3.94913e-07
  2.40410e-03  9.45632e+03  6.01780e-14 -4.91745e-07
  2.99358e-03  9.54270e+03  7.44460e-14 -6.12319e-07
  3.72759e-03  9.62755e+03  9.20910e-14 -7.62455e-07
  4.64159e-03  9.71102e+03  1.13904e-13 -9.49413e-07
  5.77969e-03  9.79339e+03  1.40855e-13 -1.18220e-06
  7.19686e-03  9.87503e+03  1.74132e-13 -1.47208e-06
  8.96151e-03  9.95643e+03  2.15181e-13 -1.83303e-06
  1.11588e-02  1.00382e+04  2.65763e-13 -2.28248e-06
  1.38950e-02  1.01210e+04  3.28010e-13 -2.84213e-06
  1.73020e-02  1.02056e+04  4.04494e-13 -3.53902e-06
  2.15443e-02  1.02931e+04  4.98309e-13 -4.40677e-06
  2.68270e-02  1.03846e+04  6.13140e-13 -5.48730e-06
  3.34048e-02  1.04814e+04  7.53351e-13 -6.83277e-06
  4.15956e-02  1.05853e+04  9.24061e-13 -8.50813e-06
  5.17947e-02  1.06983e+04  1.13121e-12 -1.05943e-05
  6.44947e-02  1.08226e+04  1.38166e-12 -1.31920e-05
  8.03086e-02  1.09606e+04  1.68321e-12 -1.64266e-05
  1.00000e-01  1.11149e+04  2.04468e-12 -2.04544e-05
  1.24520e-01  1.12882e+04  2.47591e-12 -2.54698e-05
  1.55052e-01  1.14831e+04  2.98765e-12 -3.17149e-05
  1.93070e-01  1.17024e+04  3.59143e-12 -3.94913e-05
  2.40410e-01  1.19487e+04  4.29926e-12 -4.91745e-05
  2.99358e-01  1.22249e+04  5.12341e-12 -6.12319e-05
  3.72759e-01  1.25337e+04  6.07687e-12 -7.62455e-05
  4.64159e-01  1.28782e+04  7.17503e-12 -9.49413e-05
  5.77969e-01  1.32617e+04  8.43845e-12 -1.18220e-04
  7.19686e-01  1.36881e+04  9.89548e-12 -1.47208e-04
  8.96151e-01  1.41625e+04  1.15816e-11 -1.83303e-04
  1.11588e+00  1.46909e+04  1.35365e-11 -2.28248e-04
  1.38950e+00  1.52818e+04  1.58014e-11 -2.84213e-04
  1.73020e+00  1.59430e+04  1.84214e-11 -3.53902e-04
  2.15443e+00  1.66802e+04  2.14496e-11 -4.40677e-04
  2.68270e+00  1.74955e+04  2.49514e-11 -5.48730e-04
  3.34048e+00  1.83836e+04  2.90130e-11 -6.13633e-04
  4.15956e+00  1.93287e+04  3.37509e-11 -6.13633e-04
  5.17947e+00  2.03152e+04  3.93016e-11 -6.13633e-04
  6.44947e+00  2.13195e+04  4.58367e-11 -6.13633e-04
  8.03086e+00  2.23563e+04  5.34750e-11 -6.13633e-04
  1.00000e+01  2.34252e+04  6.23838e-11 -6.13633e-04
  1.24520e+01  2.45618e+04  7.26645e-11 -6.13633e-04
  1.55052e+01  2.57534e+04  8.45563e-11 -6.13633e-04
  1.93070e+01  2.70994e+04  9.79793e-11 -6.13633e-04
  2.40410e+01  2.84694e+04  1.13563e-10 -6.13633e-04
  2.99358e+01  3.01148e+04  1.30431e-10 -6.13633e-04
  3.72759e+01  3.17419e+04  1.49784e-10 -6.13633e-04
  4.64159e+01  3.36104e+04  1.70504e-10 -6.13633e-04
  5.77969e+01  3.55400e+04  1.94539e-10 -6.13633e-04
  7.19686e+01  3.74149e+04  2.23550e-10 -6.13633e-04
  8.96151e+01  3.95607e+04  2.56363e-10 -6.13633e-04
  1.11588e+02  4.14520e+04  2.96881e-10 -6.13633e-04
  1.38950e+02  4.36951e+04  3.41809e-10 -6.13633e-04
  1.73020e+02  4.56830e+04  3.96402e-10 -6.13633e-04
  2.15443e+02  4.80123e+04  4.57012e-10 -6.13633e-04
  2.68270e+02  4.99988e+04  5.30687e-10 -6.13633e-04
  3.34048e+02  5.23949e+04  6.11669e-10 -6.13633e-04
  4.15956e+02  5.43066e+04  7.10865e-10 -6.13633e-04
  5.17947e+02  5.66957e+04  8.18814e-10 -6.13633e-04
  6.44947e+02  5.86225e+04  9.49730e-10 -6.13633e-04
  8.03086e+02  6.08450e+04  1.09468e-09 -6.13633e-04
  1.00000e+03  6.31642e+04  1.25961e-09 -6.13633e-04
