#n1=128 n2=4 Teff=12000 R=5.3643e+13 L=4.2414e+40 logg=+0.00
#   tau          T          rho         Fconv
 0.00000e+00 8.62579e+03 8.66197e-22 +0.00000e+00
 1.00000e-09 8.62579e+03 1.60185e-21 +0.00000e+00
 1.24520e-09 8.63050e+03 1.78689e-21 +0.00000e+00
 1.55052e-09 8.63617e+03 2.01926e-21 +0.00000e+00
 1.93070e-09 8.64247e+03 2.31142e-21 +0.00000e+00
 2.40410e-09 8.64936e+03 2.67910e-21 +0.00000e+00
 2.99358e-09 8.65684e+03 3.14222e-21 +0.00000e+00
 3.72759e-09 8.66485e+03 3.72599e-21 +0.00000e+00
 4.64159e-09 8.67334e+03 4.46238e-21 +0.00000e+00
 5.77969e-09 8.68227e+03 5.39186e-21 +0.00000e+00
 7.19686e-09 8.69157e+03 6.56568e-21 +0.00000e+00
 8.96151e-09 8.70119e+03 8.04876e-21 +0.00000e+00
 1.11588e-08 8.71107e+03 9.92324e-21 +0.00000e+00
 1.38950e-08 8.72117e+03 1.22932e-20 +0.00000e+00
 1.73020e-08 8.73144e+03 1.52902e-20 +0.00000e+00
 2.15443e-08 8.74183e+03 1.90811e-20 +0.00000e+00
 2.68270e-08 8.75233e+03 2.38767e-20 +0.00000e+00
 3.34048e-08 8.76290e+03 2.99444e-20 +0.00000e+00
 4.15956e-08 8.77353e+03 3.76221e-20 +0.00000e+00
 5.17947e-08 8.78420e+03 4.73383e-20 +0.00000e+00
 6.44947e-08 8.79492e+03 5.96350e-20 +0.00000e+00
 8.03086e-08 8.80567e+03 7.51992e-20 +0.00000e+00
 1.00000e-07 8.81646e+03 9.49007e-20 +0.00000e+00
 1.24520e-07 8.82728e+03 1.19842e-19 +0.00000e+00
 1.55052e-07 8.83816e+03 1.51419e-19 +0.00000e+00
 1.93070e-07 8.84908e+03 1.91401e-19 +0.00000e+00
 2.40410e-07 8.86006e+03 2.42030e-19 +0.00000e+00
 2.99358e-07 8.87110e+03 3.06144e-19 +0.00000e+00
 3.72759e-07 8.88221e+03 3.87342e-19 +0.00000e+00
 4.64159e-07 8.89338e+03 4.90181e-19 +0.00000e+00
 5.77969e-07 8.90464e+03 6.20438e-19 +0.00000e+00
 7.19686e-07 8.91597e+03 7.85428e-19 +0.00000e+00
 8.96151e-07 8.92739e+03 9.94398e-19 +0.00000e+00
 1.11588e-06 8.93891e+03 1.25903e-18 +0.00000e+00
 1.38950e-06 8.95052e+03 1.59406e-18 +0.00000e+00
 1.73020e-06 8.96224e+03 2.01806e-18 +0.00000e+00
 2.15443e-06 8.97406e+03 2.55446e-18 +0.00000e+00
 2.68270e-06 8.98600e+03 3.23283e-18 +0.00000e+00
 3.34048e-06 8.99805e+03 4.09044e-18 +0.00000e+00
 4.15956e-06 9.01023e+03 5.17432e-18 +0.00000e+00
 5.17947e-06 9.02252e+03 6.54387e-18 +0.00000e+00
 6.44947e-06 9.03491e+03 8.27408e-18 +0.00000e+00
 8.03086e-06 9.04740e+03 1.04599e-17 +0.00000e+00
 1.00000e-05 9.05996e+03 1.32212e-17 +0.00000e+00
 1.24520e-05 9.07257e+03 1.67076e-17 +0.00000e+00
 1.55052e-05 9.08679e+03 2.11237e-17 +0.00000e+00
 1.93070e-05 9.09956e+03 2.67040e-17 +0.00000e+00
 2.40410e-05 9.11213e+03 3.37754e-17 +0.00000e+00
 2.99358e-05 9.12440e+03 4.27400e-17 +0.00000e+00
 3.72759e-05 9.13622e+03 5.41161e-17 +0.00000e+00
 4.64159e-05 9.14737e+03 6.85337e-17 +0.00000e+00
 5.77969e-05 9.15754e+03 8.67921e-17 +0.00000e+00
 7.19686e-05 9.16623e+03 1.09894e-16 +0.00000e+00
 8.96151e-05 9.17291e+03 1.39132e-16 +0.00000e+00
 1.11588e-04 9.17653e+03 1.76162e-16 +0.00000e+00
 1.38950e-04 9.17296e+03 2.23069e-16 +0.00000e+00
 1.73020e-04 9.16856e+03 2.82456e-16 +0.00000e+00
 2.15443e-04 9.16547e+03 3.57534e-16 +0.00000e+00
 2.68270e-04 9.16225e+03 4.52480e-16 +0.00000e+00
 3.34048e-04 9.15973e+03 5.72485e-16 +0.00000e+00
 4.15956e-04 9.15828e+03 7.24096e-16 +0.00000e+00
 5.17947e-04 9.15775e+03 9.15584e-16 +0.00000e+00
 6.44947e-04 9.15761e+03 1.15743e-15 +0.00000e+00
 8.03086e-04 9.15664e+03 1.46298e-15 +0.00000e+00
 1.00000e-03 9.15462e+03 1.84897e-15 +0.00000e+00
 1.24520e-03 9.14868e+03 2.33731e-15 -2.55176e-07
 1.55052e-03 9.13917e+03 2.95527e-15 -3.17744e-07
 1.93070e-03 9.11937e+03 3.73964e-15 -3.95654e-07
 2.40410e-03 9.09451e+03 4.73431e-15 -4.92667e-07
 2.99358e-03 9.06004e+03 5.99855e-15 -6.13468e-07
 3.72759e-03 9.01544e+03 7.60720e-15 -7.63888e-07
 4.64159e-03 8.96283e+03 9.65361e-15 -9.51191e-07
 5.77969e-03 8.90680e+03 1.22518e-14 -1.18442e-06
 7.19686e-03 8.85799e+03 1.55322e-14 -1.47484e-06
 8.96151e-03 8.81206e+03 1.96771e-14 -1.83646e-06
 1.11588e-02 8.77020e+03 2.49061e-14 -2.28676e-06
 1.38950e-02 8.73750e+03 3.14779e-14 -2.84747e-06
 1.73020e-02 8.71594e+03 3.97143e-14 -3.54565e-06
 2.15443e-02 8.70124e+03 5.00415e-14 -4.41504e-06
 2.68270e-02 8.69510e+03 6.29583e-14 -5.49759e-06
 3.34048e-02 8.69722e+03 7.90900e-14 -6.84558e-06
 4.15956e-02 8.70761e+03 9.92033e-14 -8.52411e-06
 5.17947e-02 8.72714e+03 1.24227e-13 -1.06142e-05
 6.44947e-02 8.75769e+03 1.55270e-13 -1.32167e-05
 8.03086e-02 8.79856e+03 1.93719e-13 -1.64575e-05
 1.00000e-01 8.85364e+03 2.41143e-13 -2.04928e-05
 1.24520e-01 8.92833e+03 2.99318e-13 -2.55176e-05
 1.55052e-01 9.03178e+03 3.70101e-13 -3.17744e-05
 1.93070e-01 9.17864e+03 4.55195e-13 -3.95654e-05
 2.40410e-01 9.39763e+03 5.55343e-13 -4.92667e-05
 2.99358e-01 9.70451e+03 6.71419e-13 -6.13468e-05
 3.72759e-01 1.00654e+04 8.07885e-13 -7.63888e-05
 4.64159e-01 1.04878e+04 9.66855e-13 -9.51191e-05
 5.77969e-01 1.09513e+04 1.15274e-12 -1.41282e-04
 7.19686e-01 1.14453e+04 1.36891e-12 -1.60526e-04
 8.96151e-01 1.19946e+04 1.61463e-12 -1.83462e-04
 1.11588e+00 1.25816e+04 1.89942e-12 -2.38311e-04
 1.38950e+00 1.32030e+04 2.23759e-12 -2.84747e-04
 1.73020e+00 1.38478e+04 2.64636e-12 -3.54565e-04
 2.15443e+00 1.45123e+04 3.14168e-12 -4.41504e-04
 2.68270e+00 1.52043e+04 3.73901e-12 -5.49759e-04
 3.34048e+00 1.59353e+04 4.45536e-12 -6.14783e-04
 4.15956e+00 1.67171e+04 5.31037e-12 -6.14783e-04
 5.17947e+00 1.75600e+04 6.32717e-12 -6.14783e-04
 6.44947e+00 1.84691e+04 7.53472e-12 -6.14783e-04
 8.03086e+00 1.94498e+04 8.96708e-12 -6.14783e-04
 1.00000e+01 2.05012e+04 1.06678e-11 -6.14783e-04
 1.24520e+01 2.16322e+04 1.26836e-11 -6.14783e-04
 1.55052e+01 2.28366e+04 1.50785e-11 -6.14783e-04
 1.93070e+01 2.41609e+04 1.78921e-11 -6.14783e-04
 2.40410e+01 2.55071e+04 2.12719e-11 -6.14783e-04
 2.99358e+01 2.70644e+04 2.51343e-11 -6.14783e-04
 3.72759e+01 2.85763e+04 2.97457e-11 -6.14784e-04
 4.64159e+01 3.03074e+04 3.48248e-11 -6.14783e-04
 5.77969e+01 3.21127e+04 4.06727e-11 -6.14785e-04
 7.19686e+01 3.39376e+04 4.77244e-11 -6.14783e-04
 8.96151e+01 3.60200e+04 5.59552e-11 -6.14783e-04
 1.11588e+02 3.79972e+04 6.62098e-11 -6.14783e-04
 1.38950e+02 4.02709e+04 7.81293e-11 -6.14783e-04
 1.73020e+02 4.24499e+04 9.27946e-11 -6.14783e-04
 2.15443e+02 4.49208e+04 1.09870e-10 -6.14783e-04
 2.68270e+02 4.73270e+04 1.30680e-10 -6.14783e-04
 3.34048e+02 4.99380e+04 1.55158e-10 -6.14783e-04
 4.15956e+02 5.27993e+04 1.83893e-10 -6.14783e-04
 5.17947e+02 5.52758e+04 2.19760e-10 -6.14783e-04
 6.44947e+02 5.88374e+04 2.58472e-10 -6.14783e-04
 8.03086e+02 6.13625e+04 3.09663e-10 -6.14783e-04
 1.00000e+03 6.51927e+04 3.63807e-10 -6.14783e-04
