#n1=128 n2=4 Teff=12000 R=2.6961e+13 L=1.0728e+40 logg=+0.50
#   tau          T          rho         Fconv
 0.00000e+00 7.75904e+03 9.63704e-22 +0.00000e+00
 1.00000e-09 7.75904e+03 5.75802e-21 +0.00000e+00
 1.24520e-09 7.76371e+03 6.96551e-21 +0.00000e+00
 1.55052e-09 7.76809e+03 8.47859e-21 +0.00000e+00
 1.93070e-09 7.77259e+03 1.03744e-20 +0.00000e+00
 2.40410e-09 7.77722e+03 1.27501e-20 +0.00000e+00
 2.99358e-09 7.78194e+03 1.57275e-20 +0.00000e+00
 3.72759e-09 7.78674e+03 1.94596e-20 +0.00000e+00
 4.64159e-09 7.79159e+03 2.41382e-20 +0.00000e+00
 5.77969e-09 7.79649e+03 3.00037e-20 +0.00000e+00
 7.19686e-09 7.80140e+03 3.73584e-20 +0.00000e+00
 8.96151e-09 7.80629e+03 4.65811e-20 +0.00000e+00
 1.11588e-08 7.81114e+03 5.81477e-20 +0.00000e+00
 1.38950e-08 7.81591e+03 7.26558e-20 +0.00000e+00
 1.73020e-08 7.82055e+03 9.08561e-20 +0.00000e+00
 2.15443e-08 7.82500e+03 1.13691e-19 +0.00000e+00
 2.68270e-08 7.82922e+03 1.42346e-19 +0.00000e+00
 3.34048e-08 7.83313e+03 1.78309e-19 +0.00000e+00
 4.15956e-08 7.83666e+03 2.23452e-19 +0.00000e+00
 5.17947e-08 7.83976e+03 2.80127e-19 +0.00000e+00
 6.44947e-08 7.84239e+03 3.51293e-19 +0.00000e+00
 8.03086e-08 7.84453e+03 4.40675e-19 +0.00000e+00
 1.00000e-07 7.84620e+03 5.52970e-19 +0.00000e+00
 1.24520e-07 7.84748e+03 6.94113e-19 +0.00000e+00
 1.55052e-07 7.84851e+03 8.71649e-19 +0.00000e+00
 1.93070e-07 7.84947e+03 1.09521e-18 +0.00000e+00
 2.40410e-07 7.85058e+03 1.37717e-18 +0.00000e+00
 2.99358e-07 7.85205e+03 1.73311e-18 +0.00000e+00
 3.72759e-07 7.85414e+03 2.18266e-18 +0.00000e+00
 4.64159e-07 7.85702e+03 2.74919e-18 +0.00000e+00
 5.77969e-07 7.86084e+03 3.46175e-18 +0.00000e+00
 7.19686e-07 7.86576e+03 4.35752e-18 +0.00000e+00
 8.96151e-07 7.87192e+03 5.48310e-18 +0.00000e+00
 1.11588e-06 7.87944e+03 6.89660e-18 +0.00000e+00
 1.38950e-06 7.88845e+03 8.67069e-18 +0.00000e+00
 1.73020e-06 7.89907e+03 1.08962e-17 +0.00000e+00
 2.15443e-06 7.91143e+03 1.36871e-17 +0.00000e+00
 2.68270e-06 7.92562e+03 1.71859e-17 +0.00000e+00
 3.34048e-06 7.94171e+03 2.15719e-17 +0.00000e+00
 4.15956e-06 7.95974e+03 2.70700e-17 +0.00000e+00
 5.17947e-06 7.97967e+03 3.39638e-17 +0.00000e+00
 6.44947e-06 8.00142e+03 4.26101e-17 +0.00000e+00
 8.03086e-06 8.02480e+03 5.34578e-17 +0.00000e+00
 1.00000e-05 8.04957e+03 6.70701e-17 +0.00000e+00
 1.24520e-05 8.07539e+03 8.41508e-17 +0.00000e+00
 1.55052e-05 8.10182e+03 1.05576e-16 +0.00000e+00
 1.93070e-05 8.12838e+03 1.32433e-16 +0.00000e+00
 2.40410e-05 8.15458e+03 1.66076e-16 +0.00000e+00
 2.99358e-05 8.18001e+03 2.08194e-16 +0.00000e+00
 3.72759e-05 8.20427e+03 2.60914e-16 +0.00000e+00
 4.64159e-05 8.22734e+03 3.26902e-16 +0.00000e+00
 5.77969e-05 8.24945e+03 4.09489e-16 +0.00000e+00
 7.19686e-05 8.27101e+03 5.12826e-16 +0.00000e+00
 8.96151e-05 8.29244e+03 6.42090e-16 +0.00000e+00
 1.11588e-04 8.31417e+03 8.03738e-16 +0.00000e+00
 1.38950e-04 8.33643e+03 1.00583e-15 +0.00000e+00
 1.73020e-04 8.35939e+03 1.25842e-15 +0.00000e+00
 2.15443e-04 8.38314e+03 1.57409e-15 +0.00000e+00
 2.68270e-04 8.40779e+03 1.96848e-15 +0.00000e+00
 3.34048e-04 8.43345e+03 2.46114e-15 +0.00000e+00
 4.15956e-04 8.46029e+03 3.07637e-15 +0.00000e+00
 5.17947e-04 8.48846e+03 3.84447e-15 +0.00000e+00
 6.44947e-04 8.51815e+03 4.80312e-15 +0.00000e+00
 8.03086e-04 8.54954e+03 5.99916e-15 +0.00000e+00
 1.00000e-03 8.58291e+03 7.49075e-15 +0.00000e+00
 1.24520e-03 8.61858e+03 9.34998e-15 -2.54843e-07
 1.55052e-03 8.65689e+03 1.16661e-14 -3.17330e-07
 1.93070e-03 8.69822e+03 1.45496e-14 -3.95138e-07
 2.40410e-03 8.74296e+03 1.81366e-14 -4.92025e-07
 2.99358e-03 8.79154e+03 2.25952e-14 -6.12669e-07
 3.72759e-03 8.84438e+03 2.81319e-14 -7.62893e-07
 4.64159e-03 8.90189e+03 3.50008e-14 -9.49951e-07
 5.77969e-03 8.96432e+03 4.35144e-14 -1.18288e-06
 7.19686e-03 9.03169e+03 5.40572e-14 -1.47292e-06
 8.96151e-03 9.10377e+03 6.71026e-14 -1.83407e-06
 1.11588e-02 9.18013e+03 8.32343e-14 -2.28378e-06
 1.38950e-02 9.26025e+03 1.03171e-13 -2.84376e-06
 1.73020e-02 9.34363e+03 1.27795e-13 -3.54103e-06
 2.15443e-02 9.42994e+03 1.58191e-13 -4.40929e-06
 2.68270e-02 9.51918e+03 1.95681e-13 -5.49043e-06
 3.34048e-02 9.61171e+03 2.41869e-13 -6.83667e-06
 4.15956e-02 9.70833e+03 2.98689e-13 -8.51300e-06
 5.17947e-02 9.81028e+03 3.68460e-13 -1.06004e-05
 6.44947e-02 9.91921e+03 4.53934e-13 -1.31995e-05
 8.03086e-02 1.00372e+04 5.58364e-13 -1.64361e-05
 1.00000e-01 1.01669e+04 6.85549e-13 -2.04661e-05
 1.24520e-01 1.03111e+04 8.39898e-13 -2.54843e-05
 1.55052e-01 1.04731e+04 1.02647e-12 -3.17330e-05
 1.93070e-01 1.06565e+04 1.25101e-12 -3.95138e-05
 2.40410e-01 1.08647e+04 1.51997e-12 -4.92025e-05
 2.99358e-01 1.11010e+04 1.84045e-12 -6.12669e-05
 3.72759e-01 1.13678e+04 2.22005e-12 -7.62893e-05
 4.64159e-01 1.16668e+04 2.66654e-12 -9.49951e-05
 5.77969e-01 1.19992e+04 3.18766e-12 -1.18288e-04
 7.19686e-01 1.23664e+04 3.79183e-12 -1.45977e-04
 8.96151e-01 1.27700e+04 4.49066e-12 -1.82063e-04
 1.11588e+00 1.32123e+04 5.30215e-12 -2.29970e-04
 1.38950e+00 1.36965e+04 6.25108e-12 -2.84376e-04
 1.73020e+00 1.42262e+04 7.36601e-12 -3.54103e-04
 2.15443e+00 1.48062e+04 8.67685e-12 -4.40929e-04
 2.68270e+00 1.54420e+04 1.02153e-11 -5.49043e-04
 3.34048e+00 1.61344e+04 1.20201e-11 -6.13983e-04
 4.15956e+00 1.68808e+04 1.41384e-11 -6.13983e-04
 5.17947e+00 1.76908e+04 1.66159e-11 -6.13983e-04
 6.44947e+00 1.85442e+04 1.95332e-11 -6.13983e-04
 8.03086e+00 1.94651e+04 2.29399e-11 -6.13983e-04
 1.00000e+01 2.04252e+04 2.69529e-11 -6.13983e-04
 1.24520e+01 2.14536e+04 3.16376e-11 -6.13983e-04
 1.55052e+01 2.25049e+04 3.71711e-11 -6.13983e-04
 1.93070e+01 2.37012e+04 4.35011e-11 -6.13983e-04
 2.40410e+01 2.48193e+04 5.11563e-11 -6.13983e-04
 2.99358e+01 2.62512e+04 5.95596e-11 -6.13983e-04
 3.72759e+01 2.74933e+04 6.99378e-11 -6.13983e-04
 4.64159e+01 2.90819e+04 8.11234e-11 -6.13983e-04
 5.77969e+01 3.06715e+04 9.40424e-11 -6.13983e-04
 7.19686e+01 3.22696e+04 1.08784e-10 -6.13983e-04
 8.96151e+01 3.42362e+04 1.24453e-10 -6.13983e-04
 1.11588e+02 3.59774e+04 1.44213e-10 -6.13983e-04
 1.38950e+02 3.81082e+04 1.66169e-10 -6.13983e-04
 1.73020e+02 4.00580e+04 1.93343e-10 -6.13983e-04
 2.15443e+02 4.23367e+04 2.24013e-10 -6.13983e-04
 2.68270e+02 4.44097e+04 2.61495e-10 -6.13983e-04
 3.34048e+02 4.67942e+04 3.03806e-10 -6.13983e-04
 4.15956e+02 4.92345e+04 3.53558e-10 -6.13983e-04
 5.17947e+02 5.11659e+04 4.15329e-10 -6.13983e-04
 6.44947e+02 5.45198e+04 4.76889e-10 -6.13983e-04
 8.03086e+02 5.60200e+04 5.65376e-10 -6.13983e-04
 1.00000e+03 5.94095e+04 6.47825e-10 -6.13983e-04
