#n1=128 n2=4 Teff=12500 R=3.5306e+12 L=2.1678e+38 logg=+2.00
#   tau          T          rho         Fconv
 0.00000e+00 7.96500e+03 9.49659e-22 +0.00000e+00
 1.00000e-09 7.96500e+03 2.63232e-19 +0.00000e+00
 1.24520e-09 7.96185e+03 3.28849e-19 +0.00000e+00
 1.55052e-09 7.95663e+03 4.11143e-19 +0.00000e+00
 1.93070e-09 7.94917e+03 5.14445e-19 +0.00000e+00
 2.40410e-09 7.93900e+03 6.44259e-19 +0.00000e+00
 2.99358e-09 7.92572e+03 8.07568e-19 +0.00000e+00
 3.72759e-09 7.90921e+03 1.01320e-18 +0.00000e+00
 4.64159e-09 7.88987e+03 1.27224e-18 +0.00000e+00
 5.77969e-09 7.86884e+03 1.59852e-18 +0.00000e+00
 7.19686e-09 7.84777e+03 2.00912e-18 +0.00000e+00
 8.96151e-09 7.82824e+03 2.52523e-18 +0.00000e+00
 1.11588e-08 7.81136e+03 3.17312e-18 +0.00000e+00
 1.38950e-08 7.79765e+03 3.98552e-18 +0.00000e+00
 1.73020e-08 7.78722e+03 5.00319e-18 +0.00000e+00
 2.15443e-08 7.78000e+03 6.27687e-18 +0.00000e+00
 2.68270e-08 7.77590e+03 7.86966e-18 +0.00000e+00
 3.34048e-08 7.77482e+03 9.85981e-18 +0.00000e+00
 4.15956e-08 7.77668e+03 1.23446e-17 +0.00000e+00
 5.17947e-08 7.78143e+03 1.54446e-17 +0.00000e+00
 6.44947e-08 7.78899e+03 1.93093e-17 +0.00000e+00
 8.03086e-08 7.79928e+03 2.41242e-17 +0.00000e+00
 1.00000e-07 7.81219e+03 3.01194e-17 +0.00000e+00
 1.24520e-07 7.82758e+03 3.75805e-17 +0.00000e+00
 1.55052e-07 7.84525e+03 4.68620e-17 +0.00000e+00
 1.93070e-07 7.86493e+03 5.84045e-17 +0.00000e+00
 2.40410e-07 7.88626e+03 7.27563e-17 +0.00000e+00
 2.99358e-07 7.90880e+03 9.06003e-17 +0.00000e+00
 3.72759e-07 7.93202e+03 1.12789e-16 +0.00000e+00
 4.64159e-07 7.95523e+03 1.40387e-16 +0.00000e+00
 5.77969e-07 7.97774e+03 1.74727e-16 +0.00000e+00
 7.19686e-07 7.99882e+03 2.17479e-16 +0.00000e+00
 8.96151e-07 8.01782e+03 2.70731e-16 +0.00000e+00
 1.11588e-06 8.03418e+03 3.37101e-16 +0.00000e+00
 1.38950e-06 8.04764e+03 4.19861e-16 +0.00000e+00
 1.73020e-06 8.05817e+03 5.23092e-16 +0.00000e+00
 2.15443e-06 8.06601e+03 6.51883e-16 +0.00000e+00
 2.68270e-06 8.07154e+03 8.12578e-16 +0.00000e+00
 3.34048e-06 8.07511e+03 1.01309e-15 +0.00000e+00
 4.15956e-06 8.07692e+03 1.26330e-15 +0.00000e+00
 5.17947e-06 8.07699e+03 1.57560e-15 +0.00000e+00
 6.44947e-06 8.07525e+03 1.96549e-15 +0.00000e+00
 8.03086e-06 8.07180e+03 2.45231e-15 +0.00000e+00
 1.00000e-05 8.06747e+03 3.05995e-15 +0.00000e+00
 1.24520e-05 8.06446e+03 3.81743e-15 +0.00000e+00
 1.55052e-05 8.06544e+03 4.75996e-15 +0.00000e+00
 1.93070e-05 8.07210e+03 5.93087e-15 +0.00000e+00
 2.40410e-05 8.08414e+03 7.38473e-15 +0.00000e+00
 2.99358e-05 8.10162e+03 9.18855e-15 +0.00000e+00
 3.72759e-05 8.12493e+03 1.14244e-14 +0.00000e+00
 4.64159e-05 8.15473e+03 1.41926e-14 +0.00000e+00
 5.77969e-05 8.19123e+03 1.76164e-14 +0.00000e+00
 7.19686e-05 8.23500e+03 2.18461e-14 +0.00000e+00
 8.96151e-05 8.28618e+03 2.70659e-14 +0.00000e+00
 1.11588e-04 8.34459e+03 3.35020e-14 +0.00000e+00
 1.38950e-04 8.40954e+03 4.14332e-14 +0.00000e+00
 1.73020e-04 8.48035e+03 5.12015e-14 +0.00000e+00
 2.15443e-04 8.55618e+03 6.32270e-14 +0.00000e+00
 2.68270e-04 8.63619e+03 7.80239e-14 +0.00000e+00
 3.34048e-04 8.71971e+03 9.62197e-14 +0.00000e+00
 4.15956e-04 8.80607e+03 1.18579e-13 +0.00000e+00
 5.17947e-04 8.89473e+03 1.46032e-13 +0.00000e+00
 6.44947e-04 8.98518e+03 1.79706e-13 +0.00000e+00
 8.03086e-04 9.07695e+03 2.20971e-13 +0.00000e+00
 1.00000e-03 9.16951e+03 2.71486e-13 +0.00000e+00
 1.24520e-03 9.26230e+03 3.33263e-13 -2.54633e-07
 1.55052e-03 9.35471e+03 4.08732e-13 -3.17069e-07
 1.93070e-03 9.44615e+03 5.00820e-13 -3.94813e-07
 2.40410e-03 9.53623e+03 6.13033e-13 -4.91620e-07
 2.99358e-03 9.62474e+03 7.49552e-13 -6.12164e-07
 3.72759e-03 9.71168e+03 9.15341e-13 -7.62262e-07
 4.64159e-03 9.79721e+03 1.11626e-12 -9.49173e-07
 5.77969e-03 9.88151e+03 1.35922e-12 -1.18190e-06
 7.19686e-03 9.96485e+03 1.65225e-12 -1.47170e-06
 8.96151e-03 1.00476e+04 2.00461e-12 -1.83256e-06
 1.11588e-02 1.01303e+04 2.42692e-12 -2.28190e-06
 1.38950e-02 1.02137e+04 2.93116e-12 -2.84141e-06
 1.73020e-02 1.02985e+04 3.53084e-12 -3.53812e-06
 2.15443e-02 1.03851e+04 4.24141e-12 -4.40566e-06
 2.68270e-02 1.04747e+04 5.07951e-12 -5.48591e-06
 3.34048e-02 1.05688e+04 6.06378e-12 -6.83104e-06
 4.15956e-02 1.06689e+04 7.21453e-12 -8.50598e-06
 5.17947e-02 1.07771e+04 8.55402e-12 -1.05917e-05
 6.44947e-02 1.08953e+04 1.01063e-11 -1.31887e-05
 8.03086e-02 1.10258e+04 1.18982e-11 -1.64225e-05
 1.00000e-01 1.11711e+04 1.39588e-11 -2.04492e-05
 1.24520e-01 1.13334e+04 1.63205e-11 -2.54633e-05
 1.55052e-01 1.15154e+04 1.90192e-11 -3.17069e-05
 1.93070e-01 1.17199e+04 2.20947e-11 -3.94813e-05
 2.40410e-01 1.19496e+04 2.55909e-11 -4.91620e-05
 2.99358e-01 1.22072e+04 2.95560e-11 -6.12164e-05
 3.72759e-01 1.24954e+04 3.40413e-11 -7.62262e-05
 4.64159e-01 1.28161e+04 3.91000e-11 -9.49173e-05
 5.77969e-01 1.31708e+04 4.47868e-11 -1.18190e-04
 7.19686e-01 1.35608e+04 5.11619e-11 -1.47178e-04
 8.96151e-01 1.39873e+04 5.83066e-11 -1.83258e-04
 1.11588e+00 1.44525e+04 6.63448e-11 -2.28201e-04
 1.38950e+00 1.49598e+04 7.54558e-11 -2.84146e-04
 1.73020e+00 1.55109e+04 8.58722e-11 -3.53812e-04
 2.15443e+00 1.61046e+04 9.78584e-11 -4.40566e-04
 2.68270e+00 1.67416e+04 1.11667e-10 -5.48591e-04
 3.34048e+00 1.74266e+04 1.27544e-10 -6.13478e-04
 4.15956e+00 1.81650e+04 1.45757e-10 -6.13478e-04
 5.17947e+00 1.89596e+04 1.66640e-10 -6.13478e-04
 6.44947e+00 1.97884e+04 1.90753e-10 -6.13478e-04
 8.03086e+00 2.06557e+04 2.18483e-10 -6.13478e-04
 1.00000e+01 2.15377e+04 2.50526e-10 -6.13478e-04
 1.24520e+01 2.24448e+04 2.87301e-10 -6.13478e-04
 1.55052e+01 2.33593e+04 3.29580e-10 -6.13478e-04
 1.93070e+01 2.43590e+04 3.77147e-10 -6.13478e-04
 2.40410e+01 2.53032e+04 4.32614e-10 -6.13478e-04
 2.99358e+01 2.65050e+04 4.92336e-10 -6.13478e-04
 3.72759e+01 2.75233e+04 5.64531e-10 -6.13478e-04
 4.64159e+01 2.89462e+04 6.39559e-10 -6.13478e-04
 5.77969e+01 3.03259e+04 7.28039e-10 -6.13478e-04
 7.19686e+01 3.17205e+04 8.28896e-10 -6.13478e-04
 8.96151e+01 3.37913e+04 9.26832e-10 -6.13478e-04
 1.11588e+02 3.52992e+04 1.05583e-09 -6.13478e-04
 1.38950e+02 3.75226e+04 1.17821e-09 -6.13478e-04
 1.73020e+02 3.93641e+04 1.33649e-09 -6.13478e-04
 2.15443e+02 4.16712e+04 1.50554e-09 -6.13478e-04
 2.68270e+02 4.34132e+04 1.72447e-09 -6.13478e-04
 3.34048e+02 4.58560e+04 1.94943e-09 -6.13478e-04
 4.15956e+02 4.75040e+04 2.24207e-09 -6.13478e-04
 5.17947e+02 4.99849e+04 2.53744e-09 -6.13478e-04
 6.44947e+02 5.15960e+04 2.91822e-09 -6.13478e-04
 8.03086e+02 5.39648e+04 3.30648e-09 -6.13477e-04
 1.00000e+03 5.59978e+04 3.77214e-09 -6.13475e-04
