#n1=128 n2=4 Teff=12500 R=1.6595e+12 L=4.7966e+37 logg=+2.50
#   tau          T          rho         Fconv
 0.00000e+00 9.69893e+03 7.42092e-22 +0.00000e+00
 1.00000e-09 9.69893e+03 6.79072e-19 +0.00000e+00
 1.24520e-09 9.69876e+03 8.47962e-19 +0.00000e+00
 1.55052e-09 9.69878e+03 1.05860e-18 +0.00000e+00
 1.93070e-09 9.69894e+03 1.32128e-18 +0.00000e+00
 2.40410e-09 9.69921e+03 1.64885e-18 +0.00000e+00
 2.99358e-09 9.69958e+03 2.05728e-18 +0.00000e+00
 3.72759e-09 9.70004e+03 2.56652e-18 +0.00000e+00
 4.64159e-09 9.70059e+03 3.20141e-18 +0.00000e+00
 5.77969e-09 9.70124e+03 3.99291e-18 +0.00000e+00
 7.19686e-09 9.70198e+03 4.97961e-18 +0.00000e+00
 8.96151e-09 9.70283e+03 6.20960e-18 +0.00000e+00
 1.11588e-08 9.70376e+03 7.74284e-18 +0.00000e+00
 1.38950e-08 9.70476e+03 9.65405e-18 +0.00000e+00
 1.73020e-08 9.70580e+03 1.20364e-17 +0.00000e+00
 2.15443e-08 9.70684e+03 1.50061e-17 +0.00000e+00
 2.68270e-08 9.70783e+03 1.87080e-17 +0.00000e+00
 3.34048e-08 9.70870e+03 2.33227e-17 +0.00000e+00
 4.15956e-08 9.70934e+03 2.90758e-17 +0.00000e+00
 5.17947e-08 9.70962e+03 3.62487e-17 +0.00000e+00
 6.44947e-08 9.70935e+03 4.51928e-17 +0.00000e+00
 8.03086e-08 9.70823e+03 5.63479e-17 +0.00000e+00
 1.00000e-07 9.70570e+03 7.02648e-17 +0.00000e+00
 1.24520e-07 9.69983e+03 8.76478e-17 +0.00000e+00
 1.55052e-07 9.66244e+03 1.09681e-16 +0.00000e+00
 1.93070e-07 9.39170e+03 1.40632e-16 +0.00000e+00
 2.40410e-07 8.74135e+03 1.88419e-16 +0.00000e+00
 2.99358e-07 8.51582e+03 2.41139e-16 +0.00000e+00
 3.72759e-07 8.40560e+03 3.04569e-16 +0.00000e+00
 4.64159e-07 8.35416e+03 3.82032e-16 +0.00000e+00
 5.77969e-07 8.32431e+03 4.77970e-16 +0.00000e+00
 7.19686e-07 8.30513e+03 5.97245e-16 +0.00000e+00
 8.96151e-07 8.29219e+03 7.45746e-16 +0.00000e+00
 1.11588e-06 8.28326e+03 9.30771e-16 +0.00000e+00
 1.38950e-06 8.27703e+03 1.16143e-15 +0.00000e+00
 1.73020e-06 8.27265e+03 1.44915e-15 +0.00000e+00
 2.15443e-06 8.26950e+03 1.80833e-15 +0.00000e+00
 2.68270e-06 8.26713e+03 2.25724e-15 +0.00000e+00
 3.34048e-06 8.26516e+03 2.81939e-15 +0.00000e+00
 4.15956e-06 8.26327e+03 3.52561e-15 +0.00000e+00
 5.17947e-06 8.26124e+03 4.41827e-15 +0.00000e+00
 6.44947e-06 8.25884e+03 5.56217e-15 +0.00000e+00
 8.03086e-06 8.25577e+03 7.05334e-15 +0.00000e+00
 1.00000e-05 8.25189e+03 8.96129e-15 +0.00000e+00
 1.24520e-05 8.24758e+03 1.13299e-14 +0.00000e+00
 1.55052e-05 8.24348e+03 1.42693e-14 +0.00000e+00
 1.93070e-05 8.24022e+03 1.79282e-14 +0.00000e+00
 2.40410e-05 8.23851e+03 2.24837e-14 +0.00000e+00
 2.99358e-05 8.23892e+03 2.81527e-14 +0.00000e+00
 3.72759e-05 8.24191e+03 3.52023e-14 +0.00000e+00
 4.64159e-05 8.24777e+03 4.39621e-14 +0.00000e+00
 5.77969e-05 8.25663e+03 5.48380e-14 +0.00000e+00
 7.19686e-05 8.26847e+03 6.83291e-14 +0.00000e+00
 8.96151e-05 8.28320e+03 8.50465e-14 +0.00000e+00
 1.11588e-04 8.30079e+03 1.05736e-13 +0.00000e+00
 1.38950e-04 8.32133e+03 1.31299e-13 +0.00000e+00
 1.73020e-04 8.34517e+03 1.62820e-13 +0.00000e+00
 2.15443e-04 8.37297e+03 2.01588e-13 +0.00000e+00
 2.68270e-04 8.40549e+03 2.49134e-13 +0.00000e+00
 3.34048e-04 8.44336e+03 3.07268e-13 +0.00000e+00
 4.15956e-04 8.48687e+03 3.78141e-13 +0.00000e+00
 5.17947e-04 8.53591e+03 4.64322e-13 +0.00000e+00
 6.44947e-04 8.58999e+03 5.68878e-13 +0.00000e+00
 8.03086e-04 8.64838e+03 6.95467e-13 +0.00000e+00
 1.00000e-03 8.71015e+03 8.48421e-13 +0.00000e+00
 1.24520e-03 8.77427e+03 1.03283e-12 -2.54247e-07
 1.55052e-03 8.83960e+03 1.25465e-12 -3.16589e-07
 1.93070e-03 8.90492e+03 1.52081e-12 -3.94215e-07
 2.40410e-03 8.96922e+03 1.83928e-12 -4.90875e-07
 2.99358e-03 9.03161e+03 2.21932e-12 -6.11236e-07
 3.72759e-03 9.09149e+03 2.67154e-12 -7.61107e-07
 4.64159e-03 9.14860e+03 3.20799e-12 -9.47735e-07
 5.77969e-03 9.20318e+03 3.84221e-12 -1.18011e-06
 7.19686e-03 9.25596e+03 4.58889e-12 -1.46947e-06
 8.96151e-03 9.30816e+03 5.46414e-12 -1.82979e-06
 1.11588e-02 9.36141e+03 6.48499e-12 -2.27844e-06
 1.38950e-02 9.41751e+03 7.67004e-12 -2.83711e-06
 1.73020e-02 9.47836e+03 9.03873e-12 -3.53276e-06
 2.15443e-02 9.54576e+03 1.06123e-11 -4.39898e-06
 2.68270e-02 9.62145e+03 1.24130e-11 -5.47760e-06
 3.34048e-02 9.70708e+03 1.44651e-11 -6.82069e-06
 4.15956e-02 9.80422e+03 1.67959e-11 -8.49310e-06
 5.17947e-02 9.91440e+03 1.94354e-11 -1.05756e-05
 6.44947e-02 1.00391e+04 2.24181e-11 -1.31687e-05
 8.03086e-02 1.01798e+04 2.57842e-11 -1.63976e-05
 1.00000e-01 1.03378e+04 2.95816e-11 -2.04182e-05
 1.24520e-01 1.05145e+04 3.38666e-11 -2.54247e-05
 1.55052e-01 1.07112e+04 3.87067e-11 -3.16589e-05
 1.93070e-01 1.09292e+04 4.41811e-11 -3.94215e-05
 2.40410e-01 1.11696e+04 5.03832e-11 -4.90875e-05
 2.99358e-01 1.14336e+04 5.74211e-11 -6.11236e-05
 3.72759e-01 1.17219e+04 6.54197e-11 -7.61107e-05
 4.64159e-01 1.20350e+04 7.45210e-11 -9.47735e-05
 5.77969e-01 1.23726e+04 8.48827e-11 -1.18011e-04
 7.19686e-01 1.27341e+04 9.66741e-11 -1.46947e-04
 8.96151e-01 1.31184e+04 1.10068e-10 -1.82979e-04
 1.11588e+00 1.35247e+04 1.25233e-10 -2.27844e-04
 1.38950e+00 1.39525e+04 1.42339e-10 -2.83711e-04
 1.73020e+00 1.44018e+04 1.61587e-10 -3.53276e-04
 2.15443e+00 1.48739e+04 1.83257e-10 -4.39898e-04
 2.68270e+00 1.53710e+04 2.07756e-10 -5.47760e-04
 3.34048e+00 1.58912e+04 2.35665e-10 -6.12548e-04
 4.15956e+00 1.64314e+04 2.67636e-10 -6.12548e-04
 5.17947e+00 1.70005e+04 3.04165e-10 -6.12548e-04
 6.44947e+00 1.75835e+04 3.46158e-10 -6.12548e-04
 8.03086e+00 1.82087e+04 3.93821e-10 -6.12548e-04
 1.00000e+01 1.88511e+04 4.48464e-10 -6.12548e-04
 1.24520e+01 1.95370e+04 5.10443e-10 -6.12548e-04
 1.55052e+01 2.02271e+04 5.81614e-10 -6.12548e-04
 1.93070e+01 2.10327e+04 6.60554e-10 -6.12548e-04
 2.40410e+01 2.17177e+04 7.54803e-10 -6.12548e-04
 2.99358e+01 2.27251e+04 8.52926e-10 -6.12548e-04
 3.72759e+01 2.33999e+04 9.78003e-10 -6.12548e-04
 4.64159e+01 2.45268e+04 1.10294e-09 -6.12548e-04
 5.77969e+01 2.54903e+04 1.25621e-09 -6.12548e-04
 7.19686e+01 2.63758e+04 1.43416e-09 -6.12548e-04
 8.96151e+01 2.78797e+04 1.60935e-09 -6.12548e-04
 1.11588e+02 2.87338e+04 1.84896e-09 -6.12548e-04
 1.38950e+02 3.03543e+04 2.07563e-09 -6.12547e-04
 1.73020e+02 3.15404e+04 2.36860e-09 -6.12545e-04
 2.15443e+02 3.34187e+04 2.65545e-09 -6.12536e-04
 2.68270e+02 3.47088e+04 3.03260e-09 -6.12435e-04
 3.34048e+02 3.69952e+04 3.36753e-09 -6.11922e-04
 4.15956e+02 3.90024e+04 3.79006e-09 -6.10529e-04
 5.17947e+02 4.02130e+04 4.35111e-09 -6.03834e-04
 6.44947e+02 4.50439e+04 4.61615e-09 -6.12389e-04
 8.03086e+02 4.44522e+04 5.58664e-09 -6.01217e-04
 1.00000e+03 4.90420e+04 5.98582e-09 -6.11914e-04
