#n1=128 n2=4 Teff=12000 R=2.6962e+13 L=1.0728e+40 logg=+0.50
#   tau          T          rho         Fconv
 0.00000e+00 8.88135e+03 8.41256e-22 +0.00000e+00
 1.00000e-09 8.88135e+03 4.77693e-21 +0.00000e+00
 1.24520e-09 8.88627e+03 5.77310e-21 +0.00000e+00
 1.55052e-09 8.89127e+03 7.02242e-21 +0.00000e+00
 1.93070e-09 8.89651e+03 8.58935e-21 +0.00000e+00
 2.40410e-09 8.90197e+03 1.05549e-20 +0.00000e+00
 2.99358e-09 8.90762e+03 1.30209e-20 +0.00000e+00
 3.72759e-09 8.91343e+03 1.61151e-20 +0.00000e+00
 4.64159e-09 8.91938e+03 1.99977e-20 +0.00000e+00
 5.77969e-09 8.92543e+03 2.48700e-20 +0.00000e+00
 7.19686e-09 8.93158e+03 3.09846e-20 +0.00000e+00
 8.96151e-09 8.93780e+03 3.86587e-20 +0.00000e+00
 1.11588e-08 8.94407e+03 4.82904e-20 +0.00000e+00
 1.38950e-08 8.95039e+03 6.03793e-20 +0.00000e+00
 1.73020e-08 8.95675e+03 7.55527e-20 +0.00000e+00
 2.15443e-08 8.96314e+03 9.45984e-20 +0.00000e+00
 2.68270e-08 8.96957e+03 1.18505e-19 +0.00000e+00
 3.34048e-08 8.97604e+03 1.48515e-19 +0.00000e+00
 4.15956e-08 8.98255e+03 1.86186e-19 +0.00000e+00
 5.17947e-08 8.98911e+03 2.33479e-19 +0.00000e+00
 6.44947e-08 8.99572e+03 2.92853e-19 +0.00000e+00
 8.03086e-08 9.00240e+03 3.67400e-19 +0.00000e+00
 1.00000e-07 9.00914e+03 4.61006e-19 +0.00000e+00
 1.24520e-07 9.01595e+03 5.78555e-19 +0.00000e+00
 1.55052e-07 9.02283e+03 7.26189e-19 +0.00000e+00
 1.93070e-07 9.02979e+03 9.11632e-19 +0.00000e+00
 2.40410e-07 9.03682e+03 1.14460e-18 +0.00000e+00
 2.99358e-07 9.04392e+03 1.43731e-18 +0.00000e+00
 3.72759e-07 9.05110e+03 1.80516e-18 +0.00000e+00
 4.64159e-07 9.05834e+03 2.26751e-18 +0.00000e+00
 5.77969e-07 9.06566e+03 2.84879e-18 +0.00000e+00
 7.19686e-07 9.07302e+03 3.57972e-18 +0.00000e+00
 8.96151e-07 9.08044e+03 4.49896e-18 +0.00000e+00
 1.11588e-06 9.08788e+03 5.65493e-18 +0.00000e+00
 1.38950e-06 9.09533e+03 7.10833e-18 +0.00000e+00
 1.73020e-06 9.10275e+03 8.93543e-18 +0.00000e+00
 2.15443e-06 9.11009e+03 1.12318e-17 +0.00000e+00
 2.68270e-06 9.11728e+03 1.41174e-17 +0.00000e+00
 3.34048e-06 9.12424e+03 1.77428e-17 +0.00000e+00
 4.15956e-06 9.13085e+03 2.22969e-17 +0.00000e+00
 5.17947e-06 9.13696e+03 2.80177e-17 +0.00000e+00
 6.44947e-06 9.14240e+03 3.52041e-17 +0.00000e+00
 8.03086e-06 9.14692e+03 4.42324e-17 +0.00000e+00
 1.00000e-05 9.15027e+03 5.55709e-17 +0.00000e+00
 1.24520e-05 9.15523e+03 6.98308e-17 +0.00000e+00
 1.55052e-05 9.15557e+03 8.77665e-17 +0.00000e+00
 1.93070e-05 9.15321e+03 1.10361e-16 +0.00000e+00
 2.40410e-05 9.14726e+03 1.38846e-16 +0.00000e+00
 2.99358e-05 9.13601e+03 1.74899e-16 +0.00000e+00
 3.72759e-05 9.11332e+03 2.20663e-16 +0.00000e+00
 4.64159e-05 9.08745e+03 2.79105e-16 +0.00000e+00
 5.77969e-05 9.06485e+03 3.53502e-16 +0.00000e+00
 7.19686e-05 9.04554e+03 4.48196e-16 +0.00000e+00
 8.96151e-05 9.03021e+03 5.67547e-16 +0.00000e+00
 1.11588e-04 9.01885e+03 7.17429e-16 +0.00000e+00
 1.38950e-04 9.01138e+03 9.05676e-16 +0.00000e+00
 1.73020e-04 9.00738e+03 1.14200e-15 +0.00000e+00
 2.15443e-04 9.00639e+03 1.43851e-15 +0.00000e+00
 2.68270e-04 9.00792e+03 1.81037e-15 +0.00000e+00
 3.34048e-04 9.01146e+03 2.27656e-15 +0.00000e+00
 4.15956e-04 9.01640e+03 2.86095e-15 +0.00000e+00
 5.17947e-04 9.02204e+03 3.59349e-15 +0.00000e+00
 6.44947e-04 9.02754e+03 4.51190e-15 +0.00000e+00
 8.03086e-04 9.03194e+03 5.66378e-15 +0.00000e+00
 1.00000e-03 9.03417e+03 7.10919e-15 +0.00000e+00
 1.24520e-03 9.03391e+03 8.92344e-15 -2.54863e-07
 1.55052e-03 9.03032e+03 1.12018e-14 -3.17354e-07
 1.93070e-03 9.02306e+03 1.40639e-14 -3.95168e-07
 2.40410e-03 9.01228e+03 1.76595e-14 -4.92063e-07
 2.99358e-03 8.99880e+03 2.21747e-14 -6.12716e-07
 3.72759e-03 8.98395e+03 2.78403e-14 -7.62951e-07
 4.64159e-03 8.96914e+03 3.49418e-14 -9.50024e-07
 5.77969e-03 8.95569e+03 4.38325e-14 -1.18297e-06
 7.19686e-03 8.94456e+03 5.49492e-14 -1.47303e-06
 8.96151e-03 8.93646e+03 6.88315e-14 -1.83421e-06
 1.11588e-02 8.93190e+03 8.61443e-14 -2.28396e-06
 1.38950e-02 8.93129e+03 1.07706e-13 -2.84398e-06
 1.73020e-02 8.93515e+03 1.34516e-13 -3.54130e-06
 2.15443e-02 8.94434e+03 1.67790e-13 -4.40962e-06
 2.68270e-02 8.96167e+03 2.08957e-13 -5.49085e-06
 3.34048e-02 8.98373e+03 2.59888e-13 -6.83719e-06
 4.15956e-02 9.01303e+03 3.22701e-13 -8.51365e-06
 5.17947e-02 9.05254e+03 3.99871e-13 -1.06012e-05
 6.44947e-02 9.10145e+03 4.94486e-13 -1.32005e-05
 8.03086e-02 9.16416e+03 6.09907e-13 -1.64373e-05
 1.00000e-01 9.24447e+03 7.49992e-13 -2.04677e-05
 1.24520e-01 9.34741e+03 9.18992e-13 -2.54863e-05
 1.55052e-01 9.47978e+03 1.12141e-12 -3.17354e-05
 1.93070e-01 9.65088e+03 1.36174e-12 -3.95168e-05
 2.40410e-01 9.87205e+03 1.64427e-12 -4.92063e-05
 2.99358e-01 1.01534e+04 1.97342e-12 -6.12716e-05
 3.72759e-01 1.04978e+04 2.35515e-12 -7.62951e-05
 4.64159e-01 1.08989e+04 2.79806e-12 -9.50024e-05
 5.77969e-01 1.13442e+04 3.31247e-12 -1.18297e-04
 7.19686e-01 1.18227e+04 3.90754e-12 -1.45518e-04
 8.96151e-01 1.23276e+04 4.59138e-12 -1.82006e-04
 1.11588e+00 1.28566e+04 5.37876e-12 -2.29086e-04
 1.38950e+00 1.34092e+04 6.29896e-12 -2.84087e-04
 1.73020e+00 1.39851e+04 7.38975e-12 -3.54130e-04
 2.15443e+00 1.45862e+04 8.68781e-12 -4.40962e-04
 2.68270e+00 1.52179e+04 1.02278e-11 -5.49085e-04
 3.34048e+00 1.58874e+04 1.20465e-11 -6.14030e-04
 4.15956e+00 1.66005e+04 1.41864e-11 -6.14030e-04
 5.17947e+00 1.73627e+04 1.66975e-11 -6.14030e-04
 6.44947e+00 1.81733e+04 1.96432e-11 -6.14030e-04
 8.03086e+00 1.90401e+04 2.30888e-11 -6.14030e-04
 1.00000e+01 1.99586e+04 2.71244e-11 -6.14030e-04
 1.24520e+01 2.09402e+04 3.18344e-11 -6.14030e-04
 1.55052e+01 2.19686e+04 3.73553e-11 -6.14030e-04
 1.93070e+01 2.31094e+04 4.37170e-11 -6.14030e-04
 2.40410e+01 2.42255e+04 5.13077e-11 -6.14030e-04
 2.99358e+01 2.55798e+04 5.97884e-11 -6.14030e-04
 3.72759e+01 2.68093e+04 7.01225e-11 -6.14030e-04
 4.64159e+01 2.83087e+04 8.15137e-11 -6.14031e-04
 5.77969e+01 2.98327e+04 9.47061e-11 -6.14031e-04
 7.19686e+01 3.13464e+04 1.09859e-10 -6.14030e-04
 8.96151e+01 3.32113e+04 1.25777e-10 -6.14030e-04
 1.11588e+02 3.48714e+04 1.45463e-10 -6.14030e-04
 1.38950e+02 3.69217e+04 1.67097e-10 -6.14030e-04
 1.73020e+02 3.87893e+04 1.94001e-10 -6.14030e-04
 2.15443e+02 4.10013e+04 2.24233e-10 -6.14030e-04
 2.68270e+02 4.30053e+04 2.61307e-10 -6.14030e-04
 3.34048e+02 4.52888e+04 3.03256e-10 -6.14030e-04
 4.15956e+02 4.77073e+04 3.52079e-10 -6.14030e-04
 5.17947e+02 4.95112e+04 4.13637e-10 -6.14030e-04
 6.44947e+02 5.28673e+04 4.73574e-10 -6.14030e-04
 8.03086e+02 5.43060e+04 5.61202e-10 -6.14030e-04
 1.00000e+03 5.76599e+04 6.41851e-10 -6.14030e-04
