#n1=128 n2=4 Teff=13000 R=1.7258e+12 L=6.0726e+37 logg=+2.50
#   tau          T          rho         Fconv
 0.00000e+00 1.07086e+04 6.97704e-22 +0.00000e+00
 1.00000e-09 1.07086e+04 6.20186e-19 +0.00000e+00
 1.24520e-09 1.06735e+04 7.75588e-19 +0.00000e+00
 1.55052e-09 1.06465e+04 9.69255e-19 +0.00000e+00
 1.93070e-09 1.06260e+04 1.21060e-18 +0.00000e+00
 2.40410e-09 1.06106e+04 1.51136e-18 +0.00000e+00
 2.99358e-09 1.05992e+04 1.88623e-18 +0.00000e+00
 3.72759e-09 1.05908e+04 2.35350e-18 +0.00000e+00
 4.64159e-09 1.05846e+04 2.93600e-18 +0.00000e+00
 5.77969e-09 1.05803e+04 3.66222e-18 +0.00000e+00
 7.19686e-09 1.05772e+04 4.56769e-18 +0.00000e+00
 8.96151e-09 1.05752e+04 5.69678e-18 +0.00000e+00
 1.11588e-08 1.05739e+04 7.10487e-18 +0.00000e+00
 1.38950e-08 1.05733e+04 8.86113e-18 +0.00000e+00
 1.73020e-08 1.05731e+04 1.10520e-17 +0.00000e+00
 2.15443e-08 1.05732e+04 1.37854e-17 +0.00000e+00
 2.68270e-08 1.05735e+04 1.71965e-17 +0.00000e+00
 3.34048e-08 1.05739e+04 2.14541e-17 +0.00000e+00
 4.15956e-08 1.05744e+04 2.67700e-17 +0.00000e+00
 5.17947e-08 1.05750e+04 3.34093e-17 +0.00000e+00
 6.44947e-08 1.05756e+04 4.17045e-17 +0.00000e+00
 8.03086e-08 1.05762e+04 5.20729e-17 +0.00000e+00
 1.00000e-07 1.05768e+04 6.50377e-17 +0.00000e+00
 1.24520e-07 1.05774e+04 8.12547e-17 +0.00000e+00
 1.55052e-07 1.05780e+04 1.01546e-16 +0.00000e+00
 1.93070e-07 1.05786e+04 1.26944e-16 +0.00000e+00
 2.40410e-07 1.05791e+04 1.58739e-16 +0.00000e+00
 2.99358e-07 1.05795e+04 1.98550e-16 +0.00000e+00
 3.72759e-07 1.05798e+04 2.48397e-16 +0.00000e+00
 4.64159e-07 1.05798e+04 3.10808e-16 +0.00000e+00
 5.77969e-07 1.05794e+04 3.88935e-16 +0.00000e+00
 7.19686e-07 1.05784e+04 4.86717e-16 +0.00000e+00
 8.96151e-07 1.05767e+04 6.09074e-16 +0.00000e+00
 1.11588e-06 1.05739e+04 7.62151e-16 +0.00000e+00
 1.38950e-06 1.05695e+04 9.53652e-16 +0.00000e+00
 1.73020e-06 1.05627e+04 1.19327e-15 +0.00000e+00
 2.15443e-06 1.05522e+04 1.49316e-15 +0.00000e+00
 2.68270e-06 1.05325e+04 1.86972e-15 +0.00000e+00
 3.34048e-06 1.04835e+04 2.34593e-15 +0.00000e+00
 4.15956e-06 1.03060e+04 2.98172e-15 +0.00000e+00
 5.17947e-06 9.90708e+03 3.88902e-15 +0.00000e+00
 6.44947e-06 9.60624e+03 5.04374e-15 +0.00000e+00
 8.03086e-06 9.45060e+03 6.44360e-15 +0.00000e+00
 1.00000e-05 9.37716e+03 8.15000e-15 +0.00000e+00
 1.24520e-05 9.33197e+03 1.02634e-14 +0.00000e+00
 1.55052e-05 9.29840e+03 1.28948e-14 +0.00000e+00
 1.93070e-05 9.26964e+03 1.61787e-14 +0.00000e+00
 2.40410e-05 9.24208e+03 2.02821e-14 +0.00000e+00
 2.99358e-05 9.21343e+03 2.54143e-14 +0.00000e+00
 3.72759e-05 9.18208e+03 3.18385e-14 +0.00000e+00
 4.64159e-05 9.14698e+03 3.98850e-14 +0.00000e+00
 5.77969e-05 9.10775e+03 4.99666e-14 +0.00000e+00
 7.19686e-05 9.06505e+03 6.25946e-14 +0.00000e+00
 8.96151e-05 9.02059e+03 7.83942e-14 +0.00000e+00
 1.11588e-04 8.97677e+03 9.81233e-14 +0.00000e+00
 1.38950e-04 8.93583e+03 1.22700e-13 +0.00000e+00
 1.73020e-04 8.89917e+03 1.53237e-13 +0.00000e+00
 2.15443e-04 8.86722e+03 1.91088e-13 +0.00000e+00
 2.68270e-04 8.83968e+03 2.37892e-13 +0.00000e+00
 3.34048e-04 8.81596e+03 2.95627e-13 +0.00000e+00
 4.15956e-04 8.79523e+03 3.66675e-13 +0.00000e+00
 5.17947e-04 8.77667e+03 4.53905e-13 +0.00000e+00
 6.44947e-04 8.75949e+03 5.60757e-13 +0.00000e+00
 8.03086e-04 8.74297e+03 6.91346e-13 +0.00000e+00
 1.00000e-03 8.72623e+03 8.50566e-13 +0.00000e+00
 1.24520e-03 8.70933e+03 1.04407e-12 -2.54083e-07
 1.55052e-03 8.69212e+03 1.27836e-12 -3.16383e-07
 1.93070e-03 8.67481e+03 1.56079e-12 -3.93959e-07
 2.40410e-03 8.65857e+03 1.89944e-12 -4.90557e-07
 2.99358e-03 8.64479e+03 2.30309e-12 -6.10840e-07
 3.72759e-03 8.63635e+03 2.78106e-12 -7.60616e-07
 4.64159e-03 8.63377e+03 3.34429e-12 -9.47119e-07
 5.77969e-03 8.64002e+03 4.00359e-12 -1.17935e-06
 7.19686e-03 8.65691e+03 4.77143e-12 -1.46852e-06
 8.96151e-03 8.68598e+03 5.66130e-12 -1.82860e-06
 1.11588e-02 8.72837e+03 6.68873e-12 -2.27696e-06
 1.38950e-02 8.78491e+03 7.87056e-12 -2.83527e-06
 1.73020e-02 8.85638e+03 9.22513e-12 -3.53047e-06
 2.15443e-02 8.94350e+03 1.07721e-11 -4.39613e-06
 2.68270e-02 9.04709e+03 1.25310e-11 -5.47405e-06
 3.34048e-02 9.16815e+03 1.45228e-11 -6.81627e-06
 4.15956e-02 9.30779e+03 1.67694e-11 -8.48758e-06
 5.17947e-02 9.46721e+03 1.92966e-11 -1.05688e-05
 6.44947e-02 9.64758e+03 2.21366e-11 -1.31601e-05
 8.03086e-02 9.84993e+03 2.53307e-11 -1.63870e-05
 1.00000e-01 1.00751e+04 2.89326e-11 -2.04050e-05
 1.24520e-01 1.03239e+04 3.30092e-11 -2.54083e-05
 1.55052e-01 1.05965e+04 3.76422e-11 -3.16383e-05
 1.93070e-01 1.08928e+04 4.29286e-11 -3.93959e-05
 2.40410e-01 1.12120e+04 4.89814e-11 -4.90557e-05
 2.99358e-01 1.15524e+04 5.59288e-11 -6.10840e-05
 3.72759e-01 1.19120e+04 6.39119e-11 -7.60616e-05
 4.64159e-01 1.22885e+04 7.30801e-11 -9.47119e-05
 5.77969e-01 1.26801e+04 8.35843e-11 -1.17935e-04
 7.19686e-01 1.30856e+04 9.55704e-11 -1.46852e-04
 8.96151e-01 1.35042e+04 1.09177e-10 -1.82860e-04
 1.11588e+00 1.39364e+04 1.24548e-10 -2.27699e-04
 1.38950e+00 1.43830e+04 1.41863e-10 -2.83529e-04
 1.73020e+00 1.48452e+04 1.61390e-10 -3.53047e-04
 2.15443e+00 1.53239e+04 1.83509e-10 -4.39613e-04
 2.68270e+00 1.58197e+04 2.08687e-10 -5.47405e-04
 3.34048e+00 1.63337e+04 2.37429e-10 -6.12150e-04
 4.15956e+00 1.68681e+04 2.70248e-10 -6.12150e-04
 5.17947e+00 1.74260e+04 3.07691e-10 -6.12150e-04
 6.44947e+00 1.80058e+04 3.50420e-10 -6.12150e-04
 8.03086e+00 1.86149e+04 3.99022e-10 -6.12150e-04
 1.00000e+01 1.92510e+04 4.54345e-10 -6.12150e-04
 1.24520e+01 1.99225e+04 5.17133e-10 -6.12150e-04
 1.55052e+01 2.06196e+04 5.88612e-10 -6.12150e-04
 1.93070e+01 2.13944e+04 6.68777e-10 -6.12150e-04
 2.40410e+01 2.21225e+04 7.62181e-10 -6.12150e-04
 2.99358e+01 2.30769e+04 8.62479e-10 -6.12150e-04
 3.72759e+01 2.38212e+04 9.85529e-10 -6.12150e-04
 4.64159e+01 2.49019e+04 1.11314e-09 -6.12150e-04
 5.77969e+01 2.59411e+04 1.26418e-09 -6.12150e-04
 7.19686e+01 2.67869e+04 1.44530e-09 -6.12150e-04
 8.96151e+01 2.84042e+04 1.61705e-09 -6.12150e-04
 1.11588e+02 2.91842e+04 1.86269e-09 -6.12150e-04
 1.38950e+02 3.09916e+04 2.08118e-09 -6.12150e-04
 1.73020e+02 3.20593e+04 2.38483e-09 -6.12147e-04
 2.15443e+02 3.41705e+04 2.65753e-09 -6.12129e-04
 2.68270e+02 3.53216e+04 3.04821e-09 -6.11943e-04
 3.34048e+02 3.79880e+04 3.35282e-09 -6.11450e-04
 4.15956e+02 3.93328e+04 3.83963e-09 -6.09020e-04
 5.17947e+02 4.24180e+04 4.21652e-09 -6.11251e-04
 6.44947e+02 4.40989e+04 4.83063e-09 -6.10346e-04
 8.03086e+02 4.69273e+04 5.40835e-09 -6.11199e-04
 1.00000e+03 4.92414e+04 6.15664e-09 -6.10467e-04
