#n1=128 n2=4 Teff=13000 R=2.9198e+13 L=1.7338e+40 logg=+0.50
#   tau          T          rho         Fconv
 0.00000e+00 8.16143e+03 9.15667e-22 +0.00000e+00
 1.00000e-09 8.16143e+03 5.46593e-21 +0.00000e+00
 1.24520e-09 8.16684e+03 6.61035e-21 +0.00000e+00
 1.55052e-09 8.17229e+03 8.04359e-21 +0.00000e+00
 1.93070e-09 8.17794e+03 9.83860e-21 +0.00000e+00
 2.40410e-09 8.18376e+03 1.20870e-20 +0.00000e+00
 2.99358e-09 8.18975e+03 1.49034e-20 +0.00000e+00
 3.72759e-09 8.19590e+03 1.84318e-20 +0.00000e+00
 4.64159e-09 8.20221e+03 2.28522e-20 +0.00000e+00
 5.77969e-09 8.20868e+03 2.83902e-20 +0.00000e+00
 7.19686e-09 8.21532e+03 3.53287e-20 +0.00000e+00
 8.96151e-09 8.22215e+03 4.40217e-20 +0.00000e+00
 1.11588e-08 8.22918e+03 5.49127e-20 +0.00000e+00
 1.38950e-08 8.23644e+03 6.85571e-20 +0.00000e+00
 1.73020e-08 8.24395e+03 8.56506e-20 +0.00000e+00
 2.15443e-08 8.25175e+03 1.07064e-19 +0.00000e+00
 2.68270e-08 8.25987e+03 1.33887e-19 +0.00000e+00
 3.34048e-08 8.26835e+03 1.67486e-19 +0.00000e+00
 4.15956e-08 8.27725e+03 2.09568e-19 +0.00000e+00
 5.17947e-08 8.28659e+03 2.62272e-19 +0.00000e+00
 6.44947e-08 8.29643e+03 3.28274e-19 +0.00000e+00
 8.03086e-08 8.30682e+03 4.10923e-19 +0.00000e+00
 1.00000e-07 8.31778e+03 5.14409e-19 +0.00000e+00
 1.24520e-07 8.32936e+03 6.43977e-19 +0.00000e+00
 1.55052e-07 8.34158e+03 8.06188e-19 +0.00000e+00
 1.93070e-07 8.35446e+03 1.00925e-18 +0.00000e+00
 2.40410e-07 8.36801e+03 1.26345e-18 +0.00000e+00
 2.99358e-07 8.38222e+03 1.58164e-18 +0.00000e+00
 3.72759e-07 8.39708e+03 1.97992e-18 +0.00000e+00
 4.64159e-07 8.41257e+03 2.47845e-18 +0.00000e+00
 5.77969e-07 8.42864e+03 3.10245e-18 +0.00000e+00
 7.19686e-07 8.44526e+03 3.88352e-18 +0.00000e+00
 8.96151e-07 8.46239e+03 4.86125e-18 +0.00000e+00
 1.11588e-06 8.48001e+03 6.08526e-18 +0.00000e+00
 1.38950e-06 8.49810e+03 7.61782e-18 +0.00000e+00
 1.73020e-06 8.51665e+03 9.53693e-18 +0.00000e+00
 2.15443e-06 8.53571e+03 1.19405e-17 +0.00000e+00
 2.68270e-06 8.55535e+03 1.49505e-17 +0.00000e+00
 3.34048e-06 8.57566e+03 1.87192e-17 +0.00000e+00
 4.15956e-06 8.59681e+03 2.34368e-17 +0.00000e+00
 5.17947e-06 8.61898e+03 2.93405e-17 +0.00000e+00
 6.44947e-06 8.64240e+03 3.67261e-17 +0.00000e+00
 8.03086e-06 8.66731e+03 4.59623e-17 +0.00000e+00
 1.00000e-05 8.69396e+03 5.75088e-17 +0.00000e+00
 1.24520e-05 8.72257e+03 7.19398e-17 +0.00000e+00
 1.55052e-05 8.75334e+03 8.99737e-17 +0.00000e+00
 1.93070e-05 8.78635e+03 1.12512e-16 +0.00000e+00
 2.40410e-05 8.82162e+03 1.40691e-16 +0.00000e+00
 2.99358e-05 8.85905e+03 1.75954e-16 +0.00000e+00
 3.72759e-05 8.89842e+03 2.20160e-16 +0.00000e+00
 4.64159e-05 8.93936e+03 2.75745e-16 +0.00000e+00
 5.77969e-05 8.98138e+03 3.45993e-16 +0.00000e+00
 7.19686e-05 9.02385e+03 4.35286e-16 +0.00000e+00
 8.96151e-05 9.06601e+03 5.48269e-16 +0.00000e+00
 1.11588e-04 9.10691e+03 6.89907e-16 +0.00000e+00
 1.38950e-04 9.14556e+03 8.67318e-16 +0.00000e+00
 1.73020e-04 9.18157e+03 1.08980e-15 +0.00000e+00
 2.15443e-04 9.21513e+03 1.36884e-15 +0.00000e+00
 2.68270e-04 9.24697e+03 1.71864e-15 +0.00000e+00
 3.34048e-04 9.27804e+03 2.15686e-15 +0.00000e+00
 4.15956e-04 9.30925e+03 2.70546e-15 +0.00000e+00
 5.17947e-04 9.34119e+03 3.39179e-15 +0.00000e+00
 6.44947e-04 9.37407e+03 4.25006e-15 +0.00000e+00
 8.03086e-04 9.40786e+03 5.32297e-15 +0.00000e+00
 1.00000e-03 9.44252e+03 6.66375e-15 +0.00000e+00
 1.24520e-03 9.47809e+03 8.33869e-15 -2.54728e-07
 1.55052e-03 9.51471e+03 1.04301e-14 -3.17186e-07
 1.93070e-03 9.55265e+03 1.30403e-14 -3.94960e-07
 2.40410e-03 9.59217e+03 1.62961e-14 -4.91803e-07
 2.99358e-03 9.63353e+03 2.03546e-14 -6.12391e-07
 3.72759e-03 9.67693e+03 2.54108e-14 -7.62548e-07
 4.64159e-03 9.72249e+03 3.17063e-14 -9.49524e-07
 5.77969e-03 9.77027e+03 3.95406e-14 -1.18234e-06
 7.19686e-03 9.82034e+03 4.92844e-14 -1.47225e-06
 8.96151e-03 9.87277e+03 6.13964e-14 -1.83324e-06
 1.11588e-02 9.92769e+03 7.64424e-14 -2.28274e-06
 1.38950e-02 9.98534e+03 9.51188e-14 -2.84247e-06
 1.73020e-02 1.00461e+04 1.18280e-13 -3.53943e-06
 2.15443e-02 1.01103e+04 1.46970e-13 -4.40729e-06
 2.68270e-02 1.01788e+04 1.82465e-13 -5.48795e-06
 3.34048e-02 1.02523e+04 2.26310e-13 -6.83358e-06
 4.15956e-02 1.03320e+04 2.80373e-13 -8.50914e-06
 5.17947e-02 1.04194e+04 3.46892e-13 -1.05956e-05
 6.44947e-02 1.05162e+04 4.28524e-13 -1.31935e-05
 8.03086e-02 1.06249e+04 5.28388e-13 -1.64286e-05
 1.00000e-01 1.07481e+04 6.50098e-13 -2.04568e-05
 1.24520e-01 1.08896e+04 7.97762e-13 -2.54728e-05
 1.55052e-01 1.10535e+04 9.75945e-13 -3.17186e-05
 1.93070e-01 1.12445e+04 1.18957e-12 -3.94960e-05
 2.40410e-01 1.14674e+04 1.44379e-12 -4.91803e-05
 2.99358e-01 1.17262e+04 1.74386e-12 -6.12391e-05
 3.72759e-01 1.20233e+04 2.09536e-12 -7.62548e-05
 4.64159e-01 1.23600e+04 2.50506e-12 -9.49524e-05
 5.77969e-01 1.27359e+04 2.98266e-12 -1.18234e-04
 7.19686e-01 1.31503e+04 3.54220e-12 -1.47225e-04
 8.96151e-01 1.36029e+04 4.20180e-12 -1.83324e-04
 1.11588e+00 1.40949e+04 4.98221e-12 -2.28274e-04
 1.38950e+00 1.46291e+04 5.90590e-12 -2.84247e-04
 1.73020e+00 1.52097e+04 6.99725e-12 -3.53943e-04
 2.15443e+00 1.58422e+04 8.28318e-12 -4.40729e-04
 2.68270e+00 1.65322e+04 9.79413e-12 -5.48795e-04
 3.34048e+00 1.72810e+04 1.15679e-11 -6.13705e-04
 4.15956e+00 1.80862e+04 1.36514e-11 -6.13705e-04
 5.17947e+00 1.89561e+04 1.60914e-11 -6.13705e-04
 6.44947e+00 1.98720e+04 1.89656e-11 -6.13705e-04
 8.03086e+00 2.08607e+04 2.23230e-11 -6.13705e-04
 1.00000e+01 2.18978e+04 2.62729e-11 -6.13705e-04
 1.24520e+01 2.30195e+04 3.08731e-11 -6.13705e-04
 1.55052e+01 2.41759e+04 3.62985e-11 -6.13705e-04
 1.93070e+01 2.55061e+04 4.24794e-11 -6.13705e-04
 2.40410e+01 2.67540e+04 4.99463e-11 -6.13705e-04
 2.99358e+01 2.83491e+04 5.80415e-11 -6.13706e-04
 3.72759e+01 2.97476e+04 6.78921e-11 -6.13706e-04
 4.64159e+01 3.14915e+04 7.82401e-11 -6.13705e-04
 5.77969e+01 3.32499e+04 9.01967e-11 -6.13705e-04
 7.19686e+01 3.49884e+04 1.04462e-10 -6.13705e-04
 8.96151e+01 3.70837e+04 1.20426e-10 -6.13705e-04
 1.11588e+02 3.89308e+04 1.40500e-10 -6.13705e-04
 1.38950e+02 4.11746e+04 1.62915e-10 -6.13705e-04
 1.73020e+02 4.31998e+04 1.90484e-10 -6.13705e-04
 2.15443e+02 4.55836e+04 2.21501e-10 -6.13705e-04
 2.68270e+02 4.77566e+04 2.59230e-10 -6.13705e-04
 3.34048e+02 5.01863e+04 3.02180e-10 -6.13705e-04
 4.15956e+02 5.28004e+04 3.51839e-10 -6.13705e-04
 5.17947e+02 5.47590e+04 4.14271e-10 -6.13705e-04
 6.44947e+02 5.82283e+04 4.76423e-10 -6.13705e-04
 8.03086e+02 5.99353e+04 5.63915e-10 -6.13705e-04
 1.00000e+03 6.34023e+04 6.48028e-10 -6.13705e-04
