#n1=128 n2=4 Teff=13000 R=2.5968e+11 L=1.3721e+36 logg=+4.00
#   tau          T          rho         Fconv
 0.00000e+00 9.25669e+03 8.38114e-22 +0.00000e+00
 1.00000e-09 9.25669e+03 2.92151e-17 +0.00000e+00
 1.24520e-09 9.23229e+03 3.66199e-17 +0.00000e+00
 1.55052e-09 9.19412e+03 4.59544e-17 +0.00000e+00
 1.93070e-09 9.12983e+03 5.78173e-17 +0.00000e+00
 2.40410e-09 9.01365e+03 7.31508e-17 +0.00000e+00
 2.99358e-09 8.75095e+03 9.41005e-17 +0.00000e+00
 3.72759e-09 6.81773e+03 1.50831e-16 +0.00000e+00
 4.64159e-09 6.80011e+03 1.88658e-16 +0.00000e+00
 5.77969e-09 6.78778e+03 2.35725e-16 +0.00000e+00
 7.19686e-09 6.77846e+03 2.94336e-16 +0.00000e+00
 8.96151e-09 6.77136e+03 3.67330e-16 +0.00000e+00
 1.11588e-08 6.76612e+03 4.58225e-16 +0.00000e+00
 1.38950e-08 6.76254e+03 5.71395e-16 +0.00000e+00
 1.73020e-08 6.76058e+03 7.12264e-16 +0.00000e+00
 2.15443e-08 6.76026e+03 8.87563e-16 +0.00000e+00
 2.68270e-08 6.76168e+03 1.10564e-15 +0.00000e+00
 3.34048e-08 6.76500e+03 1.37682e-15 +0.00000e+00
 4.15956e-08 6.77043e+03 1.71390e-15 +0.00000e+00
 5.17947e-08 6.77822e+03 2.13269e-15 +0.00000e+00
 6.44947e-08 6.78867e+03 2.65269e-15 +0.00000e+00
 8.03086e-08 6.80208e+03 3.29798e-15 +0.00000e+00
 1.00000e-07 6.81876e+03 4.09822e-15 +0.00000e+00
 1.24520e-07 6.83903e+03 5.08991e-15 +0.00000e+00
 1.55052e-07 6.86318e+03 6.31795e-15 +0.00000e+00
 1.93070e-07 6.89148e+03 7.83747e-15 +0.00000e+00
 2.40410e-07 6.92417e+03 9.71621e-15 +0.00000e+00
 2.99358e-07 6.96143e+03 1.20373e-14 +0.00000e+00
 3.72759e-07 7.00339e+03 1.49028e-14 +0.00000e+00
 4.64159e-07 7.05011e+03 1.84381e-14 +0.00000e+00
 5.77969e-07 7.10156e+03 2.27972e-14 +0.00000e+00
 7.19686e-07 7.15764e+03 2.81694e-14 +0.00000e+00
 8.96151e-07 7.21812e+03 3.47874e-14 +0.00000e+00
 1.11588e-06 7.28272e+03 4.29381e-14 +0.00000e+00
 1.38950e-06 7.35108e+03 5.29733e-14 +0.00000e+00
 1.73020e-06 7.42274e+03 6.53252e-14 +0.00000e+00
 2.15443e-06 7.49720e+03 8.05247e-14 +0.00000e+00
 2.68270e-06 7.57392e+03 9.92237e-14 +0.00000e+00
 3.34048e-06 7.65235e+03 1.22222e-13 +0.00000e+00
 4.15956e-06 7.73192e+03 1.50502e-13 +0.00000e+00
 5.17947e-06 7.81214e+03 1.85264e-13 +0.00000e+00
 6.44947e-06 7.89256e+03 2.27971e-13 +0.00000e+00
 8.03086e-06 7.97283e+03 2.80391e-13 +0.00000e+00
 1.00000e-05 8.05266e+03 3.44648e-13 +0.00000e+00
 1.24520e-05 8.13185e+03 4.23262e-13 +0.00000e+00
 1.55052e-05 8.21021e+03 5.19202e-13 +0.00000e+00
 1.93070e-05 8.28755e+03 6.35928e-13 +0.00000e+00
 2.40410e-05 8.36367e+03 7.77423e-13 +0.00000e+00
 2.99358e-05 8.43838e+03 9.48243e-13 +0.00000e+00
 3.72759e-05 8.51157e+03 1.15357e-12 +0.00000e+00
 4.64159e-05 8.58326e+03 1.39927e-12 +0.00000e+00
 5.77969e-05 8.65359e+03 1.69202e-12 +0.00000e+00
 7.19686e-05 8.72287e+03 2.03944e-12 +0.00000e+00
 8.96151e-05 8.79145e+03 2.45019e-12 +0.00000e+00
 1.11588e-04 8.85980e+03 2.93423e-12 +0.00000e+00
 1.38950e-04 8.92837e+03 3.50298e-12 +0.00000e+00
 1.73020e-04 8.99755e+03 4.16943e-12 +0.00000e+00
 2.15443e-04 9.06773e+03 4.94828e-12 +0.00000e+00
 2.68270e-04 9.13915e+03 5.85583e-12 +0.00000e+00
 3.34048e-04 9.21199e+03 6.91017e-12 +0.00000e+00
 4.15956e-04 9.28631e+03 8.13074e-12 +0.00000e+00
 5.17947e-04 9.36202e+03 9.53874e-12 +0.00000e+00
 6.44947e-04 9.43891e+03 1.11587e-11 +0.00000e+00
 8.03086e-04 9.51665e+03 1.30163e-11 +0.00000e+00
 1.00000e-03 9.59483e+03 1.51424e-11 +0.00000e+00
 1.24520e-03 9.67295e+03 1.75694e-11 -2.54602e-07
 1.55052e-03 9.75056e+03 2.03363e-11 -3.17030e-07
 1.93070e-03 9.82739e+03 2.34869e-11 -3.94765e-07
 2.40410e-03 9.90329e+03 2.70705e-11 -4.91560e-07
 2.99358e-03 9.97831e+03 3.11421e-11 -6.12089e-07
 3.72759e-03 1.00526e+04 3.57589e-11 -7.62171e-07
 4.64159e-03 1.01263e+04 4.09876e-11 -9.49055e-07
 5.77969e-03 1.01997e+04 4.69019e-11 -1.18176e-06
 7.19686e-03 1.02731e+04 5.35841e-11 -1.47152e-06
 8.96151e-03 1.03469e+04 6.11248e-11 -1.83234e-06
 1.11588e-02 1.04217e+04 6.96254e-11 -2.28162e-06
 1.38950e-02 1.04982e+04 7.91963e-11 -2.84106e-06
 1.73020e-02 1.05774e+04 8.99597e-11 -3.53768e-06
 2.15443e-02 1.06602e+04 1.02051e-10 -4.40512e-06
 2.68270e-02 1.07477e+04 1.15617e-10 -5.48524e-06
 3.34048e-02 1.08413e+04 1.30822e-10 -6.83021e-06
 4.15956e-02 1.09425e+04 1.47846e-10 -8.50493e-06
 5.17947e-02 1.10532e+04 1.66883e-10 -1.05904e-05
 6.44947e-02 1.11754e+04 1.88156e-10 -1.31870e-05
 8.03086e-02 1.13109e+04 2.11917e-10 -1.64205e-05
 1.00000e-01 1.14619e+04 2.38460e-10 -2.04467e-05
 1.24520e-01 1.16303e+04 2.68131e-10 -2.54602e-05
 1.55052e-01 1.18179e+04 3.01338e-10 -3.17030e-05
 1.93070e-01 1.20264e+04 3.38568e-10 -3.94765e-05
 2.40410e-01 1.22570e+04 3.80396e-10 -4.91560e-05
 2.99358e-01 1.25109e+04 4.27500e-10 -6.12089e-05
 3.72759e-01 1.27886e+04 4.80660e-10 -7.62171e-05
 4.64159e-01 1.30905e+04 5.40769e-10 -9.49055e-05
 5.77969e-01 1.34167e+04 6.08819e-10 -1.18176e-04
 7.19686e-01 1.37672e+04 6.85886e-10 -1.47152e-04
 8.96151e-01 1.41420e+04 7.73096e-10 -1.83234e-04
 1.11588e+00 1.45421e+04 8.71582e-10 -2.28162e-04
 1.38950e+00 1.49689e+04 9.82466e-10 -2.84106e-04
 1.73020e+00 1.54226e+04 1.10706e-09 -3.53768e-04
 2.15443e+00 1.59003e+04 1.24719e-09 -4.40512e-04
 2.68270e+00 1.63999e+04 1.40509e-09 -5.48524e-04
 3.34048e+00 1.69231e+04 1.58336e-09 -6.13402e-04
 4.15956e+00 1.74749e+04 1.78495e-09 -6.13402e-04
 5.17947e+00 1.80621e+04 2.01325e-09 -6.13402e-04
 6.44947e+00 1.86723e+04 2.27398e-09 -6.13402e-04
 8.03086e+00 1.93242e+04 2.56960e-09 -6.13402e-04
 1.00000e+01 2.00049e+04 2.90686e-09 -6.13402e-04
 1.24520e+01 2.07310e+04 3.28916e-09 -6.13402e-04
 1.55052e+01 2.14799e+04 3.72563e-09 -6.13402e-04
 1.93070e+01 2.23329e+04 4.21189e-09 -6.13402e-04
 2.40410e+01 2.31038e+04 4.78544e-09 -6.13402e-04
 2.99358e+01 2.41621e+04 5.39062e-09 -6.13402e-04
 3.72759e+01 2.49256e+04 6.15100e-09 -6.13402e-04
 4.64159e+01 2.61239e+04 6.91620e-09 -6.13402e-04
 5.77969e+01 2.71813e+04 7.84835e-09 -6.13401e-04
 7.19686e+01 2.80718e+04 8.94907e-09 -6.13394e-04
 8.96151e+01 2.98212e+04 9.97567e-09 -6.13392e-04
 1.11588e+02 3.06218e+04 1.14741e-08 -6.13326e-04
 1.38950e+02 3.24956e+04 1.27952e-08 -6.13271e-04
 1.73020e+02 3.37411e+04 1.45861e-08 -6.12677e-04
 2.15443e+02 3.59499e+04 1.62534e-08 -6.11200e-04
 2.68270e+02 3.73249e+04 1.85661e-08 -5.95537e-04
 3.34048e+02 4.01248e+04 2.04887e-08 -5.38501e-04
 4.15956e+02 4.17367e+04 2.33753e-08 -1.82636e-04
 5.17947e+02 4.48586e+04 2.57403e-08 -1.88126e-04
 6.44947e+02 4.66645e+04 2.93920e-08 +3.79064e-04
 8.03086e+02 4.95425e+04 3.28274e-08 +3.25620e-05
 1.00000e+03 5.18771e+04 3.72670e-08 +3.54205e-04
