#n1=128 n2=4 Teff=13000 R=1.7280e+12 L=6.0726e+37 logg=+2.50
#   tau          T          rho         Fconv
 0.00000e+00 9.30951e+03 7.97124e-22 +0.00000e+00
 1.00000e-09 9.30951e+03 7.20514e-19 +0.00000e+00
 1.24520e-09 9.30999e+03 8.97910e-19 +0.00000e+00
 1.55052e-09 9.31053e+03 1.11902e-18 +0.00000e+00
 1.93070e-09 9.31117e+03 1.39462e-18 +0.00000e+00
 2.40410e-09 9.31190e+03 1.73813e-18 +0.00000e+00
 2.99358e-09 9.31272e+03 2.16629e-18 +0.00000e+00
 3.72759e-09 9.31359e+03 2.69996e-18 +0.00000e+00
 4.64159e-09 9.31450e+03 3.36516e-18 +0.00000e+00
 5.77969e-09 9.31538e+03 4.19434e-18 +0.00000e+00
 7.19686e-09 9.31620e+03 5.22797e-18 +0.00000e+00
 8.96151e-09 9.31689e+03 6.51654e-18 +0.00000e+00
 1.11588e-08 9.31735e+03 8.12305e-18 +0.00000e+00
 1.38950e-08 9.31748e+03 1.01261e-17 +0.00000e+00
 1.73020e-08 9.31711e+03 1.26240e-17 +0.00000e+00
 2.15443e-08 9.31603e+03 1.57395e-17 +0.00000e+00
 2.68270e-08 9.31394e+03 1.96261e-17 +0.00000e+00
 3.34048e-08 9.31039e+03 2.44764e-17 +0.00000e+00
 4.15956e-08 9.30470e+03 3.05325e-17 +0.00000e+00
 5.17947e-08 9.29533e+03 3.81017e-17 +0.00000e+00
 6.44947e-08 9.27561e+03 4.75995e-17 +0.00000e+00
 8.03086e-08 9.13627e+03 6.02372e-17 +0.00000e+00
 1.00000e-07 8.69166e+03 7.89548e-17 +0.00000e+00
 1.24520e-07 8.45488e+03 1.01261e-16 +0.00000e+00
 1.55052e-07 8.33804e+03 1.28211e-16 +0.00000e+00
 1.93070e-07 8.28377e+03 1.61422e-16 +0.00000e+00
 2.40410e-07 8.25281e+03 2.02958e-16 +0.00000e+00
 2.99358e-07 8.23369e+03 2.55055e-16 +0.00000e+00
 3.72759e-07 8.22177e+03 3.20592e-16 +0.00000e+00
 4.64159e-07 8.21472e+03 4.02987e-16 +0.00000e+00
 5.77969e-07 8.21121e+03 5.06410e-16 +0.00000e+00
 7.19686e-07 8.21042e+03 6.36118e-16 +0.00000e+00
 8.96151e-07 8.21178e+03 7.98731e-16 +0.00000e+00
 1.11588e-06 8.21487e+03 1.00248e-15 +0.00000e+00
 1.38950e-06 8.21931e+03 1.25757e-15 +0.00000e+00
 1.73020e-06 8.22475e+03 1.57672e-15 +0.00000e+00
 2.15443e-06 8.23087e+03 1.97571e-15 +0.00000e+00
 2.68270e-06 8.23727e+03 2.47416e-15 +0.00000e+00
 3.34048e-06 8.24357e+03 3.09655e-15 +0.00000e+00
 4.15956e-06 8.24934e+03 3.87339e-15 +0.00000e+00
 5.17947e-06 8.25420e+03 4.84276e-15 +0.00000e+00
 6.44947e-06 8.25786e+03 6.05228e-15 +0.00000e+00
 8.03086e-06 8.26022e+03 7.56127e-15 +0.00000e+00
 1.00000e-05 8.26152e+03 9.44346e-15 +0.00000e+00
 1.24520e-05 8.26236e+03 1.17901e-14 +0.00000e+00
 1.55052e-05 8.26364e+03 1.47137e-14 +0.00000e+00
 1.93070e-05 8.26638e+03 1.83531e-14 +0.00000e+00
 2.40410e-05 8.27150e+03 2.28796e-14 +0.00000e+00
 2.99358e-05 8.27964e+03 2.85045e-14 +0.00000e+00
 3.72759e-05 8.29113e+03 3.54892e-14 +0.00000e+00
 4.64159e-05 8.30598e+03 4.41569e-14 +0.00000e+00
 5.77969e-05 8.32404e+03 5.49063e-14 +0.00000e+00
 7.19686e-05 8.34524e+03 6.82266e-14 +0.00000e+00
 8.96151e-05 8.36984e+03 8.47140e-14 +0.00000e+00
 1.11588e-04 8.39850e+03 1.05088e-13 +0.00000e+00
 1.38950e-04 8.43225e+03 1.30210e-13 +0.00000e+00
 1.73020e-04 8.47208e+03 1.61111e-13 +0.00000e+00
 2.15443e-04 8.51858e+03 1.99021e-13 +0.00000e+00
 2.68270e-04 8.57180e+03 2.45414e-13 +0.00000e+00
 3.34048e-04 8.63131e+03 3.02056e-13 +0.00000e+00
 4.15956e-04 8.69633e+03 3.71066e-13 +0.00000e+00
 5.17947e-04 8.76588e+03 4.54986e-13 +0.00000e+00
 6.44947e-04 8.83887e+03 5.56873e-13 +0.00000e+00
 8.03086e-04 8.91414e+03 6.80395e-13 +0.00000e+00
 1.00000e-03 8.99049e+03 8.29935e-13 +0.00000e+00
 1.24520e-03 9.06677e+03 1.01067e-12 -2.54731e-07
 1.55052e-03 9.14188e+03 1.22870e-12 -3.17190e-07
 1.93070e-03 9.21487e+03 1.49107e-12 -3.94965e-07
 2.40410e-03 9.28498e+03 1.80595e-12 -4.91809e-07
 2.99358e-03 9.35182e+03 2.18269e-12 -6.12399e-07
 3.72759e-03 9.41548e+03 2.63190e-12 -7.62557e-07
 4.64159e-03 9.47649e+03 3.16551e-12 -9.49536e-07
 5.77969e-03 9.53579e+03 3.79684e-12 -1.18236e-06
 7.19686e-03 9.59459e+03 4.54034e-12 -1.47227e-06
 8.96151e-03 9.65418e+03 5.41203e-12 -1.83326e-06
 1.11588e-02 9.71589e+03 6.42902e-12 -2.28277e-06
 1.38950e-02 9.78101e+03 7.61041e-12 -2.84250e-06
 1.73020e-02 9.85084e+03 8.97657e-12 -3.53947e-06
 2.15443e-02 9.92669e+03 1.05501e-11 -4.40735e-06
 2.68270e-02 1.00100e+04 1.23552e-11 -5.48802e-06
 3.34048e-02 1.01022e+04 1.44185e-11 -6.83367e-06
 4.15956e-02 1.02050e+04 1.67700e-11 -8.50924e-06
 5.17947e-02 1.03198e+04 1.94425e-11 -1.05957e-05
 6.44947e-02 1.04485e+04 2.24735e-11 -1.31937e-05
 8.03086e-02 1.05927e+04 2.59057e-11 -1.64288e-05
 1.00000e-01 1.07540e+04 2.97890e-11 -2.04571e-05
 1.24520e-01 1.09342e+04 3.41810e-11 -2.54731e-05
 1.55052e-01 1.11349e+04 3.91495e-11 -3.17190e-05
 1.93070e-01 1.13576e+04 4.47733e-11 -3.94965e-05
 2.40410e-01 1.16036e+04 5.11441e-11 -4.91809e-05
 2.99358e-01 1.18740e+04 5.83674e-11 -6.12399e-05
 3.72759e-01 1.21698e+04 6.65628e-11 -7.62557e-05
 4.64159e-01 1.24912e+04 7.58624e-11 -9.49536e-05
 5.77969e-01 1.28381e+04 8.64078e-11 -1.18236e-04
 7.19686e-01 1.32101e+04 9.83439e-11 -1.47227e-04
 8.96151e-01 1.36065e+04 1.11817e-10 -1.83326e-04
 1.11588e+00 1.40267e+04 1.26985e-10 -2.28275e-04
 1.38950e+00 1.44700e+04 1.44051e-10 -2.84252e-04
 1.73020e+00 1.49366e+04 1.63307e-10 -3.53948e-04
 2.15443e+00 1.54276e+04 1.85142e-10 -4.40735e-04
 2.68270e+00 1.59458e+04 2.10018e-10 -5.48802e-04
 3.34048e+00 1.64889e+04 2.38501e-10 -6.13713e-04
 4.15956e+00 1.70533e+04 2.71190e-10 -6.13713e-04
 5.17947e+00 1.76494e+04 3.08520e-10 -6.13713e-04
 6.44947e+00 1.82598e+04 3.51394e-10 -6.13713e-04
 8.03086e+00 1.89161e+04 3.99980e-10 -6.13713e-04
 1.00000e+01 1.95909e+04 4.55621e-10 -6.13713e-04
 1.24520e+01 2.03123e+04 5.18664e-10 -6.13713e-04
 1.55052e+01 2.10390e+04 5.91004e-10 -6.13713e-04
 1.93070e+01 2.18876e+04 6.71177e-10 -6.13713e-04
 2.40410e+01 2.26103e+04 7.66891e-10 -6.13713e-04
 2.99358e+01 2.36713e+04 8.66442e-10 -6.13713e-04
 3.72759e+01 2.43836e+04 9.93417e-10 -6.13713e-04
 4.64159e+01 2.55731e+04 1.12000e-09 -6.13713e-04
 5.77969e+01 2.65876e+04 1.27548e-09 -6.13713e-04
 7.19686e+01 2.75258e+04 1.45574e-09 -6.13713e-04
 8.96151e+01 2.91121e+04 1.63285e-09 -6.13713e-04
 1.11588e+02 3.00218e+04 1.87518e-09 -6.13713e-04
 1.38950e+02 3.17285e+04 2.10361e-09 -6.13713e-04
 1.73020e+02 3.29994e+04 2.39729e-09 -6.13709e-04
 2.15443e+02 3.49827e+04 2.68129e-09 -6.13686e-04
 2.68270e+02 3.63700e+04 3.05380e-09 -6.13494e-04
 3.34048e+02 3.87885e+04 3.37958e-09 -6.13194e-04
 4.15956e+02 4.08800e+04 3.80398e-09 -6.13016e-04
 5.17947e+02 4.21426e+04 4.36998e-09 -6.11438e-04
 6.44947e+02 4.71024e+04 4.66543e-09 -6.13671e-04
 8.03086e+02 4.64508e+04 5.64268e-09 -6.10562e-04
 1.00000e+03 5.11477e+04 6.06391e-09 -6.13404e-04
