#n1=128 n2=4 Teff=13500 R=1.7929e+12 L=7.6086e+37 logg=+2.50
#   tau          T          rho         Fconv
 0.00000e+00 1.13743e+04 6.56869e-22 +0.00000e+00
 1.00000e-09 1.13743e+04 5.83574e-19 +0.00000e+00
 1.24520e-09 1.13572e+04 7.28522e-19 +0.00000e+00
 1.55052e-09 1.13358e+04 9.09859e-19 +0.00000e+00
 1.93070e-09 1.13097e+04 1.13687e-18 +0.00000e+00
 2.40410e-09 1.12791e+04 1.42115e-18 +0.00000e+00
 2.99358e-09 1.12455e+04 1.77705e-18 +0.00000e+00
 3.72759e-09 1.12117e+04 2.22223e-18 +0.00000e+00
 4.64159e-09 1.11805e+04 2.77840e-18 +0.00000e+00
 5.77969e-09 1.11536e+04 3.47260e-18 +0.00000e+00
 7.19686e-09 1.11316e+04 4.33853e-18 +0.00000e+00
 8.96151e-09 1.11143e+04 5.41840e-18 +0.00000e+00
 1.11588e-08 1.11009e+04 6.76502e-18 +0.00000e+00
 1.38950e-08 1.10908e+04 8.44440e-18 +0.00000e+00
 1.73020e-08 1.10833e+04 1.05390e-17 +0.00000e+00
 2.15443e-08 1.10779e+04 1.31520e-17 +0.00000e+00
 2.68270e-08 1.10741e+04 1.64123e-17 +0.00000e+00
 3.34048e-08 1.10715e+04 2.04810e-17 +0.00000e+00
 4.15956e-08 1.10700e+04 2.55600e-17 +0.00000e+00
 5.17947e-08 1.10692e+04 3.19019e-17 +0.00000e+00
 6.44947e-08 1.10690e+04 3.98232e-17 +0.00000e+00
 8.03086e-08 1.10693e+04 4.97206e-17 +0.00000e+00
 1.00000e-07 1.10698e+04 6.20910e-17 +0.00000e+00
 1.24520e-07 1.10706e+04 7.75570e-17 +0.00000e+00
 1.55052e-07 1.10715e+04 9.68988e-17 +0.00000e+00
 1.93070e-07 1.10725e+04 1.21094e-16 +0.00000e+00
 2.40410e-07 1.10736e+04 1.51366e-16 +0.00000e+00
 2.99358e-07 1.10746e+04 1.89247e-16 +0.00000e+00
 3.72759e-07 1.10757e+04 2.36653e-16 +0.00000e+00
 4.64159e-07 1.10767e+04 2.95975e-16 +0.00000e+00
 5.77969e-07 1.10777e+04 3.70197e-16 +0.00000e+00
 7.19686e-07 1.10786e+04 4.63041e-16 +0.00000e+00
 8.96151e-07 1.10795e+04 5.79142e-16 +0.00000e+00
 1.11588e-06 1.10802e+04 7.24279e-16 +0.00000e+00
 1.38950e-06 1.10807e+04 9.05653e-16 +0.00000e+00
 1.73020e-06 1.10809e+04 1.13224e-15 +0.00000e+00
 2.15443e-06 1.10806e+04 1.41523e-15 +0.00000e+00
 2.68270e-06 1.10798e+04 1.76859e-15 +0.00000e+00
 3.34048e-06 1.10781e+04 2.20981e-15 +0.00000e+00
 4.15956e-06 1.10752e+04 2.76073e-15 +0.00000e+00
 5.17947e-06 1.10706e+04 3.44870e-15 +0.00000e+00
 6.44947e-06 1.10634e+04 4.30852e-15 +0.00000e+00
 8.03086e-06 1.10524e+04 5.38316e-15 +0.00000e+00
 1.00000e-05 1.10336e+04 6.73194e-15 +0.00000e+00
 1.24520e-05 1.09774e+04 8.44113e-15 +0.00000e+00
 1.55052e-05 1.05743e+04 1.09489e-14 +0.00000e+00
 1.93070e-05 9.99224e+03 1.45654e-14 +0.00000e+00
 2.40410e-05 9.75999e+03 1.87612e-14 +0.00000e+00
 2.99358e-05 9.64254e+03 2.38441e-14 +0.00000e+00
 3.72759e-05 9.54426e+03 3.01956e-14 +0.00000e+00
 4.64159e-05 9.44276e+03 3.82019e-14 +0.00000e+00
 5.77969e-05 9.33356e+03 4.83262e-14 +0.00000e+00
 7.19686e-05 9.22335e+03 6.10952e-14 +0.00000e+00
 8.96151e-05 9.12271e+03 7.71047e-14 +0.00000e+00
 1.11588e-04 9.03723e+03 9.70773e-14 +0.00000e+00
 1.38950e-04 8.96815e+03 1.21902e-13 +0.00000e+00
 1.73020e-04 8.91317e+03 1.52692e-13 +0.00000e+00
 2.15443e-04 8.86890e+03 1.90822e-13 +0.00000e+00
 2.68270e-04 8.83246e+03 2.37962e-13 +0.00000e+00
 3.34048e-04 8.80141e+03 2.96135e-13 +0.00000e+00
 4.15956e-04 8.77397e+03 3.67775e-13 +0.00000e+00
 5.17947e-04 8.74860e+03 4.55809e-13 +0.00000e+00
 6.44947e-04 8.72406e+03 5.63755e-13 +0.00000e+00
 8.03086e-04 8.69929e+03 6.95827e-13 +0.00000e+00
 1.00000e-03 8.67304e+03 8.57068e-13 +0.00000e+00
 1.24520e-03 8.64516e+03 1.05332e-12 -2.54530e-07
 1.55052e-03 8.61518e+03 1.29137e-12 -3.16941e-07
 1.93070e-03 8.58384e+03 1.57872e-12 -3.94653e-07
 2.40410e-03 8.55289e+03 1.92350e-12 -4.91421e-07
 2.99358e-03 8.52600e+03 2.33389e-12 -6.11918e-07
 3.72759e-03 8.50490e+03 2.81907e-12 -7.61957e-07
 4.64159e-03 8.49396e+03 3.38806e-12 -9.48783e-07
 5.77969e-03 8.49448e+03 4.05113e-12 -1.18143e-06
 7.19686e-03 8.50892e+03 4.81911e-12 -1.47111e-06
 8.96151e-03 8.53861e+03 5.70443e-12 -1.83182e-06
 1.11588e-02 8.58441e+03 6.72175e-12 -2.28098e-06
 1.38950e-02 8.64718e+03 7.88715e-12 -2.84027e-06
 1.73020e-02 8.72767e+03 9.21871e-12 -3.53669e-06
 2.15443e-02 8.82673e+03 1.07362e-11 -4.40388e-06
 2.68270e-02 8.94531e+03 1.24599e-11 -5.48368e-06
 3.34048e-02 9.08455e+03 1.44113e-11 -6.82826e-06
 4.15956e-02 9.24575e+03 1.66131e-11 -8.50252e-06
 5.17947e-02 9.43028e+03 1.90917e-11 -1.05873e-05
 6.44947e-02 9.63948e+03 2.18802e-11 -1.31833e-05
 8.03086e-02 9.87453e+03 2.50222e-11 -1.64158e-05
 1.00000e-01 1.01363e+04 2.85749e-11 -2.04410e-05
 1.24520e-01 1.04251e+04 3.26112e-11 -2.54530e-05
 1.55052e-01 1.07402e+04 3.72205e-11 -3.16941e-05
 1.93070e-01 1.10800e+04 4.25091e-11 -3.94653e-05
 2.40410e-01 1.14417e+04 4.85975e-11 -4.91421e-05
 2.99358e-01 1.18221e+04 5.56177e-11 -6.11918e-05
 3.72759e-01 1.22181e+04 6.37071e-11 -7.61957e-05
 4.64159e-01 1.26269e+04 7.30021e-11 -9.48783e-05
 5.77969e-01 1.30466e+04 8.36310e-11 -1.18143e-04
 7.19686e-01 1.34764e+04 9.57143e-11 -1.47111e-04
 8.96151e-01 1.39163e+04 1.09380e-10 -1.83181e-04
 1.11588e+00 1.43671e+04 1.24799e-10 -2.28101e-04
 1.38950e+00 1.48299e+04 1.42225e-10 -2.84028e-04
 1.73020e+00 1.53060e+04 1.61999e-10 -3.53669e-04
 2.15443e+00 1.57970e+04 1.84526e-10 -4.40388e-04
 2.68270e+00 1.63050e+04 2.10235e-10 -5.48368e-04
 3.34048e+00 1.68322e+04 2.39583e-10 -6.13229e-04
 4.15956e+00 1.73803e+04 2.73061e-10 -6.13229e-04
 5.17947e+00 1.79519e+04 3.11208e-10 -6.13229e-04
 6.44947e+00 1.85469e+04 3.54654e-10 -6.13229e-04
 8.03086e+00 1.91725e+04 4.03994e-10 -6.13229e-04
 1.00000e+01 1.98290e+04 4.60040e-10 -6.13229e-04
 1.24520e+01 2.05241e+04 5.23570e-10 -6.13229e-04
 1.55052e+01 2.12504e+04 5.95770e-10 -6.13229e-04
 1.93070e+01 2.20530e+04 6.76835e-10 -6.13229e-04
 2.40410e+01 2.28237e+04 7.70859e-10 -6.13229e-04
 2.99358e+01 2.38071e+04 8.72469e-10 -6.13229e-04
 3.72759e+01 2.46134e+04 9.95807e-10 -6.13229e-04
 4.64159e+01 2.57214e+04 1.12549e-09 -6.13229e-04
 5.77969e+01 2.68524e+04 1.27638e-09 -6.13229e-04
 7.19686e+01 2.76938e+04 1.46157e-09 -6.13229e-04
 8.96151e+01 2.95368e+04 1.62985e-09 -6.13229e-04
 1.11588e+02 3.00878e+04 1.89298e-09 -6.13229e-04
 1.38950e+02 3.24265e+04 2.08916e-09 -6.13229e-04
 1.73020e+02 3.31274e+04 2.42388e-09 -6.13224e-04
 2.15443e+02 3.57804e+04 2.66151e-09 -6.13187e-04
 2.68270e+02 3.66702e+04 3.07826e-09 -6.12852e-04
 3.34048e+02 3.99855e+04 3.33779e-09 -6.12969e-04
 4.15956e+02 4.07840e+04 3.88767e-09 -6.11472e-04
 5.17947e+02 4.46403e+04 4.22021e-09 -6.13102e-04
 6.44947e+02 4.58581e+04 4.89936e-09 -6.12587e-04
 8.03086e+02 4.87181e+04 5.48808e-09 -6.12746e-04
 1.00000e+03 5.08186e+04 6.26733e-09 -6.11907e-04
