#n1=128 n2=4 Teff=13500 R=3.0336e+13 L=2.1752e+40 logg=+0.50
#   tau          T          rho         Fconv
 0.00000e+00 9.28195e+03 8.04942e-22 +0.00000e+00
 1.00000e-09 9.28195e+03 4.74650e-21 +0.00000e+00
 1.24520e-09 9.28207e+03 5.74445e-21 +0.00000e+00
 1.55052e-09 9.28370e+03 6.99462e-21 +0.00000e+00
 1.93070e-09 9.28628e+03 8.56139e-21 +0.00000e+00
 2.40410e-09 9.28975e+03 1.05251e-20 +0.00000e+00
 2.99358e-09 9.29402e+03 1.29866e-20 +0.00000e+00
 3.72759e-09 9.29900e+03 1.60723e-20 +0.00000e+00
 4.64159e-09 9.30462e+03 1.99406e-20 +0.00000e+00
 5.77969e-09 9.30973e+03 2.47930e-20 +0.00000e+00
 7.19686e-09 9.31653e+03 3.08732e-20 +0.00000e+00
 8.96151e-09 9.32373e+03 3.84961e-20 +0.00000e+00
 1.11588e-08 9.33127e+03 4.80533e-20 +0.00000e+00
 1.38950e-08 9.33909e+03 6.00360e-20 +0.00000e+00
 1.73020e-08 9.34714e+03 7.50598e-20 +0.00000e+00
 2.15443e-08 9.35535e+03 9.38970e-20 +0.00000e+00
 2.68270e-08 9.36369e+03 1.17516e-19 +0.00000e+00
 3.34048e-08 9.37212e+03 1.47132e-19 +0.00000e+00
 4.15956e-08 9.38058e+03 1.84267e-19 +0.00000e+00
 5.17947e-08 9.38907e+03 2.30834e-19 +0.00000e+00
 6.44947e-08 9.39755e+03 2.89230e-19 +0.00000e+00
 8.03086e-08 9.40602e+03 3.62463e-19 +0.00000e+00
 1.00000e-07 9.41446e+03 4.54308e-19 +0.00000e+00
 1.24520e-07 9.42288e+03 5.69501e-19 +0.00000e+00
 1.55052e-07 9.43128e+03 7.13990e-19 +0.00000e+00
 1.93070e-07 9.43969e+03 8.95236e-19 +0.00000e+00
 2.40410e-07 9.44811e+03 1.12261e-18 +0.00000e+00
 2.99358e-07 9.45658e+03 1.40788e-18 +0.00000e+00
 3.72759e-07 9.46510e+03 1.76580e-18 +0.00000e+00
 4.64159e-07 9.47372e+03 2.21493e-18 +0.00000e+00
 5.77969e-07 9.48246e+03 2.77855e-18 +0.00000e+00
 7.19686e-07 9.49134e+03 3.48592e-18 +0.00000e+00
 8.96151e-07 9.50040e+03 4.37383e-18 +0.00000e+00
 1.11588e-06 9.50966e+03 5.48845e-18 +0.00000e+00
 1.38950e-06 9.51917e+03 6.88779e-18 +0.00000e+00
 1.73020e-06 9.52894e+03 8.64442e-18 +0.00000e+00
 2.15443e-06 9.53904e+03 1.08492e-17 +0.00000e+00
 2.68270e-06 9.54948e+03 1.36160e-17 +0.00000e+00
 3.34048e-06 9.56034e+03 1.70872e-17 +0.00000e+00
 4.15956e-06 9.57164e+03 2.14409e-17 +0.00000e+00
 5.17947e-06 9.58346e+03 2.69002e-17 +0.00000e+00
 6.44947e-06 9.59584e+03 3.37443e-17 +0.00000e+00
 8.03086e-06 9.60883e+03 4.23228e-17 +0.00000e+00
 1.00000e-05 9.62250e+03 5.30744e-17 +0.00000e+00
 1.24520e-05 9.63688e+03 6.65487e-17 +0.00000e+00
 1.55052e-05 9.65201e+03 8.34363e-17 +0.00000e+00
 1.93070e-05 9.66793e+03 1.04606e-16 +0.00000e+00
 2.40410e-05 9.68463e+03 1.31151e-16 +0.00000e+00
 2.99358e-05 9.70212e+03 1.64454e-16 +0.00000e+00
 3.72759e-05 9.72035e+03 2.06260e-16 +0.00000e+00
 4.64159e-05 9.73927e+03 2.58774e-16 +0.00000e+00
 5.77969e-05 9.75879e+03 3.24706e-16 +0.00000e+00
 7.19686e-05 9.77879e+03 4.07411e-16 +0.00000e+00
 8.96151e-05 9.79909e+03 5.11126e-16 +0.00000e+00
 1.11588e-04 9.81946e+03 6.41169e-16 +0.00000e+00
 1.38950e-04 9.83959e+03 8.04343e-16 +0.00000e+00
 1.73020e-04 9.85913e+03 1.00923e-15 +0.00000e+00
 2.15443e-04 9.87767e+03 1.26643e-15 +0.00000e+00
 2.68270e-04 9.89395e+03 1.58956e-15 +0.00000e+00
 3.34048e-04 9.90893e+03 1.99532e-15 +0.00000e+00
 4.15956e-04 9.92250e+03 2.50501e-15 +0.00000e+00
 5.17947e-04 9.93417e+03 3.14528e-15 +0.00000e+00
 6.44947e-04 9.94375e+03 3.94969e-15 +0.00000e+00
 8.03086e-04 9.95088e+03 4.96051e-15 +0.00000e+00
 1.00000e-03 9.95438e+03 6.23108e-15 +0.00000e+00
 1.24520e-03 9.95280e+03 7.83019e-15 -2.54888e-07
 1.55052e-03 9.94579e+03 9.84458e-15 -3.17386e-07
 1.93070e-03 9.92552e+03 1.23894e-14 -3.95207e-07
 2.40410e-03 9.89628e+03 1.56078e-14 -4.92111e-07
 2.99358e-03 9.83759e+03 1.97284e-14 -6.12777e-07
 3.72759e-03 9.77121e+03 2.49512e-14 -7.63027e-07
 4.64159e-03 9.68765e+03 3.16138e-14 -9.50115e-07
 5.77969e-03 9.59435e+03 4.00975e-14 -1.18308e-06
 7.19686e-03 9.50209e+03 5.08466e-14 -1.47317e-06
 8.96151e-03 9.42004e+03 6.43857e-14 -1.83439e-06
 1.11588e-02 9.36254e+03 8.12551e-14 -2.28418e-06
 1.38950e-02 9.31671e+03 1.02364e-13 -2.84425e-06
 1.73020e-02 9.27836e+03 1.28755e-13 -3.54165e-06
 2.15443e-02 9.25801e+03 1.61511e-13 -4.41006e-06
 2.68270e-02 9.24970e+03 2.02149e-13 -5.49138e-06
 3.34048e-02 9.25156e+03 2.52493e-13 -6.83784e-06
 4.15956e-02 9.27034e+03 3.14471e-13 -8.51446e-06
 5.17947e-02 9.30481e+03 3.90571e-13 -1.06022e-05
 6.44947e-02 9.36136e+03 4.83383e-13 -1.32018e-05
 8.03086e-02 9.44570e+03 5.95800e-13 -1.64389e-05
 1.00000e-01 9.56717e+03 7.30694e-13 -2.04697e-05
 1.24520e-01 9.73739e+03 8.90739e-13 -2.54888e-05
 1.55052e-01 9.96686e+03 1.07852e-12 -3.17386e-05
 1.93070e-01 1.02606e+04 1.29702e-12 -3.95207e-05
 2.40410e-01 1.06165e+04 1.55017e-12 -4.92111e-05
 2.99358e-01 1.10260e+04 1.84292e-12 -6.07816e-05
 3.72759e-01 1.14789e+04 2.18073e-12 -7.61331e-05
 4.64159e-01 1.19682e+04 2.56941e-12 -9.56463e-05
 5.77969e-01 1.24933e+04 3.01722e-12 -1.29219e-04
 7.19686e-01 1.30553e+04 3.53892e-12 -1.54852e-04
 8.96151e-01 1.36507e+04 4.15622e-12 -1.83439e-04
 1.11588e+00 1.42699e+04 4.89467e-12 -2.28418e-04
 1.38950e+00 1.49062e+04 5.78054e-12 -2.84425e-04
 1.73020e+00 1.55618e+04 6.84034e-12 -3.54165e-04
 2.15443e+00 1.62447e+04 8.10202e-12 -4.41006e-04
 2.68270e+00 1.69653e+04 9.59635e-12 -5.49138e-04
 3.34048e+00 1.77336e+04 1.13583e-11 -6.14090e-04
 4.15956e+00 1.85583e+04 1.34286e-11 -6.14090e-04
 5.17947e+00 1.94449e+04 1.58562e-11 -6.14090e-04
 6.44947e+00 2.03954e+04 1.87014e-11 -6.14090e-04
 8.03086e+00 2.14139e+04 2.20321e-11 -6.14090e-04
 1.00000e+01 2.25011e+04 2.59312e-11 -6.14090e-04
 1.24520e+01 2.36650e+04 3.04864e-11 -6.14090e-04
 1.55052e+01 2.48981e+04 3.58160e-11 -6.14090e-04
 1.93070e+01 2.62432e+04 4.19793e-11 -6.14090e-04
 2.40410e+01 2.76066e+04 4.92259e-11 -6.14090e-04
 2.99358e+01 2.91745e+04 5.72841e-11 -6.14090e-04
 3.72759e+01 3.06999e+04 6.66425e-11 -6.14090e-04
 4.64159e+01 3.24138e+04 7.68947e-11 -6.14090e-04
 5.77969e+01 3.42738e+04 8.85903e-11 -6.14090e-04
 7.19686e+01 3.59648e+04 1.03132e-10 -6.14090e-04
 8.96151e+01 3.81967e+04 1.18917e-10 -6.14090e-04
 1.11588e+02 3.98915e+04 1.39607e-10 -6.14090e-04
 1.38950e+02 4.23659e+04 1.61379e-10 -6.14090e-04
 1.73020e+02 4.41595e+04 1.89946e-10 -6.14090e-04
 2.15443e+02 4.68234e+04 2.19904e-10 -6.14090e-04
 2.68270e+02 4.86909e+04 2.59143e-10 -6.14090e-04
 3.34048e+02 5.16286e+04 2.99621e-10 -6.14090e-04
 4.15956e+02 5.35377e+04 3.53386e-10 -6.14090e-04
 5.17947e+02 5.66814e+04 4.08207e-10 -6.14090e-04
 6.44947e+02 5.89123e+04 4.79446e-10 -6.14090e-04
 8.03086e+02 6.19054e+04 5.56228e-10 -6.14090e-04
 1.00000e+03 6.49629e+04 6.46034e-10 -6.14090e-04
