#n1=128 n2=4 Teff=13000 R=1.4208e+13 L=4.1135e+39 logg=+1.00
#   tau          T          rho         Fconv
 0.00000e+00 7.43455e+03 1.04427e-21 +0.00000e+00
 1.00000e-09 7.43455e+03 2.38997e-20 +0.00000e+00
 1.24520e-09 7.44488e+03 2.95647e-20 +0.00000e+00
 1.55052e-09 7.45512e+03 3.66352e-20 +0.00000e+00
 1.93070e-09 7.46563e+03 4.54579e-20 +0.00000e+00
 2.40410e-09 7.47641e+03 5.64671e-20 +0.00000e+00
 2.99358e-09 7.48744e+03 7.02048e-20 +0.00000e+00
 3.72759e-09 7.49872e+03 8.73475e-20 +0.00000e+00
 4.64159e-09 7.51025e+03 1.08739e-19 +0.00000e+00
 5.77969e-09 7.52208e+03 1.35432e-19 +0.00000e+00
 7.19686e-09 7.53431e+03 1.68739e-19 +0.00000e+00
 8.96151e-09 7.54704e+03 2.10296e-19 +0.00000e+00
 1.11588e-08 7.56046e+03 2.62141e-19 +0.00000e+00
 1.38950e-08 7.57476e+03 3.26813e-19 +0.00000e+00
 1.73020e-08 7.59016e+03 4.07473e-19 +0.00000e+00
 2.15443e-08 7.60690e+03 5.08058e-19 +0.00000e+00
 2.68270e-08 7.62519e+03 6.33468e-19 +0.00000e+00
 3.34048e-08 7.64520e+03 7.89808e-19 +0.00000e+00
 4.15956e-08 7.66705e+03 9.84684e-19 +0.00000e+00
 5.17947e-08 7.69081e+03 1.22758e-18 +0.00000e+00
 6.44947e-08 7.71645e+03 1.53033e-18 +0.00000e+00
 8.03086e-08 7.74388e+03 1.90770e-18 +0.00000e+00
 1.00000e-07 7.77287e+03 2.37816e-18 +0.00000e+00
 1.24520e-07 7.80312e+03 2.96482e-18 +0.00000e+00
 1.55052e-07 7.83422e+03 3.69662e-18 +0.00000e+00
 1.93070e-07 7.86569e+03 4.60992e-18 +0.00000e+00
 2.40410e-07 7.89688e+03 5.75049e-18 +0.00000e+00
 2.99358e-07 7.92731e+03 7.17583e-18 +0.00000e+00
 3.72759e-07 7.95655e+03 8.95820e-18 +0.00000e+00
 4.64159e-07 7.98435e+03 1.11881e-17 +0.00000e+00
 5.77969e-07 8.01057e+03 1.39788e-17 +0.00000e+00
 7.19686e-07 8.03536e+03 1.74713e-17 +0.00000e+00
 8.96151e-07 8.05899e+03 2.18412e-17 +0.00000e+00
 1.11588e-06 8.08181e+03 2.73070e-17 +0.00000e+00
 1.38950e-06 8.10425e+03 3.41403e-17 +0.00000e+00
 1.73020e-06 8.12678e+03 4.26789e-17 +0.00000e+00
 2.15443e-06 8.14981e+03 5.33433e-17 +0.00000e+00
 2.68270e-06 8.17363e+03 6.66571e-17 +0.00000e+00
 3.34048e-06 8.19836e+03 8.32743e-17 +0.00000e+00
 4.15956e-06 8.22404e+03 1.04012e-16 +0.00000e+00
 5.17947e-06 8.25055e+03 1.29892e-16 +0.00000e+00
 6.44947e-06 8.27784e+03 1.62192e-16 +0.00000e+00
 8.03086e-06 8.30595e+03 2.02509e-16 +0.00000e+00
 1.00000e-05 8.33503e+03 2.52835e-16 +0.00000e+00
 1.24520e-05 8.36517e+03 3.15659e-16 +0.00000e+00
 1.55052e-05 8.39668e+03 3.94079e-16 +0.00000e+00
 1.93070e-05 8.42987e+03 4.91950e-16 +0.00000e+00
 2.40410e-05 8.46503e+03 6.14065e-16 +0.00000e+00
 2.99358e-05 8.50242e+03 7.66376e-16 +0.00000e+00
 3.72759e-05 8.54203e+03 9.56290e-16 +0.00000e+00
 4.64159e-05 8.58409e+03 1.19296e-15 +0.00000e+00
 5.77969e-05 8.62877e+03 1.48771e-15 +0.00000e+00
 7.19686e-05 8.67617e+03 1.85457e-15 +0.00000e+00
 8.96151e-05 8.72642e+03 2.31087e-15 +0.00000e+00
 1.11588e-04 8.77962e+03 2.87807e-15 +0.00000e+00
 1.38950e-04 8.83583e+03 3.58273e-15 +0.00000e+00
 1.73020e-04 8.89510e+03 4.45771e-15 +0.00000e+00
 2.15443e-04 8.95758e+03 5.54354e-15 +0.00000e+00
 2.68270e-04 9.02347e+03 6.89018e-15 +0.00000e+00
 3.34048e-04 9.09310e+03 8.55910e-15 +0.00000e+00
 4.15956e-04 9.16672e+03 1.06260e-14 +0.00000e+00
 5.17947e-04 9.24440e+03 1.31842e-14 +0.00000e+00
 6.44947e-04 9.32592e+03 1.63491e-14 +0.00000e+00
 8.03086e-04 9.41071e+03 2.02636e-14 +0.00000e+00
 1.00000e-03 9.49789e+03 2.51053e-14 +0.00000e+00
 1.24520e-03 9.58646e+03 3.10943e-14 -2.54228e-07
 1.55052e-03 9.67546e+03 3.85040e-14 -3.16564e-07
 1.93070e-03 9.76414e+03 4.76723e-14 -3.94185e-07
 2.40410e-03 9.85199e+03 5.90171e-14 -4.90839e-07
 2.99358e-03 9.93879e+03 7.30534e-14 -6.11190e-07
 3.72759e-03 1.00245e+04 9.04161e-14 -7.61053e-07
 4.64159e-03 1.01092e+04 1.11887e-13 -9.47662e-07
 5.77969e-03 1.01931e+04 1.38426e-13 -1.18002e-06
 7.19686e-03 1.02765e+04 1.71211e-13 -1.46936e-06
 8.96151e-03 1.03598e+04 2.11681e-13 -1.82965e-06
 1.11588e-02 1.04436e+04 2.61586e-13 -2.27827e-06
 1.38950e-02 1.05287e+04 3.23049e-13 -2.83689e-06
 1.73020e-02 1.06159e+04 3.98629e-13 -3.53249e-06
 2.15443e-02 1.07063e+04 4.91401e-13 -4.39865e-06
 2.68270e-02 1.08011e+04 6.05035e-13 -5.47719e-06
 3.34048e-02 1.09018e+04 7.43872e-13 -6.82018e-06
 4.15956e-02 1.10101e+04 9.13002e-13 -8.49245e-06
 5.17947e-02 1.11282e+04 1.11832e-12 -1.05748e-05
 6.44947e-02 1.12583e+04 1.36656e-12 -1.31677e-05
 8.03086e-02 1.14029e+04 1.66538e-12 -1.63964e-05
 1.00000e-01 1.15647e+04 2.02329e-12 -2.04167e-05
 1.24520e-01 1.17464e+04 2.44965e-12 -2.54228e-05
 1.55052e-01 1.19508e+04 2.95463e-12 -3.16564e-05
 1.93070e-01 1.21809e+04 3.54911e-12 -3.94185e-05
 2.40410e-01 1.24397e+04 4.24490e-12 -4.90839e-05
 2.99358e-01 1.27304e+04 5.05549e-12 -6.11190e-05
 3.72759e-01 1.30565e+04 5.99699e-12 -7.61053e-05
 4.64159e-01 1.34221e+04 7.08957e-12 -9.47662e-05
 5.77969e-01 1.38320e+04 8.35819e-12 -1.18002e-04
 7.19686e-01 1.42921e+04 9.83196e-12 -1.46936e-04
 8.96151e-01 1.48099e+04 1.15428e-11 -1.82965e-04
 1.11588e+00 1.53948e+04 1.35244e-11 -2.27827e-04
 1.38950e+00 1.60579e+04 1.58124e-11 -2.83689e-04
 1.73020e+00 1.68082e+04 1.84491e-11 -3.53249e-04
 2.15443e+00 1.76460e+04 2.14920e-11 -4.39865e-04
 2.68270e+00 1.85595e+04 2.50233e-11 -5.47719e-04
 3.34048e+00 1.95259e+04 2.91549e-11 -6.12501e-04
 4.15956e+00 2.05230e+04 3.40184e-11 -6.12501e-04
 5.17947e+00 2.15464e+04 3.97372e-11 -6.12501e-04
 6.44947e+00 2.25929e+04 4.64495e-11 -6.12501e-04
 8.03086e+00 2.36955e+04 5.42421e-11 -6.12501e-04
 1.00000e+01 2.48650e+04 6.32563e-11 -6.12501e-04
 1.24520e+01 2.61450e+04 7.35674e-11 -6.12501e-04
 1.55052e+01 2.75198e+04 8.53876e-11 -6.12501e-04
 1.93070e+01 2.90918e+04 9.85282e-11 -6.12501e-04
 2.40410e+01 3.07172e+04 1.13430e-10 -6.12501e-04
 2.99358e+01 3.26007e+04 1.29254e-10 -6.12501e-04
 3.72759e+01 3.44368e+04 1.47893e-10 -6.12501e-04
 4.64159e+01 3.64188e+04 1.69369e-10 -6.12501e-04
 5.77969e+01 3.84181e+04 1.95021e-10 -6.12501e-04
 7.19686e+01 4.03539e+04 2.25724e-10 -6.12501e-04
 8.96151e+01 4.25372e+04 2.60463e-10 -6.12501e-04
 1.11588e+02 4.45125e+04 3.02513e-10 -6.12501e-04
 1.38950e+02 4.68143e+04 3.49380e-10 -6.12501e-04
 1.73020e+02 4.88450e+04 4.06069e-10 -6.12501e-04
 2.15443e+02 5.11751e+04 4.69405e-10 -6.12501e-04
 2.68270e+02 5.31353e+04 5.46163e-10 -6.12501e-04
 3.34048e+02 5.54797e+04 6.30848e-10 -6.12501e-04
 4.15956e+02 5.73601e+04 7.33714e-10 -6.12501e-04
 5.17947e+02 5.97092e+04 8.45909e-10 -6.12501e-04
 6.44947e+02 6.16459e+04 9.80742e-10 -6.12501e-04
 8.03086e+02 6.38479e+04 1.13068e-09 -6.12501e-04
 1.00000e+03 6.62225e+04 1.29990e-09 -6.12501e-04
