#n1=128 n2=4 Teff=13500 R=8.3021e+12 L=1.6310e+39 logg=+1.50
#   tau          T          rho         Fconv
 0.00000e+00 8.29151e+03 9.03333e-22 +0.00000e+00
 1.00000e-09 8.29151e+03 7.26658e-20 +0.00000e+00
 1.24520e-09 8.29566e+03 9.04039e-20 +0.00000e+00
 1.55052e-09 8.29986e+03 1.12526e-19 +0.00000e+00
 1.93070e-09 8.30432e+03 1.40113e-19 +0.00000e+00
 2.40410e-09 8.30907e+03 1.74513e-19 +0.00000e+00
 2.99358e-09 8.31416e+03 2.17408e-19 +0.00000e+00
 3.72759e-09 8.31964e+03 2.70892e-19 +0.00000e+00
 4.64159e-09 8.32554e+03 3.37579e-19 +0.00000e+00
 5.77969e-09 8.33192e+03 4.20723e-19 +0.00000e+00
 7.19686e-09 8.33882e+03 5.24384e-19 +0.00000e+00
 8.96151e-09 8.34626e+03 6.53623e-19 +0.00000e+00
 1.11588e-08 8.35427e+03 8.14751e-19 +0.00000e+00
 1.38950e-08 8.36288e+03 1.01564e-18 +0.00000e+00
 1.73020e-08 8.37208e+03 1.26611e-18 +0.00000e+00
 2.15443e-08 8.38187e+03 1.57843e-18 +0.00000e+00
 2.68270e-08 8.39222e+03 1.96790e-18 +0.00000e+00
 3.34048e-08 8.40310e+03 2.45365e-18 +0.00000e+00
 4.15956e-08 8.41445e+03 3.05961e-18 +0.00000e+00
 5.17947e-08 8.42622e+03 3.81568e-18 +0.00000e+00
 6.44947e-08 8.43836e+03 4.75927e-18 +0.00000e+00
 8.03086e-08 8.45082e+03 5.93720e-18 +0.00000e+00
 1.00000e-07 8.46357e+03 7.40802e-18 +0.00000e+00
 1.24520e-07 8.47659e+03 9.24494e-18 +0.00000e+00
 1.55052e-07 8.48992e+03 1.15395e-17 +0.00000e+00
 1.93070e-07 8.50364e+03 1.44061e-17 +0.00000e+00
 2.40410e-07 8.51786e+03 1.79879e-17 +0.00000e+00
 2.99358e-07 8.53277e+03 2.24632e-17 +0.00000e+00
 3.72759e-07 8.54861e+03 2.80549e-17 +0.00000e+00
 4.64159e-07 8.56564e+03 3.50402e-17 +0.00000e+00
 5.77969e-07 8.58414e+03 4.37639e-17 +0.00000e+00
 7.19686e-07 8.60439e+03 5.46539e-17 +0.00000e+00
 8.96151e-07 8.62661e+03 6.82397e-17 +0.00000e+00
 1.11588e-06 8.65100e+03 8.51771e-17 +0.00000e+00
 1.38950e-06 8.67764e+03 1.06279e-16 +0.00000e+00
 1.73020e-06 8.70657e+03 1.32555e-16 +0.00000e+00
 2.15443e-06 8.73767e+03 1.65258e-16 +0.00000e+00
 2.68270e-06 8.77074e+03 2.05946e-16 +0.00000e+00
 3.34048e-06 8.80541e+03 2.56563e-16 +0.00000e+00
 4.15956e-06 8.84121e+03 3.19534e-16 +0.00000e+00
 5.17947e-06 8.87753e+03 3.97899e-16 +0.00000e+00
 6.44947e-06 8.91359e+03 4.95476e-16 +0.00000e+00
 8.03086e-06 8.94872e+03 6.17066e-16 +0.00000e+00
 1.00000e-05 8.98227e+03 7.68712e-16 +0.00000e+00
 1.24520e-05 9.01385e+03 9.58040e-16 +0.00000e+00
 1.55052e-05 9.04346e+03 1.19459e-15 +0.00000e+00
 1.93070e-05 9.07153e+03 1.49033e-15 +0.00000e+00
 2.40410e-05 9.09885e+03 1.86010e-15 +0.00000e+00
 2.99358e-05 9.12627e+03 2.32233e-15 +0.00000e+00
 3.72759e-05 9.15444e+03 2.89978e-15 +0.00000e+00
 4.64159e-05 9.18363e+03 3.62059e-15 +0.00000e+00
 5.77969e-05 9.21389e+03 4.51950e-15 +0.00000e+00
 7.19686e-05 9.24523e+03 5.63941e-15 +0.00000e+00
 8.96151e-05 9.27778e+03 7.03370e-15 +0.00000e+00
 1.11588e-04 9.31133e+03 8.76931e-15 +0.00000e+00
 1.38950e-04 9.34626e+03 1.09286e-14 +0.00000e+00
 1.73020e-04 9.38310e+03 1.36134e-14 +0.00000e+00
 2.15443e-04 9.42244e+03 1.69489e-14 +0.00000e+00
 2.68270e-04 9.46502e+03 2.10889e-14 +0.00000e+00
 3.34048e-04 9.51029e+03 2.62261e-14 +0.00000e+00
 4.15956e-04 9.55890e+03 3.25944e-14 +0.00000e+00
 5.17947e-04 9.61115e+03 4.04822e-14 +0.00000e+00
 6.44947e-04 9.66655e+03 5.02469e-14 +0.00000e+00
 8.03086e-04 9.72506e+03 6.23260e-14 +0.00000e+00
 1.00000e-03 9.78592e+03 7.72612e-14 +0.00000e+00
 1.24520e-03 9.84913e+03 9.57125e-14 -2.54597e-07
 1.55052e-03 9.91387e+03 1.18497e-13 -3.17023e-07
 1.93070e-03 9.97957e+03 1.46617e-13 -3.94756e-07
 2.40410e-03 1.00459e+04 1.81297e-13 -4.91549e-07
 2.99358e-03 1.01130e+04 2.24028e-13 -6.12077e-07
 3.72759e-03 1.01811e+04 2.76617e-13 -7.62156e-07
 4.64159e-03 1.02507e+04 3.41242e-13 -9.49030e-07
 5.77969e-03 1.03225e+04 4.20530e-13 -1.18173e-06
 7.19686e-03 1.03967e+04 5.17636e-13 -1.47149e-06
 8.96151e-03 1.04740e+04 6.36331e-13 -1.83230e-06
 1.11588e-02 1.05532e+04 7.81232e-13 -2.28157e-06
 1.38950e-02 1.06351e+04 9.57724e-13 -2.84101e-06
 1.73020e-02 1.07201e+04 1.17220e-12 -3.53761e-06
 2.15443e-02 1.08085e+04 1.43214e-12 -4.40502e-06
 2.68270e-02 1.09013e+04 1.74620e-12 -5.48511e-06
 3.34048e-02 1.09995e+04 2.12435e-12 -6.83003e-06
 4.15956e-02 1.11046e+04 2.57790e-12 -8.50474e-06
 5.17947e-02 1.12176e+04 3.11979e-12 -1.05901e-05
 6.44947e-02 1.13404e+04 3.76438e-12 -1.31867e-05
 8.03086e-02 1.14749e+04 4.52767e-12 -1.64201e-05
 1.00000e-01 1.16230e+04 5.42722e-12 -2.04463e-05
 1.24520e-01 1.17869e+04 6.48225e-12 -2.54597e-05
 1.55052e-01 1.19688e+04 7.71333e-12 -3.17023e-05
 1.93070e-01 1.21708e+04 9.14243e-12 -3.94756e-05
 2.40410e-01 1.23953e+04 1.07922e-11 -4.91549e-05
 2.99358e-01 1.26452e+04 1.26862e-11 -6.12077e-05
 3.72759e-01 1.29230e+04 1.48488e-11 -7.62156e-05
 4.64159e-01 1.32318e+04 1.73075e-11 -9.49030e-05
 5.77969e-01 1.35748e+04 2.00963e-11 -1.18173e-04
 7.19686e-01 1.39549e+04 2.32618e-11 -1.47149e-04
 8.96151e-01 1.43751e+04 2.68671e-11 -1.83230e-04
 1.11588e+00 1.48369e+04 3.09926e-11 -2.28157e-04
 1.38950e+00 1.53399e+04 3.57347e-11 -2.84101e-04
 1.73020e+00 1.58818e+04 4.12023e-11 -3.53761e-04
 2.15443e+00 1.64640e+04 4.75048e-11 -4.40502e-04
 2.68270e+00 1.70910e+04 5.47560e-11 -5.48511e-04
 3.34048e+00 1.77652e+04 6.30923e-11 -6.13389e-04
 4.15956e+00 1.84852e+04 7.26819e-11 -6.13389e-04
 5.17947e+00 1.92544e+04 8.36998e-11 -6.13389e-04
 6.44947e+00 2.00562e+04 9.64223e-11 -6.13389e-04
 8.03086e+00 2.09079e+04 1.11014e-10 -6.13389e-04
 1.00000e+01 2.17911e+04 1.27836e-10 -6.13389e-04
 1.24520e+01 2.27241e+04 1.47102e-10 -6.13389e-04
 1.55052e+01 2.36720e+04 1.69350e-10 -6.13389e-04
 1.93070e+01 2.47427e+04 1.94323e-10 -6.13389e-04
 2.40410e+01 2.57172e+04 2.23950e-10 -6.13389e-04
 2.99358e+01 2.70123e+04 2.55568e-10 -6.13389e-04
 3.72759e+01 2.80541e+04 2.94580e-10 -6.13389e-04
 4.64159e+01 2.94816e+04 3.35377e-10 -6.13389e-04
 5.77969e+01 3.09423e+04 3.82363e-10 -6.13389e-04
 7.19686e+01 3.21582e+04 4.38834e-10 -6.13389e-04
 8.96151e+01 3.43420e+04 4.88713e-10 -6.13389e-04
 1.11588e+02 3.54476e+04 5.63827e-10 -6.13389e-04
 1.38950e+02 3.80304e+04 6.23896e-10 -6.13389e-04
 1.73020e+02 3.93885e+04 7.19061e-10 -6.13389e-04
 2.15443e+02 4.21077e+04 8.04525e-10 -6.13389e-04
 2.68270e+02 4.35988e+04 9.29853e-10 -6.13389e-04
 3.34048e+02 4.66060e+04 1.04421e-09 -6.13389e-04
 4.15956e+02 4.79151e+04 1.21497e-09 -6.13389e-04
 5.17947e+02 5.11513e+04 1.36377e-09 -6.13389e-04
 6.44947e+02 5.26724e+04 1.58203e-09 -6.13389e-04
 8.03086e+02 5.53103e+04 1.79592e-09 -6.13389e-04
 1.00000e+03 5.76084e+04 2.05429e-09 -6.13389e-04
