#n1=128 n2=4 Teff=13000 R=7.9993e+12 L=1.3008e+39 logg=+1.50
#   tau          T          rho         Fconv
 0.00000e+00 7.76936e+03 9.73569e-22 +0.00000e+00
 1.00000e-09 7.76936e+03 7.95437e-20 +0.00000e+00
 1.24520e-09 7.77486e+03 9.89591e-20 +0.00000e+00
 1.55052e-09 7.78014e+03 1.23183e-19 +0.00000e+00
 1.93070e-09 7.78550e+03 1.53404e-19 +0.00000e+00
 2.40410e-09 7.79089e+03 1.91114e-19 +0.00000e+00
 2.99358e-09 7.79628e+03 2.38179e-19 +0.00000e+00
 3.72759e-09 7.80162e+03 2.96933e-19 +0.00000e+00
 4.64159e-09 7.80686e+03 3.70300e-19 +0.00000e+00
 5.77969e-09 7.81200e+03 4.61944e-19 +0.00000e+00
 7.19686e-09 7.81705e+03 5.76455e-19 +0.00000e+00
 8.96151e-09 7.82207e+03 7.19589e-19 +0.00000e+00
 1.11588e-08 7.82717e+03 8.98558e-19 +0.00000e+00
 1.38950e-08 7.83251e+03 1.12240e-18 +0.00000e+00
 1.73020e-08 7.83830e+03 1.40244e-18 +0.00000e+00
 2.15443e-08 7.84480e+03 1.75285e-18 +0.00000e+00
 2.68270e-08 7.85226e+03 2.19136e-18 +0.00000e+00
 3.34048e-08 7.86095e+03 2.74012e-18 +0.00000e+00
 4.15956e-08 7.87115e+03 3.42676e-18 +0.00000e+00
 5.17947e-08 7.88307e+03 4.28571e-18 +0.00000e+00
 6.44947e-08 7.89694e+03 5.35990e-18 +0.00000e+00
 8.03086e-08 7.91289e+03 6.70278e-18 +0.00000e+00
 1.00000e-07 7.93106e+03 8.38090e-18 +0.00000e+00
 1.24520e-07 7.95148e+03 1.04771e-17 +0.00000e+00
 1.55052e-07 7.97414e+03 1.30941e-17 +0.00000e+00
 1.93070e-07 7.99896e+03 1.63597e-17 +0.00000e+00
 2.40410e-07 8.02574e+03 2.04327e-17 +0.00000e+00
 2.99358e-07 8.05419e+03 2.55112e-17 +0.00000e+00
 3.72759e-07 8.08389e+03 3.18416e-17 +0.00000e+00
 4.64159e-07 8.11435e+03 3.97305e-17 +0.00000e+00
 5.77969e-07 8.14486e+03 4.95611e-17 +0.00000e+00
 7.19686e-07 8.17479e+03 6.18119e-17 +0.00000e+00
 8.96151e-07 8.20349e+03 7.70817e-17 +0.00000e+00
 1.11588e-06 8.23039e+03 9.61194e-17 +0.00000e+00
 1.38950e-06 8.25513e+03 1.19861e-16 +0.00000e+00
 1.73020e-06 8.27768e+03 1.49471e-16 +0.00000e+00
 2.15443e-06 8.29834e+03 1.86401e-16 +0.00000e+00
 2.68270e-06 8.31766e+03 2.32450e-16 +0.00000e+00
 3.34048e-06 8.33627e+03 2.89855e-16 +0.00000e+00
 4.15956e-06 8.35463e+03 3.61401e-16 +0.00000e+00
 5.17947e-06 8.37292e+03 4.50565e-16 +0.00000e+00
 6.44947e-06 8.39101e+03 5.61699e-16 +0.00000e+00
 8.03086e-06 8.40861e+03 7.00247e-16 +0.00000e+00
 1.00000e-05 8.42554e+03 8.73014e-16 +0.00000e+00
 1.24520e-05 8.44211e+03 1.08844e-15 +0.00000e+00
 1.55052e-05 8.45918e+03 1.35693e-15 +0.00000e+00
 1.93070e-05 8.47767e+03 1.69136e-15 +0.00000e+00
 2.40410e-05 8.49765e+03 2.10779e-15 +0.00000e+00
 2.99358e-05 8.51913e+03 2.62620e-15 +0.00000e+00
 3.72759e-05 8.54226e+03 3.27130e-15 +0.00000e+00
 4.64159e-05 8.56741e+03 4.07366e-15 +0.00000e+00
 5.77969e-05 8.59467e+03 5.07121e-15 +0.00000e+00
 7.19686e-05 8.62464e+03 6.31053e-15 +0.00000e+00
 8.96151e-05 8.65786e+03 7.84910e-15 +0.00000e+00
 1.11588e-04 8.69499e+03 9.75758e-15 +0.00000e+00
 1.38950e-04 8.73658e+03 1.21229e-14 +0.00000e+00
 1.73020e-04 8.78340e+03 1.50515e-14 +0.00000e+00
 2.15443e-04 8.83610e+03 1.86735e-14 +0.00000e+00
 2.68270e-04 8.89521e+03 2.31484e-14 +0.00000e+00
 3.34048e-04 8.96110e+03 2.86713e-14 +0.00000e+00
 4.15956e-04 9.03378e+03 3.54814e-14 +0.00000e+00
 5.17947e-04 9.11293e+03 4.38723e-14 +0.00000e+00
 6.44947e-04 9.19788e+03 5.42051e-14 +0.00000e+00
 8.03086e-04 9.28767e+03 6.69241e-14 +0.00000e+00
 1.00000e-03 9.38110e+03 8.25764e-14 +0.00000e+00
 1.24520e-03 9.47685e+03 1.01836e-13 -2.54836e-07
 1.55052e-03 9.57354e+03 1.25535e-13 -3.17322e-07
 1.93070e-03 9.66995e+03 1.54693e-13 -3.95128e-07
 2.40410e-03 9.76514e+03 1.90563e-13 -4.92013e-07
 2.99358e-03 9.85855e+03 2.34675e-13 -6.12653e-07
 3.72759e-03 9.94999e+03 2.88886e-13 -7.62873e-07
 4.64159e-03 1.00395e+04 3.55451e-13 -9.49929e-07
 5.77969e-03 1.01273e+04 4.37092e-13 -1.18285e-06
 7.19686e-03 1.02138e+04 5.37088e-13 -1.47288e-06
 8.96151e-03 1.02995e+04 6.59362e-13 -1.83402e-06
 1.11588e-02 1.03852e+04 8.08593e-13 -2.28372e-06
 1.38950e-02 1.04716e+04 9.90328e-13 -2.84368e-06
 1.73020e-02 1.05597e+04 1.21108e-12 -3.54094e-06
 2.15443e-02 1.06498e+04 1.47856e-12 -4.40917e-06
 2.68270e-02 1.07433e+04 1.80159e-12 -5.49029e-06
 3.34048e-02 1.08416e+04 2.19030e-12 -6.83650e-06
 4.15956e-02 1.09462e+04 2.65623e-12 -8.51277e-06
 5.17947e-02 1.10592e+04 3.21225e-12 -1.06001e-05
 6.44947e-02 1.11829e+04 3.87274e-12 -1.31992e-05
 8.03086e-02 1.13196e+04 4.65361e-12 -1.64356e-05
 1.00000e-01 1.14718e+04 5.57226e-12 -2.04655e-05
 1.24520e-01 1.16422e+04 6.64746e-12 -2.54836e-05
 1.55052e-01 1.18336e+04 7.89930e-12 -3.17322e-05
 1.93070e-01 1.20490e+04 9.34866e-12 -3.95128e-05
 2.40410e-01 1.22914e+04 1.10169e-11 -4.92013e-05
 2.99358e-01 1.25641e+04 1.29253e-11 -6.12653e-05
 3.72759e-01 1.28700e+04 1.50959e-11 -7.62873e-05
 4.64159e-01 1.32119e+04 1.75544e-11 -9.49929e-05
 5.77969e-01 1.35919e+04 2.03364e-11 -1.18285e-04
 7.19686e-01 1.40122e+04 2.34949e-11 -1.47288e-04
 8.96151e-01 1.44752e+04 2.71013e-11 -1.83402e-04
 1.11588e+00 1.49842e+04 3.12388e-11 -2.28372e-04
 1.38950e+00 1.55442e+04 3.59960e-11 -2.84368e-04
 1.73020e+00 1.61587e+04 4.14713e-11 -3.54094e-04
 2.15443e+00 1.68283e+04 4.77798e-11 -4.40917e-04
 2.68270e+00 1.75546e+04 5.50476e-11 -5.49029e-04
 3.34048e+00 1.83398e+04 6.34169e-11 -6.13967e-04
 4.15956e+00 1.91817e+04 7.30642e-11 -6.13967e-04
 5.17947e+00 2.00741e+04 8.42071e-11 -6.13967e-04
 6.44947e+00 2.09891e+04 9.71691e-11 -6.13967e-04
 8.03086e+00 2.19344e+04 1.12164e-10 -6.13967e-04
 1.00000e+01 2.28954e+04 1.29534e-10 -6.13967e-04
 1.24520e+01 2.38951e+04 1.49476e-10 -6.13967e-04
 1.55052e+01 2.49212e+04 1.72407e-10 -6.13967e-04
 1.93070e+01 2.60636e+04 1.98192e-10 -6.13967e-04
 2.40410e+01 2.71772e+04 2.28236e-10 -6.13967e-04
 2.99358e+01 2.85794e+04 2.60653e-10 -6.13967e-04
 3.72759e+01 2.98460e+04 2.99389e-10 -6.13967e-04
 4.64159e+01 3.15070e+04 3.39636e-10 -6.13967e-04
 5.77969e+01 3.31836e+04 3.85427e-10 -6.13967e-04
 7.19686e+01 3.48583e+04 4.37332e-10 -6.13967e-04
 8.96151e+01 3.70797e+04 4.90044e-10 -6.13967e-04
 1.11588e+02 3.87908e+04 5.60626e-10 -6.13967e-04
 1.38950e+02 4.10683e+04 6.34754e-10 -6.13967e-04
 1.73020e+02 4.29519e+04 7.28291e-10 -6.13967e-04
 2.15443e+02 4.52718e+04 8.29524e-10 -6.13967e-04
 2.68270e+02 4.70908e+04 9.55588e-10 -6.13967e-04
 3.34048e+02 4.95563e+04 1.08775e-09 -6.13967e-04
 4.15956e+02 5.12978e+04 1.25515e-09 -6.13967e-04
 5.17947e+02 5.38005e+04 1.42816e-09 -6.13967e-04
 6.44947e+02 5.55113e+04 1.64668e-09 -6.13967e-04
 8.03086e+02 5.78601e+04 1.87571e-09 -6.13967e-04
 1.00000e+03 6.00159e+04 2.14444e-09 -6.13967e-04
