#n1=128 n2=4 Teff=13500 R=1.5153e+11 L=5.4330e+35 logg=+4.50
#      tau          T          rho         Fconv
  0.00000e+00  9.93632e+03  7.70057e-22 +0.00000e+00
  1.00000e-09  9.93632e+03  7.72462e-17 +0.00000e+00
  1.24520e-09  9.94370e+03  9.62964e-17 +0.00000e+00
  1.55052e-09  9.95169e+03  1.20077e-16 +0.00000e+00
  1.93070e-09  9.96054e+03  1.49773e-16 +0.00000e+00
  2.40410e-09  9.97038e+03  1.86871e-16 +0.00000e+00
  2.99358e-09  9.98128e+03  2.33234e-16 +0.00000e+00
  3.72759e-09  9.99331e+03  2.91197e-16 +0.00000e+00
  4.64159e-09  1.00065e+04  3.63682e-16 +0.00000e+00
  5.77969e-09  1.00209e+04  4.54344e-16 +0.00000e+00
  7.19686e-09  1.00364e+04  5.67748e-16 +0.00000e+00
  8.96151e-09  1.00532e+04  7.09581e-16 +0.00000e+00
  1.11588e-08  1.00711e+04  8.86925e-16 +0.00000e+00
  1.38950e-08  1.00903e+04  1.10858e-15 +0.00000e+00
  1.73020e-08  1.01108e+04  1.38548e-15 +0.00000e+00
  2.15443e-08  1.01328e+04  1.73116e-15 +0.00000e+00
  2.68270e-08  1.01564e+04  2.16241e-15 +0.00000e+00
  3.34048e-08  1.01821e+04  2.69995e-15 +0.00000e+00
  4.15956e-08  1.02101e+04  3.36936e-15 +0.00000e+00
  5.17947e-08  1.02410e+04  4.20221e-15 +0.00000e+00
  6.44947e-08  1.02754e+04  5.23737e-15 +0.00000e+00
  8.03086e-08  1.03138e+04  6.52267e-15 +0.00000e+00
  1.00000e-07  1.03570e+04  8.11687e-15 +0.00000e+00
  1.24520e-07  1.04055e+04  1.00922e-14 +0.00000e+00
  1.55052e-07  1.04598e+04  1.25373e-14 +0.00000e+00
  1.93070e-07  1.05204e+04  1.55610e-14 +0.00000e+00
  2.40410e-07  1.05875e+04  1.92970e-14 +0.00000e+00
  2.99358e-07  1.06613e+04  2.39094e-14 +0.00000e+00
  3.72759e-07  1.07414e+04  2.96006e-14 +0.00000e+00
  4.64159e-07  1.08271e+04  3.66204e-14 +0.00000e+00
  5.77969e-07  1.09173e+04  4.52785e-14 +0.00000e+00
  7.19686e-07  1.10103e+04  5.59603e-14 +0.00000e+00
  8.96151e-07  1.11040e+04  6.91468e-14 +0.00000e+00
  1.11588e-06  1.11961e+04  8.54395e-14 +0.00000e+00
  1.38950e-06  1.12840e+04  1.05594e-13 +0.00000e+00
  1.73020e-06  1.13646e+04  1.30562e-13 +0.00000e+00
  2.15443e-06  1.14338e+04  1.61562e-13 +0.00000e+00
  2.68270e-06  1.14851e+04  2.00185e-13 +0.00000e+00
  3.34048e-06  1.15084e+04  2.48574e-13 +0.00000e+00
  4.15956e-06  1.14883e+04  3.09722e-13 +0.00000e+00
  5.17947e-06  1.14023e+04  3.87972e-13 +0.00000e+00
  6.44947e-06  1.12217e+04  4.89828e-13 +0.00000e+00
  8.03086e-06  1.09049e+04  6.25773e-13 +0.00000e+00
  1.00000e-05  1.03693e+04  8.15978e-13 +0.00000e+00
  1.24520e-05  9.21625e+03  1.13564e-12 +0.00000e+00
  1.55052e-05  8.54512e+03  1.50045e-12 +0.00000e+00
  1.93070e-05  8.47989e+03  1.83765e-12 +0.00000e+00
  2.40410e-05  8.53881e+03  2.20816e-12 +0.00000e+00
  2.99358e-05  8.63149e+03  2.63404e-12 +0.00000e+00
  3.72759e-05  8.72924e+03  3.13079e-12 +0.00000e+00
  4.64159e-05  8.82399e+03  3.71161e-12 +0.00000e+00
  5.77969e-05  8.91420e+03  4.38963e-12 +0.00000e+00
  7.19686e-05  9.00006e+03  5.17921e-12 +0.00000e+00
  8.96151e-05  9.08223e+03  6.09655e-12 +0.00000e+00
  1.11588e-04  9.16144e+03  7.16007e-12 +0.00000e+00
  1.38950e-04  9.23848e+03  8.39051e-12 +0.00000e+00
  1.73020e-04  9.31411e+03  9.81128e-12 +0.00000e+00
  2.15443e-04  9.38891e+03  1.14475e-11 +0.00000e+00
  2.68270e-04  9.46314e+03  1.33268e-11 +0.00000e+00
  3.34048e-04  9.53684e+03  1.54821e-11 +0.00000e+00
  4.15956e-04  9.60988e+03  1.79445e-11 +0.00000e+00
  5.17947e-04  9.68227e+03  2.07505e-11 +0.00000e+00
  6.44947e-04  9.75425e+03  2.39416e-11 +0.00000e+00
  8.03086e-04  9.82636e+03  2.75669e-11 +0.00000e+00
  1.00000e-03  9.89915e+03  3.16757e-11 +0.00000e+00
  1.24520e-03  9.97292e+03  3.63262e-11 -2.54618e-07
  1.55052e-03  1.00475e+04  4.15873e-11 -3.17050e-07
  1.93070e-03  1.01225e+04  4.75356e-11 -3.94789e-07
  2.40410e-03  1.01974e+04  5.42576e-11 -4.91591e-07
  2.99358e-03  1.02717e+04  6.18528e-11 -6.12129e-07
  3.72759e-03  1.03453e+04  7.04304e-11 -7.62220e-07
  4.64159e-03  1.04181e+04  8.01090e-11 -9.49111e-07
  5.77969e-03  1.04905e+04  9.10207e-11 -1.18183e-06
  7.19686e-03  1.05631e+04  1.03310e-10 -1.47161e-06
  8.96151e-03  1.06364e+04  1.17141e-10 -1.83245e-06
  1.11588e-02  1.07108e+04  1.32693e-10 -2.28176e-06
  1.38950e-02  1.07872e+04  1.50164e-10 -2.84125e-06
  1.73020e-02  1.08663e+04  1.69776e-10 -3.53791e-06
  2.15443e-02  1.09489e+04  1.91770e-10 -4.40540e-06
  2.68270e-02  1.10364e+04  2.16408e-10 -5.48558e-06
  3.34048e-02  1.11297e+04  2.43987e-10 -6.83061e-06
  4.15956e-02  1.12304e+04  2.74826e-10 -8.50546e-06
  5.17947e-02  1.13399e+04  3.09279e-10 -1.05910e-05
  6.44947e-02  1.14600e+04  3.47739e-10 -1.31879e-05
  8.03086e-02  1.15924e+04  3.90651e-10 -1.64215e-05
  1.00000e-01  1.17391e+04  4.38522e-10 -2.04480e-05
  1.24520e-01  1.19020e+04  4.91945e-10 -2.54618e-05
  1.55052e-01  1.20829e+04  5.51609e-10 -3.17050e-05
  1.93070e-01  1.22837e+04  6.18333e-10 -3.94789e-05
  2.40410e-01  1.25062e+04  6.93078e-10 -4.91591e-05
  2.99358e-01  1.27519e+04  7.76977e-10 -6.12129e-05
  3.72759e-01  1.30224e+04  8.71340e-10 -7.62220e-05
  4.64159e-01  1.33192e+04  9.77670e-10 -9.49111e-05
  5.77969e-01  1.36437e+04  1.09767e-09 -1.18183e-04
  7.19686e-01  1.39969e+04  1.23323e-09 -1.47161e-04
  8.96151e-01  1.43796e+04  1.38644e-09 -1.83245e-04
  1.11588e+00  1.47909e+04  1.55959e-09 -2.28176e-04
  1.38950e+00  1.52274e+04  1.75534e-09 -2.84125e-04
  1.73020e+00  1.56841e+04  1.97659e-09 -3.53791e-04
  2.15443e+00  1.61618e+04  2.22589e-09 -4.40540e-04
  2.68270e+00  1.66654e+04  2.50583e-09 -5.48558e-04
  3.34048e+00  1.71981e+04  2.82039e-09 -6.13441e-04
  4.15956e+00  1.77596e+04  3.17541e-09 -6.13441e-04
  5.17947e+00  1.83551e+04  3.57697e-09 -6.13441e-04
  6.44947e+00  1.89704e+04  4.03556e-09 -6.13441e-04
  8.03086e+00  1.96295e+04  4.55444e-09 -6.13441e-04
  1.00000e+01  2.03178e+04  5.14613e-09 -6.13441e-04
  1.24520e+01  2.10549e+04  5.81614e-09 -6.13441e-04
  1.55052e+01  2.18126e+04  6.58196e-09 -6.13441e-04
  1.93070e+01  2.26856e+04  7.43091e-09 -6.13441e-04
  2.40410e+01  2.34558e+04  8.43870e-09 -6.13441e-04
  2.99358e+01  2.45545e+04  9.49137e-09 -6.13441e-04
  3.72759e+01  2.53083e+04  1.08314e-08 -6.13436e-04
  4.64159e+01  2.65578e+04  1.21602e-08 -6.13436e-04
  5.77969e+01  2.76654e+04  1.37834e-08 -6.13425e-04
  7.19686e+01  2.85061e+04  1.57459e-08 -6.13335e-04
  8.96151e+01  3.05641e+04  1.74588e-08 -6.13351e-04
  1.11588e+02  3.09831e+04  2.03247e-08 -6.12161e-04
  1.38950e+02  3.35745e+04  2.22842e-08 -6.12580e-04
  1.73020e+02  3.43520e+04  2.57941e-08 -6.04853e-04
  2.15443e+02  3.71639e+04  2.83682e-08 -5.98937e-04
  2.68270e+02  3.83158e+04  3.26784e-08 -4.82112e-04
  3.34048e+02  4.16592e+04  3.58019e-08 -2.19327e-04
  4.15956e+02  4.25531e+04  4.16596e-08 +2.19267e-03
  5.17947e+02  4.64832e+04  4.51100e-08 +1.31954e-03
  6.44947e+02  4.77402e+04  5.22062e-08 +5.80003e-03
  8.03086e+02  5.06143e+04  5.81728e-08 +4.61459e-03
  1.00000e+03  5.27995e+04  6.60509e-08 +6.96057e-03
