#n1=128 n2=4 Teff=13500 R=1.0073e+12 L=2.4059e+37 logg=+3.00
#   tau          T          rho         Fconv
 0.00000e+00 1.00708e+04 7.42070e-22 +0.00000e+00
 1.00000e-09 1.00708e+04 2.19264e-18 +0.00000e+00
 1.24520e-09 1.00696e+04 2.73325e-18 +0.00000e+00
 1.55052e-09 1.00688e+04 3.40743e-18 +0.00000e+00
 1.93070e-09 1.00682e+04 4.24835e-18 +0.00000e+00
 2.40410e-09 1.00678e+04 5.29750e-18 +0.00000e+00
 2.99358e-09 1.00676e+04 6.60681e-18 +0.00000e+00
 3.72759e-09 1.00676e+04 8.24131e-18 +0.00000e+00
 4.64159e-09 1.00677e+04 1.02825e-17 +0.00000e+00
 5.77969e-09 1.00679e+04 1.28325e-17 +0.00000e+00
 7.19686e-09 1.00682e+04 1.60194e-17 +0.00000e+00
 8.96151e-09 1.00686e+04 2.00040e-17 +0.00000e+00
 1.11588e-08 1.00692e+04 2.49881e-17 +0.00000e+00
 1.38950e-08 1.00698e+04 3.12247e-17 +0.00000e+00
 1.73020e-08 1.00706e+04 3.90315e-17 +0.00000e+00
 2.15443e-08 1.00713e+04 4.88057e-17 +0.00000e+00
 2.68270e-08 1.00721e+04 6.10454e-17 +0.00000e+00
 3.34048e-08 1.00728e+04 7.63711e-17 +0.00000e+00
 4.15956e-08 1.00733e+04 9.55584e-17 +0.00000e+00
 5.17947e-08 1.00735e+04 1.19574e-16 +0.00000e+00
 6.44947e-08 1.00733e+04 1.49629e-16 +0.00000e+00
 8.03086e-08 1.00723e+04 1.87211e-16 +0.00000e+00
 1.00000e-07 1.00700e+04 2.34266e-16 +0.00000e+00
 1.24520e-07 1.00646e+04 2.93050e-16 +0.00000e+00
 1.55052e-07 1.00492e+04 3.66903e-16 +0.00000e+00
 1.93070e-07 9.99566e+03 4.60772e-16 +0.00000e+00
 2.40410e-07 9.86057e+03 5.83289e-16 +0.00000e+00
 2.99358e-07 9.57324e+03 7.51573e-16 +0.00000e+00
 3.72759e-07 9.30443e+03 9.70523e-16 +0.00000e+00
 4.64159e-07 9.14515e+03 1.23798e-15 +0.00000e+00
 5.77969e-07 9.06673e+03 1.56334e-15 +0.00000e+00
 7.19686e-07 9.01626e+03 1.96748e-15 +0.00000e+00
 8.96151e-07 8.98174e+03 2.47003e-15 +0.00000e+00
 1.11588e-06 8.95807e+03 3.09556e-15 +0.00000e+00
 1.38950e-06 8.94399e+03 3.87354e-15 +0.00000e+00
 1.73020e-06 8.93609e+03 4.84168e-15 +0.00000e+00
 2.15443e-06 8.93309e+03 6.04633e-15 +0.00000e+00
 2.68270e-06 8.93395e+03 7.54508e-15 +0.00000e+00
 3.34048e-06 8.93787e+03 9.40966e-15 +0.00000e+00
 4.15956e-06 8.94434e+03 1.17289e-14 +0.00000e+00
 5.17947e-06 8.95290e+03 1.46135e-14 +0.00000e+00
 6.44947e-06 8.96316e+03 1.82008e-14 +0.00000e+00
 8.03086e-06 8.97470e+03 2.26616e-14 +0.00000e+00
 1.00000e-05 8.98713e+03 2.82084e-14 +0.00000e+00
 1.24520e-05 8.99998e+03 3.51055e-14 +0.00000e+00
 1.55052e-05 9.01280e+03 4.36819e-14 +0.00000e+00
 1.93070e-05 9.02514e+03 5.43465e-14 +0.00000e+00
 2.40410e-05 9.03663e+03 6.76072e-14 +0.00000e+00
 2.99358e-05 9.04711e+03 8.40925e-14 +0.00000e+00
 3.72759e-05 9.05670e+03 1.04576e-13 +0.00000e+00
 4.64159e-05 9.06586e+03 1.30006e-13 +0.00000e+00
 5.77969e-05 9.07538e+03 1.61533e-13 +0.00000e+00
 7.19686e-05 9.08620e+03 2.00543e-13 +0.00000e+00
 8.96151e-05 9.09920e+03 2.48698e-13 +0.00000e+00
 1.11588e-04 9.11531e+03 3.07974e-13 +0.00000e+00
 1.38950e-04 9.13356e+03 3.80774e-13 +0.00000e+00
 1.73020e-04 9.15422e+03 4.69906e-13 +0.00000e+00
 2.15443e-04 9.17741e+03 5.78676e-13 +0.00000e+00
 2.68270e-04 9.20186e+03 7.11075e-13 +0.00000e+00
 3.34048e-04 9.22816e+03 8.71678e-13 +0.00000e+00
 4.15956e-04 9.25711e+03 1.06581e-12 +0.00000e+00
 5.17947e-04 9.28961e+03 1.29963e-12 +0.00000e+00
 6.44947e-04 9.32648e+03 1.58020e-12 +0.00000e+00
 8.03086e-04 9.36805e+03 1.91560e-12 +0.00000e+00
 1.00000e-03 9.41417e+03 2.31503e-12 +0.00000e+00
 1.24520e-03 9.46433e+03 2.78885e-12 -2.54080e-07
 1.55052e-03 9.51777e+03 3.34881e-12 -3.16380e-07
 1.93070e-03 9.57367e+03 4.00822e-12 -3.93955e-07
 2.40410e-03 9.63126e+03 4.78232e-12 -4.90551e-07
 2.99358e-03 9.68993e+03 5.68770e-12 -6.10835e-07
 3.72759e-03 9.74919e+03 6.74298e-12 -7.60609e-07
 4.64159e-03 9.80873e+03 7.96922e-12 -9.47104e-07
 5.77969e-03 9.86849e+03 9.38887e-12 -1.17934e-06
 7.19686e-03 9.92868e+03 1.10273e-11 -1.46850e-06
 8.96151e-03 9.98979e+03 1.29113e-11 -1.82858e-06
 1.11588e-02 1.00526e+04 1.50707e-11 -2.27694e-06
 1.38950e-02 1.01183e+04 1.75370e-11 -2.83524e-06
 1.73020e-02 1.01880e+04 2.03449e-11 -3.53043e-06
 2.15443e-02 1.02632e+04 2.35327e-11 -4.39608e-06
 2.68270e-02 1.03454e+04 2.71427e-11 -5.47398e-06
 3.34048e-02 1.04360e+04 3.12222e-11 -6.81617e-06
 4.15956e-02 1.05366e+04 3.58232e-11 -8.48747e-06
 5.17947e-02 1.06486e+04 4.10063e-11 -1.05686e-05
 6.44947e-02 1.07735e+04 4.68396e-11 -1.31600e-05
 8.03086e-02 1.09128e+04 5.34015e-11 -1.63868e-05
 1.00000e-01 1.10681e+04 6.07829e-11 -2.04048e-05
 1.24520e-01 1.12409e+04 6.90897e-11 -2.54080e-05
 1.55052e-01 1.14327e+04 7.84444e-11 -3.16380e-05
 1.93070e-01 1.16452e+04 8.89897e-11 -3.93955e-05
 2.40410e-01 1.18797e+04 1.00891e-10 -4.90551e-05
 2.99358e-01 1.21377e+04 1.14337e-10 -6.10835e-05
 3.72759e-01 1.24203e+04 1.29544e-10 -7.60609e-05
 4.64159e-01 1.27287e+04 1.46747e-10 -9.47104e-05
 5.77969e-01 1.30642e+04 1.66205e-10 -1.17934e-04
 7.19686e-01 1.34277e+04 1.88184e-10 -1.46850e-04
 8.96151e-01 1.38200e+04 2.12954e-10 -1.82858e-04
 1.11588e+00 1.42408e+04 2.40805e-10 -2.27694e-04
 1.38950e+00 1.46880e+04 2.72108e-10 -2.83524e-04
 1.73020e+00 1.51578e+04 3.07393e-10 -3.53043e-04
 2.15443e+00 1.56493e+04 3.47326e-10 -4.39608e-04
 2.68270e+00 1.61650e+04 3.92676e-10 -5.47398e-04
 3.34048e+00 1.67069e+04 4.44365e-10 -6.12144e-04
 4.15956e+00 1.72742e+04 5.03440e-10 -6.12144e-04
 5.17947e+00 1.78714e+04 5.70881e-10 -6.12144e-04
 6.44947e+00 1.84856e+04 6.48205e-10 -6.12144e-04
 8.03086e+00 1.91380e+04 7.35990e-10 -6.12144e-04
 1.00000e+01 1.98150e+04 8.36154e-10 -6.12144e-04
 1.24520e+01 2.05360e+04 9.49622e-10 -6.12144e-04
 1.55052e+01 2.12704e+04 1.07936e-09 -6.12144e-04
 1.93070e+01 2.21197e+04 1.22335e-09 -6.12144e-04
 2.40410e+01 2.28553e+04 1.39450e-09 -6.12144e-04
 2.99358e+01 2.39254e+04 1.57263e-09 -6.12144e-04
 3.72759e+01 2.46513e+04 1.79950e-09 -6.12144e-04
 4.64159e+01 2.58442e+04 2.02584e-09 -6.12144e-04
 5.77969e+01 2.69585e+04 2.29836e-09 -6.12144e-04
 7.19686e+01 2.77265e+04 2.63511e-09 -6.12144e-04
 8.96151e+01 2.97559e+04 2.92509e-09 -6.12144e-04
 1.11588e+02 3.01064e+04 3.41577e-09 -6.12144e-04
 1.38950e+02 3.26638e+04 3.74579e-09 -6.12138e-04
 1.73020e+02 3.32772e+04 4.35538e-09 -6.12101e-04
 2.15443e+02 3.60747e+04 4.77053e-09 -6.11974e-04
 2.68270e+02 3.70034e+04 5.51563e-09 -6.10395e-04
 3.34048e+02 4.04182e+04 5.98068e-09 -6.09907e-04
 4.15956e+02 4.11861e+04 6.97250e-09 -5.94400e-04
 5.17947e+02 4.51261e+04 7.54582e-09 -6.10474e-04
 6.44947e+02 4.62998e+04 8.76007e-09 -6.03410e-04
 8.03086e+02 4.91221e+04 9.80126e-09 -6.06166e-04
 1.00000e+03 5.12505e+04 1.11675e-08 -5.97803e-04
