#n1=128 n2=4 Teff=14500 R=8.9229e+12 L=2.5050e+39 logg=+1.50
#   tau          T          rho         Fconv
 0.00000e+00 1.23347e+04 6.07917e-22 +0.00000e+00
 1.00000e-09 1.23347e+04 4.76950e-20 +0.00000e+00
 1.24520e-09 1.23748e+04 5.93748e-20 +0.00000e+00
 1.55052e-09 1.24181e+04 7.39113e-20 +0.00000e+00
 1.93070e-09 1.24670e+04 9.19775e-20 +0.00000e+00
 2.40410e-09 1.25224e+04 1.14410e-19 +0.00000e+00
 2.99358e-09 1.25851e+04 1.42238e-19 +0.00000e+00
 3.72759e-09 1.26556e+04 1.76728e-19 +0.00000e+00
 4.64159e-09 1.27347e+04 2.19437e-19 +0.00000e+00
 5.77969e-09 1.28229e+04 2.72277e-19 +0.00000e+00
 7.19686e-09 1.29207e+04 3.37596e-19 +0.00000e+00
 8.96151e-09 1.30284e+04 4.18279e-19 +0.00000e+00
 1.11588e-08 1.31459e+04 5.17877e-19 +0.00000e+00
 1.38950e-08 1.32731e+04 6.40756e-19 +0.00000e+00
 1.73020e-08 1.34095e+04 7.92304e-19 +0.00000e+00
 2.15443e-08 1.35544e+04 9.79159e-19 +0.00000e+00
 2.68270e-08 1.37064e+04 1.20958e-18 +0.00000e+00
 3.34048e-08 1.38641e+04 1.49379e-18 +0.00000e+00
 4.15956e-08 1.40260e+04 1.84446e-18 +0.00000e+00
 5.17947e-08 1.41901e+04 2.27738e-18 +0.00000e+00
 6.44947e-08 1.43546e+04 2.81223e-18 +0.00000e+00
 8.03086e-08 1.45174e+04 3.47357e-18 +0.00000e+00
 1.00000e-07 1.46771e+04 4.29194e-18 +0.00000e+00
 1.24520e-07 1.48327e+04 5.30528e-18 +0.00000e+00
 1.55052e-07 1.49838e+04 6.56070e-18 +0.00000e+00
 1.93070e-07 1.51306e+04 8.11641e-18 +0.00000e+00
 2.40410e-07 1.52740e+04 1.00445e-17 +0.00000e+00
 2.99358e-07 1.54150e+04 1.24339e-17 +0.00000e+00
 3.72759e-07 1.55544e+04 1.53948e-17 +0.00000e+00
 4.64159e-07 1.56932e+04 1.90637e-17 +0.00000e+00
 5.77969e-07 1.58322e+04 2.36089e-17 +0.00000e+00
 7.19686e-07 1.59726e+04 2.92381e-17 +0.00000e+00
 8.96151e-07 1.61162e+04 3.62061e-17 +0.00000e+00
 1.11588e-06 1.62650e+04 4.48251e-17 +0.00000e+00
 1.38950e-06 1.64205e+04 5.54790e-17 +0.00000e+00
 1.73020e-06 1.65831e+04 6.86431e-17 +0.00000e+00
 2.15443e-06 1.67518e+04 8.49109e-17 +0.00000e+00
 2.68270e-06 1.69237e+04 1.05027e-16 +0.00000e+00
 3.34048e-06 1.70955e+04 1.29927e-16 +0.00000e+00
 4.15956e-06 1.72629e+04 1.60791e-16 +0.00000e+00
 5.17947e-06 1.74219e+04 1.99109e-16 +0.00000e+00
 6.44947e-06 1.75662e+04 2.46794e-16 +0.00000e+00
 8.03086e-06 1.76837e+04 3.06395e-16 +0.00000e+00
 1.00000e-05 1.77460e+04 3.81607e-16 +0.00000e+00
 1.24520e-05 1.76719e+04 4.78990e-16 +0.00000e+00
 1.55052e-05 1.72671e+04 6.12822e-16 +0.00000e+00
 1.93070e-05 1.64540e+04 8.04020e-16 +0.00000e+00
 2.40410e-05 1.53644e+04 1.07639e-15 +0.00000e+00
 2.99358e-05 1.44214e+04 1.43351e-15 +0.00000e+00
 3.72759e-05 1.34837e+04 1.91678e-15 +0.00000e+00
 4.64159e-05 1.25551e+04 2.57385e-15 +0.00000e+00
 5.77969e-05 1.14898e+04 3.51539e-15 +0.00000e+00
 7.19686e-05 1.06582e+04 4.73596e-15 +0.00000e+00
 8.96151e-05 1.04746e+04 6.02051e-15 +0.00000e+00
 1.11588e-04 1.04318e+04 7.55066e-15 +0.00000e+00
 1.38950e-04 1.04410e+04 9.42094e-15 +0.00000e+00
 1.73020e-04 1.04828e+04 1.17161e-14 +0.00000e+00
 2.15443e-04 1.05455e+04 1.45399e-14 +0.00000e+00
 2.68270e-04 1.06189e+04 1.80248e-14 +0.00000e+00
 3.34048e-04 1.06979e+04 2.23319e-14 +0.00000e+00
 4.15956e-04 1.07790e+04 2.76625e-14 +0.00000e+00
 5.17947e-04 1.08600e+04 3.42651e-14 +0.00000e+00
 6.44947e-04 1.09401e+04 4.24473e-14 +0.00000e+00
 8.03086e-04 1.10189e+04 5.25903e-14 +0.00000e+00
 1.00000e-03 1.10965e+04 6.51684e-14 +0.00000e+00
 1.24520e-03 1.11728e+04 8.07820e-14 -2.54843e-07
 1.55052e-03 1.12482e+04 1.00218e-13 -3.17330e-07
 1.93070e-03 1.13231e+04 1.24390e-13 -3.95138e-07
 2.40410e-03 1.13981e+04 1.54451e-13 -4.92024e-07
 2.99358e-03 1.14736e+04 1.91814e-13 -6.12668e-07
 3.72759e-03 1.15501e+04 2.38181e-13 -7.62893e-07
 4.64159e-03 1.16275e+04 2.95671e-13 -9.49950e-07
 5.77969e-03 1.17056e+04 3.66847e-13 -1.18288e-06
 7.19686e-03 1.17846e+04 4.54760e-13 -1.47291e-06
 8.96151e-03 1.18645e+04 5.63058e-13 -1.83407e-06
 1.11588e-02 1.19457e+04 6.96144e-13 -2.28378e-06
 1.38950e-02 1.20288e+04 8.59322e-13 -2.84375e-06
 1.73020e-02 1.21148e+04 1.05894e-12 -3.54103e-06
 2.15443e-02 1.22046e+04 1.30252e-12 -4.40928e-06
 2.68270e-02 1.22992e+04 1.59887e-12 -5.49043e-06
 3.34048e-02 1.24000e+04 1.95824e-12 -6.83667e-06
 4.15956e-02 1.25085e+04 2.39237e-12 -8.51297e-06
 5.17947e-02 1.26266e+04 2.91458e-12 -1.06003e-05
 6.44947e-02 1.27566e+04 3.53984e-12 -1.31995e-05
 8.03086e-02 1.29009e+04 4.28468e-12 -1.64360e-05
 1.00000e-01 1.30626e+04 5.16738e-12 -2.04661e-05
 1.24520e-01 1.32449e+04 6.20788e-12 -2.54843e-05
 1.55052e-01 1.34516e+04 7.42781e-12 -3.17330e-05
 1.93070e-01 1.36870e+04 8.85095e-12 -3.95138e-05
 2.40410e-01 1.39559e+04 1.05035e-11 -4.92024e-05
 2.99358e-01 1.42639e+04 1.24150e-11 -6.12668e-05
 3.72759e-01 1.46166e+04 1.46190e-11 -7.62893e-05
 4.64159e-01 1.50208e+04 1.71533e-11 -9.49950e-05
 5.77969e-01 1.54837e+04 2.00613e-11 -1.18288e-04
 7.19686e-01 1.60115e+04 2.33938e-11 -1.47291e-04
 8.96151e-01 1.66092e+04 2.72108e-11 -1.83407e-04
 1.11588e+00 1.72801e+04 3.15842e-11 -2.28378e-04
 1.38950e+00 1.80254e+04 3.66009e-11 -2.84375e-04
 1.73020e+00 1.88423e+04 4.23685e-11 -3.54103e-04
 2.15443e+00 1.97198e+04 4.90303e-11 -4.40928e-04
 2.68270e+00 2.06405e+04 5.67673e-11 -5.49043e-04
 3.34048e+00 2.15902e+04 6.57764e-11 -6.13982e-04
 4.15956e+00 2.25641e+04 7.62531e-11 -6.13982e-04
 5.17947e+00 2.35760e+04 8.83591e-11 -6.13982e-04
 6.44947e+00 2.46309e+04 1.02306e-10 -6.13982e-04
 8.03086e+00 2.57645e+04 1.18214e-10 -6.13982e-04
 1.00000e+01 2.69846e+04 1.36324e-10 -6.13982e-04
 1.24520e+01 2.83332e+04 1.56714e-10 -6.13982e-04
 1.55052e+01 2.97787e+04 1.79733e-10 -6.13982e-04
 1.93070e+01 3.14465e+04 2.04631e-10 -6.13982e-04
 2.40410e+01 3.31187e+04 2.32822e-10 -6.13982e-04
 2.99358e+01 3.50661e+04 2.62935e-10 -6.13982e-04
 3.72759e+01 3.69072e+04 2.99523e-10 -6.13982e-04
 4.64159e+01 3.88828e+04 3.41559e-10 -6.13982e-04
 5.77969e+01 4.09516e+04 3.90395e-10 -6.13982e-04
 7.19686e+01 4.27674e+04 4.49730e-10 -6.13982e-04
 8.96151e+01 4.51489e+04 5.12812e-10 -6.13982e-04
 1.11588e+02 4.68449e+04 5.93650e-10 -6.13982e-04
 1.38950e+02 4.94125e+04 6.75917e-10 -6.13982e-04
 1.73020e+02 5.10379e+04 7.83563e-10 -6.13982e-04
 2.15443e+02 5.36148e+04 8.92385e-10 -6.13982e-04
 2.68270e+02 5.51926e+04 1.03365e-09 -6.13982e-04
 3.34048e+02 5.76704e+04 1.17784e-09 -6.13982e-04
 4.15956e+02 5.92806e+04 1.35998e-09 -6.13982e-04
 5.17947e+02 6.16177e+04 1.55007e-09 -6.13982e-04
 6.44947e+02 6.33885e+04 1.78076e-09 -6.13982e-04
 8.03086e+02 6.54827e+04 2.03265e-09 -6.13982e-04
 1.00000e+03 6.76818e+04 2.31617e-09 -6.13982e-04
