#n1=128 n2=4 Teff=14000 R=1.5724e+11 L=6.7662e+35 logg=+4.50
#   tau          T          rho         Fconv
 0.00000e+00 1.02516e+04 7.29363e-22 +0.00000e+00
 1.00000e-09 1.02516e+04 7.72779e-17 +0.00000e+00
 1.24520e-09 1.02470e+04 9.67123e-17 +0.00000e+00
 1.55052e-09 1.02422e+04 1.20988e-16 +0.00000e+00
 1.93070e-09 1.02368e+04 1.51303e-16 +0.00000e+00
 2.40410e-09 1.02306e+04 1.89156e-16 +0.00000e+00
 2.99358e-09 1.02232e+04 2.36419e-16 +0.00000e+00
 3.72759e-09 1.02141e+04 2.95438e-16 +0.00000e+00
 4.64159e-09 1.02028e+04 3.69157e-16 +0.00000e+00
 5.77969e-09 1.01883e+04 4.61280e-16 +0.00000e+00
 7.19686e-09 1.01697e+04 5.76483e-16 +0.00000e+00
 8.96151e-09 1.01454e+04 7.20698e-16 +0.00000e+00
 1.11588e-08 1.01204e+04 9.00885e-16 +0.00000e+00
 1.38950e-08 1.00802e+04 1.12762e-15 +0.00000e+00
 1.73020e-08 1.00416e+04 1.41095e-15 +0.00000e+00
 2.15443e-08 9.97564e+03 1.77017e-15 +0.00000e+00
 2.68270e-08 9.89000e+03 2.22509e-15 +0.00000e+00
 3.34048e-08 9.78260e+03 2.80312e-15 +0.00000e+00
 4.15956e-08 9.65476e+03 3.53894e-15 +0.00000e+00
 5.17947e-08 9.50983e+03 4.47645e-15 +0.00000e+00
 6.44947e-08 9.14570e+03 5.79903e-15 +0.00000e+00
 8.03086e-08 8.83923e+03 7.47385e-15 +0.00000e+00
 1.00000e-07 8.80980e+03 9.34093e-15 +0.00000e+00
 1.24520e-07 8.77748e+03 1.16782e-14 +0.00000e+00
 1.55052e-07 8.74219e+03 1.46052e-14 +0.00000e+00
 1.93070e-07 8.70523e+03 1.82692e-14 +0.00000e+00
 2.40410e-07 8.66883e+03 2.28505e-14 +0.00000e+00
 2.99358e-07 8.63530e+03 2.85703e-14 +0.00000e+00
 3.72759e-07 8.60628e+03 3.57013e-14 +0.00000e+00
 4.64159e-07 8.58248e+03 4.45814e-14 +0.00000e+00
 5.77969e-07 8.56400e+03 5.56299e-14 +0.00000e+00
 7.19686e-07 8.55055e+03 6.93668e-14 +0.00000e+00
 8.96151e-07 8.54169e+03 8.64368e-14 +0.00000e+00
 1.11588e-06 8.53701e+03 1.07637e-13 +0.00000e+00
 1.38950e-06 8.53615e+03 1.33946e-13 +0.00000e+00
 1.73020e-06 8.53885e+03 1.66567e-13 +0.00000e+00
 2.15443e-06 8.54486e+03 2.06969e-13 +0.00000e+00
 2.68270e-06 8.55397e+03 2.56949e-13 +0.00000e+00
 3.34048e-06 8.56596e+03 3.18692e-13 +0.00000e+00
 4.15956e-06 8.58061e+03 3.94832e-13 +0.00000e+00
 5.17947e-06 8.59773e+03 4.88524e-13 +0.00000e+00
 6.44947e-06 8.61710e+03 6.03483e-13 +0.00000e+00
 8.03086e-06 8.63858e+03 7.44017e-13 +0.00000e+00
 1.00000e-05 8.66207e+03 9.15016e-13 +0.00000e+00
 1.24520e-05 8.68760e+03 1.12191e-12 +0.00000e+00
 1.55052e-05 8.71539e+03 1.37060e-12 +0.00000e+00
 1.93070e-05 8.74567e+03 1.66745e-12 +0.00000e+00
 2.40410e-05 8.77875e+03 2.01935e-12 +0.00000e+00
 2.99358e-05 8.81492e+03 2.43382e-12 +0.00000e+00
 3.72759e-05 8.85429e+03 2.91934e-12 +0.00000e+00
 4.64159e-05 8.89689e+03 3.48554e-12 +0.00000e+00
 5.77969e-05 8.94267e+03 4.14348e-12 +0.00000e+00
 7.19686e-05 8.99147e+03 4.90604e-12 +0.00000e+00
 8.96151e-05 9.04305e+03 5.78834e-12 +0.00000e+00
 1.11588e-04 9.09712e+03 6.80807e-12 +0.00000e+00
 1.38950e-04 9.15337e+03 7.98567e-12 +0.00000e+00
 1.73020e-04 9.21144e+03 9.34503e-12 +0.00000e+00
 2.15443e-04 9.27096e+03 1.09122e-11 +0.00000e+00
 2.68270e-04 9.33151e+03 1.27159e-11 +0.00000e+00
 3.34048e-04 9.39263e+03 1.47899e-11 +0.00000e+00
 4.15956e-04 9.45382e+03 1.71654e-11 +0.00000e+00
 5.17947e-04 9.51458e+03 1.98790e-11 +0.00000e+00
 6.44947e-04 9.57445e+03 2.29727e-11 +0.00000e+00
 8.03086e-04 9.63305e+03 2.64965e-11 +0.00000e+00
 1.00000e-03 9.69011e+03 3.05088e-11 +0.00000e+00
 1.24520e-03 9.74547e+03 3.50689e-11 -2.54619e-07
 1.55052e-03 9.79913e+03 4.02485e-11 -3.17051e-07
 1.93070e-03 9.85124e+03 4.61247e-11 -3.94790e-07
 2.40410e-03 9.90210e+03 5.27828e-11 -4.91590e-07
 2.99358e-03 9.95217e+03 6.03181e-11 -6.12127e-07
 3.72759e-03 1.00020e+04 6.88382e-11 -7.62222e-07
 4.64159e-03 1.00523e+04 7.84576e-11 -9.49117e-07
 5.77969e-03 1.01037e+04 8.93034e-11 -1.18183e-06
 7.19686e-03 1.01573e+04 1.01511e-10 -1.47162e-06
 8.96151e-03 1.02138e+04 1.15237e-10 -1.83246e-06
 1.11588e-02 1.02742e+04 1.30641e-10 -2.28177e-06
 1.38950e-02 1.03394e+04 1.47896e-10 -2.84125e-06
 1.73020e-02 1.04107e+04 1.67189e-10 -3.53792e-06
 2.15443e-02 1.04889e+04 1.88722e-10 -4.40540e-06
 2.68270e-02 1.05754e+04 2.12707e-10 -5.48562e-06
 3.34048e-02 1.06712e+04 2.39385e-10 -6.83063e-06
 4.15956e-02 1.07777e+04 2.69012e-10 -8.50552e-06
 5.17947e-02 1.08961e+04 3.01886e-10 -1.05910e-05
 6.44947e-02 1.10278e+04 3.38344e-10 -1.31879e-05
 8.03086e-02 1.11743e+04 3.78787e-10 -1.64215e-05
 1.00000e-01 1.13370e+04 4.23694e-10 -2.04481e-05
 1.24520e-01 1.15171e+04 4.73646e-10 -2.54619e-05
 1.55052e-01 1.17163e+04 5.29344e-10 -3.17051e-05
 1.93070e-01 1.19357e+04 5.91627e-10 -3.94790e-05
 2.40410e-01 1.21767e+04 6.61488e-10 -4.91590e-05
 2.99358e-01 1.24407e+04 7.40087e-10 -6.12127e-05
 3.72759e-01 1.27289e+04 8.28763e-10 -7.62222e-05
 4.64159e-01 1.30426e+04 9.29034e-10 -9.49117e-05
 5.77969e-01 1.33833e+04 1.04261e-09 -1.18183e-04
 7.19686e-01 1.37521e+04 1.17138e-09 -1.47162e-04
 8.96151e-01 1.41498e+04 1.31742e-09 -1.83246e-04
 1.11588e+00 1.45757e+04 1.48299e-09 -2.28177e-04
 1.38950e+00 1.50272e+04 1.67063e-09 -2.84125e-04
 1.73020e+00 1.55000e+04 1.88301e-09 -3.53792e-04
 2.15443e+00 1.59931e+04 2.12269e-09 -4.40540e-04
 2.68270e+00 1.65092e+04 2.39229e-09 -5.48562e-04
 3.34048e+00 1.70500e+04 2.69561e-09 -6.13440e-04
 4.15956e+00 1.76153e+04 3.03815e-09 -6.13440e-04
 5.17947e+00 1.82090e+04 3.42591e-09 -6.13440e-04
 6.44947e+00 1.88186e+04 3.86869e-09 -6.13440e-04
 8.03086e+00 1.94656e+04 4.37002e-09 -6.13440e-04
 1.00000e+01 2.01371e+04 4.94161e-09 -6.13440e-04
 1.24520e+01 2.08521e+04 5.58872e-09 -6.13440e-04
 1.55052e+01 2.15831e+04 6.32802e-09 -6.13440e-04
 1.93070e+01 2.24297e+04 7.14591e-09 -6.13440e-04
 2.40410e+01 2.31636e+04 8.11878e-09 -6.13440e-04
 2.99358e+01 2.42484e+04 9.12590e-09 -6.13440e-04
 3.72759e+01 2.49596e+04 1.04205e-08 -6.13431e-04
 4.64159e+01 2.62046e+04 1.16863e-08 -6.13427e-04
 5.77969e+01 2.73085e+04 1.32402e-08 -6.13395e-04
 7.19686e+01 2.80849e+04 1.51504e-08 -6.13160e-04
 8.96151e+01 3.02280e+04 1.67680e-08 -6.13225e-04
 1.11588e+02 3.04945e+04 1.96051e-08 -6.10107e-04
 1.38950e+02 3.32118e+04 2.14172e-08 -6.11576e-04
 1.73020e+02 3.37892e+04 2.49141e-08 -5.93020e-04
 2.15443e+02 3.67186e+04 2.73001e-08 -5.87198e-04
 2.68270e+02 3.76280e+04 3.16252e-08 -3.73485e-04
 3.34048e+02 4.11732e+04 3.44995e-08 +1.33247e-05
 4.15956e+02 4.17753e+04 4.04147e-08 +3.83818e-03
 5.17947e+02 4.59928e+04 4.34371e-08 +2.75499e-03
 6.44947e+02 4.70514e+04 5.04907e-08 +1.01592e-02
 8.03086e+02 4.99948e+04 5.60914e-08 +8.35881e-03
 1.00000e+03 5.21153e+04 6.37248e-08 +1.17321e-02
