#n1=128 n2=4 Teff=14000 R=2.7969e+11 L=2.1397e+36 logg=+4.00
#   tau          T          rho         Fconv
 0.00000e+00 1.01060e+04 7.48243e-22 +0.00000e+00
 1.00000e-09 1.01060e+04 2.31884e-17 +0.00000e+00
 1.24520e-09 1.01016e+04 2.89261e-17 +0.00000e+00
 1.55052e-09 1.00992e+04 3.60852e-17 +0.00000e+00
 1.93070e-09 1.00984e+04 4.50217e-17 +0.00000e+00
 2.40410e-09 1.00989e+04 5.61823e-17 +0.00000e+00
 2.99358e-09 1.01005e+04 7.01274e-17 +0.00000e+00
 3.72759e-09 1.01030e+04 8.75607e-17 +0.00000e+00
 4.64159e-09 1.01065e+04 1.09365e-16 +0.00000e+00
 5.77969e-09 1.01108e+04 1.36648e-16 +0.00000e+00
 7.19686e-09 1.01160e+04 1.70799e-16 +0.00000e+00
 8.96151e-09 1.01221e+04 2.13557e-16 +0.00000e+00
 1.11588e-08 1.01356e+04 2.66940e-16 +0.00000e+00
 1.38950e-08 1.01448e+04 3.33908e-16 +0.00000e+00
 1.73020e-08 1.01553e+04 4.17719e-16 +0.00000e+00
 2.15443e-08 1.01671e+04 5.22568e-16 +0.00000e+00
 2.68270e-08 1.01806e+04 6.53666e-16 +0.00000e+00
 3.34048e-08 1.01958e+04 8.17482e-16 +0.00000e+00
 4.15956e-08 1.02130e+04 1.02203e-15 +0.00000e+00
 5.17947e-08 1.02325e+04 1.27721e-15 +0.00000e+00
 6.44947e-08 1.02544e+04 1.59527e-15 +0.00000e+00
 8.03086e-08 1.02792e+04 1.99133e-15 +0.00000e+00
 1.00000e-07 1.03070e+04 2.48406e-15 +0.00000e+00
 1.24520e-07 1.03382e+04 3.09655e-15 +0.00000e+00
 1.55052e-07 1.03732e+04 3.85723e-15 +0.00000e+00
 1.93070e-07 1.04120e+04 4.80127e-15 +0.00000e+00
 2.40410e-07 1.04549e+04 5.97202e-15 +0.00000e+00
 2.99358e-07 1.05018e+04 7.42311e-15 +0.00000e+00
 3.72759e-07 1.05525e+04 9.22086e-15 +0.00000e+00
 4.64159e-07 1.06064e+04 1.14475e-14 +0.00000e+00
 5.77969e-07 1.06629e+04 1.42051e-14 +0.00000e+00
 7.19686e-07 1.07212e+04 1.76204e-14 +0.00000e+00
 8.96151e-07 1.07805e+04 2.18508e-14 +0.00000e+00
 1.11588e-06 1.08400e+04 2.70920e-14 +0.00000e+00
 1.38950e-06 1.08989e+04 3.35872e-14 +0.00000e+00
 1.73020e-06 1.09561e+04 4.16403e-14 +0.00000e+00
 2.15443e-06 1.10093e+04 5.16362e-14 +0.00000e+00
 2.68270e-06 1.10536e+04 6.40736e-14 +0.00000e+00
 3.34048e-06 1.10809e+04 7.96170e-14 +0.00000e+00
 4.15956e-06 1.10799e+04 9.91682e-14 +0.00000e+00
 5.17947e-06 1.10381e+04 1.23953e-13 +0.00000e+00
 6.44947e-06 1.09402e+04 1.55688e-13 +0.00000e+00
 8.03086e-06 1.07733e+04 1.96751e-13 +0.00000e+00
 1.00000e-05 1.05276e+04 2.50464e-13 +0.00000e+00
 1.24520e-05 1.00895e+04 3.24922e-13 +0.00000e+00
 1.55052e-05 8.94812e+03 4.54899e-13 +0.00000e+00
 1.93070e-05 8.49056e+03 5.92888e-13 +0.00000e+00
 2.40410e-05 8.54624e+03 7.26349e-13 +0.00000e+00
 2.99358e-05 8.65946e+03 8.82197e-13 +0.00000e+00
 3.72759e-05 8.76995e+03 1.06967e-12 +0.00000e+00
 4.64159e-05 8.87314e+03 1.29494e-12 +0.00000e+00
 5.77969e-05 8.96960e+03 1.56460e-12 +0.00000e+00
 7.19686e-05 9.06039e+03 1.88604e-12 +0.00000e+00
 8.96151e-05 9.14656e+03 2.26770e-12 +0.00000e+00
 1.11588e-04 9.22917e+03 2.71917e-12 +0.00000e+00
 1.38950e-04 9.30934e+03 3.25132e-12 +0.00000e+00
 1.73020e-04 9.38807e+03 3.87651e-12 +0.00000e+00
 2.15443e-04 9.46599e+03 4.60889e-12 +0.00000e+00
 2.68270e-04 9.54317e+03 5.46460e-12 +0.00000e+00
 3.34048e-04 9.61937e+03 6.46205e-12 +0.00000e+00
 4.15956e-04 9.69431e+03 7.62143e-12 +0.00000e+00
 5.17947e-04 9.76796e+03 8.96487e-12 +0.00000e+00
 6.44947e-04 9.84073e+03 1.05171e-11 +0.00000e+00
 8.03086e-04 9.91338e+03 1.23028e-11 +0.00000e+00
 1.00000e-03 9.98675e+03 1.43511e-11 +0.00000e+00
 1.24520e-03 1.00612e+04 1.66919e-11 -2.54747e-07
 1.55052e-03 1.01367e+04 1.93616e-11 -3.17211e-07
 1.93070e-03 1.02126e+04 2.24021e-11 -3.94990e-07
 2.40410e-03 1.02882e+04 2.58614e-11 -4.91838e-07
 2.99358e-03 1.03632e+04 2.97942e-11 -6.12437e-07
 3.72759e-03 1.04371e+04 3.42571e-11 -7.62608e-07
 4.64159e-03 1.05103e+04 3.93142e-11 -9.49597e-07
 5.77969e-03 1.05831e+04 4.50365e-11 -1.18243e-06
 7.19686e-03 1.06561e+04 5.15017e-11 -1.47236e-06
 8.96151e-03 1.07299e+04 5.87970e-11 -1.83338e-06
 1.11588e-02 1.08053e+04 6.70202e-11 -2.28292e-06
 1.38950e-02 1.08828e+04 7.62795e-11 -2.84268e-06
 1.73020e-02 1.09633e+04 8.66949e-11 -3.53971e-06
 2.15443e-02 1.10480e+04 9.83995e-11 -4.40763e-06
 2.68270e-02 1.11379e+04 1.11541e-10 -5.48839e-06
 3.34048e-02 1.12343e+04 1.26284e-10 -6.83408e-06
 4.15956e-02 1.13386e+04 1.42813e-10 -8.50982e-06
 5.17947e-02 1.14524e+04 1.61332e-10 -1.05964e-05
 6.44947e-02 1.15776e+04 1.82071e-10 -1.31946e-05
 8.03086e-02 1.17158e+04 2.05291e-10 -1.64298e-05
 1.00000e-01 1.18692e+04 2.31293e-10 -2.04584e-05
 1.24520e-01 1.20395e+04 2.60423e-10 -2.54747e-05
 1.55052e-01 1.22287e+04 2.93080e-10 -3.17211e-05
 1.93070e-01 1.24385e+04 3.29731e-10 -3.94990e-05
 2.40410e-01 1.26707e+04 3.70913e-10 -4.91838e-05
 2.99358e-01 1.29270e+04 4.17244e-10 -6.12437e-05
 3.72759e-01 1.32091e+04 4.69423e-10 -7.62608e-05
 4.64159e-01 1.35185e+04 5.28228e-10 -9.49597e-05
 5.77969e-01 1.38569e+04 5.94509e-10 -1.18243e-04
 7.19686e-01 1.42257e+04 6.69169e-10 -1.47236e-04
 8.96151e-01 1.46257e+04 7.53171e-10 -1.83338e-04
 1.11588e+00 1.50560e+04 8.47595e-10 -2.28292e-04
 1.38950e+00 1.55125e+04 9.53846e-10 -2.84268e-04
 1.73020e+00 1.59897e+04 1.07373e-09 -3.53971e-04
 2.15443e+00 1.64877e+04 1.20916e-09 -4.40763e-04
 2.68270e+00 1.70119e+04 1.36220e-09 -5.48839e-04
 3.34048e+00 1.75655e+04 1.53563e-09 -6.13750e-04
 4.15956e+00 1.81481e+04 1.73289e-09 -6.13750e-04
 5.17947e+00 1.87643e+04 1.95726e-09 -6.13750e-04
 6.44947e+00 1.93990e+04 2.21408e-09 -6.13750e-04
 8.03086e+00 2.00767e+04 2.50490e-09 -6.13750e-04
 1.00000e+01 2.07827e+04 2.83623e-09 -6.13750e-04
 1.24520e+01 2.15359e+04 3.21112e-09 -6.13750e-04
 1.55052e+01 2.23118e+04 3.63851e-09 -6.13750e-04
 1.93070e+01 2.32014e+04 4.11341e-09 -6.13750e-04
 2.40410e+01 2.39907e+04 4.67520e-09 -6.13750e-04
 2.99358e+01 2.51207e+04 5.26090e-09 -6.13750e-04
 3.72759e+01 2.58807e+04 6.00947e-09 -6.13750e-04
 4.64159e+01 2.72100e+04 6.73840e-09 -6.13750e-04
 5.77969e+01 2.83211e+04 7.64929e-09 -6.13750e-04
 7.19686e+01 2.92279e+04 8.72970e-09 -6.13741e-04
 8.96151e+01 3.14348e+04 9.67010e-09 -6.13741e-04
 1.11588e+02 3.18126e+04 1.12868e-08 -6.13617e-04
 1.38950e+02 3.45800e+04 1.23426e-08 -6.13613e-04
 1.73020e+02 3.54217e+04 1.42841e-08 -6.12276e-04
 2.15443e+02 3.83896e+04 1.56575e-08 -6.08628e-04
 2.68270e+02 3.96504e+04 1.80032e-08 -5.67978e-04
 3.34048e+02 4.30499e+04 1.96855e-08 -5.46523e-04
 4.15956e+02 4.37977e+04 2.29805e-08 -6.21551e-05
 5.17947e+02 4.79275e+04 2.48656e-08 -5.30025e-04
 6.44947e+02 4.90154e+04 2.88961e-08 -1.16874e-04
 8.03086e+02 5.19285e+04 3.22580e-08 -2.48587e-04
 1.00000e+03 5.40752e+04 3.66947e-08 +2.03793e-04
