#n1=128 n2=4 Teff=14500 R=1.6291e+11 L=8.3544e+35 logg=+4.50
#   tau          T          rho         Fconv
 0.00000e+00 1.04722e+04 7.13457e-22 +0.00000e+00
 1.00000e-09 1.04722e+04 7.55690e-17 +0.00000e+00
 1.24520e-09 1.03817e+04 9.52396e-17 +0.00000e+00
 1.55052e-09 1.03804e+04 1.18968e-16 +0.00000e+00
 1.93070e-09 1.03859e+04 1.48555e-16 +0.00000e+00
 2.40410e-09 1.03917e+04 1.85469e-16 +0.00000e+00
 2.99358e-09 1.03973e+04 2.31506e-16 +0.00000e+00
 3.72759e-09 1.04026e+04 2.88904e-16 +0.00000e+00
 4.64159e-09 1.04077e+04 3.60447e-16 +0.00000e+00
 5.77969e-09 1.04127e+04 4.49596e-16 +0.00000e+00
 7.19686e-09 1.04178e+04 5.60660e-16 +0.00000e+00
 8.96151e-09 1.04229e+04 6.99000e-16 +0.00000e+00
 1.11588e-08 1.04282e+04 8.71281e-16 +0.00000e+00
 1.38950e-08 1.04338e+04 1.08580e-15 +0.00000e+00
 1.73020e-08 1.04398e+04 1.35287e-15 +0.00000e+00
 2.15443e-08 1.04461e+04 1.68535e-15 +0.00000e+00
 2.68270e-08 1.04528e+04 2.09919e-15 +0.00000e+00
 3.34048e-08 1.04598e+04 2.61430e-15 +0.00000e+00
 4.15956e-08 1.04670e+04 3.25546e-15 +0.00000e+00
 5.17947e-08 1.04744e+04 4.05351e-15 +0.00000e+00
 6.44947e-08 1.04817e+04 5.04695e-15 +0.00000e+00
 8.03086e-08 1.04887e+04 6.28374e-15 +0.00000e+00
 1.00000e-07 1.04951e+04 7.82375e-15 +0.00000e+00
 1.24520e-07 1.05005e+04 9.74176e-15 +0.00000e+00
 1.55052e-07 1.05047e+04 1.21312e-14 +0.00000e+00
 1.93070e-07 1.05070e+04 1.51088e-14 +0.00000e+00
 2.40410e-07 1.05071e+04 1.88208e-14 +0.00000e+00
 2.99358e-07 1.05044e+04 2.34502e-14 +0.00000e+00
 3.72759e-07 1.04982e+04 2.92265e-14 +0.00000e+00
 4.64159e-07 1.04881e+04 3.64379e-14 +0.00000e+00
 5.77969e-07 1.04732e+04 4.54460e-14 +0.00000e+00
 7.19686e-07 1.04530e+04 5.67061e-14 +0.00000e+00
 8.96151e-07 1.04266e+04 7.07919e-14 +0.00000e+00
 1.11588e-06 1.03930e+04 8.84277e-14 +0.00000e+00
 1.38950e-06 1.03508e+04 1.10532e-13 +0.00000e+00
 1.73020e-06 1.02985e+04 1.38275e-13 +0.00000e+00
 2.15443e-06 1.02338e+04 1.73153e-13 +0.00000e+00
 2.68270e-06 1.01548e+04 2.17078e-13 +0.00000e+00
 3.34048e-06 1.00616e+04 2.72442e-13 +0.00000e+00
 4.15956e-06 9.95698e+03 3.42157e-13 +0.00000e+00
 5.17947e-06 9.84791e+03 4.29611e-13 +0.00000e+00
 6.44947e-06 9.74592e+03 5.38472e-13 +0.00000e+00
 8.03086e-06 9.65141e+03 6.73397e-13 +0.00000e+00
 1.00000e-05 9.57110e+03 8.39193e-13 +0.00000e+00
 1.24520e-05 9.50585e+03 1.04143e-12 +0.00000e+00
 1.55052e-05 9.45221e+03 1.28663e-12 +0.00000e+00
 1.93070e-05 9.40605e+03 1.58212e-12 +0.00000e+00
 2.40410e-05 9.36784e+03 1.93524e-12 +0.00000e+00
 2.99358e-05 9.33394e+03 2.35486e-12 +0.00000e+00
 3.72759e-05 9.30213e+03 2.85081e-12 +0.00000e+00
 4.64159e-05 9.27181e+03 3.43391e-12 +0.00000e+00
 5.77969e-05 9.24134e+03 4.11697e-12 +0.00000e+00
 7.19686e-05 9.21007e+03 4.91443e-12 +0.00000e+00
 8.96151e-05 9.17763e+03 5.84296e-12 +0.00000e+00
 1.11588e-04 9.14390e+03 6.92179e-12 +0.00000e+00
 1.38950e-04 9.10917e+03 8.17258e-12 +0.00000e+00
 1.73020e-04 9.07402e+03 9.62025e-12 +0.00000e+00
 2.15443e-04 9.03940e+03 1.12918e-11 +0.00000e+00
 2.68270e-04 9.00667e+03 1.32179e-11 +0.00000e+00
 3.34048e-04 8.97668e+03 1.54377e-11 +0.00000e+00
 4.15956e-04 8.95100e+03 1.79921e-11 +0.00000e+00
 5.17947e-04 8.93061e+03 2.09305e-11 +0.00000e+00
 6.44947e-04 8.91624e+03 2.43122e-11 +0.00000e+00
 8.03086e-04 8.90945e+03 2.82081e-11 +0.00000e+00
 1.00000e-03 8.90911e+03 3.27045e-11 +0.00000e+00
 1.24520e-03 8.91604e+03 3.78896e-11 -2.54712e-07
 1.55052e-03 8.93057e+03 4.38727e-11 -3.17166e-07
 1.93070e-03 8.95275e+03 5.07646e-11 -3.94935e-07
 2.40410e-03 8.98215e+03 5.86886e-11 -4.91770e-07
 2.99358e-03 9.01887e+03 6.77595e-11 -6.12353e-07
 3.72759e-03 9.06517e+03 7.80674e-11 -7.62500e-07
 4.64159e-03 9.11544e+03 8.98263e-11 -9.49461e-07
 5.77969e-03 9.17512e+03 1.03041e-10 -1.18227e-06
 7.19686e-03 9.24309e+03 1.17807e-10 -1.47215e-06
 8.96151e-03 9.31999e+03 1.34183e-10 -1.83312e-06
 1.11588e-02 9.40391e+03 1.52291e-10 -2.28260e-06
 1.38950e-02 9.49942e+03 1.71997e-10 -2.84228e-06
 1.73020e-02 9.60638e+03 1.93308e-10 -3.53913e-06
 2.15443e-02 9.72917e+03 2.16008e-10 -4.40681e-06
 2.68270e-02 9.86698e+03 2.40155e-10 -5.48740e-06
 3.34048e-02 1.00210e+04 2.65812e-10 -6.83303e-06
 4.15956e-02 1.01922e+04 2.93158e-10 -8.50855e-06
 5.17947e-02 1.03814e+04 3.22537e-10 -1.05949e-05
 6.44947e-02 1.05891e+04 3.54475e-10 -1.31927e-05
 8.03086e-02 1.08156e+04 3.89676e-10 -1.64276e-05
 1.00000e-01 1.10609e+04 4.28994e-10 -2.04555e-05
 1.24520e-01 1.13249e+04 4.73404e-10 -2.54712e-05
 1.55052e-01 1.16074e+04 5.23977e-10 -3.17166e-05
 1.93070e-01 1.19082e+04 5.81871e-10 -3.94935e-05
 2.40410e-01 1.22271e+04 6.48331e-10 -4.91770e-05
 2.99358e-01 1.25641e+04 7.24692e-10 -6.12353e-05
 3.72759e-01 1.29193e+04 8.12390e-10 -7.62500e-05
 4.64159e-01 1.32929e+04 9.12960e-10 -9.49461e-05
 5.77969e-01 1.36854e+04 1.02804e-09 -1.18227e-04
 7.19686e-01 1.40970e+04 1.15940e-09 -1.47215e-04
 8.96151e-01 1.45275e+04 1.30887e-09 -1.83312e-04
 1.11588e+00 1.49759e+04 1.47843e-09 -2.28260e-04
 1.38950e+00 1.54412e+04 1.67011e-09 -2.84229e-04
 1.73020e+00 1.59234e+04 1.88613e-09 -3.53921e-04
 2.15443e+00 1.64231e+04 2.12914e-09 -4.40701e-04
 2.68270e+00 1.69412e+04 2.40269e-09 -5.48760e-04
 3.34048e+00 1.74776e+04 2.71149e-09 -6.13666e-04
 4.15956e+00 1.80325e+04 3.06121e-09 -6.13666e-04
 5.17947e+00 1.86093e+04 3.45766e-09 -6.13666e-04
 6.44947e+00 1.92061e+04 3.90818e-09 -6.13666e-04
 8.03086e+00 1.98360e+04 4.41789e-09 -6.13666e-04
 1.00000e+01 2.04959e+04 4.99604e-09 -6.13666e-04
 1.24520e+01 2.11983e+04 5.64953e-09 -6.13666e-04
 1.55052e+01 2.19224e+04 6.39336e-09 -6.13666e-04
 1.93070e+01 2.27621e+04 7.21566e-09 -6.13666e-04
 2.40410e+01 2.35008e+04 8.18960e-09 -6.13666e-04
 2.99358e+01 2.45680e+04 9.20404e-09 -6.13662e-04
 3.72759e+01 2.53447e+04 1.04789e-08 -6.13654e-04
 4.64159e+01 2.65112e+04 1.17806e-08 -6.13642e-04
 5.77969e+01 2.77646e+04 1.32831e-08 -6.13610e-04
 7.19686e+01 2.84614e+04 1.52467e-08 -6.13307e-04
 8.96151e+01 3.07254e+04 1.68359e-08 -6.13411e-04
 1.11588e+02 3.09573e+04 1.97074e-08 -6.09714e-04
 1.38950e+02 3.39212e+04 2.14773e-08 -6.11586e-04
 1.73020e+02 3.42576e+04 2.51577e-08 -5.84672e-04
 2.15443e+02 3.76366e+04 2.73012e-08 -5.79315e-04
 2.68270e+02 3.84054e+04 3.17819e-08 -2.68932e-04
 3.34048e+02 4.19158e+04 3.45749e-08 +2.42080e-04
 4.15956e+02 4.31626e+04 3.99095e-08 +3.60490e-03
 5.17947e+02 4.63445e+04 4.39465e-08 +3.83784e-03
 6.44947e+02 4.79288e+04 5.03847e-08 +8.91733e-03
 8.03086e+02 5.02533e+04 5.67081e-08 +1.05492e-02
 1.00000e+03 5.23412e+04 6.42523e-08 +1.42332e-02
