#n1=128 n2=4 Teff=14500 R=2.8982e+11 L=2.6419e+36 logg=+4.00
#      tau          T          rho         Fconv
  0.00000e+00  1.24986e+04  5.97091e-22 +0.00000e+00
  1.00000e-09  1.24986e+04  1.90002e-17 +0.00000e+00
  1.24520e-09  1.25072e+04  2.36492e-17 +0.00000e+00
  1.55052e-09  1.25172e+04  2.94326e-17 +0.00000e+00
  1.93070e-09  1.25295e+04  3.66237e-17 +0.00000e+00
  2.40410e-09  1.25446e+04  4.55615e-17 +0.00000e+00
  2.99358e-09  1.25634e+04  5.66643e-17 +0.00000e+00
  3.72759e-09  1.25864e+04  7.04490e-17 +0.00000e+00
  4.64159e-09  1.26145e+04  8.75525e-17 +0.00000e+00
  5.77969e-09  1.26484e+04  1.08759e-16 +0.00000e+00
  7.19686e-09  1.26889e+04  1.35032e-16 +0.00000e+00
  8.96151e-09  1.27368e+04  1.67557e-16 +0.00000e+00
  1.11588e-08  1.27929e+04  2.07785e-16 +0.00000e+00
  1.38950e-08  1.28578e+04  2.57497e-16 +0.00000e+00
  1.73020e-08  1.29324e+04  3.18872e-16 +0.00000e+00
  2.15443e-08  1.30173e+04  3.94576e-16 +0.00000e+00
  2.68270e-08  1.31127e+04  4.87879e-16 +0.00000e+00
  3.34048e-08  1.32188e+04  6.02782e-16 +0.00000e+00
  4.15956e-08  1.33355e+04  7.44201e-16 +0.00000e+00
  5.17947e-08  1.34622e+04  9.18184e-16 +0.00000e+00
  6.44947e-08  1.35978e+04  1.13220e-15 +0.00000e+00
  8.03086e-08  1.37406e+04  1.39551e-15 +0.00000e+00
  1.00000e-07  1.38888e+04  1.71955e-15 +0.00000e+00
  1.24520e-07  1.40406e+04  2.11855e-15 +0.00000e+00
  1.55052e-07  1.41943e+04  2.61009e-15 +0.00000e+00
  1.93070e-07  1.43487e+04  3.21590e-15 +0.00000e+00
  2.40410e-07  1.45031e+04  3.96279e-15 +0.00000e+00
  2.99358e-07  1.46570e+04  4.88389e-15 +0.00000e+00
  3.72759e-07  1.48096e+04  6.02029e-15 +0.00000e+00
  4.64159e-07  1.49603e+04  7.42285e-15 +0.00000e+00
  5.77969e-07  1.51093e+04  9.15419e-15 +0.00000e+00
  7.19686e-07  1.52577e+04  1.12910e-14 +0.00000e+00
  8.96151e-07  1.54081e+04  1.39260e-14 +0.00000e+00
  1.11588e-06  1.55642e+04  1.71714e-14 +0.00000e+00
  1.38950e-06  1.57289e+04  2.11636e-14 +0.00000e+00
  1.73020e-06  1.59032e+04  2.60709e-14 +0.00000e+00
  2.15443e-06  1.60863e+04  3.21023e-14 +0.00000e+00
  2.68270e-06  1.62756e+04  3.95188e-14 +0.00000e+00
  3.34048e-06  1.64671e+04  4.86484e-14 +0.00000e+00
  4.15956e-06  1.66549e+04  5.99075e-14 +0.00000e+00
  5.17947e-06  1.68324e+04  7.38248e-14 +0.00000e+00
  6.44947e-06  1.69890e+04  9.10940e-14 +0.00000e+00
  8.03086e-06  1.71043e+04  1.12678e-13 +0.00000e+00
  1.00000e-05  1.71359e+04  1.40056e-13 +0.00000e+00
  1.24520e-05  1.69852e+04  1.75940e-13 +0.00000e+00
  1.55052e-05  1.64861e+04  2.25687e-13 +0.00000e+00
  1.93070e-05  1.56478e+04  2.96021e-13 +0.00000e+00
  2.40410e-05  1.45805e+04  3.95356e-13 +0.00000e+00
  2.99358e-05  1.37101e+04  5.22740e-13 +0.00000e+00
  3.72759e-05  1.28463e+04  6.92783e-13 +0.00000e+00
  4.64159e-05  1.19995e+04  9.19437e-13 +0.00000e+00
  5.77969e-05  1.07786e+04  1.26629e-12 +0.00000e+00
  7.19686e-05  9.54725e+03  1.76040e-12 +0.00000e+00
  8.96151e-05  9.55226e+03  2.15041e-12 +0.00000e+00
  1.11588e-04  9.67707e+03  2.59394e-12 +0.00000e+00
  1.38950e-04  9.80332e+03  3.12493e-12 +0.00000e+00
  1.73020e-04  9.91811e+03  3.75575e-12 +0.00000e+00
  2.15443e-04  1.00224e+04  4.49943e-12 +0.00000e+00
  2.68270e-04  1.01181e+04  5.37230e-12 +0.00000e+00
  3.34048e-04  1.02069e+04  6.39421e-12 +0.00000e+00
  4.15956e-04  1.02903e+04  7.58738e-12 +0.00000e+00
  5.17947e-04  1.03696e+04  8.97534e-12 +0.00000e+00
  6.44947e-04  1.04460e+04  1.05841e-11 +0.00000e+00
  8.03086e-04  1.05201e+04  1.24402e-11 +0.00000e+00
  1.00000e-03  1.05927e+04  1.45735e-11 +0.00000e+00
  1.24520e-03  1.06639e+04  1.70196e-11 -2.54922e-07
  1.55052e-03  1.07340e+04  1.98143e-11 -3.17429e-07
  1.93070e-03  1.08035e+04  2.30000e-11 -3.95261e-07
  2.40410e-03  1.08730e+04  2.66239e-11 -4.92177e-07
  2.99358e-03  1.09430e+04  3.07396e-11 -6.12859e-07
  3.72759e-03  1.10139e+04  3.54040e-11 -7.63131e-07
  4.64159e-03  1.10857e+04  4.06835e-11 -9.50247e-07
  5.77969e-03  1.11582e+04  4.66529e-11 -1.18324e-06
  7.19686e-03  1.12315e+04  5.33956e-11 -1.47337e-06
  8.96151e-03  1.13058e+04  6.10044e-11 -1.83464e-06
  1.11588e-02  1.13815e+04  6.95823e-11 -2.28449e-06
  1.38950e-02  1.14593e+04  7.92425e-11 -2.84464e-06
  1.73020e-02  1.15400e+04  9.01118e-11 -3.54213e-06
  2.15443e-02  1.16245e+04  1.02331e-10 -4.41065e-06
  2.68270e-02  1.17137e+04  1.16059e-10 -5.49214e-06
  3.34048e-02  1.18087e+04  1.31473e-10 -6.83880e-06
  4.15956e-02  1.19108e+04  1.48769e-10 -8.51563e-06
  5.17947e-02  1.20215e+04  1.68167e-10 -1.06037e-05
  6.44947e-02  1.21425e+04  1.89912e-10 -1.32036e-05
  8.03086e-02  1.22755e+04  2.14282e-10 -1.64411e-05
  1.00000e-01  1.24226e+04  2.41589e-10 -2.04724e-05
  1.24520e-01  1.25857e+04  2.72188e-10 -2.54922e-05
  1.55052e-01  1.27672e+04  3.06481e-10 -3.17429e-05
  1.93070e-01  1.29694e+04  3.44923e-10 -3.95261e-05
  2.40410e-01  1.31949e+04  3.88030e-10 -4.92177e-05
  2.99358e-01  1.34465e+04  4.36375e-10 -6.12859e-05
  3.72759e-01  1.37265e+04  4.90617e-10 -7.63131e-05
  4.64159e-01  1.40377e+04  5.51455e-10 -9.50247e-05
  5.77969e-01  1.43822e+04  6.19668e-10 -1.18324e-04
  7.19686e-01  1.47599e+04  6.96169e-10 -1.47337e-04
  8.96151e-01  1.51678e+04  7.82061e-10 -1.83464e-04
  1.11588e+00  1.56015e+04  8.78721e-10 -2.28449e-04
  1.38950e+00  1.60576e+04  9.87758e-10 -2.84464e-04
  1.73020e+00  1.65376e+04  1.11089e-09 -3.54213e-04
  2.15443e+00  1.70455e+04  1.25011e-09 -4.41065e-04
  2.68270e+00  1.75836e+04  1.40798e-09 -5.49214e-04
  3.34048e+00  1.81519e+04  1.58755e-09 -6.14174e-04
  4.15956e+00  1.87486e+04  1.79220e-09 -6.14174e-04
  5.17947e+00  1.93806e+04  2.02486e-09 -6.14174e-04
  6.44947e+00  2.00377e+04  2.29032e-09 -6.14174e-04
  8.03086e+00  2.07424e+04  2.59053e-09 -6.14174e-04
  1.00000e+01  2.14823e+04  2.93184e-09 -6.14174e-04
  1.24520e+01  2.22748e+04  3.31780e-09 -6.14174e-04
  1.55052e+01  2.30835e+04  3.75886e-09 -6.14174e-04
  1.93070e+01  2.40337e+04  4.24572e-09 -6.14174e-04
  2.40410e+01  2.48386e+04  4.82890e-09 -6.14174e-04
  2.99358e+01  2.60348e+04  5.42886e-09 -6.14174e-04
  3.72759e+01  2.68618e+04  6.19538e-09 -6.14174e-04
  4.64159e+01  2.81729e+04  6.96132e-09 -6.14174e-04
  5.77969e+01  2.94972e+04  7.86478e-09 -6.14174e-04
  7.19686e+01  3.03271e+04  9.01446e-09 -6.14166e-04
  8.96151e+01  3.27555e+04  9.94768e-09 -6.14166e-04
  1.11588e+02  3.31718e+04  1.16134e-08 -6.14066e-04
  1.38950e+02  3.62716e+04  1.26482e-08 -6.13998e-04
  1.73020e+02  3.69548e+04  1.47260e-08 -6.11932e-04
  2.15443e+02  4.04178e+04  1.59626e-08 -6.07677e-04
  2.68270e+02  4.15384e+04  1.84484e-08 -5.63118e-04
  3.34048e+02  4.49320e+04  2.01622e-08 -5.85304e-04
  4.15956e+02  4.63672e+04  2.31997e-08 -5.07491e-04
  5.17947e+02  4.94096e+04  2.57981e-08 -5.64001e-04
  6.44947e+02  5.10530e+04  2.95953e-08 -4.45392e-04
  8.03086e+02  5.34147e+04  3.34120e-08 -3.34261e-04
  1.00000e+03  5.56067e+04  3.78835e-08 +4.64981e-05
