#n1=128 n2=4 Teff=14500 R=5.6376e+11 L=1.0020e+37 logg=+3.50
#      tau          T          rho         Fconv
  0.00000e+00  1.25618e+04  5.93172e-22 +0.00000e+00
  1.00000e-09  1.25618e+04  5.88760e-18 +0.00000e+00
  1.24520e-09  1.25745e+04  7.32697e-18 +0.00000e+00
  1.55052e-09  1.25885e+04  9.11731e-18 +0.00000e+00
  1.93070e-09  1.26046e+04  1.13431e-17 +0.00000e+00
  2.40410e-09  1.26235e+04  1.41094e-17 +0.00000e+00
  2.99358e-09  1.26456e+04  1.75457e-17 +0.00000e+00
  3.72759e-09  1.26716e+04  2.18125e-17 +0.00000e+00
  4.64159e-09  1.27021e+04  2.71073e-17 +0.00000e+00
  5.77969e-09  1.27378e+04  3.36736e-17 +0.00000e+00
  7.19686e-09  1.27796e+04  4.18111e-17 +0.00000e+00
  8.96151e-09  1.28283e+04  5.18878e-17 +0.00000e+00
  1.11588e-08  1.28847e+04  6.43552e-17 +0.00000e+00
  1.38950e-08  1.29497e+04  7.97669e-17 +0.00000e+00
  1.73020e-08  1.30240e+04  9.88008e-17 +0.00000e+00
  2.15443e-08  1.31083e+04  1.22287e-16 +0.00000e+00
  2.68270e-08  1.32032e+04  1.51241e-16 +0.00000e+00
  3.34048e-08  1.33088e+04  1.86911e-16 +0.00000e+00
  4.15956e-08  1.34250e+04  2.30823e-16 +0.00000e+00
  5.17947e-08  1.35515e+04  2.84858e-16 +0.00000e+00
  6.44947e-08  1.36872e+04  3.51335e-16 +0.00000e+00
  8.03086e-08  1.38307e+04  4.33128e-16 +0.00000e+00
  1.00000e-07  1.39799e+04  5.33800e-16 +0.00000e+00
  1.24520e-07  1.41327e+04  6.57785e-16 +0.00000e+00
  1.55052e-07  1.42867e+04  8.10593e-16 +0.00000e+00
  1.93070e-07  1.44402e+04  9.99051e-16 +0.00000e+00
  2.40410e-07  1.45925e+04  1.23158e-15 +0.00000e+00
  2.99358e-07  1.47432e+04  1.51856e-15 +0.00000e+00
  3.72759e-07  1.48927e+04  1.87277e-15 +0.00000e+00
  4.64159e-07  1.50412e+04  2.30999e-15 +0.00000e+00
  5.77969e-07  1.51893e+04  2.84966e-15 +0.00000e+00
  7.19686e-07  1.53382e+04  3.51556e-15 +0.00000e+00
  8.96151e-07  1.54904e+04  4.33661e-15 +0.00000e+00
  1.11588e-06  1.56489e+04  5.34776e-15 +0.00000e+00
  1.38950e-06  1.58164e+04  6.59160e-15 +0.00000e+00
  1.73020e-06  1.59941e+04  8.12052e-15 +0.00000e+00
  2.15443e-06  1.61809e+04  9.99976e-15 +0.00000e+00
  2.68270e-06  1.63740e+04  1.23107e-14 +0.00000e+00
  3.34048e-06  1.65695e+04  1.51557e-14 +0.00000e+00
  4.15956e-06  1.67612e+04  1.86650e-14 +0.00000e+00
  5.17947e-06  1.69422e+04  2.30043e-14 +0.00000e+00
  6.44947e-06  1.71014e+04  2.83917e-14 +0.00000e+00
  8.03086e-06  1.72181e+04  3.51302e-14 +0.00000e+00
  1.00000e-05  1.72493e+04  4.36849e-14 +0.00000e+00
  1.24520e-05  1.70967e+04  5.49067e-14 +0.00000e+00
  1.55052e-05  1.65958e+04  7.04648e-14 +0.00000e+00
  1.93070e-05  1.57509e+04  9.24947e-14 +0.00000e+00
  2.40410e-05  1.46655e+04  1.23773e-13 +0.00000e+00
  2.99358e-05  1.37921e+04  1.63932e-13 +0.00000e+00
  3.72759e-05  1.29334e+04  2.17662e-13 +0.00000e+00
  4.64159e-05  1.20733e+04  2.90178e-13 +0.00000e+00
  5.77969e-05  1.08231e+04  4.02540e-13 +0.00000e+00
  7.19686e-05  9.51247e+03  5.68764e-13 +0.00000e+00
  8.96151e-05  9.55464e+03  7.00844e-13 +0.00000e+00
  1.11588e-04  9.70399e+03  8.54102e-13 +0.00000e+00
  1.38950e-04  9.83834e+03  1.04385e-12 +0.00000e+00
  1.73020e-04  9.95732e+03  1.27949e-12 +0.00000e+00
  2.15443e-04  1.00648e+04  1.57067e-12 +0.00000e+00
  2.68270e-04  1.01635e+04  1.92614e-12 +0.00000e+00
  3.34048e-04  1.02553e+04  2.35285e-12 +0.00000e+00
  4.15956e-04  1.03414e+04  2.86032e-12 +0.00000e+00
  5.17947e-04  1.04232e+04  3.46240e-12 +0.00000e+00
  6.44947e-04  1.05019e+04  4.17505e-12 +0.00000e+00
  8.03086e-04  1.05783e+04  5.01580e-12 +0.00000e+00
  1.00000e-03  1.06530e+04  6.00378e-12 +0.00000e+00
  1.24520e-03  1.07262e+04  7.16043e-12 -2.54325e-07
  1.55052e-03  1.07983e+04  8.50837e-12 -3.16685e-07
  1.93070e-03  1.08698e+04  1.00725e-11 -3.94335e-07
  2.40410e-03  1.09411e+04  1.18812e-11 -4.91024e-07
  2.99358e-03  1.10129e+04  1.39644e-11 -6.11423e-07
  3.72759e-03  1.10854e+04  1.63574e-11 -7.61342e-07
  4.64159e-03  1.11586e+04  1.90977e-11 -9.48019e-07
  5.77969e-03  1.12325e+04  2.22282e-11 -1.18047e-06
  7.19686e-03  1.13071e+04  2.57965e-11 -1.46992e-06
  8.96151e-03  1.13826e+04  2.98557e-11 -1.83034e-06
  1.11588e-02  1.14595e+04  3.44631e-11 -2.27914e-06
  1.38950e-02  1.15383e+04  3.96831e-11 -2.83797e-06
  1.73020e-02  1.16198e+04  4.55872e-11 -3.53383e-06
  2.15443e-02  1.17051e+04  5.22552e-11 -4.40032e-06
  2.68270e-02  1.17950e+04  5.97758e-11 -5.47927e-06
  3.34048e-02  1.18906e+04  6.82489e-11 -6.82277e-06
  4.15956e-02  1.19931e+04  7.77852e-11 -8.49567e-06
  5.17947e-02  1.21043e+04  8.85078e-11 -1.05788e-05
  6.44947e-02  1.22256e+04  1.00555e-10 -1.31727e-05
  8.03086e-02  1.23589e+04  1.14082e-10 -1.64026e-05
  1.00000e-01  1.25064e+04  1.29263e-10 -2.04245e-05
  1.24520e-01  1.26699e+04  1.46294e-10 -2.54325e-05
  1.55052e-01  1.28519e+04  1.65396e-10 -3.16685e-05
  1.93070e-01  1.30548e+04  1.86816e-10 -3.94335e-05
  2.40410e-01  1.32811e+04  2.10828e-10 -4.91024e-05
  2.99358e-01  1.35338e+04  2.37731e-10 -6.11423e-05
  3.72759e-01  1.38152e+04  2.67860e-10 -7.61342e-05
  4.64159e-01  1.41282e+04  3.01562e-10 -9.48019e-05
  5.77969e-01  1.44748e+04  3.39227e-10 -1.18047e-04
  7.19686e-01  1.48548e+04  3.81346e-10 -1.46992e-04
  8.96151e-01  1.52657e+04  4.28584e-10 -1.83034e-04
  1.11588e+00  1.57031e+04  4.81843e-10 -2.27914e-04
  1.38950e+00  1.61640e+04  5.42200e-10 -2.83797e-04
  1.73020e+00  1.66501e+04  6.10749e-10 -3.53383e-04
  2.15443e+00  1.71657e+04  6.88665e-10 -4.40032e-04
  2.68270e+00  1.77131e+04  7.77328e-10 -5.47927e-04
  3.34048e+00  1.82926e+04  8.78343e-10 -6.12734e-04
  4.15956e+00  1.89027e+04  9.93499e-10 -6.12734e-04
  5.17947e+00  1.95505e+04  1.12439e-09 -6.12734e-04
  6.44947e+00  2.02258e+04  1.27365e-09 -6.12734e-04
  8.03086e+00  2.09507e+04  1.44246e-09 -6.12734e-04
  1.00000e+01  2.17121e+04  1.63440e-09 -6.12734e-04
  1.24520e+01  2.25269e+04  1.85154e-09 -6.12734e-04
  1.55052e+01  2.33557e+04  2.09990e-09 -6.12734e-04
  1.93070e+01  2.43253e+04  2.37434e-09 -6.12734e-04
  2.40410e+01  2.51481e+04  2.70286e-09 -6.12734e-04
  2.99358e+01  2.63549e+04  3.04212e-09 -6.12734e-04
  3.72759e+01  2.72060e+04  3.47291e-09 -6.12734e-04
  4.64159e+01  2.85137e+04  3.90798e-09 -6.12734e-04
  5.77969e+01  2.98638e+04  4.41572e-09 -6.12734e-04
  7.19686e+01  3.07149e+04  5.06270e-09 -6.12734e-04
  8.96151e+01  3.31237e+04  5.58950e-09 -6.12734e-04
  1.11588e+02  3.36123e+04  6.51510e-09 -6.12722e-04
  1.38950e+02  3.66905e+04  7.09002e-09 -6.12690e-04
  1.73020e+02  3.74517e+04  8.23526e-09 -6.12208e-04
  2.15443e+02  4.08930e+04  8.90797e-09 -6.11945e-04
  2.68270e+02  4.20905e+04  1.02723e-08 -6.08449e-04
  3.34048e+02  4.54756e+04  1.12607e-08 -6.11798e-04
  4.15956e+02  4.69640e+04  1.29619e-08 -6.09526e-04
  5.17947e+02  4.99835e+04  1.44691e-08 -6.11048e-04
  6.44947e+02  5.16785e+04  1.66057e-08 -6.05990e-04
  8.03086e+02  5.40464e+04  1.87823e-08 -5.98349e-04
  1.00000e+03  5.62630e+04  2.13141e-08 -5.70149e-04
