#n1=128 n2=4 Teff=14500 R=5.6383e+11 L=1.0020e+37 logg=+3.50
#   tau          T          rho         Fconv
 0.00000e+00 1.28359e+04 5.82736e-22 +0.00000e+00
 1.00000e-09 1.28359e+04 5.53400e-18 +0.00000e+00
 1.24520e-09 1.28380e+04 6.89258e-18 +0.00000e+00
 1.55052e-09 1.28402e+04 8.58475e-18 +0.00000e+00
 1.93070e-09 1.28422e+04 1.06924e-17 +0.00000e+00
 2.40410e-09 1.28443e+04 1.33177e-17 +0.00000e+00
 2.99358e-09 1.28462e+04 1.65876e-17 +0.00000e+00
 3.72759e-09 1.28481e+04 2.06605e-17 +0.00000e+00
 4.64159e-09 1.28500e+04 2.57336e-17 +0.00000e+00
 5.77969e-09 1.28519e+04 3.20523e-17 +0.00000e+00
 7.19686e-09 1.28539e+04 3.99225e-17 +0.00000e+00
 8.96151e-09 1.28561e+04 4.97243e-17 +0.00000e+00
 1.11588e-08 1.28586e+04 6.19310e-17 +0.00000e+00
 1.38950e-08 1.28618e+04 7.71304e-17 +0.00000e+00
 1.73020e-08 1.28661e+04 9.60526e-17 +0.00000e+00
 2.15443e-08 1.28718e+04 1.19603e-16 +0.00000e+00
 2.68270e-08 1.28796e+04 1.48905e-16 +0.00000e+00
 3.34048e-08 1.28901e+04 1.85347e-16 +0.00000e+00
 4.15956e-08 1.29039e+04 2.30648e-16 +0.00000e+00
 5.17947e-08 1.29219e+04 2.86932e-16 +0.00000e+00
 6.44947e-08 1.29447e+04 3.56818e-16 +0.00000e+00
 8.03086e-08 1.29731e+04 4.43539e-16 +0.00000e+00
 1.00000e-07 1.30079e+04 5.51071e-16 +0.00000e+00
 1.24520e-07 1.30498e+04 6.84305e-16 +0.00000e+00
 1.55052e-07 1.30999e+04 8.49244e-16 +0.00000e+00
 1.93070e-07 1.31589e+04 1.05325e-15 +0.00000e+00
 2.40410e-07 1.32278e+04 1.30531e-15 +0.00000e+00
 2.99358e-07 1.33076e+04 1.61645e-15 +0.00000e+00
 3.72759e-07 1.33991e+04 2.00010e-15 +0.00000e+00
 4.64159e-07 1.35033e+04 2.47264e-15 +0.00000e+00
 5.77969e-07 1.36208e+04 3.05409e-15 +0.00000e+00
 7.19686e-07 1.37517e+04 3.76895e-15 +0.00000e+00
 8.96151e-07 1.38960e+04 4.64721e-15 +0.00000e+00
 1.11588e-06 1.40528e+04 5.72579e-15 +0.00000e+00
 1.38950e-06 1.42205e+04 7.05042e-15 +0.00000e+00
 1.73020e-06 1.43961e+04 8.67815e-15 +0.00000e+00
 2.15443e-06 1.45759e+04 1.06805e-14 +0.00000e+00
 2.68270e-06 1.47556e+04 1.31473e-14 +0.00000e+00
 3.34048e-06 1.49302e+04 1.61921e-14 +0.00000e+00
 4.15956e-06 1.50953e+04 1.99578e-14 +0.00000e+00
 5.17947e-06 1.52462e+04 2.46254e-14 +0.00000e+00
 6.44947e-06 1.53759e+04 3.04299e-14 +0.00000e+00
 8.03086e-06 1.54705e+04 3.76912e-14 +0.00000e+00
 1.00000e-05 1.55003e+04 4.68844e-14 +0.00000e+00
 1.24520e-05 1.54063e+04 5.87968e-14 +0.00000e+00
 1.55052e-05 1.50841e+04 7.48794e-14 +0.00000e+00
 1.93070e-05 1.44189e+04 9.77480e-14 +0.00000e+00
 2.40410e-05 1.34312e+04 1.31126e-13 +0.00000e+00
 2.99358e-05 1.25775e+04 1.75298e-13 +0.00000e+00
 3.72759e-05 1.20086e+04 2.30291e-13 +0.00000e+00
 4.64159e-05 1.14966e+04 3.02491e-13 +0.00000e+00
 5.77969e-05 1.08861e+04 4.02214e-13 +0.00000e+00
 7.19686e-05 9.78113e+03 5.62447e-13 +0.00000e+00
 8.96151e-05 9.24867e+03 7.41047e-13 +0.00000e+00
 1.11588e-04 9.23878e+03 9.18246e-13 +0.00000e+00
 1.38950e-04 9.32572e+03 1.12122e-12 +0.00000e+00
 1.73020e-04 9.42251e+03 1.36306e-12 +0.00000e+00
 2.15443e-04 9.52054e+03 1.65175e-12 +0.00000e+00
 2.68270e-04 9.61741e+03 1.99601e-12 +0.00000e+00
 3.34048e-04 9.71187e+03 2.40594e-12 +0.00000e+00
 4.15956e-04 9.80321e+03 2.89322e-12 +0.00000e+00
 5.17947e-04 9.89101e+03 3.47102e-12 +0.00000e+00
 6.44947e-04 9.97498e+03 4.15409e-12 +0.00000e+00
 8.03086e-04 1.00549e+04 4.95898e-12 +0.00000e+00
 1.00000e-03 1.01308e+04 5.90385e-12 +0.00000e+00
 1.24520e-03 1.02026e+04 7.00902e-12 -2.54388e-07
 1.55052e-03 1.02709e+04 8.29586e-12 -3.16763e-07
 1.93070e-03 1.03359e+04 9.78785e-12 -3.94432e-07
 2.40410e-03 1.03987e+04 1.15119e-11 -4.91145e-07
 2.99358e-03 1.04599e+04 1.34958e-11 -6.11574e-07
 3.72759e-03 1.05206e+04 1.57724e-11 -7.61530e-07
 4.64159e-03 1.05813e+04 1.83754e-11 -9.48254e-07
 5.77969e-03 1.06429e+04 2.13436e-11 -1.18076e-06
 7.19686e-03 1.07060e+04 2.47198e-11 -1.47028e-06
 8.96151e-03 1.07711e+04 2.85523e-11 -1.83079e-06
 1.11588e-02 1.08389e+04 3.28932e-11 -2.27970e-06
 1.38950e-02 1.09101e+04 3.78016e-11 -2.83867e-06
 1.73020e-02 1.09857e+04 4.33435e-11 -3.53471e-06
 2.15443e-02 1.10664e+04 4.95925e-11 -4.40140e-06
 2.68270e-02 1.11534e+04 5.66310e-11 -5.48062e-06
 3.34048e-02 1.12475e+04 6.45515e-11 -6.82446e-06
 4.15956e-02 1.13501e+04 7.34578e-11 -8.49777e-06
 5.17947e-02 1.14624e+04 8.34660e-11 -1.05814e-05
 6.44947e-02 1.15859e+04 9.47070e-11 -1.31759e-05
 8.03086e-02 1.17224e+04 1.07328e-10 -1.64067e-05
 1.00000e-01 1.18732e+04 1.21502e-10 -2.04295e-05
 1.24520e-01 1.20401e+04 1.37419e-10 -2.54388e-05
 1.55052e-01 1.22253e+04 1.55297e-10 -3.16763e-05
 1.93070e-01 1.24307e+04 1.75386e-10 -3.94432e-05
 2.40410e-01 1.26586e+04 1.97968e-10 -4.91145e-05
 2.99358e-01 1.29115e+04 2.23360e-10 -6.11574e-05
 3.72759e-01 1.31918e+04 2.51915e-10 -7.61530e-05
 4.64159e-01 1.35021e+04 2.84015e-10 -9.48254e-05
 5.77969e-01 1.38449e+04 3.20074e-10 -1.18076e-04
 7.19686e-01 1.42205e+04 3.60557e-10 -1.47028e-04
 8.96151e-01 1.46271e+04 4.06014e-10 -1.83079e-04
 1.11588e+00 1.50605e+04 4.57138e-10 -2.27970e-04
 1.38950e+00 1.55167e+04 5.14790e-10 -2.83867e-04
 1.73020e+00 1.59957e+04 5.79961e-10 -3.53471e-04
 2.15443e+00 1.65000e+04 6.53822e-10 -4.40140e-04
 2.68270e+00 1.70308e+04 7.37818e-10 -5.48062e-04
 3.34048e+00 1.75875e+04 8.33626e-10 -6.12886e-04
 4.15956e+00 1.81678e+04 9.43070e-10 -6.12886e-04
 5.17947e+00 1.87776e+04 1.06774e-09 -6.12886e-04
 6.44947e+00 1.94069e+04 1.21015e-09 -6.12886e-04
 8.03086e+00 2.00774e+04 1.37135e-09 -6.12886e-04
 1.00000e+01 2.07776e+04 1.55470e-09 -6.12886e-04
 1.24520e+01 2.15258e+04 1.76199e-09 -6.12886e-04
 1.55052e+01 2.22862e+04 1.99885e-09 -6.12886e-04
 1.93070e+01 2.31902e+04 2.25969e-09 -6.12886e-04
 2.40410e+01 2.39421e+04 2.57295e-09 -6.12886e-04
 2.99358e+01 2.50988e+04 2.89300e-09 -6.12886e-04
 3.72759e+01 2.58715e+04 3.30512e-09 -6.12886e-04
 4.64159e+01 2.71333e+04 3.71513e-09 -6.12886e-04
 5.77969e+01 2.84220e+04 4.19848e-09 -6.12886e-04
 7.19686e+01 2.91448e+04 4.82606e-09 -6.12882e-04
 8.96151e+01 3.15633e+04 5.32660e-09 -6.12886e-04
 1.11588e+02 3.17884e+04 6.25021e-09 -6.12858e-04
 1.38950e+02 3.49003e+04 6.79412e-09 -6.12846e-04
 1.73020e+02 3.53192e+04 7.95600e-09 -6.12355e-04
 2.15443e+02 3.88065e+04 8.58959e-09 -6.11235e-04
 2.68270e+02 3.96850e+04 9.97357e-09 -5.97712e-04
 3.34048e+02 4.31581e+04 1.08335e-08 -6.04677e-04
 4.15956e+02 4.44483e+04 1.24935e-08 -5.79535e-04
 5.17947e+02 4.75527e+04 1.38471e-08 -6.00977e-04
 6.44947e+02 4.91138e+04 1.59105e-08 -5.72056e-04
 8.03086e+02 5.14380e+04 1.79689e-08 -5.48078e-04
 1.00000e+03 5.35816e+04 2.03876e-08 -4.56275e-04
