#n1=128 n2=4 Teff=14000 R=1.5725e+11 L=6.7662e+35 logg=+4.50
#   tau          T          rho         Fconv
 0.00000e+00 1.01063e+04 7.39465e-22 +0.00000e+00
 1.00000e-09 1.01063e+04 7.64583e-17 +0.00000e+00
 1.24520e-09 1.01021e+04 9.58106e-17 +0.00000e+00
 1.55052e-09 1.00974e+04 1.20045e-16 +0.00000e+00
 1.93070e-09 1.00918e+04 1.50381e-16 +0.00000e+00
 2.40410e-09 1.00851e+04 1.88344e-16 +0.00000e+00
 2.99358e-09 1.00767e+04 2.35840e-16 +0.00000e+00
 3.72759e-09 1.00662e+04 2.95262e-16 +0.00000e+00
 4.64159e-09 1.00528e+04 3.69614e-16 +0.00000e+00
 5.77969e-09 1.00357e+04 4.62680e-16 +0.00000e+00
 7.19686e-09 1.00138e+04 5.79246e-16 +0.00000e+00
 8.96151e-09 9.99241e+03 7.24920e-16 +0.00000e+00
 1.11588e-08 9.95780e+03 9.08104e-16 +0.00000e+00
 1.38950e-08 9.92822e+03 1.13658e-15 +0.00000e+00
 1.73020e-08 9.87574e+03 1.42556e-15 +0.00000e+00
 2.15443e-08 9.81205e+03 1.78966e-15 +0.00000e+00
 2.68270e-08 9.73835e+03 2.24867e-15 +0.00000e+00
 3.34048e-08 9.65829e+03 2.82687e-15 +0.00000e+00
 4.15956e-08 9.57724e+03 3.55372e-15 +0.00000e+00
 5.17947e-08 9.50035e+03 4.46513e-15 +0.00000e+00
 6.44947e-08 9.42791e+03 5.60722e-15 +0.00000e+00
 8.03086e-08 9.26959e+03 7.10554e-15 +0.00000e+00
 1.00000e-07 9.24804e+03 8.87357e-15 +0.00000e+00
 1.24520e-07 9.22956e+03 1.10773e-14 +0.00000e+00
 1.55052e-07 9.21181e+03 1.38264e-14 +0.00000e+00
 1.93070e-07 9.19363e+03 1.72578e-14 +0.00000e+00
 2.40410e-07 9.17416e+03 2.15426e-14 +0.00000e+00
 2.99358e-07 9.15261e+03 2.68956e-14 +0.00000e+00
 3.72759e-07 9.12843e+03 3.35863e-14 +0.00000e+00
 4.64159e-07 9.10146e+03 4.19513e-14 +0.00000e+00
 5.77969e-07 9.07223e+03 5.24087e-14 +0.00000e+00
 7.19686e-07 9.04197e+03 6.54745e-14 +0.00000e+00
 8.96151e-07 9.01242e+03 8.17817e-14 +0.00000e+00
 1.11588e-06 8.98531e+03 1.02107e-13 +0.00000e+00
 1.38950e-06 8.96191e+03 1.27402e-13 +0.00000e+00
 1.73020e-06 8.94294e+03 1.58840e-13 +0.00000e+00
 2.15443e-06 8.92861e+03 1.97858e-13 +0.00000e+00
 2.68270e-06 8.91885e+03 2.46217e-13 +0.00000e+00
 3.34048e-06 8.91346e+03 3.06064e-13 +0.00000e+00
 4.15956e-06 8.91219e+03 3.79996e-13 +0.00000e+00
 5.17947e-06 8.91471e+03 4.71131e-13 +0.00000e+00
 6.44947e-06 8.92077e+03 5.83155e-13 +0.00000e+00
 8.03086e-06 8.93005e+03 7.20360e-13 +0.00000e+00
 1.00000e-05 8.94221e+03 8.87652e-13 +0.00000e+00
 1.24520e-05 8.95685e+03 1.09054e-12 +0.00000e+00
 1.55052e-05 8.97356e+03 1.33508e-12 +0.00000e+00
 1.93070e-05 8.99193e+03 1.62790e-12 +0.00000e+00
 2.40410e-05 9.01157e+03 1.97626e-12 +0.00000e+00
 2.99358e-05 9.03214e+03 2.38820e-12 +0.00000e+00
 3.72759e-05 9.05339e+03 2.87275e-12 +0.00000e+00
 4.64159e-05 9.07523e+03 3.44015e-12 +0.00000e+00
 5.77969e-05 9.09769e+03 4.10208e-12 +0.00000e+00
 7.19686e-05 9.12093e+03 4.87196e-12 +0.00000e+00
 8.96151e-05 9.14513e+03 5.76535e-12 +0.00000e+00
 1.11588e-04 9.17054e+03 6.80032e-12 +0.00000e+00
 1.38950e-04 9.19743e+03 7.99755e-12 +0.00000e+00
 1.73020e-04 9.22602e+03 9.38105e-12 +0.00000e+00
 2.15443e-04 9.25645e+03 1.09770e-11 +0.00000e+00
 2.68270e-04 9.28873e+03 1.28142e-11 +0.00000e+00
 3.34048e-04 9.32284e+03 1.49264e-11 +0.00000e+00
 4.15956e-04 9.35861e+03 1.73449e-11 +0.00000e+00
 5.17947e-04 9.39584e+03 2.01070e-11 +0.00000e+00
 6.44947e-04 9.43429e+03 2.32569e-11 +0.00000e+00
 8.03086e-04 9.47378e+03 2.68487e-11 +0.00000e+00
 1.00000e-03 9.51416e+03 3.09375e-11 +0.00000e+00
 1.24520e-03 9.55526e+03 3.55872e-11 -2.54650e-07
 1.55052e-03 9.59704e+03 4.08733e-11 -3.17090e-07
 1.93070e-03 9.63947e+03 4.68765e-11 -3.94839e-07
 2.40410e-03 9.68263e+03 5.36864e-11 -4.91651e-07
 2.99358e-03 9.72670e+03 6.14017e-11 -6.12203e-07
 3.72759e-03 9.77202e+03 7.01366e-11 -7.62317e-07
 4.64159e-03 9.81902e+03 8.00095e-11 -9.49235e-07
 5.77969e-03 9.86828e+03 9.11505e-11 -1.18198e-06
 7.19686e-03 9.92052e+03 1.03695e-10 -1.47180e-06
 8.96151e-03 9.97665e+03 1.17798e-10 -1.83268e-06
 1.11588e-02 1.00376e+04 1.33607e-10 -2.28205e-06
 1.38950e-02 1.01046e+04 1.51281e-10 -2.84160e-06
 1.73020e-02 1.01786e+04 1.70982e-10 -3.53836e-06
 2.15443e-02 1.02609e+04 1.92876e-10 -4.40595e-06
 2.68270e-02 1.03528e+04 2.17138e-10 -5.48630e-06
 3.34048e-02 1.04555e+04 2.43965e-10 -6.83147e-06
 4.15956e-02 1.05703e+04 2.73574e-10 -8.50658e-06
 5.17947e-02 1.06984e+04 3.06223e-10 -1.05923e-05
 6.44947e-02 1.08411e+04 3.42229e-10 -1.31896e-05
 8.03086e-02 1.09996e+04 3.81988e-10 -1.64236e-05
 1.00000e-01 1.11751e+04 4.25993e-10 -2.04506e-05
 1.24520e-01 1.13687e+04 4.74860e-10 -2.54650e-05
 1.55052e-01 1.15816e+04 5.29337e-10 -3.17090e-05
 1.93070e-01 1.18149e+04 5.90321e-10 -3.94839e-05
 2.40410e-01 1.20698e+04 6.58865e-10 -4.91651e-05
 2.99358e-01 1.23472e+04 7.36193e-10 -6.12203e-05
 3.72759e-01 1.26482e+04 8.23700e-10 -7.62317e-05
 4.64159e-01 1.29739e+04 9.22959e-10 -9.49235e-05
 5.77969e-01 1.33253e+04 1.03572e-09 -1.18198e-04
 7.19686e-01 1.37029e+04 1.16392e-09 -1.47180e-04
 8.96151e-01 1.41074e+04 1.30964e-09 -1.83268e-04
 1.11588e+00 1.45382e+04 1.47512e-09 -2.28205e-04
 1.38950e+00 1.49931e+04 1.66283e-09 -2.84160e-04
 1.73020e+00 1.54685e+04 1.87535e-09 -3.53836e-04
 2.15443e+00 1.59635e+04 2.11519e-09 -4.40595e-04
 2.68270e+00 1.64805e+04 2.38500e-09 -5.48630e-04
 3.34048e+00 1.70212e+04 2.68855e-09 -6.13517e-04
 4.15956e+00 1.75853e+04 3.03127e-09 -6.13517e-04
 5.17947e+00 1.81761e+04 3.41922e-09 -6.13517e-04
 6.44947e+00 1.87832e+04 3.86181e-09 -6.13517e-04
 8.03086e+00 1.94259e+04 4.36300e-09 -6.13517e-04
 1.00000e+01 2.00932e+04 4.93407e-09 -6.13517e-04
 1.24520e+01 2.08030e+04 5.58056e-09 -6.13517e-04
 1.55052e+01 2.15298e+04 6.31871e-09 -6.13517e-04
 1.93070e+01 2.23691e+04 7.13582e-09 -6.13517e-04
 2.40410e+01 2.31003e+04 8.10632e-09 -6.13517e-04
 2.99358e+01 2.41751e+04 9.11273e-09 -6.13517e-04
 3.72759e+01 2.48852e+04 1.04034e-08 -6.13507e-04
 4.64159e+01 2.61181e+04 1.16687e-08 -6.13503e-04
 5.77969e+01 2.72201e+04 1.32177e-08 -6.13466e-04
 7.19686e+01 2.79890e+04 1.51255e-08 -6.13209e-04
 8.96151e+01 3.01195e+04 1.67411e-08 -6.13278e-04
 1.11588e+02 3.03828e+04 1.95724e-08 -6.09888e-04
 1.38950e+02 3.30883e+04 2.13825e-08 -6.11505e-04
 1.73020e+02 3.36485e+04 2.48807e-08 -5.91399e-04
 2.15443e+02 3.65717e+04 2.72596e-08 -5.86421e-04
 2.68270e+02 3.74547e+04 3.15926e-08 -3.65885e-04
 3.34048e+02 4.10068e+04 3.44533e-08 +1.94860e-05
 4.15956e+02 4.15986e+04 4.03688e-08 +3.89290e-03
 5.17947e+02 4.58260e+04 4.33705e-08 +2.98858e-03
 6.44947e+02 4.68812e+04 5.04196e-08 +1.07189e-02
 8.03086e+02 4.98312e+04 5.59940e-08 +8.91012e-03
 1.00000e+03 5.19443e+04 6.36206e-08 +1.23876e-02
