#n1=128 n2=4 Teff=14000 R=8.6151e+12 L=2.0288e+39 logg=+1.50
#   tau          T          rho         Fconv
 0.00000e+00 8.40121e+03 8.91537e-22 +0.00000e+00
 1.00000e-09 8.40121e+03 7.17742e-20 +0.00000e+00
 1.24520e-09 8.40574e+03 8.92853e-20 +0.00000e+00
 1.55052e-09 8.41034e+03 1.11121e-19 +0.00000e+00
 1.93070e-09 8.41523e+03 1.38347e-19 +0.00000e+00
 2.40410e-09 8.42045e+03 1.72291e-19 +0.00000e+00
 2.99358e-09 8.42606e+03 2.14609e-19 +0.00000e+00
 3.72759e-09 8.43213e+03 2.67361e-19 +0.00000e+00
 4.64159e-09 8.43871e+03 3.33117e-19 +0.00000e+00
 5.77969e-09 8.44588e+03 4.15075e-19 +0.00000e+00
 7.19686e-09 8.45370e+03 5.17217e-19 +0.00000e+00
 8.96151e-09 8.46224e+03 6.44504e-19 +0.00000e+00
 1.11588e-08 8.47157e+03 8.03110e-19 +0.00000e+00
 1.38950e-08 8.48173e+03 1.00073e-18 +0.00000e+00
 1.73020e-08 8.49278e+03 1.24693e-18 +0.00000e+00
 2.15443e-08 8.50475e+03 1.55364e-18 +0.00000e+00
 2.68270e-08 8.51765e+03 1.93572e-18 +0.00000e+00
 3.34048e-08 8.53151e+03 2.41166e-18 +0.00000e+00
 4.15956e-08 8.54630e+03 3.00454e-18 +0.00000e+00
 5.17947e-08 8.56200e+03 3.74309e-18 +0.00000e+00
 6.44947e-08 8.57858e+03 4.66316e-18 +0.00000e+00
 8.03086e-08 8.59599e+03 5.80947e-18 +0.00000e+00
 1.00000e-07 8.61416e+03 7.23779e-18 +0.00000e+00
 1.24520e-07 8.63307e+03 9.01773e-18 +0.00000e+00
 1.55052e-07 8.65265e+03 1.12362e-17 +0.00000e+00
 1.93070e-07 8.67288e+03 1.40015e-17 +0.00000e+00
 2.40410e-07 8.69378e+03 1.74489e-17 +0.00000e+00
 2.99358e-07 8.71536e+03 2.17471e-17 +0.00000e+00
 3.72759e-07 8.73773e+03 2.71061e-17 +0.00000e+00
 4.64159e-07 8.76103e+03 3.37883e-17 +0.00000e+00
 5.77969e-07 8.78543e+03 4.21199e-17 +0.00000e+00
 7.19686e-07 8.81118e+03 5.25067e-17 +0.00000e+00
 8.96151e-07 8.83853e+03 6.54529e-17 +0.00000e+00
 1.11588e-06 8.86773e+03 8.15845e-17 +0.00000e+00
 1.38950e-06 8.89898e+03 1.01675e-16 +0.00000e+00
 1.73020e-06 8.93242e+03 1.26684e-16 +0.00000e+00
 2.15443e-06 8.96808e+03 1.57799e-16 +0.00000e+00
 2.68270e-06 9.00584e+03 1.96495e-16 +0.00000e+00
 3.34048e-06 9.04542e+03 2.44606e-16 +0.00000e+00
 4.15956e-06 9.08635e+03 3.04418e-16 +0.00000e+00
 5.17947e-06 9.12795e+03 3.78792e-16 +0.00000e+00
 6.44947e-06 9.16932e+03 4.71314e-16 +0.00000e+00
 8.03086e-06 9.20959e+03 5.86487e-16 +0.00000e+00
 1.00000e-05 9.24785e+03 7.29980e-16 +0.00000e+00
 1.24520e-05 9.28344e+03 9.08931e-16 +0.00000e+00
 1.55052e-05 9.31604e+03 1.13232e-15 +0.00000e+00
 1.93070e-05 9.34599e+03 1.41139e-15 +0.00000e+00
 2.40410e-05 9.37422e+03 1.76019e-15 +0.00000e+00
 2.99358e-05 9.40198e+03 2.19616e-15 +0.00000e+00
 3.72759e-05 9.43049e+03 2.74100e-15 +0.00000e+00
 4.64159e-05 9.46055e+03 3.42164e-15 +0.00000e+00
 5.77969e-05 9.49246e+03 4.27155e-15 +0.00000e+00
 7.19686e-05 9.52615e+03 5.33226e-15 +0.00000e+00
 8.96151e-05 9.56150e+03 6.65507e-15 +0.00000e+00
 1.11588e-04 9.59849e+03 8.30340e-15 +0.00000e+00
 1.38950e-04 9.63735e+03 1.03564e-14 +0.00000e+00
 1.73020e-04 9.67850e+03 1.29119e-14 +0.00000e+00
 2.15443e-04 9.72253e+03 1.60900e-14 +0.00000e+00
 2.68270e-04 9.77005e+03 2.00390e-14 +0.00000e+00
 3.34048e-04 9.82157e+03 2.49407e-14 +0.00000e+00
 4.15956e-04 9.87769e+03 3.10185e-14 +0.00000e+00
 5.17947e-04 9.93755e+03 3.85507e-14 +0.00000e+00
 6.44947e-04 1.00014e+04 4.78758e-14 +0.00000e+00
 8.03086e-04 1.00689e+04 5.94117e-14 +0.00000e+00
 1.00000e-03 1.01393e+04 7.36737e-14 +0.00000e+00
 1.24520e-03 1.02116e+04 9.12986e-14 -2.54911e-07
 1.55052e-03 1.02845e+04 1.13075e-13 -3.17415e-07
 1.93070e-03 1.03572e+04 1.39971e-13 -3.95244e-07
 2.40410e-03 1.04287e+04 1.73181e-13 -4.92155e-07
 2.99358e-03 1.04987e+04 2.14167e-13 -6.12831e-07
 3.72759e-03 1.05674e+04 2.64711e-13 -7.63098e-07
 4.64159e-03 1.06356e+04 3.26968e-13 -9.50208e-07
 5.77969e-03 1.07041e+04 4.03533e-13 -1.18319e-06
 7.19686e-03 1.07743e+04 4.97520e-13 -1.47331e-06
 8.96151e-03 1.08469e+04 6.12659e-13 -1.83456e-06
 1.11588e-02 1.09227e+04 7.53416e-13 -2.28439e-06
 1.38950e-02 1.10020e+04 9.25114e-13 -2.84451e-06
 1.73020e-02 1.10855e+04 1.13404e-12 -3.54198e-06
 2.15443e-02 1.11732e+04 1.38764e-12 -4.41047e-06
 2.68270e-02 1.12662e+04 1.69449e-12 -5.49192e-06
 3.34048e-02 1.13654e+04 2.06448e-12 -6.83848e-06
 4.15956e-02 1.14721e+04 2.50892e-12 -8.51530e-06
 5.17947e-02 1.15876e+04 3.04053e-12 -1.06032e-05
 6.44947e-02 1.17135e+04 3.67363e-12 -1.32031e-05
 8.03086e-02 1.18518e+04 4.42399e-12 -1.64404e-05
 1.00000e-01 1.20042e+04 5.30887e-12 -2.04716e-05
 1.24520e-01 1.21731e+04 6.34701e-12 -2.54911e-05
 1.55052e-01 1.23605e+04 7.55831e-12 -3.17415e-05
 1.93070e-01 1.25689e+04 8.96389e-12 -3.95244e-05
 2.40410e-01 1.28010e+04 1.05860e-11 -4.92155e-05
 2.99358e-01 1.30594e+04 1.24487e-11 -6.12831e-05
 3.72759e-01 1.33471e+04 1.45795e-11 -7.63098e-05
 4.64159e-01 1.36672e+04 1.70115e-11 -9.50208e-05
 5.77969e-01 1.40231e+04 1.97871e-11 -1.18319e-04
 7.19686e-01 1.44181e+04 2.29593e-11 -1.47331e-04
 8.96151e-01 1.48552e+04 2.65928e-11 -1.83456e-04
 1.11588e+00 1.53363e+04 3.07637e-11 -2.28439e-04
 1.38950e+00 1.58609e+04 3.55622e-11 -2.84451e-04
 1.73020e+00 1.64269e+04 4.10917e-11 -3.54198e-04
 2.15443e+00 1.70356e+04 4.74595e-11 -4.41047e-04
 2.68270e+00 1.76918e+04 5.47792e-11 -5.49192e-04
 3.34048e+00 1.83973e+04 6.31895e-11 -6.14146e-04
 4.15956e+00 1.91495e+04 7.28627e-11 -6.14146e-04
 5.17947e+00 1.99509e+04 8.39795e-11 -6.14146e-04
 6.44947e+00 2.07833e+04 9.68210e-11 -6.14146e-04
 8.03086e+00 2.16654e+04 1.11550e-10 -6.14146e-04
 1.00000e+01 2.25795e+04 1.28523e-10 -6.14146e-04
 1.24520e+01 2.35472e+04 1.47942e-10 -6.14146e-04
 1.55052e+01 2.45344e+04 1.70335e-10 -6.14146e-04
 1.93070e+01 2.56549e+04 1.95428e-10 -6.14146e-04
 2.40410e+01 2.66824e+04 2.25159e-10 -6.14146e-04
 2.99358e+01 2.80501e+04 2.56795e-10 -6.14146e-04
 3.72759e+01 2.91635e+04 2.95744e-10 -6.14146e-04
 4.64159e+01 3.06822e+04 3.36161e-10 -6.14146e-04
 5.77969e+01 3.22426e+04 3.82180e-10 -6.14146e-04
 7.19686e+01 3.35590e+04 4.37276e-10 -6.14146e-04
 8.96151e+01 3.58540e+04 4.85890e-10 -6.14146e-04
 1.11588e+02 3.70503e+04 5.60382e-10 -6.14146e-04
 1.38950e+02 3.97221e+04 6.23036e-10 -6.14146e-04
 1.73020e+02 4.11301e+04 7.19651e-10 -6.14146e-04
 2.15443e+02 4.39033e+04 8.08106e-10 -6.14146e-04
 2.68270e+02 4.53988e+04 9.35584e-10 -6.14146e-04
 3.34048e+02 4.84456e+04 1.05246e-09 -6.14146e-04
 4.15956e+02 4.97280e+04 1.22558e-09 -6.14146e-04
 5.17947e+02 5.29866e+04 1.37680e-09 -6.14146e-04
 6.44947e+02 5.44764e+04 1.59750e-09 -6.14146e-04
 8.03086e+02 5.71218e+04 1.81350e-09 -6.14146e-04
 1.00000e+03 5.94066e+04 2.07428e-09 -6.14146e-04
