#n1=128 n2=4 Teff=14000 R=3.9488e+12 L=4.2758e+38 logg=+2.00
#   tau          T          rho         Fconv
 0.00000e+00 8.57954e+03 8.73003e-22 +0.00000e+00
 1.00000e-09 8.57954e+03 2.36911e-19 +0.00000e+00
 1.24520e-09 8.58317e+03 2.95082e-19 +0.00000e+00
 1.55052e-09 8.58700e+03 3.67586e-19 +0.00000e+00
 1.93070e-09 8.59108e+03 4.57951e-19 +0.00000e+00
 2.40410e-09 8.59546e+03 5.70577e-19 +0.00000e+00
 2.99358e-09 8.60020e+03 7.10944e-19 +0.00000e+00
 3.72759e-09 8.60533e+03 8.85885e-19 +0.00000e+00
 4.64159e-09 8.61090e+03 1.10391e-18 +0.00000e+00
 5.77969e-09 8.61696e+03 1.37565e-18 +0.00000e+00
 7.19686e-09 8.62355e+03 1.71433e-18 +0.00000e+00
 8.96151e-09 8.63069e+03 2.13647e-18 +0.00000e+00
 1.11588e-08 8.63843e+03 2.66266e-18 +0.00000e+00
 1.38950e-08 8.64676e+03 3.31865e-18 +0.00000e+00
 1.73020e-08 8.65569e+03 4.13655e-18 +0.00000e+00
 2.15443e-08 8.66520e+03 5.15653e-18 +0.00000e+00
 2.68270e-08 8.67526e+03 6.42882e-18 +0.00000e+00
 3.34048e-08 8.68582e+03 8.01626e-18 +0.00000e+00
 4.15956e-08 8.69682e+03 9.99748e-18 +0.00000e+00
 5.17947e-08 8.70819e+03 1.24710e-17 +0.00000e+00
 6.44947e-08 8.71986e+03 1.55599e-17 +0.00000e+00
 8.03086e-08 8.73177e+03 1.94184e-17 +0.00000e+00
 1.00000e-07 8.74389e+03 2.42390e-17 +0.00000e+00
 1.24520e-07 8.75620e+03 3.02627e-17 +0.00000e+00
 1.55052e-07 8.76874e+03 3.77907e-17 +0.00000e+00
 1.93070e-07 8.78162e+03 4.71995e-17 +0.00000e+00
 2.40410e-07 8.79499e+03 5.89581e-17 +0.00000e+00
 2.99358e-07 8.80907e+03 7.36507e-17 +0.00000e+00
 3.72759e-07 8.82414e+03 9.20043e-17 +0.00000e+00
 4.64159e-07 8.84051e+03 1.14923e-16 +0.00000e+00
 5.77969e-07 8.85846e+03 1.43528e-16 +0.00000e+00
 7.19686e-07 8.87829e+03 1.79202e-16 +0.00000e+00
 8.96151e-07 8.90021e+03 2.23659e-16 +0.00000e+00
 1.11588e-06 8.92438e+03 2.79022e-16 +0.00000e+00
 1.38950e-06 8.95085e+03 3.47920e-16 +0.00000e+00
 1.73020e-06 8.97958e+03 4.33619e-16 +0.00000e+00
 2.15443e-06 9.01039e+03 5.40166e-16 +0.00000e+00
 2.68270e-06 9.04295e+03 6.72602e-16 +0.00000e+00
 3.34048e-06 9.07682e+03 8.37201e-16 +0.00000e+00
 4.15956e-06 9.11137e+03 1.04180e-15 +0.00000e+00
 5.17947e-06 9.14581e+03 1.29620e-15 +0.00000e+00
 6.44947e-06 9.17935e+03 1.61271e-15 +0.00000e+00
 8.03086e-06 9.21124e+03 2.00674e-15 +0.00000e+00
 1.00000e-05 9.24089e+03 2.49776e-15 +0.00000e+00
 1.24520e-05 9.26818e+03 3.11001e-15 +0.00000e+00
 1.55052e-05 9.29353e+03 3.87389e-15 +0.00000e+00
 1.93070e-05 9.31783e+03 4.82707e-15 +0.00000e+00
 2.40410e-05 9.34217e+03 6.01633e-15 +0.00000e+00
 2.99358e-05 9.36747e+03 7.49978e-15 +0.00000e+00
 3.72759e-05 9.39420e+03 9.34966e-15 +0.00000e+00
 4.64159e-05 9.42245e+03 1.16559e-14 +0.00000e+00
 5.77969e-05 9.45213e+03 1.45293e-14 +0.00000e+00
 7.19686e-05 9.48322e+03 1.81056e-14 +0.00000e+00
 8.96151e-05 9.51595e+03 2.25533e-14 +0.00000e+00
 1.11588e-04 9.55081e+03 2.80810e-14 +0.00000e+00
 1.38950e-04 9.58847e+03 3.49448e-14 +0.00000e+00
 1.73020e-04 9.62957e+03 4.34592e-14 +0.00000e+00
 2.15443e-04 9.67466e+03 5.40094e-14 +0.00000e+00
 2.68270e-04 9.72416e+03 6.70669e-14 +0.00000e+00
 3.34048e-04 9.77833e+03 8.32080e-14 +0.00000e+00
 4.15956e-04 9.83817e+03 1.03127e-13 +0.00000e+00
 5.17947e-04 9.90103e+03 1.27707e-13 +0.00000e+00
 6.44947e-04 9.96774e+03 1.57990e-13 +0.00000e+00
 8.03086e-04 1.00376e+04 1.95257e-13 +0.00000e+00
 1.00000e-03 1.01098e+04 2.41079e-13 +0.00000e+00
 1.24520e-03 1.01832e+04 2.97373e-13 -2.54110e-07
 1.55052e-03 1.02564e+04 3.66496e-13 -3.16417e-07
 1.93070e-03 1.03290e+04 4.51271e-13 -3.94002e-07
 2.40410e-03 1.04004e+04 5.55135e-13 -4.90608e-07
 2.99358e-03 1.04703e+04 6.82193e-13 -6.10904e-07
 3.72759e-03 1.05393e+04 8.37319e-13 -7.60700e-07
 4.64159e-03 1.06081e+04 1.02626e-12 -9.47221e-07
 5.77969e-03 1.06775e+04 1.25577e-12 -1.17947e-06
 7.19686e-03 1.07485e+04 1.53374e-12 -1.46868e-06
 8.96151e-03 1.08219e+04 1.86938e-12 -1.82879e-06
 1.11588e-02 1.08980e+04 2.27333e-12 -2.27721e-06
 1.38950e-02 1.09772e+04 2.75780e-12 -2.83557e-06
 1.73020e-02 1.10602e+04 3.33658e-12 -3.53085e-06
 2.15443e-02 1.11470e+04 4.02535e-12 -4.39660e-06
 2.68270e-02 1.12390e+04 4.84138e-12 -5.47466e-06
 3.34048e-02 1.13371e+04 5.80385e-12 -6.81698e-06
 4.15956e-02 1.14428e+04 6.93372e-12 -8.48853e-06
 5.17947e-02 1.15574e+04 8.25427e-12 -1.05699e-05
 6.44947e-02 1.16827e+04 9.79065e-12 -1.31616e-05
 8.03086e-02 1.18204e+04 1.15704e-11 -1.63887e-05
 1.00000e-01 1.19723e+04 1.36234e-11 -2.04072e-05
 1.24520e-01 1.21404e+04 1.59822e-11 -2.54110e-05
 1.55052e-01 1.23267e+04 1.86817e-11 -3.16417e-05
 1.93070e-01 1.25332e+04 2.17593e-11 -3.94002e-05
 2.40410e-01 1.27622e+04 2.52548e-11 -4.90608e-05
 2.99358e-01 1.30160e+04 2.92104e-11 -6.10904e-05
 3.72759e-01 1.32967e+04 3.36717e-11 -7.60700e-05
 4.64159e-01 1.36068e+04 3.86909e-11 -9.47221e-05
 5.77969e-01 1.39486e+04 4.43334e-11 -1.17947e-04
 7.19686e-01 1.43244e+04 5.06877e-11 -1.46868e-04
 8.96151e-01 1.47360e+04 5.78734e-11 -1.82879e-04
 1.11588e+00 1.51838e+04 6.60447e-11 -2.27721e-04
 1.38950e+00 1.56659e+04 7.53895e-11 -2.83557e-04
 1.73020e+00 1.61788e+04 8.61171e-11 -3.53085e-04
 2.15443e+00 1.67231e+04 9.84307e-11 -4.39660e-04
 2.68270e+00 1.73032e+04 1.12534e-10 -5.47466e-04
 3.34048e+00 1.79218e+04 1.28668e-10 -6.12215e-04
 4.15956e+00 1.85784e+04 1.47131e-10 -6.12215e-04
 5.17947e+00 1.92777e+04 1.68221e-10 -6.12215e-04
 6.44947e+00 2.00042e+04 1.92427e-10 -6.12215e-04
 8.03086e+00 2.07789e+04 2.19992e-10 -6.12215e-04
 1.00000e+01 2.15839e+04 2.51562e-10 -6.12215e-04
 1.24520e+01 2.24370e+04 2.87498e-10 -6.12215e-04
 1.55052e+01 2.33035e+04 3.28768e-10 -6.12215e-04
 1.93070e+01 2.42884e+04 3.74850e-10 -6.12215e-04
 2.40410e+01 2.51617e+04 4.29518e-10 -6.12215e-04
 2.99358e+01 2.63713e+04 4.87145e-10 -6.12215e-04
 3.72759e+01 2.72619e+04 5.59368e-10 -6.12215e-04
 4.64159e+01 2.86060e+04 6.33028e-10 -6.12215e-04
 5.77969e+01 2.99092e+04 7.20115e-10 -6.12215e-04
 7.19686e+01 3.09189e+04 8.26057e-10 -6.12215e-04
 8.96151e+01 3.30914e+04 9.18098e-10 -6.12215e-04
 1.11588e+02 3.38392e+04 1.06534e-09 -6.12215e-04
 1.38950e+02 3.65112e+04 1.16562e-09 -6.12215e-04
 1.73020e+02 3.75825e+04 1.34288e-09 -6.12215e-04
 2.15443e+02 4.04729e+04 1.47633e-09 -6.12215e-04
 2.68270e+02 4.17946e+04 1.70094e-09 -6.12215e-04
 3.34048e+02 4.50929e+04 1.88484e-09 -6.12215e-04
 4.15956e+02 4.61555e+04 2.19562e-09 -6.12215e-04
 5.17947e+02 4.97922e+04 2.43522e-09 -6.12215e-04
 6.44947e+02 5.11158e+04 2.82872e-09 -6.12215e-04
 8.03086e+02 5.38708e+04 3.19309e-09 -6.12215e-04
 1.00000e+03 5.60645e+04 3.64807e-09 -6.12201e-04
