#n1=128 n2=4 Teff=15000 R=1.9936e+12 L=1.4321e+38 logg=+2.50
#   tau          T          rho         Fconv
 0.00000e+00 1.14729e+04 6.51226e-22 +0.00000e+00
 1.00000e-09 1.14729e+04 5.81232e-19 +0.00000e+00
 1.24520e-09 1.14574e+04 7.25400e-19 +0.00000e+00
 1.55052e-09 1.14375e+04 9.05722e-19 +0.00000e+00
 1.93070e-09 1.14120e+04 1.13148e-18 +0.00000e+00
 2.40410e-09 1.13798e+04 1.41440e-18 +0.00000e+00
 2.99358e-09 1.13405e+04 1.76926e-18 +0.00000e+00
 3.72759e-09 1.12949e+04 2.21447e-18 +0.00000e+00
 4.64159e-09 1.12464e+04 2.77259e-18 +0.00000e+00
 5.77969e-09 1.11999e+04 3.47090e-18 +0.00000e+00
 7.19686e-09 1.11610e+04 4.34241e-18 +0.00000e+00
 8.96151e-09 1.11310e+04 5.42868e-18 +0.00000e+00
 1.11588e-08 1.11090e+04 6.78217e-18 +0.00000e+00
 1.38950e-08 1.10932e+04 8.46894e-18 +0.00000e+00
 1.73020e-08 1.10820e+04 1.05716e-17 +0.00000e+00
 2.15443e-08 1.10742e+04 1.31935e-17 +0.00000e+00
 2.68270e-08 1.10689e+04 1.64636e-17 +0.00000e+00
 3.34048e-08 1.10655e+04 2.05432e-17 +0.00000e+00
 4.15956e-08 1.10635e+04 2.56339e-17 +0.00000e+00
 5.17947e-08 1.10627e+04 3.19880e-17 +0.00000e+00
 6.44947e-08 1.10627e+04 3.99214e-17 +0.00000e+00
 8.03086e-08 1.10634e+04 4.98294e-17 +0.00000e+00
 1.00000e-07 1.10645e+04 6.22066e-17 +0.00000e+00
 1.24520e-07 1.10661e+04 7.76728e-17 +0.00000e+00
 1.55052e-07 1.10679e+04 9.70033e-17 +0.00000e+00
 1.93070e-07 1.10700e+04 1.21169e-16 +0.00000e+00
 2.40410e-07 1.10723e+04 1.51385e-16 +0.00000e+00
 2.99358e-07 1.10748e+04 1.89173e-16 +0.00000e+00
 3.72759e-07 1.10776e+04 2.36433e-16 +0.00000e+00
 4.64159e-07 1.10805e+04 2.95541e-16 +0.00000e+00
 5.77969e-07 1.10837e+04 3.69458e-16 +0.00000e+00
 7.19686e-07 1.10871e+04 4.61874e-16 +0.00000e+00
 8.96151e-07 1.10909e+04 5.77381e-16 +0.00000e+00
 1.11588e-06 1.10950e+04 7.21695e-16 +0.00000e+00
 1.38950e-06 1.10995e+04 9.01932e-16 +0.00000e+00
 1.73020e-06 1.11043e+04 1.12695e-15 +0.00000e+00
 2.15443e-06 1.11096e+04 1.40776e-15 +0.00000e+00
 2.68270e-06 1.11151e+04 1.75807e-15 +0.00000e+00
 3.34048e-06 1.11211e+04 2.19487e-15 +0.00000e+00
 4.15956e-06 1.11275e+04 2.73932e-15 +0.00000e+00
 5.17947e-06 1.11340e+04 3.41765e-15 +0.00000e+00
 6.44947e-06 1.11406e+04 4.26243e-15 +0.00000e+00
 8.03086e-06 1.11470e+04 5.31412e-15 +0.00000e+00
 1.00000e-05 1.11529e+04 6.62365e-15 +0.00000e+00
 1.24520e-05 1.11575e+04 8.25405e-15 +0.00000e+00
 1.55052e-05 1.11600e+04 1.02882e-14 +0.00000e+00
 1.93070e-05 1.11583e+04 1.28263e-14 +0.00000e+00
 2.40410e-05 1.11477e+04 1.60133e-14 +0.00000e+00
 2.99358e-05 1.11160e+04 2.00330e-14 +0.00000e+00
 3.72759e-05 1.10254e+04 2.52354e-14 +0.00000e+00
 4.64159e-05 1.08191e+04 3.21861e-14 +0.00000e+00
 5.77969e-05 1.05909e+04 4.12858e-14 +0.00000e+00
 7.19686e-05 1.04152e+04 5.27108e-14 +0.00000e+00
 8.96151e-05 1.03099e+04 6.67501e-14 +0.00000e+00
 1.11588e-04 1.02391e+04 8.41325e-14 +0.00000e+00
 1.38950e-04 1.01831e+04 1.05771e-13 +0.00000e+00
 1.73020e-04 1.01324e+04 1.32771e-13 +0.00000e+00
 2.15443e-04 1.00816e+04 1.66489e-13 +0.00000e+00
 2.68270e-04 1.00286e+04 2.08583e-13 +0.00000e+00
 3.34048e-04 9.97310e+03 2.61060e-13 +0.00000e+00
 4.15956e-04 9.91704e+03 3.26304e-13 +0.00000e+00
 5.17947e-04 9.86269e+03 4.07151e-13 +0.00000e+00
 6.44947e-04 9.81312e+03 5.06909e-13 +0.00000e+00
 8.03086e-04 9.77032e+03 6.29495e-13 +0.00000e+00
 1.00000e-03 9.73523e+03 7.79552e-13 +0.00000e+00
 1.24520e-03 9.70789e+03 9.62575e-13 -2.54838e-07
 1.55052e-03 9.68787e+03 1.18500e-12 -3.17324e-07
 1.93070e-03 9.67446e+03 1.45429e-12 -3.95129e-07
 2.40410e-03 9.66710e+03 1.77889e-12 -4.92015e-07
 2.99358e-03 9.66532e+03 2.16834e-12 -6.12658e-07
 3.72759e-03 9.66892e+03 2.63319e-12 -7.62878e-07
 4.64159e-03 9.67796e+03 3.18507e-12 -9.49934e-07
 5.77969e-03 9.69295e+03 3.83677e-12 -1.18286e-06
 7.19686e-03 9.71474e+03 4.60191e-12 -1.47289e-06
 8.96151e-03 9.74471e+03 5.49528e-12 -1.83403e-06
 1.11588e-02 9.78445e+03 6.53238e-12 -2.28374e-06
 1.38950e-02 9.83586e+03 7.73024e-12 -2.84370e-06
 1.73020e-02 9.90092e+03 9.10700e-12 -3.54096e-06
 2.15443e-02 9.98182e+03 1.06828e-11 -4.40920e-06
 2.68270e-02 1.00807e+04 1.24794e-11 -5.49032e-06
 3.34048e-02 1.01996e+04 1.45215e-11 -6.83653e-06
 4.15956e-02 1.03411e+04 1.68375e-11 -8.51283e-06
 5.17947e-02 1.05075e+04 1.94594e-11 -1.06002e-05
 6.44947e-02 1.07011e+04 2.24255e-11 -1.31993e-05
 8.03086e-02 1.09237e+04 2.57816e-11 -1.64357e-05
 1.00000e-01 1.11765e+04 2.95841e-11 -2.04657e-05
 1.24520e-01 1.14595e+04 3.39014e-11 -2.54838e-05
 1.55052e-01 1.17717e+04 3.88147e-11 -3.17324e-05
 1.93070e-01 1.21110e+04 4.44158e-11 -3.95129e-05
 2.40410e-01 1.24750e+04 5.08030e-11 -4.92015e-05
 2.99358e-01 1.28610e+04 5.80754e-11 -6.12658e-05
 3.72759e-01 1.32668e+04 6.63300e-11 -7.62878e-05
 4.64159e-01 1.36907e+04 7.56701e-11 -9.50111e-05
 5.77969e-01 1.41317e+04 8.62260e-11 -1.18276e-04
 7.19686e-01 1.45894e+04 9.81852e-11 -1.47295e-04
 8.96151e-01 1.50637e+04 1.11802e-10 -1.83403e-04
 1.11588e+00 1.55544e+04 1.27381e-10 -2.28374e-04
 1.38950e+00 1.60612e+04 1.45247e-10 -2.84370e-04
 1.73020e+00 1.65842e+04 1.65738e-10 -3.54096e-04
 2.15443e+00 1.71246e+04 1.89202e-10 -4.40920e-04
 2.68270e+00 1.76837e+04 2.16021e-10 -5.49032e-04
 3.34048e+00 1.82631e+04 2.46622e-10 -6.13969e-04
 4.15956e+00 1.88644e+04 2.81486e-10 -6.13973e-04
 5.17947e+00 1.94917e+04 3.21127e-10 -6.13973e-04
 6.44947e+00 2.01451e+04 3.66186e-10 -6.13969e-04
 8.03086e+00 2.08361e+04 4.17214e-10 -6.13969e-04
 1.00000e+01 2.15636e+04 4.75073e-10 -6.13969e-04
 1.24520e+01 2.23390e+04 5.40511e-10 -6.13969e-04
 1.55052e+01 2.31433e+04 6.14962e-10 -6.13969e-04
 1.93070e+01 2.40648e+04 6.97772e-10 -6.13969e-04
 2.40410e+01 2.49017e+04 7.95240e-10 -6.13969e-04
 2.99358e+01 2.60524e+04 8.98124e-10 -6.13969e-04
 3.72759e+01 2.69546e+04 1.02531e-09 -6.13969e-04
 4.64159e+01 2.81986e+04 1.15829e-09 -6.13969e-04
 5.77969e+01 2.95854e+04 1.30925e-09 -6.13969e-04
 7.19686e+01 3.04245e+04 1.50472e-09 -6.13969e-04
 8.96151e+01 3.27361e+04 1.66537e-09 -6.13969e-04
 1.11588e+02 3.32084e+04 1.94382e-09 -6.13969e-04
 1.38950e+02 3.61885e+04 2.11296e-09 -6.13966e-04
 1.73020e+02 3.67952e+04 2.46295e-09 -6.13935e-04
 2.15443e+02 4.01997e+04 2.65725e-09 -6.13959e-04
 2.68270e+02 4.11966e+04 3.07892e-09 -6.13914e-04
 3.34048e+02 4.47068e+04 3.37294e-09 -6.13966e-04
 4.15956e+02 4.60473e+04 3.90164e-09 -6.13942e-04
 5.17947e+02 4.91275e+04 4.35972e-09 -6.13952e-04
 6.44947e+02 5.07355e+04 5.02232e-09 -6.13875e-04
 8.03086e+02 5.30430e+04 5.69655e-09 -6.13722e-04
 1.00000e+03 5.51821e+04 6.48341e-09 -6.13136e-04
