#n1=128 n2=4 Teff=15000 R=1.1203e+12 L=4.5285e+37 logg=+3.00
#   tau          T          rho         Fconv
 0.00000e+00 1.26863e+04 5.88672e-22 +0.00000e+00
 1.00000e-09 1.26863e+04 1.72774e-18 +0.00000e+00
 1.24520e-09 1.26915e+04 2.15184e-18 +0.00000e+00
 1.55052e-09 1.26969e+04 2.68002e-18 +0.00000e+00
 1.93070e-09 1.27027e+04 3.33776e-18 +0.00000e+00
 2.40410e-09 1.27091e+04 4.15678e-18 +0.00000e+00
 2.99358e-09 1.27161e+04 5.17656e-18 +0.00000e+00
 3.72759e-09 1.27238e+04 6.44619e-18 +0.00000e+00
 4.64159e-09 1.27325e+04 8.02668e-18 +0.00000e+00
 5.77969e-09 1.27422e+04 9.99390e-18 +0.00000e+00
 7.19686e-09 1.27531e+04 1.24421e-17 +0.00000e+00
 8.96151e-09 1.27655e+04 1.54882e-17 +0.00000e+00
 1.11588e-08 1.27798e+04 1.92774e-17 +0.00000e+00
 1.38950e-08 1.27961e+04 2.39898e-17 +0.00000e+00
 1.73020e-08 1.28150e+04 2.98483e-17 +0.00000e+00
 2.15443e-08 1.28370e+04 3.71289e-17 +0.00000e+00
 2.68270e-08 1.28625e+04 4.61727e-17 +0.00000e+00
 3.34048e-08 1.28922e+04 5.74010e-17 +0.00000e+00
 4.15956e-08 1.29268e+04 7.13332e-17 +0.00000e+00
 5.17947e-08 1.29672e+04 8.86089e-17 +0.00000e+00
 6.44947e-08 1.30140e+04 1.10015e-16 +0.00000e+00
 8.03086e-08 1.30681e+04 1.36517e-16 +0.00000e+00
 1.00000e-07 1.31305e+04 1.69301e-16 +0.00000e+00
 1.24520e-07 1.32021e+04 2.09818e-16 +0.00000e+00
 1.55052e-07 1.32836e+04 2.59844e-16 +0.00000e+00
 1.93070e-07 1.33759e+04 3.21552e-16 +0.00000e+00
 2.40410e-07 1.34797e+04 3.97597e-16 +0.00000e+00
 2.99358e-07 1.35954e+04 4.91227e-16 +0.00000e+00
 3.72759e-07 1.37234e+04 6.06412e-16 +0.00000e+00
 4.64159e-07 1.38631e+04 7.48039e-16 +0.00000e+00
 5.77969e-07 1.40144e+04 9.22091e-16 +0.00000e+00
 7.19686e-07 1.41760e+04 1.13595e-15 +0.00000e+00
 8.96151e-07 1.43466e+04 1.39873e-15 +0.00000e+00
 1.11588e-06 1.45241e+04 1.72175e-15 +0.00000e+00
 1.38950e-06 1.47061e+04 2.11908e-15 +0.00000e+00
 1.73020e-06 1.48899e+04 2.60821e-15 +0.00000e+00
 2.15443e-06 1.50727e+04 3.21100e-15 +0.00000e+00
 2.68270e-06 1.52518e+04 3.95473e-15 +0.00000e+00
 3.34048e-06 1.54242e+04 4.87357e-15 +0.00000e+00
 4.15956e-06 1.55872e+04 6.01042e-15 +0.00000e+00
 5.17947e-06 1.57369e+04 7.41968e-15 +0.00000e+00
 6.44947e-06 1.58664e+04 9.17201e-15 +0.00000e+00
 8.03086e-06 1.59617e+04 1.13635e-14 +0.00000e+00
 1.00000e-05 1.59947e+04 1.41346e-14 +0.00000e+00
 1.24520e-05 1.59116e+04 1.77106e-14 +0.00000e+00
 1.55052e-05 1.56208e+04 2.24891e-14 +0.00000e+00
 1.93070e-05 1.50105e+04 2.91812e-14 +0.00000e+00
 2.40410e-05 1.39946e+04 3.90455e-14 +0.00000e+00
 2.99358e-05 1.30481e+04 5.22675e-14 +0.00000e+00
 3.72759e-05 1.24146e+04 6.85861e-14 +0.00000e+00
 4.64159e-05 1.19504e+04 8.89791e-14 +0.00000e+00
 5.77969e-05 1.13710e+04 1.16859e-13 +0.00000e+00
 7.19686e-05 1.07838e+04 1.54160e-13 +0.00000e+00
 8.96151e-05 1.03224e+04 2.01971e-13 +0.00000e+00
 1.11588e-04 1.00867e+04 2.60259e-13 +0.00000e+00
 1.38950e-04 1.00213e+04 3.29970e-13 +0.00000e+00
 1.73020e-04 1.00235e+04 4.13998e-13 +0.00000e+00
 2.15443e-04 1.00540e+04 5.16056e-13 +0.00000e+00
 2.68270e-04 1.00978e+04 6.40196e-13 +0.00000e+00
 3.34048e-04 1.01478e+04 7.91085e-13 +0.00000e+00
 4.15956e-04 1.02021e+04 9.74048e-13 +0.00000e+00
 5.17947e-04 1.02609e+04 1.19524e-12 +0.00000e+00
 6.44947e-04 1.03239e+04 1.46188e-12 +0.00000e+00
 8.03086e-04 1.03910e+04 1.78241e-12 +0.00000e+00
 1.00000e-03 1.04616e+04 2.16663e-12 +0.00000e+00
 1.24520e-03 1.05351e+04 2.62576e-12 -2.54493e-07
 1.55052e-03 1.06107e+04 3.17265e-12 -3.16894e-07
 1.93070e-03 1.06875e+04 3.82183e-12 -3.94594e-07
 2.40410e-03 1.07648e+04 4.58970e-12 -4.91349e-07
 2.99358e-03 1.08414e+04 5.49509e-12 -6.11828e-07
 3.72759e-03 1.09172e+04 6.55849e-12 -7.61845e-07
 4.64159e-03 1.09918e+04 7.80307e-12 -9.48647e-07
 5.77969e-03 1.10653e+04 9.25361e-12 -1.18125e-06
 7.19686e-03 1.11381e+04 1.09376e-11 -1.47089e-06
 8.96151e-03 1.12110e+04 1.28852e-11 -1.83155e-06
 1.11588e-02 1.12848e+04 1.51285e-11 -2.28064e-06
 1.38950e-02 1.13609e+04 1.77032e-11 -2.83985e-06
 1.73020e-02 1.14404e+04 2.06473e-11 -3.53616e-06
 2.15443e-02 1.15244e+04 2.40039e-11 -4.40323e-06
 2.68270e-02 1.16143e+04 2.78207e-11 -5.48289e-06
 3.34048e-02 1.17110e+04 3.21515e-11 -6.82727e-06
 4.15956e-02 1.18161e+04 3.70551e-11 -8.50130e-06
 5.17947e-02 1.19309e+04 4.25979e-11 -1.05858e-05
 6.44947e-02 1.20569e+04 4.88542e-11 -1.31814e-05
 8.03086e-02 1.21966e+04 5.59048e-11 -1.64134e-05
 1.00000e-01 1.23504e+04 6.38494e-11 -2.04380e-05
 1.24520e-01 1.25207e+04 7.27898e-11 -2.54493e-05
 1.55052e-01 1.27099e+04 8.28422e-11 -3.16894e-05
 1.93070e-01 1.29202e+04 9.41354e-11 -3.94594e-05
 2.40410e-01 1.31541e+04 1.06810e-10 -4.91349e-05
 2.99358e-01 1.34145e+04 1.21016e-10 -6.11828e-05
 3.72759e-01 1.37040e+04 1.36916e-10 -7.61845e-05
 4.64159e-01 1.40255e+04 1.54680e-10 -9.48647e-05
 5.77969e-01 1.43816e+04 1.74508e-10 -1.18125e-04
 7.19686e-01 1.47729e+04 1.96671e-10 -1.47090e-04
 8.96151e-01 1.51973e+04 2.21576e-10 -1.83154e-04
 1.11588e+00 1.56507e+04 2.49779e-10 -2.28065e-04
 1.38950e+00 1.61292e+04 2.81931e-10 -2.83985e-04
 1.73020e+00 1.66329e+04 3.18669e-10 -3.53616e-04
 2.15443e+00 1.71645e+04 3.60633e-10 -4.40323e-04
 2.68270e+00 1.77256e+04 4.08548e-10 -5.48289e-04
 3.34048e+00 1.83156e+04 4.63250e-10 -6.13138e-04
 4.15956e+00 1.89324e+04 5.25690e-10 -6.13138e-04
 5.17947e+00 1.95824e+04 5.96732e-10 -6.13138e-04
 6.44947e+00 2.02554e+04 6.77788e-10 -6.13138e-04
 8.03086e+00 2.09734e+04 7.69504e-10 -6.13138e-04
 1.00000e+01 2.17236e+04 8.73796e-10 -6.13138e-04
 1.24520e+01 2.25250e+04 9.91719e-10 -6.13138e-04
 1.55052e+01 2.33373e+04 1.12657e-09 -6.13138e-04
 1.93070e+01 2.42996e+04 1.27513e-09 -6.13138e-04
 2.40410e+01 2.51035e+04 1.45343e-09 -6.13138e-04
 2.99358e+01 2.63215e+04 1.63617e-09 -6.13138e-04
 3.72759e+01 2.71589e+04 1.86993e-09 -6.13138e-04
 4.64159e+01 2.84711e+04 2.10500e-09 -6.13138e-04
 5.77969e+01 2.98515e+04 2.37840e-09 -6.13138e-04
 7.19686e+01 3.06394e+04 2.73398e-09 -6.13138e-04
 8.96151e+01 3.31326e+04 3.01508e-09 -6.13138e-04
 1.11588e+02 3.34725e+04 3.53008e-09 -6.13134e-04
 1.38950e+02 3.66728e+04 3.82321e-09 -6.13124e-04
 1.73020e+02 3.72287e+04 4.46318e-09 -6.12950e-04
 2.15443e+02 4.08106e+04 4.79911e-09 -6.13030e-04
 2.68270e+02 4.18118e+04 5.56024e-09 -6.12542e-04
 3.34048e+02 4.53400e+04 6.08337e-09 -6.13061e-04
 4.15956e+02 4.66759e+04 7.02938e-09 -6.12803e-04
 5.17947e+02 4.97588e+04 7.84344e-09 -6.12939e-04
 6.44947e+02 5.13512e+04 9.02379e-09 -6.12190e-04
 8.03086e+02 5.36910e+04 1.02128e-08 -6.10877e-04
 1.00000e+03 5.58773e+04 1.15991e-08 -6.05995e-04
