#n1=128 n2=4 Teff=15500 R=6.0245e+11 L=1.4948e+37 logg=+3.50
#   tau          T          rho         Fconv
 0.00000e+00 1.31195e+04 5.69396e-22 +0.00000e+00
 1.00000e-09 1.31195e+04 5.42437e-18 +0.00000e+00
 1.24520e-09 1.31175e+04 6.76048e-18 +0.00000e+00
 1.55052e-09 1.31148e+04 8.42677e-18 +0.00000e+00
 1.93070e-09 1.31114e+04 1.05055e-17 +0.00000e+00
 2.40410e-09 1.31068e+04 1.30998e-17 +0.00000e+00
 2.99358e-09 1.31008e+04 1.63388e-17 +0.00000e+00
 3.72759e-09 1.30929e+04 2.03850e-17 +0.00000e+00
 4.64159e-09 1.30826e+04 2.54432e-17 +0.00000e+00
 5.77969e-09 1.30686e+04 3.17721e-17 +0.00000e+00
 7.19686e-09 1.30498e+04 3.96999e-17 +0.00000e+00
 8.96151e-09 1.30235e+04 4.96477e-17 +0.00000e+00
 1.11588e-08 1.29858e+04 6.21605e-17 +0.00000e+00
 1.38950e-08 1.29287e+04 7.79682e-17 +0.00000e+00
 1.73020e-08 1.28397e+04 9.80758e-17 +0.00000e+00
 2.15443e-08 1.27122e+04 1.23817e-16 +0.00000e+00
 2.68270e-08 1.25689e+04 1.56642e-16 +0.00000e+00
 3.34048e-08 1.24438e+04 1.98023e-16 +0.00000e+00
 4.15956e-08 1.23525e+04 2.49767e-16 +0.00000e+00
 5.17947e-08 1.22906e+04 3.14351e-16 +0.00000e+00
 6.44947e-08 1.22489e+04 3.95033e-16 +0.00000e+00
 8.03086e-08 1.22200e+04 4.95911e-16 +0.00000e+00
 1.00000e-07 1.21998e+04 6.22072e-16 +0.00000e+00
 1.24520e-07 1.21854e+04 7.79850e-16 +0.00000e+00
 1.55052e-07 1.21751e+04 9.77122e-16 +0.00000e+00
 1.93070e-07 1.21676e+04 1.22369e-15 +0.00000e+00
 2.40410e-07 1.21622e+04 1.53178e-15 +0.00000e+00
 2.99358e-07 1.21581e+04 1.91656e-15 +0.00000e+00
 3.72759e-07 1.21550e+04 2.39700e-15 +0.00000e+00
 4.64159e-07 1.21525e+04 2.99666e-15 +0.00000e+00
 5.77969e-07 1.21503e+04 3.74498e-15 +0.00000e+00
 7.19686e-07 1.21482e+04 4.67859e-15 +0.00000e+00
 8.96151e-07 1.21460e+04 5.84322e-15 +0.00000e+00
 1.11588e-06 1.21434e+04 7.29587e-15 +0.00000e+00
 1.38950e-06 1.21403e+04 9.10768e-15 +0.00000e+00
 1.73020e-06 1.21364e+04 1.13675e-14 +0.00000e+00
 2.15443e-06 1.21313e+04 1.41862e-14 +0.00000e+00
 2.68270e-06 1.21246e+04 1.77027e-14 +0.00000e+00
 3.34048e-06 1.21157e+04 2.20911e-14 +0.00000e+00
 4.15956e-06 1.21037e+04 2.75696e-14 +0.00000e+00
 5.17947e-06 1.20873e+04 3.44148e-14 +0.00000e+00
 6.44947e-06 1.20639e+04 4.29781e-14 +0.00000e+00
 8.03086e-06 1.20271e+04 5.37257e-14 +0.00000e+00
 1.00000e-05 1.19390e+04 6.74448e-14 +0.00000e+00
 1.24520e-05 1.14944e+04 8.73096e-14 +0.00000e+00
 1.55052e-05 1.08481e+04 1.15365e-13 +0.00000e+00
 1.93070e-05 1.05416e+04 1.47936e-13 +0.00000e+00
 2.40410e-05 1.03293e+04 1.87993e-13 +0.00000e+00
 2.99358e-05 1.01232e+04 2.38656e-13 +0.00000e+00
 3.72759e-05 9.91885e+03 3.02742e-13 +0.00000e+00
 4.64159e-05 9.74246e+03 3.82604e-13 +0.00000e+00
 5.77969e-05 9.60972e+03 4.80706e-13 +0.00000e+00
 7.19686e-05 9.51479e+03 6.00477e-13 +0.00000e+00
 8.96151e-05 9.44596e+03 7.46323e-13 +0.00000e+00
 1.11588e-04 9.39401e+03 9.23453e-13 +0.00000e+00
 1.38950e-04 9.35276e+03 1.13788e-12 +0.00000e+00
 1.73020e-04 9.31544e+03 1.39691e-12 +0.00000e+00
 2.15443e-04 9.28603e+03 1.70747e-12 +0.00000e+00
 2.68270e-04 9.25945e+03 2.07897e-12 +0.00000e+00
 3.34048e-04 9.23400e+03 2.52175e-12 +0.00000e+00
 4.15956e-04 9.20886e+03 3.04745e-12 +0.00000e+00
 5.17947e-04 9.18347e+03 3.66887e-12 +0.00000e+00
 6.44947e-04 9.15803e+03 4.39983e-12 +0.00000e+00
 8.03086e-04 9.13316e+03 5.25475e-12 +0.00000e+00
 1.00000e-03 9.11044e+03 6.24877e-12 +0.00000e+00
 1.24520e-03 9.09085e+03 7.39705e-12 -2.54204e-07
 1.55052e-03 9.07756e+03 8.71423e-12 -3.16533e-07
 1.93070e-03 9.07219e+03 1.02189e-11 -3.94147e-07
 2.40410e-03 9.07644e+03 1.19298e-11 -4.90790e-07
 2.99358e-03 9.09154e+03 1.38714e-11 -6.11132e-07
 3.72759e-03 9.11765e+03 1.60714e-11 -7.60979e-07
 4.64159e-03 9.15695e+03 1.85589e-11 -9.47568e-07
 5.77969e-03 9.21030e+03 2.13687e-11 -1.17991e-06
 7.19686e-03 9.27457e+03 2.45494e-11 -1.46922e-06
 8.96151e-03 9.35317e+03 2.81373e-11 -1.82947e-06
 1.11588e-02 9.44581e+03 3.21802e-11 -2.27805e-06
 1.38950e-02 9.55399e+03 3.67237e-11 -2.83662e-06
 1.73020e-02 9.67733e+03 4.18266e-11 -3.53215e-06
 2.15443e-02 9.81939e+03 4.75339e-11 -4.39823e-06
 2.68270e-02 9.98035e+03 5.39166e-11 -5.47667e-06
 3.34048e-02 1.01617e+04 6.10537e-11 -6.81953e-06
 4.15956e-02 1.03642e+04 6.90483e-11 -8.49164e-06
 5.17947e-02 1.05887e+04 7.80269e-11 -1.05738e-05
 6.44947e-02 1.08361e+04 8.81467e-11 -1.31664e-05
 8.03086e-02 1.11067e+04 9.95980e-11 -1.63948e-05
 1.00000e-01 1.14021e+04 1.12594e-10 -2.04147e-05
 1.24520e-01 1.17177e+04 1.27436e-10 -2.54204e-05
 1.55052e-01 1.20540e+04 1.44397e-10 -3.16533e-05
 1.93070e-01 1.24098e+04 1.63798e-10 -3.94147e-05
 2.40410e-01 1.27836e+04 1.85978e-10 -4.90790e-05
 2.99358e-01 1.31742e+04 2.11290e-10 -6.11132e-05
 3.72759e-01 1.35794e+04 2.40097e-10 -7.60979e-05
 4.64159e-01 1.40012e+04 2.72706e-10 -9.47568e-05
 5.77969e-01 1.44376e+04 3.09513e-10 -1.17993e-04
 7.19686e-01 1.48879e+04 3.50967e-10 -1.46923e-04
 8.96151e-01 1.53519e+04 3.97674e-10 -1.82948e-04
 1.11588e+00 1.58284e+04 4.50475e-10 -2.27805e-04
 1.38950e+00 1.63183e+04 5.10355e-10 -2.83662e-04
 1.73020e+00 1.68208e+04 5.78482e-10 -3.53215e-04
 2.15443e+00 1.73361e+04 6.56076e-10 -4.39823e-04
 2.68270e+00 1.78654e+04 7.44403e-10 -5.47667e-04
 3.34048e+00 1.84109e+04 8.44800e-10 -6.12444e-04
 4.15956e+00 1.89760e+04 9.58721e-10 -6.12444e-04
 5.17947e+00 1.95658e+04 1.08773e-09 -6.12444e-04
 6.44947e+00 2.01803e+04 1.23384e-09 -6.12444e-04
 8.03086e+00 2.08335e+04 1.39863e-09 -6.12444e-04
 1.00000e+01 2.15221e+04 1.58497e-09 -6.12444e-04
 1.24520e+01 2.22576e+04 1.79511e-09 -6.12444e-04
 1.55052e+01 2.30301e+04 2.03304e-09 -6.12444e-04
 1.93070e+01 2.39159e+04 2.29742e-09 -6.12444e-04
 2.40410e+01 2.47076e+04 2.60900e-09 -6.12444e-04
 2.99358e+01 2.58922e+04 2.93023e-09 -6.12444e-04
 3.72759e+01 2.66615e+04 3.34593e-09 -6.12444e-04
 4.64159e+01 2.80934e+04 3.74366e-09 -6.12444e-04
 5.77969e+01 2.91980e+04 4.25367e-09 -6.12441e-04
 7.19686e+01 3.04471e+04 4.81452e-09 -6.12441e-04
 8.96151e+01 3.23237e+04 5.38130e-09 -6.12438e-04
 1.11588e+02 3.33944e+04 6.16897e-09 -6.12417e-04
 1.38950e+02 3.58241e+04 6.82750e-09 -6.12340e-04
 1.73020e+02 3.72944e+04 7.78658e-09 -6.11593e-04
 2.15443e+02 3.99038e+04 8.61966e-09 -6.09493e-04
 2.68270e+02 4.16211e+04 9.79963e-09 -6.02137e-04
 3.34048e+02 4.43172e+04 1.09033e-08 -6.05158e-04
 4.15956e+02 4.59589e+04 1.24742e-08 -5.94622e-04
 5.17947e+02 4.83994e+04 1.40302e-08 -5.95229e-04
 6.44947e+02 5.01605e+04 1.60163e-08 -5.64885e-04
 8.03086e+02 5.21099e+04 1.81823e-08 -4.93679e-04
 1.00000e+03 5.41193e+04 2.06052e-08 -3.00421e-04
