#n1=128 n2=4 Teff=15500 R=4.3765e+12 L=7.8763e+38 logg=+2.00
#   tau          T          rho         Fconv
 0.00000e+00 1.04155e+04 7.17339e-22 +0.00000e+00
 1.00000e-09 1.04155e+04 1.94088e-19 +0.00000e+00
 1.24520e-09 1.03929e+04 2.42403e-19 +0.00000e+00
 1.55052e-09 1.03732e+04 3.02711e-19 +0.00000e+00
 1.93070e-09 1.03565e+04 3.77957e-19 +0.00000e+00
 2.40410e-09 1.03432e+04 4.71811e-19 +0.00000e+00
 2.99358e-09 1.03177e+04 5.89729e-19 +0.00000e+00
 3.72759e-09 1.03117e+04 7.35787e-19 +0.00000e+00
 4.64159e-09 1.03083e+04 9.17856e-19 +0.00000e+00
 5.77969e-09 1.03069e+04 1.14484e-18 +0.00000e+00
 7.19686e-09 1.03071e+04 1.42785e-18 +0.00000e+00
 8.96151e-09 1.03057e+04 1.78119e-18 +0.00000e+00
 1.11588e-08 1.03084e+04 2.22133e-18 +0.00000e+00
 1.38950e-08 1.03118e+04 2.77034e-18 +0.00000e+00
 1.73020e-08 1.03156e+04 3.45531e-18 +0.00000e+00
 2.15443e-08 1.03198e+04 4.31009e-18 +0.00000e+00
 2.68270e-08 1.03242e+04 5.37706e-18 +0.00000e+00
 3.34048e-08 1.03287e+04 6.70924e-18 +0.00000e+00
 4.15956e-08 1.03334e+04 8.37307e-18 +0.00000e+00
 5.17947e-08 1.03381e+04 1.04517e-17 +0.00000e+00
 6.44947e-08 1.03428e+04 1.30493e-17 +0.00000e+00
 8.03086e-08 1.03475e+04 1.62961e-17 +0.00000e+00
 1.00000e-07 1.03523e+04 2.03547e-17 +0.00000e+00
 1.24520e-07 1.03570e+04 2.54286e-17 +0.00000e+00
 1.55052e-07 1.03619e+04 3.17723e-17 +0.00000e+00
 1.93070e-07 1.03668e+04 3.97042e-17 +0.00000e+00
 2.40410e-07 1.03718e+04 4.96222e-17 +0.00000e+00
 2.99358e-07 1.03770e+04 6.20225e-17 +0.00000e+00
 3.72759e-07 1.03825e+04 7.75256e-17 +0.00000e+00
 4.64159e-07 1.03882e+04 9.69100e-17 +0.00000e+00
 5.77969e-07 1.03942e+04 1.21158e-16 +0.00000e+00
 7.19686e-07 1.04007e+04 1.51480e-16 +0.00000e+00
 8.96151e-07 1.04077e+04 1.89378e-16 +0.00000e+00
 1.11588e-06 1.04152e+04 2.36729e-16 +0.00000e+00
 1.38950e-06 1.04234e+04 2.95867e-16 +0.00000e+00
 1.73020e-06 1.04322e+04 3.69698e-16 +0.00000e+00
 2.15443e-06 1.04419e+04 4.61836e-16 +0.00000e+00
 2.68270e-06 1.04525e+04 5.76782e-16 +0.00000e+00
 3.34048e-06 1.04641e+04 7.20133e-16 +0.00000e+00
 4.15956e-06 1.04766e+04 8.98849e-16 +0.00000e+00
 5.17947e-06 1.04902e+04 1.12158e-15 +0.00000e+00
 6.44947e-06 1.05049e+04 1.39909e-15 +0.00000e+00
 8.03086e-06 1.05207e+04 1.74473e-15 +0.00000e+00
 1.00000e-05 1.05374e+04 2.17514e-15 +0.00000e+00
 1.24520e-05 1.05552e+04 2.71089e-15 +0.00000e+00
 1.55052e-05 1.05737e+04 3.37772e-15 +0.00000e+00
 1.93070e-05 1.05930e+04 4.20733e-15 +0.00000e+00
 2.40410e-05 1.06126e+04 5.23937e-15 +0.00000e+00
 2.99358e-05 1.06324e+04 6.52249e-15 +0.00000e+00
 3.72759e-05 1.06519e+04 8.11782e-15 +0.00000e+00
 4.64159e-05 1.06707e+04 1.00995e-14 +0.00000e+00
 5.77969e-05 1.06863e+04 1.25692e-14 +0.00000e+00
 7.19686e-05 1.07025e+04 1.56439e-14 +0.00000e+00
 8.96151e-05 1.07175e+04 1.94823e-14 +0.00000e+00
 1.11588e-04 1.07312e+04 2.42780e-14 +0.00000e+00
 1.38950e-04 1.07435e+04 3.02688e-14 +0.00000e+00
 1.73020e-04 1.07544e+04 3.77516e-14 +0.00000e+00
 2.15443e-04 1.07638e+04 4.70974e-14 +0.00000e+00
 2.68270e-04 1.07712e+04 5.87707e-14 +0.00000e+00
 3.34048e-04 1.07760e+04 7.33512e-14 +0.00000e+00
 4.15956e-04 1.07772e+04 9.15690e-14 +0.00000e+00
 5.17947e-04 1.07724e+04 1.14345e-13 +0.00000e+00
 6.44947e-04 1.07601e+04 1.42832e-13 +0.00000e+00
 8.03086e-04 1.07375e+04 1.78497e-13 +0.00000e+00
 1.00000e-03 1.06996e+04 2.23246e-13 +0.00000e+00
 1.24520e-03 1.06486e+04 2.79347e-13 -2.54598e-07
 1.55052e-03 1.05840e+04 3.49693e-13 -3.17024e-07
 1.93070e-03 1.05097e+04 4.37702e-13 -3.94757e-07
 2.40410e-03 1.04352e+04 5.47186e-13 -4.91550e-07
 2.99358e-03 1.03613e+04 6.82979e-13 -6.12079e-07
 3.72759e-03 1.02985e+04 8.50030e-13 -7.62158e-07
 4.64159e-03 1.02475e+04 1.05459e-12 -9.49036e-07
 5.77969e-03 1.02092e+04 1.30372e-12 -1.18174e-06
 7.19686e-03 1.01860e+04 1.60524e-12 -1.47150e-06
 8.96151e-03 1.01773e+04 1.96832e-12 -1.83230e-06
 1.11588e-02 1.01840e+04 2.40293e-12 -2.28158e-06
 1.38950e-02 1.02059e+04 2.92024e-12 -2.84102e-06
 1.73020e-02 1.02438e+04 3.53243e-12 -3.53762e-06
 2.15443e-02 1.02994e+04 4.25239e-12 -4.40504e-06
 2.68270e-02 1.03757e+04 5.09335e-12 -5.48516e-06
 3.34048e-02 1.04763e+04 6.06931e-12 -6.83010e-06
 4.15956e-02 1.06051e+04 7.19506e-12 -8.50480e-06
 5.17947e-02 1.07661e+04 8.48706e-12 -1.05902e-05
 6.44947e-02 1.09624e+04 9.96397e-12 -1.31868e-05
 8.03086e-02 1.11960e+04 1.16487e-11 -1.64202e-05
 1.00000e-01 1.14668e+04 1.35690e-11 -2.04464e-05
 1.24520e-01 1.17731e+04 1.57580e-11 -2.54598e-05
 1.55052e-01 1.21119e+04 1.82532e-11 -3.17024e-05
 1.93070e-01 1.24799e+04 2.10940e-11 -3.94757e-05
 2.40410e-01 1.28736e+04 2.43213e-11 -4.91654e-05
 2.99358e-01 1.32908e+04 2.79823e-11 -6.12238e-05
 3.72759e-01 1.37299e+04 3.21421e-11 -7.62259e-05
 4.64159e-01 1.41896e+04 3.68946e-11 -9.52053e-05
 5.77969e-01 1.46684e+04 4.23615e-11 -1.18174e-04
 7.19686e-01 1.51644e+04 4.86802e-11 -1.47150e-04
 8.96151e-01 1.56756e+04 5.59953e-11 -1.83230e-04
 1.11588e+00 1.62018e+04 6.44530e-11 -2.28158e-04
 1.38950e+00 1.67431e+04 7.42093e-11 -2.84102e-04
 1.73020e+00 1.73016e+04 8.54312e-11 -3.53762e-04
 2.15443e+00 1.78805e+04 9.83015e-11 -4.40504e-04
 2.68270e+00 1.84834e+04 1.13025e-10 -5.48516e-04
 3.34048e+00 1.91147e+04 1.29833e-10 -6.13393e-04
 4.15956e+00 1.97785e+04 1.48991e-10 -6.13393e-04
 5.17947e+00 2.04802e+04 1.70793e-10 -6.13393e-04
 6.44947e+00 2.12186e+04 1.95623e-10 -6.13393e-04
 8.03086e+00 2.20069e+04 2.23799e-10 -6.13393e-04
 1.00000e+01 2.28399e+04 2.55855e-10 -6.13393e-04
 1.24520e+01 2.37297e+04 2.92230e-10 -6.13393e-04
 1.55052e+01 2.46592e+04 3.33703e-10 -6.13393e-04
 1.93070e+01 2.57206e+04 3.79977e-10 -6.13393e-04
 2.40410e+01 2.66752e+04 4.34817e-10 -6.13393e-04
 2.99358e+01 2.80411e+04 4.91904e-10 -6.13393e-04
 3.72759e+01 2.90076e+04 5.64768e-10 -6.13393e-04
 4.64159e+01 3.05877e+04 6.36533e-10 -6.13393e-04
 5.77969e+01 3.19135e+04 7.25139e-10 -6.13393e-04
 7.19686e+01 3.33575e+04 8.22375e-10 -6.13393e-04
 8.96151e+01 3.53595e+04 9.18248e-10 -6.13393e-04
 1.11588e+02 3.67310e+04 1.04666e-09 -6.13393e-04
 1.38950e+02 3.91888e+04 1.16038e-09 -6.13393e-04
 1.73020e+02 4.08754e+04 1.32271e-09 -6.13393e-04
 2.15443e+02 4.34591e+04 1.48288e-09 -6.13393e-04
 2.68270e+02 4.52933e+04 1.69776e-09 -6.13393e-04
 3.34048e+02 4.78794e+04 1.91811e-09 -6.13393e-04
 4.15956e+02 4.96678e+04 2.20362e-09 -6.13393e-04
 5.17947e+02 5.20875e+04 2.50060e-09 -6.13390e-04
 6.44947e+02 5.40300e+04 2.86243e-09 -6.13390e-04
 8.03086e+02 5.61645e+04 3.26103e-09 -6.13381e-04
 1.00000e+03 5.84555e+04 3.70525e-09 -6.13359e-04
