#n1=128 n2=4 Teff=15000 R=3.3660e+13 L=4.0921e+40 logg=+0.50
#   tau          T          rho         Fconv
 0.00000e+00 9.67896e+03 7.71925e-22 +0.00000e+00
 1.00000e-09 9.67896e+03 4.63061e-21 +0.00000e+00
 1.24520e-09 9.67133e+03 5.61001e-21 +0.00000e+00
 1.55052e-09 9.66557e+03 6.83697e-21 +0.00000e+00
 1.93070e-09 9.66084e+03 8.37487e-21 +0.00000e+00
 2.40410e-09 9.65741e+03 1.03023e-20 +0.00000e+00
 2.99358e-09 9.65541e+03 1.27179e-20 +0.00000e+00
 3.72759e-09 9.65487e+03 1.57450e-20 +0.00000e+00
 4.64159e-09 9.65573e+03 1.95382e-20 +0.00000e+00
 5.77969e-09 9.65789e+03 2.42915e-20 +0.00000e+00
 7.19686e-09 9.66124e+03 3.02475e-20 +0.00000e+00
 8.96151e-09 9.66567e+03 3.77103e-20 +0.00000e+00
 1.11588e-08 9.67107e+03 4.70610e-20 +0.00000e+00
 1.38950e-08 9.67733e+03 5.87765e-20 +0.00000e+00
 1.73020e-08 9.68439e+03 7.34544e-20 +0.00000e+00
 2.15443e-08 9.69215e+03 9.18431e-20 +0.00000e+00
 2.68270e-08 9.70052e+03 1.14880e-19 +0.00000e+00
 3.34048e-08 9.70944e+03 1.43739e-19 +0.00000e+00
 4.15956e-08 9.71883e+03 1.79892e-19 +0.00000e+00
 5.17947e-08 9.72862e+03 2.25179e-19 +0.00000e+00
 6.44947e-08 9.73873e+03 2.81910e-19 +0.00000e+00
 8.03086e-08 9.74909e+03 3.52973e-19 +0.00000e+00
 1.00000e-07 9.75966e+03 4.41992e-19 +0.00000e+00
 1.24520e-07 9.77036e+03 5.53502e-19 +0.00000e+00
 1.55052e-07 9.78116e+03 6.93186e-19 +0.00000e+00
 1.93070e-07 9.79201e+03 8.68164e-19 +0.00000e+00
 2.40410e-07 9.80288e+03 1.08735e-18 +0.00000e+00
 2.99358e-07 9.81376e+03 1.36192e-18 +0.00000e+00
 3.72759e-07 9.82464e+03 1.70587e-18 +0.00000e+00
 4.64159e-07 9.83553e+03 2.13673e-18 +0.00000e+00
 5.77969e-07 9.84644e+03 2.67645e-18 +0.00000e+00
 7.19686e-07 9.85740e+03 3.35253e-18 +0.00000e+00
 8.96151e-07 9.86844e+03 4.19941e-18 +0.00000e+00
 1.11588e-06 9.87960e+03 5.26023e-18 +0.00000e+00
 1.38950e-06 9.89094e+03 6.58899e-18 +0.00000e+00
 1.73020e-06 9.90251e+03 8.25332e-18 +0.00000e+00
 2.15443e-06 9.91439e+03 1.03379e-17 +0.00000e+00
 2.68270e-06 9.92664e+03 1.29487e-17 +0.00000e+00
 3.34048e-06 9.93934e+03 1.62185e-17 +0.00000e+00
 4.15956e-06 9.95258e+03 2.03132e-17 +0.00000e+00
 5.17947e-06 9.96646e+03 2.54406e-17 +0.00000e+00
 6.44947e-06 9.98108e+03 3.18603e-17 +0.00000e+00
 8.03086e-06 9.99655e+03 3.98971e-17 +0.00000e+00
 1.00000e-05 1.00130e+04 4.99565e-17 +0.00000e+00
 1.24520e-05 1.00305e+04 6.25450e-17 +0.00000e+00
 1.55052e-05 1.00493e+04 7.82952e-17 +0.00000e+00
 1.93070e-05 1.00694e+04 9.79964e-17 +0.00000e+00
 2.40410e-05 1.00910e+04 1.22634e-16 +0.00000e+00
 2.99358e-05 1.01143e+04 1.53438e-16 +0.00000e+00
 3.72759e-05 1.01392e+04 1.91945e-16 +0.00000e+00
 4.64159e-05 1.01660e+04 2.40068e-16 +0.00000e+00
 5.77969e-05 1.01947e+04 3.00206e-16 +0.00000e+00
 7.19686e-05 1.02254e+04 3.75338e-16 +0.00000e+00
 8.96151e-05 1.02582e+04 4.69201e-16 +0.00000e+00
 1.11588e-04 1.02929e+04 5.86440e-16 +0.00000e+00
 1.38950e-04 1.03297e+04 7.32861e-16 +0.00000e+00
 1.73020e-04 1.03683e+04 9.15682e-16 +0.00000e+00
 2.15443e-04 1.04085e+04 1.14391e-15 +0.00000e+00
 2.68270e-04 1.04501e+04 1.42879e-15 +0.00000e+00
 3.34048e-04 1.04927e+04 1.78443e-15 +0.00000e+00
 4.15956e-04 1.05356e+04 2.22857e-15 +0.00000e+00
 5.17947e-04 1.05782e+04 2.78365e-15 +0.00000e+00
 6.44947e-04 1.06197e+04 3.47775e-15 +0.00000e+00
 8.03086e-04 1.06593e+04 4.34622e-15 +0.00000e+00
 1.00000e-03 1.06961e+04 5.43346e-15 +0.00000e+00
 1.24520e-03 1.07295e+04 6.79543e-15 -2.54240e-07
 1.55052e-03 1.07592e+04 8.50235e-15 -3.16579e-07
 1.93070e-03 1.07852e+04 1.06422e-14 -3.94201e-07
 2.40410e-03 1.08077e+04 1.33252e-14 -4.90860e-07
 2.99358e-03 1.08265e+04 1.66897e-14 -6.11219e-07
 3.72759e-03 1.08404e+04 2.09126e-14 -7.61087e-07
 4.64159e-03 1.08480e+04 2.62132e-14 -9.47703e-07
 5.77969e-03 1.08535e+04 3.28628e-14 -1.18008e-06
 7.19686e-03 1.08406e+04 4.12738e-14 -1.46943e-06
 8.96151e-03 1.08290e+04 5.18151e-14 -1.82973e-06
 1.11588e-02 1.08065e+04 6.51025e-14 -2.27837e-06
 1.38950e-02 1.07731e+04 8.18634e-14 -2.83702e-06
 1.73020e-02 1.07305e+04 1.03010e-13 -3.53264e-06
 2.15443e-02 1.06824e+04 1.29670e-13 -4.39885e-06
 2.68270e-02 1.06347e+04 1.63210e-13 -5.47743e-06
 3.34048e-02 1.05943e+04 2.05268e-13 -6.82047e-06
 4.15956e-02 1.05705e+04 2.57722e-13 -8.49284e-06
 5.17947e-02 1.05732e+04 3.22702e-13 -1.05753e-05
 6.44947e-02 1.06120e+04 4.02487e-13 -1.31683e-05
 8.03086e-02 1.06973e+04 4.99285e-13 -1.63971e-05
 1.00000e-01 1.08671e+04 6.13352e-13 -2.04176e-05
 1.24520e-01 1.10545e+04 7.51279e-13 -2.54240e-05
 1.55052e-01 1.13030e+04 9.13492e-13 -3.16579e-05
 1.93070e-01 1.16094e+04 1.10329e-12 -3.94201e-05
 2.40410e-01 1.19693e+04 1.32505e-12 -4.90860e-05
 2.99358e-01 1.23831e+04 1.58394e-12 -6.11219e-05
 3.72759e-01 1.28568e+04 1.88593e-12 -7.61087e-05
 4.64159e-01 1.33956e+04 2.23875e-12 -9.47703e-05
 5.77969e-01 1.39899e+04 2.65440e-12 -1.18008e-04
 7.19686e-01 1.46193e+04 3.14941e-12 -1.46943e-04
 8.96151e-01 1.52684e+04 3.74285e-12 -1.82973e-04
 1.11588e+00 1.59327e+04 4.45514e-12 -2.27837e-04
 1.38950e+00 1.66166e+04 5.30819e-12 -2.83702e-04
 1.73020e+00 1.73294e+04 6.32576e-12 -3.53264e-04
 2.15443e+00 1.80829e+04 7.53397e-12 -4.39885e-04
 2.68270e+00 1.88889e+04 8.96222e-12 -5.47743e-04
 3.34048e+00 1.97578e+04 1.06444e-11 -6.12528e-04
 4.15956e+00 2.06982e+04 1.26200e-11 -6.12528e-04
 5.17947e+00 2.17157e+04 1.49367e-11 -6.12528e-04
 6.44947e+00 2.28112e+04 1.76527e-11 -6.12528e-04
 8.03086e+00 2.39887e+04 2.08334e-11 -6.12528e-04
 1.00000e+01 2.52480e+04 2.45548e-11 -6.12528e-04
 1.24520e+01 2.65965e+04 2.88855e-11 -6.12528e-04
 1.55052e+01 2.80221e+04 3.38914e-11 -6.12538e-04
 1.93070e+01 2.95762e+04 3.95111e-11 -6.12531e-04
 2.40410e+01 3.11501e+04 4.59303e-11 -6.12531e-04
 2.99358e+01 3.29274e+04 5.30744e-11 -6.12528e-04
 3.72759e+01 3.46838e+04 6.17009e-11 -6.12535e-04
 4.64159e+01 3.65649e+04 7.18469e-11 -6.12528e-04
 5.77969e+01 3.86390e+04 8.36581e-11 -6.12528e-04
 7.19686e+01 4.04664e+04 9.83499e-11 -6.12528e-04
 8.96151e+01 4.29083e+04 1.14332e-10 -6.12528e-04
 1.11588e+02 4.47164e+04 1.35125e-10 -6.12528e-04
 1.38950e+02 4.74592e+04 1.56902e-10 -6.12528e-04
 1.73020e+02 4.93517e+04 1.85668e-10 -6.12528e-04
 2.15443e+02 5.23241e+04 2.15516e-10 -6.12528e-04
 2.68270e+02 5.44012e+04 2.54652e-10 -6.12528e-04
 3.34048e+02 5.75394e+04 2.95691e-10 -6.12528e-04
 4.15956e+02 5.99175e+04 3.48159e-10 -6.12528e-04
 5.17947e+02 6.31470e+04 4.04745e-10 -6.12528e-04
 6.44947e+02 6.59654e+04 4.74114e-10 -6.12528e-04
 8.03086e+02 6.92085e+04 5.52275e-10 -6.12528e-04
 1.00000e+03 7.27299e+04 6.41983e-10 -6.12528e-04
