#n1=128 n2=4 Teff=15500 R=1.1574e+12 L=5.5126e+37 logg=+3.00
#   tau          T          rho         Fconv
 0.00000e+00 1.27603e+04 5.72311e-22 +0.00000e+00
 1.00000e-09 1.27603e+04 1.74113e-18 +0.00000e+00
 1.24520e-09 1.27770e+04 2.16707e-18 +0.00000e+00
 1.55052e-09 1.27953e+04 2.69679e-18 +0.00000e+00
 1.93070e-09 1.28163e+04 3.35522e-18 +0.00000e+00
 2.40410e-09 1.28405e+04 4.17329e-18 +0.00000e+00
 2.99358e-09 1.28684e+04 5.18925e-18 +0.00000e+00
 3.72759e-09 1.29007e+04 6.45029e-18 +0.00000e+00
 4.64159e-09 1.29379e+04 8.01464e-18 +0.00000e+00
 5.77969e-09 1.29809e+04 9.95397e-18 +0.00000e+00
 7.19686e-09 1.30303e+04 1.23565e-17 +0.00000e+00
 8.96151e-09 1.30871e+04 1.53304e-17 +0.00000e+00
 1.11588e-08 1.31518e+04 1.90087e-17 +0.00000e+00
 1.38950e-08 1.32255e+04 2.35542e-17 +0.00000e+00
 1.73020e-08 1.33089e+04 2.91661e-17 +0.00000e+00
 2.15443e-08 1.34026e+04 3.60887e-17 +0.00000e+00
 2.68270e-08 1.35072e+04 4.46204e-17 +0.00000e+00
 3.34048e-08 1.36230e+04 5.51270e-17 +0.00000e+00
 4.15956e-08 1.37502e+04 6.80564e-17 +0.00000e+00
 5.17947e-08 1.38881e+04 8.39606e-17 +0.00000e+00
 6.44947e-08 1.40360e+04 1.03518e-16 +0.00000e+00
 8.03086e-08 1.41927e+04 1.27567e-16 +0.00000e+00
 1.00000e-07 1.43562e+04 1.57148e-16 +0.00000e+00
 1.24520e-07 1.45239e+04 1.93557e-16 +0.00000e+00
 1.55052e-07 1.46933e+04 2.38409e-16 +0.00000e+00
 1.93070e-07 1.48614e+04 2.93720e-16 +0.00000e+00
 2.40410e-07 1.50260e+04 3.61996e-16 +0.00000e+00
 2.99358e-07 1.51854e+04 4.46352e-16 +0.00000e+00
 3.72759e-07 1.53391e+04 5.50636e-16 +0.00000e+00
 4.64159e-07 1.54879e+04 6.79575e-16 +0.00000e+00
 5.77969e-07 1.56339e+04 8.38939e-16 +0.00000e+00
 7.19686e-07 1.57805e+04 1.03573e-15 +0.00000e+00
 8.96151e-07 1.59317e+04 1.27843e-15 +0.00000e+00
 1.11588e-06 1.60907e+04 1.57740e-15 +0.00000e+00
 1.38950e-06 1.62587e+04 1.94540e-15 +0.00000e+00
 1.73020e-06 1.64348e+04 2.39835e-15 +0.00000e+00
 2.15443e-06 1.66166e+04 2.95610e-15 +0.00000e+00
 2.68270e-06 1.68017e+04 3.64331e-15 +0.00000e+00
 3.34048e-06 1.69881e+04 4.49051e-15 +0.00000e+00
 4.15956e-06 1.71754e+04 5.53514e-15 +0.00000e+00
 5.17947e-06 1.73631e+04 6.82347e-15 +0.00000e+00
 6.44947e-06 1.75496e+04 8.41327e-15 +0.00000e+00
 8.03086e-06 1.77326e+04 1.03767e-14 +0.00000e+00
 1.00000e-05 1.79094e+04 1.28043e-14 +0.00000e+00
 1.24520e-05 1.80763e+04 1.58101e-14 +0.00000e+00
 1.55052e-05 1.82278e+04 1.95398e-14 +0.00000e+00
 1.93070e-05 1.83535e+04 2.41849e-14 +0.00000e+00
 2.40410e-05 1.84293e+04 3.00167e-14 +0.00000e+00
 2.99358e-05 1.83805e+04 3.75076e-14 +0.00000e+00
 3.72759e-05 1.79336e+04 4.79083e-14 +0.00000e+00
 4.64159e-05 1.66298e+04 6.43841e-14 +0.00000e+00
 5.77969e-05 1.52078e+04 8.77349e-14 +0.00000e+00
 7.19686e-05 1.40499e+04 1.18321e-13 +0.00000e+00
 8.96151e-05 1.31647e+04 1.57266e-13 +0.00000e+00
 1.11588e-04 1.25616e+04 2.05162e-13 +0.00000e+00
 1.38950e-04 1.21162e+04 2.64600e-13 +0.00000e+00
 1.73020e-04 1.17381e+04 3.39461e-13 +0.00000e+00
 2.15443e-04 1.14764e+04 4.31040e-13 +0.00000e+00
 2.68270e-04 1.13291e+04 5.41363e-13 +0.00000e+00
 3.34048e-04 1.12482e+04 6.75085e-13 +0.00000e+00
 4.15956e-04 1.12035e+04 8.38001e-13 +0.00000e+00
 5.17947e-04 1.11822e+04 1.03689e-12 +0.00000e+00
 6.44947e-04 1.11807e+04 1.28088e-12 +0.00000e+00
 8.03086e-04 1.11977e+04 1.58217e-12 +0.00000e+00
 1.00000e-03 1.12309e+04 1.95599e-12 +0.00000e+00
 1.24520e-03 1.12761e+04 2.41567e-12 -2.54410e-07
 1.55052e-03 1.13287e+04 2.96996e-12 -3.16790e-07
 1.93070e-03 1.13848e+04 3.63223e-12 -3.94466e-07
 2.40410e-03 1.14423e+04 4.41824e-12 -4.91187e-07
 2.99358e-03 1.15004e+04 5.34713e-12 -6.11627e-07
 3.72759e-03 1.15597e+04 6.44051e-12 -7.61595e-07
 4.64159e-03 1.16209e+04 7.72247e-12 -9.48335e-07
 5.77969e-03 1.16845e+04 9.21845e-12 -1.18087e-06
 7.19686e-03 1.17509e+04 1.09570e-11 -1.47041e-06
 8.96151e-03 1.18199e+04 1.29701e-11 -1.83095e-06
 1.11588e-02 1.18917e+04 1.52922e-11 -2.27990e-06
 1.38950e-02 1.19665e+04 1.79614e-11 -2.83892e-06
 1.73020e-02 1.20451e+04 2.10181e-11 -3.53501e-06
 2.15443e-02 1.21285e+04 2.45079e-11 -4.40179e-06
 2.68270e-02 1.22178e+04 2.84803e-11 -5.48110e-06
 3.34048e-02 1.23143e+04 3.29902e-11 -6.82505e-06
 4.15956e-02 1.24195e+04 3.80980e-11 -8.49852e-06
 5.17947e-02 1.25351e+04 4.38703e-11 -1.05823e-05
 6.44947e-02 1.26629e+04 5.03808e-11 -1.31771e-05
 8.03086e-02 1.28053e+04 5.77102e-11 -1.64081e-05
 1.00000e-01 1.29649e+04 6.59464e-11 -2.04313e-05
 1.24520e-01 1.31447e+04 7.51852e-11 -2.54410e-05
 1.55052e-01 1.33480e+04 8.55295e-11 -3.16790e-05
 1.93070e-01 1.35787e+04 9.70890e-11 -3.94466e-05
 2.40410e-01 1.38404e+04 1.09982e-10 -4.91187e-05
 2.99358e-01 1.41371e+04 1.24341e-10 -6.11627e-05
 3.72759e-01 1.44717e+04 1.40331e-10 -7.61595e-05
 4.64159e-01 1.48455e+04 1.58182e-10 -9.48427e-05
 5.77969e-01 1.52573e+04 1.78236e-10 -1.18093e-04
 7.19686e-01 1.57030e+04 2.00954e-10 -1.47041e-04
 8.96151e-01 1.61787e+04 2.26861e-10 -1.83095e-04
 1.11588e+00 1.66841e+04 2.56476e-10 -2.27990e-04
 1.38950e+00 1.72212e+04 2.90323e-10 -2.83892e-04
 1.73020e+00 1.77933e+04 3.28954e-10 -3.53501e-04
 2.15443e+00 1.84022e+04 3.73017e-10 -4.40179e-04
 2.68270e+00 1.90470e+04 4.23287e-10 -5.48110e-04
 3.34048e+00 1.97268e+04 4.80622e-10 -6.12940e-04
 4.15956e+00 2.04406e+04 5.45984e-10 -6.12940e-04
 5.17947e+00 2.11932e+04 6.20336e-10 -6.12940e-04
 6.44947e+00 2.19676e+04 7.05288e-10 -6.12940e-04
 8.03086e+00 2.27892e+04 8.01466e-10 -6.12940e-04
 1.00000e+01 2.36416e+04 9.10917e-10 -6.12940e-04
 1.24520e+01 2.45496e+04 1.03458e-09 -6.12940e-04
 1.55052e+01 2.54783e+04 1.17554e-09 -6.12940e-04
 1.93070e+01 2.65861e+04 1.33022e-09 -6.12940e-04
 2.40410e+01 2.75277e+04 1.51572e-09 -6.12940e-04
 2.99358e+01 2.90145e+04 1.70189e-09 -6.12940e-04
 3.72759e+01 3.00042e+04 1.94588e-09 -6.12940e-04
 4.64159e+01 3.17929e+04 2.17577e-09 -6.12940e-04
 5.77969e+01 3.33271e+04 2.46415e-09 -6.12940e-04
 7.19686e+01 3.48540e+04 2.79124e-09 -6.12940e-04
 8.96151e+01 3.73037e+04 3.08878e-09 -6.12937e-04
 1.11588e+02 3.88578e+04 3.51561e-09 -6.12937e-04
 1.38950e+02 4.14333e+04 3.90380e-09 -6.12937e-04
 1.73020e+02 4.29039e+04 4.47371e-09 -6.12937e-04
 2.15443e+02 4.57957e+04 4.97909e-09 -6.12937e-04
 2.68270e+02 4.72281e+04 5.73262e-09 -6.12933e-04
 3.34048e+02 4.98371e+04 6.44283e-09 -6.12933e-04
 4.15956e+02 5.14294e+04 7.38543e-09 -6.12918e-04
 5.17947e+02 5.40841e+04 8.30777e-09 -6.12900e-04
 6.44947e+02 5.53584e+04 9.55833e-09 -6.12643e-04
 8.03086e+02 5.79095e+04 1.07400e-08 -6.12231e-04
 1.00000e+03 5.98540e+04 1.22054e-08 -6.09861e-04
