#n1=128 n2=4 Teff=15500 R=4.3739e+12 L=7.8763e+38 logg=+2.00
#   tau          T          rho         Fconv
 0.00000e+00 1.31761e+04 5.56568e-22 +0.00000e+00
 1.00000e-09 1.31761e+04 1.47245e-19 +0.00000e+00
 1.24520e-09 1.31840e+04 1.83512e-19 +0.00000e+00
 1.55052e-09 1.31929e+04 2.28720e-19 +0.00000e+00
 1.93070e-09 1.32025e+04 2.85070e-19 +0.00000e+00
 2.40410e-09 1.32129e+04 3.55301e-19 +0.00000e+00
 2.99358e-09 1.32244e+04 4.42822e-19 +0.00000e+00
 3.72759e-09 1.32370e+04 5.51877e-19 +0.00000e+00
 4.64159e-09 1.32508e+04 6.87741e-19 +0.00000e+00
 5.77969e-09 1.32662e+04 8.56975e-19 +0.00000e+00
 7.19686e-09 1.32833e+04 1.06773e-18 +0.00000e+00
 8.96151e-09 1.33024e+04 1.33015e-18 +0.00000e+00
 1.11588e-08 1.33239e+04 1.65678e-18 +0.00000e+00
 1.38950e-08 1.33481e+04 2.06322e-18 +0.00000e+00
 1.73020e-08 1.33754e+04 2.56878e-18 +0.00000e+00
 2.15443e-08 1.34064e+04 3.19738e-18 +0.00000e+00
 2.68270e-08 1.34417e+04 3.97858e-18 +0.00000e+00
 3.34048e-08 1.34819e+04 4.94891e-18 +0.00000e+00
 4.15956e-08 1.35277e+04 6.15340e-18 +0.00000e+00
 5.17947e-08 1.35800e+04 7.64755e-18 +0.00000e+00
 6.44947e-08 1.36395e+04 9.49959e-18 +0.00000e+00
 8.03086e-08 1.37071e+04 1.17935e-17 +0.00000e+00
 1.00000e-07 1.37838e+04 1.46321e-17 +0.00000e+00
 1.24520e-07 1.38703e+04 1.81417e-17 +0.00000e+00
 1.55052e-07 1.39675e+04 2.24770e-17 +0.00000e+00
 1.93070e-07 1.40761e+04 2.78273e-17 +0.00000e+00
 2.40410e-07 1.41967e+04 3.44245e-17 +0.00000e+00
 2.99358e-07 1.43294e+04 4.25530e-17 +0.00000e+00
 3.72759e-07 1.44744e+04 5.25616e-17 +0.00000e+00
 4.64159e-07 1.46311e+04 6.48792e-17 +0.00000e+00
 5.77969e-07 1.47989e+04 8.00339e-17 +0.00000e+00
 7.19686e-07 1.49758e+04 9.86833e-17 +0.00000e+00
 8.96151e-07 1.51600e+04 1.21638e-16 +0.00000e+00
 1.11588e-06 1.53494e+04 1.49906e-16 +0.00000e+00
 1.38950e-06 1.55408e+04 1.84752e-16 +0.00000e+00
 1.73020e-06 1.57318e+04 2.27744e-16 +0.00000e+00
 2.15443e-06 1.59201e+04 2.80835e-16 +0.00000e+00
 2.68270e-06 1.61045e+04 3.46441e-16 +0.00000e+00
 3.34048e-06 1.62848e+04 4.27547e-16 +0.00000e+00
 4.15956e-06 1.64615e+04 5.27832e-16 +0.00000e+00
 5.17947e-06 1.66358e+04 6.51827e-16 +0.00000e+00
 6.44947e-06 1.68077e+04 8.05167e-16 +0.00000e+00
 8.03086e-06 1.69806e+04 9.94653e-16 +0.00000e+00
 1.00000e-05 1.71517e+04 1.22901e-15 +0.00000e+00
 1.24520e-05 1.73165e+04 1.51933e-15 +0.00000e+00
 1.55052e-05 1.74673e+04 1.87993e-15 +0.00000e+00
 1.93070e-05 1.75915e+04 2.32987e-15 +0.00000e+00
 2.40410e-05 1.76627e+04 2.89637e-15 +0.00000e+00
 2.99358e-05 1.76151e+04 3.62501e-15 +0.00000e+00
 3.72759e-05 1.72647e+04 4.61661e-15 +0.00000e+00
 4.64159e-05 1.62454e+04 6.12404e-15 +0.00000e+00
 5.77969e-05 1.49064e+04 8.33046e-15 +0.00000e+00
 7.19686e-05 1.40283e+04 1.10483e-14 +0.00000e+00
 8.96151e-05 1.32808e+04 1.45644e-14 +0.00000e+00
 1.11588e-04 1.25755e+04 1.91939e-14 +0.00000e+00
 1.38950e-04 1.18748e+04 2.53616e-14 +0.00000e+00
 1.73020e-04 1.13614e+04 3.30692e-14 +0.00000e+00
 2.15443e-04 1.11355e+04 4.20848e-14 +0.00000e+00
 2.68270e-04 1.10828e+04 5.27345e-14 +0.00000e+00
 3.34048e-04 1.10898e+04 6.57142e-14 +0.00000e+00
 4.15956e-04 1.11237e+04 8.16802e-14 +0.00000e+00
 5.17947e-04 1.11667e+04 1.01436e-13 +0.00000e+00
 6.44947e-04 1.12167e+04 1.25920e-13 +0.00000e+00
 8.03086e-04 1.12717e+04 1.56704e-13 +0.00000e+00
 1.00000e-03 1.13308e+04 1.95134e-13 +0.00000e+00
 1.24520e-03 1.13937e+04 2.42885e-13 -2.54296e-07
 1.55052e-03 1.14594e+04 3.02176e-13 -3.16647e-07
 1.93070e-03 1.15274e+04 3.75636e-13 -3.94289e-07
 2.40410e-03 1.15971e+04 4.66453e-13 -4.90967e-07
 2.99358e-03 1.16682e+04 5.78411e-13 -6.11352e-07
 3.72759e-03 1.17398e+04 7.16057e-13 -7.61253e-07
 4.64159e-03 1.18120e+04 8.84781e-13 -9.47910e-07
 5.77969e-03 1.18847e+04 1.09107e-12 -1.18034e-06
 7.19686e-03 1.19580e+04 1.34266e-12 -1.46975e-06
 8.96151e-03 1.20321e+04 1.64875e-12 -1.83013e-06
 1.11588e-02 1.21077e+04 2.02012e-12 -2.27887e-06
 1.38950e-02 1.21855e+04 2.46920e-12 -2.83764e-06
 1.73020e-02 1.22665e+04 3.01018e-12 -3.53342e-06
 2.15443e-02 1.23520e+04 3.65911e-12 -4.39981e-06
 2.68270e-02 1.24432e+04 4.43394e-12 -5.47864e-06
 3.34048e-02 1.25411e+04 5.35464e-12 -6.82199e-06
 4.15956e-02 1.26469e+04 6.44335e-12 -8.49470e-06
 5.17947e-02 1.27619e+04 7.72426e-12 -1.05776e-05
 6.44947e-02 1.28874e+04 9.22354e-12 -1.31712e-05
 8.03086e-02 1.30256e+04 1.09692e-11 -1.64007e-05
 1.00000e-01 1.31777e+04 1.29921e-11 -2.04221e-05
 1.24520e-01 1.33458e+04 1.53248e-11 -2.54296e-05
 1.55052e-01 1.35329e+04 1.80020e-11 -3.16647e-05
 1.93070e-01 1.37424e+04 2.10607e-11 -3.94289e-05
 2.40410e-01 1.39782e+04 2.45420e-11 -4.90967e-05
 2.99358e-01 1.42445e+04 2.84930e-11 -6.11352e-05
 3.72759e-01 1.45457e+04 3.29697e-11 -7.61253e-05
 4.64159e-01 1.48856e+04 3.80421e-11 -9.47910e-05
 5.77969e-01 1.52652e+04 4.38018e-11 -1.18034e-04
 7.19686e-01 1.56836e+04 5.03616e-11 -1.46975e-04
 8.96151e-01 1.61385e+04 5.78545e-11 -1.83013e-04
 1.11588e+00 1.66292e+04 6.64228e-11 -2.27887e-04
 1.38950e+00 1.71570e+04 7.62197e-11 -2.83764e-04
 1.73020e+00 1.77246e+04 8.74133e-11 -3.53342e-04
 2.15443e+00 1.83336e+04 1.00200e-10 -4.39981e-04
 2.68270e+00 1.89831e+04 1.14815e-10 -5.47864e-04
 3.34048e+00 1.96725e+04 1.31525e-10 -6.12665e-04
 4.15956e+00 2.04008e+04 1.50630e-10 -6.12665e-04
 5.17947e+00 2.11737e+04 1.72434e-10 -6.12665e-04
 6.44947e+00 2.19751e+04 1.97430e-10 -6.12665e-04
 8.03086e+00 2.28278e+04 2.25864e-10 -6.12665e-04
 1.00000e+01 2.37137e+04 2.58381e-10 -6.12665e-04
 1.24520e+01 2.46610e+04 2.95274e-10 -6.12665e-04
 1.55052e+01 2.56105e+04 3.37737e-10 -6.12665e-04
 1.93070e+01 2.67557e+04 3.84348e-10 -6.12665e-04
 2.40410e+01 2.76931e+04 4.40881e-10 -6.12665e-04
 2.99358e+01 2.91601e+04 4.97962e-10 -6.12665e-04
 3.72759e+01 3.01590e+04 5.71842e-10 -6.12665e-04
 4.64159e+01 3.17797e+04 6.44040e-10 -6.12665e-04
 5.77969e+01 3.32936e+04 7.29542e-10 -6.12665e-04
 7.19686e+01 3.47196e+04 8.27890e-10 -6.12665e-04
 8.96151e+01 3.69286e+04 9.19422e-10 -6.12665e-04
 1.11588e+02 3.83830e+04 1.04852e-09 -6.12665e-04
 1.38950e+02 4.10045e+04 1.16561e-09 -6.12665e-04
 1.73020e+02 4.25498e+04 1.33795e-09 -6.12665e-04
 2.15443e+02 4.54695e+04 1.49569e-09 -6.12665e-04
 2.68270e+02 4.71203e+04 1.72296e-09 -6.12665e-04
 3.34048e+02 4.99589e+04 1.94148e-09 -6.12665e-04
 4.15956e+02 5.16543e+04 2.23698e-09 -6.12665e-04
 5.17947e+02 5.43992e+04 2.52913e-09 -6.12665e-04
 6.44947e+02 5.60990e+04 2.91025e-09 -6.12662e-04
 8.03086e+02 5.85716e+04 3.30040e-09 -6.12662e-04
 1.00000e+03 6.07623e+04 3.76210e-09 -6.12649e-04
