#n1=128 n2=4 Teff=16000 R=1.7498e+13 L=1.4298e+40 logg=+1.00
#   tau          T          rho         Fconv
 0.00000e+00 9.99976e+03 7.47164e-22 +0.00000e+00
 1.00000e-09 9.99976e+03 1.62610e-20 +0.00000e+00
 1.24520e-09 9.98536e+03 2.01714e-20 +0.00000e+00
 1.55052e-09 9.97187e+03 2.50644e-20 +0.00000e+00
 1.93070e-09 9.96002e+03 3.11844e-20 +0.00000e+00
 2.40410e-09 9.95036e+03 3.88358e-20 +0.00000e+00
 2.99358e-09 9.94311e+03 4.83988e-20 +0.00000e+00
 3.72759e-09 9.93816e+03 6.03489e-20 +0.00000e+00
 4.64159e-09 9.93531e+03 7.52802e-20 +0.00000e+00
 5.77969e-09 9.93430e+03 9.39350e-20 +0.00000e+00
 7.19686e-09 9.93486e+03 1.17241e-19 +0.00000e+00
 8.96151e-09 9.93678e+03 1.46355e-19 +0.00000e+00
 1.11588e-08 9.93986e+03 1.82726e-19 +0.00000e+00
 1.38950e-08 9.94393e+03 2.28159e-19 +0.00000e+00
 1.73020e-08 9.94885e+03 2.84911e-19 +0.00000e+00
 2.15443e-08 9.95450e+03 3.55800e-19 +0.00000e+00
 2.68270e-08 9.96077e+03 4.44345e-19 +0.00000e+00
 3.34048e-08 9.96758e+03 5.54943e-19 +0.00000e+00
 4.15956e-08 9.97484e+03 6.93083e-19 +0.00000e+00
 5.17947e-08 9.98247e+03 8.65625e-19 +0.00000e+00
 6.44947e-08 9.99041e+03 1.08113e-18 +0.00000e+00
 8.03086e-08 9.99860e+03 1.35031e-18 +0.00000e+00
 1.00000e-07 1.00070e+04 1.68651e-18 +0.00000e+00
 1.24520e-07 1.00156e+04 2.10642e-18 +0.00000e+00
 1.55052e-07 1.00244e+04 2.63091e-18 +0.00000e+00
 1.93070e-07 1.00333e+04 3.28599e-18 +0.00000e+00
 2.40410e-07 1.00423e+04 4.10417e-18 +0.00000e+00
 2.99358e-07 1.00515e+04 5.12608e-18 +0.00000e+00
 3.72759e-07 1.00609e+04 6.40239e-18 +0.00000e+00
 4.64159e-07 1.00706e+04 7.99641e-18 +0.00000e+00
 5.77969e-07 1.00805e+04 9.98718e-18 +0.00000e+00
 7.19686e-07 1.00908e+04 1.24734e-17 +0.00000e+00
 8.96151e-07 1.01014e+04 1.55781e-17 +0.00000e+00
 1.11588e-06 1.01127e+04 1.94550e-17 +0.00000e+00
 1.38950e-06 1.01245e+04 2.42957e-17 +0.00000e+00
 1.73020e-06 1.01371e+04 3.03395e-17 +0.00000e+00
 2.15443e-06 1.01505e+04 3.78844e-17 +0.00000e+00
 2.68270e-06 1.01650e+04 4.73019e-17 +0.00000e+00
 3.34048e-06 1.01807e+04 5.90553e-17 +0.00000e+00
 4.15956e-06 1.01977e+04 7.37215e-17 +0.00000e+00
 5.17947e-06 1.02163e+04 9.20184e-17 +0.00000e+00
 6.44947e-06 1.02367e+04 1.14840e-16 +0.00000e+00
 8.03086e-06 1.02590e+04 1.43299e-16 +0.00000e+00
 1.00000e-05 1.02834e+04 1.78777e-16 +0.00000e+00
 1.24520e-05 1.03103e+04 2.22990e-16 +0.00000e+00
 1.55052e-05 1.03398e+04 2.78069e-16 +0.00000e+00
 1.93070e-05 1.03720e+04 3.46658e-16 +0.00000e+00
 2.40410e-05 1.04073e+04 4.32039e-16 +0.00000e+00
 2.99358e-05 1.04457e+04 5.38282e-16 +0.00000e+00
 3.72759e-05 1.04874e+04 6.70439e-16 +0.00000e+00
 4.64159e-05 1.05325e+04 8.34774e-16 +0.00000e+00
 5.77969e-05 1.05809e+04 1.03906e-15 +0.00000e+00
 7.19686e-05 1.06328e+04 1.29297e-15 +0.00000e+00
 8.96151e-05 1.06877e+04 1.60848e-15 +0.00000e+00
 1.11588e-04 1.07454e+04 2.00056e-15 +0.00000e+00
 1.38950e-04 1.08052e+04 2.48785e-15 +0.00000e+00
 1.73020e-04 1.08663e+04 3.09370e-15 +0.00000e+00
 2.15443e-04 1.09272e+04 3.84743e-15 +0.00000e+00
 2.68270e-04 1.09866e+04 4.78597e-15 +0.00000e+00
 3.34048e-04 1.10428e+04 5.95589e-15 +0.00000e+00
 4.15956e-04 1.10937e+04 7.41614e-15 +0.00000e+00
 5.17947e-04 1.11387e+04 9.24063e-15 +0.00000e+00
 6.44947e-04 1.11775e+04 1.15218e-14 +0.00000e+00
 8.03086e-04 1.12111e+04 1.43745e-14 +0.00000e+00
 1.00000e-03 1.12412e+04 1.79410e-14 +0.00000e+00
 1.24520e-03 1.12696e+04 2.23976e-14 -2.54553e-07
 1.55052e-03 1.12975e+04 2.79638e-14 -3.16969e-07
 1.93070e-03 1.13251e+04 3.49150e-14 -3.94687e-07
 2.40410e-03 1.13514e+04 4.35976e-14 -4.91466e-07
 2.99358e-03 1.13749e+04 5.44484e-14 -6.11971e-07
 3.72759e-03 1.13939e+04 6.80173e-14 -7.62023e-07
 4.64159e-03 1.14068e+04 8.49938e-14 -9.48869e-07
 5.77969e-03 1.14136e+04 1.06234e-13 -1.18153e-06
 7.19686e-03 1.14167e+04 1.32777e-13 -1.47124e-06
 8.96151e-03 1.14180e+04 1.65905e-13 -1.83198e-06
 1.11588e-02 1.14214e+04 2.07152e-13 -2.28118e-06
 1.38950e-02 1.14257e+04 2.58475e-13 -2.84052e-06
 1.73020e-02 1.14362e+04 3.22134e-13 -3.53701e-06
 2.15443e-02 1.14512e+04 4.01043e-13 -4.40426e-06
 2.68270e-02 1.14713e+04 4.98709e-13 -5.48418e-06
 3.34048e-02 1.14994e+04 6.19272e-13 -6.82889e-06
 4.15956e-02 1.15411e+04 7.67487e-13 -8.50330e-06
 5.17947e-02 1.16081e+04 9.48208e-13 -1.05883e-05
 6.44947e-02 1.17045e+04 1.16712e-12 -1.31845e-05
 8.03086e-02 1.18342e+04 1.43012e-12 -1.64173e-05
 1.00000e-01 1.20080e+04 1.74249e-12 -2.04428e-05
 1.24520e-01 1.22339e+04 2.10967e-12 -2.54553e-05
 1.55052e-01 1.25167e+04 2.53811e-12 -3.16969e-05
 1.93070e-01 1.28596e+04 3.03568e-12 -3.94687e-05
 2.40410e-01 1.32643e+04 3.61300e-12 -4.91466e-05
 2.99358e-01 1.37267e+04 4.28537e-12 -6.11971e-05
 3.72759e-01 1.42347e+04 5.07459e-12 -7.62023e-05
 4.64159e-01 1.47734e+04 6.00824e-12 -9.48869e-05
 5.77969e-01 1.53315e+04 7.11770e-12 -1.18153e-04
 7.19686e-01 1.59047e+04 8.43699e-12 -1.47124e-04
 8.96151e-01 1.64946e+04 1.00026e-11 -1.83198e-04
 1.11588e+00 1.71066e+04 1.18540e-11 -2.28118e-04
 1.38950e+00 1.77486e+04 1.40338e-11 -2.84052e-04
 1.73020e+00 1.84301e+04 1.65888e-11 -3.53701e-04
 2.15443e+00 1.91603e+04 1.95710e-11 -4.40426e-04
 2.68270e+00 1.99481e+04 2.30392e-11 -5.48418e-04
 3.34048e+00 2.08005e+04 2.70624e-11 -6.13284e-04
 4.15956e+00 2.17229e+04 3.17214e-11 -6.13284e-04
 5.17947e+00 2.27198e+04 3.71109e-11 -6.13284e-04
 6.44947e+00 2.37878e+04 4.33524e-11 -6.13284e-04
 8.03086e+00 2.49374e+04 5.05595e-11 -6.13284e-04
 1.00000e+01 2.61620e+04 5.88888e-11 -6.13284e-04
 1.24520e+01 2.74742e+04 6.84563e-11 -6.13284e-04
 1.55052e+01 2.88511e+04 7.94210e-11 -6.13284e-04
 1.93070e+01 3.03917e+04 9.15336e-11 -6.13284e-04
 2.40410e+01 3.18620e+04 1.05558e-10 -6.13284e-04
 2.99358e+01 3.37062e+04 1.20211e-10 -6.13284e-04
 3.72759e+01 3.52907e+04 1.38609e-10 -6.13284e-04
 4.64159e+01 3.72924e+04 1.58590e-10 -6.13284e-04
 5.77969e+01 3.91709e+04 1.83018e-10 -6.13284e-04
 7.19686e+01 4.10801e+04 2.11616e-10 -6.13284e-04
 8.96151e+01 4.33228e+04 2.43558e-10 -6.13284e-04
 1.11588e+02 4.51834e+04 2.83170e-10 -6.13284e-04
 1.38950e+02 4.76296e+04 3.25718e-10 -6.13284e-04
 1.73020e+02 4.96046e+04 3.78655e-10 -6.13284e-04
 2.15443e+02 5.21546e+04 4.35770e-10 -6.13284e-04
 2.68270e+02 5.42708e+04 5.05835e-10 -6.13284e-04
 3.34048e+02 5.69471e+04 5.81810e-10 -6.13284e-04
 4.15956e+02 5.92328e+04 6.73943e-10 -6.13284e-04
 5.17947e+02 6.20039e+04 7.74887e-10 -6.13284e-04
 6.44947e+02 6.45935e+04 8.94136e-10 -6.13284e-04
 8.03086e+02 6.73894e+04 1.02881e-09 -6.13284e-04
 1.00000e+03 7.05226e+04 1.17959e-09 -6.13284e-04
