#n1=128 n2=4 Teff=16500 R=1.0150e+13 L=5.4372e+39 logg=+1.50
#   tau          T          rho         Fconv
 0.00000e+00 1.06911e+04 6.98845e-22 +0.00000e+00
 1.00000e-09 1.06911e+04 5.62880e-20 +0.00000e+00
 1.24520e-09 1.06830e+04 7.01227e-20 +0.00000e+00
 1.55052e-09 1.06731e+04 8.74138e-20 +0.00000e+00
 1.93070e-09 1.06613e+04 1.09032e-19 +0.00000e+00
 2.40410e-09 1.06475e+04 1.36062e-19 +0.00000e+00
 2.99358e-09 1.06336e+04 1.69838e-19 +0.00000e+00
 3.72759e-09 1.06178e+04 2.12081e-19 +0.00000e+00
 4.64159e-09 1.06022e+04 2.64869e-19 +0.00000e+00
 5.77969e-09 1.05877e+04 3.30801e-19 +0.00000e+00
 7.19686e-09 1.05753e+04 4.13108e-19 +0.00000e+00
 8.96151e-09 1.05655e+04 5.15815e-19 +0.00000e+00
 1.11588e-08 1.05582e+04 6.43937e-19 +0.00000e+00
 1.38950e-08 1.05536e+04 8.03733e-19 +0.00000e+00
 1.73020e-08 1.05512e+04 1.00301e-18 +0.00000e+00
 2.15443e-08 1.05507e+04 1.25151e-18 +0.00000e+00
 2.68270e-08 1.05519e+04 1.56137e-18 +0.00000e+00
 3.34048e-08 1.05544e+04 1.94778e-18 +0.00000e+00
 4.15956e-08 1.05583e+04 2.42954e-18 +0.00000e+00
 5.17947e-08 1.05631e+04 3.03026e-18 +0.00000e+00
 6.44947e-08 1.05688e+04 3.77929e-18 +0.00000e+00
 8.03086e-08 1.05751e+04 4.71329e-18 +0.00000e+00
 1.00000e-07 1.05820e+04 5.87796e-18 +0.00000e+00
 1.24520e-07 1.05892e+04 7.33033e-18 +0.00000e+00
 1.55052e-07 1.05967e+04 9.14159e-18 +0.00000e+00
 1.93070e-07 1.06045e+04 1.14006e-17 +0.00000e+00
 2.40410e-07 1.06124e+04 1.42181e-17 +0.00000e+00
 2.99358e-07 1.06204e+04 1.77326e-17 +0.00000e+00
 3.72759e-07 1.06284e+04 2.21168e-17 +0.00000e+00
 4.64159e-07 1.06364e+04 2.75864e-17 +0.00000e+00
 5.77969e-07 1.06445e+04 3.44104e-17 +0.00000e+00
 7.19686e-07 1.06526e+04 4.29247e-17 +0.00000e+00
 8.96151e-07 1.06608e+04 5.35482e-17 +0.00000e+00
 1.11588e-06 1.06691e+04 6.68040e-17 +0.00000e+00
 1.38950e-06 1.06776e+04 8.33449e-17 +0.00000e+00
 1.73020e-06 1.06863e+04 1.03985e-16 +0.00000e+00
 2.15443e-06 1.06954e+04 1.29738e-16 +0.00000e+00
 2.68270e-06 1.07049e+04 1.61874e-16 +0.00000e+00
 3.34048e-06 1.07150e+04 2.01972e-16 +0.00000e+00
 4.15956e-06 1.07257e+04 2.52000e-16 +0.00000e+00
 5.17947e-06 1.07373e+04 3.14401e-16 +0.00000e+00
 6.44947e-06 1.07497e+04 3.92218e-16 +0.00000e+00
 8.03086e-06 1.07633e+04 4.89235e-16 +0.00000e+00
 1.00000e-05 1.07780e+04 6.10161e-16 +0.00000e+00
 1.24520e-05 1.07941e+04 7.60843e-16 +0.00000e+00
 1.55052e-05 1.08118e+04 9.48556e-16 +0.00000e+00
 1.93070e-05 1.08310e+04 1.18236e-15 +0.00000e+00
 2.40410e-05 1.08520e+04 1.47345e-15 +0.00000e+00
 2.99358e-05 1.08748e+04 1.83587e-15 +0.00000e+00
 3.72759e-05 1.08996e+04 2.28688e-15 +0.00000e+00
 4.64159e-05 1.09264e+04 2.84815e-15 +0.00000e+00
 5.77969e-05 1.09551e+04 3.54641e-15 +0.00000e+00
 7.19686e-05 1.09858e+04 4.41494e-15 +0.00000e+00
 8.96151e-05 1.10182e+04 5.49516e-15 +0.00000e+00
 1.11588e-04 1.10522e+04 6.83839e-15 +0.00000e+00
 1.38950e-04 1.10875e+04 8.50876e-15 +0.00000e+00
 1.73020e-04 1.11236e+04 1.05862e-14 +0.00000e+00
 2.15443e-04 1.11600e+04 1.31710e-14 +0.00000e+00
 2.68270e-04 1.11959e+04 1.63887e-14 +0.00000e+00
 3.34048e-04 1.12303e+04 2.03982e-14 +0.00000e+00
 4.15956e-04 1.12621e+04 2.54001e-14 +0.00000e+00
 5.17947e-04 1.12900e+04 3.16445e-14 +0.00000e+00
 6.44947e-04 1.13127e+04 3.94457e-14 +0.00000e+00
 8.03086e-04 1.13292e+04 4.91993e-14 +0.00000e+00
 1.00000e-03 1.13389e+04 6.14022e-14 +0.00000e+00
 1.24520e-03 1.13414e+04 7.66779e-14 -2.54735e-07
 1.55052e-03 1.13366e+04 9.58064e-14 -3.17195e-07
 1.93070e-03 1.13237e+04 1.19772e-13 -3.94971e-07
 2.40410e-03 1.13009e+04 1.49822e-13 -4.91815e-07
 2.99358e-03 1.12666e+04 1.87536e-13 -6.12408e-07
 3.72759e-03 1.12146e+04 2.35015e-13 -7.62568e-07
 4.64159e-03 1.11475e+04 2.94800e-13 -9.49548e-07
 5.77969e-03 1.10577e+04 3.70358e-13 -1.18238e-06
 7.19686e-03 1.09650e+04 4.65195e-13 -1.47229e-06
 8.96151e-03 1.08739e+04 5.83806e-13 -1.83329e-06
 1.11588e-02 1.08024e+04 7.30657e-13 -2.28281e-06
 1.38950e-02 1.07486e+04 9.11883e-13 -2.84255e-06
 1.73020e-02 1.07177e+04 1.13386e-12 -3.53953e-06
 2.15443e-02 1.07140e+04 1.40372e-12 -4.40742e-06
 2.68270e-02 1.07421e+04 1.72871e-12 -5.48810e-06
 3.34048e-02 1.08073e+04 2.11615e-12 -6.83377e-06
 4.15956e-02 1.09134e+04 2.57343e-12 -8.50938e-06
 5.17947e-02 1.10642e+04 3.10826e-12 -1.05959e-05
 6.44947e-02 1.12610e+04 3.72944e-12 -1.31939e-05
 8.03086e-02 1.15047e+04 4.44688e-12 -1.64290e-05
 1.00000e-01 1.17939e+04 5.27194e-12 -2.04574e-05
 1.24520e-01 1.21255e+04 6.21852e-12 -2.54857e-05
 1.55052e-01 1.24956e+04 7.30370e-12 -3.17388e-05
 1.93070e-01 1.29021e+04 8.54858e-12 -3.94695e-05
 2.40410e-01 1.33454e+04 9.97990e-12 -4.92529e-05
 2.99358e-01 1.38267e+04 1.16324e-11 -6.12408e-05
 3.72759e-01 1.43458e+04 1.35502e-11 -7.62568e-05
 4.64159e-01 1.48984e+04 1.57872e-11 -9.49548e-05
 5.77969e-01 1.54770e+04 1.84069e-11 -1.18238e-04
 7.19686e-01 1.60747e+04 2.14797e-11 -1.47229e-04
 8.96151e-01 1.66877e+04 2.50806e-11 -1.83329e-04
 1.11588e+00 1.73160e+04 2.92899e-11 -2.28281e-04
 1.38950e+00 1.79627e+04 3.41925e-11 -2.84255e-04
 1.73020e+00 1.86334e+04 3.98801e-11 -3.53953e-04
 2.15443e+00 1.93347e+04 4.64533e-11 -4.40742e-04
 2.68270e+00 2.00745e+04 5.40235e-11 -5.48810e-04
 3.34048e+00 2.08582e+04 6.27229e-11 -6.13722e-04
 4.15956e+00 2.16926e+04 7.26979e-11 -6.13722e-04
 5.17947e+00 2.25828e+04 8.41223e-11 -6.13722e-04
 6.44947e+00 2.35311e+04 9.72025e-11 -6.13722e-04
 8.03086e+00 2.45457e+04 1.12152e-10 -6.13722e-04
 1.00000e+01 2.56267e+04 1.29245e-10 -6.13722e-04
 1.24520e+01 2.67824e+04 1.48746e-10 -6.13724e-04
 1.55052e+01 2.80049e+04 1.71002e-10 -6.13722e-04
 1.93070e+01 2.93546e+04 1.95969e-10 -6.13722e-04
 2.40410e+01 3.06849e+04 2.24732e-10 -6.13722e-04
 2.99358e+01 3.23169e+04 2.55021e-10 -6.13722e-04
 3.72759e+01 3.37717e+04 2.90958e-10 -6.13722e-04
 4.64159e+01 3.56243e+04 3.28127e-10 -6.13722e-04
 5.77969e+01 3.74030e+04 3.72820e-10 -6.13722e-04
 7.19686e+01 3.92384e+04 4.24696e-10 -6.13722e-04
 8.96151e+01 4.14362e+04 4.81907e-10 -6.13722e-04
 1.11588e+02 4.31943e+04 5.54021e-10 -6.13722e-04
 1.38950e+02 4.56136e+04 6.29299e-10 -6.13722e-04
 1.73020e+02 4.74394e+04 7.24880e-10 -6.13722e-04
 2.15443e+02 4.99080e+04 8.25256e-10 -6.13722e-04
 2.68270e+02 5.17852e+04 9.50573e-10 -6.13722e-04
 3.34048e+02 5.43043e+04 1.08255e-09 -6.13722e-04
 4.15956e+02 5.62568e+04 1.24515e-09 -6.13722e-04
 5.17947e+02 5.87744e+04 1.41833e-09 -6.13722e-04
 6.44947e+02 6.09806e+04 1.62428e-09 -6.13722e-04
 8.03086e+02 6.34023e+04 1.85311e-09 -6.13722e-04
 1.00000e+03 6.60836e+04 2.10764e-09 -6.13722e-04
