#n1=128 n2=4 Teff=16500 R=1.8067e+13 L=1.7194e+40 logg=+1.00
#   tau          T          rho         Fconv
 0.00000e+00 1.43682e+04 5.19781e-22 +0.00000e+00
 1.00000e-09 1.43682e+04 9.68250e-21 +0.00000e+00
 1.24520e-09 1.40998e+04 1.22977e-20 +0.00000e+00
 1.55052e-09 1.39558e+04 1.55034e-20 +0.00000e+00
 1.93070e-09 1.38971e+04 1.94529e-20 +0.00000e+00
 2.40410e-09 1.38780e+04 2.43696e-20 +0.00000e+00
 2.99358e-09 1.38830e+04 3.05088e-20 +0.00000e+00
 3.72759e-09 1.38887e+04 3.82444e-20 +0.00000e+00
 4.64159e-09 1.39246e+04 4.78429e-20 +0.00000e+00
 5.77969e-09 1.39652e+04 5.98376e-20 +0.00000e+00
 7.19686e-09 1.40223e+04 7.47736e-20 +0.00000e+00
 8.96151e-09 1.40950e+04 9.33551e-20 +0.00000e+00
 1.11588e-08 1.41761e+04 1.16490e-19 +0.00000e+00
 1.38950e-08 1.42700e+04 1.45244e-19 +0.00000e+00
 1.73020e-08 1.43715e+04 1.81001e-19 +0.00000e+00
 2.15443e-08 1.44815e+04 2.25433e-19 +0.00000e+00
 2.68270e-08 1.45976e+04 2.80654e-19 +0.00000e+00
 3.34048e-08 1.47183e+04 3.49284e-19 +0.00000e+00
 4.15956e-08 1.48427e+04 4.34569e-19 +0.00000e+00
 5.17947e-08 1.49701e+04 5.40545e-19 +0.00000e+00
 6.44947e-08 1.50997e+04 6.72221e-19 +0.00000e+00
 8.03086e-08 1.52309e+04 8.35827e-19 +0.00000e+00
 1.00000e-07 1.53634e+04 1.03911e-18 +0.00000e+00
 1.24520e-07 1.54967e+04 1.29171e-18 +0.00000e+00
 1.55052e-07 1.56305e+04 1.60563e-18 +0.00000e+00
 1.93070e-07 1.57644e+04 1.99579e-18 +0.00000e+00
 2.40410e-07 1.58982e+04 2.48076e-18 +0.00000e+00
 2.99358e-07 1.60315e+04 3.08370e-18 +0.00000e+00
 3.72759e-07 1.61642e+04 3.83339e-18 +0.00000e+00
 4.64159e-07 1.62963e+04 4.76565e-18 +0.00000e+00
 5.77969e-07 1.64269e+04 5.92541e-18 +0.00000e+00
 7.19686e-07 1.65563e+04 7.36821e-18 +0.00000e+00
 8.96151e-07 1.66847e+04 9.16328e-18 +0.00000e+00
 1.11588e-06 1.68125e+04 1.13967e-17 +0.00000e+00
 1.38950e-06 1.69401e+04 1.41754e-17 +0.00000e+00
 1.73020e-06 1.70679e+04 1.76324e-17 +0.00000e+00
 2.15443e-06 1.71967e+04 2.19326e-17 +0.00000e+00
 2.68270e-06 1.73271e+04 2.72806e-17 +0.00000e+00
 3.34048e-06 1.74602e+04 3.39297e-17 +0.00000e+00
 4.15956e-06 1.75966e+04 4.21944e-17 +0.00000e+00
 5.17947e-06 1.77373e+04 5.24635e-17 +0.00000e+00
 6.44947e-06 1.78832e+04 6.52181e-17 +0.00000e+00
 8.03086e-06 1.80349e+04 8.10541e-17 +0.00000e+00
 1.00000e-05 1.81913e+04 1.00718e-16 +0.00000e+00
 1.24520e-05 1.83529e+04 1.25129e-16 +0.00000e+00
 1.55052e-05 1.85198e+04 1.55428e-16 +0.00000e+00
 1.93070e-05 1.86910e+04 1.93039e-16 +0.00000e+00
 2.40410e-05 1.88641e+04 2.39754e-16 +0.00000e+00
 2.99358e-05 1.90342e+04 2.97855e-16 +0.00000e+00
 3.72759e-05 1.91913e+04 3.70332e-16 +0.00000e+00
 4.64159e-05 1.93278e+04 4.60988e-16 +0.00000e+00
 5.77969e-05 1.94160e+04 5.75337e-16 +0.00000e+00
 7.19686e-05 1.93990e+04 7.22032e-16 +0.00000e+00
 8.96151e-05 1.90721e+04 9.20993e-16 +0.00000e+00
 1.11588e-04 1.74316e+04 1.26411e-15 +0.00000e+00
 1.38950e-04 1.58557e+04 1.74296e-15 +0.00000e+00
 1.73020e-04 1.48113e+04 2.33936e-15 +0.00000e+00
 2.15443e-04 1.40555e+04 3.09012e-15 +0.00000e+00
 2.68270e-04 1.34455e+04 4.04890e-15 +0.00000e+00
 3.34048e-04 1.28905e+04 5.29204e-15 +0.00000e+00
 4.15956e-04 1.25440e+04 6.81170e-15 +0.00000e+00
 5.17947e-04 1.25102e+04 8.55204e-15 +0.00000e+00
 6.44947e-04 1.25841e+04 1.06425e-14 +0.00000e+00
 8.03086e-04 1.26737e+04 1.32251e-14 +0.00000e+00
 1.00000e-03 1.27596e+04 1.64372e-14 +0.00000e+00
 1.24520e-03 1.28399e+04 2.04367e-14 -2.55228e-07
 1.55052e-03 1.29156e+04 2.54162e-14 -3.17808e-07
 1.93070e-03 1.29886e+04 3.16132e-14 -3.95734e-07
 2.40410e-03 1.30603e+04 3.93222e-14 -4.92766e-07
 2.99358e-03 1.31317e+04 4.89085e-14 -6.13591e-07
 3.72759e-03 1.32037e+04 6.08258e-14 -7.64041e-07
 4.64159e-03 1.32767e+04 7.56342e-14 -9.51383e-07
 5.77969e-03 1.33514e+04 9.40230e-14 -1.18466e-06
 7.19686e-03 1.34284e+04 1.16843e-13 -1.47513e-06
 8.96151e-03 1.35084e+04 1.45144e-13 -1.83683e-06
 1.11588e-02 1.35919e+04 1.80216e-13 -2.28722e-06
 1.38950e-02 1.36796e+04 2.23643e-13 -2.84805e-06
 1.73020e-02 1.37721e+04 2.77364e-13 -3.54637e-06
 2.15443e-02 1.38705e+04 3.43740e-13 -4.41594e-06
 2.68270e-02 1.39760e+04 4.25640e-13 -5.49871e-06
 3.34048e-02 1.40900e+04 5.26530e-13 -6.84697e-06
 4.15956e-02 1.42145e+04 6.50568e-13 -8.52582e-06
 5.17947e-02 1.43518e+04 8.02717e-13 -1.06163e-05
 6.44947e-02 1.45049e+04 9.88860e-13 -1.32194e-05
 8.03086e-02 1.46770e+04 1.21590e-12 -1.64608e-05
 1.00000e-01 1.48726e+04 1.49185e-12 -2.04969e-05
 1.24520e-01 1.50969e+04 1.82591e-12 -2.55228e-05
 1.55052e-01 1.53550e+04 2.22863e-12 -3.17808e-05
 1.93070e-01 1.56539e+04 2.71175e-12 -3.95734e-05
 2.40410e-01 1.59994e+04 3.28873e-12 -4.92766e-05
 2.99358e-01 1.63972e+04 3.97480e-12 -6.13591e-05
 3.72759e-01 1.68508e+04 4.78776e-12 -7.64041e-05
 4.64159e-01 1.73618e+04 5.74868e-12 -9.51383e-05
 5.77969e-01 1.79282e+04 6.88330e-12 -1.18466e-04
 7.19686e-01 1.85490e+04 8.22170e-12 -1.47513e-04
 8.96151e-01 1.92229e+04 9.79941e-12 -1.83683e-04
 1.11588e+00 1.99492e+04 1.16577e-11 -2.28722e-04
 1.38950e+00 2.07290e+04 1.38434e-11 -2.84805e-04
 1.73020e+00 2.15678e+04 1.64076e-11 -3.54637e-04
 2.15443e+00 2.24745e+04 1.94054e-11 -4.41594e-04
 2.68270e+00 2.34631e+04 2.28941e-11 -5.49871e-04
 3.34048e+00 2.45518e+04 2.69316e-11 -6.14908e-04
 4.15956e+00 2.57590e+04 3.15768e-11 -6.14908e-04
 5.17947e+00 2.71111e+04 3.68660e-11 -6.14908e-04
 6.44947e+00 2.86047e+04 4.28261e-11 -6.14908e-04
 8.03086e+00 3.02540e+04 4.93816e-11 -6.14908e-04
 1.00000e+01 3.20035e+04 5.66806e-11 -6.14908e-04
 1.24520e+01 3.38375e+04 6.51183e-11 -6.14908e-04
 1.55052e+01 3.56682e+04 7.52763e-11 -6.14908e-04
 1.93070e+01 3.76465e+04 8.71163e-11 -6.14908e-04
 2.40410e+01 3.95232e+04 1.01478e-10 -6.14908e-04
 2.99358e+01 4.17293e+04 1.17629e-10 -6.14908e-04
 3.72759e+01 4.37619e+04 1.37271e-10 -6.14908e-04
 4.64159e+01 4.61103e+04 1.59412e-10 -6.14908e-04
 5.77969e+01 4.83736e+04 1.85838e-10 -6.14908e-04
 7.19686e+01 5.06551e+04 2.16784e-10 -6.14908e-04
 8.96151e+01 5.31085e+04 2.52329e-10 -6.14908e-04
 1.11588e+02 5.53044e+04 2.95120e-10 -6.14908e-04
 1.38950e+02 5.78879e+04 3.42910e-10 -6.14908e-04
 1.73020e+02 6.01234e+04 4.00656e-10 -6.14908e-04
 2.15443e+02 6.27660e+04 4.64943e-10 -6.14908e-04
 2.68270e+02 6.50882e+04 5.41921e-10 -6.14908e-04
 3.34048e+02 6.77983e+04 6.27719e-10 -6.14908e-04
 4.15956e+02 7.02377e+04 7.29470e-10 -6.14908e-04
 5.17947e+02 7.30259e+04 8.43205e-10 -6.14908e-04
 6.44947e+02 7.57012e+04 9.75833e-10 -6.14908e-04
 8.03086e+02 7.85436e+04 1.12637e-09 -6.14908e-04
 1.00000e+03 8.16814e+04 1.29577e-09 -6.14908e-04
