#n1=128 n2=4 Teff=16500 R=2.1915e+12 L=2.5378e+38 logg=+2.50
#   tau          T          rho         Fconv
 0.00000e+00 1.28703e+04 5.66055e-22 +0.00000e+00
 1.00000e-09 1.28703e+04 5.13381e-19 +0.00000e+00
 1.24520e-09 1.28886e+04 6.39890e-19 +0.00000e+00
 1.55052e-09 1.29086e+04 7.97334e-19 +0.00000e+00
 1.93070e-09 1.29314e+04 9.93165e-19 +0.00000e+00
 2.40410e-09 1.29573e+04 1.23662e-18 +0.00000e+00
 2.99358e-09 1.29871e+04 1.53914e-18 +0.00000e+00
 3.72759e-09 1.30212e+04 1.91484e-18 +0.00000e+00
 4.64159e-09 1.30604e+04 2.38114e-18 +0.00000e+00
 5.77969e-09 1.31054e+04 2.95948e-18 +0.00000e+00
 7.19686e-09 1.31569e+04 3.67629e-18 +0.00000e+00
 8.96151e-09 1.32157e+04 4.56402e-18 +0.00000e+00
 1.11588e-08 1.32826e+04 5.66250e-18 +0.00000e+00
 1.38950e-08 1.33584e+04 7.02061e-18 +0.00000e+00
 1.73020e-08 1.34438e+04 8.69821e-18 +0.00000e+00
 2.15443e-08 1.35396e+04 1.07686e-17 +0.00000e+00
 2.68270e-08 1.36461e+04 1.33217e-17 +0.00000e+00
 3.34048e-08 1.37639e+04 1.64674e-17 +0.00000e+00
 4.15956e-08 1.38927e+04 2.03409e-17 +0.00000e+00
 5.17947e-08 1.40325e+04 2.51080e-17 +0.00000e+00
 6.44947e-08 1.41819e+04 3.09741e-17 +0.00000e+00
 8.03086e-08 1.43398e+04 3.81923e-17 +0.00000e+00
 1.00000e-07 1.45042e+04 4.70772e-17 +0.00000e+00
 1.24520e-07 1.46726e+04 5.80207e-17 +0.00000e+00
 1.55052e-07 1.48420e+04 7.15131e-17 +0.00000e+00
 1.93070e-07 1.50096e+04 8.81664e-17 +0.00000e+00
 2.40410e-07 1.51726e+04 1.08744e-16 +0.00000e+00
 2.99358e-07 1.53293e+04 1.34197e-16 +0.00000e+00
 3.72759e-07 1.54793e+04 1.65697e-16 +0.00000e+00
 4.64159e-07 1.56235e+04 2.04689e-16 +0.00000e+00
 5.77969e-07 1.57644e+04 2.52934e-16 +0.00000e+00
 7.19686e-07 1.59060e+04 3.12564e-16 +0.00000e+00
 8.96151e-07 1.60532e+04 3.86153e-16 +0.00000e+00
 1.11588e-06 1.62105e+04 4.76813e-16 +0.00000e+00
 1.38950e-06 1.63811e+04 5.88344e-16 +0.00000e+00
 1.73020e-06 1.65650e+04 7.25466e-16 +0.00000e+00
 2.15443e-06 1.67596e+04 8.94090e-16 +0.00000e+00
 2.68270e-06 1.69609e+04 1.10164e-15 +0.00000e+00
 3.34048e-06 1.71649e+04 1.35736e-15 +0.00000e+00
 4.15956e-06 1.73706e+04 1.67254e-15 +0.00000e+00
 5.17947e-06 1.75773e+04 2.06109e-15 +0.00000e+00
 6.44947e-06 1.77840e+04 2.54029e-15 +0.00000e+00
 8.03086e-06 1.79888e+04 3.13171e-15 +0.00000e+00
 1.00000e-05 1.81899e+04 3.86218e-15 +0.00000e+00
 1.24520e-05 1.83853e+04 4.76514e-15 +0.00000e+00
 1.55052e-05 1.85734e+04 5.88226e-15 +0.00000e+00
 1.93070e-05 1.87524e+04 7.26568e-15 +0.00000e+00
 2.40410e-05 1.89198e+04 8.98090e-15 +0.00000e+00
 2.99358e-05 1.90710e+04 1.11115e-14 +0.00000e+00
 3.72759e-05 1.91971e+04 1.37665e-14 +0.00000e+00
 4.64159e-05 1.92793e+04 1.70957e-14 +0.00000e+00
 5.77969e-05 1.92757e+04 2.13252e-14 +0.00000e+00
 7.19686e-05 1.90722e+04 2.68801e-14 +0.00000e+00
 8.96151e-05 1.83227e+04 3.48957e-14 +0.00000e+00
 1.11588e-04 1.64923e+04 4.83493e-14 +0.00000e+00
 1.38950e-04 1.49547e+04 6.64934e-14 +0.00000e+00
 1.73020e-04 1.40827e+04 8.80366e-14 +0.00000e+00
 2.15443e-04 1.34251e+04 1.15101e-13 +0.00000e+00
 2.68270e-04 1.29350e+04 1.48836e-13 +0.00000e+00
 3.34048e-04 1.25639e+04 1.90820e-13 +0.00000e+00
 4.15956e-04 1.22971e+04 2.42632e-13 +0.00000e+00
 5.17947e-04 1.21446e+04 3.05529e-13 +0.00000e+00
 6.44947e-04 1.20704e+04 3.81975e-13 +0.00000e+00
 8.03086e-04 1.20401e+04 4.75395e-13 +0.00000e+00
 1.00000e-03 1.20362e+04 5.89808e-13 +0.00000e+00
 1.24520e-03 1.20505e+04 7.29923e-13 -2.54424e-07
 1.55052e-03 1.20785e+04 9.01455e-13 -3.16807e-07
 1.93070e-03 1.21167e+04 1.11166e-12 -3.94488e-07
 2.40410e-03 1.21624e+04 1.36965e-12 -4.91214e-07
 2.99358e-03 1.22132e+04 1.68780e-12 -6.11659e-07
 3.72759e-03 1.22678e+04 2.07982e-12 -7.61636e-07
 4.64159e-03 1.23255e+04 2.55928e-12 -9.48388e-07
 5.77969e-03 1.23863e+04 3.14254e-12 -1.18093e-06
 7.19686e-03 1.24506e+04 3.84534e-12 -1.47049e-06
 8.96151e-03 1.25189e+04 4.68462e-12 -1.83105e-06
 1.11588e-02 1.25916e+04 5.68130e-12 -2.28002e-06
 1.38950e-02 1.26692e+04 6.85971e-12 -2.83908e-06
 1.73020e-02 1.27522e+04 8.24698e-12 -3.53520e-06
 2.15443e-02 1.28414e+04 9.87196e-12 -4.40203e-06
 2.68270e-02 1.29381e+04 1.17657e-11 -5.48139e-06
 3.34048e-02 1.30437e+04 1.39617e-11 -6.82541e-06
 4.15956e-02 1.31597e+04 1.64951e-11 -8.49897e-06
 5.17947e-02 1.32884e+04 1.94040e-11 -1.05829e-05
 6.44947e-02 1.34318e+04 2.27285e-11 -1.31778e-05
 8.03086e-02 1.35928e+04 2.65117e-11 -1.64090e-05
 1.00000e-01 1.37744e+04 3.08002e-11 -2.04324e-05
 1.24520e-01 1.39798e+04 3.56454e-11 -2.54424e-05
 1.55052e-01 1.42130e+04 4.11051e-11 -3.16807e-05
 1.93070e-01 1.44779e+04 4.72471e-11 -3.94488e-05
 2.40410e-01 1.47768e+04 5.41605e-11 -4.91214e-05
 2.99358e-01 1.51123e+04 6.19534e-11 -6.11659e-05
 3.72759e-01 1.54851e+04 7.07655e-11 -7.61636e-05
 4.64159e-01 1.58939e+04 8.07665e-11 -9.48388e-05
 5.77969e-01 1.63374e+04 9.21500e-11 -1.18093e-04
 7.19686e-01 1.68150e+04 1.05127e-10 -1.47049e-04
 8.96151e-01 1.73278e+04 1.19924e-10 -1.83105e-04
 1.11588e+00 1.78774e+04 1.36793e-10 -2.28002e-04
 1.38950e+00 1.84652e+04 1.56019e-10 -2.83908e-04
 1.73020e+00 1.90937e+04 1.77919e-10 -3.53520e-04
 2.15443e+00 1.97631e+04 2.02871e-10 -4.40203e-04
 2.68270e+00 2.04727e+04 2.31311e-10 -5.48139e-04
 3.34048e+00 2.12205e+04 2.63745e-10 -6.12972e-04
 4.15956e+00 2.20028e+04 3.00758e-10 -6.12972e-04
 5.17947e+00 2.28239e+04 3.42913e-10 -6.12972e-04
 6.44947e+00 2.36678e+04 3.91100e-10 -6.12972e-04
 8.03086e+00 2.45695e+04 4.45584e-10 -6.12972e-04
 1.00000e+01 2.55112e+04 5.07547e-10 -6.12972e-04
 1.24520e+01 2.65212e+04 5.77495e-10 -6.12972e-04
 1.55052e+01 2.75861e+04 6.56765e-10 -6.12972e-04
 1.93070e+01 2.88327e+04 7.44181e-10 -6.12972e-04
 2.40410e+01 2.99592e+04 8.47708e-10 -6.12972e-04
 2.99358e+01 3.16707e+04 9.51245e-10 -6.12972e-04
 3.72759e+01 3.28430e+04 1.08685e-09 -6.12972e-04
 4.64159e+01 3.49625e+04 1.20737e-09 -6.12972e-04
 5.77969e+01 3.66062e+04 1.36503e-09 -6.12972e-04
 7.19686e+01 3.85545e+04 1.53160e-09 -6.12972e-04
 8.96151e+01 4.10318e+04 1.70856e-09 -6.12972e-04
 1.11588e+02 4.25408e+04 1.96006e-09 -6.12972e-04
 1.38950e+02 4.52778e+04 2.19310e-09 -6.12972e-04
 1.73020e+02 4.70162e+04 2.51512e-09 -6.12972e-04
 2.15443e+02 4.94184e+04 2.84685e-09 -6.12972e-04
 2.68270e+02 5.11782e+04 3.26151e-09 -6.12972e-04
 3.34048e+02 5.36974e+04 3.68595e-09 -6.12972e-04
 4.15956e+02 5.53307e+04 4.22742e-09 -6.12972e-04
 5.17947e+02 5.77953e+04 4.77600e-09 -6.12969e-04
 6.44947e+02 5.96294e+04 5.45070e-09 -6.12962e-04
 8.03086e+02 6.16951e+04 6.18707e-09 -6.12931e-04
 1.00000e+03 6.39286e+04 7.00308e-09 -6.12815e-04
