#n1=128 n2=4 Teff=16500 R=1.8531e+11 L=1.8130e+36 logg=+4.50
#   tau          T          rho         Fconv
 0.00000e+00 1.39390e+04 5.22565e-22 +0.00000e+00
 1.00000e-09 1.39390e+04 5.19993e-17 +0.00000e+00
 1.24520e-09 1.39386e+04 6.47612e-17 +0.00000e+00
 1.55052e-09 1.39379e+04 8.06567e-17 +0.00000e+00
 1.93070e-09 1.39368e+04 1.00457e-16 +0.00000e+00
 2.40410e-09 1.39352e+04 1.25121e-16 +0.00000e+00
 2.99358e-09 1.39330e+04 1.55849e-16 +0.00000e+00
 3.72759e-09 1.39301e+04 1.94132e-16 +0.00000e+00
 4.64159e-09 1.39263e+04 2.41837e-16 +0.00000e+00
 5.77969e-09 1.39214e+04 3.01287e-16 +0.00000e+00
 7.19686e-09 1.39153e+04 3.75387e-16 +0.00000e+00
 8.96151e-09 1.39078e+04 4.67763e-16 +0.00000e+00
 1.11588e-08 1.38986e+04 5.82941e-16 +0.00000e+00
 1.38950e-08 1.38878e+04 7.26574e-16 +0.00000e+00
 1.73020e-08 1.38752e+04 9.05719e-16 +0.00000e+00
 2.15443e-08 1.38611e+04 1.12917e-15 +0.00000e+00
 2.68270e-08 1.38458e+04 1.40790e-15 +0.00000e+00
 3.34048e-08 1.38300e+04 1.75552e-15 +0.00000e+00
 4.15956e-08 1.38145e+04 2.18899e-15 +0.00000e+00
 5.17947e-08 1.38001e+04 2.72933e-15 +0.00000e+00
 6.44947e-08 1.37878e+04 3.40267e-15 +0.00000e+00
 8.03086e-08 1.37781e+04 4.24146e-15 +0.00000e+00
 1.00000e-07 1.37718e+04 5.28602e-15 +0.00000e+00
 1.24520e-07 1.37690e+04 6.58646e-15 +0.00000e+00
 1.55052e-07 1.37701e+04 8.20507e-15 +0.00000e+00
 1.93070e-07 1.37752e+04 1.02193e-14 +0.00000e+00
 2.40410e-07 1.37845e+04 1.27251e-14 +0.00000e+00
 2.99358e-07 1.37982e+04 1.58418e-14 +0.00000e+00
 3.72759e-07 1.38168e+04 1.97172e-14 +0.00000e+00
 4.64159e-07 1.38405e+04 2.45344e-14 +0.00000e+00
 5.77969e-07 1.38700e+04 3.05194e-14 +0.00000e+00
 7.19686e-07 1.39059e+04 3.79517e-14 +0.00000e+00
 8.96151e-07 1.39490e+04 4.71752e-14 +0.00000e+00
 1.11588e-06 1.40002e+04 5.86127e-14 +0.00000e+00
 1.38950e-06 1.40604e+04 7.27821e-14 +0.00000e+00
 1.73020e-06 1.41308e+04 9.03149e-14 +0.00000e+00
 2.15443e-06 1.42126e+04 1.11979e-13 +0.00000e+00
 2.68270e-06 1.43071e+04 1.38703e-13 +0.00000e+00
 3.34048e-06 1.44154e+04 1.71613e-13 +0.00000e+00
 4.15956e-06 1.45385e+04 2.12064e-13 +0.00000e+00
 5.17947e-06 1.46775e+04 2.61692e-13 +0.00000e+00
 6.44947e-06 1.48326e+04 3.22467e-13 +0.00000e+00
 8.03086e-06 1.50034e+04 3.96777e-13 +0.00000e+00
 1.00000e-05 1.51884e+04 4.87522e-13 +0.00000e+00
 1.24520e-05 1.53846e+04 5.98260e-13 +0.00000e+00
 1.55052e-05 1.55869e+04 7.33396e-13 +0.00000e+00
 1.93070e-05 1.57883e+04 8.98445e-13 +0.00000e+00
 2.40410e-05 1.59793e+04 1.10039e-12 +0.00000e+00
 2.99358e-05 1.61480e+04 1.34821e-12 +0.00000e+00
 3.72759e-05 1.62785e+04 1.65373e-12 +0.00000e+00
 4.64159e-05 1.63459e+04 2.03355e-12 +0.00000e+00
 5.77969e-05 1.63040e+04 2.51362e-12 +0.00000e+00
 7.19686e-05 1.60587e+04 3.14201e-12 +0.00000e+00
 8.96151e-05 1.54195e+04 4.02556e-12 +0.00000e+00
 1.11588e-04 1.42394e+04 5.35638e-12 +0.00000e+00
 1.38950e-04 1.31436e+04 7.05152e-12 +0.00000e+00
 1.73020e-04 1.24903e+04 8.87626e-12 +0.00000e+00
 2.15443e-04 1.19452e+04 1.09706e-11 +0.00000e+00
 2.68270e-04 1.14384e+04 1.33938e-11 +0.00000e+00
 3.34048e-04 1.10833e+04 1.60058e-11 +0.00000e+00
 4.15956e-04 1.09139e+04 1.87083e-11 +0.00000e+00
 5.17947e-04 1.08409e+04 2.16126e-11 +0.00000e+00
 6.44947e-04 1.08125e+04 2.48264e-11 +0.00000e+00
 8.03086e-04 1.08075e+04 2.84334e-11 +0.00000e+00
 1.00000e-03 1.08163e+04 3.24956e-11 +0.00000e+00
 1.24520e-03 1.08345e+04 3.70788e-11 -2.54644e-07
 1.55052e-03 1.08597e+04 4.22513e-11 -3.17081e-07
 1.93070e-03 1.08906e+04 4.80867e-11 -3.94829e-07
 2.40410e-03 1.09267e+04 5.46653e-11 -4.91638e-07
 2.99358e-03 1.09676e+04 6.20810e-11 -6.12187e-07
 3.72759e-03 1.10130e+04 7.04311e-11 -7.62294e-07
 4.64159e-03 1.10629e+04 7.98271e-11 -9.49207e-07
 5.77969e-03 1.11174e+04 9.03938e-11 -1.18195e-06
 7.19686e-03 1.11767e+04 1.02270e-10 -1.47176e-06
 8.96151e-03 1.12411e+04 1.15613e-10 -1.83263e-06
 1.11588e-02 1.13113e+04 1.30592e-10 -2.28199e-06
 1.38950e-02 1.13878e+04 1.47400e-10 -2.84153e-06
 1.73020e-02 1.14715e+04 1.66251e-10 -3.53826e-06
 2.15443e-02 1.15633e+04 1.87383e-10 -4.40584e-06
 2.68270e-02 1.16644e+04 2.11060e-10 -5.48613e-06
 3.34048e-02 1.17760e+04 2.37583e-10 -6.83131e-06
 4.15956e-02 1.18994e+04 2.67288e-10 -8.50632e-06
 5.17947e-02 1.20361e+04 3.00553e-10 -1.05920e-05
 6.44947e-02 1.21877e+04 3.37812e-10 -1.31892e-05
 8.03086e-02 1.23558e+04 3.79558e-10 -1.64231e-05
 1.00000e-01 1.25422e+04 4.26356e-10 -2.04500e-05
 1.24520e-01 1.27490e+04 4.78851e-10 -2.54644e-05
 1.55052e-01 1.29783e+04 5.37774e-10 -3.17081e-05
 1.93070e-01 1.32325e+04 6.03961e-10 -3.94829e-05
 2.40410e-01 1.35141e+04 6.78351e-10 -4.91638e-05
 2.99358e-01 1.38256e+04 7.61997e-10 -6.12187e-05
 3.72759e-01 1.41691e+04 8.56080e-10 -7.62294e-05
 4.64159e-01 1.45455e+04 9.61918e-10 -9.49207e-05
 5.77969e-01 1.49535e+04 1.08100e-09 -1.18195e-04
 7.19686e-01 1.53919e+04 1.21490e-09 -1.47176e-04
 8.96151e-01 1.58586e+04 1.36546e-09 -1.83263e-04
 1.11588e+00 1.63516e+04 1.53499e-09 -2.28199e-04
 1.38950e+00 1.68684e+04 1.72656e-09 -2.84153e-04
 1.73020e+00 1.74076e+04 1.94389e-09 -3.53826e-04
 2.15443e+00 1.79683e+04 2.19124e-09 -4.40584e-04
 2.68270e+00 1.85509e+04 2.47308e-09 -5.48613e-04
 3.34048e+00 1.91573e+04 2.79407e-09 -6.13501e-04
 4.15956e+00 1.97890e+04 3.15929e-09 -6.13501e-04
 5.17947e+00 2.04542e+04 3.57353e-09 -6.13501e-04
 6.44947e+00 2.11409e+04 4.04518e-09 -6.13501e-04
 8.03086e+00 2.18786e+04 4.57660e-09 -6.13501e-04
 1.00000e+01 2.26480e+04 5.18011e-09 -6.13501e-04
 1.24520e+01 2.34723e+04 5.86073e-09 -6.13501e-04
 1.55052e+01 2.43208e+04 6.63415e-09 -6.13501e-04
 1.93070e+01 2.53390e+04 7.48331e-09 -6.13501e-04
 2.40410e+01 2.61511e+04 8.51268e-09 -6.13501e-04
 2.99358e+01 2.75771e+04 9.52019e-09 -6.13501e-04
 3.72759e+01 2.83047e+04 1.09145e-08 -6.13497e-04
 4.64159e+01 3.00350e+04 1.21448e-08 -6.13494e-04
 5.77969e+01 3.12065e+04 1.38222e-08 -6.13475e-04
 7.19686e+01 3.26151e+04 1.56236e-08 -6.13418e-04
 8.96151e+01 3.48311e+04 1.74005e-08 -6.13337e-04
 1.11588e+02 3.59338e+04 2.00045e-08 -6.12199e-04
 1.38950e+02 3.87721e+04 2.20413e-08 -6.09093e-04
 1.73020e+02 4.03584e+04 2.51735e-08 -5.79969e-04
 2.15443e+02 4.31482e+04 2.79141e-08 -5.24556e-04
 2.68270e+02 4.48857e+04 3.18262e-08 -3.04292e-04
 3.34048e+02 4.76424e+04 3.54976e-08 -3.34358e-04
 4.15956e+02 4.92021e+04 4.06840e-08 +2.20071e-04
 5.17947e+02 5.16771e+04 4.57200e-08 +3.49863e-04
 6.44947e+02 5.33888e+04 5.21624e-08 +1.88375e-03
 8.03086e+02 5.53278e+04 5.91074e-08 +4.43506e-03
 1.00000e+03 5.74071e+04 6.67961e-08 +8.33685e-03
