#n1=128 n2=4 Teff=16000 R=6.2203e+11 L=1.8089e+37 logg=+3.50
#   tau          T          rho         Fconv
 0.00000e+00 1.33144e+04 5.61022e-22 +0.00000e+00
 1.00000e-09 1.33144e+04 5.34221e-18 +0.00000e+00
 1.24520e-09 1.33133e+04 6.65655e-18 +0.00000e+00
 1.55052e-09 1.33120e+04 8.29485e-18 +0.00000e+00
 1.93070e-09 1.33103e+04 1.03374e-17 +0.00000e+00
 2.40410e-09 1.33080e+04 1.28844e-17 +0.00000e+00
 2.99358e-09 1.33049e+04 1.60613e-17 +0.00000e+00
 3.72759e-09 1.33008e+04 2.00253e-17 +0.00000e+00
 4.64159e-09 1.32954e+04 2.49733e-17 +0.00000e+00
 5.77969e-09 1.32883e+04 3.11526e-17 +0.00000e+00
 7.19686e-09 1.32790e+04 3.88741e-17 +0.00000e+00
 8.96151e-09 1.32668e+04 4.85300e-17 +0.00000e+00
 1.11588e-08 1.32506e+04 6.06166e-17 +0.00000e+00
 1.38950e-08 1.32286e+04 7.57655e-17 +0.00000e+00
 1.73020e-08 1.31982e+04 9.47867e-17 +0.00000e+00
 2.15443e-08 1.31542e+04 1.18740e-16 +0.00000e+00
 2.68270e-08 1.30904e+04 1.49026e-16 +0.00000e+00
 3.34048e-08 1.30009e+04 1.87493e-16 +0.00000e+00
 4.15956e-08 1.28852e+04 2.36508e-16 +0.00000e+00
 5.17947e-08 1.27674e+04 2.98587e-16 +0.00000e+00
 6.44947e-08 1.26678e+04 3.76611e-16 +0.00000e+00
 8.03086e-08 1.25945e+04 4.74179e-16 +0.00000e+00
 1.00000e-07 1.25431e+04 5.96091e-16 +0.00000e+00
 1.24520e-07 1.25070e+04 7.48492e-16 +0.00000e+00
 1.55052e-07 1.24814e+04 9.39051e-16 +0.00000e+00
 1.93070e-07 1.24632e+04 1.17733e-15 +0.00000e+00
 2.40410e-07 1.24501e+04 1.47522e-15 +0.00000e+00
 2.99358e-07 1.24406e+04 1.84753e-15 +0.00000e+00
 3.72759e-07 1.24336e+04 2.31269e-15 +0.00000e+00
 4.64159e-07 1.24285e+04 2.89364e-15 +0.00000e+00
 5.77969e-07 1.24247e+04 3.61896e-15 +0.00000e+00
 7.19686e-07 1.24217e+04 4.52429e-15 +0.00000e+00
 8.96151e-07 1.24192e+04 5.65401e-15 +0.00000e+00
 1.11588e-06 1.24169e+04 7.06347e-15 +0.00000e+00
 1.38950e-06 1.24147e+04 8.82165e-15 +0.00000e+00
 1.73020e-06 1.24122e+04 1.10146e-14 +0.00000e+00
 2.15443e-06 1.24092e+04 1.37496e-14 +0.00000e+00
 2.68270e-06 1.24055e+04 1.71606e-14 +0.00000e+00
 3.34048e-06 1.24007e+04 2.14148e-14 +0.00000e+00
 4.15956e-06 1.23944e+04 2.67214e-14 +0.00000e+00
 5.17947e-06 1.23860e+04 3.33423e-14 +0.00000e+00
 6.44947e-06 1.23747e+04 4.16060e-14 +0.00000e+00
 8.03086e-06 1.23589e+04 5.19277e-14 +0.00000e+00
 1.00000e-05 1.23361e+04 6.48386e-14 +0.00000e+00
 1.24520e-05 1.22974e+04 8.10526e-14 +0.00000e+00
 1.55052e-05 1.21762e+04 1.02005e-13 +0.00000e+00
 1.93070e-05 1.14761e+04 1.34967e-13 +0.00000e+00
 2.40410e-05 1.08275e+04 1.78456e-13 +0.00000e+00
 2.99358e-05 1.05556e+04 2.28053e-13 +0.00000e+00
 3.72759e-05 1.03362e+04 2.89811e-13 +0.00000e+00
 4.64159e-05 1.01215e+04 3.67805e-13 +0.00000e+00
 5.77969e-05 9.92861e+03 4.65225e-13 +0.00000e+00
 7.19686e-05 9.77771e+03 5.84968e-13 +0.00000e+00
 8.96151e-05 9.66816e+03 7.30815e-13 +0.00000e+00
 1.11588e-04 9.58917e+03 9.07745e-13 +0.00000e+00
 1.38950e-04 9.53044e+03 1.12177e-12 +0.00000e+00
 1.73020e-04 9.48141e+03 1.38033e-12 +0.00000e+00
 2.15443e-04 9.44613e+03 1.69013e-12 +0.00000e+00
 2.68270e-04 9.41728e+03 2.06068e-12 +0.00000e+00
 3.34048e-04 9.39188e+03 2.50239e-12 +0.00000e+00
 4.15956e-04 9.36872e+03 3.02689e-12 +0.00000e+00
 5.17947e-04 9.34695e+03 3.64703e-12 +0.00000e+00
 6.44947e-04 9.32635e+03 4.37679e-12 +0.00000e+00
 8.03086e-04 9.30700e+03 5.23097e-12 +0.00000e+00
 1.00000e-03 9.28972e+03 6.22535e-12 +0.00000e+00
 1.24520e-03 9.27534e+03 7.37546e-12 -2.54264e-07
 1.55052e-03 9.26554e+03 8.69728e-12 -3.16609e-07
 1.93070e-03 9.26206e+03 1.02093e-11 -3.94239e-07
 2.40410e-03 9.26663e+03 1.19302e-11 -4.90908e-07
 2.99358e-03 9.28078e+03 1.38832e-11 -6.11276e-07
 3.72759e-03 9.30507e+03 1.60945e-11 -7.61158e-07
 4.64159e-03 9.34193e+03 1.85921e-11 -9.47792e-07
 5.77969e-03 9.39153e+03 2.14114e-11 -1.18019e-06
 7.19686e-03 9.45326e+03 2.45944e-11 -1.46957e-06
 8.96151e-03 9.52962e+03 2.81801e-11 -1.82990e-06
 1.11588e-02 9.62052e+03 3.22172e-11 -2.27859e-06
 1.38950e-02 9.72757e+03 3.67539e-11 -2.83730e-06
 1.73020e-02 9.85052e+03 4.18524e-11 -3.53299e-06
 2.15443e-02 9.99303e+03 4.75637e-11 -4.39926e-06
 2.68270e-02 1.01554e+04 5.39648e-11 -5.47795e-06
 3.34048e-02 1.03392e+04 6.11390e-11 -6.82114e-06
 4.15956e-02 1.05453e+04 6.91939e-11 -8.49366e-06
 5.17947e-02 1.07748e+04 7.82582e-11 -1.05763e-05
 6.44947e-02 1.10284e+04 8.84901e-11 -1.31695e-05
 8.03086e-02 1.13065e+04 1.00081e-10 -1.63987e-05
 1.00000e-01 1.16087e+04 1.13259e-10 -2.04196e-05
 1.24520e-01 1.19340e+04 1.28282e-10 -2.54264e-05
 1.55052e-01 1.22811e+04 1.45442e-10 -3.16609e-05
 1.93070e-01 1.26486e+04 1.65049e-10 -3.94239e-05
 2.40410e-01 1.30351e+04 1.87426e-10 -4.90908e-05
 2.99358e-01 1.34397e+04 2.12895e-10 -6.11276e-05
 3.72759e-01 1.38615e+04 2.41776e-10 -7.61158e-05
 4.64159e-01 1.42995e+04 2.74398e-10 -9.47811e-05
 5.77969e-01 1.47532e+04 3.11151e-10 -1.18021e-04
 7.19686e-01 1.52220e+04 3.52563e-10 -1.46957e-04
 8.96151e-01 1.57054e+04 3.99369e-10 -1.82991e-04
 1.11588e+00 1.62025e+04 4.52505e-10 -2.27859e-04
 1.38950e+00 1.67127e+04 5.13032e-10 -2.83730e-04
 1.73020e+00 1.72353e+04 5.82074e-10 -3.53299e-04
 2.15443e+00 1.77707e+04 6.60796e-10 -4.39926e-04
 2.68270e+00 1.83200e+04 7.50423e-10 -5.47795e-04
 3.34048e+00 1.88856e+04 8.52270e-10 -6.12588e-04
 4.15956e+00 1.94708e+04 9.67781e-10 -6.12588e-04
 5.17947e+00 2.00811e+04 1.09852e-09 -6.12588e-04
 6.44947e+00 2.07168e+04 1.24650e-09 -6.12588e-04
 8.03086e+00 2.13924e+04 1.41329e-09 -6.12588e-04
 1.00000e+01 2.21046e+04 1.60178e-09 -6.12588e-04
 1.24520e+01 2.28657e+04 1.81422e-09 -6.12588e-04
 1.55052e+01 2.36658e+04 2.05461e-09 -6.12588e-04
 1.93070e+01 2.45831e+04 2.32160e-09 -6.12588e-04
 2.40410e+01 2.54055e+04 2.63608e-09 -6.12588e-04
 2.99358e+01 2.66327e+04 2.96012e-09 -6.12588e-04
 3.72759e+01 2.74351e+04 3.37934e-09 -6.12588e-04
 4.64159e+01 2.89207e+04 3.78012e-09 -6.12588e-04
 5.77969e+01 3.00718e+04 4.29384e-09 -6.12588e-04
 7.19686e+01 3.13741e+04 4.85823e-09 -6.12585e-04
 8.96151e+01 3.33250e+04 5.42641e-09 -6.12583e-04
 1.11588e+02 3.44513e+04 6.21587e-09 -6.12553e-04
 1.38950e+02 3.69807e+04 6.86479e-09 -6.12421e-04
 1.73020e+02 3.85263e+04 7.81466e-09 -6.11387e-04
 2.15443e+02 4.12389e+04 8.63477e-09 -6.10411e-04
 2.68270e+02 4.30115e+04 9.81934e-09 -6.07390e-04
 3.34048e+02 4.57646e+04 1.09492e-08 -6.09787e-04
 4.15956e+02 4.74078e+04 1.25470e-08 -6.05054e-04
 5.17947e+02 4.98596e+04 1.41362e-08 -6.03683e-04
 6.44947e+02 5.16073e+04 1.61511e-08 -5.83529e-04
 8.03086e+02 5.35541e+04 1.83425e-08 -5.29370e-04
 1.00000e+03 5.55809e+04 2.07841e-08 -3.73166e-04
