#n1=128 n2=4 Teff=16500 R=1.8045e+13 L=1.7194e+40 logg=+1.00
#   tau          T          rho         Fconv
 0.00000e+00 1.02525e+04 7.28743e-22 +0.00000e+00
 1.00000e-09 1.02525e+04 1.58583e-20 +0.00000e+00
 1.24520e-09 1.02458e+04 1.96561e-20 +0.00000e+00
 1.55052e-09 1.02378e+04 2.44096e-20 +0.00000e+00
 1.93070e-09 1.02287e+04 3.03600e-20 +0.00000e+00
 2.40410e-09 1.02189e+04 3.78078e-20 +0.00000e+00
 2.99358e-09 1.02090e+04 4.71278e-20 +0.00000e+00
 3.72759e-09 1.01998e+04 5.87868e-20 +0.00000e+00
 4.64159e-09 1.01918e+04 7.33668e-20 +0.00000e+00
 5.77969e-09 1.01854e+04 9.15938e-20 +0.00000e+00
 7.19686e-09 1.01807e+04 1.14375e-19 +0.00000e+00
 8.96151e-09 1.01779e+04 1.42842e-19 +0.00000e+00
 1.11588e-08 1.01767e+04 1.78411e-19 +0.00000e+00
 1.38950e-08 1.01771e+04 2.22849e-19 +0.00000e+00
 1.73020e-08 1.01788e+04 2.78362e-19 +0.00000e+00
 2.15443e-08 1.01818e+04 3.47709e-19 +0.00000e+00
 2.68270e-08 1.01858e+04 4.34330e-19 +0.00000e+00
 3.34048e-08 1.01907e+04 5.42526e-19 +0.00000e+00
 4.15956e-08 1.01965e+04 6.77662e-19 +0.00000e+00
 5.17947e-08 1.02029e+04 8.46443e-19 +0.00000e+00
 6.44947e-08 1.02101e+04 1.05724e-18 +0.00000e+00
 8.03086e-08 1.02177e+04 1.32050e-18 +0.00000e+00
 1.00000e-07 1.02259e+04 1.64928e-18 +0.00000e+00
 1.24520e-07 1.02345e+04 2.05987e-18 +0.00000e+00
 1.55052e-07 1.02434e+04 2.57263e-18 +0.00000e+00
 1.93070e-07 1.02527e+04 3.21296e-18 +0.00000e+00
 2.40410e-07 1.02623e+04 4.01259e-18 +0.00000e+00
 2.99358e-07 1.02722e+04 5.01113e-18 +0.00000e+00
 3.72759e-07 1.02824e+04 6.25803e-18 +0.00000e+00
 4.64159e-07 1.02929e+04 7.81501e-18 +0.00000e+00
 5.77969e-07 1.03037e+04 9.75910e-18 +0.00000e+00
 7.19686e-07 1.03149e+04 1.21865e-17 +0.00000e+00
 8.96151e-07 1.03265e+04 1.52170e-17 +0.00000e+00
 1.11588e-06 1.03387e+04 1.90004e-17 +0.00000e+00
 1.38950e-06 1.03514e+04 2.37233e-17 +0.00000e+00
 1.73020e-06 1.03650e+04 2.96183e-17 +0.00000e+00
 2.15443e-06 1.03793e+04 3.69754e-17 +0.00000e+00
 2.68270e-06 1.03947e+04 4.61561e-17 +0.00000e+00
 3.34048e-06 1.04114e+04 5.76103e-17 +0.00000e+00
 4.15956e-06 1.04294e+04 7.18985e-17 +0.00000e+00
 5.17947e-06 1.04491e+04 8.97178e-17 +0.00000e+00
 6.44947e-06 1.04706e+04 1.11936e-16 +0.00000e+00
 8.03086e-06 1.04942e+04 1.39630e-16 +0.00000e+00
 1.00000e-05 1.05203e+04 1.74139e-16 +0.00000e+00
 1.24520e-05 1.05491e+04 2.17127e-16 +0.00000e+00
 1.55052e-05 1.05808e+04 2.70656e-16 +0.00000e+00
 1.93070e-05 1.06159e+04 3.37284e-16 +0.00000e+00
 2.40410e-05 1.06546e+04 4.20179e-16 +0.00000e+00
 2.99358e-05 1.06971e+04 5.23263e-16 +0.00000e+00
 3.72759e-05 1.07438e+04 6.51395e-16 +0.00000e+00
 4.64159e-05 1.07947e+04 8.10589e-16 +0.00000e+00
 5.77969e-05 1.08501e+04 1.00830e-15 +0.00000e+00
 7.19686e-05 1.09099e+04 1.25374e-15 +0.00000e+00
 8.96151e-05 1.09738e+04 1.55839e-15 +0.00000e+00
 1.11588e-04 1.10416e+04 1.93645e-15 +0.00000e+00
 1.38950e-04 1.11124e+04 2.40570e-15 +0.00000e+00
 1.73020e-04 1.11850e+04 2.98831e-15 +0.00000e+00
 2.15443e-04 1.12578e+04 3.71219e-15 +0.00000e+00
 2.68270e-04 1.13289e+04 4.61250e-15 +0.00000e+00
 3.34048e-04 1.13953e+04 5.73397e-15 +0.00000e+00
 4.15956e-04 1.14548e+04 7.13307e-15 +0.00000e+00
 5.17947e-04 1.15056e+04 8.88124e-15 +0.00000e+00
 6.44947e-04 1.15467e+04 1.10682e-14 +0.00000e+00
 8.03086e-04 1.15790e+04 1.38057e-14 +0.00000e+00
 1.00000e-03 1.16044e+04 1.72317e-14 +0.00000e+00
 1.24520e-03 1.16261e+04 2.15160e-14 -2.54607e-07
 1.55052e-03 1.16467e+04 2.68685e-14 -3.17035e-07
 1.93070e-03 1.16680e+04 3.35507e-14 -3.94772e-07
 2.40410e-03 1.16902e+04 4.18900e-14 -4.91567e-07
 2.99358e-03 1.17128e+04 5.22972e-14 -6.12099e-07
 3.72759e-03 1.17346e+04 6.52872e-14 -7.62183e-07
 4.64159e-03 1.17542e+04 8.15054e-14 -9.49069e-07
 5.77969e-03 1.17707e+04 1.01757e-13 -1.18178e-06
 7.19686e-03 1.17835e+04 1.27044e-13 -1.47155e-06
 8.96151e-03 1.17942e+04 1.58585e-13 -1.83236e-06
 1.11588e-02 1.18064e+04 1.97844e-13 -2.28166e-06
 1.38950e-02 1.18211e+04 2.46644e-13 -2.84112e-06
 1.73020e-02 1.18434e+04 3.07100e-13 -3.53775e-06
 2.15443e-02 1.18714e+04 3.81931e-13 -4.40520e-06
 2.68270e-02 1.19029e+04 4.74508e-13 -5.48533e-06
 3.34048e-02 1.19473e+04 5.88416e-13 -6.83032e-06
 4.15956e-02 1.20047e+04 7.28268e-13 -8.50508e-06
 5.17947e-02 1.20848e+04 8.98824e-13 -1.05905e-05
 6.44947e-02 1.21890e+04 1.10600e-12 -1.31873e-05
 8.03086e-02 1.23278e+04 1.35542e-12 -1.64208e-05
 1.00000e-01 1.25058e+04 1.65355e-12 -2.04471e-05
 1.24520e-01 1.27357e+04 2.00617e-12 -2.54607e-05
 1.55052e-01 1.30243e+04 2.42030e-12 -3.17035e-05
 1.93070e-01 1.33758e+04 2.90455e-12 -3.94772e-05
 2.40410e-01 1.37905e+04 3.47028e-12 -4.91567e-05
 2.99358e-01 1.42607e+04 4.13346e-12 -6.12099e-05
 3.72759e-01 1.47731e+04 4.91546e-12 -7.62183e-05
 4.64159e-01 1.53144e+04 5.84254e-12 -9.49069e-05
 5.77969e-01 1.58761e+04 6.94454e-12 -1.18178e-04
 7.19686e-01 1.64556e+04 8.25446e-12 -1.47155e-04
 8.96151e-01 1.70550e+04 9.80825e-12 -1.83236e-04
 1.11588e+00 1.76803e+04 1.16451e-11 -2.28166e-04
 1.38950e+00 1.83395e+04 1.38075e-11 -2.84112e-04
 1.73020e+00 1.90421e+04 1.63421e-11 -3.53775e-04
 2.15443e+00 1.97976e+04 1.93007e-11 -4.40520e-04
 2.68270e+00 2.06145e+04 2.27426e-11 -5.48533e-04
 3.34048e+00 2.15004e+04 2.67358e-11 -6.13412e-04
 4.15956e+00 2.24609e+04 3.13610e-11 -6.13412e-04
 5.17947e+00 2.35008e+04 3.67117e-11 -6.13412e-04
 6.44947e+00 2.46157e+04 4.29082e-11 -6.13412e-04
 8.03086e+00 2.58170e+04 5.00585e-11 -6.13412e-04
 1.00000e+01 2.70973e+04 5.83037e-11 -6.13412e-04
 1.24520e+01 2.84693e+04 6.77205e-11 -6.13417e-04
 1.55052e+01 2.99094e+04 7.83993e-11 -6.13412e-04
 1.93070e+01 3.15159e+04 9.00722e-11 -6.13412e-04
 2.40410e+01 3.30555e+04 1.03679e-10 -6.13412e-04
 2.99358e+01 3.49580e+04 1.18314e-10 -6.13412e-04
 3.72759e+01 3.66018e+04 1.36786e-10 -6.13412e-04
 4.64159e+01 3.86433e+04 1.57080e-10 -6.13412e-04
 5.77969e+01 4.05620e+04 1.81722e-10 -6.13412e-04
 7.19686e+01 4.25073e+04 2.10529e-10 -6.13412e-04
 8.96151e+01 4.47863e+04 2.42718e-10 -6.13412e-04
 1.11588e+02 4.66842e+04 2.82486e-10 -6.13412e-04
 1.38950e+02 4.91790e+04 3.25246e-10 -6.13412e-04
 1.73020e+02 5.11960e+04 3.78345e-10 -6.13412e-04
 2.15443e+02 5.38080e+04 4.35632e-10 -6.13412e-04
 2.68270e+02 5.59803e+04 5.05845e-10 -6.13412e-04
 3.34048e+02 5.87354e+04 5.81961e-10 -6.13412e-04
 4.15956e+02 6.10988e+04 6.74190e-10 -6.13412e-04
 5.17947e+02 6.39666e+04 7.75257e-10 -6.13412e-04
 6.44947e+02 6.66555e+04 8.94621e-10 -6.13412e-04
 8.03086e+02 6.95655e+04 1.02942e-09 -6.13412e-04
 1.00000e+03 7.28219e+04 1.18047e-09 -6.13412e-04
