#n1=128 n2=4 Teff=16500 R=4.6589e+12 L=1.1460e+39 logg=+2.00
#   tau          T          rho         Fconv
 0.00000e+00 1.05569e+04 7.07731e-22 +0.00000e+00
 1.00000e-09 1.05569e+04 1.92098e-19 +0.00000e+00
 1.24520e-09 1.05300e+04 2.39983e-19 +0.00000e+00
 1.55052e-09 1.05045e+04 2.99808e-19 +0.00000e+00
 1.93070e-09 1.04815e+04 3.74501e-19 +0.00000e+00
 2.40410e-09 1.04625e+04 4.67676e-19 +0.00000e+00
 2.99358e-09 1.04475e+04 5.83854e-19 +0.00000e+00
 3.72759e-09 1.04368e+04 7.28634e-19 +0.00000e+00
 4.64159e-09 1.04254e+04 9.09427e-19 +0.00000e+00
 5.77969e-09 1.04223e+04 1.13424e-18 +0.00000e+00
 7.19686e-09 1.04215e+04 1.41436e-18 +0.00000e+00
 8.96151e-09 1.04225e+04 1.76343e-18 +0.00000e+00
 1.11588e-08 1.04243e+04 2.19857e-18 +0.00000e+00
 1.38950e-08 1.04277e+04 2.74076e-18 +0.00000e+00
 1.73020e-08 1.04319e+04 3.41657e-18 +0.00000e+00
 2.15443e-08 1.04366e+04 4.25899e-18 +0.00000e+00
 2.68270e-08 1.04417e+04 5.30919e-18 +0.00000e+00
 3.34048e-08 1.04471e+04 6.61856e-18 +0.00000e+00
 4.15956e-08 1.04527e+04 8.25127e-18 +0.00000e+00
 5.17947e-08 1.04584e+04 1.02875e-17 +0.00000e+00
 6.44947e-08 1.04642e+04 1.28272e-17 +0.00000e+00
 8.03086e-08 1.04700e+04 1.59956e-17 +0.00000e+00
 1.00000e-07 1.04758e+04 1.99489e-17 +0.00000e+00
 1.24520e-07 1.04817e+04 2.48823e-17 +0.00000e+00
 1.55052e-07 1.04875e+04 3.10396e-17 +0.00000e+00
 1.93070e-07 1.04934e+04 3.87250e-17 +0.00000e+00
 2.40410e-07 1.04994e+04 4.83183e-17 +0.00000e+00
 2.99358e-07 1.05055e+04 6.02941e-17 +0.00000e+00
 3.72759e-07 1.05119e+04 7.52450e-17 +0.00000e+00
 4.64159e-07 1.05185e+04 9.39109e-17 +0.00000e+00
 5.77969e-07 1.05254e+04 1.17215e-16 +0.00000e+00
 7.19686e-07 1.05328e+04 1.46308e-16 +0.00000e+00
 8.96151e-07 1.05407e+04 1.82633e-16 +0.00000e+00
 1.11588e-06 1.05492e+04 2.28003e-16 +0.00000e+00
 1.38950e-06 1.05585e+04 2.84647e-16 +0.00000e+00
 1.73020e-06 1.05686e+04 3.55345e-16 +0.00000e+00
 2.15443e-06 1.05797e+04 4.43555e-16 +0.00000e+00
 2.68270e-06 1.05919e+04 5.53577e-16 +0.00000e+00
 3.34048e-06 1.06054e+04 6.90756e-16 +0.00000e+00
 4.15956e-06 1.06202e+04 8.61731e-16 +0.00000e+00
 5.17947e-06 1.06364e+04 1.07476e-15 +0.00000e+00
 6.44947e-06 1.06541e+04 1.34009e-15 +0.00000e+00
 8.03086e-06 1.06735e+04 1.67044e-15 +0.00000e+00
 1.00000e-05 1.06945e+04 2.08147e-15 +0.00000e+00
 1.24520e-05 1.07171e+04 2.59302e-15 +0.00000e+00
 1.55052e-05 1.07412e+04 3.22888e-15 +0.00000e+00
 1.93070e-05 1.07669e+04 4.01974e-15 +0.00000e+00
 2.40410e-05 1.07940e+04 5.00247e-15 +0.00000e+00
 2.99358e-05 1.08224e+04 6.22325e-15 +0.00000e+00
 3.72759e-05 1.08519e+04 7.73993e-15 +0.00000e+00
 4.64159e-05 1.08822e+04 9.62270e-15 +0.00000e+00
 5.77969e-05 1.09129e+04 1.19621e-14 +0.00000e+00
 7.19686e-05 1.09439e+04 1.48681e-14 +0.00000e+00
 8.96151e-05 1.09748e+04 1.84819e-14 +0.00000e+00
 1.11588e-04 1.10054e+04 2.29784e-14 +0.00000e+00
 1.38950e-04 1.10353e+04 2.85779e-14 +0.00000e+00
 1.73020e-04 1.10645e+04 3.55588e-14 +0.00000e+00
 2.15443e-04 1.10926e+04 4.42661e-14 +0.00000e+00
 2.68270e-04 1.11197e+04 5.51241e-14 +0.00000e+00
 3.34048e-04 1.11456e+04 6.86630e-14 +0.00000e+00
 4.15956e-04 1.11699e+04 8.55441e-14 +0.00000e+00
 5.17947e-04 1.11920e+04 1.06592e-13 +0.00000e+00
 6.44947e-04 1.12112e+04 1.32833e-13 +0.00000e+00
 8.03086e-04 1.12258e+04 1.65553e-13 +0.00000e+00
 1.00000e-03 1.12337e+04 2.06367e-13 +0.00000e+00
 1.24520e-03 1.12328e+04 2.57293e-13 -2.54633e-07
 1.55052e-03 1.12184e+04 3.20933e-13 -3.17068e-07
 1.93070e-03 1.11907e+04 4.00469e-13 -3.94813e-07
 2.40410e-03 1.11473e+04 4.99998e-13 -4.91619e-07
 2.99358e-03 1.10841e+04 6.24705e-13 -6.12163e-07
 3.72759e-03 1.10173e+04 7.79884e-13 -7.62263e-07
 4.64159e-03 1.09551e+04 9.71807e-13 -9.49169e-07
 5.77969e-03 1.08924e+04 1.20891e-12 -1.18190e-06
 7.19686e-03 1.08441e+04 1.49883e-12 -1.47170e-06
 8.96151e-03 1.08091e+04 1.85147e-12 -1.83256e-06
 1.11588e-02 1.07906e+04 2.27732e-12 -2.28189e-06
 1.38950e-02 1.07921e+04 2.78733e-12 -2.84142e-06
 1.73020e-02 1.08174e+04 3.39285e-12 -3.53812e-06
 2.15443e-02 1.08681e+04 4.10648e-12 -4.40566e-06
 2.68270e-02 1.09453e+04 4.94192e-12 -5.48591e-06
 3.34048e-02 1.10527e+04 5.91282e-12 -6.83104e-06
 4.15956e-02 1.11927e+04 7.03443e-12 -8.50597e-06
 5.17947e-02 1.13681e+04 8.32336e-12 -1.05916e-05
 6.44947e-02 1.15805e+04 9.79821e-12 -1.31886e-05
 8.03086e-02 1.18307e+04 1.14805e-11 -1.64225e-05
 1.00000e-01 1.21180e+04 1.33949e-11 -2.04492e-05
 1.24520e-01 1.24404e+04 1.55692e-11 -2.54633e-05
 1.55052e-01 1.27954e+04 1.80349e-11 -3.17084e-05
 1.93070e-01 1.31813e+04 2.08295e-11 -3.94799e-05
 2.40410e-01 1.35968e+04 2.40031e-11 -4.91704e-05
 2.99358e-01 1.40405e+04 2.76262e-11 -6.12029e-05
 3.72759e-01 1.45107e+04 3.17903e-11 -7.62263e-05
 4.64159e-01 1.50043e+04 3.66037e-11 -9.49169e-05
 5.77969e-01 1.55176e+04 4.21849e-11 -1.18190e-04
 7.19686e-01 1.60469e+04 4.86594e-11 -1.47170e-04
 8.96151e-01 1.65905e+04 5.61589e-11 -1.83256e-04
 1.11588e+00 1.71483e+04 6.48234e-11 -2.28189e-04
 1.38950e+00 1.77222e+04 7.48038e-11 -2.84142e-04
 1.73020e+00 1.83154e+04 8.62649e-11 -3.53812e-04
 2.15443e+00 1.89319e+04 9.93907e-11 -4.40566e-04
 2.68270e+00 1.95762e+04 1.14388e-10 -5.48591e-04
 3.34048e+00 2.02532e+04 1.31490e-10 -6.13477e-04
 4.15956e+00 2.09673e+04 1.50966e-10 -6.13477e-04
 5.17947e+00 2.17246e+04 1.73114e-10 -6.13477e-04
 6.44947e+00 2.25236e+04 1.98324e-10 -6.13479e-04
 8.03086e+00 2.33793e+04 2.26913e-10 -6.13477e-04
 1.00000e+01 2.42860e+04 2.59424e-10 -6.13477e-04
 1.24520e+01 2.52572e+04 2.96293e-10 -6.13477e-04
 1.55052e+01 2.62747e+04 3.38307e-10 -6.13477e-04
 1.93070e+01 2.74375e+04 3.85124e-10 -6.13477e-04
 2.40410e+01 2.84922e+04 4.40537e-10 -6.13477e-04
 2.99358e+01 2.99856e+04 4.97946e-10 -6.13477e-04
 3.72759e+01 3.10716e+04 5.70813e-10 -6.13477e-04
 4.64159e+01 3.28005e+04 6.41342e-10 -6.13477e-04
 5.77969e+01 3.42825e+04 7.27230e-10 -6.13477e-04
 7.19686e+01 3.58975e+04 8.20744e-10 -6.13477e-04
 8.96151e+01 3.80788e+04 9.14975e-10 -6.13477e-04
 1.11588e+02 3.96135e+04 1.04369e-09 -6.13477e-04
 1.38950e+02 4.22086e+04 1.16528e-09 -6.13477e-04
 1.73020e+02 4.39640e+04 1.33391e-09 -6.13477e-04
 2.15443e+02 4.65814e+04 1.50341e-09 -6.13477e-04
 2.68270e+02 4.83847e+04 1.72613e-09 -6.13477e-04
 3.34048e+02 5.09592e+04 1.95425e-09 -6.13477e-04
 4.15956e+02 5.27111e+04 2.24622e-09 -6.13477e-04
 5.17947e+02 5.51503e+04 2.54828e-09 -6.13477e-04
 6.44947e+02 5.71053e+04 2.91474e-09 -6.13474e-04
 8.03086e+02 5.92885e+04 3.31691e-09 -6.13469e-04
 1.00000e+03 6.16481e+04 3.76448e-09 -6.13450e-04
