#n1=128 n2=4 Teff=16500 R=1.8063e+13 L=1.7194e+40 logg=+1.00
#   tau          T          rho         Fconv
 0.00000e+00 1.41427e+04 5.13189e-22 +0.00000e+00
 1.00000e-09 1.41427e+04 9.62575e-21 +0.00000e+00
 1.24520e-09 1.41491e+04 1.19650e-20 +0.00000e+00
 1.55052e-09 1.41561e+04 1.49003e-20 +0.00000e+00
 1.93070e-09 1.41631e+04 1.85827e-20 +0.00000e+00
 2.40410e-09 1.41703e+04 2.32010e-20 +0.00000e+00
 2.99358e-09 1.41776e+04 2.89916e-20 +0.00000e+00
 3.72759e-09 1.41854e+04 3.62498e-20 +0.00000e+00
 4.64159e-09 1.41937e+04 4.53451e-20 +0.00000e+00
 5.77969e-09 1.42030e+04 5.67391e-20 +0.00000e+00
 7.19686e-09 1.42136e+04 7.10079e-20 +0.00000e+00
 8.96151e-09 1.42259e+04 8.88709e-20 +0.00000e+00
 1.11588e-08 1.42403e+04 1.11225e-19 +0.00000e+00
 1.38950e-08 1.42574e+04 1.39188e-19 +0.00000e+00
 1.73020e-08 1.42775e+04 1.74153e-19 +0.00000e+00
 2.15443e-08 1.43014e+04 2.17853e-19 +0.00000e+00
 2.68270e-08 1.43294e+04 2.72443e-19 +0.00000e+00
 3.34048e-08 1.43622e+04 3.40597e-19 +0.00000e+00
 4.15956e-08 1.44005e+04 4.25635e-19 +0.00000e+00
 5.17947e-08 1.44452e+04 5.31662e-19 +0.00000e+00
 6.44947e-08 1.44963e+04 6.63788e-19 +0.00000e+00
 8.03086e-08 1.45551e+04 8.28307e-19 +0.00000e+00
 1.00000e-07 1.46219e+04 1.03301e-18 +0.00000e+00
 1.24520e-07 1.46974e+04 1.28755e-18 +0.00000e+00
 1.55052e-07 1.47820e+04 1.60382e-18 +0.00000e+00
 1.93070e-07 1.48758e+04 1.99659e-18 +0.00000e+00
 2.40410e-07 1.49786e+04 2.48411e-18 +0.00000e+00
 2.99358e-07 1.50899e+04 3.08905e-18 +0.00000e+00
 3.72759e-07 1.52093e+04 3.83951e-18 +0.00000e+00
 4.64159e-07 1.53356e+04 4.77041e-18 +0.00000e+00
 5.77969e-07 1.54681e+04 5.92512e-18 +0.00000e+00
 7.19686e-07 1.56057e+04 7.35760e-18 +0.00000e+00
 8.96151e-07 1.57473e+04 9.13494e-18 +0.00000e+00
 1.11588e-06 1.58920e+04 1.13406e-17 +0.00000e+00
 1.38950e-06 1.60389e+04 1.40783e-17 +0.00000e+00
 1.73020e-06 1.61874e+04 1.74772e-17 +0.00000e+00
 2.15443e-06 1.63369e+04 2.16979e-17 +0.00000e+00
 2.68270e-06 1.64868e+04 2.69402e-17 +0.00000e+00
 3.34048e-06 1.66368e+04 3.34528e-17 +0.00000e+00
 4.15956e-06 1.67865e+04 4.15453e-17 +0.00000e+00
 5.17947e-06 1.69356e+04 5.16031e-17 +0.00000e+00
 6.44947e-06 1.70841e+04 6.41054e-17 +0.00000e+00
 8.03086e-06 1.72313e+04 7.96511e-17 +0.00000e+00
 1.00000e-05 1.73771e+04 9.89862e-17 +0.00000e+00
 1.24520e-05 1.75211e+04 1.23040e-16 +0.00000e+00
 1.55052e-05 1.76632e+04 1.52971e-16 +0.00000e+00
 1.93070e-05 1.78028e+04 1.90229e-16 +0.00000e+00
 2.40410e-05 1.79392e+04 2.36626e-16 +0.00000e+00
 2.99358e-05 1.80704e+04 2.94450e-16 +0.00000e+00
 3.72759e-05 1.81931e+04 3.66608e-16 +0.00000e+00
 4.64159e-05 1.82999e+04 4.56880e-16 +0.00000e+00
 5.77969e-05 1.83735e+04 5.70444e-16 +0.00000e+00
 7.19686e-05 1.83637e+04 7.15496e-16 +0.00000e+00
 8.96151e-05 1.80053e+04 9.14826e-16 +0.00000e+00
 1.11588e-04 1.66382e+04 1.24104e-15 +0.00000e+00
 1.38950e-04 1.54741e+04 1.67259e-15 +0.00000e+00
 1.73020e-04 1.45125e+04 2.23497e-15 +0.00000e+00
 2.15443e-04 1.36203e+04 2.98372e-15 +0.00000e+00
 2.68270e-04 1.29385e+04 3.93450e-15 +0.00000e+00
 3.34048e-04 1.25284e+04 5.08847e-15 +0.00000e+00
 4.15956e-04 1.23430e+04 6.46647e-15 +0.00000e+00
 5.17947e-04 1.22994e+04 8.12297e-15 +0.00000e+00
 6.44947e-04 1.23168e+04 1.01516e-14 +0.00000e+00
 8.03086e-04 1.23596e+04 1.26588e-14 +0.00000e+00
 1.00000e-03 1.24138e+04 1.57689e-14 +0.00000e+00
 1.24520e-03 1.24741e+04 1.96315e-14 -2.55115e-07
 1.55052e-03 1.25374e+04 2.44325e-14 -3.17667e-07
 1.93070e-03 1.26026e+04 3.04006e-14 -3.95560e-07
 2.40410e-03 1.26691e+04 3.78193e-14 -4.92548e-07
 2.99358e-03 1.27366e+04 4.70409e-14 -6.13320e-07
 3.72759e-03 1.28052e+04 5.85002e-14 -7.63704e-07
 4.64159e-03 1.28752e+04 7.27358e-14 -9.50963e-07
 5.77969e-03 1.29470e+04 9.04156e-14 -1.18414e-06
 7.19686e-03 1.30209e+04 1.12362e-13 -1.47448e-06
 8.96151e-03 1.30973e+04 1.39576e-13 -1.83602e-06
 1.11588e-02 1.31765e+04 1.73300e-13 -2.28621e-06
 1.38950e-02 1.32588e+04 2.15060e-13 -2.84679e-06
 1.73020e-02 1.33450e+04 2.66722e-13 -3.54481e-06
 2.15443e-02 1.34358e+04 3.30561e-13 -4.41399e-06
 2.68270e-02 1.35324e+04 4.09335e-13 -5.49628e-06
 3.34048e-02 1.36359e+04 5.06388e-13 -6.84395e-06
 4.15956e-02 1.37478e+04 6.25748e-13 -8.52206e-06
 5.17947e-02 1.38697e+04 7.72252e-13 -1.06116e-05
 6.44947e-02 1.40034e+04 9.51686e-13 -1.32136e-05
 8.03086e-02 1.41508e+04 1.17091e-12 -1.64535e-05
 1.00000e-01 1.43147e+04 1.43800e-12 -2.04879e-05
 1.24520e-01 1.44979e+04 1.76237e-12 -2.55115e-05
 1.55052e-01 1.47047e+04 2.15487e-12 -3.17667e-05
 1.93070e-01 1.49391e+04 2.62800e-12 -3.95560e-05
 2.40410e-01 1.52063e+04 3.19586e-12 -4.92548e-05
 2.99358e-01 1.55116e+04 3.87443e-12 -6.13320e-05
 3.72759e-01 1.58591e+04 4.68214e-12 -7.63704e-05
 4.64159e-01 1.62525e+04 5.64006e-12 -9.50963e-05
 5.77969e-01 1.66932e+04 6.77310e-12 -1.18414e-04
 7.19686e-01 1.71837e+04 8.10934e-12 -1.47448e-04
 8.96151e-01 1.77272e+04 9.68074e-12 -1.83602e-04
 1.11588e+00 1.83270e+04 1.15236e-11 -2.28621e-04
 1.38950e+00 1.89863e+04 1.36795e-11 -2.84679e-04
 1.73020e+00 1.97088e+04 1.61958e-11 -3.54481e-04
 2.15443e+00 2.04968e+04 1.91278e-11 -4.41399e-04
 2.68270e+00 2.13529e+04 2.25394e-11 -5.49628e-04
 3.34048e+00 2.22801e+04 2.65035e-11 -6.14637e-04
 4.15956e+00 2.32800e+04 3.11060e-11 -6.14637e-04
 5.17947e+00 2.43637e+04 3.64327e-11 -6.14637e-04
 6.44947e+00 2.55187e+04 4.26123e-11 -6.14637e-04
 8.03086e+00 2.67793e+04 4.97054e-11 -6.14637e-04
 1.00000e+01 2.81286e+04 5.78348e-11 -6.14637e-04
 1.24520e+01 2.95972e+04 6.69709e-11 -6.14634e-04
 1.55052e+01 3.11325e+04 7.72237e-11 -6.14639e-04
 1.93070e+01 3.28949e+04 8.83049e-11 -6.14637e-04
 2.40410e+01 3.45043e+04 1.01838e-10 -6.14637e-04
 2.99358e+01 3.65923e+04 1.16388e-10 -6.14637e-04
 3.72759e+01 3.82668e+04 1.35255e-10 -6.14637e-04
 4.64159e+01 4.04650e+04 1.55609e-10 -6.14637e-04
 5.77969e+01 4.24579e+04 1.80576e-10 -6.14637e-04
 7.19686e+01 4.45152e+04 2.09573e-10 -6.14637e-04
 8.96151e+01 4.69304e+04 2.41963e-10 -6.14637e-04
 1.11588e+02 4.89220e+04 2.82102e-10 -6.14637e-04
 1.38950e+02 5.15575e+04 3.25213e-10 -6.14637e-04
 1.73020e+02 5.36688e+04 3.78910e-10 -6.14637e-04
 2.15443e+02 5.63609e+04 4.37189e-10 -6.14637e-04
 2.68270e+02 5.86119e+04 5.08400e-10 -6.14637e-04
 3.34048e+02 6.14023e+04 5.86210e-10 -6.14637e-04
 4.15956e+02 6.38050e+04 6.80126e-10 -6.14637e-04
 5.17947e+02 6.66803e+04 7.83565e-10 -6.14637e-04
 6.44947e+02 6.93659e+04 9.05546e-10 -6.14637e-04
 8.03086e+02 7.22597e+04 1.04344e-09 -6.14637e-04
 1.00000e+03 7.54581e+04 1.19849e-09 -6.14637e-04
