#n1=128 n2=4 Teff=16000 R=2.1259e+12 L=2.1106e+38 logg=+2.50
#   tau          T          rho         Fconv
 0.00000e+00 1.31984e+04 5.51904e-22 +0.00000e+00
 1.00000e-09 1.31984e+04 4.99201e-19 +0.00000e+00
 1.24520e-09 1.32177e+04 6.22305e-19 +0.00000e+00
 1.55052e-09 1.32388e+04 7.75518e-19 +0.00000e+00
 1.93070e-09 1.32628e+04 9.66089e-19 +0.00000e+00
 2.40410e-09 1.32903e+04 1.20301e-18 +0.00000e+00
 2.99358e-09 1.33218e+04 1.49739e-18 +0.00000e+00
 3.72759e-09 1.33579e+04 1.86297e-18 +0.00000e+00
 4.64159e-09 1.33995e+04 2.31668e-18 +0.00000e+00
 5.77969e-09 1.34471e+04 2.87936e-18 +0.00000e+00
 7.19686e-09 1.35017e+04 3.57667e-18 +0.00000e+00
 8.96151e-09 1.35640e+04 4.44012e-18 +0.00000e+00
 1.11588e-08 1.36348e+04 5.50841e-18 +0.00000e+00
 1.38950e-08 1.37151e+04 6.82892e-18 +0.00000e+00
 1.73020e-08 1.38056e+04 8.45974e-18 +0.00000e+00
 2.15443e-08 1.39070e+04 1.04720e-17 +0.00000e+00
 2.68270e-08 1.40198e+04 1.29526e-17 +0.00000e+00
 3.34048e-08 1.41444e+04 1.60085e-17 +0.00000e+00
 4.15956e-08 1.42806e+04 1.97702e-17 +0.00000e+00
 5.17947e-08 1.44283e+04 2.43987e-17 +0.00000e+00
 6.44947e-08 1.45860e+04 3.00930e-17 +0.00000e+00
 8.03086e-08 1.47524e+04 3.70986e-17 +0.00000e+00
 1.00000e-07 1.49253e+04 4.57208e-17 +0.00000e+00
 1.24520e-07 1.51024e+04 5.63396e-17 +0.00000e+00
 1.55052e-07 1.52802e+04 6.94305e-17 +0.00000e+00
 1.93070e-07 1.54562e+04 8.55857e-17 +0.00000e+00
 2.40410e-07 1.56279e+04 1.05544e-16 +0.00000e+00
 2.99358e-07 1.57936e+04 1.30221e-16 +0.00000e+00
 3.72759e-07 1.59531e+04 1.60752e-16 +0.00000e+00
 4.64159e-07 1.61072e+04 1.98528e-16 +0.00000e+00
 5.77969e-07 1.62583e+04 2.45252e-16 +0.00000e+00
 7.19686e-07 1.64099e+04 3.02993e-16 +0.00000e+00
 8.96151e-07 1.65659e+04 3.74263e-16 +0.00000e+00
 1.11588e-06 1.67298e+04 4.62128e-16 +0.00000e+00
 1.38950e-06 1.69028e+04 5.70371e-16 +0.00000e+00
 1.73020e-06 1.70842e+04 7.03706e-16 +0.00000e+00
 2.15443e-06 1.72718e+04 8.68007e-16 +0.00000e+00
 2.68270e-06 1.74632e+04 1.07057e-15 +0.00000e+00
 3.34048e-06 1.76563e+04 1.32046e-15 +0.00000e+00
 4.15956e-06 1.78504e+04 1.62880e-15 +0.00000e+00
 5.17947e-06 1.80449e+04 2.00937e-15 +0.00000e+00
 6.44947e-06 1.82382e+04 2.47933e-15 +0.00000e+00
 8.03086e-06 1.84281e+04 3.06018e-15 +0.00000e+00
 1.00000e-05 1.86115e+04 3.77886e-15 +0.00000e+00
 1.24520e-05 1.87849e+04 4.66936e-15 +0.00000e+00
 1.55052e-05 1.89424e+04 5.77514e-15 +0.00000e+00
 1.93070e-05 1.90734e+04 7.15329e-15 +0.00000e+00
 2.40410e-05 1.91530e+04 8.88464e-15 +0.00000e+00
 2.99358e-05 1.91051e+04 1.11091e-14 +0.00000e+00
 3.72759e-05 1.86487e+04 1.41955e-14 +0.00000e+00
 4.64159e-05 1.73041e+04 1.90819e-14 +0.00000e+00
 5.77969e-05 1.58309e+04 2.60145e-14 +0.00000e+00
 7.19686e-05 1.46122e+04 3.51523e-14 +0.00000e+00
 8.96151e-05 1.36848e+04 4.68096e-14 +0.00000e+00
 1.11588e-04 1.30640e+04 6.11361e-14 +0.00000e+00
 1.38950e-04 1.25992e+04 7.90196e-14 +0.00000e+00
 1.73020e-04 1.22098e+04 1.01615e-13 +0.00000e+00
 2.15443e-04 1.19431e+04 1.29421e-13 +0.00000e+00
 2.68270e-04 1.17951e+04 1.63190e-13 +0.00000e+00
 3.34048e-04 1.17151e+04 2.04509e-13 +0.00000e+00
 4.15956e-04 1.16716e+04 2.55350e-13 +0.00000e+00
 5.17947e-04 1.16513e+04 3.17983e-13 +0.00000e+00
 6.44947e-04 1.16494e+04 3.95045e-13 +0.00000e+00
 8.03086e-04 1.16645e+04 4.89655e-13 +0.00000e+00
 1.00000e-03 1.16947e+04 6.05624e-13 +0.00000e+00
 1.24520e-03 1.17368e+04 7.47835e-13 -2.54540e-07
 1.55052e-03 1.17870e+04 9.22902e-13 -3.16952e-07
 1.93070e-03 1.18420e+04 1.13914e-12 -3.94667e-07
 2.40410e-03 1.18995e+04 1.40762e-12 -4.91440e-07
 2.99358e-03 1.19587e+04 1.73878e-12 -6.11939e-07
 3.72759e-03 1.20197e+04 2.14472e-12 -7.61984e-07
 4.64159e-03 1.20831e+04 2.63876e-12 -9.48820e-07
 5.77969e-03 1.21493e+04 3.23411e-12 -1.18147e-06
 7.19686e-03 1.22183e+04 3.94640e-12 -1.47116e-06
 8.96151e-03 1.22901e+04 4.79481e-12 -1.83189e-06
 1.11588e-02 1.23646e+04 5.80173e-12 -2.28106e-06
 1.38950e-02 1.24423e+04 6.99156e-12 -2.84038e-06
 1.73020e-02 1.25239e+04 8.39104e-12 -3.53682e-06
 2.15443e-02 1.26104e+04 1.00289e-11 -4.40403e-06
 2.68270e-02 1.27029e+04 1.19363e-11 -5.48390e-06
 3.34048e-02 1.28030e+04 1.41466e-11 -6.82854e-06
 4.15956e-02 1.29120e+04 1.66957e-11 -8.50287e-06
 5.17947e-02 1.30317e+04 1.96224e-11 -1.05877e-05
 6.44947e-02 1.31640e+04 2.29677e-11 -1.31838e-05
 8.03086e-02 1.33114e+04 2.67756e-11 -1.64165e-05
 1.00000e-01 1.34766e+04 3.10931e-11 -2.04417e-05
 1.24520e-01 1.36627e+04 3.59707e-11 -2.54540e-05
 1.55052e-01 1.38732e+04 4.14636e-11 -3.16952e-05
 1.93070e-01 1.41121e+04 4.76339e-11 -3.94667e-05
 2.40410e-01 1.43835e+04 5.45550e-11 -4.91440e-05
 2.99358e-01 1.46913e+04 6.23184e-11 -6.11939e-05
 3.72759e-01 1.50389e+04 7.10427e-11 -7.61984e-05
 4.64159e-01 1.54280e+04 8.08840e-11 -9.48820e-05
 5.77969e-01 1.58574e+04 9.20414e-11 -1.18147e-04
 7.19686e-01 1.63235e+04 1.04753e-10 -1.47116e-04
 8.96151e-01 1.68229e+04 1.19279e-10 -1.83189e-04
 1.11588e+00 1.73560e+04 1.35880e-10 -2.28106e-04
 1.38950e+00 1.79256e+04 1.54827e-10 -2.84038e-04
 1.73020e+00 1.85358e+04 1.76423e-10 -3.53682e-04
 2.15443e+00 1.91886e+04 2.01031e-10 -4.40403e-04
 2.68270e+00 1.98824e+04 2.29093e-10 -5.48390e-04
 3.34048e+00 2.06149e+04 2.61118e-10 -6.13252e-04
 4.15956e+00 2.13830e+04 2.97680e-10 -6.13252e-04
 5.17947e+00 2.21903e+04 3.39352e-10 -6.13252e-04
 6.44947e+00 2.30192e+04 3.87046e-10 -6.13252e-04
 8.03086e+00 2.38966e+04 4.41127e-10 -6.13252e-04
 1.00000e+01 2.48079e+04 5.02714e-10 -6.13252e-04
 1.24520e+01 2.57812e+04 5.72315e-10 -6.13252e-04
 1.55052e+01 2.67812e+04 6.51659e-10 -6.13252e-04
 1.93070e+01 2.79752e+04 7.38698e-10 -6.13252e-04
 2.40410e+01 2.90089e+04 8.42816e-10 -6.13252e-04
 2.99358e+01 3.06027e+04 9.47396e-10 -6.13252e-04
 3.72759e+01 3.17204e+04 1.08288e-09 -6.13252e-04
 4.64159e+01 3.36212e+04 1.20979e-09 -6.13252e-04
 5.77969e+01 3.53092e+04 1.36460e-09 -6.13252e-04
 7.19686e+01 3.69842e+04 1.53966e-09 -6.13252e-04
 8.96151e+01 3.95143e+04 1.70454e-09 -6.13252e-04
 1.11588e+02 4.11714e+04 1.94410e-09 -6.13252e-04
 1.38950e+02 4.38038e+04 2.17607e-09 -6.13252e-04
 1.73020e+02 4.53368e+04 2.50257e-09 -6.13252e-04
 2.15443e+02 4.82148e+04 2.80509e-09 -6.13252e-04
 2.68270e+02 4.97109e+04 3.23402e-09 -6.13252e-04
 3.34048e+02 5.23605e+04 3.64621e-09 -6.13252e-04
 4.15956e+02 5.39930e+04 4.18566e-09 -6.13250e-04
 5.17947e+02 5.66856e+04 4.71863e-09 -6.13250e-04
 6.44947e+02 5.80638e+04 5.42857e-09 -6.13239e-04
 8.03086e+02 6.06407e+04 6.11464e-09 -6.13217e-04
 1.00000e+03 6.26586e+04 6.95528e-09 -6.13099e-04
