#n1=128 n2=4 Teff=16500 R=6.4135e+11 L=2.1744e+37 logg=+3.50
#   tau          T          rho         Fconv
 0.00000e+00 1.34715e+04 5.54367e-22 +0.00000e+00
 1.00000e-09 1.34715e+04 5.27901e-18 +0.00000e+00
 1.24520e-09 1.34708e+04 6.57705e-18 +0.00000e+00
 1.55052e-09 1.34701e+04 8.19457e-18 +0.00000e+00
 1.93070e-09 1.34691e+04 1.02105e-17 +0.00000e+00
 2.40410e-09 1.34678e+04 1.27233e-17 +0.00000e+00
 2.99358e-09 1.34660e+04 1.58559e-17 +0.00000e+00
 3.72759e-09 1.34636e+04 1.97620e-17 +0.00000e+00
 4.64159e-09 1.34605e+04 2.46341e-17 +0.00000e+00
 5.77969e-09 1.34563e+04 3.07126e-17 +0.00000e+00
 7.19686e-09 1.34508e+04 3.82996e-17 +0.00000e+00
 8.96151e-09 1.34436e+04 4.77736e-17 +0.00000e+00
 1.11588e-08 1.34341e+04 5.96110e-17 +0.00000e+00
 1.38950e-08 1.34217e+04 7.44120e-17 +0.00000e+00
 1.73020e-08 1.34054e+04 9.29352e-17 +0.00000e+00
 2.15443e-08 1.33836e+04 1.16144e-16 +0.00000e+00
 2.68270e-08 1.33540e+04 1.45275e-16 +0.00000e+00
 3.34048e-08 1.33125e+04 1.81927e-16 +0.00000e+00
 4.15956e-08 1.32543e+04 2.28193e-16 +0.00000e+00
 5.17947e-08 1.31742e+04 2.86821e-16 +0.00000e+00
 6.44947e-08 1.30755e+04 3.61210e-16 +0.00000e+00
 8.03086e-08 1.29713e+04 4.55326e-16 +0.00000e+00
 1.00000e-07 1.28815e+04 5.73585e-16 +0.00000e+00
 1.24520e-07 1.28121e+04 7.21618e-16 +0.00000e+00
 1.55052e-07 1.27618e+04 9.06673e-16 +0.00000e+00
 1.93070e-07 1.27259e+04 1.13801e-15 +0.00000e+00
 2.40410e-07 1.27002e+04 1.42725e-15 +0.00000e+00
 2.99358e-07 1.26817e+04 1.78885e-15 +0.00000e+00
 3.72759e-07 1.26684e+04 2.24083e-15 +0.00000e+00
 4.64159e-07 1.26587e+04 2.80560e-15 +0.00000e+00
 5.77969e-07 1.26518e+04 3.51105e-15 +0.00000e+00
 7.19686e-07 1.26467e+04 4.39195e-15 +0.00000e+00
 8.96151e-07 1.26430e+04 5.49162e-15 +0.00000e+00
 1.11588e-06 1.26401e+04 6.86404e-15 +0.00000e+00
 1.38950e-06 1.26378e+04 8.57649e-15 +0.00000e+00
 1.73020e-06 1.26358e+04 1.07129e-14 +0.00000e+00
 2.15443e-06 1.26338e+04 1.33778e-14 +0.00000e+00
 2.68270e-06 1.26316e+04 1.67018e-14 +0.00000e+00
 3.34048e-06 1.26289e+04 2.08476e-14 +0.00000e+00
 4.15956e-06 1.26255e+04 2.60183e-14 +0.00000e+00
 5.17947e-06 1.26210e+04 3.24675e-14 +0.00000e+00
 6.44947e-06 1.26150e+04 4.05124e-14 +0.00000e+00
 8.03086e-06 1.26067e+04 5.05498e-14 +0.00000e+00
 1.00000e-05 1.25951e+04 6.30793e-14 +0.00000e+00
 1.24520e-05 1.25787e+04 7.87299e-14 +0.00000e+00
 1.55052e-05 1.25540e+04 9.83143e-14 +0.00000e+00
 1.93070e-05 1.25064e+04 1.22969e-13 +0.00000e+00
 2.40410e-05 1.22182e+04 1.56851e-13 +0.00000e+00
 2.99358e-05 1.11958e+04 2.13721e-13 +0.00000e+00
 3.72759e-05 1.07907e+04 2.76425e-13 +0.00000e+00
 4.64159e-05 1.05549e+04 3.51716e-13 +0.00000e+00
 5.77969e-05 1.03359e+04 4.46269e-13 +0.00000e+00
 7.19686e-05 1.01302e+04 5.64647e-13 +0.00000e+00
 8.96151e-05 9.95974e+03 7.10491e-13 +0.00000e+00
 1.11588e-04 9.83198e+03 8.87905e-13 +0.00000e+00
 1.38950e-04 9.73923e+03 1.10238e-12 +0.00000e+00
 1.73020e-04 9.66606e+03 1.36141e-12 +0.00000e+00
 2.15443e-04 9.61767e+03 1.67113e-12 +0.00000e+00
 2.68270e-04 9.58180e+03 2.04130e-12 +0.00000e+00
 3.34048e-04 9.55255e+03 2.48262e-12 +0.00000e+00
 4.15956e-04 9.52798e+03 3.00676e-12 +0.00000e+00
 5.17947e-04 9.50675e+03 3.62661e-12 +0.00000e+00
 6.44947e-04 9.48827e+03 4.35631e-12 +0.00000e+00
 8.03086e-04 9.47221e+03 5.21093e-12 +0.00000e+00
 1.00000e-03 9.45889e+03 6.20669e-12 +0.00000e+00
 1.24520e-03 9.44869e+03 7.35967e-12 -2.54322e-07
 1.55052e-03 9.44270e+03 8.68636e-12 -3.16680e-07
 1.93070e-03 9.44223e+03 1.02061e-11 -3.94330e-07
 2.40410e-03 9.44881e+03 1.19374e-11 -4.91017e-07
 2.99358e-03 9.46391e+03 1.39036e-11 -6.11413e-07
 3.72759e-03 9.48832e+03 1.61300e-11 -7.61330e-07
 4.64159e-03 9.52456e+03 1.86439e-11 -9.48007e-07
 5.77969e-03 9.57317e+03 2.14796e-11 -1.18046e-06
 7.19686e-03 9.63383e+03 2.46781e-11 -1.46990e-06
 8.96151e-03 9.70921e+03 2.82782e-11 -1.83031e-06
 1.11588e-02 9.79946e+03 3.23285e-11 -2.27910e-06
 1.38950e-02 9.90639e+03 3.68794e-11 -2.83794e-06
 1.73020e-02 1.00299e+04 4.19948e-11 -3.53378e-06
 2.15443e-02 1.01738e+04 4.77299e-11 -4.40026e-06
 2.68270e-02 1.03387e+04 5.41652e-11 -5.47919e-06
 3.34048e-02 1.05261e+04 6.13885e-11 -6.82267e-06
 4.15956e-02 1.07371e+04 6.95110e-11 -8.49556e-06
 5.17947e-02 1.09727e+04 7.86650e-11 -1.05787e-05
 6.44947e-02 1.12335e+04 8.90114e-11 -1.31725e-05
 8.03086e-02 1.15195e+04 1.00744e-10 -1.64024e-05
 1.00000e-01 1.18301e+04 1.14089e-10 -2.04242e-05
 1.24520e-01 1.21642e+04 1.29303e-10 -2.54322e-05
 1.55052e-01 1.25204e+04 1.46665e-10 -3.16680e-05
 1.93070e-01 1.28977e+04 1.66469e-10 -3.94330e-05
 2.40410e-01 1.32950e+04 1.89012e-10 -4.91017e-05
 2.99358e-01 1.37116e+04 2.14586e-10 -6.11413e-05
 3.72759e-01 1.41466e+04 2.43488e-10 -7.61394e-05
 4.64159e-01 1.45995e+04 2.76056e-10 -9.48064e-05
 5.77969e-01 1.50694e+04 3.12746e-10 -1.18044e-04
 7.19686e-01 1.55559e+04 3.54198e-10 -1.46990e-04
 8.96151e-01 1.60580e+04 4.01254e-10 -1.83032e-04
 1.11588e+00 1.65746e+04 4.54891e-10 -2.27910e-04
 1.38950e+00 1.71046e+04 5.16151e-10 -2.83794e-04
 1.73020e+00 1.76473e+04 5.86115e-10 -3.53378e-04
 2.15443e+00 1.82027e+04 6.65911e-10 -4.40026e-04
 2.68270e+00 1.87721e+04 7.56743e-10 -5.47919e-04
 3.34048e+00 1.93578e+04 8.59921e-10 -6.12725e-04
 4.15956e+00 1.99634e+04 9.76889e-10 -6.12725e-04
 5.17947e+00 2.05945e+04 1.10921e-09 -6.12725e-04
 6.44947e+00 2.12519e+04 1.25891e-09 -6.12725e-04
 8.03086e+00 2.19503e+04 1.42756e-09 -6.12725e-04
 1.00000e+01 2.26869e+04 1.61804e-09 -6.12725e-04
 1.24520e+01 2.34744e+04 1.83264e-09 -6.12725e-04
 1.55052e+01 2.43029e+04 2.07533e-09 -6.12725e-04
 1.93070e+01 2.52527e+04 2.34477e-09 -6.12725e-04
 2.40410e+01 2.61068e+04 2.66198e-09 -6.12725e-04
 2.99358e+01 2.73778e+04 2.98868e-09 -6.12725e-04
 3.72759e+01 2.82145e+04 3.41121e-09 -6.12725e-04
 4.64159e+01 2.97551e+04 3.81479e-09 -6.12725e-04
 5.77969e+01 3.09543e+04 4.33182e-09 -6.12725e-04
 7.19686e+01 3.23118e+04 4.89902e-09 -6.12723e-04
 8.96151e+01 3.43387e+04 5.46680e-09 -6.12718e-04
 1.11588e+02 3.55241e+04 6.25564e-09 -6.12673e-04
 1.38950e+02 3.81553e+04 6.89089e-09 -6.12485e-04
 1.73020e+02 3.97740e+04 7.83138e-09 -6.11458e-04
 2.15443e+02 4.25786e+04 8.65055e-09 -6.11601e-04
 2.68270e+02 4.43878e+04 9.84941e-09 -6.10565e-04
 3.34048e+02 4.71778e+04 1.10102e-08 -6.11556e-04
 4.15956e+02 4.88084e+04 1.26346e-08 -6.09019e-04
 5.17947e+02 5.12680e+04 1.42512e-08 -6.07315e-04
 6.44947e+02 5.30028e+04 1.62899e-08 -5.92581e-04
 8.03086e+02 5.49516e+04 1.85016e-08 -5.49039e-04
 1.00000e+03 5.69973e+04 2.09583e-08 -4.17481e-04
