#n1=128 n2=4 Teff=17000 R=6.6099e+11 L=2.6025e+37 logg=+3.50
#   tau          T          rho         Fconv
 0.00000e+00 1.35439e+04 5.34591e-22 +0.00000e+00
 1.00000e-09 1.35439e+04 5.24652e-18 +0.00000e+00
 1.24520e-09 1.35472e+04 6.53428e-18 +0.00000e+00
 1.55052e-09 1.35507e+04 8.13792e-18 +0.00000e+00
 1.93070e-09 1.35544e+04 1.01348e-17 +0.00000e+00
 2.40410e-09 1.35586e+04 1.26213e-17 +0.00000e+00
 2.99358e-09 1.35630e+04 1.57174e-17 +0.00000e+00
 3.72759e-09 1.35680e+04 1.95722e-17 +0.00000e+00
 4.64159e-09 1.35734e+04 2.43714e-17 +0.00000e+00
 5.77969e-09 1.35794e+04 3.03461e-17 +0.00000e+00
 7.19686e-09 1.35861e+04 3.77834e-17 +0.00000e+00
 8.96151e-09 1.35936e+04 4.70405e-17 +0.00000e+00
 1.11588e-08 1.36021e+04 5.85613e-17 +0.00000e+00
 1.38950e-08 1.36117e+04 7.28975e-17 +0.00000e+00
 1.73020e-08 1.36228e+04 9.07337e-17 +0.00000e+00
 2.15443e-08 1.36356e+04 1.12920e-16 +0.00000e+00
 2.68270e-08 1.36504e+04 1.40510e-16 +0.00000e+00
 3.34048e-08 1.36677e+04 1.74810e-16 +0.00000e+00
 4.15956e-08 1.36880e+04 2.17435e-16 +0.00000e+00
 5.17947e-08 1.37119e+04 2.70382e-16 +0.00000e+00
 6.44947e-08 1.37402e+04 3.36118e-16 +0.00000e+00
 8.03086e-08 1.37736e+04 4.17682e-16 +0.00000e+00
 1.00000e-07 1.38129e+04 5.18817e-16 +0.00000e+00
 1.24520e-07 1.38592e+04 6.44123e-16 +0.00000e+00
 1.55052e-07 1.39135e+04 7.99247e-16 +0.00000e+00
 1.93070e-07 1.39766e+04 9.91113e-16 +0.00000e+00
 2.40410e-07 1.40496e+04 1.22820e-15 +0.00000e+00
 2.99358e-07 1.41333e+04 1.52089e-15 +0.00000e+00
 3.72759e-07 1.42287e+04 1.88185e-15 +0.00000e+00
 4.64159e-07 1.43362e+04 2.32662e-15 +0.00000e+00
 5.77969e-07 1.44561e+04 2.87421e-15 +0.00000e+00
 7.19686e-07 1.45885e+04 3.54788e-15 +0.00000e+00
 8.96151e-07 1.47329e+04 4.37626e-15 +0.00000e+00
 1.11588e-06 1.48883e+04 5.39456e-15 +0.00000e+00
 1.38950e-06 1.50531e+04 6.64642e-15 +0.00000e+00
 1.73020e-06 1.52250e+04 8.18592e-15 +0.00000e+00
 2.15443e-06 1.54017e+04 1.00802e-14 +0.00000e+00
 2.68270e-06 1.55806e+04 1.24127e-14 +0.00000e+00
 3.34048e-06 1.57605e+04 1.52860e-14 +0.00000e+00
 4.15956e-06 1.59414e+04 1.88256e-14 +0.00000e+00
 5.17947e-06 1.61246e+04 2.31843e-14 +0.00000e+00
 6.44947e-06 1.63119e+04 2.85484e-14 +0.00000e+00
 8.03086e-06 1.65043e+04 3.51470e-14 +0.00000e+00
 1.00000e-05 1.67009e+04 4.32651e-14 +0.00000e+00
 1.24520e-05 1.68991e+04 5.32590e-14 +0.00000e+00
 1.55052e-05 1.70955e+04 6.55750e-14 +0.00000e+00
 1.93070e-05 1.72863e+04 8.07721e-14 +0.00000e+00
 2.40410e-05 1.74670e+04 9.95548e-14 +0.00000e+00
 2.99358e-05 1.76305e+04 1.22829e-13 +0.00000e+00
 3.72759e-05 1.77642e+04 1.51796e-13 +0.00000e+00
 4.64159e-05 1.78458e+04 1.88126e-13 +0.00000e+00
 5.77969e-05 1.78318e+04 2.34365e-13 +0.00000e+00
 7.19686e-05 1.76127e+04 2.95296e-13 +0.00000e+00
 8.96151e-05 1.69017e+04 3.82813e-13 +0.00000e+00
 1.11588e-04 1.52344e+04 5.27963e-13 +0.00000e+00
 1.38950e-04 1.41403e+04 7.05931e-13 +0.00000e+00
 1.73020e-04 1.33454e+04 9.26442e-13 +0.00000e+00
 2.15443e-04 1.25746e+04 1.21507e-12 +0.00000e+00
 2.68270e-04 1.18499e+04 1.59016e-12 +0.00000e+00
 3.34048e-04 1.13630e+04 2.05173e-12 +0.00000e+00
 4.15956e-04 1.11544e+04 2.58468e-12 +0.00000e+00
 5.17947e-04 1.11314e+04 3.18523e-12 +0.00000e+00
 6.44947e-04 1.11894e+04 3.87291e-12 +0.00000e+00
 8.03086e-04 1.12677e+04 4.67739e-12 +0.00000e+00
 1.00000e-03 1.13481e+04 5.62500e-12 +0.00000e+00
 1.24520e-03 1.14274e+04 6.73946e-12 -2.54326e-07
 1.55052e-03 1.15052e+04 8.04554e-12 -3.16687e-07
 1.93070e-03 1.15816e+04 9.56946e-12 -3.94336e-07
 2.40410e-03 1.16567e+04 1.13408e-11 -4.91028e-07
 2.99358e-03 1.17305e+04 1.33907e-11 -6.11425e-07
 3.72759e-03 1.18032e+04 1.57557e-11 -7.61345e-07
 4.64159e-03 1.18750e+04 1.84740e-11 -9.48025e-07
 5.77969e-03 1.19463e+04 2.15883e-11 -1.18048e-06
 7.19686e-03 1.20177e+04 2.51456e-11 -1.46993e-06
 8.96151e-03 1.20900e+04 2.91969e-11 -1.83035e-06
 1.11588e-02 1.21641e+04 3.37995e-11 -2.27915e-06
 1.38950e-02 1.22411e+04 3.90149e-11 -2.83798e-06
 1.73020e-02 1.23222e+04 4.49124e-11 -3.53384e-06
 2.15443e-02 1.24084e+04 5.15690e-11 -4.40033e-06
 2.68270e-02 1.25012e+04 5.90708e-11 -5.47929e-06
 3.34048e-02 1.26017e+04 6.75145e-11 -6.82279e-06
 4.15956e-02 1.27115e+04 7.70072e-11 -8.49572e-06
 5.17947e-02 1.28323e+04 8.76684e-11 -1.05788e-05
 6.44947e-02 1.29660e+04 9.96308e-11 -1.31728e-05
 8.03086e-02 1.31147e+04 1.13041e-10 -1.64027e-05
 1.00000e-01 1.32809e+04 1.28060e-10 -2.04246e-05
 1.24520e-01 1.34678e+04 1.44861e-10 -2.54326e-05
 1.55052e-01 1.36791e+04 1.63628e-10 -3.16687e-05
 1.93070e-01 1.39182e+04 1.84570e-10 -3.94336e-05
 2.40410e-01 1.41892e+04 2.07901e-10 -4.91028e-05
 2.99358e-01 1.44956e+04 2.33872e-10 -6.11425e-05
 3.72759e-01 1.48392e+04 2.62805e-10 -7.61345e-05
 4.64159e-01 1.52200e+04 2.95140e-10 -9.48048e-05
 5.77969e-01 1.56348e+04 3.31509e-10 -1.18050e-04
 7.19686e-01 1.60813e+04 3.72666e-10 -1.46994e-04
 8.96151e-01 1.65571e+04 4.19489e-10 -1.83035e-04
 1.11588e+00 1.70601e+04 4.72937e-10 -2.27915e-04
 1.38950e+00 1.75887e+04 5.34026e-10 -2.83798e-04
 1.73020e+00 1.81428e+04 6.03803e-10 -3.53384e-04
 2.15443e+00 1.87224e+04 6.83417e-10 -4.40033e-04
 2.68270e+00 1.93284e+04 7.74114e-10 -5.47929e-04
 3.34048e+00 1.99627e+04 8.77269e-10 -6.12737e-04
 4.15956e+00 2.06263e+04 9.94462e-10 -6.12737e-04
 5.17947e+00 2.13283e+04 1.12719e-09 -6.12737e-04
 6.44947e+00 2.20535e+04 1.27822e-09 -6.12737e-04
 8.03086e+00 2.28354e+04 1.44823e-09 -6.12737e-04
 1.00000e+01 2.36510e+04 1.64128e-09 -6.12737e-04
 1.24520e+01 2.45252e+04 1.85896e-09 -6.12737e-04
 1.55052e+01 2.54259e+04 2.10657e-09 -6.12737e-04
 1.93070e+01 2.65044e+04 2.37837e-09 -6.12737e-04
 2.40410e+01 2.73713e+04 2.70780e-09 -6.12737e-04
 2.99358e+01 2.88795e+04 3.03016e-09 -6.12737e-04
 3.72759e+01 2.96642e+04 3.47575e-09 -6.12737e-04
 4.64159e+01 3.15039e+04 3.86762e-09 -6.12737e-04
 5.77969e+01 3.27559e+04 4.40201e-09 -6.12737e-04
 7.19686e+01 3.42831e+04 4.96962e-09 -6.12735e-04
 8.96151e+01 3.66362e+04 5.51483e-09 -6.12727e-04
 1.11588e+02 3.78542e+04 6.32013e-09 -6.12655e-04
 1.38950e+02 4.08343e+04 6.91267e-09 -6.12623e-04
 1.73020e+02 4.25277e+04 7.87139e-09 -6.12452e-04
 2.15443e+02 4.53518e+04 8.75584e-09 -6.12617e-04
 2.68270e+02 4.71154e+04 1.00134e-08 -6.12461e-04
 3.34048e+02 4.98751e+04 1.12426e-08 -6.12501e-04
 4.15956e+02 5.14368e+04 1.29178e-08 -6.11680e-04
 5.17947e+02 5.39514e+04 1.45640e-08 -6.10731e-04
 6.44947e+02 5.57008e+04 1.66361e-08 -6.04031e-04
 8.03086e+02 5.76989e+04 1.88745e-08 -5.82063e-04
 1.00000e+03 5.98608e+04 2.13459e-08 -5.14396e-04
