#n1=128 n2=4 Teff=17000 R=6.6131e+11 L=2.6025e+37 logg=+3.50
#   tau          T          rho         Fconv
 0.00000e+00 1.32642e+04 5.62569e-22 +0.00000e+00
 1.00000e-09 1.32642e+04 5.36445e-18 +0.00000e+00
 1.24520e-09 1.32631e+04 6.68358e-18 +0.00000e+00
 1.55052e-09 1.32616e+04 8.32757e-18 +0.00000e+00
 1.93070e-09 1.32596e+04 1.03768e-17 +0.00000e+00
 2.40410e-09 1.32569e+04 1.29316e-17 +0.00000e+00
 2.99358e-09 1.32533e+04 1.61173e-17 +0.00000e+00
 3.72759e-09 1.32485e+04 2.00910e-17 +0.00000e+00
 4.64159e-09 1.32422e+04 2.50494e-17 +0.00000e+00
 5.77969e-09 1.32340e+04 3.12392e-17 +0.00000e+00
 7.19686e-09 1.32231e+04 3.89708e-17 +0.00000e+00
 8.96151e-09 1.32087e+04 4.86352e-17 +0.00000e+00
 1.11588e-08 1.31897e+04 6.07275e-17 +0.00000e+00
 1.38950e-08 1.31641e+04 7.58786e-17 +0.00000e+00
 1.73020e-08 1.31294e+04 9.48955e-17 +0.00000e+00
 2.15443e-08 1.30818e+04 1.18826e-16 +0.00000e+00
 2.68270e-08 1.30141e+04 1.49068e-16 +0.00000e+00
 3.34048e-08 1.29178e+04 1.87497e-16 +0.00000e+00
 4.15956e-08 1.27914e+04 2.36508e-16 +0.00000e+00
 5.17947e-08 1.26609e+04 2.98594e-16 +0.00000e+00
 6.44947e-08 1.25609e+04 3.76237e-16 +0.00000e+00
 8.03086e-08 1.24969e+04 4.72887e-16 +0.00000e+00
 1.00000e-07 1.24541e+04 5.93516e-16 +0.00000e+00
 1.24520e-07 1.24256e+04 7.44240e-16 +0.00000e+00
 1.55052e-07 1.24060e+04 9.32734e-16 +0.00000e+00
 1.93070e-07 1.23923e+04 1.16854e-15 +0.00000e+00
 2.40410e-07 1.23826e+04 1.46352e-15 +0.00000e+00
 2.99358e-07 1.23758e+04 1.83248e-15 +0.00000e+00
 3.72759e-07 1.23709e+04 2.29380e-15 +0.00000e+00
 4.64159e-07 1.23676e+04 2.87039e-15 +0.00000e+00
 5.77969e-07 1.23652e+04 3.59078e-15 +0.00000e+00
 7.19686e-07 1.23637e+04 4.49049e-15 +0.00000e+00
 8.96151e-07 1.23627e+04 5.61378e-15 +0.00000e+00
 1.11588e-06 1.23621e+04 7.01579e-15 +0.00000e+00
 1.38950e-06 1.23619e+04 8.76526e-15 +0.00000e+00
 1.73020e-06 1.23620e+04 1.09478e-14 +0.00000e+00
 2.15443e-06 1.23623e+04 1.36703e-14 +0.00000e+00
 2.68270e-06 1.23627e+04 1.70659e-14 +0.00000e+00
 3.34048e-06 1.23631e+04 2.13007e-14 +0.00000e+00
 4.15956e-06 1.23633e+04 2.65819e-14 +0.00000e+00
 5.17947e-06 1.23633e+04 3.31681e-14 +0.00000e+00
 6.44947e-06 1.23625e+04 4.13821e-14 +0.00000e+00
 8.03086e-06 1.23606e+04 5.16275e-14 +0.00000e+00
 1.00000e-05 1.23569e+04 6.44077e-14 +0.00000e+00
 1.24520e-05 1.23503e+04 8.03582e-14 +0.00000e+00
 1.55052e-05 1.23394e+04 1.00273e-13 +0.00000e+00
 1.93070e-05 1.23212e+04 1.25175e-13 +0.00000e+00
 2.40410e-05 1.22921e+04 1.56364e-13 +0.00000e+00
 2.99358e-05 1.22443e+04 1.95577e-13 +0.00000e+00
 3.72759e-05 1.21633e+04 2.45225e-13 +0.00000e+00
 4.64159e-05 1.20265e+04 3.08788e-13 +0.00000e+00
 5.77969e-05 1.18998e+04 3.88261e-13 +0.00000e+00
 7.19686e-05 1.16031e+04 4.94944e-13 +0.00000e+00
 8.96151e-05 1.12658e+04 6.32494e-13 +0.00000e+00
 1.11588e-04 1.09877e+04 8.02631e-13 +0.00000e+00
 1.38950e-04 1.07668e+04 1.01088e-12 +0.00000e+00
 1.73020e-04 1.04603e+04 1.27965e-12 +0.00000e+00
 2.15443e-04 1.03085e+04 1.59043e-12 +0.00000e+00
 2.68270e-04 1.02523e+04 1.95169e-12 +0.00000e+00
 3.34048e-04 1.02120e+04 2.38320e-12 +0.00000e+00
 4.15956e-04 1.01834e+04 2.89684e-12 +0.00000e+00
 5.17947e-04 1.01635e+04 3.50600e-12 +0.00000e+00
 6.44947e-04 1.01499e+04 4.22562e-12 +0.00000e+00
 8.03086e-04 1.01424e+04 5.07162e-12 +0.00000e+00
 1.00000e-03 1.01398e+04 6.06151e-12 +0.00000e+00
 1.24520e-03 1.01417e+04 7.21416e-12 -2.54572e-07
 1.55052e-03 1.01481e+04 8.54874e-12 -3.16994e-07
 1.93070e-03 1.01590e+04 1.00868e-11 -3.94719e-07
 2.40410e-03 1.01748e+04 1.18499e-11 -4.91504e-07
 2.99358e-03 1.01961e+04 1.38632e-11 -6.12018e-07
 3.72759e-03 1.02236e+04 1.61558e-11 -7.62083e-07
 4.64159e-03 1.02585e+04 1.87575e-11 -9.48944e-07
 5.77969e-03 1.03018e+04 2.17026e-11 -1.18162e-06
 7.19686e-03 1.03533e+04 2.50323e-11 -1.47135e-06
 8.96151e-03 1.04173e+04 2.87834e-11 -1.83212e-06
 1.11588e-02 1.04920e+04 3.30102e-11 -2.28136e-06
 1.38950e-02 1.05815e+04 3.77591e-11 -2.84073e-06
 1.73020e-02 1.06850e+04 4.30990e-11 -3.53727e-06
 2.15443e-02 1.08046e+04 4.90975e-11 -4.40460e-06
 2.68270e-02 1.09435e+04 5.58263e-11 -5.48460e-06
 3.34048e-02 1.11047e+04 6.33717e-11 -6.82941e-06
 4.15956e-02 1.12876e+04 7.18541e-11 -8.50395e-06
 5.17947e-02 1.14933e+04 8.14035e-11 -1.05891e-05
 6.44947e-02 1.17228e+04 9.21721e-11 -1.31855e-05
 8.03086e-02 1.19765e+04 1.04338e-10 -1.64186e-05
 1.00000e-01 1.22549e+04 1.18106e-10 -2.04444e-05
 1.24520e-01 1.25578e+04 1.33707e-10 -2.54572e-05
 1.55052e-01 1.28852e+04 1.51392e-10 -3.16994e-05
 1.93070e-01 1.32366e+04 1.71429e-10 -3.94719e-05
 2.40410e-01 1.36119e+04 1.94091e-10 -4.91504e-05
 2.99358e-01 1.40108e+04 2.19655e-10 -6.12018e-05
 3.72759e-01 1.44334e+04 2.48424e-10 -7.62104e-05
 4.64159e-01 1.48795e+04 2.80775e-10 -9.48925e-05
 5.77969e-01 1.53482e+04 3.17249e-10 -1.18164e-04
 7.19686e-01 1.58385e+04 3.58571e-10 -1.47135e-04
 8.96151e-01 1.63490e+04 4.05623e-10 -1.83213e-04
 1.11588e+00 1.68780e+04 4.59385e-10 -2.28136e-04
 1.38950e+00 1.74241e+04 5.20874e-10 -2.84073e-04
 1.73020e+00 1.79863e+04 5.91156e-10 -3.53727e-04
 2.15443e+00 1.85641e+04 6.71362e-10 -4.40460e-04
 2.68270e+00 1.91583e+04 7.62709e-10 -5.48460e-04
 3.34048e+00 1.97714e+04 8.66517e-10 -6.13331e-04
 4.15956e+00 2.04064e+04 9.84251e-10 -6.13331e-04
 5.17947e+00 2.10703e+04 1.11746e-09 -6.13331e-04
 6.44947e+00 2.17596e+04 1.26835e-09 -6.13331e-04
 8.03086e+00 2.24949e+04 1.43825e-09 -6.13331e-04
 1.00000e+01 2.32672e+04 1.63040e-09 -6.13331e-04
 1.24520e+01 2.40937e+04 1.84684e-09 -6.13331e-04
 1.55052e+01 2.49554e+04 2.09212e-09 -6.13331e-04
 1.93070e+01 2.59646e+04 2.36287e-09 -6.13331e-04
 2.40410e+01 2.68243e+04 2.68594e-09 -6.13331e-04
 2.99358e+01 2.82072e+04 3.01053e-09 -6.13331e-04
 3.72759e+01 2.90183e+04 3.44398e-09 -6.13331e-04
 4.64159e+01 3.06942e+04 3.84249e-09 -6.13331e-04
 5.77969e+01 3.19219e+04 4.36710e-09 -6.13331e-04
 7.19686e+01 3.33454e+04 4.93617e-09 -6.13329e-04
 8.96151e+01 3.55266e+04 5.49323e-09 -6.13323e-04
 1.11588e+02 3.67284e+04 6.28882e-09 -6.13249e-04
 1.38950e+02 3.95483e+04 6.89579e-09 -6.13092e-04
 1.73020e+02 4.12171e+04 7.83784e-09 -6.12516e-04
 2.15443e+02 4.41017e+04 8.67480e-09 -6.12940e-04
 2.68270e+02 4.59034e+04 9.90265e-09 -6.12565e-04
 3.34048e+02 4.87078e+04 1.10981e-08 -6.12820e-04
 4.15956e+02 5.02910e+04 1.27538e-08 -6.11323e-04
 5.17947e+02 5.27673e+04 1.43903e-08 -6.09813e-04
 6.44947e+02 5.44838e+04 1.64514e-08 -5.98716e-04
 8.03086e+02 5.64365e+04 1.86784e-08 -5.63476e-04
 1.00000e+03 5.85165e+04 2.11453e-08 -4.54688e-04
