#n1=128 n2=4 Teff=17500 R=1.9145e+13 L=2.4479e+40 logg=+1.00
#   tau          T          rho         Fconv
 0.00000e+00 1.45145e+04 4.97278e-22 +0.00000e+00
 1.00000e-09 1.45145e+04 9.24926e-21 +0.00000e+00
 1.24520e-09 1.45233e+04 1.15017e-20 +0.00000e+00
 1.55052e-09 1.45338e+04 1.43303e-20 +0.00000e+00
 1.93070e-09 1.45444e+04 1.78824e-20 +0.00000e+00
 2.40410e-09 1.45549e+04 2.23415e-20 +0.00000e+00
 2.99358e-09 1.45653e+04 2.79375e-20 +0.00000e+00
 3.72759e-09 1.45758e+04 3.49585e-20 +0.00000e+00
 4.64159e-09 1.45862e+04 4.37660e-20 +0.00000e+00
 5.77969e-09 1.45962e+04 5.48133e-20 +0.00000e+00
 7.19686e-09 1.46067e+04 6.86661e-20 +0.00000e+00
 8.96151e-09 1.46173e+04 8.60344e-20 +0.00000e+00
 1.11588e-08 1.46283e+04 1.07807e-19 +0.00000e+00
 1.38950e-08 1.46399e+04 1.35093e-19 +0.00000e+00
 1.73020e-08 1.46522e+04 1.69280e-19 +0.00000e+00
 2.15443e-08 1.46657e+04 2.12101e-19 +0.00000e+00
 2.68270e-08 1.46807e+04 2.65715e-19 +0.00000e+00
 3.34048e-08 1.46976e+04 3.32815e-19 +0.00000e+00
 4.15956e-08 1.47168e+04 4.16752e-19 +0.00000e+00
 5.17947e-08 1.47388e+04 5.21695e-19 +0.00000e+00
 6.44947e-08 1.47642e+04 6.52830e-19 +0.00000e+00
 8.03086e-08 1.47940e+04 8.16579e-19 +0.00000e+00
 1.00000e-07 1.48279e+04 1.02100e-18 +0.00000e+00
 1.24520e-07 1.48671e+04 1.27599e-18 +0.00000e+00
 1.55052e-07 1.49123e+04 1.59388e-18 +0.00000e+00
 1.93070e-07 1.49644e+04 1.98991e-18 +0.00000e+00
 2.40410e-07 1.50241e+04 2.48294e-18 +0.00000e+00
 2.99358e-07 1.50922e+04 3.09627e-18 +0.00000e+00
 3.72759e-07 1.51692e+04 3.85871e-18 +0.00000e+00
 4.64159e-07 1.52556e+04 4.80586e-18 +0.00000e+00
 5.77969e-07 1.53517e+04 5.98174e-18 +0.00000e+00
 7.19686e-07 1.54576e+04 7.44080e-18 +0.00000e+00
 8.96151e-07 1.55725e+04 9.25066e-18 +0.00000e+00
 1.11588e-06 1.56961e+04 1.14949e-17 +0.00000e+00
 1.38950e-06 1.58276e+04 1.42776e-17 +0.00000e+00
 1.73020e-06 1.59658e+04 1.77276e-17 +0.00000e+00
 2.15443e-06 1.61096e+04 2.20056e-17 +0.00000e+00
 2.68270e-06 1.62579e+04 2.73109e-17 +0.00000e+00
 3.34048e-06 1.64098e+04 3.38916e-17 +0.00000e+00
 4.15956e-06 1.65643e+04 4.20557e-17 +0.00000e+00
 5.17947e-06 1.67207e+04 5.21865e-17 +0.00000e+00
 6.44947e-06 1.68783e+04 6.47607e-17 +0.00000e+00
 8.03086e-06 1.70365e+04 8.03714e-17 +0.00000e+00
 1.00000e-05 1.71947e+04 9.97567e-17 +0.00000e+00
 1.24520e-05 1.73524e+04 1.23836e-16 +0.00000e+00
 1.55052e-05 1.75089e+04 1.53756e-16 +0.00000e+00
 1.93070e-05 1.76639e+04 1.90944e-16 +0.00000e+00
 2.40410e-05 1.78166e+04 2.37181e-16 +0.00000e+00
 2.99358e-05 1.79658e+04 2.94707e-16 +0.00000e+00
 3.72759e-05 1.81102e+04 3.66318e-16 +0.00000e+00
 4.64159e-05 1.82483e+04 4.55531e-16 +0.00000e+00
 5.77969e-05 1.83776e+04 5.66795e-16 +0.00000e+00
 7.19686e-05 1.84933e+04 7.05812e-16 +0.00000e+00
 8.96151e-05 1.85863e+04 8.80057e-16 +0.00000e+00
 1.11588e-04 1.86379e+04 1.09981e-15 +0.00000e+00
 1.38950e-04 1.86033e+04 1.38085e-15 +0.00000e+00
 1.73020e-04 1.83402e+04 1.75532e-15 +0.00000e+00
 2.15443e-04 1.75104e+04 2.30396e-15 +0.00000e+00
 2.68270e-04 1.61276e+04 3.13454e-15 +0.00000e+00
 3.34048e-04 1.51291e+04 4.18637e-15 +0.00000e+00
 4.15956e-04 1.43501e+04 5.52862e-15 +0.00000e+00
 5.17947e-04 1.38046e+04 7.19738e-15 +0.00000e+00
 6.44947e-04 1.34801e+04 9.22864e-15 +0.00000e+00
 8.03086e-04 1.33099e+04 1.17002e-14 +0.00000e+00
 1.00000e-03 1.32526e+04 1.47072e-14 +0.00000e+00
 1.24520e-03 1.32585e+04 1.83959e-14 -2.54721e-07
 1.55052e-03 1.32935e+04 2.29561e-14 -3.17179e-07
 1.93070e-03 1.33418e+04 2.86146e-14 -3.94949e-07
 2.40410e-03 1.33970e+04 3.56451e-14 -4.91790e-07
 2.99358e-03 1.34564e+04 4.43838e-14 -6.12376e-07
 3.72759e-03 1.35186e+04 5.52463e-14 -7.62529e-07
 4.64159e-03 1.35830e+04 6.87473e-14 -9.49498e-07
 5.77969e-03 1.36492e+04 8.55226e-14 -1.18231e-06
 7.19686e-03 1.37176e+04 1.06356e-13 -1.47221e-06
 8.96151e-03 1.37889e+04 1.32211e-13 -1.83319e-06
 1.11588e-02 1.38638e+04 1.64271e-13 -2.28268e-06
 1.38950e-02 1.39431e+04 2.03988e-13 -2.84240e-06
 1.73020e-02 1.40279e+04 2.53139e-13 -3.53934e-06
 2.15443e-02 1.41190e+04 3.13895e-13 -4.40717e-06
 2.68270e-02 1.42175e+04 3.88896e-13 -5.48781e-06
 3.34048e-02 1.43246e+04 4.81341e-13 -6.83340e-06
 4.15956e-02 1.44417e+04 5.95083e-13 -8.50893e-06
 5.17947e-02 1.45708e+04 7.34750e-13 -1.05953e-05
 6.44947e-02 1.47140e+04 9.05875e-13 -1.31932e-05
 8.03086e-02 1.48738e+04 1.11501e-12 -1.64282e-05
 1.00000e-01 1.50533e+04 1.36986e-12 -2.04564e-05
 1.24520e-01 1.52560e+04 1.67942e-12 -2.54721e-05
 1.55052e-01 1.54862e+04 2.05409e-12 -3.17179e-05
 1.93070e-01 1.57484e+04 2.50587e-12 -3.94949e-05
 2.40410e-01 1.60466e+04 3.04856e-12 -4.91790e-05
 2.99358e-01 1.63848e+04 3.69808e-12 -6.12376e-05
 3.72759e-01 1.67655e+04 4.47301e-12 -7.62529e-05
 4.64159e-01 1.71900e+04 5.39515e-12 -9.49498e-05
 5.77969e-01 1.76581e+04 6.49032e-12 -1.18231e-04
 7.19686e-01 1.81700e+04 7.78830e-12 -1.47221e-04
 8.96151e-01 1.87268e+04 9.32323e-12 -1.83319e-04
 1.11588e+00 1.93330e+04 1.11327e-11 -2.28268e-04
 1.38950e+00 1.99952e+04 1.32580e-11 -2.84240e-04
 1.73020e+00 2.07223e+04 1.57438e-11 -3.53934e-04
 2.15443e+00 2.15224e+04 1.86410e-11 -4.40717e-04
 2.68270e+00 2.24019e+04 2.20085e-11 -5.48781e-04
 3.34048e+00 2.33649e+04 2.59160e-11 -6.13689e-04
 4.15956e+00 2.44127e+04 3.04456e-11 -6.13689e-04
 5.17947e+00 2.55602e+04 3.56723e-11 -6.13689e-04
 6.44947e+00 2.67843e+04 4.17213e-11 -6.13689e-04
 8.03086e+00 2.81253e+04 4.86077e-11 -6.13689e-04
 1.00000e+01 2.95532e+04 5.64029e-11 -6.13685e-04
 1.24520e+01 3.10968e+04 6.50492e-11 -6.13693e-04
 1.55052e+01 3.27007e+04 7.48400e-11 -6.13691e-04
 1.93070e+01 3.45139e+04 8.58228e-11 -6.13689e-04
 2.40410e+01 3.61576e+04 9.94256e-11 -6.13689e-04
 2.99358e+01 3.83077e+04 1.14149e-10 -6.13689e-04
 3.72759e+01 3.99360e+04 1.33308e-10 -6.13689e-04
 4.64159e+01 4.22750e+04 1.53432e-10 -6.13689e-04
 5.77969e+01 4.42109e+04 1.78767e-10 -6.13689e-04
 7.19686e+01 4.63420e+04 2.07595e-10 -6.13689e-04
 8.96151e+01 4.88719e+04 2.39723e-10 -6.13689e-04
 1.11588e+02 5.07308e+04 2.80626e-10 -6.13689e-04
 1.38950e+02 5.37024e+04 3.22228e-10 -6.13689e-04
 1.73020e+02 5.55627e+04 3.77634e-10 -6.13689e-04
 2.15443e+02 5.86410e+04 4.33656e-10 -6.13689e-04
 2.68270e+02 6.07836e+04 5.06002e-10 -6.13689e-04
 3.34048e+02 6.38141e+04 5.82302e-10 -6.13689e-04
 4.15956e+02 6.63565e+04 6.75505e-10 -6.13689e-04
 5.17947e+02 6.93695e+04 7.78440e-10 -6.13689e-04
 6.44947e+02 7.23222e+04 8.98501e-10 -6.13689e-04
 8.03086e+02 7.54000e+04 1.03567e-09 -6.13689e-04
 1.00000e+03 7.88675e+04 1.18912e-09 -6.13689e-04
