#n1=128 n2=4 Teff=17000 R=2.2582e+12 L=3.0347e+38 logg=+2.50
#      tau          T          rho         Fconv
  0.00000e+00  1.31807e+04  5.58563e-22 +0.00000e+00
  1.00000e-09  1.31807e+04  4.99911e-19 +0.00000e+00
  1.24520e-09  1.32089e+04  6.24291e-19 +0.00000e+00
  1.55052e-09  1.32400e+04  7.79177e-19 +0.00000e+00
  1.93070e-09  1.32758e+04  9.71823e-19 +0.00000e+00
  2.40410e-09  1.33168e+04  1.21121e-18 +0.00000e+00
  2.99358e-09  1.33640e+04  1.50841e-18 +0.00000e+00
  3.72759e-09  1.34181e+04  1.87702e-18 +0.00000e+00
  4.64159e-09  1.34798e+04  2.33377e-18 +0.00000e+00
  5.77969e-09  1.35501e+04  2.89919e-18 +0.00000e+00
  7.19686e-09  1.36297e+04  3.59843e-18 +0.00000e+00
  8.96151e-09  1.37193e+04  4.46234e-18 +0.00000e+00
  1.11588e-08  1.38195e+04  5.52869e-18 +0.00000e+00
  1.38950e-08  1.39306e+04  6.84379e-18 +0.00000e+00
  1.73020e-08  1.40528e+04  8.46446e-18 +0.00000e+00
  2.15443e-08  1.41859e+04  1.04606e-17 +0.00000e+00
  2.68270e-08  1.43292e+04  1.29181e-17 +0.00000e+00
  3.34048e-08  1.44810e+04  1.59438e-17 +0.00000e+00
  4.15956e-08  1.46398e+04  1.96697e-17 +0.00000e+00
  5.17947e-08  1.48034e+04  2.42599e-17 +0.00000e+00
  6.44947e-08  1.49695e+04  2.99185e-17 +0.00000e+00
  8.03086e-08  1.51356e+04  3.69000e-17 +0.00000e+00
  1.00000e-07  1.53001e+04  4.55197e-17 +0.00000e+00
  1.24520e-07  1.54618e+04  5.61680e-17 +0.00000e+00
  1.55052e-07  1.56207e+04  6.93263e-17 +0.00000e+00
  1.93070e-07  1.57771e+04  8.55881e-17 +0.00000e+00
  2.40410e-07  1.59318e+04  1.05685e-16 +0.00000e+00
  2.99358e-07  1.60856e+04  1.30519e-16 +0.00000e+00
  3.72759e-07  1.62389e+04  1.61208e-16 +0.00000e+00
  4.64159e-07  1.63917e+04  1.99136e-16 +0.00000e+00
  5.77969e-07  1.65444e+04  2.46011e-16 +0.00000e+00
  7.19686e-07  1.66984e+04  3.03922e-16 +0.00000e+00
  8.96151e-07  1.68565e+04  3.75408e-16 +0.00000e+00
  1.11588e-06  1.70225e+04  4.63534e-16 +0.00000e+00
  1.38950e-06  1.72004e+04  5.72008e-16 +0.00000e+00
  1.73020e-06  1.73931e+04  7.05346e-16 +0.00000e+00
  2.15443e-06  1.76011e+04  8.69117e-16 +0.00000e+00
  2.68270e-06  1.78230e+04  1.07024e-15 +0.00000e+00
  3.34048e-06  1.80552e+04  1.31736e-15 +0.00000e+00
  4.15956e-06  1.82932e+04  1.62131e-15 +0.00000e+00
  5.17947e-06  1.85341e+04  1.99545e-15 +0.00000e+00
  6.44947e-06  1.87747e+04  2.45641e-15 +0.00000e+00
  8.03086e-06  1.90111e+04  3.02506e-15 +0.00000e+00
  1.00000e-05  1.92400e+04  3.72745e-15 +0.00000e+00
  1.24520e-05  1.94589e+04  4.59602e-15 +0.00000e+00
  1.55052e-05  1.96661e+04  5.67118e-15 +0.00000e+00
  1.93070e-05  1.98605e+04  7.00328e-15 +0.00000e+00
  2.40410e-05  2.00403e+04  8.65555e-15 +0.00000e+00
  2.99358e-05  2.02016e+04  1.07085e-14 +0.00000e+00
  3.72759e-05  2.03354e+04  1.32674e-14 +0.00000e+00
  4.64159e-05  2.04218e+04  1.64769e-14 +0.00000e+00
  5.77969e-05  2.04153e+04  2.05570e-14 +0.00000e+00
  7.19686e-05  2.01873e+04  2.59298e-14 +0.00000e+00
  8.96151e-05  1.93426e+04  3.37568e-14 +0.00000e+00
  1.11588e-04  1.73931e+04  4.68271e-14 +0.00000e+00
  1.38950e-04  1.58337e+04  6.41563e-14 +0.00000e+00
  1.73020e-04  1.48068e+04  8.55651e-14 +0.00000e+00
  2.15443e-04  1.40556e+04  1.12387e-13 +0.00000e+00
  2.68270e-04  1.34433e+04  1.46450e-13 +0.00000e+00
  3.34048e-04  1.28933e+04  1.90222e-13 +0.00000e+00
  4.15956e-04  1.25433e+04  2.43422e-13 +0.00000e+00
  5.17947e-04  1.25117e+04  3.03612e-13 +0.00000e+00
  6.44947e-04  1.25893e+04  3.75149e-13 +0.00000e+00
  8.03086e-04  1.26808e+04  4.62724e-13 +0.00000e+00
  1.00000e-03  1.27675e+04  5.70545e-13 +0.00000e+00
  1.24520e-03  1.28478e+04  7.03291e-13 -2.54566e-07
  1.55052e-03  1.29230e+04  8.66522e-13 -3.16986e-07
  1.93070e-03  1.29951e+04  1.06694e-12 -3.94709e-07
  2.40410e-03  1.30658e+04  1.31256e-12 -4.91491e-07
  2.99358e-03  1.31361e+04  1.61308e-12 -6.12002e-07
  3.72759e-03  1.32069e+04  1.98039e-12 -7.62063e-07
  4.64159e-03  1.32788e+04  2.42875e-12 -9.48920e-07
  5.77969e-03  1.33523e+04  2.97345e-12 -1.18159e-06
  7.19686e-03  1.34280e+04  3.63150e-12 -1.47131e-06
  8.96151e-03  1.35066e+04  4.42333e-12 -1.83208e-06
  1.11588e-02  1.35883e+04  5.37194e-12 -2.28130e-06
  1.38950e-02  1.36737e+04  6.50323e-12 -2.84065e-06
  1.73020e-02  1.37635e+04  7.84590e-12 -3.53718e-06
  2.15443e-02  1.38582e+04  9.43194e-12 -4.40449e-06
  2.68270e-02  1.39589e+04  1.12961e-11 -5.48446e-06
  3.34048e-02  1.40666e+04  1.34764e-11 -6.82923e-06
  4.15956e-02  1.41828e+04  1.60134e-11 -8.50374e-06
  5.17947e-02  1.43091e+04  1.89513e-11 -1.05888e-05
  6.44947e-02  1.44476e+04  2.23373e-11 -1.31852e-05
  8.03086e-02  1.46007e+04  2.62223e-11 -1.64182e-05
  1.00000e-01  1.47715e+04  3.06611e-11 -2.04438e-05
  1.24520e-01  1.49638e+04  3.57133e-11 -2.54566e-05
  1.55052e-01  1.51809e+04  4.14461e-11 -3.16986e-05
  1.93070e-01  1.54280e+04  4.79325e-11 -3.94709e-05
  2.40410e-01  1.57088e+04  5.52611e-11 -4.91491e-05
  2.99358e-01  1.60272e+04  6.35355e-11 -6.12002e-05
  3.72759e-01  1.63851e+04  7.28840e-11 -7.62063e-05
  4.64159e-01  1.67832e+04  8.34620e-11 -9.48920e-05
  5.77969e-01  1.72203e+04  9.54564e-11 -1.18159e-04
  7.19686e-01  1.76973e+04  1.09069e-10 -1.47131e-04
  8.96151e-01  1.82160e+04  1.24523e-10 -1.83208e-04
  1.11588e+00  1.87787e+04  1.42073e-10 -2.28130e-04
  1.38950e+00  1.93870e+04  1.62010e-10 -2.84065e-04
  1.73020e+00  2.00430e+04  1.84664e-10 -3.53718e-04
  2.15443e+00  2.07457e+04  2.10437e-10 -4.40449e-04
  2.68270e+00  2.14931e+04  2.39792e-10 -5.48446e-04
  3.34048e+00  2.22824e+04  2.73261e-10 -6.13316e-04
  4.15956e+00  2.31096e+04  3.11446e-10 -6.13316e-04
  5.17947e+00  2.39806e+04  3.54914e-10 -6.13316e-04
  6.44947e+00  2.48795e+04  4.04573e-10 -6.13316e-04
  8.03086e+00  2.58399e+04  4.60731e-10 -6.13316e-04
  1.00000e+01  2.68453e+04  5.24561e-10 -6.13316e-04
  1.24520e+01  2.79279e+04  5.96517e-10 -6.13316e-04
  1.55052e+01  2.90615e+04  6.78132e-10 -6.13316e-04
  1.93070e+01  3.04023e+04  7.67494e-10 -6.13316e-04
  2.40410e+01  3.16056e+04  8.73314e-10 -6.13316e-04
  2.99358e+01  3.33971e+04  9.77776e-10 -6.13316e-04
  3.72759e+01  3.47126e+04  1.11190e-09 -6.13316e-04
  4.64159e+01  3.68314e+04  1.23467e-09 -6.13316e-04
  5.77969e+01  3.86339e+04  1.39155e-09 -6.13316e-04
  7.19686e+01  4.06121e+04  1.56693e-09 -6.13316e-04
  8.96151e+01  4.30984e+04  1.75591e-09 -6.13316e-04
  1.11588e+02  4.48416e+04  2.00858e-09 -6.13316e-04
  1.38950e+02  4.75846e+04  2.25631e-09 -6.13316e-04
  1.73020e+02  4.94363e+04  2.58603e-09 -6.13316e-04
  2.15443e+02  5.20230e+04  2.92449e-09 -6.13316e-04
  2.68270e+02  5.38763e+04  3.35129e-09 -6.13316e-04
  3.34048e+02  5.64144e+04  3.79373e-09 -6.13316e-04
  4.15956e+02  5.81750e+04  4.34642e-09 -6.13316e-04
  5.17947e+02  6.05724e+04  4.92205e-09 -6.13313e-04
  6.44947e+02  6.24557e+04  5.61462e-09 -6.13311e-04
  8.03086e+02  6.45234e+04  6.37512e-09 -6.13292e-04
  1.00000e+03  6.67063e+04  7.22167e-09 -6.13218e-04
