#n1=128 n2=4 Teff=17000 R=1.9089e+11 L=2.1679e+36 logg=+4.50
#   tau          T          rho         Fconv
 0.00000e+00 1.41038e+04 5.13849e-22 +0.00000e+00
 1.00000e-09 1.41038e+04 5.13961e-17 +0.00000e+00
 1.24520e-09 1.41040e+04 6.40070e-17 +0.00000e+00
 1.55052e-09 1.41040e+04 7.97129e-17 +0.00000e+00
 1.93070e-09 1.41039e+04 9.92740e-17 +0.00000e+00
 2.40410e-09 1.41035e+04 1.23637e-16 +0.00000e+00
 2.99358e-09 1.41028e+04 1.53983e-16 +0.00000e+00
 3.72759e-09 1.41017e+04 1.91783e-16 +0.00000e+00
 4.64159e-09 1.41001e+04 2.38871e-16 +0.00000e+00
 5.77969e-09 1.40978e+04 2.97533e-16 +0.00000e+00
 7.19686e-09 1.40948e+04 3.70621e-16 +0.00000e+00
 8.96151e-09 1.40910e+04 4.61694e-16 +0.00000e+00
 1.11588e-08 1.40861e+04 5.75188e-16 +0.00000e+00
 1.38950e-08 1.40802e+04 7.16641e-16 +0.00000e+00
 1.73020e-08 1.40730e+04 8.92963e-16 +0.00000e+00
 2.15443e-08 1.40646e+04 1.11277e-15 +0.00000e+00
 2.68270e-08 1.40551e+04 1.38681e-15 +0.00000e+00
 3.34048e-08 1.40446e+04 1.72847e-15 +0.00000e+00
 4.15956e-08 1.40336e+04 2.15441e-15 +0.00000e+00
 5.17947e-08 1.40227e+04 2.68534e-15 +0.00000e+00
 6.44947e-08 1.40126e+04 3.34700e-15 +0.00000e+00
 8.03086e-08 1.40040e+04 4.17133e-15 +0.00000e+00
 1.00000e-07 1.39977e+04 5.19799e-15 +0.00000e+00
 1.24520e-07 1.39944e+04 6.47617e-15 +0.00000e+00
 1.55052e-07 1.39946e+04 8.06697e-15 +0.00000e+00
 1.93070e-07 1.39987e+04 1.00461e-14 +0.00000e+00
 2.40410e-07 1.40072e+04 1.25077e-14 +0.00000e+00
 2.99358e-07 1.40205e+04 1.55681e-14 +0.00000e+00
 3.72759e-07 1.40390e+04 1.93717e-14 +0.00000e+00
 4.64159e-07 1.40630e+04 2.40968e-14 +0.00000e+00
 5.77969e-07 1.40933e+04 2.99640e-14 +0.00000e+00
 7.19686e-07 1.41305e+04 3.72450e-14 +0.00000e+00
 8.96151e-07 1.41754e+04 4.62743e-14 +0.00000e+00
 1.11588e-06 1.42289e+04 5.74630e-14 +0.00000e+00
 1.38950e-06 1.42920e+04 7.13146e-14 +0.00000e+00
 1.73020e-06 1.43659e+04 8.84437e-14 +0.00000e+00
 2.15443e-06 1.44518e+04 1.09598e-13 +0.00000e+00
 2.68270e-06 1.45509e+04 1.35684e-13 +0.00000e+00
 3.34048e-06 1.46644e+04 1.67799e-13 +0.00000e+00
 4.15956e-06 1.47932e+04 2.07265e-13 +0.00000e+00
 5.17947e-06 1.49382e+04 2.55679e-13 +0.00000e+00
 6.44947e-06 1.50994e+04 3.14972e-13 +0.00000e+00
 8.03086e-06 1.52762e+04 3.87485e-13 +0.00000e+00
 1.00000e-05 1.54668e+04 4.76077e-13 +0.00000e+00
 1.24520e-05 1.56676e+04 5.84262e-13 +0.00000e+00
 1.55052e-05 1.58736e+04 7.16406e-13 +0.00000e+00
 1.93070e-05 1.60776e+04 8.77972e-13 +0.00000e+00
 2.40410e-05 1.62705e+04 1.07586e-12 +0.00000e+00
 2.99358e-05 1.64410e+04 1.31890e-12 +0.00000e+00
 3.72759e-05 1.65740e+04 1.61864e-12 +0.00000e+00
 4.64159e-05 1.66458e+04 1.99112e-12 +0.00000e+00
 5.77969e-05 1.66119e+04 2.46109e-12 +0.00000e+00
 7.19686e-05 1.63822e+04 3.07351e-12 +0.00000e+00
 8.96151e-05 1.57789e+04 3.92502e-12 +0.00000e+00
 1.11588e-04 1.46173e+04 5.20761e-12 +0.00000e+00
 1.38950e-04 1.34004e+04 6.92918e-12 +0.00000e+00
 1.73020e-04 1.27024e+04 8.77468e-12 +0.00000e+00
 2.15443e-04 1.21841e+04 1.08442e-11 +0.00000e+00
 2.68270e-04 1.17248e+04 1.32191e-11 +0.00000e+00
 3.34048e-04 1.13707e+04 1.58424e-11 +0.00000e+00
 4.15956e-04 1.11805e+04 1.86026e-11 +0.00000e+00
 5.17947e-04 1.10995e+04 2.15563e-11 +0.00000e+00
 6.44947e-04 1.10694e+04 2.48162e-11 +0.00000e+00
 8.03086e-04 1.10628e+04 2.84759e-11 +0.00000e+00
 1.00000e-03 1.10684e+04 3.26021e-11 +0.00000e+00
 1.24520e-03 1.10818e+04 3.72600e-11 -2.54635e-07
 1.55052e-03 1.11015e+04 4.25152e-11 -3.17072e-07
 1.93070e-03 1.11270e+04 4.84385e-11 -3.94816e-07
 2.40410e-03 1.11579e+04 5.51084e-11 -4.91625e-07
 2.99358e-03 1.11943e+04 6.26183e-11 -6.12169e-07
 3.72759e-03 1.12359e+04 7.10643e-11 -7.62271e-07
 4.64159e-03 1.12827e+04 8.05579e-11 -9.49178e-07
 5.77969e-03 1.13348e+04 9.12240e-11 -1.18191e-06
 7.19686e-03 1.13926e+04 1.03202e-10 -1.47172e-06
 8.96151e-03 1.14562e+04 1.16650e-10 -1.83258e-06
 1.11588e-02 1.15262e+04 1.31740e-10 -2.28192e-06
 1.38950e-02 1.16032e+04 1.48667e-10 -2.84143e-06
 1.73020e-02 1.16880e+04 1.67648e-10 -3.53814e-06
 2.15443e-02 1.17814e+04 1.88926e-10 -4.40569e-06
 2.68270e-02 1.18846e+04 2.12773e-10 -5.48596e-06
 3.34048e-02 1.19988e+04 2.39493e-10 -6.83110e-06
 4.15956e-02 1.21251e+04 2.69431e-10 -8.50606e-06
 5.17947e-02 1.22653e+04 3.02974e-10 -1.05917e-05
 6.44947e-02 1.24208e+04 3.40561e-10 -1.31888e-05
 8.03086e-02 1.25933e+04 3.82694e-10 -1.64226e-05
 1.00000e-01 1.27848e+04 4.29942e-10 -2.04494e-05
 1.24520e-01 1.29974e+04 4.82951e-10 -2.54635e-05
 1.55052e-01 1.32334e+04 5.42450e-10 -3.17072e-05
 1.93070e-01 1.34953e+04 6.09261e-10 -3.94816e-05
 2.40410e-01 1.37860e+04 6.84297e-10 -4.91625e-05
 2.99358e-01 1.41080e+04 7.68563e-10 -6.12169e-05
 3.72759e-01 1.44637e+04 8.63175e-10 -7.62271e-05
 4.64159e-01 1.48538e+04 9.69365e-10 -9.49178e-05
 5.77969e-01 1.52773e+04 1.08856e-09 -1.18191e-04
 7.19686e-01 1.57328e+04 1.22237e-09 -1.47172e-04
 8.96151e-01 1.62181e+04 1.37285e-09 -1.83258e-04
 1.11588e+00 1.67306e+04 1.54272e-09 -2.28192e-04
 1.38950e+00 1.72675e+04 1.73548e-09 -2.84143e-04
 1.73020e+00 1.78270e+04 1.95503e-09 -3.53814e-04
 2.15443e+00 1.84083e+04 2.20557e-09 -4.40569e-04
 2.68270e+00 1.90122e+04 2.49136e-09 -5.48596e-04
 3.34048e+00 1.96404e+04 2.81689e-09 -6.13483e-04
 4.15956e+00 2.02947e+04 3.18714e-09 -6.13483e-04
 5.17947e+00 2.09834e+04 3.60684e-09 -6.13483e-04
 6.44947e+00 2.16940e+04 4.08442e-09 -6.13483e-04
 8.03086e+00 2.24572e+04 4.62220e-09 -6.13483e-04
 1.00000e+01 2.32530e+04 5.23259e-09 -6.13483e-04
 1.24520e+01 2.41055e+04 5.92058e-09 -6.13483e-04
 1.55052e+01 2.49830e+04 6.70191e-09 -6.13483e-04
 1.93070e+01 2.60360e+04 7.55932e-09 -6.13483e-04
 2.40410e+01 2.68763e+04 8.59876e-09 -6.13483e-04
 2.99358e+01 2.83516e+04 9.61455e-09 -6.13483e-04
 3.72759e+01 2.91052e+04 1.10218e-08 -6.13478e-04
 4.64159e+01 3.08958e+04 1.22586e-08 -6.13476e-04
 5.77969e+01 3.21095e+04 1.39505e-08 -6.13459e-04
 7.19686e+01 3.35693e+04 1.57628e-08 -6.13402e-04
 8.96151e+01 3.58631e+04 1.75416e-08 -6.13282e-04
 1.11588e+02 3.70110e+04 2.01535e-08 -6.11797e-04
 1.38950e+02 3.99474e+04 2.21587e-08 -6.07095e-04
 1.73020e+02 4.15917e+04 2.52720e-08 -5.72510e-04
 2.15443e+02 4.44646e+04 2.79911e-08 -5.48186e-04
 2.68270e+02 4.62391e+04 3.19222e-08 -4.31505e-04
 3.34048e+02 4.90491e+04 3.56535e-08 -4.77615e-04
 4.15956e+02 5.06168e+04 4.08980e-08 -1.73564e-04
 5.17947e+02 5.31273e+04 4.60045e-08 -4.93828e-05
 6.44947e+02 5.48500e+04 5.25110e-08 +1.06210e-03
 8.03086e+02 5.68117e+04 5.95165e-08 +3.20709e-03
 1.00000e+03 5.89259e+04 6.72579e-08 +6.81705e-03
