#n1=128 n2=4 Teff=17500 R=1.9651e+11 L=2.5804e+36 logg=+4.50
#   tau          T          rho         Fconv
 0.00000e+00 1.21913e+04 5.99198e-22 +0.00000e+00
 1.00000e-09 1.21913e+04 6.08693e-17 +0.00000e+00
 1.24520e-09 1.21920e+04 7.58022e-17 +0.00000e+00
 1.55052e-09 1.21956e+04 9.43758e-17 +0.00000e+00
 1.93070e-09 1.22027e+04 1.17467e-16 +0.00000e+00
 2.40410e-09 1.22134e+04 1.46165e-16 +0.00000e+00
 2.99358e-09 1.22278e+04 1.81817e-16 +0.00000e+00
 3.72759e-09 1.22461e+04 2.26094e-16 +0.00000e+00
 4.64159e-09 1.22685e+04 2.81061e-16 +0.00000e+00
 5.77969e-09 1.22950e+04 3.49272e-16 +0.00000e+00
 7.19686e-09 1.23259e+04 4.33883e-16 +0.00000e+00
 8.96151e-09 1.23615e+04 5.38790e-16 +0.00000e+00
 1.11588e-08 1.24021e+04 6.68797e-16 +0.00000e+00
 1.38950e-08 1.24480e+04 8.29825e-16 +0.00000e+00
 1.73020e-08 1.24996e+04 1.02916e-15 +0.00000e+00
 2.15443e-08 1.25574e+04 1.27578e-15 +0.00000e+00
 2.68270e-08 1.26218e+04 1.58069e-15 +0.00000e+00
 3.34048e-08 1.26933e+04 1.95742e-15 +0.00000e+00
 4.15956e-08 1.27724e+04 2.42257e-15 +0.00000e+00
 5.17947e-08 1.28596e+04 2.99650e-15 +0.00000e+00
 6.44947e-08 1.29551e+04 3.70415e-15 +0.00000e+00
 8.03086e-08 1.30591e+04 4.57616e-15 +0.00000e+00
 1.00000e-07 1.31716e+04 5.65020e-15 +0.00000e+00
 1.24520e-07 1.32918e+04 6.97270e-15 +0.00000e+00
 1.55052e-07 1.34188e+04 8.60112e-15 +0.00000e+00
 1.93070e-07 1.35505e+04 1.06070e-14 +0.00000e+00
 2.40410e-07 1.36844e+04 1.30798e-14 +0.00000e+00
 2.99358e-07 1.38170e+04 1.61320e-14 +0.00000e+00
 3.72759e-07 1.39451e+04 1.99048e-14 +0.00000e+00
 4.64159e-07 1.40658e+04 2.45746e-14 +0.00000e+00
 5.77969e-07 1.41785e+04 3.03592e-14 +0.00000e+00
 7.19686e-07 1.42854e+04 3.75225e-14 +0.00000e+00
 8.96151e-07 1.43921e+04 4.63790e-14 +0.00000e+00
 1.11588e-06 1.45056e+04 5.73009e-14 +0.00000e+00
 1.38950e-06 1.46335e+04 7.07281e-14 +0.00000e+00
 1.73020e-06 1.47820e+04 8.71837e-14 +0.00000e+00
 2.15443e-06 1.49555e+04 1.07295e-13 +0.00000e+00
 2.68270e-06 1.51557e+04 1.31825e-13 +0.00000e+00
 3.34048e-06 1.53799e+04 1.61728e-13 +0.00000e+00
 4.15956e-06 1.56195e+04 1.98246e-13 +0.00000e+00
 5.17947e-06 1.58645e+04 2.42962e-13 +0.00000e+00
 6.44947e-06 1.61092e+04 2.97804e-13 +0.00000e+00
 8.03086e-06 1.63504e+04 3.65133e-13 +0.00000e+00
 1.00000e-05 1.65850e+04 4.47865e-13 +0.00000e+00
 1.24520e-05 1.68099e+04 5.49620e-13 +0.00000e+00
 1.55052e-05 1.70221e+04 6.74872e-13 +0.00000e+00
 1.93070e-05 1.72197e+04 8.29101e-13 +0.00000e+00
 2.40410e-05 1.74018e+04 1.01897e-12 +0.00000e+00
 2.99358e-05 1.75680e+04 1.25257e-12 +0.00000e+00
 3.72759e-05 1.77168e+04 1.53972e-12 +0.00000e+00
 4.64159e-05 1.78454e+04 1.89245e-12 +0.00000e+00
 5.77969e-05 1.79475e+04 2.32572e-12 +0.00000e+00
 7.19686e-05 1.80121e+04 2.85860e-12 +0.00000e+00
 8.96151e-05 1.80225e+04 3.51584e-12 +0.00000e+00
 1.11588e-04 1.79519e+04 4.33185e-12 +0.00000e+00
 1.38950e-04 1.77517e+04 5.35908e-12 +0.00000e+00
 1.73020e-04 1.73135e+04 6.69484e-12 +0.00000e+00
 2.15443e-04 1.63513e+04 8.58390e-12 +0.00000e+00
 2.68270e-04 1.45923e+04 1.14940e-11 +0.00000e+00
 3.34048e-04 1.37197e+04 1.44045e-11 +0.00000e+00
 4.15956e-04 1.31358e+04 1.75828e-11 +0.00000e+00
 5.17947e-04 1.26555e+04 2.12609e-11 +0.00000e+00
 6.44947e-04 1.22740e+04 2.55023e-11 +0.00000e+00
 8.03086e-04 1.20294e+04 3.00252e-11 +0.00000e+00
 1.00000e-03 1.19516e+04 3.46262e-11 +0.00000e+00
 1.24520e-03 1.19619e+04 3.95235e-11 -2.54584e-07
 1.55052e-03 1.20005e+04 4.49753e-11 -3.17008e-07
 1.93070e-03 1.20475e+04 5.11361e-11 -3.94736e-07
 2.40410e-03 1.20977e+04 5.81150e-11 -4.91524e-07
 2.99358e-03 1.21500e+04 6.60120e-11 -6.12045e-07
 3.72759e-03 1.22046e+04 7.49328e-11 -7.62118e-07
 4.64159e-03 1.22617e+04 8.49954e-11 -9.48985e-07
 5.77969e-03 1.23216e+04 9.63315e-11 -1.18167e-06
 7.19686e-03 1.23847e+04 1.09089e-10 -1.47142e-06
 8.96151e-03 1.24516e+04 1.23432e-10 -1.83220e-06
 1.11588e-02 1.25227e+04 1.39544e-10 -2.28145e-06
 1.38950e-02 1.25988e+04 1.57632e-10 -2.84087e-06
 1.73020e-02 1.26806e+04 1.77927e-10 -3.53743e-06
 2.15443e-02 1.27692e+04 2.00685e-10 -4.40480e-06
 2.68270e-02 1.28657e+04 2.26194e-10 -5.48485e-06
 3.34048e-02 1.29715e+04 2.54774e-10 -6.82971e-06
 4.15956e-02 1.30883e+04 2.86777e-10 -8.50433e-06
 5.17947e-02 1.32183e+04 3.22595e-10 -1.05896e-05
 6.44947e-02 1.33640e+04 3.62662e-10 -1.31861e-05
 8.03086e-02 1.35284e+04 4.07455e-10 -1.64193e-05
 1.00000e-01 1.37150e+04 4.57500e-10 -2.04453e-05
 1.24520e-01 1.39274e+04 5.13382e-10 -2.54584e-05
 1.55052e-01 1.41697e+04 5.75746e-10 -3.17008e-05
 1.93070e-01 1.44455e+04 6.45316e-10 -3.94736e-05
 2.40410e-01 1.47577e+04 7.22917e-10 -4.91524e-05
 2.99358e-01 1.51076e+04 8.09516e-10 -6.12045e-05
 3.72759e-01 1.54948e+04 9.06293e-10 -7.62118e-05
 4.64159e-01 1.59173e+04 1.01476e-09 -9.48985e-05
 5.77969e-01 1.63712e+04 1.13690e-09 -1.18167e-04
 7.19686e-01 1.68524e+04 1.27521e-09 -1.47142e-04
 8.96151e-01 1.73569e+04 1.43262e-09 -1.83220e-04
 1.11588e+00 1.78830e+04 1.61216e-09 -2.28145e-04
 1.38950e+00 1.84312e+04 1.81691e-09 -2.84087e-04
 1.73020e+00 1.90048e+04 2.05000e-09 -3.53743e-04
 2.15443e+00 1.96070e+04 2.31492e-09 -4.40480e-04
 2.68270e+00 2.02401e+04 2.61572e-09 -5.48485e-04
 3.34048e+00 2.09045e+04 2.95716e-09 -6.13358e-04
 4.15956e+00 2.16004e+04 3.34451e-09 -6.13358e-04
 5.17947e+00 2.23417e+04 3.78208e-09 -6.13358e-04
 6.44947e+00 2.31084e+04 4.27959e-09 -6.13358e-04
 8.03086e+00 2.39471e+04 4.83729e-09 -6.13358e-04
 1.00000e+01 2.48290e+04 5.46968e-09 -6.13358e-04
 1.24520e+01 2.57832e+04 6.18130e-09 -6.13358e-04
 1.55052e+01 2.67900e+04 6.98627e-09 -6.13358e-04
 1.93070e+01 2.79697e+04 7.87517e-09 -6.13358e-04
 2.40410e+01 2.90128e+04 8.93321e-09 -6.13358e-04
 2.99358e+01 3.06481e+04 9.99445e-09 -6.13358e-04
 3.72759e+01 3.15897e+04 1.14407e-08 -6.13358e-04
 4.64159e+01 3.38149e+04 1.26729e-08 -6.13358e-04
 5.77969e+01 3.50067e+04 1.45123e-08 -6.13348e-04
 7.19686e+01 3.70482e+04 1.62341e-08 -6.13315e-04
 8.96151e+01 3.95162e+04 1.81017e-08 -6.13110e-04
 1.11588e+02 4.06151e+04 2.08710e-08 -6.11045e-04
 1.38950e+02 4.41639e+04 2.27088e-08 -6.11300e-04
 1.73020e+02 4.50620e+04 2.63962e-08 -5.97324e-04
 2.15443e+02 4.84616e+04 2.89910e-08 -6.08525e-04
 2.68270e+02 4.97150e+04 3.34345e-08 -5.88903e-04
 3.34048e+02 5.24898e+04 3.73647e-08 -5.92222e-04
 4.15956e+02 5.41413e+04 4.26919e-08 -5.33094e-04
 5.17947e+02 5.64070e+04 4.81739e-08 -4.35981e-04
 6.44947e+02 5.83911e+04 5.46247e-08 -6.50283e-05
 8.03086e+02 6.02737e+04 6.19501e-08 +1.11198e-03
 1.00000e+03 6.25296e+04 6.98006e-08 +3.32083e-03
