#n1=128 n2=4 Teff=17500 R=6.8028e+11 L=3.0964e+37 logg=+3.50
#   tau          T          rho         Fconv
 0.00000e+00 1.24018e+04 6.02250e-22 +0.00000e+00
 1.00000e-09 1.24018e+04 6.12718e-18 +0.00000e+00
 1.24520e-09 1.24189e+04 7.62394e-18 +0.00000e+00
 1.55052e-09 1.24383e+04 9.48416e-18 +0.00000e+00
 1.93070e-09 1.24611e+04 1.17947e-17 +0.00000e+00
 2.40410e-09 1.24877e+04 1.46631e-17 +0.00000e+00
 2.99358e-09 1.25189e+04 1.82221e-17 +0.00000e+00
 3.72759e-09 1.25554e+04 2.26349e-17 +0.00000e+00
 4.64159e-09 1.25978e+04 2.81026e-17 +0.00000e+00
 5.77969e-09 1.26470e+04 3.48724e-17 +0.00000e+00
 7.19686e-09 1.27037e+04 4.32477e-17 +0.00000e+00
 8.96151e-09 1.27684e+04 5.36006e-17 +0.00000e+00
 1.11588e-08 1.28419e+04 6.63878e-17 +0.00000e+00
 1.38950e-08 1.29245e+04 8.21692e-17 +0.00000e+00
 1.73020e-08 1.30166e+04 1.01632e-16 +0.00000e+00
 2.15443e-08 1.31180e+04 1.25620e-16 +0.00000e+00
 2.68270e-08 1.32284e+04 1.55172e-16 +0.00000e+00
 3.34048e-08 1.33474e+04 1.91566e-16 +0.00000e+00
 4.15956e-08 1.34739e+04 2.36380e-16 +0.00000e+00
 5.17947e-08 1.36067e+04 2.91569e-16 +0.00000e+00
 6.44947e-08 1.37443e+04 3.59551e-16 +0.00000e+00
 8.03086e-08 1.38853e+04 4.43322e-16 +0.00000e+00
 1.00000e-07 1.40279e+04 5.46602e-16 +0.00000e+00
 1.24520e-07 1.41707e+04 6.74005e-16 +0.00000e+00
 1.55052e-07 1.43123e+04 8.31259e-16 +0.00000e+00
 1.93070e-07 1.44516e+04 1.02546e-15 +0.00000e+00
 2.40410e-07 1.45881e+04 1.26541e-15 +0.00000e+00
 2.99358e-07 1.47217e+04 1.56195e-15 +0.00000e+00
 3.72759e-07 1.48524e+04 1.92853e-15 +0.00000e+00
 4.64159e-07 1.49804e+04 2.38176e-15 +0.00000e+00
 5.77969e-07 1.51060e+04 2.94218e-15 +0.00000e+00
 7.19686e-07 1.52307e+04 3.63498e-15 +0.00000e+00
 8.96151e-07 1.53571e+04 4.49068e-15 +0.00000e+00
 1.11588e-06 1.54902e+04 5.54583e-15 +0.00000e+00
 1.38950e-06 1.56358e+04 6.84393e-15 +0.00000e+00
 1.73020e-06 1.58000e+04 8.43663e-15 +0.00000e+00
 2.15443e-06 1.59879e+04 1.03857e-14 +0.00000e+00
 2.68270e-06 1.62023e+04 1.27658e-14 +0.00000e+00
 3.34048e-06 1.64423e+04 1.56696e-14 +0.00000e+00
 4.15956e-06 1.67019e+04 1.92154e-14 +0.00000e+00
 5.17947e-06 1.69720e+04 2.35545e-14 +0.00000e+00
 6.44947e-06 1.72453e+04 2.88754e-14 +0.00000e+00
 8.03086e-06 1.75155e+04 3.54130e-14 +0.00000e+00
 1.00000e-05 1.77774e+04 4.34612e-14 +0.00000e+00
 1.24520e-05 1.80265e+04 5.33875e-14 +0.00000e+00
 1.55052e-05 1.82594e+04 6.56505e-14 +0.00000e+00
 1.93070e-05 1.84745e+04 8.08198e-14 +0.00000e+00
 2.40410e-05 1.86714e+04 9.96019e-14 +0.00000e+00
 2.99358e-05 1.88500e+04 1.22876e-13 +0.00000e+00
 3.72759e-05 1.90096e+04 1.51746e-13 +0.00000e+00
 4.64159e-05 1.91470e+04 1.87613e-13 +0.00000e+00
 5.77969e-05 1.92559e+04 2.32291e-13 +0.00000e+00
 7.19686e-05 1.93242e+04 2.88177e-13 +0.00000e+00
 8.96151e-05 1.93340e+04 3.58521e-13 +0.00000e+00
 1.11588e-04 1.92561e+04 4.47942e-13 +0.00000e+00
 1.38950e-04 1.90367e+04 5.63594e-13 +0.00000e+00
 1.73020e-04 1.85518e+04 7.18895e-13 +0.00000e+00
 2.15443e-04 1.74892e+04 9.46976e-13 +0.00000e+00
 2.68270e-04 1.56129e+04 1.31450e-12 +0.00000e+00
 3.34048e-04 1.46711e+04 1.72625e-12 +0.00000e+00
 4.15956e-04 1.40450e+04 2.21681e-12 +0.00000e+00
 5.17947e-04 1.35476e+04 2.81459e-12 +0.00000e+00
 6.44947e-04 1.31537e+04 3.53594e-12 +0.00000e+00
 8.03086e-04 1.28871e+04 4.38460e-12 +0.00000e+00
 1.00000e-03 1.27976e+04 5.34896e-12 +0.00000e+00
 1.24520e-03 1.28117e+04 6.46025e-12 -2.54254e-07
 1.55052e-03 1.28605e+04 7.77299e-12 -3.16597e-07
 1.93070e-03 1.29189e+04 9.34756e-12 -3.94224e-07
 2.40410e-03 1.29800e+04 1.12265e-11 -4.90886e-07
 2.99358e-03 1.30422e+04 1.34215e-11 -6.11251e-07
 3.72759e-03 1.31058e+04 1.59647e-11 -7.61128e-07
 4.64159e-03 1.31710e+04 1.88999e-11 -9.47754e-07
 5.77969e-03 1.32385e+04 2.22731e-11 -1.18014e-06
 7.19686e-03 1.33086e+04 2.61365e-11 -1.46951e-06
 8.96151e-03 1.33820e+04 3.05472e-11 -1.82983e-06
 1.11588e-02 1.34592e+04 3.55688e-11 -2.27849e-06
 1.38950e-02 1.35407e+04 4.12696e-11 -2.83718e-06
 1.73020e-02 1.36273e+04 4.77259e-11 -3.53284e-06
 2.15443e-02 1.37198e+04 5.50219e-11 -4.39908e-06
 2.68270e-02 1.38192e+04 6.32507e-11 -5.47773e-06
 3.34048e-02 1.39268e+04 7.25153e-11 -6.82085e-06
 4.15956e-02 1.40440e+04 8.29275e-11 -8.49330e-06
 5.17947e-02 1.41728e+04 9.46104e-11 -1.05758e-05
 6.44947e-02 1.43154e+04 1.07698e-10 -1.31690e-05
 8.03086e-02 1.44748e+04 1.22336e-10 -1.63980e-05
 1.00000e-01 1.46542e+04 1.38684e-10 -2.04188e-05
 1.24520e-01 1.48573e+04 1.56919e-10 -2.54254e-05
 1.55052e-01 1.50879e+04 1.77244e-10 -3.16597e-05
 1.93070e-01 1.53499e+04 1.99901e-10 -3.94224e-05
 2.40410e-01 1.56457e+04 2.25203e-10 -4.90886e-05
 2.99358e-01 1.59771e+04 2.53539e-10 -6.11251e-05
 3.72759e-01 1.63442e+04 2.85401e-10 -7.61128e-05
 4.64159e-01 1.67453e+04 3.21386e-10 -9.47754e-05
 5.77969e-01 1.71777e+04 3.62183e-10 -1.18014e-04
 7.19686e-01 1.76390e+04 4.08548e-10 -1.46951e-04
 8.96151e-01 1.81274e+04 4.61289e-10 -1.82983e-04
 1.11588e+00 1.86443e+04 5.21239e-10 -2.27849e-04
 1.38950e+00 1.91929e+04 5.89276e-10 -2.83718e-04
 1.73020e+00 1.97788e+04 6.66346e-10 -3.53284e-04
 2.15443e+00 2.04067e+04 7.53567e-10 -4.39908e-04
 2.68270e+00 2.10789e+04 8.52303e-10 -5.47773e-04
 3.34048e+00 2.17944e+04 9.64209e-10 -6.12562e-04
 4.15956e+00 2.25501e+04 1.09121e-09 -6.12562e-04
 5.17947e+00 2.33552e+04 1.23498e-09 -6.12562e-04
 6.44947e+00 2.41846e+04 1.39895e-09 -6.12562e-04
 8.03086e+00 2.50780e+04 1.58363e-09 -6.12562e-04
 1.00000e+01 2.60063e+04 1.79363e-09 -6.12562e-04
 1.24520e+01 2.70008e+04 2.03031e-09 -6.12562e-04
 1.55052e+01 2.80349e+04 2.29891e-09 -6.12562e-04
 1.93070e+01 2.92514e+04 2.59428e-09 -6.12562e-04
 2.40410e+01 3.03199e+04 2.94572e-09 -6.12562e-04
 2.99358e+01 3.19915e+04 3.29666e-09 -6.12562e-04
 3.72759e+01 3.30339e+04 3.76509e-09 -6.12562e-04
 4.64159e+01 3.52143e+04 4.17181e-09 -6.12562e-04
 5.77969e+01 3.66860e+04 4.73348e-09 -6.12562e-04
 7.19686e+01 3.87412e+04 5.28082e-09 -6.12560e-04
 8.96151e+01 4.13411e+04 5.84695e-09 -6.12560e-04
 1.11588e+02 4.27945e+04 6.68890e-09 -6.12556e-04
 1.38950e+02 4.61969e+04 7.35958e-09 -6.12562e-04
 1.73020e+02 4.74552e+04 8.51387e-09 -6.12558e-04
 2.15443e+02 5.07037e+04 9.47293e-09 -6.12560e-04
 2.68270e+02 5.21710e+04 1.09164e-08 -6.12550e-04
 3.34048e+02 5.49240e+04 1.22729e-08 -6.12541e-04
 4.15956e+02 5.67087e+04 1.40330e-08 -6.12451e-04
 5.17947e+02 5.90316e+04 1.58726e-08 -6.12199e-04
 6.44947e+02 6.10820e+04 1.80259e-08 -6.11016e-04
 8.03086e+02 6.30702e+04 2.04548e-08 -6.05778e-04
 1.00000e+03 6.53156e+04 2.31024e-08 -5.87932e-04
