#n1=128 n2=4 Teff=17500 R=2.3230e+12 L=3.6124e+38 logg=+2.50
#   tau          T          rho         Fconv
 0.00000e+00 1.36554e+04 5.31482e-22 +0.00000e+00
 1.00000e-09 1.36554e+04 4.80816e-19 +0.00000e+00
 1.24520e-09 1.36586e+04 5.99289e-19 +0.00000e+00
 1.55052e-09 1.36623e+04 7.46925e-19 +0.00000e+00
 1.93070e-09 1.36664e+04 9.30905e-19 +0.00000e+00
 2.40410e-09 1.36708e+04 1.16017e-18 +0.00000e+00
 2.99358e-09 1.36756e+04 1.44586e-18 +0.00000e+00
 3.72759e-09 1.36807e+04 1.80185e-18 +0.00000e+00
 4.64159e-09 1.36862e+04 2.24543e-18 +0.00000e+00
 5.77969e-09 1.36919e+04 2.79813e-18 +0.00000e+00
 7.19686e-09 1.36981e+04 3.48676e-18 +0.00000e+00
 8.96151e-09 1.37047e+04 4.34472e-18 +0.00000e+00
 1.11588e-08 1.37117e+04 5.41359e-18 +0.00000e+00
 1.38950e-08 1.37193e+04 6.74515e-18 +0.00000e+00
 1.73020e-08 1.37275e+04 8.40383e-18 +0.00000e+00
 2.15443e-08 1.37364e+04 1.04698e-17 +0.00000e+00
 2.68270e-08 1.37460e+04 1.30430e-17 +0.00000e+00
 3.34048e-08 1.37566e+04 1.62474e-17 +0.00000e+00
 4.15956e-08 1.37683e+04 2.02374e-17 +0.00000e+00
 5.17947e-08 1.37813e+04 2.52050e-17 +0.00000e+00
 6.44947e-08 1.37958e+04 3.13884e-17 +0.00000e+00
 8.03086e-08 1.38120e+04 3.90839e-17 +0.00000e+00
 1.00000e-07 1.38303e+04 4.86588e-17 +0.00000e+00
 1.24520e-07 1.38511e+04 6.05689e-17 +0.00000e+00
 1.55052e-07 1.38747e+04 7.53788e-17 +0.00000e+00
 1.93070e-07 1.39016e+04 9.37876e-17 +0.00000e+00
 2.40410e-07 1.39325e+04 1.16660e-16 +0.00000e+00
 2.99358e-07 1.39680e+04 1.45063e-16 +0.00000e+00
 3.72759e-07 1.40087e+04 1.80316e-16 +0.00000e+00
 4.64159e-07 1.40556e+04 2.24039e-16 +0.00000e+00
 5.77969e-07 1.41094e+04 2.78230e-16 +0.00000e+00
 7.19686e-07 1.41713e+04 3.45341e-16 +0.00000e+00
 8.96151e-07 1.42421e+04 4.28378e-16 +0.00000e+00
 1.11588e-06 1.43229e+04 5.31026e-16 +0.00000e+00
 1.38950e-06 1.44148e+04 6.57788e-16 +0.00000e+00
 1.73020e-06 1.45187e+04 8.14171e-16 +0.00000e+00
 2.15443e-06 1.46356e+04 1.00690e-15 +0.00000e+00
 2.68270e-06 1.47663e+04 1.24417e-15 +0.00000e+00
 3.34048e-06 1.49113e+04 1.53601e-15 +0.00000e+00
 4.15956e-06 1.50708e+04 1.89467e-15 +0.00000e+00
 5.17947e-06 1.52447e+04 2.33516e-15 +0.00000e+00
 6.44947e-06 1.54316e+04 2.87603e-15 +0.00000e+00
 8.03086e-06 1.56301e+04 3.54012e-15 +0.00000e+00
 1.00000e-05 1.58376e+04 4.35582e-15 +0.00000e+00
 1.24520e-05 1.60507e+04 5.35858e-15 +0.00000e+00
 1.55052e-05 1.62649e+04 6.59303e-15 +0.00000e+00
 1.93070e-05 1.64753e+04 8.11521e-15 +0.00000e+00
 2.40410e-05 1.66772e+04 9.99565e-15 +0.00000e+00
 2.99358e-05 1.68663e+04 1.23231e-14 +0.00000e+00
 3.72759e-05 1.70387e+04 1.52096e-14 +0.00000e+00
 4.64159e-05 1.71901e+04 1.87971e-14 +0.00000e+00
 5.77969e-05 1.73144e+04 2.32688e-14 +0.00000e+00
 7.19686e-05 1.74020e+04 2.88666e-14 +0.00000e+00
 8.96151e-05 1.74369e+04 3.59198e-14 +0.00000e+00
 1.11588e-04 1.73928e+04 4.48987e-14 +0.00000e+00
 1.38950e-04 1.72235e+04 5.65282e-14 +0.00000e+00
 1.73020e-04 1.68364e+04 7.20939e-14 +0.00000e+00
 2.15443e-04 1.60125e+04 9.44958e-14 +0.00000e+00
 2.68270e-04 1.46045e+04 1.29136e-13 +0.00000e+00
 3.34048e-04 1.36615e+04 1.72009e-13 +0.00000e+00
 4.15956e-04 1.31166e+04 2.23134e-13 +0.00000e+00
 5.17947e-04 1.27577e+04 2.85649e-13 +0.00000e+00
 6.44947e-04 1.24937e+04 3.63326e-13 +0.00000e+00
 8.03086e-04 1.23297e+04 4.59745e-13 +0.00000e+00
 1.00000e-03 1.22543e+04 5.77905e-13 +0.00000e+00
 1.24520e-03 1.22333e+04 7.22243e-13 -2.54127e-07
 1.55052e-03 1.22417e+04 8.98499e-13 -3.16439e-07
 1.93070e-03 1.22650e+04 1.11385e-12 -3.94028e-07
 2.40410e-03 1.22958e+04 1.37685e-12 -4.90642e-07
 2.99358e-03 1.23313e+04 1.69735e-12 -6.10947e-07
 3.72759e-03 1.23684e+04 2.08713e-12 -7.60750e-07
 4.64159e-03 1.24075e+04 2.55950e-12 -9.47282e-07
 5.77969e-03 1.24486e+04 3.12984e-12 -1.17955e-06
 7.19686e-03 1.24924e+04 3.81565e-12 -1.46878e-06
 8.96151e-03 1.25398e+04 4.63663e-12 -1.82892e-06
 1.11588e-02 1.25919e+04 5.61462e-12 -2.27735e-06
 1.38950e-02 1.26503e+04 6.77316e-12 -2.83577e-06
 1.73020e-02 1.27163e+04 8.13801e-12 -3.53108e-06
 2.15443e-02 1.27914e+04 9.73642e-12 -4.39689e-06
 2.68270e-02 1.28773e+04 1.15976e-11 -5.47501e-06
 3.34048e-02 1.29756e+04 1.37530e-11 -6.81746e-06
 4.15956e-02 1.30882e+04 1.62355e-11 -8.48907e-06
 5.17947e-02 1.32168e+04 1.90814e-11 -1.05706e-05
 6.44947e-02 1.33630e+04 2.23296e-11 -1.31625e-05
 8.03086e-02 1.35290e+04 2.60225e-11 -1.63898e-05
 1.00000e-01 1.37170e+04 3.02067e-11 -2.04086e-05
 1.24520e-01 1.39296e+04 3.49342e-11 -2.54127e-05
 1.55052e-01 1.41697e+04 4.02643e-11 -3.16439e-05
 1.93070e-01 1.44404e+04 4.62675e-11 -3.94028e-05
 2.40410e-01 1.47445e+04 5.30303e-11 -4.90642e-05
 2.99358e-01 1.50843e+04 6.06600e-11 -6.10947e-05
 3.72759e-01 1.54604e+04 6.92933e-11 -7.60750e-05
 4.64159e-01 1.58722e+04 7.90954e-11 -9.47282e-05
 5.77969e-01 1.63168e+04 9.02627e-11 -1.17955e-04
 7.19686e-01 1.67911e+04 1.03016e-10 -1.46878e-04
 8.96151e-01 1.72923e+04 1.17597e-10 -1.82892e-04
 1.11588e+00 1.78197e+04 1.34262e-10 -2.27735e-04
 1.38950e+00 1.83751e+04 1.53284e-10 -2.83577e-04
 1.73020e+00 1.89622e+04 1.74952e-10 -3.53108e-04
 2.15443e+00 1.95847e+04 1.99603e-10 -4.39689e-04
 2.68270e+00 2.02444e+04 2.27639e-10 -5.47501e-04
 3.34048e+00 2.09410e+04 2.59532e-10 -6.12259e-04
 4.15956e+00 2.16733e+04 2.95826e-10 -6.12257e-04
 5.17947e+00 2.24533e+04 3.36984e-10 -6.12257e-04
 6.44947e+00 2.32593e+04 3.83966e-10 -6.12257e-04
 8.03086e+00 2.41322e+04 4.36940e-10 -6.12257e-04
 1.00000e+01 2.50444e+04 4.97243e-10 -6.12257e-04
 1.24520e+01 2.60270e+04 5.65319e-10 -6.12257e-04
 1.55052e+01 2.70443e+04 6.42896e-10 -6.12257e-04
 1.93070e+01 2.82506e+04 7.28260e-10 -6.12257e-04
 2.40410e+01 2.92729e+04 8.30917e-10 -6.12257e-04
 2.99358e+01 3.09168e+04 9.32747e-10 -6.12257e-04
 3.72759e+01 3.18589e+04 1.07096e-09 -6.12257e-04
 4.64159e+01 3.39315e+04 1.18923e-09 -6.12257e-04
 5.77969e+01 3.52770e+04 1.35331e-09 -6.12257e-04
 7.19686e+01 3.71332e+04 1.51490e-09 -6.12257e-04
 8.96151e+01 3.96381e+04 1.67849e-09 -6.12257e-04
 1.11588e+02 4.08936e+04 1.92988e-09 -6.12257e-04
 1.38950e+02 4.42591e+04 2.12481e-09 -6.12257e-04
 1.73020e+02 4.53303e+04 2.47020e-09 -6.12257e-04
 2.15443e+02 4.85375e+04 2.75064e-09 -6.12257e-04
 2.68270e+02 4.98235e+04 3.18432e-09 -6.12257e-04
 3.34048e+02 5.25197e+04 3.58462e-09 -6.12257e-04
 4.15956e+02 5.41743e+04 4.11240e-09 -6.12255e-04
 5.17947e+02 5.64512e+04 4.65932e-09 -6.12250e-04
 6.44947e+02 5.84571e+04 5.30279e-09 -6.12223e-04
 8.03086e+02 6.04515e+04 6.02799e-09 -6.12116e-04
 1.00000e+03 6.27825e+04 6.81419e-09 -6.11790e-04
