#n1=128 n2=4 Teff=18500 R=1.3825e+12 L=1.5939e+38 logg=+3.00
#   tau          T          rho         Fconv
 0.00000e+00 1.40579e+04 5.12375e-22 +0.00000e+00
 1.00000e-09 1.40579e+04 1.55142e-18 +0.00000e+00
 1.24520e-09 1.40606e+04 1.93353e-18 +0.00000e+00
 1.55052e-09 1.40634e+04 2.40953e-18 +0.00000e+00
 1.93070e-09 1.40666e+04 3.00247e-18 +0.00000e+00
 2.40410e-09 1.40701e+04 3.74106e-18 +0.00000e+00
 2.99358e-09 1.40739e+04 4.66103e-18 +0.00000e+00
 3.72759e-09 1.40780e+04 5.80690e-18 +0.00000e+00
 4.64159e-09 1.40824e+04 7.23410e-18 +0.00000e+00
 5.77969e-09 1.40871e+04 9.01161e-18 +0.00000e+00
 7.19686e-09 1.40923e+04 1.12254e-17 +0.00000e+00
 8.96151e-09 1.40979e+04 1.39822e-17 +0.00000e+00
 1.11588e-08 1.41039e+04 1.74153e-17 +0.00000e+00
 1.38950e-08 1.41105e+04 2.16902e-17 +0.00000e+00
 1.73020e-08 1.41178e+04 2.70129e-17 +0.00000e+00
 2.15443e-08 1.41258e+04 3.36396e-17 +0.00000e+00
 2.68270e-08 1.41348e+04 4.18891e-17 +0.00000e+00
 3.34048e-08 1.41447e+04 5.21573e-17 +0.00000e+00
 4.15956e-08 1.41560e+04 6.49366e-17 +0.00000e+00
 5.17947e-08 1.41686e+04 8.08382e-17 +0.00000e+00
 6.44947e-08 1.41830e+04 1.00621e-16 +0.00000e+00
 8.03086e-08 1.41995e+04 1.25227e-16 +0.00000e+00
 1.00000e-07 1.42183e+04 1.55824e-16 +0.00000e+00
 1.24520e-07 1.42402e+04 1.93854e-16 +0.00000e+00
 1.55052e-07 1.42653e+04 2.41113e-16 +0.00000e+00
 1.93070e-07 1.42943e+04 2.99811e-16 +0.00000e+00
 2.40410e-07 1.43279e+04 3.72680e-16 +0.00000e+00
 2.99358e-07 1.43669e+04 4.63089e-16 +0.00000e+00
 3.72759e-07 1.44121e+04 5.75185e-16 +0.00000e+00
 4.64159e-07 1.44646e+04 7.14062e-16 +0.00000e+00
 5.77969e-07 1.45253e+04 8.85987e-16 +0.00000e+00
 7.19686e-07 1.45952e+04 1.09862e-15 +0.00000e+00
 8.96151e-07 1.46758e+04 1.36135e-15 +0.00000e+00
 1.11588e-06 1.47680e+04 1.68561e-15 +0.00000e+00
 1.38950e-06 1.48732e+04 2.08538e-15 +0.00000e+00
 1.73020e-06 1.49926e+04 2.57767e-15 +0.00000e+00
 2.15443e-06 1.51270e+04 3.18320e-15 +0.00000e+00
 2.68270e-06 1.52772e+04 3.92724e-15 +0.00000e+00
 3.34048e-06 1.54433e+04 4.84069e-15 +0.00000e+00
 4.15956e-06 1.56244e+04 5.96159e-15 +0.00000e+00
 5.17947e-06 1.58193e+04 7.33664e-15 +0.00000e+00
 6.44947e-06 1.60258e+04 9.02372e-15 +0.00000e+00
 8.03086e-06 1.62409e+04 1.10948e-14 +0.00000e+00
 1.00000e-05 1.64616e+04 1.36390e-14 +0.00000e+00
 1.24520e-05 1.66840e+04 1.67680e-14 +0.00000e+00
 1.55052e-05 1.69041e+04 2.06212e-14 +0.00000e+00
 1.93070e-05 1.71183e+04 2.53732e-14 +0.00000e+00
 2.40410e-05 1.73229e+04 3.12420e-14 +0.00000e+00
 2.99358e-05 1.75148e+04 3.85016e-14 +0.00000e+00
 3.72759e-05 1.76901e+04 4.74974e-14 +0.00000e+00
 4.64159e-05 1.78445e+04 5.86685e-14 +0.00000e+00
 5.77969e-05 1.79709e+04 7.25829e-14 +0.00000e+00
 7.19686e-05 1.80579e+04 8.99929e-14 +0.00000e+00
 8.96151e-05 1.80877e+04 1.11927e-13 +0.00000e+00
 1.11588e-04 1.80313e+04 1.39859e-13 +0.00000e+00
 1.38950e-04 1.78377e+04 1.76084e-13 +0.00000e+00
 1.73020e-04 1.73992e+04 2.24789e-13 +0.00000e+00
 2.15443e-04 1.64667e+04 2.95668e-13 +0.00000e+00
 2.68270e-04 1.49301e+04 4.05674e-13 +0.00000e+00
 3.34048e-04 1.39618e+04 5.39033e-13 +0.00000e+00
 4.15956e-04 1.33689e+04 6.98508e-13 +0.00000e+00
 5.17947e-04 1.29903e+04 8.90714e-13 +0.00000e+00
 6.44947e-04 1.27452e+04 1.12391e-12 +0.00000e+00
 8.03086e-04 1.26062e+04 1.40932e-12 +0.00000e+00
 1.00000e-03 1.25560e+04 1.75449e-12 +0.00000e+00
 1.24520e-03 1.25583e+04 2.16957e-12 -2.54773e-07
 1.55052e-03 1.25857e+04 2.66870e-12 -3.17242e-07
 1.93070e-03 1.26249e+04 3.26823e-12 -3.95029e-07
 2.40410e-03 1.26704e+04 3.98652e-12 -4.91888e-07
 2.99358e-03 1.27202e+04 4.84417e-12 -6.12498e-07
 3.72759e-03 1.27732e+04 5.86434e-12 -7.62681e-07
 4.64159e-03 1.28288e+04 7.07286e-12 -9.49688e-07
 5.77969e-03 1.28865e+04 8.49866e-12 -1.18255e-06
 7.19686e-03 1.29466e+04 1.01727e-11 -1.47251e-06
 8.96151e-03 1.30093e+04 1.21291e-11 -1.83356e-06
 1.11588e-02 1.30756e+04 1.44032e-11 -2.28315e-06
 1.38950e-02 1.31466e+04 1.70338e-11 -2.84296e-06
 1.73020e-02 1.32236e+04 2.00616e-11 -3.54006e-06
 2.15443e-02 1.33080e+04 2.35305e-11 -4.40807e-06
 2.68270e-02 1.34014e+04 2.74893e-11 -5.48891e-06
 3.34048e-02 1.35052e+04 3.19900e-11 -6.83476e-06
 4.15956e-02 1.36211e+04 3.70901e-11 -8.51064e-06
 5.17947e-02 1.37512e+04 4.28514e-11 -1.05974e-05
 6.44947e-02 1.38978e+04 4.93418e-11 -1.31959e-05
 8.03086e-02 1.40636e+04 5.66358e-11 -1.64315e-05
 1.00000e-01 1.42515e+04 6.48161e-11 -2.04604e-05
 1.24520e-01 1.44647e+04 7.39768e-11 -2.54773e-05
 1.55052e-01 1.47069e+04 8.42250e-11 -3.17242e-05
 1.93070e-01 1.49820e+04 9.56897e-11 -3.95029e-05
 2.40410e-01 1.52932e+04 1.08532e-10 -4.91888e-05
 2.99358e-01 1.56433e+04 1.22951e-10 -6.12498e-05
 3.72759e-01 1.60335e+04 1.39201e-10 -7.62681e-05
 4.64159e-01 1.64628e+04 1.57591e-10 -9.49688e-05
 5.77969e-01 1.69279e+04 1.78493e-10 -1.18255e-04
 7.19686e-01 1.74251e+04 2.02320e-10 -1.47251e-04
 8.96151e-01 1.79505e+04 2.29523e-10 -1.83356e-04
 1.11588e+00 1.85026e+04 2.60575e-10 -2.28315e-04
 1.38950e+00 1.90824e+04 2.95971e-10 -2.84296e-04
 1.73020e+00 1.96934e+04 3.36236e-10 -3.54006e-04
 2.15443e+00 2.03390e+04 3.81978e-10 -4.40807e-04
 2.68270e+00 2.10207e+04 4.33916e-10 -5.48891e-04
 3.34048e+00 2.17386e+04 4.92899e-10 -6.13812e-04
 4.15956e+00 2.24913e+04 5.59891e-10 -6.13813e-04
 5.17947e+00 2.32921e+04 6.35698e-10 -6.13812e-04
 6.44947e+00 2.41186e+04 7.22046e-10 -6.13812e-04
 8.03086e+00 2.50152e+04 8.19137e-10 -6.13812e-04
 1.00000e+01 2.59530e+04 9.29403e-10 -6.13812e-04
 1.24520e+01 2.69658e+04 1.05356e-09 -6.13812e-04
 1.55052e+01 2.80178e+04 1.19469e-09 -6.13812e-04
 1.93070e+01 2.92709e+04 1.34948e-09 -6.13812e-04
 2.40410e+01 3.03338e+04 1.53557e-09 -6.13812e-04
 2.99358e+01 3.20655e+04 1.71839e-09 -6.13812e-04
 3.72759e+01 3.30454e+04 1.96872e-09 -6.13812e-04
 4.64159e+01 3.52675e+04 2.17730e-09 -6.13812e-04
 5.77969e+01 3.66870e+04 2.47279e-09 -6.13812e-04
 7.19686e+01 3.86737e+04 2.76095e-09 -6.13812e-04
 8.96151e+01 4.13327e+04 3.05594e-09 -6.13812e-04
 1.11588e+02 4.25757e+04 3.51715e-09 -6.13812e-04
 1.38950e+02 4.61000e+04 3.86952e-09 -6.13812e-04
 1.73020e+02 4.70618e+04 4.50468e-09 -6.13812e-04
 2.15443e+02 5.03909e+04 5.00512e-09 -6.13812e-04
 2.68270e+02 5.15754e+04 5.79427e-09 -6.13809e-04
 3.34048e+02 5.43475e+04 6.50460e-09 -6.13806e-04
 4.15956e+02 5.59405e+04 7.45404e-09 -6.13777e-04
 5.17947e+02 5.82322e+04 8.42557e-09 -6.13705e-04
 6.44947e+02 6.02124e+04 9.57134e-09 -6.13369e-04
 8.03086e+02 6.21667e+04 1.08612e-08 -6.11975e-04
 1.00000e+03 6.44778e+04 1.22527e-08 -6.07721e-04
