#n1=128 n2=4 Teff=18500 R=1.1374e+13 L=1.0802e+40 logg=+1.50
#   tau          T          rho         Fconv
 0.00000e+00 1.15268e+04 6.48180e-22 +0.00000e+00
 1.00000e-09 1.15268e+04 5.21538e-20 +0.00000e+00
 1.24520e-09 1.15300e+04 6.48994e-20 +0.00000e+00
 1.55052e-09 1.15334e+04 8.07974e-20 +0.00000e+00
 1.93070e-09 1.15367e+04 1.00629e-19 +0.00000e+00
 2.40410e-09 1.15399e+04 1.25370e-19 +0.00000e+00
 2.99358e-09 1.15430e+04 1.56234e-19 +0.00000e+00
 3.72759e-09 1.15458e+04 1.94738e-19 +0.00000e+00
 4.64159e-09 1.15485e+04 2.42777e-19 +0.00000e+00
 5.77969e-09 1.15508e+04 3.02713e-19 +0.00000e+00
 7.19686e-09 1.15528e+04 3.77497e-19 +0.00000e+00
 8.96151e-09 1.15543e+04 4.70811e-19 +0.00000e+00
 1.11588e-08 1.15554e+04 5.87257e-19 +0.00000e+00
 1.38950e-08 1.15559e+04 7.32576e-19 +0.00000e+00
 1.73020e-08 1.15558e+04 9.13943e-19 +0.00000e+00
 2.15443e-08 1.15550e+04 1.14031e-18 +0.00000e+00
 2.68270e-08 1.15536e+04 1.42288e-18 +0.00000e+00
 3.34048e-08 1.15515e+04 1.77559e-18 +0.00000e+00
 4.15956e-08 1.15488e+04 2.21589e-18 +0.00000e+00
 5.17947e-08 1.15458e+04 2.76551e-18 +0.00000e+00
 6.44947e-08 1.15425e+04 3.45154e-18 +0.00000e+00
 8.03086e-08 1.15393e+04 4.30774e-18 +0.00000e+00
 1.00000e-07 1.15365e+04 5.37620e-18 +0.00000e+00
 1.24520e-07 1.15343e+04 6.70932e-18 +0.00000e+00
 1.55052e-07 1.15331e+04 8.37239e-18 +0.00000e+00
 1.93070e-07 1.15329e+04 1.04468e-17 +0.00000e+00
 2.40410e-07 1.15338e+04 1.30338e-17 +0.00000e+00
 2.99358e-07 1.15359e+04 1.62598e-17 +0.00000e+00
 3.72759e-07 1.15392e+04 2.02823e-17 +0.00000e+00
 4.64159e-07 1.15437e+04 2.52973e-17 +0.00000e+00
 5.77969e-07 1.15493e+04 3.15492e-17 +0.00000e+00
 7.19686e-07 1.15560e+04 3.93427e-17 +0.00000e+00
 8.96151e-07 1.15637e+04 4.90571e-17 +0.00000e+00
 1.11588e-06 1.15723e+04 6.11651e-17 +0.00000e+00
 1.38950e-06 1.15819e+04 7.62556e-17 +0.00000e+00
 1.73020e-06 1.15924e+04 9.50623e-17 +0.00000e+00
 2.15443e-06 1.16038e+04 1.18499e-16 +0.00000e+00
 2.68270e-06 1.16160e+04 1.47703e-16 +0.00000e+00
 3.34048e-06 1.16291e+04 1.84092e-16 +0.00000e+00
 4.15956e-06 1.16431e+04 2.29430e-16 +0.00000e+00
 5.17947e-06 1.16582e+04 2.85912e-16 +0.00000e+00
 6.44947e-06 1.16743e+04 3.56268e-16 +0.00000e+00
 8.03086e-06 1.16916e+04 4.43894e-16 +0.00000e+00
 1.00000e-05 1.17104e+04 5.53012e-16 +0.00000e+00
 1.24520e-05 1.17308e+04 6.88867e-16 +0.00000e+00
 1.55052e-05 1.17531e+04 8.57968e-16 +0.00000e+00
 1.93070e-05 1.17775e+04 1.06840e-15 +0.00000e+00
 2.40410e-05 1.18045e+04 1.33017e-15 +0.00000e+00
 2.99358e-05 1.18344e+04 1.65569e-15 +0.00000e+00
 3.72759e-05 1.18675e+04 2.06033e-15 +0.00000e+00
 4.64159e-05 1.19044e+04 2.56309e-15 +0.00000e+00
 5.77969e-05 1.19454e+04 3.18745e-15 +0.00000e+00
 7.19686e-05 1.19909e+04 3.96244e-15 +0.00000e+00
 8.96151e-05 1.20413e+04 4.92389e-15 +0.00000e+00
 1.11588e-04 1.20968e+04 6.11606e-15 +0.00000e+00
 1.38950e-04 1.21578e+04 7.59362e-15 +0.00000e+00
 1.73020e-04 1.22241e+04 9.42409e-15 +0.00000e+00
 2.15443e-04 1.22957e+04 1.16911e-14 +0.00000e+00
 2.68270e-04 1.23720e+04 1.44982e-14 +0.00000e+00
 3.34048e-04 1.24520e+04 1.79743e-14 +0.00000e+00
 4.15956e-04 1.25343e+04 2.22805e-14 +0.00000e+00
 5.17947e-04 1.26165e+04 2.76190e-14 +0.00000e+00
 6.44947e-04 1.26956e+04 3.42455e-14 +0.00000e+00
 8.03086e-04 1.27674e+04 4.24862e-14 +0.00000e+00
 1.00000e-03 1.28275e+04 5.27569e-14 +0.00000e+00
 1.24520e-03 1.28715e+04 6.55890e-14 -2.54453e-07
 1.55052e-03 1.28962e+04 8.16574e-14 -3.16843e-07
 1.93070e-03 1.29014e+04 1.01805e-13 -3.94532e-07
 2.40410e-03 1.28901e+04 1.27063e-13 -4.91270e-07
 2.99358e-03 1.28690e+04 1.58673e-13 -6.11727e-07
 3.72759e-03 1.28456e+04 1.98121e-13 -7.61722e-07
 4.64159e-03 1.28262e+04 2.47210e-13 -9.48493e-07
 5.77969e-03 1.28131e+04 3.08174e-13 -1.18106e-06
 7.19686e-03 1.28090e+04 3.83694e-13 -1.47065e-06
 8.96151e-03 1.28118e+04 4.77167e-13 -1.83125e-06
 1.11588e-02 1.28194e+04 5.92765e-13 -2.28028e-06
 1.38950e-02 1.28306e+04 7.35539e-13 -2.83938e-06
 1.73020e-02 1.28464e+04 9.11498e-13 -3.53560e-06
 2.15443e-02 1.28689e+04 1.12769e-12 -4.40252e-06
 2.68270e-02 1.29025e+04 1.39221e-12 -5.48200e-06
 3.34048e-02 1.29523e+04 1.71422e-12 -6.82617e-06
 4.15956e-02 1.30246e+04 2.10391e-12 -8.49994e-06
 5.17947e-02 1.31271e+04 2.57211e-12 -1.05841e-05
 6.44947e-02 1.32641e+04 3.13109e-12 -1.31793e-05
 8.03086e-02 1.34430e+04 3.79316e-12 -1.64108e-05
 1.00000e-01 1.36724e+04 4.57096e-12 -2.04347e-05
 1.24520e-01 1.39579e+04 5.47894e-12 -2.54453e-05
 1.55052e-01 1.43082e+04 6.53212e-12 -3.16843e-05
 1.93070e-01 1.47232e+04 7.75188e-12 -3.94532e-05
 2.40410e-01 1.51996e+04 9.16562e-12 -4.91270e-05
 2.99358e-01 1.57295e+04 1.08092e-11 -6.11727e-05
 3.72759e-01 1.63020e+04 1.27276e-11 -7.61722e-05
 4.64159e-01 1.69063e+04 1.49746e-11 -9.48493e-05
 5.77969e-01 1.75343e+04 1.76109e-11 -1.18106e-04
 7.19686e-01 1.81846e+04 2.07011e-11 -1.47065e-04
 8.96151e-01 1.88508e+04 2.43241e-11 -1.83125e-04
 1.11588e+00 1.95410e+04 2.85525e-11 -2.28028e-04
 1.38950e+00 2.02576e+04 3.34749e-11 -2.83938e-04
 1.73020e+00 2.10100e+04 3.91798e-11 -3.53560e-04
 2.15443e+00 2.18077e+04 4.57657e-11 -4.40252e-04
 2.68270e+00 2.26570e+04 5.33496e-11 -5.48200e-04
 3.34048e+00 2.35668e+04 6.20582e-11 -6.13039e-04
 4.15956e+00 2.45442e+04 7.20384e-11 -6.13039e-04
 5.17947e+00 2.55955e+04 8.34583e-11 -6.13039e-04
 6.44947e+00 2.67193e+04 9.65221e-11 -6.13039e-04
 8.03086e+00 2.79299e+04 1.11384e-10 -6.13047e-04
 1.00000e+01 2.92223e+04 1.28229e-10 -6.13041e-04
 1.24520e+01 3.06088e+04 1.47088e-10 -6.13039e-04
 1.55052e+01 3.20720e+04 1.68073e-10 -6.13041e-04
 1.93070e+01 3.36960e+04 1.90976e-10 -6.13041e-04
 2.40410e+01 3.52818e+04 2.17722e-10 -6.13039e-04
 2.99358e+01 3.72053e+04 2.46901e-10 -6.13039e-04
 3.72759e+01 3.88652e+04 2.83290e-10 -6.13041e-04
 4.64159e+01 4.09756e+04 3.22527e-10 -6.13039e-04
 5.77969e+01 4.28521e+04 3.70492e-10 -6.13039e-04
 7.19686e+01 4.48332e+04 4.25103e-10 -6.13039e-04
 8.96151e+01 4.71700e+04 4.85431e-10 -6.13039e-04
 1.11588e+02 4.88283e+04 5.61947e-10 -6.13039e-04
 1.38950e+02 5.16198e+04 6.37560e-10 -6.13039e-04
 1.73020e+02 5.31123e+04 7.40719e-10 -6.13039e-04
 2.15443e+02 5.61336e+04 8.38205e-10 -6.13039e-04
 2.68270e+02 5.77001e+04 9.72170e-10 -6.13039e-04
 3.34048e+02 6.07605e+04 1.10047e-09 -6.13039e-04
 4.15956e+02 6.26300e+04 1.26968e-09 -6.13039e-04
 5.17947e+02 6.56187e+04 1.44026e-09 -6.13039e-04
 6.44947e+02 6.79431e+04 1.65104e-09 -6.13039e-04
 8.03086e+02 7.07998e+04 1.87854e-09 -6.13039e-04
 1.00000e+03 7.37756e+04 2.13708e-09 -6.13039e-04
