#n1=128 n2=4 Teff=18500 R=5.2199e+12 L=2.2774e+39 logg=+2.00
#      tau          T          rho         Fconv
  0.00000e+00  1.40369e+04  5.24306e-22 +0.00000e+00
  1.00000e-09  1.40369e+04  1.28634e-19 +0.00000e+00
  1.24520e-09  1.40586e+04  1.60384e-19 +0.00000e+00
  1.55052e-09  1.40783e+04  2.00074e-19 +0.00000e+00
  1.93070e-09  1.41045e+04  2.49579e-19 +0.00000e+00
  2.40410e-09  1.41397e+04  3.11282e-19 +0.00000e+00
  2.99358e-09  1.41805e+04  3.88218e-19 +0.00000e+00
  3.72759e-09  1.42297e+04  4.84042e-19 +0.00000e+00
  4.64159e-09  1.42880e+04  6.03309e-19 +0.00000e+00
  5.77969e-09  1.43561e+04  7.51641e-19 +0.00000e+00
  7.19686e-09  1.44344e+04  9.35983e-19 +0.00000e+00
  8.96151e-09  1.45233e+04  1.16492e-18 +0.00000e+00
  1.11588e-08  1.46231e+04  1.44908e-18 +0.00000e+00
  1.38950e-08  1.47336e+04  1.80162e-18 +0.00000e+00
  1.73020e-08  1.48544e+04  2.23885e-18 +0.00000e+00
  2.15443e-08  1.49847e+04  2.78106e-18 +0.00000e+00
  2.68270e-08  1.51232e+04  3.45339e-18 +0.00000e+00
  3.34048e-08  1.52688e+04  4.28723e-18 +0.00000e+00
  4.15956e-08  1.54186e+04  5.32163e-18 +0.00000e+00
  5.17947e-08  1.55717e+04  6.60464e-18 +0.00000e+00
  6.44947e-08  1.57266e+04  8.19530e-18 +0.00000e+00
  8.03086e-08  1.58821e+04  1.01666e-17 +0.00000e+00
  1.00000e-07  1.60372e+04  1.26089e-17 +0.00000e+00
  1.24520e-07  1.61910e+04  1.56343e-17 +0.00000e+00
  1.55052e-07  1.63430e+04  1.93820e-17 +0.00000e+00
  1.93070e-07  1.64929e+04  2.40246e-17 +0.00000e+00
  2.40410e-07  1.66403e+04  2.97762e-17 +0.00000e+00
  2.99358e-07  1.67851e+04  3.69023e-17 +0.00000e+00
  3.72759e-07  1.69274e+04  4.57320e-17 +0.00000e+00
  4.64159e-07  1.70674e+04  5.66726e-17 +0.00000e+00
  5.77969e-07  1.72066e+04  7.02253e-17 +0.00000e+00
  7.19686e-07  1.73474e+04  8.70010e-17 +0.00000e+00
  8.96151e-07  1.74943e+04  1.07739e-16 +0.00000e+00
  1.11588e-06  1.76524e+04  1.33327e-16 +0.00000e+00
  1.38950e-06  1.78265e+04  1.64841e-16 +0.00000e+00
  1.73020e-06  1.80180e+04  2.03605e-16 +0.00000e+00
  2.15443e-06  1.82244e+04  2.51292e-16 +0.00000e+00
  2.68270e-06  1.84396e+04  3.10017e-16 +0.00000e+00
  3.34048e-06  1.86579e+04  3.82436e-16 +0.00000e+00
  4.15956e-06  1.88753e+04  4.71840e-16 +0.00000e+00
  5.17947e-06  1.90923e+04  5.82214e-16 +0.00000e+00
  6.44947e-06  1.93087e+04  7.18503e-16 +0.00000e+00
  8.03086e-06  1.95239e+04  8.86845e-16 +0.00000e+00
  1.00000e-05  1.97374e+04  1.09484e-15 +0.00000e+00
  1.24520e-05  1.99496e+04  1.35184e-15 +0.00000e+00
  1.55052e-05  2.01607e+04  1.66944e-15 +0.00000e+00
  1.93070e-05  2.03714e+04  2.06192e-15 +0.00000e+00
  2.40410e-05  2.05818e+04  2.54697e-15 +0.00000e+00
  2.99358e-05  2.07914e+04  3.14658e-15 +0.00000e+00
  3.72759e-05  2.09990e+04  3.88817e-15 +0.00000e+00
  4.64159e-05  2.12016e+04  4.80617e-15 +0.00000e+00
  5.77969e-05  2.13954e+04  5.94405e-15 +0.00000e+00
  7.19686e-05  2.15743e+04  7.35723e-15 +0.00000e+00
  8.96151e-05  2.17312e+04  9.11663e-15 +0.00000e+00
  1.11588e-04  2.18580e+04  1.13136e-14 +0.00000e+00
  1.38950e-04  2.19444e+04  1.40672e-14 +0.00000e+00
  1.73020e-04  2.19769e+04  1.75356e-14 +0.00000e+00
  2.15443e-04  2.19354e+04  2.19344e-14 +0.00000e+00
  2.68270e-04  2.17862e+04  2.75741e-14 +0.00000e+00
  3.34048e-04  2.14647e+04  3.49450e-14 +0.00000e+00
  4.15956e-04  2.08175e+04  4.49894e-14 +0.00000e+00
  5.17947e-04  1.94036e+04  6.02687e-14 +0.00000e+00
  6.44947e-04  1.68901e+04  8.64350e-14 +0.00000e+00
  8.03086e-04  1.58693e+04  1.14810e-13 +0.00000e+00
  1.00000e-03  1.53793e+04  1.47804e-13 +0.00000e+00
  1.24520e-03  1.50664e+04  1.88161e-13 -2.54196e-07
  1.55052e-03  1.48921e+04  2.37296e-13 -3.16524e-07
  1.93070e-03  1.48319e+04  2.96848e-13 -3.94135e-07
  2.40410e-03  1.48352e+04  3.69559e-13 -4.90775e-07
  2.99358e-03  1.48681e+04  4.58903e-13 -6.11111e-07
  3.72759e-03  1.49156e+04  5.68944e-13 -7.60954e-07
  4.64159e-03  1.49723e+04  7.04496e-13 -9.47538e-07
  5.77969e-03  1.50359e+04  8.71320e-13 -1.17987e-06
  7.19686e-03  1.51056e+04  1.07634e-12 -1.46917e-06
  8.96151e-03  1.51811e+04  1.32789e-12 -1.82941e-06
  1.11588e-02  1.52625e+04  1.63594e-12 -2.27798e-06
  1.38950e-02  1.53501e+04  2.01233e-12 -2.83652e-06
  1.73020e-02  1.54448e+04  2.47106e-12 -3.53204e-06
  2.15443e-02  1.55474e+04  3.02856e-12 -4.39809e-06
  2.68270e-02  1.56594e+04  3.70395e-12 -5.47648e-06
  3.34048e-02  1.57823e+04  4.51923e-12 -6.81929e-06
  4.15956e-02  1.59180e+04  5.49937e-12 -8.49137e-06
  5.17947e-02  1.60694e+04  6.67236e-12 -1.05734e-05
  6.44947e-02  1.62393e+04  8.06935e-12 -1.31660e-05
  8.03086e-02  1.64315e+04  9.72456e-12 -1.63943e-05
  1.00000e-01  1.66505e+04  1.16751e-11 -2.04141e-05
  1.24520e-01  1.69009e+04  1.39614e-11 -2.54196e-05
  1.55052e-01  1.71874e+04  1.66275e-11 -3.16524e-05
  1.93070e-01  1.75144e+04  1.97219e-11 -3.94135e-05
  2.40410e-01  1.78856e+04  2.32994e-11 -4.90775e-05
  2.99358e-01  1.83025e+04  2.74242e-11 -6.11111e-05
  3.72759e-01  1.87660e+04  3.21709e-11 -7.60954e-05
  4.64159e-01  1.92748e+04  3.76282e-11 -9.47538e-05
  5.77969e-01  1.98272e+04  4.38994e-11 -1.17987e-04
  7.19686e-01  2.04227e+04  5.11003e-11 -1.46917e-04
  8.96151e-01  2.10624e+04  5.93594e-11 -1.82941e-04
  1.11588e+00  2.17500e+04  6.88156e-11 -2.27798e-04
  1.38950e+00  2.24892e+04  7.96277e-11 -2.83652e-04
  1.73020e+00  2.32835e+04  9.19752e-11 -3.53204e-04
  2.15443e+00  2.41371e+04  1.06062e-10 -4.39809e-04
  2.68270e+00  2.50513e+04  1.22131e-10 -5.47648e-04
  3.34048e+00  2.60297e+04  1.40441e-10 -6.12422e-04
  4.15956e+00  2.70817e+04  1.61246e-10 -6.12422e-04
  5.17947e+00  2.82379e+04  1.84699e-10 -6.12422e-04
  6.44947e+00  2.94700e+04  2.11255e-10 -6.12422e-04
  8.03086e+00  3.08518e+04  2.40587e-10 -6.12425e-04
  1.00000e+01  3.23432e+04  2.73023e-10 -6.12423e-04
  1.24520e+01  3.39829e+04  3.08407e-10 -6.12423e-04
  1.55052e+01  3.56734e+04  3.48627e-10 -6.12423e-04
  1.93070e+01  3.76173e+04  3.93220e-10 -6.12423e-04
  2.40410e+01  3.93104e+04  4.48723e-10 -6.12422e-04
  2.99358e+01  4.15791e+04  5.07123e-10 -6.12422e-04
  3.72759e+01  4.32418e+04  5.82980e-10 -6.12422e-04
  4.64159e+01  4.56854e+04  6.60169e-10 -6.12422e-04
  5.77969e+01  4.76042e+04  7.57662e-10 -6.12422e-04
  7.19686e+01  4.97966e+04  8.64871e-10 -6.12422e-04
  8.96151e+01  5.22572e+04  9.84507e-10 -6.12422e-04
  1.11588e+02  5.39444e+04  1.13539e-09 -6.12422e-04
  1.38950e+02  5.68298e+04  1.28368e-09 -6.12422e-04
  1.73020e+02  5.82512e+04  1.48564e-09 -6.12422e-04
  2.15443e+02  6.12223e+04  1.67646e-09 -6.12422e-04
  2.68270e+02  6.26604e+04  1.93551e-09 -6.12422e-04
  3.34048e+02  6.55185e+04  2.18543e-09 -6.12422e-04
  4.15956e+02  6.71426e+04  2.51061e-09 -6.12422e-04
  5.17947e+02  6.97866e+04  2.83991e-09 -6.12422e-04
  6.44947e+02  7.17145e+04  3.24306e-09 -6.12422e-04
  8.03086e+02  7.40993e+04  3.67722e-09 -6.12422e-04
  1.00000e+03  7.64370e+04  4.17255e-09 -6.12422e-04
