#n1=128 n2=4 Teff=18500 R=7.1916e+11 L=4.3224e+37 logg=+3.50
#   tau          T          rho         Fconv
 0.00000e+00 1.27032e+04 5.87475e-22 +0.00000e+00
 1.00000e-09 1.27032e+04 5.95750e-18 +0.00000e+00
 1.24520e-09 1.27231e+04 7.41585e-18 +0.00000e+00
 1.55052e-09 1.27456e+04 9.22805e-18 +0.00000e+00
 1.93070e-09 1.27717e+04 1.14785e-17 +0.00000e+00
 2.40410e-09 1.28021e+04 1.42716e-17 +0.00000e+00
 2.99358e-09 1.28374e+04 1.77362e-17 +0.00000e+00
 3.72759e-09 1.28783e+04 2.20308e-17 +0.00000e+00
 4.64159e-09 1.29256e+04 2.73503e-17 +0.00000e+00
 5.77969e-09 1.29800e+04 3.39345e-17 +0.00000e+00
 7.19686e-09 1.30422e+04 4.20773e-17 +0.00000e+00
 8.96151e-09 1.31129e+04 5.21396e-17 +0.00000e+00
 1.11588e-08 1.31926e+04 6.45638e-17 +0.00000e+00
 1.38950e-08 1.32818e+04 7.98924e-17 +0.00000e+00
 1.73020e-08 1.33805e+04 9.87922e-17 +0.00000e+00
 2.15443e-08 1.34886e+04 1.22081e-16 +0.00000e+00
 2.68270e-08 1.36059e+04 1.50767e-16 +0.00000e+00
 3.34048e-08 1.37315e+04 1.86091e-16 +0.00000e+00
 4.15956e-08 1.38644e+04 2.29588e-16 +0.00000e+00
 5.17947e-08 1.40032e+04 2.83155e-16 +0.00000e+00
 6.44947e-08 1.41465e+04 3.49141e-16 +0.00000e+00
 8.03086e-08 1.42928e+04 4.30458e-16 +0.00000e+00
 1.00000e-07 1.44405e+04 5.30717e-16 +0.00000e+00
 1.24520e-07 1.45880e+04 6.54397e-16 +0.00000e+00
 1.55052e-07 1.47343e+04 8.07056e-16 +0.00000e+00
 1.93070e-07 1.48783e+04 9.95573e-16 +0.00000e+00
 2.40410e-07 1.50198e+04 1.22845e-15 +0.00000e+00
 2.99358e-07 1.51585e+04 1.51621e-15 +0.00000e+00
 3.72759e-07 1.52960e+04 1.87169e-15 +0.00000e+00
 4.64159e-07 1.54328e+04 2.31081e-15 +0.00000e+00
 5.77969e-07 1.55701e+04 2.85308e-15 +0.00000e+00
 7.19686e-07 1.57111e+04 3.52207e-15 +0.00000e+00
 8.96151e-07 1.58584e+04 4.34651e-15 +0.00000e+00
 1.11588e-06 1.60182e+04 5.36026e-15 +0.00000e+00
 1.38950e-06 1.61954e+04 6.60396e-15 +0.00000e+00
 1.73020e-06 1.63929e+04 8.12713e-15 +0.00000e+00
 2.15443e-06 1.66091e+04 9.99173e-15 +0.00000e+00
 2.68270e-06 1.68388e+04 1.22764e-14 +0.00000e+00
 3.34048e-06 1.70746e+04 1.50808e-14 +0.00000e+00
 4.15956e-06 1.73126e+04 1.85271e-14 +0.00000e+00
 5.17947e-06 1.75530e+04 2.27620e-14 +0.00000e+00
 6.44947e-06 1.77944e+04 2.79685e-14 +0.00000e+00
 8.03086e-06 1.80339e+04 3.43756e-14 +0.00000e+00
 1.00000e-05 1.82680e+04 4.22700e-14 +0.00000e+00
 1.24520e-05 1.84946e+04 5.20068e-14 +0.00000e+00
 1.55052e-05 1.87116e+04 6.40278e-14 +0.00000e+00
 1.93070e-05 1.89187e+04 7.88782e-14 +0.00000e+00
 2.40410e-05 1.91164e+04 9.72294e-14 +0.00000e+00
 2.99358e-05 1.93056e+04 1.19912e-13 +0.00000e+00
 3.72759e-05 1.94867e+04 1.47954e-13 +0.00000e+00
 4.64159e-05 1.96590e+04 1.82640e-13 +0.00000e+00
 5.77969e-05 1.98203e+04 2.25580e-13 +0.00000e+00
 7.19686e-05 1.99664e+04 2.78815e-13 +0.00000e+00
 8.96151e-05 2.00915e+04 3.44938e-13 +0.00000e+00
 1.11588e-04 2.01884e+04 4.27264e-13 +0.00000e+00
 1.38950e-04 2.02483e+04 5.30070e-13 +0.00000e+00
 1.73020e-04 2.02590e+04 6.58957e-13 +0.00000e+00
 2.15443e-04 2.02029e+04 8.21450e-13 +0.00000e+00
 2.68270e-04 2.00497e+04 1.02821e-12 +0.00000e+00
 3.34048e-04 1.97409e+04 1.29589e-12 +0.00000e+00
 4.15956e-04 1.91344e+04 1.65663e-12 +0.00000e+00
 5.17947e-04 1.78253e+04 2.19843e-12 +0.00000e+00
 6.44947e-04 1.55151e+04 3.10515e-12 +0.00000e+00
 8.03086e-04 1.45857e+04 4.02972e-12 +0.00000e+00
 1.00000e-03 1.41376e+04 5.04685e-12 +0.00000e+00
 1.24520e-03 1.38514e+04 6.22857e-12 -2.54220e-07
 1.55052e-03 1.36915e+04 7.59490e-12 -3.16554e-07
 1.93070e-03 1.36363e+04 9.16862e-12 -3.94172e-07
 2.40410e-03 1.36400e+04 1.09959e-11 -4.90821e-07
 2.99358e-03 1.36714e+04 1.31401e-11 -6.11169e-07
 3.72759e-03 1.37165e+04 1.56500e-11 -7.61026e-07
 4.64159e-03 1.37700e+04 1.85598e-11 -9.47628e-07
 5.77969e-03 1.38299e+04 2.19146e-11 -1.17998e-06
 7.19686e-03 1.38953e+04 2.57666e-11 -1.46931e-06
 8.96151e-03 1.39661e+04 3.01738e-11 -1.82958e-06
 1.11588e-02 1.40423e+04 3.52007e-11 -2.27820e-06
 1.38950e-02 1.41244e+04 4.09167e-11 -2.83679e-06
 1.73020e-02 1.42130e+04 4.73988e-11 -3.53238e-06
 2.15443e-02 1.43091e+04 5.47312e-11 -4.39850e-06
 2.68270e-02 1.44137e+04 6.30069e-11 -5.47700e-06
 3.34048e-02 1.45284e+04 7.23281e-11 -6.81993e-06
 4.15956e-02 1.46549e+04 8.28076e-11 -8.49218e-06
 5.17947e-02 1.47955e+04 9.45668e-11 -1.05744e-05
 6.44947e-02 1.49528e+04 1.07742e-10 -1.31672e-05
 8.03086e-02 1.51300e+04 1.22484e-10 -1.63958e-05
 1.00000e-01 1.53309e+04 1.38959e-10 -2.04160e-05
 1.24520e-01 1.55592e+04 1.57363e-10 -2.54220e-05
 1.55052e-01 1.58186e+04 1.77926e-10 -3.16554e-05
 1.93070e-01 1.61121e+04 2.00932e-10 -3.94172e-05
 2.40410e-01 1.64418e+04 2.26728e-10 -4.90821e-05
 2.99358e-01 1.68077e+04 2.55751e-10 -6.11169e-05
 3.72759e-01 1.72084e+04 2.88517e-10 -7.61026e-05
 4.64159e-01 1.76409e+04 3.25636e-10 -9.47628e-05
 5.77969e-01 1.81016e+04 3.67788e-10 -1.17998e-04
 7.19686e-01 1.85884e+04 4.15695e-10 -1.46931e-04
 8.96151e-01 1.91018e+04 4.70107e-10 -1.82958e-04
 1.11588e+00 1.96459e+04 5.31790e-10 -2.27820e-04
 1.38950e+00 2.02258e+04 6.01603e-10 -2.83679e-04
 1.73020e+00 2.08467e+04 6.80522e-10 -3.53238e-04
 2.15443e+00 2.15129e+04 7.69709e-10 -4.39850e-04
 2.68270e+00 2.22226e+04 8.70679e-10 -5.47700e-04
 3.34048e+00 2.29723e+04 9.85188e-10 -6.12480e-04
 4.15956e+00 2.37609e+04 1.11507e-09 -6.12481e-04
 5.17947e+00 2.46072e+04 1.26167e-09 -6.12480e-04
 6.44947e+00 2.54660e+04 1.42928e-09 -6.12480e-04
 8.03086e+00 2.64111e+04 1.61679e-09 -6.12480e-04
 1.00000e+01 2.73941e+04 1.82989e-09 -6.12480e-04
 1.24520e+01 2.84682e+04 2.06884e-09 -6.12480e-04
 1.55052e+01 2.95628e+04 2.34144e-09 -6.12480e-04
 1.93070e+01 3.09664e+04 2.63326e-09 -6.12480e-04
 2.40410e+01 3.20365e+04 2.99575e-09 -6.12480e-04
 2.99358e+01 3.40425e+04 3.32934e-09 -6.12480e-04
 3.72759e+01 3.51013e+04 3.80876e-09 -6.12480e-04
 4.64159e+01 3.76110e+04 4.18541e-09 -6.12480e-04
 5.77969e+01 3.92202e+04 4.73916e-09 -6.12480e-04
 7.19686e+01 4.14537e+04 5.28213e-09 -6.12480e-04
 8.96151e+01 4.41505e+04 5.87994e-09 -6.12480e-04
 1.11588e+02 4.55598e+04 6.75721e-09 -6.12480e-04
 1.38950e+02 4.90104e+04 7.48057e-09 -6.12480e-04
 1.73020e+02 5.00006e+04 8.69481e-09 -6.12478e-04
 2.15443e+02 5.34863e+04 9.65390e-09 -6.12480e-04
 2.68270e+02 5.45185e+04 1.11890e-08 -6.12469e-04
 3.34048e+02 5.77066e+04 1.24842e-08 -6.12466e-04
 4.15956e+02 5.89846e+04 1.43661e-08 -6.12355e-04
 5.17947e+02 6.17361e+04 1.61180e-08 -6.12179e-04
 6.44947e+02 6.33804e+04 1.83902e-08 -6.10724e-04
 8.03086e+02 6.56087e+04 2.07578e-08 -6.05995e-04
 1.00000e+03 6.77035e+04 2.34757e-08 -5.86137e-04
