#n1=128 n2=4 Teff=18000 R=1.3454e+12 L=1.3520e+38 logg=+3.00
#   tau          T          rho         Fconv
 0.00000e+00 1.21526e+04 6.14758e-22 +0.00000e+00
 1.00000e-09 1.21526e+04 1.81967e-18 +0.00000e+00
 1.24520e-09 1.21470e+04 2.26814e-18 +0.00000e+00
 1.55052e-09 1.21397e+04 2.82763e-18 +0.00000e+00
 1.93070e-09 1.21302e+04 3.52593e-18 +0.00000e+00
 2.40410e-09 1.21178e+04 4.39788e-18 +0.00000e+00
 2.99358e-09 1.21020e+04 5.48729e-18 +0.00000e+00
 3.72759e-09 1.21038e+04 6.83675e-18 +0.00000e+00
 4.64159e-09 1.20802e+04 8.53672e-18 +0.00000e+00
 5.77969e-09 1.20511e+04 1.06652e-17 +0.00000e+00
 7.19686e-09 1.20159e+04 1.33327e-17 +0.00000e+00
 8.96151e-09 1.19743e+04 1.66785e-17 +0.00000e+00
 1.11588e-08 1.19269e+04 2.08777e-17 +0.00000e+00
 1.38950e-08 1.18752e+04 2.61490e-17 +0.00000e+00
 1.73020e-08 1.18217e+04 3.27639e-17 +0.00000e+00
 2.15443e-08 1.17692e+04 4.10584e-17 +0.00000e+00
 2.68270e-08 1.17211e+04 5.14457e-17 +0.00000e+00
 3.34048e-08 1.16785e+04 6.44448e-17 +0.00000e+00
 4.15956e-08 1.16429e+04 8.06959e-17 +0.00000e+00
 5.17947e-08 1.16159e+04 1.00989e-16 +0.00000e+00
 6.44947e-08 1.15965e+04 1.26325e-16 +0.00000e+00
 8.03086e-08 1.15839e+04 1.57954e-16 +0.00000e+00
 1.00000e-07 1.15761e+04 1.97459e-16 +0.00000e+00
 1.24520e-07 1.15721e+04 2.46809e-16 +0.00000e+00
 1.55052e-07 1.15716e+04 3.08470e-16 +0.00000e+00
 1.93070e-07 1.15728e+04 3.85556e-16 +0.00000e+00
 2.40410e-07 1.15554e+04 4.83019e-16 +0.00000e+00
 2.99358e-07 1.15585e+04 6.03903e-16 +0.00000e+00
 3.72759e-07 1.15622e+04 7.55046e-16 +0.00000e+00
 4.64159e-07 1.15663e+04 9.43982e-16 +0.00000e+00
 5.77969e-07 1.15708e+04 1.18009e-15 +0.00000e+00
 7.19686e-07 1.15758e+04 1.47505e-15 +0.00000e+00
 8.96151e-07 1.15813e+04 1.84336e-15 +0.00000e+00
 1.11588e-06 1.15874e+04 2.30310e-15 +0.00000e+00
 1.38950e-06 1.15942e+04 2.87679e-15 +0.00000e+00
 1.73020e-06 1.16017e+04 3.59247e-15 +0.00000e+00
 2.15443e-06 1.16101e+04 4.48490e-15 +0.00000e+00
 2.68270e-06 1.16194e+04 5.59736e-15 +0.00000e+00
 3.34048e-06 1.16299e+04 6.98368e-15 +0.00000e+00
 4.15956e-06 1.16614e+04 8.69151e-15 +0.00000e+00
 5.17947e-06 1.16746e+04 1.08360e-14 +0.00000e+00
 6.44947e-06 1.16892e+04 1.35057e-14 +0.00000e+00
 8.03086e-06 1.17054e+04 1.68283e-14 +0.00000e+00
 1.00000e-05 1.17231e+04 2.09621e-14 +0.00000e+00
 1.24520e-05 1.17424e+04 2.61036e-14 +0.00000e+00
 1.55052e-05 1.17632e+04 3.24954e-14 +0.00000e+00
 1.93070e-05 1.17853e+04 4.04396e-14 +0.00000e+00
 2.40410e-05 1.18085e+04 5.03072e-14 +0.00000e+00
 2.99358e-05 1.18325e+04 6.25609e-14 +0.00000e+00
 3.72759e-05 1.18563e+04 7.77757e-14 +0.00000e+00
 4.64159e-05 1.18791e+04 9.66756e-14 +0.00000e+00
 5.77969e-05 1.18999e+04 1.20157e-13 +0.00000e+00
 7.19686e-05 1.19157e+04 1.49374e-13 +0.00000e+00
 8.96151e-05 1.19237e+04 1.85791e-13 +0.00000e+00
 1.11588e-04 1.19173e+04 2.31316e-13 +0.00000e+00
 1.38950e-04 1.18903e+04 2.88405e-13 +0.00000e+00
 1.73020e-04 1.17829e+04 3.61915e-13 +0.00000e+00
 2.15443e-04 1.16906e+04 4.53141e-13 +0.00000e+00
 2.68270e-04 1.15523e+04 5.68953e-13 +0.00000e+00
 3.34048e-04 1.14267e+04 7.12700e-13 +0.00000e+00
 4.15956e-04 1.13367e+04 8.88736e-13 +0.00000e+00
 5.17947e-04 1.12487e+04 1.10611e-12 +0.00000e+00
 6.44947e-04 1.11581e+04 1.37406e-12 +0.00000e+00
 8.03086e-04 1.10676e+04 1.70272e-12 +0.00000e+00
 1.00000e-03 1.09838e+04 2.10284e-12 +0.00000e+00
 1.24520e-03 1.09090e+04 2.58681e-12 -2.54924e-07
 1.55052e-03 1.08490e+04 3.16712e-12 -3.17432e-07
 1.93070e-03 1.08039e+04 3.85810e-12 -3.95266e-07
 2.40410e-03 1.07746e+04 4.67468e-12 -4.92183e-07
 2.99358e-03 1.07603e+04 5.63318e-12 -6.12866e-07
 3.72759e-03 1.07602e+04 6.75199e-12 -7.63138e-07
 4.64159e-03 1.07730e+04 8.05050e-12 -9.50256e-07
 5.77969e-03 1.07995e+04 9.54806e-12 -1.18326e-06
 7.19686e-03 1.08393e+04 1.12684e-11 -1.47339e-06
 8.96151e-03 1.08936e+04 1.32354e-11 -1.83465e-06
 1.11588e-02 1.09625e+04 1.54774e-11 -2.28451e-06
 1.38950e-02 1.10485e+04 1.80240e-11 -2.84466e-06
 1.73020e-02 1.11530e+04 2.09083e-11 -3.54216e-06
 2.15443e-02 1.12788e+04 2.41669e-11 -4.41070e-06
 2.68270e-02 1.14275e+04 2.78436e-11 -5.49219e-06
 3.34048e-02 1.16026e+04 3.19852e-11 -6.83886e-06
 4.15956e-02 1.18045e+04 3.66528e-11 -8.51573e-06
 5.17947e-02 1.20341e+04 4.19160e-11 -1.06038e-05
 6.44947e-02 1.22915e+04 4.78548e-11 -1.32038e-05
 8.03086e-02 1.25764e+04 5.45591e-11 -1.64413e-05
 1.00000e-01 1.28883e+04 6.21269e-11 -2.04726e-05
 1.24520e-01 1.32265e+04 7.06618e-11 -2.54924e-05
 1.55052e-01 1.35904e+04 8.02761e-11 -3.17432e-05
 1.93070e-01 1.39795e+04 9.11015e-11 -3.95269e-05
 2.40410e-01 1.43934e+04 1.03308e-10 -4.92185e-05
 2.99358e-01 1.48321e+04 1.17118e-10 -6.12881e-05
 3.72759e-01 1.52953e+04 1.32824e-10 -7.63350e-05
 4.64159e-01 1.57820e+04 1.50766e-10 -9.50256e-05
 5.77969e-01 1.62909e+04 1.71321e-10 -1.18326e-04
 7.19686e-01 1.68198e+04 1.94896e-10 -1.47339e-04
 8.96151e-01 1.73652e+04 2.21938e-10 -1.83465e-04
 1.11588e+00 1.79244e+04 2.52922e-10 -2.28451e-04
 1.38950e+00 1.84960e+04 2.88358e-10 -2.84466e-04
 1.73020e+00 1.90810e+04 3.28786e-10 -3.54216e-04
 2.15443e+00 1.96820e+04 3.74790e-10 -4.41070e-04
 2.68270e+00 2.03025e+04 4.27027e-10 -5.49219e-04
 3.34048e+00 2.09462e+04 4.86243e-10 -6.14179e-04
 4.15956e+00 2.16169e+04 5.53281e-10 -6.14179e-04
 5.17947e+00 2.23235e+04 6.29006e-10 -6.14179e-04
 6.44947e+00 2.30608e+04 7.14734e-10 -6.14179e-04
 8.03086e+00 2.38534e+04 8.11157e-10 -6.14179e-04
 1.00000e+01 2.46904e+04 9.20181e-10 -6.14179e-04
 1.24520e+01 2.55911e+04 1.04294e-09 -6.14179e-04
 1.55052e+01 2.65388e+04 1.18194e-09 -6.14179e-04
 1.93070e+01 2.76356e+04 1.33584e-09 -6.14179e-04
 2.40410e+01 2.86186e+04 1.51775e-09 -6.14179e-04
 2.99358e+01 3.01053e+04 1.70315e-09 -6.14179e-04
 3.72759e+01 3.10184e+04 1.94829e-09 -6.14179e-04
 4.64159e+01 3.29384e+04 2.16769e-09 -6.14179e-04
 5.77969e+01 3.41837e+04 2.46853e-09 -6.14179e-04
 7.19686e+01 3.59344e+04 2.76744e-09 -6.14179e-04
 8.96151e+01 3.83202e+04 3.06293e-09 -6.14178e-04
 1.11588e+02 3.95305e+04 3.50904e-09 -6.14168e-04
 1.38950e+02 4.29874e+04 3.81993e-09 -6.14178e-04
 1.73020e+02 4.40887e+04 4.42707e-09 -6.14173e-04
 2.15443e+02 4.75145e+04 4.89158e-09 -6.14178e-04
 2.68270e+02 4.87856e+04 5.66312e-09 -6.14169e-04
 3.34048e+02 5.15566e+04 6.35964e-09 -6.14164e-04
 4.15956e+02 5.31170e+04 7.30322e-09 -6.14104e-04
 5.17947e+02 5.53423e+04 8.26817e-09 -6.13957e-04
 6.44947e+02 5.72477e+04 9.40837e-09 -6.13291e-04
 8.03086e+02 5.91133e+04 1.06914e-08 -6.10530e-04
 1.00000e+03 6.12948e+04 1.20783e-08 -6.02019e-04
