#n1=128 n2=4 Teff=18000 R=2.0211e+11 L=3.0545e+36 logg=+4.50
#   tau          T          rho         Fconv
 0.00000e+00 1.39627e+04 5.16441e-22 +0.00000e+00
 1.00000e-09 1.39627e+04 5.19329e-17 +0.00000e+00
 1.24520e-09 1.39622e+04 6.46790e-17 +0.00000e+00
 1.55052e-09 1.39613e+04 8.05549e-17 +0.00000e+00
 1.93070e-09 1.39601e+04 1.00330e-16 +0.00000e+00
 2.40410e-09 1.39583e+04 1.24964e-16 +0.00000e+00
 2.99358e-09 1.39560e+04 1.55654e-16 +0.00000e+00
 3.72759e-09 1.39528e+04 1.93890e-16 +0.00000e+00
 4.64159e-09 1.39487e+04 2.41536e-16 +0.00000e+00
 5.77969e-09 1.39435e+04 3.00915e-16 +0.00000e+00
 7.19686e-09 1.39368e+04 3.74928e-16 +0.00000e+00
 8.96151e-09 1.39287e+04 4.67198e-16 +0.00000e+00
 1.11588e-08 1.39187e+04 5.82250e-16 +0.00000e+00
 1.38950e-08 1.39069e+04 7.25736e-16 +0.00000e+00
 1.73020e-08 1.38931e+04 9.04711e-16 +0.00000e+00
 2.15443e-08 1.38775e+04 1.12797e-15 +0.00000e+00
 2.68270e-08 1.38605e+04 1.40648e-15 +0.00000e+00
 3.34048e-08 1.38427e+04 1.75386e-15 +0.00000e+00
 4.15956e-08 1.38251e+04 2.18703e-15 +0.00000e+00
 5.17947e-08 1.38087e+04 2.72697e-15 +0.00000e+00
 6.44947e-08 1.37944e+04 3.39972e-15 +0.00000e+00
 8.03086e-08 1.37831e+04 4.23758e-15 +0.00000e+00
 1.00000e-07 1.37753e+04 5.28062e-15 +0.00000e+00
 1.24520e-07 1.37715e+04 6.57861e-15 +0.00000e+00
 1.55052e-07 1.37719e+04 8.19333e-15 +0.00000e+00
 1.93070e-07 1.37765e+04 1.02014e-14 +0.00000e+00
 2.40410e-07 1.37857e+04 1.26978e-14 +0.00000e+00
 2.99358e-07 1.37996e+04 1.58002e-14 +0.00000e+00
 3.72759e-07 1.38184e+04 1.96542e-14 +0.00000e+00
 4.64159e-07 1.38426e+04 2.44397e-14 +0.00000e+00
 5.77969e-07 1.38727e+04 3.03790e-14 +0.00000e+00
 7.19686e-07 1.39093e+04 3.77461e-14 +0.00000e+00
 8.96151e-07 1.39531e+04 4.68781e-14 +0.00000e+00
 1.11588e-06 1.40050e+04 5.81891e-14 +0.00000e+00
 1.38950e-06 1.40659e+04 7.21868e-14 +0.00000e+00
 1.73020e-06 1.41369e+04 8.94922e-14 +0.00000e+00
 2.15443e-06 1.42192e+04 1.10862e-13 +0.00000e+00
 2.68270e-06 1.43139e+04 1.37217e-13 +0.00000e+00
 3.34048e-06 1.44222e+04 1.69673e-13 +0.00000e+00
 4.15956e-06 1.45453e+04 2.09576e-13 +0.00000e+00
 5.17947e-06 1.46840e+04 2.58553e-13 +0.00000e+00
 6.44947e-06 1.48389e+04 3.18563e-13 +0.00000e+00
 8.03086e-06 1.50100e+04 3.91977e-13 +0.00000e+00
 1.00000e-05 1.51962e+04 4.81672e-13 +0.00000e+00
 1.24520e-05 1.53951e+04 5.91164e-13 +0.00000e+00
 1.55052e-05 1.56029e+04 7.24785e-13 +0.00000e+00
 1.93070e-05 1.58139e+04 8.87906e-13 +0.00000e+00
 2.40410e-05 1.60212e+04 1.08721e-12 +0.00000e+00
 2.99358e-05 1.62173e+04 1.33097e-12 +0.00000e+00
 3.72759e-05 1.63947e+04 1.62941e-12 +0.00000e+00
 4.64159e-05 1.65467e+04 1.99506e-12 +0.00000e+00
 5.77969e-05 1.66663e+04 2.44341e-12 +0.00000e+00
 7.19686e-05 1.67437e+04 2.99416e-12 +0.00000e+00
 8.96151e-05 1.67625e+04 3.67361e-12 +0.00000e+00
 1.11588e-04 1.66915e+04 4.52018e-12 +0.00000e+00
 1.38950e-04 1.64673e+04 5.59859e-12 +0.00000e+00
 1.73020e-04 1.59533e+04 7.04193e-12 +0.00000e+00
 2.15443e-04 1.49509e+04 9.13154e-12 +0.00000e+00
 2.68270e-04 1.38807e+04 1.18531e-11 +0.00000e+00
 3.34048e-04 1.31998e+04 1.47982e-11 +0.00000e+00
 4.15956e-04 1.26632e+04 1.80858e-11 +0.00000e+00
 5.17947e-04 1.22121e+04 2.17449e-11 +0.00000e+00
 6.44947e-04 1.19038e+04 2.56327e-11 +0.00000e+00
 8.03086e-04 1.17524e+04 2.96746e-11 +0.00000e+00
 1.00000e-03 1.16931e+04 3.40067e-11 +0.00000e+00
 1.24520e-03 1.16748e+04 3.87939e-11 -2.54637e-07
 1.55052e-03 1.16746e+04 4.41682e-11 -3.17073e-07
 1.93070e-03 1.16845e+04 5.02191e-11 -3.94819e-07
 2.40410e-03 1.17018e+04 5.70348e-11 -4.91628e-07
 2.99358e-03 1.17260e+04 6.47057e-11 -6.12173e-07
 3.72759e-03 1.17571e+04 7.33311e-11 -7.62276e-07
 4.64159e-03 1.17948e+04 8.30229e-11 -9.49183e-07
 5.77969e-03 1.18395e+04 9.39065e-11 -1.18192e-06
 7.19686e-03 1.18911e+04 1.06123e-10 -1.47172e-06
 8.96151e-03 1.19500e+04 1.19831e-10 -1.83258e-06
 1.11588e-02 1.20165e+04 1.35207e-10 -2.28194e-06
 1.38950e-02 1.20913e+04 1.52449e-10 -2.84145e-06
 1.73020e-02 1.21750e+04 1.71780e-10 -3.53816e-06
 2.15443e-02 1.22685e+04 1.93449e-10 -4.40572e-06
 2.68270e-02 1.23726e+04 2.17737e-10 -5.48599e-06
 3.34048e-02 1.24886e+04 2.44959e-10 -6.83113e-06
 4.15956e-02 1.26177e+04 2.75469e-10 -8.50611e-06
 5.17947e-02 1.27614e+04 3.09664e-10 -1.05918e-05
 6.44947e-02 1.29213e+04 3.47992e-10 -1.31889e-05
 8.03086e-02 1.30996e+04 3.90954e-10 -1.64227e-05
 1.00000e-01 1.32984e+04 4.39109e-10 -2.04495e-05
 1.24520e-01 1.35204e+04 4.93085e-10 -2.54637e-05
 1.55052e-01 1.37687e+04 5.53568e-10 -3.17073e-05
 1.93070e-01 1.40467e+04 6.21311e-10 -3.94819e-05
 2.40410e-01 1.43577e+04 6.97148e-10 -4.91628e-05
 2.99358e-01 1.47044e+04 7.81987e-10 -6.12173e-05
 3.72759e-01 1.50885e+04 8.76856e-10 -7.62276e-05
 4.64159e-01 1.55102e+04 9.82979e-10 -9.49184e-05
 5.77969e-01 1.59671e+04 1.10201e-09 -1.18192e-04
 7.19686e-01 1.64556e+04 1.23613e-09 -1.47172e-04
 8.96151e-01 1.69705e+04 1.38827e-09 -1.83258e-04
 1.11588e+00 1.75075e+04 1.56174e-09 -2.28194e-04
 1.38950e+00 1.80647e+04 1.75995e-09 -2.84145e-04
 1.73020e+00 1.86435e+04 1.98622e-09 -3.53816e-04
 2.15443e+00 1.92466e+04 2.24404e-09 -4.40572e-04
 2.68270e+00 1.98761e+04 2.53736e-09 -5.48599e-04
 3.34048e+00 2.05331e+04 2.87072e-09 -6.13486e-04
 4.15956e+00 2.12178e+04 3.24926e-09 -6.13486e-04
 5.17947e+00 2.19425e+04 3.67731e-09 -6.13486e-04
 6.44947e+00 2.26881e+04 4.16427e-09 -6.13486e-04
 8.03086e+00 2.34961e+04 4.71100e-09 -6.13486e-04
 1.00000e+01 2.43391e+04 5.33131e-09 -6.13486e-04
 1.24520e+01 2.52466e+04 6.02939e-09 -6.13486e-04
 1.55052e+01 2.61887e+04 6.82086e-09 -6.13486e-04
 1.93070e+01 2.73093e+04 7.69078e-09 -6.13486e-04
 2.40410e+01 2.82444e+04 8.73678e-09 -6.13486e-04
 2.99358e+01 2.98192e+04 9.76889e-09 -6.13486e-04
 3.72759e+01 3.06097e+04 1.12047e-08 -6.13483e-04
 4.64159e+01 3.27053e+04 1.24061e-08 -6.13483e-04
 5.77969e+01 3.38304e+04 1.41924e-08 -6.13464e-04
 7.19686e+01 3.56496e+04 1.59201e-08 -6.13404e-04
 8.96151e+01 3.81483e+04 1.77037e-08 -6.13126e-04
 1.11588e+02 3.91612e+04 2.04413e-08 -6.09952e-04
 1.38950e+02 4.28640e+04 2.21414e-08 -6.07846e-04
 1.73020e+02 4.37664e+04 2.57600e-08 -5.68616e-04
 2.15443e+02 4.73610e+04 2.81506e-08 -5.98576e-04
 2.68270e+02 4.85570e+04 3.25570e-08 -5.37390e-04
 3.34048e+02 5.14066e+04 3.63406e-08 -5.56644e-04
 4.15956e+02 5.29471e+04 4.16416e-08 -3.97012e-04
 5.17947e+02 5.51743e+04 4.70134e-08 -1.76921e-04
 6.44947e+02 5.70559e+04 5.33857e-08 +6.50605e-04
 8.03086e+02 5.88545e+04 6.05893e-08 +2.90724e-03
 1.00000e+03 6.10182e+04 6.82986e-08 +6.47606e-03
