#n1=128 n2=4 Teff=18500 R=2.0774e+11 L=3.6009e+36 logg=+4.50
#   tau          T          rho         Fconv
 0.00000e+00 1.40331e+04 5.13187e-22 +0.00000e+00
 1.00000e-09 1.40331e+04 5.16674e-17 +0.00000e+00
 1.24520e-09 1.40330e+04 6.43472e-17 +0.00000e+00
 1.55052e-09 1.40325e+04 8.01397e-17 +0.00000e+00
 1.93070e-09 1.40318e+04 9.98097e-17 +0.00000e+00
 2.40410e-09 1.40308e+04 1.24310e-16 +0.00000e+00
 2.99358e-09 1.40292e+04 1.54830e-16 +0.00000e+00
 3.72759e-09 1.40270e+04 1.92851e-16 +0.00000e+00
 4.64159e-09 1.40242e+04 2.40220e-16 +0.00000e+00
 5.77969e-09 1.40204e+04 2.99242e-16 +0.00000e+00
 7.19686e-09 1.40156e+04 3.72794e-16 +0.00000e+00
 8.96151e-09 1.40095e+04 4.64464e-16 +0.00000e+00
 1.11588e-08 1.40021e+04 5.78733e-16 +0.00000e+00
 1.38950e-08 1.39931e+04 7.21195e-16 +0.00000e+00
 1.73020e-08 1.39826e+04 8.98828e-16 +0.00000e+00
 2.15443e-08 1.39704e+04 1.12034e-15 +0.00000e+00
 2.68270e-08 1.39570e+04 1.39657e-15 +0.00000e+00
 3.34048e-08 1.39428e+04 1.74101e-15 +0.00000e+00
 4.15956e-08 1.39283e+04 2.17044e-15 +0.00000e+00
 5.17947e-08 1.39146e+04 2.70567e-15 +0.00000e+00
 6.44947e-08 1.39024e+04 3.37252e-15 +0.00000e+00
 8.03086e-08 1.38926e+04 4.20301e-15 +0.00000e+00
 1.00000e-07 1.38859e+04 5.23685e-15 +0.00000e+00
 1.24520e-07 1.38829e+04 6.52331e-15 +0.00000e+00
 1.55052e-07 1.38838e+04 8.12350e-15 +0.00000e+00
 1.93070e-07 1.38891e+04 1.01132e-14 +0.00000e+00
 2.40410e-07 1.38988e+04 1.25862e-14 +0.00000e+00
 2.99358e-07 1.39134e+04 1.56586e-14 +0.00000e+00
 3.72759e-07 1.39330e+04 1.94742e-14 +0.00000e+00
 4.64159e-07 1.39582e+04 2.42103e-14 +0.00000e+00
 5.77969e-07 1.39894e+04 3.00857e-14 +0.00000e+00
 7.19686e-07 1.40272e+04 3.73700e-14 +0.00000e+00
 8.96151e-07 1.40723e+04 4.63948e-14 +0.00000e+00
 1.11588e-06 1.41256e+04 5.75671e-14 +0.00000e+00
 1.38950e-06 1.41880e+04 7.13859e-14 +0.00000e+00
 1.73020e-06 1.42604e+04 8.84613e-14 +0.00000e+00
 2.15443e-06 1.43439e+04 1.09538e-13 +0.00000e+00
 2.68270e-06 1.44397e+04 1.35522e-13 +0.00000e+00
 3.34048e-06 1.45488e+04 1.67516e-13 +0.00000e+00
 4.15956e-06 1.46721e+04 2.06854e-13 +0.00000e+00
 5.17947e-06 1.48106e+04 2.55154e-13 +0.00000e+00
 6.44947e-06 1.49645e+04 3.14370e-13 +0.00000e+00
 8.03086e-06 1.51337e+04 3.86873e-13 +0.00000e+00
 1.00000e-05 1.53170e+04 4.75545e-13 +0.00000e+00
 1.24520e-05 1.55122e+04 5.83903e-13 +0.00000e+00
 1.55052e-05 1.57158e+04 7.16275e-13 +0.00000e+00
 1.93070e-05 1.59230e+04 8.77996e-13 +0.00000e+00
 2.40410e-05 1.61283e+04 1.07564e-12 +0.00000e+00
 2.99358e-05 1.63266e+04 1.31723e-12 +0.00000e+00
 3.72759e-05 1.65138e+04 1.61246e-12 +0.00000e+00
 4.64159e-05 1.66872e+04 1.97288e-12 +0.00000e+00
 5.77969e-05 1.68456e+04 2.41214e-12 +0.00000e+00
 7.19686e-05 1.69875e+04 2.94656e-12 +0.00000e+00
 8.96151e-05 1.71096e+04 3.59590e-12 +0.00000e+00
 1.11588e-04 1.72065e+04 4.38462e-12 +0.00000e+00
 1.38950e-04 1.72693e+04 5.34355e-12 +0.00000e+00
 1.73020e-04 1.72856e+04 6.51181e-12 +0.00000e+00
 2.15443e-04 1.72359e+04 7.94209e-12 +0.00000e+00
 2.68270e-04 1.70864e+04 9.71068e-12 +0.00000e+00
 3.34048e-04 1.67707e+04 1.19448e-11 +0.00000e+00
 4.15956e-04 1.61369e+04 1.49177e-11 +0.00000e+00
 5.17947e-04 1.50094e+04 1.91569e-11 +0.00000e+00
 6.44947e-04 1.39572e+04 2.42964e-11 +0.00000e+00
 8.03086e-04 1.31522e+04 2.99016e-11 +0.00000e+00
 1.00000e-03 1.25418e+04 3.58009e-11 +0.00000e+00
 1.24520e-03 1.22103e+04 4.15564e-11 -2.54632e-07
 1.55052e-03 1.20812e+04 4.72884e-11 -3.17067e-07
 1.93070e-03 1.20356e+04 5.34236e-11 -3.94811e-07
 2.40410e-03 1.20233e+04 6.02327e-11 -4.91617e-07
 2.99358e-03 1.20287e+04 6.78663e-11 -6.12159e-07
 3.72759e-03 1.20464e+04 7.64481e-11 -7.62260e-07
 4.64159e-03 1.20744e+04 8.61018e-11 -9.49163e-07
 5.77969e-03 1.21117e+04 9.69600e-11 -1.18190e-06
 7.19686e-03 1.21577e+04 1.09169e-10 -1.47169e-06
 8.96151e-03 1.22121e+04 1.22892e-10 -1.83255e-06
 1.11588e-02 1.22751e+04 1.38307e-10 -2.28189e-06
 1.38950e-02 1.23470e+04 1.55615e-10 -2.84139e-06
 1.73020e-02 1.24284e+04 1.75041e-10 -3.53810e-06
 2.15443e-02 1.25201e+04 1.96836e-10 -4.40563e-06
 2.68270e-02 1.26231e+04 2.21281e-10 -5.48587e-06
 3.34048e-02 1.27384e+04 2.48695e-10 -6.83099e-06
 4.15956e-02 1.28675e+04 2.79429e-10 -8.50594e-06
 5.17947e-02 1.30119e+04 3.13880e-10 -1.05916e-05
 6.44947e-02 1.31736e+04 3.52491e-10 -1.31886e-05
 8.03086e-02 1.33548e+04 3.95755e-10 -1.64224e-05
 1.00000e-01 1.35582e+04 4.44218e-10 -2.04491e-05
 1.24520e-01 1.37870e+04 4.98481e-10 -2.54632e-05
 1.55052e-01 1.40445e+04 5.59206e-10 -3.17067e-05
 1.93070e-01 1.43344e+04 6.27113e-10 -3.94811e-05
 2.40410e-01 1.46598e+04 7.02995e-10 -4.91617e-05
 2.99358e-01 1.50227e+04 7.87763e-10 -6.12159e-05
 3.72759e-01 1.54241e+04 8.82484e-10 -7.62254e-05
 4.64159e-01 1.58617e+04 9.88631e-10 -9.49162e-05
 5.77969e-01 1.63318e+04 1.10815e-09 -1.18190e-04
 7.19686e-01 1.68292e+04 1.24360e-09 -1.47169e-04
 8.96151e-01 1.73489e+04 1.39797e-09 -1.83255e-04
 1.11588e+00 1.78887e+04 1.57430e-09 -2.28189e-04
 1.38950e+00 1.84490e+04 1.77565e-09 -2.84139e-04
 1.73020e+00 1.90326e+04 2.00510e-09 -3.53810e-04
 2.15443e+00 1.96431e+04 2.26602e-09 -4.40563e-04
 2.68270e+00 2.02810e+04 2.56255e-09 -5.48587e-04
 3.34048e+00 2.09460e+04 2.89936e-09 -6.13473e-04
 4.15956e+00 2.16411e+04 3.28124e-09 -6.13473e-04
 5.17947e+00 2.23860e+04 3.71174e-09 -6.13473e-04
 6.44947e+00 2.31409e+04 4.20327e-09 -6.13473e-04
 8.03086e+00 2.39763e+04 4.75207e-09 -6.13473e-04
 1.00000e+01 2.48435e+04 5.37598e-09 -6.13473e-04
 1.24520e+01 2.57900e+04 6.07609e-09 -6.13473e-04
 1.55052e+01 2.67407e+04 6.87661e-09 -6.13473e-04
 1.93070e+01 2.79853e+04 7.73351e-09 -6.13473e-04
 2.40410e+01 2.88317e+04 8.82018e-09 -6.13473e-04
 2.99358e+01 3.06640e+04 9.80776e-09 -6.13473e-04
 3.72759e+01 3.13365e+04 1.13075e-08 -6.13471e-04
 4.64159e+01 3.36792e+04 1.24576e-08 -6.13470e-04
 5.77969e+01 3.48420e+04 1.42661e-08 -6.13451e-04
 7.19686e+01 3.68051e+04 1.59745e-08 -6.13373e-04
 8.96151e+01 3.94183e+04 1.77438e-08 -6.12982e-04
 1.11588e+02 4.04506e+04 2.05000e-08 -6.08965e-04
 1.38950e+02 4.42047e+04 2.22450e-08 -6.09734e-04
 1.73020e+02 4.48006e+04 2.60511e-08 -5.74981e-04
 2.15443e+02 4.85871e+04 2.84374e-08 -6.04989e-04
 2.68270e+02 4.91814e+04 3.32178e-08 -5.25272e-04
 3.34048e+02 5.25118e+04 3.67053e-08 -5.71708e-04
 4.15956e+02 5.33704e+04 4.24748e-08 -3.03008e-04
 5.17947e+02 5.61324e+04 4.73874e-08 -2.17784e-04
 6.44947e+02 5.74867e+04 5.41761e-08 +1.05986e-03
 8.03086e+02 5.96076e+04 6.10151e-08 +3.06558e-03
 1.00000e+03 6.15840e+04 6.89193e-08 +7.38167e-03
