#n1=128 n2=4 Teff=19500 R=5.5050e+12 L=3.1230e+39 logg=+2.00
#   tau          T          rho         Fconv
 0.00000e+00 1.60445e+04 4.48429e-22 +0.00000e+00
 1.00000e-09 1.60445e+04 1.08040e-19 +0.00000e+00
 1.24520e-09 1.58040e+04 1.36957e-19 +0.00000e+00
 1.55052e-09 1.56296e+04 1.73048e-19 +0.00000e+00
 1.93070e-09 1.54983e+04 2.18202e-19 +0.00000e+00
 2.40410e-09 1.53976e+04 2.74761e-19 +0.00000e+00
 2.99358e-09 1.53186e+04 3.45666e-19 +0.00000e+00
 3.72759e-09 1.52559e+04 4.34598e-19 +0.00000e+00
 4.64159e-09 1.52060e+04 5.46156e-19 +0.00000e+00
 5.77969e-09 1.51669e+04 6.86094e-19 +0.00000e+00
 7.19686e-09 1.51370e+04 8.61623e-19 +0.00000e+00
 8.96151e-09 1.51151e+04 1.08177e-18 +0.00000e+00
 1.11588e-08 1.51001e+04 1.35783e-18 +0.00000e+00
 1.38950e-08 1.50912e+04 1.70391e-18 +0.00000e+00
 1.73020e-08 1.50879e+04 2.13763e-18 +0.00000e+00
 2.15443e-08 1.50897e+04 2.68094e-18 +0.00000e+00
 2.68270e-08 1.50963e+04 3.36126e-18 +0.00000e+00
 3.34048e-08 1.51077e+04 4.21241e-18 +0.00000e+00
 4.15956e-08 1.51239e+04 5.27638e-18 +0.00000e+00
 5.17947e-08 1.51450e+04 6.60454e-18 +0.00000e+00
 6.44947e-08 1.51714e+04 8.26051e-18 +0.00000e+00
 8.03086e-08 1.52036e+04 1.03225e-17 +0.00000e+00
 1.00000e-07 1.52420e+04 1.28877e-17 +0.00000e+00
 1.24520e-07 1.52875e+04 1.60757e-17 +0.00000e+00
 1.55052e-07 1.53406e+04 2.00342e-17 +0.00000e+00
 1.93070e-07 1.54023e+04 2.49446e-17 +0.00000e+00
 2.40410e-07 1.54734e+04 3.10304e-17 +0.00000e+00
 2.99358e-07 1.55549e+04 3.85653e-17 +0.00000e+00
 3.72759e-07 1.56474e+04 4.78858e-17 +0.00000e+00
 4.64159e-07 1.57518e+04 5.94042e-17 +0.00000e+00
 5.77969e-07 1.58687e+04 7.36263e-17 +0.00000e+00
 7.19686e-07 1.59983e+04 9.11726e-17 +0.00000e+00
 8.96151e-07 1.61406e+04 1.12806e-16 +0.00000e+00
 1.11588e-06 1.62971e+04 1.39447e-16 +0.00000e+00
 1.38950e-06 1.64622e+04 1.72293e-16 +0.00000e+00
 1.73020e-06 1.66365e+04 2.12766e-16 +0.00000e+00
 2.15443e-06 1.68176e+04 2.62655e-16 +0.00000e+00
 2.68270e-06 1.70026e+04 3.24193e-16 +0.00000e+00
 3.34048e-06 1.71888e+04 4.00157e-16 +0.00000e+00
 4.15956e-06 1.73735e+04 4.94010e-16 +0.00000e+00
 5.17947e-06 1.75553e+04 6.10037e-16 +0.00000e+00
 6.44947e-06 1.77339e+04 7.53530e-16 +0.00000e+00
 8.03086e-06 1.79101e+04 9.30989e-16 +0.00000e+00
 1.00000e-05 1.80859e+04 1.15037e-15 +0.00000e+00
 1.24520e-05 1.82643e+04 1.42140e-15 +0.00000e+00
 1.55052e-05 1.84478e+04 1.75596e-15 +0.00000e+00
 1.93070e-05 1.86388e+04 2.16862e-15 +0.00000e+00
 2.40410e-05 1.88389e+04 2.67727e-15 +0.00000e+00
 2.99358e-05 1.90486e+04 3.30395e-15 +0.00000e+00
 3.72759e-05 1.92678e+04 4.07584e-15 +0.00000e+00
 4.64159e-05 1.94955e+04 5.02657e-15 +0.00000e+00
 5.77969e-05 1.97295e+04 6.19798e-15 +0.00000e+00
 7.19686e-05 1.99667e+04 7.64234e-15 +0.00000e+00
 8.96151e-05 2.02002e+04 9.42645e-15 +0.00000e+00
 1.11588e-04 2.04337e+04 1.16288e-14 +0.00000e+00
 1.38950e-04 2.06616e+04 1.43516e-14 +0.00000e+00
 1.73020e-04 2.08814e+04 1.77213e-14 +0.00000e+00
 2.15443e-04 2.10907e+04 2.18956e-14 +0.00000e+00
 2.68270e-04 2.12866e+04 2.70732e-14 +0.00000e+00
 3.34048e-04 2.14647e+04 3.35060e-14 +0.00000e+00
 4.15956e-04 2.16170e+04 4.15198e-14 +0.00000e+00
 5.17947e-04 2.17277e+04 5.15512e-14 +0.00000e+00
 6.44947e-04 2.17673e+04 6.42163e-14 +0.00000e+00
 8.03086e-04 2.16830e+04 8.04477e-14 +0.00000e+00
 1.00000e-03 2.13641e+04 1.01884e-13 +0.00000e+00
 1.24520e-03 2.05712e+04 1.32016e-13 -2.54494e-07
 1.55052e-03 1.90443e+04 1.77868e-13 -3.16895e-07
 1.93070e-03 1.75642e+04 2.40426e-13 -3.94597e-07
 2.40410e-03 1.67171e+04 3.14705e-13 -4.91351e-07
 2.99358e-03 1.60056e+04 4.09184e-13 -6.11829e-07
 3.72759e-03 1.52745e+04 5.33246e-13 -7.61848e-07
 4.64159e-03 1.46957e+04 6.88399e-13 -9.48650e-07
 5.77969e-03 1.45264e+04 8.63914e-13 -1.18126e-06
 7.19686e-03 1.45187e+04 1.07130e-12 -1.47090e-06
 8.96151e-03 1.45518e+04 1.32350e-12 -1.83155e-06
 1.11588e-02 1.46020e+04 1.63178e-12 -2.28065e-06
 1.38950e-02 1.46656e+04 2.00756e-12 -2.83985e-06
 1.73020e-02 1.47412e+04 2.46452e-12 -3.53618e-06
 2.15443e-02 1.48277e+04 3.01871e-12 -4.40325e-06
 2.68270e-02 1.49259e+04 3.68844e-12 -5.48291e-06
 3.34048e-02 1.50378e+04 4.49442e-12 -6.82730e-06
 4.15956e-02 1.51651e+04 5.46004e-12 -8.50133e-06
 5.17947e-02 1.53098e+04 6.61153e-12 -1.05858e-05
 6.44947e-02 1.54750e+04 7.97760e-12 -1.31814e-05
 8.03086e-02 1.56653e+04 9.58902e-12 -1.64135e-05
 1.00000e-01 1.58868e+04 1.14782e-11 -2.04381e-05
 1.24520e-01 1.61453e+04 1.36803e-11 -2.54494e-05
 1.55052e-01 1.64457e+04 1.62346e-11 -3.16895e-05
 1.93070e-01 1.67899e+04 1.91878e-11 -3.94597e-05
 2.40410e-01 1.71753e+04 2.25985e-11 -4.91351e-05
 2.99358e-01 1.75880e+04 2.65501e-11 -6.11829e-05
 3.72759e-01 1.80217e+04 3.11299e-11 -7.61848e-05
 4.64159e-01 1.84734e+04 3.64322e-11 -9.48650e-05
 5.77969e-01 1.89481e+04 4.25482e-11 -1.18126e-04
 7.19686e-01 1.94489e+04 4.95831e-11 -1.47090e-04
 8.96151e-01 1.99844e+04 5.76417e-11 -1.83155e-04
 1.11588e+00 2.05636e+04 6.68388e-11 -2.28065e-04
 1.38950e+00 2.11978e+04 7.72991e-11 -2.83985e-04
 1.73020e+00 2.18804e+04 8.92257e-11 -3.53618e-04
 2.15443e+00 2.25981e+04 1.02876e-10 -4.40325e-04
 2.68270e+00 2.33678e+04 1.18414e-10 -5.48291e-04
 3.34048e+00 2.41973e+04 1.36076e-10 -6.13142e-04
 4.15956e+00 2.50483e+04 1.56352e-10 -6.13142e-04
 5.17947e+00 2.60165e+04 1.79047e-10 -6.13146e-04
 6.44947e+00 2.70012e+04 2.05173e-10 -6.13144e-04
 8.03086e+00 2.80785e+04 2.34605e-10 -6.13141e-04
 1.00000e+01 2.92118e+04 2.68025e-10 -6.13142e-04
 1.24520e+01 3.05132e+04 3.04868e-10 -6.13142e-04
 1.55052e+01 3.17255e+04 3.47788e-10 -6.13142e-04
 1.93070e+01 3.34105e+04 3.90835e-10 -6.13142e-04
 2.40410e+01 3.46603e+04 4.45638e-10 -6.13142e-04
 2.99358e+01 3.67507e+04 4.96186e-10 -6.13142e-04
 3.72759e+01 3.82327e+04 5.65614e-10 -6.13142e-04
 4.64159e+01 4.04386e+04 6.35151e-10 -6.13142e-04
 5.77969e+01 4.24546e+04 7.21321e-10 -6.13142e-04
 7.19686e+01 4.44028e+04 8.22412e-10 -6.13142e-04
 8.96151e+01 4.70131e+04 9.28807e-10 -6.13142e-04
 1.11588e+02 4.85434e+04 1.07256e-09 -6.13142e-04
 1.38950e+02 5.15701e+04 1.20632e-09 -6.13142e-04
 1.73020e+02 5.28145e+04 1.40085e-09 -6.13142e-04
 2.15443e+02 5.60481e+04 1.57208e-09 -6.13142e-04
 2.68270e+02 5.72265e+04 1.82478e-09 -6.13142e-04
 3.34048e+02 6.04737e+04 2.04761e-09 -6.13142e-04
 4.15956e+02 6.18190e+04 2.36590e-09 -6.13142e-04
 5.17947e+02 6.48594e+04 2.66193e-09 -6.13142e-04
 6.44947e+02 6.66493e+04 3.05117e-09 -6.13141e-04
 8.03086e+02 6.92908e+04 3.45154e-09 -6.13139e-04
 1.00000e+03 7.17428e+04 3.91849e-09 -6.13132e-04
