#n1=128 n2=4 Teff=19000 R=2.0796e+13 L=4.0089e+40 logg=+1.00
#   tau          T          rho         Fconv
 0.00000e+00 1.61325e+04 4.46755e-22 +0.00000e+00
 1.00000e-09 1.61325e+04 7.82824e-21 +0.00000e+00
 1.24520e-09 1.61547e+04 9.68855e-21 +0.00000e+00
 1.55052e-09 1.61798e+04 1.20175e-20 +0.00000e+00
 1.93070e-09 1.62048e+04 1.49357e-20 +0.00000e+00
 2.40410e-09 1.62296e+04 1.85935e-20 +0.00000e+00
 2.99358e-09 1.62539e+04 2.31790e-20 +0.00000e+00
 3.72759e-09 1.62776e+04 2.89288e-20 +0.00000e+00
 4.64159e-09 1.63004e+04 3.61396e-20 +0.00000e+00
 5.77969e-09 1.63462e+04 4.50976e-20 +0.00000e+00
 7.19686e-09 1.63092e+04 5.66122e-20 +0.00000e+00
 8.96151e-09 1.63257e+04 7.08660e-20 +0.00000e+00
 1.11588e-08 1.63408e+04 8.87527e-20 +0.00000e+00
 1.38950e-08 1.63534e+04 1.11210e-19 +0.00000e+00
 1.73020e-08 1.63631e+04 1.39421e-19 +0.00000e+00
 2.15443e-08 1.63696e+04 1.74885e-19 +0.00000e+00
 2.68270e-08 1.63971e+04 2.19023e-19 +0.00000e+00
 3.34048e-08 1.63979e+04 2.74959e-19 +0.00000e+00
 4.15956e-08 1.64151e+04 3.45127e-19 +0.00000e+00
 5.17947e-08 1.64103e+04 4.33968e-19 +0.00000e+00
 6.44947e-08 1.64030e+04 5.46400e-19 +0.00000e+00
 8.03086e-08 1.64107e+04 6.88113e-19 +0.00000e+00
 1.00000e-07 1.64027e+04 8.68690e-19 +0.00000e+00
 1.24520e-07 1.63963e+04 1.09752e-18 +0.00000e+00
 1.55052e-07 1.63929e+04 1.38669e-18 +0.00000e+00
 1.93070e-07 1.63940e+04 1.75007e-18 +0.00000e+00
 2.40410e-07 1.64008e+04 2.20483e-18 +0.00000e+00
 2.99358e-07 1.64146e+04 2.77301e-18 +0.00000e+00
 3.72759e-07 1.64368e+04 3.48240e-18 +0.00000e+00
 4.64159e-07 1.64681e+04 4.36759e-18 +0.00000e+00
 5.77969e-07 1.65193e+04 5.46801e-18 +0.00000e+00
 7.19686e-07 1.65714e+04 6.84200e-18 +0.00000e+00
 8.96151e-07 1.66355e+04 8.55162e-18 +0.00000e+00
 1.11588e-06 1.67122e+04 1.06770e-17 +0.00000e+00
 1.38950e-06 1.68013e+04 1.33174e-17 +0.00000e+00
 1.73020e-06 1.69026e+04 1.65954e-17 +0.00000e+00
 2.15443e-06 1.70151e+04 2.06638e-17 +0.00000e+00
 2.68270e-06 1.71308e+04 2.57221e-17 +0.00000e+00
 3.34048e-06 1.72204e+04 3.20654e-17 +0.00000e+00
 4.15956e-06 1.73680e+04 3.98365e-17 +0.00000e+00
 5.17947e-06 1.75199e+04 4.94792e-17 +0.00000e+00
 6.44947e-06 1.76747e+04 6.14474e-17 +0.00000e+00
 8.03086e-06 1.78315e+04 7.63052e-17 +0.00000e+00
 1.00000e-05 1.79898e+04 9.47530e-17 +0.00000e+00
 1.24520e-05 1.81479e+04 1.17670e-16 +0.00000e+00
 1.55052e-05 1.83063e+04 1.46138e-16 +0.00000e+00
 1.93070e-05 1.84646e+04 1.81508e-16 +0.00000e+00
 2.40410e-05 1.86228e+04 2.25458e-16 +0.00000e+00
 2.99358e-05 1.87807e+04 2.80077e-16 +0.00000e+00
 3.72759e-05 1.89382e+04 3.47967e-16 +0.00000e+00
 4.64159e-05 1.90952e+04 4.32359e-16 +0.00000e+00
 5.77969e-05 1.92520e+04 5.37274e-16 +0.00000e+00
 7.19686e-05 1.94085e+04 6.67717e-16 +0.00000e+00
 8.96151e-05 1.95642e+04 8.29937e-16 +0.00000e+00
 1.11588e-04 1.97174e+04 1.03179e-15 +0.00000e+00
 1.38950e-04 1.98707e+04 1.28284e-15 +0.00000e+00
 1.73020e-04 2.00192e+04 1.59550e-15 +0.00000e+00
 2.15443e-04 2.01547e+04 1.98581e-15 +0.00000e+00
 2.68270e-04 2.02615e+04 2.47532e-15 +0.00000e+00
 3.34048e-04 2.03012e+04 3.09588e-15 +0.00000e+00
 4.15956e-04 2.01302e+04 3.91281e-15 +0.00000e+00
 5.17947e-04 1.91181e+04 5.16342e-15 +0.00000e+00
 6.44947e-04 1.71142e+04 7.22795e-15 +0.00000e+00
 8.03086e-04 1.59644e+04 9.70768e-15 +0.00000e+00
 1.00000e-03 1.53981e+04 1.26065e-14 +0.00000e+00
 1.24520e-03 1.51146e+04 1.60825e-14 -2.55003e-07
 1.55052e-03 1.49710e+04 2.03281e-14 -3.17529e-07
 1.93070e-03 1.49189e+04 2.55340e-14 -3.95386e-07
 2.40410e-03 1.49227e+04 3.19478e-14 -4.92333e-07
 2.99358e-03 1.49568e+04 3.98848e-14 -6.13053e-07
 3.72759e-03 1.50078e+04 4.97300e-14 -7.63370e-07
 4.64159e-03 1.50692e+04 6.19529e-14 -9.50548e-07
 5.77969e-03 1.51379e+04 7.71310e-14 -1.18362e-06
 7.19686e-03 1.52120e+04 9.59773e-14 -1.47384e-06
 8.96151e-03 1.52906e+04 1.19371e-13 -1.83522e-06
 1.11588e-02 1.53736e+04 1.48393e-13 -2.28522e-06
 1.38950e-02 1.54614e+04 1.84375e-13 -2.84554e-06
 1.73020e-02 1.55549e+04 2.28946e-13 -3.54325e-06
 2.15443e-02 1.56550e+04 2.84099e-13 -4.41205e-06
 2.68270e-02 1.57634e+04 3.52263e-13 -5.49387e-06
 3.34048e-02 1.58816e+04 4.36382e-13 -6.84095e-06
 4.15956e-02 1.60112e+04 5.40034e-13 -8.51834e-06
 5.17947e-02 1.61547e+04 6.67496e-13 -1.06070e-05
 6.44947e-02 1.63150e+04 8.23893e-13 -1.32078e-05
 8.03086e-02 1.64953e+04 1.01531e-12 -1.64464e-05
 1.00000e-01 1.66996e+04 1.24889e-12 -2.04790e-05
 1.24520e-01 1.69324e+04 1.53304e-12 -2.55003e-05
 1.55052e-01 1.71981e+04 1.87750e-12 -3.17529e-05
 1.93070e-01 1.75011e+04 2.29366e-12 -3.95386e-05
 2.40410e-01 1.78450e+04 2.79479e-12 -4.92333e-05
 2.99358e-01 1.82313e+04 3.39667e-12 -6.13053e-05
 3.72759e-01 1.86607e+04 4.11792e-12 -7.63370e-05
 4.64159e-01 1.91317e+04 4.98091e-12 -9.50548e-05
 5.77969e-01 1.96430e+04 6.01197e-12 -1.18362e-04
 7.19686e-01 2.01956e+04 7.24128e-12 -1.47384e-04
 8.96151e-01 2.07938e+04 8.70256e-12 -1.83522e-04
 1.11588e+00 2.14469e+04 1.04320e-11 -2.28522e-04
 1.38950e+00 2.21657e+04 1.24692e-11 -2.84554e-04
 1.73020e+00 2.29621e+04 1.48573e-11 -3.54325e-04
 2.15443e+00 2.38474e+04 1.76437e-11 -4.41205e-04
 2.68270e+00 2.48284e+04 2.08835e-11 -5.49387e-04
 3.34048e+00 2.59106e+04 2.46355e-11 -6.14368e-04
 4.15956e+00 2.70990e+04 2.89536e-11 -6.14368e-04
 5.17947e+00 2.84184e+04 3.38430e-11 -6.14368e-04
 6.44947e+00 2.98190e+04 3.93645e-11 -6.14400e-04
 8.03086e+00 3.13650e+04 4.54657e-11 -6.14367e-04
 1.00000e+01 3.29907e+04 5.24589e-11 -6.14388e-04
 1.24520e+01 3.47378e+04 6.05830e-11 -6.14368e-04
 1.55052e+01 3.64766e+04 7.03340e-11 -6.14368e-04
 1.93070e+01 3.85213e+04 8.13551e-11 -6.14368e-04
 2.40410e+01 4.02079e+04 9.52602e-11 -6.14368e-04
 2.99358e+01 4.26472e+04 1.09891e-10 -6.14368e-04
 3.72759e+01 4.43498e+04 1.29208e-10 -6.14368e-04
 4.64159e+01 4.69522e+04 1.49240e-10 -6.14368e-04
 5.77969e+01 4.90678e+04 1.74540e-10 -6.14368e-04
 7.19686e+01 5.14093e+04 2.03341e-10 -6.14368e-04
 8.96151e+01 5.41479e+04 2.35644e-10 -6.14368e-04
 1.11588e+02 5.61880e+04 2.76545e-10 -6.14368e-04
 1.38950e+02 5.94261e+04 3.18434e-10 -6.14368e-04
 1.73020e+02 6.14197e+04 3.74226e-10 -6.14368e-04
 2.15443e+02 6.48982e+04 4.30036e-10 -6.14368e-04
 2.68270e+02 6.71204e+04 5.03666e-10 -6.14368e-04
 3.34048e+02 7.06775e+04 5.78979e-10 -6.14368e-04
 4.15956e+02 7.33050e+04 6.74443e-10 -6.14368e-04
 5.17947e+02 7.68921e+04 7.76090e-10 -6.14368e-04
 6.44947e+02 8.00221e+04 8.98954e-10 -6.14368e-04
 8.03086e+02 8.36277e+04 1.03569e-09 -6.14368e-04
 1.00000e+03 8.74278e+04 1.19210e-09 -6.14368e-04
