#n1=128 n2=4 Teff=19500 R=1.1982e+13 L=1.4814e+40 logg=+1.50
#   tau          T          rho         Fconv
 0.00000e+00 1.20492e+04 6.20075e-22 +0.00000e+00
 1.00000e-09 1.20492e+04 4.98212e-20 +0.00000e+00
 1.24520e-09 1.20527e+04 6.19949e-20 +0.00000e+00
 1.55052e-09 1.20566e+04 7.71773e-20 +0.00000e+00
 1.93070e-09 1.20607e+04 9.61147e-20 +0.00000e+00
 2.40410e-09 1.20648e+04 1.19736e-19 +0.00000e+00
 2.99358e-09 1.20689e+04 1.49198e-19 +0.00000e+00
 3.72759e-09 1.20731e+04 1.85948e-19 +0.00000e+00
 4.64159e-09 1.20774e+04 2.31785e-19 +0.00000e+00
 5.77969e-09 1.20816e+04 2.88960e-19 +0.00000e+00
 7.19686e-09 1.20859e+04 3.60274e-19 +0.00000e+00
 8.96151e-09 1.20902e+04 4.49227e-19 +0.00000e+00
 1.11588e-08 1.20945e+04 5.60180e-19 +0.00000e+00
 1.38950e-08 1.20987e+04 6.98576e-19 +0.00000e+00
 1.73020e-08 1.21029e+04 8.71206e-19 +0.00000e+00
 2.15443e-08 1.21070e+04 1.08654e-18 +0.00000e+00
 2.68270e-08 1.21109e+04 1.35515e-18 +0.00000e+00
 3.34048e-08 1.21148e+04 1.69021e-18 +0.00000e+00
 4.15956e-08 1.21184e+04 2.10819e-18 +0.00000e+00
 5.17947e-08 1.21219e+04 2.62961e-18 +0.00000e+00
 6.44947e-08 1.21252e+04 3.28008e-18 +0.00000e+00
 8.03086e-08 1.21282e+04 4.09158e-18 +0.00000e+00
 1.00000e-07 1.21309e+04 5.10398e-18 +0.00000e+00
 1.24520e-07 1.21334e+04 6.36705e-18 +0.00000e+00
 1.55052e-07 1.21357e+04 7.94288e-18 +0.00000e+00
 1.93070e-07 1.21377e+04 9.90892e-18 +0.00000e+00
 2.40410e-07 1.21396e+04 1.23618e-17 +0.00000e+00
 2.99358e-07 1.21415e+04 1.54218e-17 +0.00000e+00
 3.72759e-07 1.21434e+04 1.92392e-17 +0.00000e+00
 4.64159e-07 1.21457e+04 2.40010e-17 +0.00000e+00
 5.77969e-07 1.21483e+04 2.99403e-17 +0.00000e+00
 7.19686e-07 1.21516e+04 3.73475e-17 +0.00000e+00
 8.96151e-07 1.21557e+04 4.65841e-17 +0.00000e+00
 1.11588e-06 1.21607e+04 5.81006e-17 +0.00000e+00
 1.38950e-06 1.21668e+04 7.24579e-17 +0.00000e+00
 1.73020e-06 1.21740e+04 9.03545e-17 +0.00000e+00
 2.15443e-06 1.21824e+04 1.12660e-16 +0.00000e+00
 2.68270e-06 1.21922e+04 1.40456e-16 +0.00000e+00
 3.34048e-06 1.22035e+04 1.75090e-16 +0.00000e+00
 4.15956e-06 1.22162e+04 2.18238e-16 +0.00000e+00
 5.17947e-06 1.22306e+04 2.71982e-16 +0.00000e+00
 6.44947e-06 1.22466e+04 3.38916e-16 +0.00000e+00
 8.03086e-06 1.22646e+04 4.22258e-16 +0.00000e+00
 1.00000e-05 1.22846e+04 5.26010e-16 +0.00000e+00
 1.24520e-05 1.23068e+04 6.55139e-16 +0.00000e+00
 1.55052e-05 1.23315e+04 8.15807e-16 +0.00000e+00
 1.93070e-05 1.23590e+04 1.01566e-15 +0.00000e+00
 2.40410e-05 1.23897e+04 1.26415e-15 +0.00000e+00
 2.99358e-05 1.24238e+04 1.57302e-15 +0.00000e+00
 3.72759e-05 1.24620e+04 1.95675e-15 +0.00000e+00
 4.64159e-05 1.25046e+04 2.43324e-15 +0.00000e+00
 5.77969e-05 1.25523e+04 3.02461e-15 +0.00000e+00
 7.19686e-05 1.26055e+04 3.75812e-15 +0.00000e+00
 8.96151e-05 1.26648e+04 4.66738e-15 +0.00000e+00
 1.11588e-04 1.27306e+04 5.79378e-15 +0.00000e+00
 1.38950e-04 1.28033e+04 7.18832e-15 +0.00000e+00
 1.73020e-04 1.28832e+04 8.91383e-15 +0.00000e+00
 2.15443e-04 1.29703e+04 1.10478e-14 +0.00000e+00
 2.68270e-04 1.30642e+04 1.36860e-14 +0.00000e+00
 3.34048e-04 1.31642e+04 1.69472e-14 +0.00000e+00
 4.15956e-04 1.32687e+04 2.09791e-14 +0.00000e+00
 5.17947e-04 1.33756e+04 2.59670e-14 +0.00000e+00
 6.44947e-04 1.34817e+04 3.21438e-14 +0.00000e+00
 8.03086e-04 1.35821e+04 3.98079e-14 +0.00000e+00
 1.00000e-03 1.36717e+04 4.93388e-14 +0.00000e+00
 1.24520e-03 1.37446e+04 6.12242e-14 -2.54168e-07
 1.55052e-03 1.37956e+04 7.60891e-14 -3.16489e-07
 1.93070e-03 1.38211e+04 9.47279e-14 -3.94091e-07
 2.40410e-03 1.38217e+04 1.18126e-13 -4.90722e-07
 2.99358e-03 1.38030e+04 1.47480e-13 -6.11045e-07
 3.72759e-03 1.37739e+04 1.84218e-13 -7.60871e-07
 4.64159e-03 1.37439e+04 2.30049e-13 -9.47435e-07
 5.77969e-03 1.37195e+04 2.87057e-13 -1.17974e-06
 7.19686e-03 1.37034e+04 3.57810e-13 -1.46901e-06
 8.96151e-03 1.36963e+04 4.45475e-13 -1.82921e-06
 1.11588e-02 1.36985e+04 5.53908e-13 -2.27773e-06
 1.38950e-02 1.37104e+04 6.87769e-13 -2.83622e-06
 1.73020e-02 1.37326e+04 8.52654e-13 -3.53165e-06
 2.15443e-02 1.37661e+04 1.05523e-12 -4.39761e-06
 2.68270e-02 1.38128e+04 1.30332e-12 -5.47588e-06
 3.34048e-02 1.38755e+04 1.60601e-12 -6.81856e-06
 4.15956e-02 1.39595e+04 1.97348e-12 -8.49044e-06
 5.17947e-02 1.40722e+04 2.41686e-12 -1.05723e-05
 6.44947e-02 1.42208e+04 2.94830e-12 -1.31645e-05
 8.03086e-02 1.44162e+04 3.58008e-12 -1.63925e-05
 1.00000e-01 1.46674e+04 4.32551e-12 -2.04119e-05
 1.24520e-01 1.49782e+04 5.20036e-12 -2.54168e-05
 1.55052e-01 1.53578e+04 6.22051e-12 -3.16489e-05
 1.93070e-01 1.58004e+04 7.40981e-12 -3.94091e-05
 2.40410e-01 1.63016e+04 8.79663e-12 -4.90722e-05
 2.99358e-01 1.68508e+04 1.04183e-11 -6.11045e-05
 3.72759e-01 1.74379e+04 1.23196e-11 -7.60871e-05
 4.64159e-01 1.80548e+04 1.45527e-11 -9.47435e-05
 5.77969e-01 1.86962e+04 1.71764e-11 -1.17974e-04
 7.19686e-01 1.93599e+04 2.02565e-11 -1.46901e-04
 8.96151e-01 2.00472e+04 2.38644e-11 -1.82921e-04
 1.11588e+00 2.07624e+04 2.80775e-11 -2.27773e-04
 1.38950e+00 2.15141e+04 3.29769e-11 -2.83622e-04
 1.73020e+00 2.23066e+04 3.86593e-11 -3.53165e-04
 2.15443e+00 2.31504e+04 4.52224e-11 -4.39761e-04
 2.68270e+00 2.40535e+04 5.27801e-11 -5.47588e-04
 3.34048e+00 2.50260e+04 6.14550e-11 -6.12356e-04
 4.15956e+00 2.60704e+04 7.13981e-11 -6.12356e-04
 5.17947e+00 2.72041e+04 8.27292e-11 -6.12356e-04
 6.44947e+00 2.84167e+04 9.56294e-11 -6.12356e-04
 8.03086e+00 2.97218e+04 1.10158e-10 -6.12356e-04
 1.00000e+01 3.11171e+04 1.26355e-10 -6.12356e-04
 1.24520e+01 3.26238e+04 1.44227e-10 -6.12356e-04
 1.55052e+01 3.41890e+04 1.64441e-10 -6.12356e-04
 1.93070e+01 3.59293e+04 1.87165e-10 -6.12356e-04
 2.40410e+01 3.76213e+04 2.14276e-10 -6.12356e-04
 2.99358e+01 3.95660e+04 2.44693e-10 -6.12356e-04
 3.72759e+01 4.13828e+04 2.81224e-10 -6.12356e-04
 4.64159e+01 4.34154e+04 3.22300e-10 -6.12356e-04
 5.77969e+01 4.54479e+04 3.70187e-10 -6.12356e-04
 7.19686e+01 4.74166e+04 4.26107e-10 -6.12356e-04
 8.96151e+01 4.97748e+04 4.87465e-10 -6.12356e-04
 1.11588e+02 5.15936e+04 5.63474e-10 -6.12356e-04
 1.38950e+02 5.42922e+04 6.41657e-10 -6.12356e-04
 1.73020e+02 5.60128e+04 7.43197e-10 -6.12356e-04
 2.15443e+02 5.90074e+04 8.43219e-10 -6.12356e-04
 2.68270e+02 6.07539e+04 9.76110e-10 -6.12356e-04
 3.34048e+02 6.39330e+04 1.10559e-09 -6.12356e-04
 4.15956e+02 6.59129e+04 1.27533e-09 -6.12356e-04
 5.17947e+02 6.91245e+04 1.44569e-09 -6.12356e-04
 6.44947e+02 7.15582e+04 1.65810e-09 -6.12356e-04
 8.03086e+02 7.46625e+04 1.88511e-09 -6.12356e-04
 1.00000e+03 7.78175e+04 2.14542e-09 -6.12356e-04
