#n1=128 n2=4 Teff=19000 R=7.3852e+11 L=5.0701e+37 logg=+3.50
#   tau          T          rho         Fconv
 0.00000e+00 1.34900e+04 5.34631e-22 +0.00000e+00
 1.00000e-09 1.34900e+04 5.26490e-18 +0.00000e+00
 1.24520e-09 1.34929e+04 6.55908e-18 +0.00000e+00
 1.55052e-09 1.34962e+04 8.17077e-18 +0.00000e+00
 1.93070e-09 1.34997e+04 1.01777e-17 +0.00000e+00
 2.40410e-09 1.35035e+04 1.26769e-17 +0.00000e+00
 2.99358e-09 1.35077e+04 1.57886e-17 +0.00000e+00
 3.72759e-09 1.35124e+04 1.96630e-17 +0.00000e+00
 4.64159e-09 1.35175e+04 2.44867e-17 +0.00000e+00
 5.77969e-09 1.35233e+04 3.04917e-17 +0.00000e+00
 7.19686e-09 1.35297e+04 3.79667e-17 +0.00000e+00
 8.96151e-09 1.35370e+04 4.72706e-17 +0.00000e+00
 1.11588e-08 1.35453e+04 5.88495e-17 +0.00000e+00
 1.38950e-08 1.35547e+04 7.32574e-17 +0.00000e+00
 1.73020e-08 1.35656e+04 9.11823e-17 +0.00000e+00
 2.15443e-08 1.35782e+04 1.13478e-16 +0.00000e+00
 2.68270e-08 1.35929e+04 1.41202e-16 +0.00000e+00
 3.34048e-08 1.36102e+04 1.75666e-16 +0.00000e+00
 4.15956e-08 1.36307e+04 2.18490e-16 +0.00000e+00
 5.17947e-08 1.36549e+04 2.71679e-16 +0.00000e+00
 6.44947e-08 1.36837e+04 3.37704e-16 +0.00000e+00
 8.03086e-08 1.37178e+04 4.19613e-16 +0.00000e+00
 1.00000e-07 1.37582e+04 5.21154e-16 +0.00000e+00
 1.24520e-07 1.38057e+04 6.46935e-16 +0.00000e+00
 1.55052e-07 1.38614e+04 8.02610e-16 +0.00000e+00
 1.93070e-07 1.39261e+04 9.95110e-16 +0.00000e+00
 2.40410e-07 1.40009e+04 1.23292e-15 +0.00000e+00
 2.99358e-07 1.40866e+04 1.52643e-15 +0.00000e+00
 3.72759e-07 1.41838e+04 1.88835e-15 +0.00000e+00
 4.64159e-07 1.42930e+04 2.33422e-15 +0.00000e+00
 5.77969e-07 1.44144e+04 2.88309e-15 +0.00000e+00
 7.19686e-07 1.45479e+04 3.55832e-15 +0.00000e+00
 8.96151e-07 1.46930e+04 4.38861e-15 +0.00000e+00
 1.11588e-06 1.48485e+04 5.40933e-15 +0.00000e+00
 1.38950e-06 1.50129e+04 6.66429e-15 +0.00000e+00
 1.73020e-06 1.51840e+04 8.20771e-15 +0.00000e+00
 2.15443e-06 1.53596e+04 1.01069e-14 +0.00000e+00
 2.68270e-06 1.55377e+04 1.24452e-14 +0.00000e+00
 3.34048e-06 1.57171e+04 1.53252e-14 +0.00000e+00
 4.15956e-06 1.58980e+04 1.88722e-14 +0.00000e+00
 5.17947e-06 1.60819e+04 2.32388e-14 +0.00000e+00
 6.44947e-06 1.62707e+04 2.86105e-14 +0.00000e+00
 8.03086e-06 1.64658e+04 3.52149e-14 +0.00000e+00
 1.00000e-05 1.66670e+04 4.33334e-14 +0.00000e+00
 1.24520e-05 1.68725e+04 5.33164e-14 +0.00000e+00
 1.55052e-05 1.70801e+04 6.55995e-14 +0.00000e+00
 1.93070e-05 1.72871e+04 8.07236e-14 +0.00000e+00
 2.40410e-05 1.74913e+04 9.93595e-14 +0.00000e+00
 2.99358e-05 1.76901e+04 1.22343e-13 +0.00000e+00
 3.72759e-05 1.78805e+04 1.50721e-13 +0.00000e+00
 4.64159e-05 1.80601e+04 1.85793e-13 +0.00000e+00
 5.77969e-05 1.82263e+04 2.29182e-13 +0.00000e+00
 7.19686e-05 1.83748e+04 2.82950e-13 +0.00000e+00
 8.96151e-05 1.84999e+04 3.49712e-13 +0.00000e+00
 1.11588e-04 1.85955e+04 4.32800e-13 +0.00000e+00
 1.38950e-04 1.86534e+04 5.36505e-13 +0.00000e+00
 1.73020e-04 1.86628e+04 6.66436e-13 +0.00000e+00
 2.15443e-04 1.86068e+04 8.30172e-13 +0.00000e+00
 2.68270e-04 1.84550e+04 1.03857e-12 +0.00000e+00
 3.34048e-04 1.81487e+04 1.30886e-12 +0.00000e+00
 4.15956e-04 1.75515e+04 1.67448e-12 +0.00000e+00
 5.17947e-04 1.63418e+04 2.21892e-12 +0.00000e+00
 6.44947e-04 1.45525e+04 3.05616e-12 +0.00000e+00
 8.03086e-04 1.35640e+04 3.99007e-12 +0.00000e+00
 1.00000e-03 1.30928e+04 5.00236e-12 +0.00000e+00
 1.24520e-03 1.28594e+04 6.16429e-12 -2.54284e-07
 1.55052e-03 1.27448e+04 7.53195e-12 -3.16633e-07
 1.93070e-03 1.27100e+04 9.11502e-12 -3.94271e-07
 2.40410e-03 1.27225e+04 1.09267e-11 -4.90945e-07
 2.99358e-03 1.27591e+04 1.30125e-11 -6.11324e-07
 3.72759e-03 1.28084e+04 1.54158e-11 -7.61218e-07
 4.64159e-03 1.28659e+04 1.81810e-11 -9.47867e-07
 5.77969e-03 1.29293e+04 2.13529e-11 -1.18028e-06
 7.19686e-03 1.29974e+04 2.49814e-11 -1.46968e-06
 8.96151e-03 1.30699e+04 2.91209e-11 -1.83005e-06
 1.11588e-02 1.31466e+04 3.38314e-11 -2.27877e-06
 1.38950e-02 1.32278e+04 3.91773e-11 -2.83752e-06
 1.73020e-02 1.33145e+04 4.52302e-11 -3.53326e-06
 2.15443e-02 1.34074e+04 5.20682e-11 -4.39961e-06
 2.68270e-02 1.35081e+04 5.97771e-11 -5.47837e-06
 3.34048e-02 1.36181e+04 6.84512e-11 -6.82166e-06
 4.15956e-02 1.37393e+04 7.81929e-11 -8.49432e-06
 5.17947e-02 1.38743e+04 8.91130e-11 -1.05771e-05
 6.44947e-02 1.40259e+04 1.01333e-10 -1.31706e-05
 8.03086e-02 1.41973e+04 1.14983e-10 -1.64000e-05
 1.00000e-01 1.43926e+04 1.30206e-10 -2.04212e-05
 1.24520e-01 1.46159e+04 1.47159e-10 -2.54284e-05
 1.55052e-01 1.48716e+04 1.66027e-10 -3.16633e-05
 1.93070e-01 1.51636e+04 1.87037e-10 -3.94271e-05
 2.40410e-01 1.54951e+04 2.10486e-10 -4.90945e-05
 2.99358e-01 1.58666e+04 2.36779e-10 -6.11324e-05
 3.72759e-01 1.62777e+04 2.66419e-10 -7.61218e-05
 4.64159e-01 1.67242e+04 3.00044e-10 -9.47867e-05
 5.77969e-01 1.72007e+04 3.38371e-10 -1.18028e-04
 7.19686e-01 1.77021e+04 3.82165e-10 -1.46968e-04
 8.96151e-01 1.82251e+04 4.32217e-10 -1.83005e-04
 1.11588e+00 1.87701e+04 4.89311e-10 -2.27877e-04
 1.38950e+00 1.93394e+04 5.54296e-10 -2.83752e-04
 1.73020e+00 1.99367e+04 6.28095e-10 -3.53326e-04
 2.15443e+00 2.05661e+04 7.11763e-10 -4.39961e-04
 2.68270e+00 2.12275e+04 8.06637e-10 -5.47837e-04
 3.34048e+00 2.19203e+04 9.14232e-10 -6.12635e-04
 4.15956e+00 2.26471e+04 1.03611e-09 -6.12635e-04
 5.17947e+00 2.34299e+04 1.17337e-09 -6.12635e-04
 6.44947e+00 2.42237e+04 1.33011e-09 -6.12635e-04
 8.03086e+00 2.51061e+04 1.50502e-09 -6.12635e-04
 1.00000e+01 2.60231e+04 1.70388e-09 -6.12635e-04
 1.24520e+01 2.70255e+04 1.92704e-09 -6.12635e-04
 1.55052e+01 2.80367e+04 2.18235e-09 -6.12635e-04
 1.93070e+01 2.93543e+04 2.45555e-09 -6.12635e-04
 2.40410e+01 3.02703e+04 2.80122e-09 -6.12635e-04
 2.99358e+01 3.22032e+04 3.11443e-09 -6.12635e-04
 3.72759e+01 3.29592e+04 3.58836e-09 -6.12635e-04
 4.64159e+01 3.54409e+04 3.94271e-09 -6.12635e-04
 5.77969e+01 3.67057e+04 4.50200e-09 -6.12634e-04
 7.19686e+01 3.88158e+04 5.01113e-09 -6.12630e-04
 8.96151e+01 4.15332e+04 5.53858e-09 -6.12630e-04
 1.11588e+02 4.26259e+04 6.39167e-09 -6.12614e-04
 1.38950e+02 4.64215e+04 6.98751e-09 -6.12633e-04
 1.73020e+02 4.70017e+04 8.18785e-09 -6.12608e-04
 2.15443e+02 5.08027e+04 9.01620e-09 -6.12627e-04
 2.68270e+02 5.14033e+04 1.05314e-08 -6.12537e-04
 3.34048e+02 5.47862e+04 1.16841e-08 -6.12546e-04
 4.15956e+02 5.57016e+04 1.35174e-08 -6.11835e-04
 5.17947e+02 5.85468e+04 1.51066e-08 -6.11148e-04
 6.44947e+02 5.99871e+04 1.72743e-08 -6.04169e-04
 8.03086e+02 6.22013e+04 1.94702e-08 -5.85521e-04
 1.00000e+03 6.42818e+04 2.20036e-08 -5.15357e-04
