#n1=128 n2=4 Teff=19500 R=2.5901e+12 L=6.9136e+38 logg=+2.50
#   tau          T          rho         Fconv
 0.00000e+00 1.20124e+04 6.21966e-22 +0.00000e+00
 1.00000e-09 1.20124e+04 5.59701e-19 +0.00000e+00
 1.24520e-09 1.20138e+04 6.97333e-19 +0.00000e+00
 1.55052e-09 1.20148e+04 8.68866e-19 +0.00000e+00
 1.93070e-09 1.20155e+04 1.08267e-18 +0.00000e+00
 2.40410e-09 1.20155e+04 1.34919e-18 +0.00000e+00
 2.99358e-09 1.20149e+04 1.68146e-18 +0.00000e+00
 3.72759e-09 1.20135e+04 2.09572e-18 +0.00000e+00
 4.64159e-09 1.20111e+04 2.61229e-18 +0.00000e+00
 5.77969e-09 1.20077e+04 3.25651e-18 +0.00000e+00
 7.19686e-09 1.20031e+04 4.06005e-18 +0.00000e+00
 8.96151e-09 1.19973e+04 5.06244e-18 +0.00000e+00
 1.11588e-08 1.19901e+04 6.31304e-18 +0.00000e+00
 1.38950e-08 1.19817e+04 7.87345e-18 +0.00000e+00
 1.73020e-08 1.19722e+04 9.82044e-18 +0.00000e+00
 2.15443e-08 1.19621e+04 1.22496e-17 +0.00000e+00
 2.68270e-08 1.19518e+04 1.52800e-17 +0.00000e+00
 3.34048e-08 1.19420e+04 1.90594e-17 +0.00000e+00
 4.15956e-08 1.19333e+04 2.37717e-17 +0.00000e+00
 5.17947e-08 1.19259e+04 2.96457e-17 +0.00000e+00
 6.44947e-08 1.19204e+04 3.69658e-17 +0.00000e+00
 8.03086e-08 1.19168e+04 4.60865e-17 +0.00000e+00
 1.00000e-07 1.19151e+04 5.74490e-17 +0.00000e+00
 1.24520e-07 1.19152e+04 7.16027e-17 +0.00000e+00
 1.55052e-07 1.19170e+04 8.92321e-17 +0.00000e+00
 1.93070e-07 1.19203e+04 1.11190e-16 +0.00000e+00
 2.40410e-07 1.19250e+04 1.38538e-16 +0.00000e+00
 2.99358e-07 1.19309e+04 1.72600e-16 +0.00000e+00
 3.72759e-07 1.19378e+04 2.15025e-16 +0.00000e+00
 4.64159e-07 1.19456e+04 2.67867e-16 +0.00000e+00
 5.77969e-07 1.19541e+04 3.33688e-16 +0.00000e+00
 7.19686e-07 1.19633e+04 4.15676e-16 +0.00000e+00
 8.96151e-07 1.19730e+04 5.17810e-16 +0.00000e+00
 1.11588e-06 1.19832e+04 6.45044e-16 +0.00000e+00
 1.38950e-06 1.19938e+04 8.03555e-16 +0.00000e+00
 1.73020e-06 1.20047e+04 1.00104e-15 +0.00000e+00
 2.15443e-06 1.20161e+04 1.24709e-15 +0.00000e+00
 2.68270e-06 1.20279e+04 1.55365e-15 +0.00000e+00
 3.34048e-06 1.20403e+04 1.93560e-15 +0.00000e+00
 4.15956e-06 1.20532e+04 2.41144e-15 +0.00000e+00
 5.17947e-06 1.20669e+04 3.00416e-15 +0.00000e+00
 6.44947e-06 1.20815e+04 3.74232e-15 +0.00000e+00
 8.03086e-06 1.20972e+04 4.66141e-15 +0.00000e+00
 1.00000e-05 1.21141e+04 5.80546e-15 +0.00000e+00
 1.24520e-05 1.21325e+04 7.22915e-15 +0.00000e+00
 1.55052e-05 1.21526e+04 9.00029e-15 +0.00000e+00
 1.93070e-05 1.21747e+04 1.12030e-14 +0.00000e+00
 2.40410e-05 1.21990e+04 1.39415e-14 +0.00000e+00
 2.99358e-05 1.22257e+04 1.73451e-14 +0.00000e+00
 3.72759e-05 1.22551e+04 2.15736e-14 +0.00000e+00
 4.64159e-05 1.22872e+04 2.68252e-14 +0.00000e+00
 5.77969e-05 1.23223e+04 3.33452e-14 +0.00000e+00
 7.19686e-05 1.23603e+04 4.14370e-14 +0.00000e+00
 8.96151e-05 1.24012e+04 5.14764e-14 +0.00000e+00
 1.11588e-04 1.24446e+04 6.39289e-14 +0.00000e+00
 1.38950e-04 1.24902e+04 7.93712e-14 +0.00000e+00
 1.73020e-04 1.25373e+04 9.85198e-14 +0.00000e+00
 2.15443e-04 1.25849e+04 1.22267e-13 +0.00000e+00
 2.68270e-04 1.26314e+04 1.51731e-13 +0.00000e+00
 3.34048e-04 1.26750e+04 1.88311e-13 +0.00000e+00
 4.15956e-04 1.27131e+04 2.33771e-13 +0.00000e+00
 5.17947e-04 1.27427e+04 2.90339e-13 +0.00000e+00
 6.44947e-04 1.27605e+04 3.60804e-13 +0.00000e+00
 8.03086e-04 1.27637e+04 4.48662e-13 +0.00000e+00
 1.00000e-03 1.27512e+04 5.58236e-13 +0.00000e+00
 1.24520e-03 1.27240e+04 6.94783e-13 -2.54485e-07
 1.55052e-03 1.26859e+04 8.64573e-13 -3.16885e-07
 1.93070e-03 1.26416e+04 1.07503e-12 -3.94584e-07
 2.40410e-03 1.25957e+04 1.33487e-12 -4.91335e-07
 2.99358e-03 1.25512e+04 1.65443e-12 -6.11808e-07
 3.72759e-03 1.25093e+04 2.04592e-12 -7.61822e-07
 4.64159e-03 1.24706e+04 2.52359e-12 -9.48619e-07
 5.77969e-03 1.24364e+04 3.10364e-12 -1.18122e-06
 7.19686e-03 1.24089e+04 3.80414e-12 -1.47085e-06
 8.96151e-03 1.23920e+04 4.64441e-12 -1.83149e-06
 1.11588e-02 1.23907e+04 5.64485e-12 -2.28058e-06
 1.38950e-02 1.24114e+04 6.82520e-12 -2.83976e-06
 1.73020e-02 1.24577e+04 8.20651e-12 -3.53606e-06
 2.15443e-02 1.25347e+04 9.80793e-12 -4.40310e-06
 2.68270e-02 1.26450e+04 1.16504e-11 -5.48273e-06
 3.34048e-02 1.27896e+04 1.37569e-11 -6.82708e-06
 4.15956e-02 1.29666e+04 1.61568e-11 -8.50105e-06
 5.17947e-02 1.31788e+04 1.88789e-11 -1.05855e-05
 6.44947e-02 1.34247e+04 2.19633e-11 -1.31810e-05
 8.03086e-02 1.37045e+04 2.54554e-11 -1.64130e-05
 1.00000e-01 1.40191e+04 2.94089e-11 -2.04374e-05
 1.24520e-01 1.43701e+04 3.38885e-11 -2.54485e-05
 1.55052e-01 1.47594e+04 3.89734e-11 -3.16885e-05
 1.93070e-01 1.51847e+04 4.47687e-11 -3.94584e-05
 2.40410e-01 1.56526e+04 5.13710e-11 -4.91335e-05
 2.99358e-01 1.61578e+04 5.89293e-11 -6.11808e-05
 3.72759e-01 1.66955e+04 6.76074e-11 -7.61822e-05
 4.64159e-01 1.72595e+04 7.75929e-11 -9.48619e-05
 5.77969e-01 1.78439e+04 8.90929e-11 -1.18122e-04
 7.19686e-01 1.84441e+04 1.02333e-10 -1.47085e-04
 8.96151e-01 1.90578e+04 1.17551e-10 -1.83149e-04
 1.11588e+00 1.96854e+04 1.35004e-10 -2.28058e-04
 1.38950e+00 2.03294e+04 1.54963e-10 -2.83976e-04
 1.73020e+00 2.09926e+04 1.77737e-10 -3.53606e-04
 2.15443e+00 2.16780e+04 2.03674e-10 -4.40310e-04
 2.68270e+00 2.23920e+04 2.33139e-10 -5.48273e-04
 3.34048e+00 2.31408e+04 2.66552e-10 -6.13122e-04
 4.15956e+00 2.39266e+04 3.04426e-10 -6.13121e-04
 5.17947e+00 2.47707e+04 3.47141e-10 -6.13122e-04
 6.44947e+00 2.56614e+04 3.95545e-10 -6.13122e-04
 8.03086e+00 2.66179e+04 4.50160e-10 -6.13122e-04
 1.00000e+01 2.76401e+04 5.11858e-10 -6.13122e-04
 1.24520e+01 2.87614e+04 5.81098e-10 -6.13122e-04
 1.55052e+01 2.99068e+04 6.60164e-10 -6.13122e-04
 1.93070e+01 3.12823e+04 7.46017e-10 -6.13122e-04
 2.40410e+01 3.25327e+04 8.47140e-10 -6.13122e-04
 2.99358e+01 3.42237e+04 9.49789e-10 -6.13122e-04
 3.72759e+01 3.56913e+04 1.07337e-09 -6.13122e-04
 4.64159e+01 3.76090e+04 1.19875e-09 -6.13122e-04
 5.77969e+01 3.95311e+04 1.34649e-09 -6.13122e-04
 7.19686e+01 4.14629e+04 1.51947e-09 -6.13122e-04
 8.96151e+01 4.39315e+04 1.70466e-09 -6.13122e-04
 1.11588e+02 4.55935e+04 1.95204e-09 -6.13122e-04
 1.38950e+02 4.84279e+04 2.19009e-09 -6.13122e-04
 1.73020e+02 4.96898e+04 2.53301e-09 -6.13122e-04
 2.15443e+02 5.27202e+04 2.83766e-09 -6.13122e-04
 2.68270e+02 5.37541e+04 3.28943e-09 -6.13122e-04
 3.34048e+02 5.68494e+04 3.67889e-09 -6.13121e-04
 4.15956e+02 5.79804e+04 4.24698e-09 -6.13118e-04
 5.17947e+02 6.08924e+04 4.75891e-09 -6.13114e-04
 6.44947e+02 6.24735e+04 5.44571e-09 -6.13081e-04
 8.03086e+02 6.49834e+04 6.13754e-09 -6.13001e-04
 1.00000e+03 6.72620e+04 6.94932e-09 -6.12679e-04
