#n1=128 n2=4 Teff=19500 R=7.5801e+11 L=5.9279e+37 logg=+3.50
#   tau          T          rho         Fconv
 0.00000e+00 1.29215e+04 5.77411e-22 +0.00000e+00
 1.00000e-09 1.29215e+04 5.79455e-18 +0.00000e+00
 1.24520e-09 1.29435e+04 7.22185e-18 +0.00000e+00
 1.55052e-09 1.29684e+04 8.99598e-18 +0.00000e+00
 1.93070e-09 1.29974e+04 1.11995e-17 +0.00000e+00
 2.40410e-09 1.30309e+04 1.39347e-17 +0.00000e+00
 2.99358e-09 1.30698e+04 1.73272e-17 +0.00000e+00
 3.72759e-09 1.31148e+04 2.15321e-17 +0.00000e+00
 4.64159e-09 1.31665e+04 2.67397e-17 +0.00000e+00
 5.77969e-09 1.32257e+04 3.31841e-17 +0.00000e+00
 7.19686e-09 1.32932e+04 4.11520e-17 +0.00000e+00
 8.96151e-09 1.33696e+04 5.09956e-17 +0.00000e+00
 1.11588e-08 1.34554e+04 6.31463e-17 +0.00000e+00
 1.38950e-08 1.35509e+04 7.81332e-17 +0.00000e+00
 1.73020e-08 1.36563e+04 9.66065e-17 +0.00000e+00
 2.15443e-08 1.37713e+04 1.19364e-16 +0.00000e+00
 2.68270e-08 1.38956e+04 1.47389e-16 +0.00000e+00
 3.34048e-08 1.40283e+04 1.81891e-16 +0.00000e+00
 4.15956e-08 1.41681e+04 2.24369e-16 +0.00000e+00
 5.17947e-08 1.43138e+04 2.76673e-16 +0.00000e+00
 6.44947e-08 1.44639e+04 3.41095e-16 +0.00000e+00
 8.03086e-08 1.46167e+04 4.20474e-16 +0.00000e+00
 1.00000e-07 1.47708e+04 5.18331e-16 +0.00000e+00
 1.24520e-07 1.49248e+04 6.39029e-16 +0.00000e+00
 1.55052e-07 1.50774e+04 7.87979e-16 +0.00000e+00
 1.93070e-07 1.52278e+04 9.71878e-16 +0.00000e+00
 2.40410e-07 1.53764e+04 1.19895e-15 +0.00000e+00
 2.99358e-07 1.55234e+04 1.47936e-15 +0.00000e+00
 3.72759e-07 1.56689e+04 1.82567e-15 +0.00000e+00
 4.64159e-07 1.58131e+04 2.25343e-15 +0.00000e+00
 5.77969e-07 1.59561e+04 2.78186e-15 +0.00000e+00
 7.19686e-07 1.60988e+04 3.43454e-15 +0.00000e+00
 8.96151e-07 1.62432e+04 4.24024e-15 +0.00000e+00
 1.11588e-06 1.63914e+04 5.23411e-15 +0.00000e+00
 1.38950e-06 1.65466e+04 6.45876e-15 +0.00000e+00
 1.73020e-06 1.67089e+04 7.96723e-15 +0.00000e+00
 2.15443e-06 1.68795e+04 9.82413e-15 +0.00000e+00
 2.68270e-06 1.70583e+04 1.21091e-14 +0.00000e+00
 3.34048e-06 1.72440e+04 1.49212e-14 +0.00000e+00
 4.15956e-06 1.74347e+04 1.83832e-14 +0.00000e+00
 5.17947e-06 1.76300e+04 2.26452e-14 +0.00000e+00
 6.44947e-06 1.78285e+04 2.78933e-14 +0.00000e+00
 8.03086e-06 1.80293e+04 3.43576e-14 +0.00000e+00
 1.00000e-05 1.82316e+04 4.23213e-14 +0.00000e+00
 1.24520e-05 1.84356e+04 5.21319e-14 +0.00000e+00
 1.55052e-05 1.86424e+04 6.42139e-14 +0.00000e+00
 1.93070e-05 1.88540e+04 7.90844e-14 +0.00000e+00
 2.40410e-05 1.90725e+04 9.73724e-14 +0.00000e+00
 2.99358e-05 1.93000e+04 1.19846e-13 +0.00000e+00
 3.72759e-05 1.95372e+04 1.47446e-13 +0.00000e+00
 4.64159e-05 1.97839e+04 1.81333e-13 +0.00000e+00
 5.77969e-05 2.00381e+04 2.22943e-13 +0.00000e+00
 7.19686e-05 2.02966e+04 2.74061e-13 +0.00000e+00
 8.96151e-05 2.05554e+04 3.36908e-13 +0.00000e+00
 1.11588e-04 2.08106e+04 4.14242e-13 +0.00000e+00
 1.38950e-04 2.10582e+04 5.09482e-13 +0.00000e+00
 1.73020e-04 2.12946e+04 6.26873e-13 +0.00000e+00
 2.15443e-04 2.15160e+04 7.71682e-13 +0.00000e+00
 2.68270e-04 2.17183e+04 9.50457e-13 +0.00000e+00
 3.34048e-04 2.18963e+04 1.17138e-12 +0.00000e+00
 4.15956e-04 2.20410e+04 1.44486e-12 +0.00000e+00
 5.17947e-04 2.21338e+04 1.78481e-12 +0.00000e+00
 6.44947e-04 2.21435e+04 2.21051e-12 +0.00000e+00
 8.03086e-04 2.20210e+04 2.75029e-12 +0.00000e+00
 1.00000e-03 2.16617e+04 3.45315e-12 +0.00000e+00
 1.24520e-03 2.08527e+04 4.41905e-12 -2.54205e-07
 1.55052e-03 1.92930e+04 5.85777e-12 -3.16535e-07
 1.93070e-03 1.77841e+04 7.73634e-12 -3.94148e-07
 2.40410e-03 1.69762e+04 9.79533e-12 -4.90793e-07
 2.99358e-03 1.62620e+04 1.22785e-11 -6.11133e-07
 3.72759e-03 1.54042e+04 1.54459e-11 -7.60982e-07
 4.64159e-03 1.45313e+04 1.93065e-11 -9.47572e-07
 5.77969e-03 1.43325e+04 2.29241e-11 -1.17991e-06
 7.19686e-03 1.43475e+04 2.67488e-11 -1.46923e-06
 8.96151e-03 1.43917e+04 3.11105e-11 -1.82947e-06
 1.11588e-02 1.44440e+04 3.61091e-11 -2.27806e-06
 1.38950e-02 1.45078e+04 4.17990e-11 -2.83663e-06
 1.73020e-02 1.45845e+04 4.82508e-11 -3.53216e-06
 2.15443e-02 1.46733e+04 5.55527e-11 -4.39824e-06
 2.68270e-02 1.47769e+04 6.37900e-11 -5.47668e-06
 3.34048e-02 1.48988e+04 7.30529e-11 -6.81955e-06
 4.15956e-02 1.50406e+04 8.34527e-11 -8.49167e-06
 5.17947e-02 1.52034e+04 9.51206e-11 -1.05738e-05
 6.44947e-02 1.53895e+04 1.08198e-10 -1.31664e-05
 8.03086e-02 1.56043e+04 1.22826e-10 -1.63948e-05
 1.00000e-01 1.58541e+04 1.39165e-10 -2.04148e-05
 1.24520e-01 1.61432e+04 1.57426e-10 -2.54205e-05
 1.55052e-01 1.64740e+04 1.77883e-10 -3.16535e-05
 1.93070e-01 1.68463e+04 2.00889e-10 -3.94148e-05
 2.40410e-01 1.72541e+04 2.26916e-10 -4.90793e-05
 2.99358e-01 1.76801e+04 2.56619e-10 -6.11133e-05
 3.72759e-01 1.81198e+04 2.90530e-10 -7.60982e-05
 4.64159e-01 1.85723e+04 3.29182e-10 -9.47572e-05
 5.77969e-01 1.90443e+04 3.73051e-10 -1.17991e-04
 7.19686e-01 1.95397e+04 4.22740e-10 -1.46923e-04
 8.96151e-01 2.00677e+04 4.78834e-10 -1.82947e-04
 1.11588e+00 2.06376e+04 5.42015e-10 -2.27806e-04
 1.38950e+00 2.12605e+04 6.13057e-10 -2.83663e-04
 1.73020e+00 2.19286e+04 6.93354e-10 -3.53216e-04
 2.15443e+00 2.26262e+04 7.84629e-10 -4.39824e-04
 2.68270e+00 2.33686e+04 8.87828e-10 -5.47668e-04
 3.34048e+00 2.41607e+04 1.00449e-09 -6.12445e-04
 4.15956e+00 2.49633e+04 1.13777e-09 -6.12445e-04
 5.17947e+00 2.58710e+04 1.28601e-09 -6.12445e-04
 6.44947e+00 2.67831e+04 1.45609e-09 -6.12445e-04
 8.03086e+00 2.77771e+04 1.64675e-09 -6.12445e-04
 1.00000e+01 2.88233e+04 1.86245e-09 -6.12445e-04
 1.24520e+01 3.00328e+04 2.10065e-09 -6.12445e-04
 1.55052e+01 3.11667e+04 2.37912e-09 -6.12445e-04
 1.93070e+01 3.27826e+04 2.66459e-09 -6.12445e-04
 2.40410e+01 3.39873e+04 3.02633e-09 -6.12445e-04
 2.99358e+01 3.60865e+04 3.35678e-09 -6.12445e-04
 3.72759e+01 3.75879e+04 3.79760e-09 -6.12445e-04
 4.64159e+01 3.98985e+04 4.20676e-09 -6.12445e-04
 5.77969e+01 4.20013e+04 4.71968e-09 -6.12445e-04
 7.19686e+01 4.40716e+04 5.32130e-09 -6.12445e-04
 8.96151e+01 4.67677e+04 5.95632e-09 -6.12445e-04
 1.11588e+02 4.83427e+04 6.83410e-09 -6.12445e-04
 1.38950e+02 5.14244e+04 7.63588e-09 -6.12445e-04
 1.73020e+02 5.26320e+04 8.82529e-09 -6.12444e-04
 2.15443e+02 5.58885e+04 9.84425e-09 -6.12444e-04
 2.68270e+02 5.69313e+04 1.13837e-08 -6.12437e-04
 3.34048e+02 6.01398e+04 1.26975e-08 -6.12432e-04
 4.15956e+02 6.12528e+04 1.46216e-08 -6.12317e-04
 5.17947e+02 6.41460e+04 1.63579e-08 -6.12153e-04
 6.44947e+02 6.56112e+04 1.86855e-08 -6.10555e-04
 8.03086e+02 6.79401e+04 2.10369e-08 -6.05881e-04
 1.00000e+03 6.99672e+04 2.37924e-08 -5.84628e-04
