#n1=128 n2=4 Teff=19500 R=3.8951e+11 L=1.5615e+37 logg=+4.00
#      tau          T          rho         Fconv
  0.00000e+00  1.27105e+04  5.79215e-22 +0.00000e+00
  1.00000e-09  1.27105e+04  1.86412e-17 +0.00000e+00
  1.24520e-09  1.27243e+04  2.32054e-17 +0.00000e+00
  1.55052e-09  1.27401e+04  2.88798e-17 +0.00000e+00
  1.93070e-09  1.27588e+04  3.59310e-17 +0.00000e+00
  2.40410e-09  1.27809e+04  4.46888e-17 +0.00000e+00
  2.99358e-09  1.28071e+04  5.55606e-17 +0.00000e+00
  3.72759e-09  1.28381e+04  6.90488e-17 +0.00000e+00
  4.64159e-09  1.28744e+04  8.57722e-17 +0.00000e+00
  5.77969e-09  1.29170e+04  1.06492e-16 +0.00000e+00
  7.19686e-09  1.29664e+04  1.32145e-16 +0.00000e+00
  8.96151e-09  1.30235e+04  1.63879e-16 +0.00000e+00
  1.11588e-08  1.30890e+04  2.03104e-16 +0.00000e+00
  1.38950e-08  1.31634e+04  2.51548e-16 +0.00000e+00
  1.73020e-08  1.32474e+04  3.11325e-16 +0.00000e+00
  2.15443e-08  1.33414e+04  3.85030e-16 +0.00000e+00
  2.68270e-08  1.34455e+04  4.75844e-16 +0.00000e+00
  3.34048e-08  1.35596e+04  5.87669e-16 +0.00000e+00
  4.15956e-08  1.36833e+04  7.25311e-16 +0.00000e+00
  5.17947e-08  1.38156e+04  8.94701e-16 +0.00000e+00
  6.44947e-08  1.39552e+04  1.10317e-15 +0.00000e+00
  8.03086e-08  1.41002e+04  1.35982e-15 +0.00000e+00
  1.00000e-07  1.42488e+04  1.67593e-15 +0.00000e+00
  1.24520e-07  1.43993e+04  2.06547e-15 +0.00000e+00
  1.55052e-07  1.45504e+04  2.54572e-15 +0.00000e+00
  1.93070e-07  1.47011e+04  3.13805e-15 +0.00000e+00
  2.40410e-07  1.48508e+04  3.86887e-15 +0.00000e+00
  2.99358e-07  1.49986e+04  4.77099e-15 +0.00000e+00
  3.72759e-07  1.51434e+04  5.88519e-15 +0.00000e+00
  4.64159e-07  1.52842e+04  7.26213e-15 +0.00000e+00
  5.77969e-07  1.54210e+04  8.96436e-15 +0.00000e+00
  7.19686e-07  1.55550e+04  1.10684e-14 +0.00000e+00
  8.96151e-07  1.56887e+04  1.36676e-14 +0.00000e+00
  1.11588e-06  1.58253e+04  1.68752e-14 +0.00000e+00
  1.38950e-06  1.59677e+04  2.08294e-14 +0.00000e+00
  1.73020e-06  1.61177e+04  2.57000e-14 +0.00000e+00
  2.15443e-06  1.62759e+04  3.16960e-14 +0.00000e+00
  2.68270e-06  1.64428e+04  3.90737e-14 +0.00000e+00
  3.34048e-06  1.66169e+04  4.81519e-14 +0.00000e+00
  4.15956e-06  1.67966e+04  5.93249e-14 +0.00000e+00
  5.17947e-06  1.69817e+04  7.30745e-14 +0.00000e+00
  6.44947e-06  1.71709e+04  8.99972e-14 +0.00000e+00
  8.03086e-06  1.73631e+04  1.10830e-13 +0.00000e+00
  1.00000e-05  1.75574e+04  1.36481e-13 +0.00000e+00
  1.24520e-05  1.77537e+04  1.68062e-13 +0.00000e+00
  1.55052e-05  1.79529e+04  2.06928e-13 +0.00000e+00
  1.93070e-05  1.81569e+04  2.54726e-13 +0.00000e+00
  2.40410e-05  1.83677e+04  3.13452e-13 +0.00000e+00
  2.99358e-05  1.85873e+04  3.85535e-13 +0.00000e+00
  3.72759e-05  1.88163e+04  4.73933e-13 +0.00000e+00
  4.64159e-05  1.90544e+04  5.82270e-13 +0.00000e+00
  5.77969e-05  1.92999e+04  7.14992e-13 +0.00000e+00
  7.19686e-05  1.95495e+04  8.77574e-13 +0.00000e+00
  8.96151e-05  1.97994e+04  1.07673e-12 +0.00000e+00
  1.11588e-04  2.00459e+04  1.32067e-12 +0.00000e+00
  1.38950e-04  2.02851e+04  1.61938e-12 +0.00000e+00
  1.73020e-04  2.05134e+04  1.98494e-12 +0.00000e+00
  2.15443e-04  2.07273e+04  2.43201e-12 +0.00000e+00
  2.68270e-04  2.09226e+04  2.97841e-12 +0.00000e+00
  3.34048e-04  2.10946e+04  3.64604e-12 +0.00000e+00
  4.15956e-04  2.12345e+04  4.46256e-12 +0.00000e+00
  5.17947e-04  2.13244e+04  5.46489e-12 +0.00000e+00
  6.44947e-04  2.13341e+04  6.70322e-12 +0.00000e+00
  8.03086e-04  2.12164e+04  8.25109e-12 +0.00000e+00
  1.00000e-03  2.08706e+04  1.02349e-11 +0.00000e+00
  1.24520e-03  2.00920e+04  1.29102e-11 -2.54818e-07
  1.55052e-03  1.85908e+04  1.67905e-11 -3.17298e-07
  1.93070e-03  1.71391e+04  2.16066e-11 -3.95099e-07
  2.40410e-03  1.63623e+04  2.65304e-11 -4.91976e-07
  2.99358e-03  1.56744e+04  3.21789e-11 -6.12607e-07
  3.72759e-03  1.48451e+04  3.91529e-11 -7.62817e-07
  4.64159e-03  1.39910e+04  4.73227e-11 -9.49857e-07
  5.77969e-03  1.37986e+04  5.44900e-11 -1.18276e-06
  7.19686e-03  1.38158e+04  6.17501e-11 -1.47277e-06
  8.96151e-03  1.38600e+04  6.98480e-11 -1.83388e-06
  1.11588e-02  1.39113e+04  7.89830e-11 -2.28356e-06
  1.38950e-02  1.39735e+04  8.92710e-11 -2.84347e-06
  1.73020e-02  1.40480e+04  1.00852e-10 -3.54068e-06
  2.15443e-02  1.41343e+04  1.13888e-10 -4.40885e-06
  2.68270e-02  1.42352e+04  1.28525e-10 -5.48988e-06
  3.34048e-02  1.43542e+04  1.44911e-10 -6.83599e-06
  4.15956e-02  1.44931e+04  1.63238e-10 -8.51215e-06
  5.17947e-02  1.46531e+04  1.83725e-10 -1.05993e-05
  6.44947e-02  1.48365e+04  2.06607e-10 -1.31982e-05
  8.03086e-02  1.50489e+04  2.32102e-10 -1.64344e-05
  1.00000e-01  1.52963e+04  2.60456e-10 -2.04641e-05
  1.24520e-01  1.55835e+04  2.92001e-10 -2.54818e-05
  1.55052e-01  1.59128e+04  3.27201e-10 -3.17298e-05
  1.93070e-01  1.62840e+04  3.66685e-10 -3.95099e-05
  2.40410e-01  1.66911e+04  4.11330e-10 -4.91976e-05
  2.99358e-01  1.71168e+04  4.62375e-10 -6.12607e-05
  3.72759e-01  1.75559e+04  5.20794e-10 -7.62817e-05
  4.64159e-01  1.80062e+04  5.87555e-10 -9.49857e-05
  5.77969e-01  1.84729e+04  6.63505e-10 -1.18276e-04
  7.19686e-01  1.89587e+04  7.49721e-10 -1.47277e-04
  8.96151e-01  1.94712e+04  8.47237e-10 -1.83388e-04
  1.11588e+00  2.00193e+04  9.57232e-10 -2.28356e-04
  1.38950e+00  2.06139e+04  1.08103e-09 -2.84347e-04
  1.73020e+00  2.12478e+04  1.22104e-09 -3.54068e-04
  2.15443e+00  2.19066e+04  1.38018e-09 -4.40885e-04
  2.68270e+00  2.26070e+04  1.55992e-09 -5.48988e-04
  3.34048e+00  2.33558e+04  1.76282e-09 -6.13922e-04
  4.15956e+00  2.41147e+04  1.99438e-09 -6.13922e-04
  5.17947e+00  2.49799e+04  2.25134e-09 -6.13922e-04
  6.44947e+00  2.58466e+04  2.54639e-09 -6.13922e-04
  8.03086e+00  2.67906e+04  2.87720e-09 -6.13922e-04
  1.00000e+01  2.77817e+04  3.25175e-09 -6.13922e-04
  1.24520e+01  2.89256e+04  3.66611e-09 -6.13922e-04
  1.55052e+01  2.99816e+04  4.15242e-09 -6.13922e-04
  1.93070e+01  3.15152e+04  4.65221e-09 -6.13922e-04
  2.40410e+01  3.25934e+04  5.29455e-09 -6.13922e-04
  2.99358e+01  3.46130e+04  5.88556e-09 -6.13922e-04
  3.72759e+01  3.59378e+04  6.69208e-09 -6.13922e-04
  4.64159e+01  3.81829e+04  7.42653e-09 -6.13921e-04
  5.77969e+01  4.01697e+04  8.33440e-09 -6.13917e-04
  7.19686e+01  4.21836e+04  9.36323e-09 -6.13912e-04
  8.96151e+01  4.48932e+04  1.04113e-08 -6.13917e-04
  1.11588e+02  4.63700e+04  1.19388e-08 -6.13907e-04
  1.38950e+02  4.95268e+04  1.32672e-08 -6.13916e-04
  1.73020e+02  5.05721e+04  1.53664e-08 -6.13878e-04
  2.15443e+02  5.39230e+04  1.70729e-08 -6.13891e-04
  2.68270e+02  5.47824e+04  1.97928e-08 -6.13598e-04
  3.34048e+02  5.81057e+04  2.19977e-08 -6.13548e-04
  4.15956e+02  5.90619e+04  2.53819e-08 -6.10463e-04
  5.17947e+02  6.20602e+04  2.83109e-08 -6.07476e-04
  6.44947e+02  6.34424e+04  3.23658e-08 -5.73924e-04
  8.03086e+02  6.58038e+04  3.63919e-08 -4.91791e-04
  1.00000e+03  6.78288e+04  4.11395e-08 -1.57718e-04
