#n1=128 n2=4 Teff=19500 R=2.1896e+11 L=4.9380e+36 logg=+4.50
#   tau          T          rho         Fconv
 0.00000e+00 1.36955e+04 5.25650e-22 +0.00000e+00
 1.00000e-09 1.36955e+04 5.29861e-17 +0.00000e+00
 1.24520e-09 1.36945e+04 6.59957e-17 +0.00000e+00
 1.55052e-09 1.36929e+04 8.22016e-17 +0.00000e+00
 1.93070e-09 1.36907e+04 1.02390e-16 +0.00000e+00
 2.40410e-09 1.36879e+04 1.27543e-16 +0.00000e+00
 2.99358e-09 1.36841e+04 1.58884e-16 +0.00000e+00
 3.72759e-09 1.36794e+04 1.97939e-16 +0.00000e+00
 4.64159e-09 1.36735e+04 2.46613e-16 +0.00000e+00
 5.77969e-09 1.36664e+04 3.07284e-16 +0.00000e+00
 7.19686e-09 1.36580e+04 3.82915e-16 +0.00000e+00
 8.96151e-09 1.36484e+04 4.77203e-16 +0.00000e+00
 1.11588e-08 1.36377e+04 5.94753e-16 +0.00000e+00
 1.38950e-08 1.36264e+04 7.41294e-16 +0.00000e+00
 1.73020e-08 1.36150e+04 9.23943e-16 +0.00000e+00
 2.15443e-08 1.36043e+04 1.15153e-15 +0.00000e+00
 2.68270e-08 1.35953e+04 1.43502e-15 +0.00000e+00
 3.34048e-08 1.35887e+04 1.78796e-15 +0.00000e+00
 4.15956e-08 1.35853e+04 2.22717e-15 +0.00000e+00
 5.17947e-08 1.35859e+04 2.77348e-15 +0.00000e+00
 6.44947e-08 1.35909e+04 3.45266e-15 +0.00000e+00
 8.03086e-08 1.36006e+04 4.29665e-15 +0.00000e+00
 1.00000e-07 1.36155e+04 5.34494e-15 +0.00000e+00
 1.24520e-07 1.36357e+04 6.64634e-15 +0.00000e+00
 1.55052e-07 1.36617e+04 8.26114e-15 +0.00000e+00
 1.93070e-07 1.36938e+04 1.02637e-14 +0.00000e+00
 2.40410e-07 1.37325e+04 1.27456e-14 +0.00000e+00
 2.99358e-07 1.37782e+04 1.58195e-14 +0.00000e+00
 3.72759e-07 1.38317e+04 1.96241e-14 +0.00000e+00
 4.64159e-07 1.38934e+04 2.43293e-14 +0.00000e+00
 5.77969e-07 1.39641e+04 3.01435e-14 +0.00000e+00
 7.19686e-07 1.40446e+04 3.73218e-14 +0.00000e+00
 8.96151e-07 1.41355e+04 4.61761e-14 +0.00000e+00
 1.11588e-06 1.42376e+04 5.70875e-14 +0.00000e+00
 1.38950e-06 1.43515e+04 7.05213e-14 +0.00000e+00
 1.73020e-06 1.44777e+04 8.70461e-14 +0.00000e+00
 2.15443e-06 1.46160e+04 1.07358e-13 +0.00000e+00
 2.68270e-06 1.47659e+04 1.32310e-13 +0.00000e+00
 3.34048e-06 1.49262e+04 1.62957e-13 +0.00000e+00
 4.15956e-06 1.50947e+04 2.00600e-13 +0.00000e+00
 5.17947e-06 1.52685e+04 2.46858e-13 +0.00000e+00
 6.44947e-06 1.54444e+04 3.03740e-13 +0.00000e+00
 8.03086e-06 1.56197e+04 3.73726e-13 +0.00000e+00
 1.00000e-05 1.57931e+04 4.59840e-13 +0.00000e+00
 1.24520e-05 1.59654e+04 5.65723e-13 +0.00000e+00
 1.55052e-05 1.61395e+04 6.95710e-13 +0.00000e+00
 1.93070e-05 1.63189e+04 8.54933e-13 +0.00000e+00
 2.40410e-05 1.65068e+04 1.04948e-12 +0.00000e+00
 2.99358e-05 1.67053e+04 1.28656e-12 +0.00000e+00
 3.72759e-05 1.69150e+04 1.57475e-12 +0.00000e+00
 4.64159e-05 1.71354e+04 1.92417e-12 +0.00000e+00
 5.77969e-05 1.73651e+04 2.34681e-12 +0.00000e+00
 7.19686e-05 1.76010e+04 2.85694e-12 +0.00000e+00
 8.96151e-05 1.78396e+04 3.47165e-12 +0.00000e+00
 1.11588e-04 1.80758e+04 4.21153e-12 +0.00000e+00
 1.38950e-04 1.83050e+04 5.10129e-12 +0.00000e+00
 1.73020e-04 1.85233e+04 6.17036e-12 +0.00000e+00
 2.15443e-04 1.87267e+04 7.45406e-12 +0.00000e+00
 2.68270e-04 1.89108e+04 8.99470e-12 +0.00000e+00
 3.34048e-04 1.90706e+04 1.08430e-11 +0.00000e+00
 4.15956e-04 1.91979e+04 1.30607e-11 +0.00000e+00
 5.17947e-04 1.92765e+04 1.57298e-11 +0.00000e+00
 6.44947e-04 1.92785e+04 1.89515e-11 +0.00000e+00
 8.03086e-04 1.91575e+04 2.28834e-11 +0.00000e+00
 1.00000e-03 1.88151e+04 2.77981e-11 +0.00000e+00
 1.24520e-03 1.80546e+04 3.42633e-11 -2.54632e-07
 1.55052e-03 1.67077e+04 4.31875e-11 -3.17067e-07
 1.93070e-03 1.54651e+04 5.36417e-11 -3.94811e-07
 2.40410e-03 1.46376e+04 6.44409e-11 -4.91618e-07
 2.99358e-03 1.39449e+04 7.62061e-11 -6.12161e-07
 3.72759e-03 1.33665e+04 8.86576e-11 -7.62261e-07
 4.64159e-03 1.30059e+04 1.00770e-10 -9.49165e-07
 5.77969e-03 1.28932e+04 1.12224e-10 -1.18190e-06
 7.19686e-03 1.28937e+04 1.24134e-10 -1.47170e-06
 8.96151e-03 1.29305e+04 1.37359e-10 -1.83255e-06
 1.11588e-02 1.29834e+04 1.52308e-10 -2.28189e-06
 1.38950e-02 1.30485e+04 1.69237e-10 -2.84140e-06
 1.73020e-02 1.31243e+04 1.88403e-10 -3.53810e-06
 2.15443e-02 1.32102e+04 2.10079e-10 -4.40564e-06
 2.68270e-02 1.33069e+04 2.34552e-10 -5.48588e-06
 3.34048e-02 1.34159e+04 2.62132e-10 -6.83101e-06
 4.15956e-02 1.35387e+04 2.93163e-10 -8.50595e-06
 5.17947e-02 1.36776e+04 3.28023e-10 -1.05916e-05
 6.44947e-02 1.38352e+04 3.67122e-10 -1.31886e-05
 8.03086e-02 1.40154e+04 4.10892e-10 -1.64224e-05
 1.00000e-01 1.42233e+04 4.59783e-10 -2.04492e-05
 1.24520e-01 1.44642e+04 5.14285e-10 -2.54632e-05
 1.55052e-01 1.47431e+04 5.74944e-10 -3.17067e-05
 1.93070e-01 1.50644e+04 6.42403e-10 -3.94811e-05
 2.40410e-01 1.54287e+04 7.17574e-10 -4.91618e-05
 2.99358e-01 1.58275e+04 8.01997e-10 -6.12161e-05
 3.72759e-01 1.62547e+04 8.97389e-10 -7.62264e-05
 4.64159e-01 1.67042e+04 1.00579e-09 -9.49169e-05
 5.77969e-01 1.71754e+04 1.12916e-09 -1.18190e-04
 7.19686e-01 1.76674e+04 1.26977e-09 -1.47170e-04
 8.96151e-01 1.81838e+04 1.42977e-09 -1.83255e-04
 1.11588e+00 1.87306e+04 1.61141e-09 -2.28189e-04
 1.38950e+00 1.93161e+04 1.81714e-09 -2.84140e-04
 1.73020e+00 1.99332e+04 2.05109e-09 -3.53810e-04
 2.15443e+00 2.05686e+04 2.31819e-09 -4.40564e-04
 2.68270e+00 2.12375e+04 2.62087e-09 -5.48588e-04
 3.34048e+00 2.19475e+04 2.96328e-09 -6.13475e-04
 4.15956e+00 2.26631e+04 3.35460e-09 -6.13475e-04
 5.17947e+00 2.34770e+04 3.78901e-09 -6.13475e-04
 6.44947e+00 2.42888e+04 4.28828e-09 -6.13475e-04
 8.03086e+00 2.51719e+04 4.84810e-09 -6.13475e-04
 1.00000e+01 2.60933e+04 5.48284e-09 -6.13475e-04
 1.24520e+01 2.71597e+04 6.18492e-09 -6.13475e-04
 1.55052e+01 2.81148e+04 7.01324e-09 -6.13475e-04
 1.93070e+01 2.95471e+04 7.86072e-09 -6.13475e-04
 2.40410e+01 3.04649e+04 8.96893e-09 -6.13475e-04
 2.99358e+01 3.23510e+04 9.97848e-09 -6.13475e-04
 3.72759e+01 3.34542e+04 1.13973e-08 -6.13474e-04
 4.64159e+01 3.55253e+04 1.26964e-08 -6.13470e-04
 5.77969e+01 3.73337e+04 1.43254e-08 -6.13444e-04
 7.19686e+01 3.91738e+04 1.61559e-08 -6.13275e-04
 8.96151e+01 4.18913e+04 1.78938e-08 -6.12886e-04
 1.11588e+02 4.32322e+04 2.05324e-08 -6.10381e-04
 1.38950e+02 4.65080e+04 2.25930e-08 -6.12111e-04
 1.73020e+02 4.73558e+04 2.62626e-08 -6.03118e-04
 2.15443e+02 5.08009e+04 2.89859e-08 -6.09989e-04
 2.68270e+02 5.13795e+04 3.37741e-08 -5.75563e-04
 3.34048e+02 5.47508e+04 3.73608e-08 -5.89343e-04
 4.15956e+02 5.54162e+04 4.32850e-08 -3.93437e-04
 5.17947e+02 5.84130e+04 4.81035e-08 -3.30727e-04
 6.44947e+02 5.95880e+04 5.50880e-08 +8.24035e-04
 8.03086e+02 6.18964e+04 6.18226e-08 +2.48268e-03
 1.00000e+03 6.38478e+04 6.98481e-08 +6.70002e-03
