#n1=128 n2=4 Teff=19000 R=3.7944e+11 L=1.3359e+37 logg=+4.00
#   tau          T          rho         Fconv
 0.00000e+00 1.45811e+04 4.94092e-22 +0.00000e+00
 1.00000e-09 1.45811e+04 1.55891e-17 +0.00000e+00
 1.24520e-09 1.45750e+04 1.94253e-17 +0.00000e+00
 1.55052e-09 1.45706e+04 2.42024e-17 +0.00000e+00
 1.93070e-09 1.45674e+04 3.01514e-17 +0.00000e+00
 2.40410e-09 1.45652e+04 3.75601e-17 +0.00000e+00
 2.99358e-09 1.45637e+04 4.67868e-17 +0.00000e+00
 3.72759e-09 1.45628e+04 5.82776e-17 +0.00000e+00
 4.64159e-09 1.45622e+04 7.25885e-17 +0.00000e+00
 5.77969e-09 1.45619e+04 9.04119e-17 +0.00000e+00
 7.19686e-09 1.45618e+04 1.12610e-16 +0.00000e+00
 8.96151e-09 1.45618e+04 1.40258e-16 +0.00000e+00
 1.11588e-08 1.45618e+04 1.74695e-16 +0.00000e+00
 1.38950e-08 1.45617e+04 2.17589e-16 +0.00000e+00
 1.73020e-08 1.45614e+04 2.71020e-16 +0.00000e+00
 2.15443e-08 1.45609e+04 3.37579e-16 +0.00000e+00
 2.68270e-08 1.45600e+04 4.20501e-16 +0.00000e+00
 3.34048e-08 1.45586e+04 5.23815e-16 +0.00000e+00
 4.15956e-08 1.45565e+04 6.52551e-16 +0.00000e+00
 5.17947e-08 1.45537e+04 8.12986e-16 +0.00000e+00
 6.44947e-08 1.45499e+04 1.01296e-15 +0.00000e+00
 8.03086e-08 1.45450e+04 1.26225e-15 +0.00000e+00
 1.00000e-07 1.45387e+04 1.57310e-15 +0.00000e+00
 1.24520e-07 1.45307e+04 1.96079e-15 +0.00000e+00
 1.55052e-07 1.45210e+04 2.44444e-15 +0.00000e+00
 1.93070e-07 1.45092e+04 3.04799e-15 +0.00000e+00
 2.40410e-07 1.44952e+04 3.80135e-15 +0.00000e+00
 2.99358e-07 1.44791e+04 4.74200e-15 +0.00000e+00
 3.72759e-07 1.44611e+04 5.91684e-15 +0.00000e+00
 4.64159e-07 1.44414e+04 7.38456e-15 +0.00000e+00
 5.77969e-07 1.44225e+04 9.21749e-15 +0.00000e+00
 7.19686e-07 1.44019e+04 1.15088e-14 +0.00000e+00
 8.96151e-07 1.43822e+04 1.43714e-14 +0.00000e+00
 1.11588e-06 1.43643e+04 1.79474e-14 +0.00000e+00
 1.38950e-06 1.43492e+04 2.24135e-14 +0.00000e+00
 1.73020e-06 1.43376e+04 2.79891e-14 +0.00000e+00
 2.15443e-06 1.43299e+04 3.49464e-14 +0.00000e+00
 2.68270e-06 1.43265e+04 4.36215e-14 +0.00000e+00
 3.34048e-06 1.43272e+04 5.44322e-14 +0.00000e+00
 4.15956e-06 1.43322e+04 6.78943e-14 +0.00000e+00
 5.17947e-06 1.43417e+04 8.46467e-14 +0.00000e+00
 6.44947e-06 1.43565e+04 1.05475e-13 +0.00000e+00
 8.03086e-06 1.43753e+04 1.31366e-13 +0.00000e+00
 1.00000e-05 1.43991e+04 1.63522e-13 +0.00000e+00
 1.24520e-05 1.44284e+04 2.03425e-13 +0.00000e+00
 1.55052e-05 1.44641e+04 2.52894e-13 +0.00000e+00
 1.93070e-05 1.45059e+04 3.14175e-13 +0.00000e+00
 2.40410e-05 1.45553e+04 3.89986e-13 +0.00000e+00
 2.99358e-05 1.46122e+04 4.83653e-13 +0.00000e+00
 3.72759e-05 1.46774e+04 5.99172e-13 +0.00000e+00
 4.64159e-05 1.47513e+04 7.41310e-13 +0.00000e+00
 5.77969e-05 1.48335e+04 9.15717e-13 +0.00000e+00
 7.19686e-05 1.49216e+04 1.12909e-12 +0.00000e+00
 8.96151e-05 1.50138e+04 1.38937e-12 +0.00000e+00
 1.11588e-04 1.51041e+04 1.70643e-12 +0.00000e+00
 1.38950e-04 1.51854e+04 2.09258e-12 +0.00000e+00
 1.73020e-04 1.52449e+04 2.56409e-12 +0.00000e+00
 2.15443e-04 1.52636e+04 3.14339e-12 +0.00000e+00
 2.68270e-04 1.52138e+04 3.86244e-12 +0.00000e+00
 3.34048e-04 1.50555e+04 4.76990e-12 +0.00000e+00
 4.15956e-04 1.47307e+04 5.94501e-12 +0.00000e+00
 5.17947e-04 1.41169e+04 7.54890e-12 +0.00000e+00
 6.44947e-04 1.22932e+04 1.04600e-11 +0.00000e+00
 8.03086e-04 1.14022e+04 1.31981e-11 +0.00000e+00
 1.00000e-03 1.11869e+04 1.55743e-11 +0.00000e+00
 1.24520e-03 1.10903e+04 1.81205e-11 -2.54755e-07
 1.55052e-03 1.10324e+04 2.09597e-11 -3.17220e-07
 1.93070e-03 1.10111e+04 2.41222e-11 -3.95002e-07
 2.40410e-03 1.10250e+04 2.76420e-11 -4.91855e-07
 2.99358e-03 1.10537e+04 3.16106e-11 -6.12458e-07
 3.72759e-03 1.10825e+04 3.61180e-11 -7.62629e-07
 4.64159e-03 1.11300e+04 4.11663e-11 -9.49625e-07
 5.77969e-03 1.11823e+04 4.68738e-11 -1.18247e-06
 7.19686e-03 1.12564e+04 5.32484e-11 -1.47241e-06
 8.96151e-03 1.13287e+04 6.04815e-11 -1.83344e-06
 1.11588e-02 1.14272e+04 6.85333e-11 -2.28300e-06
 1.38950e-02 1.15191e+04 7.76994e-11 -2.84278e-06
 1.73020e-02 1.16390e+04 8.78851e-11 -3.53981e-06
 2.15443e-02 1.17729e+04 9.93393e-11 -4.40777e-06
 2.68270e-02 1.19260e+04 1.12186e-10 -5.48853e-06
 3.34048e-02 1.21073e+04 1.26539e-10 -6.83431e-06
 4.15956e-02 1.23090e+04 1.42701e-10 -8.51007e-06
 5.17947e-02 1.25316e+04 1.60918e-10 -1.05967e-05
 6.44947e-02 1.27760e+04 1.81463e-10 -1.31950e-05
 8.03086e-02 1.30430e+04 2.04640e-10 -1.64304e-05
 1.00000e-01 1.33337e+04 2.30781e-10 -2.04591e-05
 1.24520e-01 1.36491e+04 2.60242e-10 -2.54755e-05
 1.55052e-01 1.39904e+04 2.93396e-10 -3.17220e-05
 1.93070e-01 1.43591e+04 3.30639e-10 -3.95002e-05
 2.40410e-01 1.47565e+04 3.72407e-10 -4.91855e-05
 2.99358e-01 1.51839e+04 4.19239e-10 -6.12456e-05
 3.72759e-01 1.56420e+04 4.71863e-10 -7.62626e-05
 4.64159e-01 1.61296e+04 5.31312e-10 -9.49630e-05
 5.77969e-01 1.66440e+04 5.98895e-10 -1.18247e-04
 7.19686e-01 1.71815e+04 6.76101e-10 -1.47241e-04
 8.96151e-01 1.77380e+04 7.64509e-10 -1.83344e-04
 1.11588e+00 1.83111e+04 8.65695e-10 -2.28300e-04
 1.38950e+00 1.89002e+04 9.81273e-10 -2.84278e-04
 1.73020e+00 1.95068e+04 1.11294e-09 -3.53981e-04
 2.15443e+00 2.01341e+04 1.26255e-09 -4.40777e-04
 2.68270e+00 2.07836e+04 1.43230e-09 -5.48853e-04
 3.34048e+00 2.14571e+04 1.62468e-09 -6.13771e-04
 4.15956e+00 2.21585e+04 1.84234e-09 -6.13771e-04
 5.17947e+00 2.29033e+04 2.08760e-09 -6.13771e-04
 6.44947e+00 2.36664e+04 2.36621e-09 -6.13771e-04
 8.03086e+00 2.45008e+04 2.67783e-09 -6.13771e-04
 1.00000e+01 2.53734e+04 3.03079e-09 -6.13771e-04
 1.24520e+01 2.63218e+04 3.42689e-09 -6.13771e-04
 1.55052e+01 2.72884e+04 3.87833e-09 -6.13771e-04
 1.93070e+01 2.85165e+04 4.36519e-09 -6.13771e-04
 2.40410e+01 2.94148e+04 4.97165e-09 -6.13771e-04
 2.99358e+01 3.11917e+04 5.53759e-09 -6.13771e-04
 3.72759e+01 3.19542e+04 6.36679e-09 -6.13771e-04
 4.64159e+01 3.42190e+04 7.02869e-09 -6.13770e-04
 5.77969e+01 3.54627e+04 8.02329e-09 -6.13766e-04
 7.19686e+01 3.74274e+04 8.97315e-09 -6.13737e-04
 8.96151e+01 4.00546e+04 9.92844e-09 -6.13649e-04
 1.11588e+02 4.12211e+04 1.14203e-08 -6.13016e-04
 1.38950e+02 4.49822e+04 1.24033e-08 -6.13599e-04
 1.73020e+02 4.56911e+04 1.44979e-08 -6.12211e-04
 2.15443e+02 4.94818e+04 1.59107e-08 -6.13477e-04
 2.68270e+02 5.00938e+04 1.85962e-08 -6.10421e-04
 3.34048e+02 5.34324e+04 2.06147e-08 -6.11573e-04
 4.15956e+02 5.42680e+04 2.38801e-08 -5.94539e-04
 5.17947e+02 5.70500e+04 2.66749e-08 -5.82947e-04
 6.44947e+02 5.83908e+04 3.05227e-08 -4.48257e-04
 8.03086e+02 6.05333e+04 3.43849e-08 -1.42673e-04
 1.00000e+03 6.25117e+04 3.88592e-08 +8.41911e-04
