#n1=128 n2=4 Teff=19500 R=2.1897e+11 L=4.9380e+36 logg=+4.50
#      tau          T          rho         Fconv
  0.00000e+00  1.25774e+04  5.85380e-22 +0.00000e+00
  1.00000e-09  1.25774e+04  6.03075e-17 +0.00000e+00
  1.24520e-09  1.25894e+04  7.50488e-17 +0.00000e+00
  1.55052e-09  1.26041e+04  9.33704e-17 +0.00000e+00
  1.93070e-09  1.26224e+04  1.16129e-16 +0.00000e+00
  2.40410e-09  1.26448e+04  1.44384e-16 +0.00000e+00
  2.99358e-09  1.26719e+04  1.79446e-16 +0.00000e+00
  3.72759e-09  1.27042e+04  2.22929e-16 +0.00000e+00
  4.64159e-09  1.27421e+04  2.76822e-16 +0.00000e+00
  5.77969e-09  1.27862e+04  3.43577e-16 +0.00000e+00
  7.19686e-09  1.28370e+04  4.26208e-16 +0.00000e+00
  8.96151e-09  1.28950e+04  5.28419e-16 +0.00000e+00
  1.11588e-08  1.29608e+04  6.54755e-16 +0.00000e+00
  1.38950e-08  1.30349e+04  8.10791e-16 +0.00000e+00
  1.73020e-08  1.31178e+04  1.00336e-15 +0.00000e+00
  2.15443e-08  1.32099e+04  1.24084e-15 +0.00000e+00
  2.68270e-08  1.33116e+04  1.53347e-15 +0.00000e+00
  3.34048e-08  1.34230e+04  1.89385e-15 +0.00000e+00
  4.15956e-08  1.35438e+04  2.33744e-15 +0.00000e+00
  5.17947e-08  1.36733e+04  2.88330e-15 +0.00000e+00
  6.44947e-08  1.38103e+04  3.55499e-15 +0.00000e+00
  8.03086e-08  1.39530e+04  4.38176e-15 +0.00000e+00
  1.00000e-07  1.40994e+04  5.39996e-15 +0.00000e+00
  1.24520e-07  1.42472e+04  6.65481e-15 +0.00000e+00
  1.55052e-07  1.43944e+04  8.20246e-15 +0.00000e+00
  1.93070e-07  1.45397e+04  1.01123e-14 +0.00000e+00
  2.40410e-07  1.46827e+04  1.24702e-14 +0.00000e+00
  2.99358e-07  1.48232e+04  1.53818e-14 +0.00000e+00
  3.72759e-07  1.49611e+04  1.89781e-14 +0.00000e+00
  4.64159e-07  1.50963e+04  2.34213e-14 +0.00000e+00
  5.77969e-07  1.52289e+04  2.89119e-14 +0.00000e+00
  7.19686e-07  1.53600e+04  3.56956e-14 +0.00000e+00
  8.96151e-07  1.54918e+04  4.40717e-14 +0.00000e+00
  1.11588e-06  1.56270e+04  5.44046e-14 +0.00000e+00
  1.38950e-06  1.57683e+04  6.71377e-14 +0.00000e+00
  1.73020e-06  1.59173e+04  8.28156e-14 +0.00000e+00
  2.15443e-06  1.60746e+04  1.02108e-13 +0.00000e+00
  2.68270e-06  1.62406e+04  1.25835e-13 +0.00000e+00
  3.34048e-06  1.64139e+04  1.55014e-13 +0.00000e+00
  4.15956e-06  1.65929e+04  1.90905e-13 +0.00000e+00
  5.17947e-06  1.67770e+04  2.35046e-13 +0.00000e+00
  6.44947e-06  1.69650e+04  2.89335e-13 +0.00000e+00
  8.03086e-06  1.71556e+04  3.56113e-13 +0.00000e+00
  1.00000e-05  1.73479e+04  4.38251e-13 +0.00000e+00
  1.24520e-05  1.75420e+04  5.39246e-13 +0.00000e+00
  1.55052e-05  1.77389e+04  6.63336e-13 +0.00000e+00
  1.93070e-05  1.79403e+04  8.15619e-13 +0.00000e+00
  2.40410e-05  1.81485e+04  1.00221e-12 +0.00000e+00
  2.99358e-05  1.83652e+04  1.23043e-12 +0.00000e+00
  3.72759e-05  1.85913e+04  1.50906e-12 +0.00000e+00
  4.64159e-05  1.88264e+04  1.84859e-12 +0.00000e+00
  5.77969e-05  1.90688e+04  2.26159e-12 +0.00000e+00
  7.19686e-05  1.93153e+04  2.76306e-12 +0.00000e+00
  8.96151e-05  1.95622e+04  3.37081e-12 +0.00000e+00
  1.11588e-04  1.98056e+04  4.10594e-12 +0.00000e+00
  1.38950e-04  2.00419e+04  4.99342e-12 +0.00000e+00
  1.73020e-04  2.02676e+04  6.06307e-12 +0.00000e+00
  2.15443e-04  2.04789e+04  7.35076e-12 +0.00000e+00
  2.68270e-04  2.06720e+04  8.89977e-12 +0.00000e+00
  3.34048e-04  2.08419e+04  1.07624e-11 +0.00000e+00
  4.15956e-04  2.09801e+04  1.30034e-11 +0.00000e+00
  5.17947e-04  2.10690e+04  1.57074e-11 +0.00000e+00
  6.44947e-04  2.10785e+04  1.89842e-11 +0.00000e+00
  8.03086e-04  2.09620e+04  2.29949e-11 +0.00000e+00
  1.00000e-03  2.06198e+04  2.80116e-11 +0.00000e+00
  1.24520e-03  1.98492e+04  3.45908e-11 -2.54655e-07
  1.55052e-03  1.83644e+04  4.38183e-11 -3.17096e-07
  1.93070e-03  1.69323e+04  5.46220e-11 -3.94847e-07
  2.40410e-03  1.61630e+04  6.49220e-11 -4.91663e-07
  2.99358e-03  1.54820e+04  7.63705e-11 -6.12217e-07
  3.72759e-03  1.46667e+04  9.03731e-11 -7.62331e-07
  4.64159e-03  1.38530e+04  1.06554e-10 -9.49252e-07
  5.77969e-03  1.36695e+04  1.19764e-10 -1.18201e-06
  7.19686e-03  1.36813e+04  1.32488e-10 -1.47183e-06
  8.96151e-03  1.37216e+04  1.46602e-10 -1.83272e-06
  1.11588e-02  1.37713e+04  1.62578e-10 -2.28210e-06
  1.38950e-02  1.38328e+04  1.80641e-10 -2.84166e-06
  1.73020e-02  1.39070e+04  2.01048e-10 -3.53842e-06
  2.15443e-02  1.39931e+04  2.24092e-10 -4.40604e-06
  2.68270e-02  1.40937e+04  2.50043e-10 -5.48639e-06
  3.34048e-02  1.42121e+04  2.79179e-10 -6.83164e-06
  4.15956e-02  1.43500e+04  3.11852e-10 -8.50673e-06
  5.17947e-02  1.45088e+04  3.48462e-10 -1.05925e-05
  6.44947e-02  1.46908e+04  3.89426e-10 -1.31898e-05
  8.03086e-02  1.49016e+04  4.35130e-10 -1.64239e-05
  1.00000e-01  1.51470e+04  4.85985e-10 -2.04510e-05
  1.24520e-01  1.54321e+04  5.42523e-10 -2.54655e-05
  1.55052e-01  1.57591e+04  6.05477e-10 -3.17096e-05
  1.93070e-01  1.61282e+04  6.75870e-10 -3.94847e-05
  2.40410e-01  1.65336e+04  7.55222e-10 -4.91663e-05
  2.99358e-01  1.69583e+04  8.45802e-10 -6.12217e-05
  3.72759e-01  1.73970e+04  9.49423e-10 -7.62331e-05
  4.64159e-01  1.78474e+04  1.06786e-09 -9.49252e-05
  5.77969e-01  1.83148e+04  1.20266e-09 -1.18201e-04
  7.19686e-01  1.88015e+04  1.35575e-09 -1.47183e-04
  8.96151e-01  1.93154e+04  1.52898e-09 -1.83272e-04
  1.11588e+00  1.98651e+04  1.72447e-09 -2.28210e-04
  1.38950e+00  2.04613e+04  1.94460e-09 -2.84166e-04
  1.73020e+00  2.10971e+04  2.19369e-09 -3.53842e-04
  2.15443e+00  2.17582e+04  2.47698e-09 -4.40604e-04
  2.68270e+00  2.24611e+04  2.79707e-09 -5.48639e-04
  3.34048e+00  2.32123e+04  3.15851e-09 -6.13531e-04
  4.15956e+00  2.39731e+04  3.57123e-09 -6.13531e-04
  5.17947e+00  2.48388e+04  4.02932e-09 -6.13531e-04
  6.44947e+00  2.57047e+04  4.55556e-09 -6.13531e-04
  8.03086e+00  2.66465e+04  5.14563e-09 -6.13531e-04
  1.00000e+01  2.76325e+04  5.81411e-09 -6.13531e-04
  1.24520e+01  2.87703e+04  6.55351e-09 -6.13531e-04
  1.55052e+01  2.98144e+04  7.42135e-09 -6.13531e-04
  1.93070e+01  3.13378e+04  8.31253e-09 -6.13531e-04
  2.40410e+01  3.23980e+04  9.46181e-09 -6.13531e-04
  2.99358e+01  3.44009e+04  1.05227e-08 -6.13531e-04
  3.72759e+01  3.57081e+04  1.19751e-08 -6.13530e-04
  4.64159e+01  3.79327e+04  1.33172e-08 -6.13526e-04
  5.77969e+01  3.99180e+04  1.49703e-08 -6.13502e-04
  7.19686e+01  4.19283e+04  1.68268e-08 -6.13421e-04
  8.96151e+01  4.46680e+04  1.86742e-08 -6.13427e-04
  1.11588e+02  4.61684e+04  2.13840e-08 -6.13186e-04
  1.38950e+02  4.93635e+04  2.37020e-08 -6.13411e-04
  1.73020e+02  5.04293e+04  2.74365e-08 -6.12674e-04
  2.15443e+02  5.37995e+04  3.04436e-08 -6.13070e-04
  2.68270e+02  5.46707e+04  3.52848e-08 -6.08883e-04
  3.34048e+02  5.79954e+04  3.91939e-08 -6.08859e-04
  4.15956e+02  5.89620e+04  4.52101e-08 -5.72708e-04
  5.17947e+02  6.19551e+04  5.04136e-08 -5.42777e-04
  6.44947e+02  6.33449e+04  5.76134e-08 -2.16083e-04
  8.03086e+02  6.57068e+04  6.47626e-08 +4.61978e-04
  1.00000e+03  6.77358e+04  7.31865e-08 +2.61003e-03
