#n1=128 n2=4 Teff=19000 R=7.3860e+11 L=5.0701e+37 logg=+3.50
#   tau          T          rho         Fconv
 0.00000e+00 1.42772e+04 5.04138e-22 +0.00000e+00
 1.00000e-09 1.42772e+04 4.95517e-18 +0.00000e+00
 1.24520e-09 1.42778e+04 6.17410e-18 +0.00000e+00
 1.55052e-09 1.42789e+04 7.69222e-18 +0.00000e+00
 1.93070e-09 1.42804e+04 9.58296e-18 +0.00000e+00
 2.40410e-09 1.42822e+04 1.19377e-17 +0.00000e+00
 2.99358e-09 1.42843e+04 1.48704e-17 +0.00000e+00
 3.72759e-09 1.42866e+04 1.85227e-17 +0.00000e+00
 4.64159e-09 1.42893e+04 2.30712e-17 +0.00000e+00
 5.77969e-09 1.42922e+04 2.87356e-17 +0.00000e+00
 7.19686e-09 1.42953e+04 3.57894e-17 +0.00000e+00
 8.96151e-09 1.42988e+04 4.45734e-17 +0.00000e+00
 1.11588e-08 1.43025e+04 5.55117e-17 +0.00000e+00
 1.38950e-08 1.43065e+04 6.91319e-17 +0.00000e+00
 1.73020e-08 1.43108e+04 8.60912e-17 +0.00000e+00
 2.15443e-08 1.43156e+04 1.07207e-16 +0.00000e+00
 2.68270e-08 1.43208e+04 1.33498e-16 +0.00000e+00
 3.34048e-08 1.43265e+04 1.66228e-16 +0.00000e+00
 4.15956e-08 1.43328e+04 2.06975e-16 +0.00000e+00
 5.17947e-08 1.43399e+04 2.57695e-16 +0.00000e+00
 6.44947e-08 1.43478e+04 3.20824e-16 +0.00000e+00
 8.03086e-08 1.43567e+04 3.99390e-16 +0.00000e+00
 1.00000e-07 1.43668e+04 4.97153e-16 +0.00000e+00
 1.24520e-07 1.43784e+04 6.18782e-16 +0.00000e+00
 1.55052e-07 1.43918e+04 7.70073e-16 +0.00000e+00
 1.93070e-07 1.44074e+04 9.58209e-16 +0.00000e+00
 2.40410e-07 1.44256e+04 1.19209e-15 +0.00000e+00
 2.99358e-07 1.44469e+04 1.48274e-15 +0.00000e+00
 3.72759e-07 1.44721e+04 1.84376e-15 +0.00000e+00
 4.64159e-07 1.45018e+04 2.29198e-15 +0.00000e+00
 5.77969e-07 1.45370e+04 2.84810e-15 +0.00000e+00
 7.19686e-07 1.45785e+04 3.53764e-15 +0.00000e+00
 8.96151e-07 1.46273e+04 4.39194e-15 +0.00000e+00
 1.11588e-06 1.46846e+04 5.44948e-15 +0.00000e+00
 1.38950e-06 1.47514e+04 6.75739e-15 +0.00000e+00
 1.73020e-06 1.48289e+04 8.37332e-15 +0.00000e+00
 2.15443e-06 1.49182e+04 1.03678e-14 +0.00000e+00
 2.68270e-06 1.50203e+04 1.28267e-14 +0.00000e+00
 3.34048e-06 1.51363e+04 1.58551e-14 +0.00000e+00
 4.15956e-06 1.52667e+04 1.95808e-14 +0.00000e+00
 5.17947e-06 1.54120e+04 2.41604e-14 +0.00000e+00
 6.44947e-06 1.55722e+04 2.97849e-14 +0.00000e+00
 8.03086e-06 1.57467e+04 3.66887e-14 +0.00000e+00
 1.00000e-05 1.59343e+04 4.51602e-14 +0.00000e+00
 1.24520e-05 1.61328e+04 5.55570e-14 +0.00000e+00
 1.55052e-05 1.63388e+04 6.83234e-14 +0.00000e+00
 1.93070e-05 1.65484e+04 8.40150e-14 +0.00000e+00
 2.40410e-05 1.67569e+04 1.03328e-13 +0.00000e+00
 2.99358e-05 1.69595e+04 1.27135e-13 +0.00000e+00
 3.72759e-05 1.71527e+04 1.56520e-13 +0.00000e+00
 4.64159e-05 1.73341e+04 1.92828e-13 +0.00000e+00
 5.77969e-05 1.75025e+04 2.37723e-13 +0.00000e+00
 7.19686e-05 1.76562e+04 2.93278e-13 +0.00000e+00
 8.96151e-05 1.77923e+04 3.62106e-13 +0.00000e+00
 1.11588e-04 1.79048e+04 4.47549e-13 +0.00000e+00
 1.38950e-04 1.79852e+04 5.53919e-13 +0.00000e+00
 1.73020e-04 1.80213e+04 6.86887e-13 +0.00000e+00
 2.15443e-04 1.79940e+04 8.54160e-13 +0.00000e+00
 2.68270e-04 1.78714e+04 1.06683e-12 +0.00000e+00
 3.34048e-04 1.75902e+04 1.34288e-12 +0.00000e+00
 4.15956e-04 1.69947e+04 1.71913e-12 +0.00000e+00
 5.17947e-04 1.57751e+04 2.28430e-12 +0.00000e+00
 6.44947e-04 1.45535e+04 3.04124e-12 +0.00000e+00
 8.03086e-04 1.38281e+04 3.92869e-12 +0.00000e+00
 1.00000e-03 1.32721e+04 5.00893e-12 +0.00000e+00
 1.24520e-03 1.29208e+04 6.25602e-12 -2.54339e-07
 1.55052e-03 1.27305e+04 7.66757e-12 -3.16702e-07
 1.93070e-03 1.26478e+04 9.26551e-12 -3.94356e-07
 2.40410e-03 1.26214e+04 1.10943e-11 -4.91051e-07
 2.99358e-03 1.26218e+04 1.32006e-11 -6.11456e-07
 3.72759e-03 1.26364e+04 1.56271e-11 -7.61382e-07
 4.64159e-03 1.26600e+04 1.84176e-11 -9.48072e-07
 5.77969e-03 1.26908e+04 2.16146e-11 -1.18054e-06
 7.19686e-03 1.27289e+04 2.52634e-11 -1.47000e-06
 8.96151e-03 1.27752e+04 2.94124e-11 -1.83045e-06
 1.11588e-02 1.28306e+04 3.41153e-11 -2.27926e-06
 1.38950e-02 1.28960e+04 3.94310e-11 -2.83813e-06
 1.73020e-02 1.29723e+04 4.54264e-11 -3.53402e-06
 2.15443e-02 1.30602e+04 5.21766e-11 -4.40056e-06
 2.68270e-02 1.31609e+04 5.97650e-11 -5.47956e-06
 3.34048e-02 1.32755e+04 6.82852e-11 -6.82314e-06
 4.15956e-02 1.34052e+04 7.78413e-11 -8.49616e-06
 5.17947e-02 1.35517e+04 8.85482e-11 -1.05794e-05
 6.44947e-02 1.37167e+04 1.00533e-10 -1.31734e-05
 8.03086e-02 1.39024e+04 1.13935e-10 -1.64035e-05
 1.00000e-01 1.41114e+04 1.28906e-10 -2.04256e-05
 1.24520e-01 1.43467e+04 1.45613e-10 -2.54339e-05
 1.55052e-01 1.46117e+04 1.64243e-10 -3.16702e-05
 1.93070e-01 1.49100e+04 1.85020e-10 -3.94356e-05
 2.40410e-01 1.52450e+04 2.08220e-10 -4.91051e-05
 2.99358e-01 1.56188e+04 2.34214e-10 -6.11456e-05
 3.72759e-01 1.60322e+04 2.63480e-10 -7.61382e-05
 4.64159e-01 1.64820e+04 2.96649e-10 -9.48072e-05
 5.77969e-01 1.69632e+04 3.34451e-10 -1.18054e-04
 7.19686e-01 1.74695e+04 3.77688e-10 -1.47000e-04
 8.96151e-01 1.79962e+04 4.27185e-10 -1.83045e-04
 1.11588e+00 1.85424e+04 4.83748e-10 -2.27926e-04
 1.38950e+00 1.91098e+04 5.48223e-10 -2.83813e-04
 1.73020e+00 1.97023e+04 6.21519e-10 -3.53402e-04
 2.15443e+00 2.03238e+04 7.04675e-10 -4.40056e-04
 2.68270e+00 2.09747e+04 7.98998e-10 -5.47957e-04
 3.34048e+00 2.16547e+04 9.05977e-10 -6.12768e-04
 4.15956e+00 2.23664e+04 1.02715e-09 -6.12768e-04
 5.17947e+00 2.31310e+04 1.16365e-09 -6.12768e-04
 6.44947e+00 2.39064e+04 1.31941e-09 -6.12768e-04
 8.03086e+00 2.47662e+04 1.49328e-09 -6.12768e-04
 1.00000e+01 2.56595e+04 1.69089e-09 -6.12768e-04
 1.24520e+01 2.66361e+04 1.91258e-09 -6.12768e-04
 1.55052e+01 2.76167e+04 2.16640e-09 -6.12768e-04
 1.93070e+01 2.89032e+04 2.43769e-09 -6.12768e-04
 2.40410e+01 2.97787e+04 2.78202e-09 -6.12768e-04
 2.99358e+01 3.16686e+04 3.09357e-09 -6.12768e-04
 3.72759e+01 3.23749e+04 3.56672e-09 -6.12768e-04
 4.64159e+01 3.47798e+04 3.92360e-09 -6.12768e-04
 5.77969e+01 3.60044e+04 4.48244e-09 -6.12767e-04
 7.19686e+01 3.80313e+04 4.99752e-09 -6.12761e-04
 8.96151e+01 4.07317e+04 5.51571e-09 -6.12759e-04
 1.11588e+02 4.18253e+04 6.35974e-09 -6.12725e-04
 1.38950e+02 4.56417e+04 6.93099e-09 -6.12764e-04
 1.73020e+02 4.62489e+04 8.12012e-09 -6.12718e-04
 2.15443e+02 5.00565e+04 8.93483e-09 -6.12756e-04
 2.68270e+02 5.06316e+04 1.04472e-08 -6.12615e-04
 3.34048e+02 5.39952e+04 1.15906e-08 -6.12641e-04
 4.15956e+02 5.48561e+04 1.34234e-08 -6.11607e-04
 5.17947e+02 5.76706e+04 1.50005e-08 -6.10675e-04
 6.44947e+02 5.90621e+04 1.71617e-08 -6.00852e-04
 8.03086e+02 6.12469e+04 1.93416e-08 -5.75366e-04
 1.00000e+03 6.32905e+04 2.18602e-08 -4.80449e-04
