#n1=128 n2=4 Teff=20000 R=2.2455e+11 L=5.7464e+36 logg=+4.50
#   tau          T          rho         Fconv
 0.00000e+00 1.27781e+04 5.83915e-22 +0.00000e+00
 1.00000e-09 1.27781e+04 6.08737e-17 +0.00000e+00
 1.24520e-09 1.27975e+04 7.57286e-17 +0.00000e+00
 1.55052e-09 1.28206e+04 9.41752e-17 +0.00000e+00
 1.93070e-09 1.28482e+04 1.17068e-16 +0.00000e+00
 2.40410e-09 1.28810e+04 1.45460e-16 +0.00000e+00
 2.99358e-09 1.29195e+04 1.80652e-16 +0.00000e+00
 3.72759e-09 1.29645e+04 2.24239e-16 +0.00000e+00
 4.64159e-09 1.30167e+04 2.78185e-16 +0.00000e+00
 5.77969e-09 1.30765e+04 3.44900e-16 +0.00000e+00
 7.19686e-09 1.31448e+04 4.27341e-16 +0.00000e+00
 8.96151e-09 1.32219e+04 5.29133e-16 +0.00000e+00
 1.11588e-08 1.33085e+04 6.54719e-16 +0.00000e+00
 1.38950e-08 1.34047e+04 8.09542e-16 +0.00000e+00
 1.73020e-08 1.35109e+04 1.00028e-15 +0.00000e+00
 2.15443e-08 1.36266e+04 1.23514e-15 +0.00000e+00
 2.68270e-08 1.37515e+04 1.52423e-15 +0.00000e+00
 3.34048e-08 1.38845e+04 1.88001e-15 +0.00000e+00
 4.15956e-08 1.40241e+04 2.31792e-15 +0.00000e+00
 5.17947e-08 1.41688e+04 2.85709e-15 +0.00000e+00
 6.44947e-08 1.43164e+04 3.52128e-15 +0.00000e+00
 8.03086e-08 1.44653e+04 4.33996e-15 +0.00000e+00
 1.00000e-07 1.46138e+04 5.34964e-15 +0.00000e+00
 1.24520e-07 1.47610e+04 6.59550e-15 +0.00000e+00
 1.55052e-07 1.49062e+04 8.13337e-15 +0.00000e+00
 1.93070e-07 1.50495e+04 1.00321e-14 +0.00000e+00
 2.40410e-07 1.51911e+04 1.23764e-14 +0.00000e+00
 2.99358e-07 1.53317e+04 1.52710e-14 +0.00000e+00
 3.72759e-07 1.54715e+04 1.88449e-14 +0.00000e+00
 4.64159e-07 1.56109e+04 2.32578e-14 +0.00000e+00
 5.77969e-07 1.57499e+04 2.87067e-14 +0.00000e+00
 7.19686e-07 1.58893e+04 3.54337e-14 +0.00000e+00
 8.96151e-07 1.60308e+04 4.37344e-14 +0.00000e+00
 1.11588e-06 1.61763e+04 5.39693e-14 +0.00000e+00
 1.38950e-06 1.63282e+04 6.65779e-14 +0.00000e+00
 1.73020e-06 1.64879e+04 8.20982e-14 +0.00000e+00
 2.15443e-06 1.66558e+04 1.01193e-13 +0.00000e+00
 2.68270e-06 1.68320e+04 1.24676e-13 +0.00000e+00
 3.34048e-06 1.70148e+04 1.53558e-13 +0.00000e+00
 4.15956e-06 1.72027e+04 1.89088e-13 +0.00000e+00
 5.17947e-06 1.73949e+04 2.32791e-13 +0.00000e+00
 6.44947e-06 1.75904e+04 2.86553e-13 +0.00000e+00
 8.03086e-06 1.77881e+04 3.52693e-13 +0.00000e+00
 1.00000e-05 1.79873e+04 4.34056e-13 +0.00000e+00
 1.24520e-05 1.81883e+04 5.34111e-13 +0.00000e+00
 1.55052e-05 1.83921e+04 6.57063e-13 +0.00000e+00
 1.93070e-05 1.86006e+04 8.07980e-13 +0.00000e+00
 2.40410e-05 1.88161e+04 9.92948e-13 +0.00000e+00
 2.99358e-05 1.90404e+04 1.21927e-12 +0.00000e+00
 3.72759e-05 1.92745e+04 1.49571e-12 +0.00000e+00
 4.64159e-05 1.95179e+04 1.83282e-12 +0.00000e+00
 5.77969e-05 1.97689e+04 2.24324e-12 +0.00000e+00
 7.19686e-05 2.00242e+04 2.74219e-12 +0.00000e+00
 8.96151e-05 2.02799e+04 3.34784e-12 +0.00000e+00
 1.11588e-04 2.05321e+04 4.08180e-12 +0.00000e+00
 1.38950e-04 2.07769e+04 4.96970e-12 +0.00000e+00
 1.73020e-04 2.10106e+04 6.04210e-12 +0.00000e+00
 2.15443e-04 2.12294e+04 7.33560e-12 +0.00000e+00
 2.68270e-04 2.14294e+04 8.89440e-12 +0.00000e+00
 3.34048e-04 2.16054e+04 1.07721e-11 +0.00000e+00
 4.15956e-04 2.17485e+04 1.30352e-11 +0.00000e+00
 5.17947e-04 2.18405e+04 1.57711e-11 +0.00000e+00
 6.44947e-04 2.18503e+04 1.90929e-11 +0.00000e+00
 8.03086e-04 2.17293e+04 2.31650e-11 +0.00000e+00
 1.00000e-03 2.13740e+04 2.82722e-11 +0.00000e+00
 1.24520e-03 2.05740e+04 3.49871e-11 -2.54652e-07
 1.55052e-03 1.90327e+04 4.44350e-11 -3.17092e-07
 1.93070e-03 1.75482e+04 5.55455e-11 -3.94841e-07
 2.40410e-03 1.67488e+04 6.61941e-11 -4.91656e-07
 2.99358e-03 1.60425e+04 7.79705e-11 -6.12208e-07
 3.72759e-03 1.52028e+04 9.22824e-11 -7.62319e-07
 4.64159e-03 1.43861e+04 1.08480e-10 -9.49238e-07
 5.77969e-03 1.41986e+04 1.21997e-10 -1.18199e-06
 7.19686e-03 1.42058e+04 1.35334e-10 -1.47180e-06
 8.96151e-03 1.42440e+04 1.50110e-10 -1.83269e-06
 1.11588e-02 1.42934e+04 1.66798e-10 -2.28206e-06
 1.38950e-02 1.43561e+04 1.85616e-10 -2.84162e-06
 1.73020e-02 1.44326e+04 2.06833e-10 -3.53837e-06
 2.15443e-02 1.45217e+04 2.30758e-10 -4.40597e-06
 2.68270e-02 1.46258e+04 2.57673e-10 -5.48630e-06
 3.34048e-02 1.47481e+04 2.87865e-10 -6.83153e-06
 4.15956e-02 1.48903e+04 3.21692e-10 -8.50660e-06
 5.17947e-02 1.50537e+04 3.59561e-10 -1.05924e-05
 6.44947e-02 1.52409e+04 4.01906e-10 -1.31896e-05
 8.03086e-02 1.54571e+04 4.49133e-10 -1.64236e-05
 1.00000e-01 1.57087e+04 5.01695e-10 -2.04507e-05
 1.24520e-01 1.60004e+04 5.60195e-10 -2.54652e-05
 1.55052e-01 1.63348e+04 6.25469e-10 -3.17092e-05
 1.93070e-01 1.67119e+04 6.98662e-10 -3.94841e-05
 2.40410e-01 1.71257e+04 7.81390e-10 -4.91656e-05
 2.99358e-01 1.75588e+04 8.75942e-10 -6.12208e-05
 3.72759e-01 1.80056e+04 9.84117e-10 -7.62319e-05
 4.64159e-01 1.84643e+04 1.10767e-09 -9.49238e-05
 5.77969e-01 1.89405e+04 1.24813e-09 -1.18199e-04
 7.19686e-01 1.94373e+04 1.40743e-09 -1.47180e-04
 8.96151e-01 1.99631e+04 1.58744e-09 -1.83269e-04
 1.11588e+00 2.05269e+04 1.79031e-09 -2.28206e-04
 1.38950e+00 2.11401e+04 2.01847e-09 -2.84162e-04
 1.73020e+00 2.17956e+04 2.27633e-09 -3.53837e-04
 2.15443e+00 2.24788e+04 2.56928e-09 -4.40597e-04
 2.68270e+00 2.32062e+04 2.90007e-09 -5.48630e-04
 3.34048e+00 2.39837e+04 3.27347e-09 -6.13521e-04
 4.15956e+00 2.47707e+04 3.69982e-09 -6.13521e-04
 5.17947e+00 2.56637e+04 4.17316e-09 -6.13521e-04
 6.44947e+00 2.65571e+04 4.71665e-09 -6.13521e-04
 8.03086e+00 2.75289e+04 5.32575e-09 -6.13521e-04
 1.00000e+01 2.85458e+04 6.01552e-09 -6.13521e-04
 1.24520e+01 2.97225e+04 6.77661e-09 -6.13521e-04
 1.55052e+01 3.08039e+04 7.67097e-09 -6.13521e-04
 1.93070e+01 3.23830e+04 8.58624e-09 -6.13521e-04
 2.40410e+01 3.34970e+04 9.76415e-09 -6.13521e-04
 2.99358e+01 3.55683e+04 1.08477e-08 -6.13521e-04
 3.72759e+01 3.69623e+04 1.23202e-08 -6.13520e-04
 4.64159e+01 3.92594e+04 1.36753e-08 -6.13515e-04
 5.77969e+01 4.13485e+04 1.53324e-08 -6.13495e-04
 7.19686e+01 4.34265e+04 1.72229e-08 -6.13461e-04
 8.96151e+01 4.62370e+04 1.91380e-08 -6.13487e-04
 1.11588e+02 4.77781e+04 2.19287e-08 -6.13409e-04
 1.38950e+02 5.10036e+04 2.43669e-08 -6.13477e-04
 1.73020e+02 5.20957e+04 2.82005e-08 -6.13164e-04
 2.15443e+02 5.54865e+04 3.13371e-08 -6.13271e-04
 2.68270e+02 5.63828e+04 3.62964e-08 -6.10873e-04
 3.34048e+02 5.97255e+04 4.03473e-08 -6.10385e-04
 4.15956e+02 6.07213e+04 4.65031e-08 -5.85634e-04
 5.17947e+02 6.37305e+04 5.18739e-08 -5.60807e-04
 6.44947e+02 6.51474e+04 5.92466e-08 -3.10044e-04
 8.03086e+02 6.75320e+04 6.65932e-08 +2.47957e-04
 1.00000e+03 6.95783e+04 7.52401e-08 +2.09558e-03
