#n1=128 n2=4 Teff=20000 R=3.9909e+11 L=1.8172e+37 logg=+4.00
#      tau          T          rho         Fconv
  0.00000e+00  1.29541e+04  5.68258e-22 +0.00000e+00
  1.00000e-09  1.29541e+04  1.82317e-17 +0.00000e+00
  1.24520e-09  1.29698e+04  2.27033e-17 +0.00000e+00
  1.55052e-09  1.29876e+04  2.82625e-17 +0.00000e+00
  1.93070e-09  1.30085e+04  3.51698e-17 +0.00000e+00
  2.40410e-09  1.30330e+04  4.37482e-17 +0.00000e+00
  2.99358e-09  1.30617e+04  5.43959e-17 +0.00000e+00
  3.72759e-09  1.30954e+04  6.76044e-17 +0.00000e+00
  4.64159e-09  1.31347e+04  8.39786e-17 +0.00000e+00
  5.77969e-09  1.31804e+04  1.04263e-16 +0.00000e+00
  7.19686e-09  1.32333e+04  1.29370e-16 +0.00000e+00
  8.96151e-09  1.32942e+04  1.60422e-16 +0.00000e+00
  1.11588e-08  1.33639e+04  1.98795e-16 +0.00000e+00
  1.38950e-08  1.34431e+04  2.46171e-16 +0.00000e+00
  1.73020e-08  1.35322e+04  3.04614e-16 +0.00000e+00
  2.15443e-08  1.36317e+04  3.76654e-16 +0.00000e+00
  2.68270e-08  1.37417e+04  4.65391e-16 +0.00000e+00
  3.34048e-08  1.38619e+04  5.74635e-16 +0.00000e+00
  4.15956e-08  1.39918e+04  7.09080e-16 +0.00000e+00
  5.17947e-08  1.41300e+04  8.74522e-16 +0.00000e+00
  6.44947e-08  1.42752e+04  1.07814e-15 +0.00000e+00
  8.03086e-08  1.44254e+04  1.32882e-15 +0.00000e+00
  1.00000e-07  1.45788e+04  1.63760e-15 +0.00000e+00
  1.24520e-07  1.47338e+04  2.01813e-15 +0.00000e+00
  1.55052e-07  1.48891e+04  2.48729e-15 +0.00000e+00
  1.93070e-07  1.50442e+04  3.06590e-15 +0.00000e+00
  2.40410e-07  1.51982e+04  3.77975e-15 +0.00000e+00
  2.99358e-07  1.53505e+04  4.66084e-15 +0.00000e+00
  3.72759e-07  1.54996e+04  5.74901e-15 +0.00000e+00
  4.64159e-07  1.56448e+04  7.09370e-15 +0.00000e+00
  5.77969e-07  1.57857e+04  8.75597e-15 +0.00000e+00
  7.19686e-07  1.59237e+04  1.08106e-14 +0.00000e+00
  8.96151e-07  1.60614e+04  1.33486e-14 +0.00000e+00
  1.11588e-06  1.62021e+04  1.64806e-14 +0.00000e+00
  1.38950e-06  1.63486e+04  2.03416e-14 +0.00000e+00
  1.73020e-06  1.65027e+04  2.50973e-14 +0.00000e+00
  2.15443e-06  1.66653e+04  3.09517e-14 +0.00000e+00
  2.68270e-06  1.68365e+04  3.81554e-14 +0.00000e+00
  3.34048e-06  1.70150e+04  4.70198e-14 +0.00000e+00
  4.15956e-06  1.71991e+04  5.79301e-14 +0.00000e+00
  5.17947e-06  1.73886e+04  7.13569e-14 +0.00000e+00
  6.44947e-06  1.75824e+04  8.78827e-14 +0.00000e+00
  8.03086e-06  1.77791e+04  1.08228e-13 +0.00000e+00
  1.00000e-05  1.79779e+04  1.33278e-13 +0.00000e+00
  1.24520e-05  1.81789e+04  1.64119e-13 +0.00000e+00
  1.55052e-05  1.83829e+04  2.02077e-13 +0.00000e+00
  1.93070e-05  1.85918e+04  2.48758e-13 +0.00000e+00
  2.40410e-05  1.88078e+04  3.06117e-13 +0.00000e+00
  2.99358e-05  1.90326e+04  3.76526e-13 +0.00000e+00
  3.72759e-05  1.92672e+04  4.62882e-13 +0.00000e+00
  4.64159e-05  1.95110e+04  5.68731e-13 +0.00000e+00
  5.77969e-05  1.97624e+04  6.98433e-13 +0.00000e+00
  7.19686e-05  2.00180e+04  8.57358e-13 +0.00000e+00
  8.96151e-05  2.02739e+04  1.05211e-12 +0.00000e+00
  1.11588e-04  2.05263e+04  1.29077e-12 +0.00000e+00
  1.38950e-04  2.07712e+04  1.58318e-12 +0.00000e+00
  1.73020e-04  2.10050e+04  1.94132e-12 +0.00000e+00
  2.15443e-04  2.12240e+04  2.37974e-12 +0.00000e+00
  2.68270e-04  2.14241e+04  2.91612e-12 +0.00000e+00
  3.34048e-04  2.16002e+04  3.57220e-12 +0.00000e+00
  4.15956e-04  2.17434e+04  4.37541e-12 +0.00000e+00
  5.17947e-04  2.18355e+04  5.36237e-12 +0.00000e+00
  6.44947e-04  2.18455e+04  6.58295e-12 +0.00000e+00
  8.03086e-04  2.17251e+04  8.11022e-12 +0.00000e+00
  1.00000e-03  2.13712e+04  1.00699e-11 +0.00000e+00
  1.24520e-03  2.05741e+04  1.27161e-11 -2.54364e-07
  1.55052e-03  1.90373e+04  1.65612e-11 -3.16733e-07
  1.93070e-03  1.75499e+04  2.13529e-11 -3.94395e-07
  2.40410e-03  1.67548e+04  2.62732e-11 -4.91100e-07
  2.99358e-03  1.60507e+04  3.19259e-11 -6.11515e-07
  3.72759e-03  1.52015e+04  3.88937e-11 -7.61457e-07
  4.64159e-03  1.43232e+04  4.70465e-11 -9.48164e-07
  5.77969e-03  1.41250e+04  5.41594e-11 -1.18066e-06
  7.19686e-03  1.41436e+04  6.14092e-11 -1.47014e-06
  8.96151e-03  1.41894e+04  6.95417e-11 -1.83062e-06
  1.11588e-02  1.42422e+04  7.87427e-11 -2.27948e-06
  1.38950e-02  1.43060e+04  8.91103e-11 -2.83841e-06
  1.73020e-02  1.43824e+04  1.00778e-10 -3.53437e-06
  2.15443e-02  1.44708e+04  1.13908e-10 -4.40099e-06
  2.68270e-02  1.45742e+04  1.28648e-10 -5.48009e-06
  3.34048e-02  1.46964e+04  1.45148e-10 -6.82380e-06
  4.15956e-02  1.48390e+04  1.63602e-10 -8.49697e-06
  5.17947e-02  1.50033e+04  1.84233e-10 -1.05804e-05
  6.44947e-02  1.51918e+04  2.07280e-10 -1.31747e-05
  8.03086e-02  1.54099e+04  2.32973e-10 -1.64050e-05
  1.00000e-01  1.56642e+04  2.61576e-10 -2.04276e-05
  1.24520e-01  1.59593e+04  2.93443e-10 -2.54364e-05
  1.55052e-01  1.62977e+04  3.29060e-10 -3.16733e-05
  1.93070e-01  1.66791e+04  3.69073e-10 -3.94395e-05
  2.40410e-01  1.70974e+04  4.14360e-10 -4.91100e-05
  2.99358e-01  1.75348e+04  4.66139e-10 -6.11515e-05
  3.72759e-01  1.79860e+04  5.25377e-10 -7.61457e-05
  4.64159e-01  1.84487e+04  5.93033e-10 -9.48164e-05
  5.77969e-01  1.89284e+04  6.69961e-10 -1.18066e-04
  7.19686e-01  1.94276e+04  7.57241e-10 -1.47014e-04
  8.96151e-01  1.99545e+04  8.55912e-10 -1.83062e-04
  1.11588e+00  2.05178e+04  9.67163e-10 -2.27948e-04
  1.38950e+00  2.11288e+04  1.09232e-09 -2.83841e-04
  1.73020e+00  2.17799e+04  1.23382e-09 -3.53437e-04
  2.15443e+00  2.24561e+04  1.39459e-09 -4.40099e-04
  2.68270e+00  2.31747e+04  1.57613e-09 -5.48009e-04
  3.34048e+00  2.39425e+04  1.78100e-09 -6.12827e-04
  4.15956e+00  2.47207e+04  2.01473e-09 -6.12827e-04
  5.17947e+00  2.56082e+04  2.27397e-09 -6.12827e-04
  6.44947e+00  2.64980e+04  2.57150e-09 -6.12827e-04
  8.03086e+00  2.74681e+04  2.90488e-09 -6.12827e-04
  1.00000e+01  2.84884e+04  3.28211e-09 -6.12827e-04
  1.24520e+01  2.96674e+04  3.69906e-09 -6.12827e-04
  1.55052e+01  3.07587e+04  4.18811e-09 -6.12827e-04
  1.93070e+01  3.23422e+04  4.68956e-09 -6.12827e-04
  2.40410e+01  3.34615e+04  5.33375e-09 -6.12827e-04
  2.99358e+01  3.55470e+04  5.92156e-09 -6.12827e-04
  3.72759e+01  3.69224e+04  6.72433e-09 -6.12827e-04
  4.64159e+01  3.92353e+04  7.44809e-09 -6.12826e-04
  5.77969e+01  4.12768e+04  8.35177e-09 -6.12824e-04
  7.19686e+01  4.33328e+04  9.38768e-09 -6.12823e-04
  8.96151e+01  4.60880e+04  1.04563e-08 -6.12825e-04
  1.11588e+02  4.75688e+04  1.20013e-08 -6.12821e-04
  1.38950e+02  5.07702e+04  1.33522e-08 -6.12824e-04
  1.73020e+02  5.18010e+04  1.54697e-08 -6.12800e-04
  2.15443e+02  5.52058e+04  1.71926e-08 -6.12805e-04
  2.68270e+02  5.60395e+04  1.99346e-08 -6.12575e-04
  3.34048e+02  5.94188e+04  2.21510e-08 -6.12516e-04
  4.15956e+02  6.03479e+04  2.55608e-08 -6.09857e-04
  5.17947e+02  6.33932e+04  2.84996e-08 -6.07156e-04
  6.44947e+02  6.47627e+04  3.25793e-08 -5.76996e-04
  8.03086e+02  6.71496e+04  3.66201e-08 -5.02193e-04
  1.00000e+03  6.91932e+04  4.13853e-08 -1.95769e-04
