#n1=128 n2=4 Teff=20000 R=2.6562e+12 L=8.0476e+38 logg=+2.50
#   tau          T          rho         Fconv
 0.00000e+00 1.47556e+04 4.88394e-22 +0.00000e+00
 1.00000e-09 1.47556e+04 4.04336e-19 +0.00000e+00
 1.24520e-09 1.47099e+04 5.07481e-19 +0.00000e+00
 1.55052e-09 1.46788e+04 6.36605e-19 +0.00000e+00
 1.93070e-09 1.46566e+04 7.98378e-19 +0.00000e+00
 2.40410e-09 1.46421e+04 1.00100e-18 +0.00000e+00
 2.99358e-09 1.46337e+04 1.25474e-18 +0.00000e+00
 3.72759e-09 1.46304e+04 1.57237e-18 +0.00000e+00
 4.64159e-09 1.46314e+04 1.96982e-18 +0.00000e+00
 5.77969e-09 1.46363e+04 2.46689e-18 +0.00000e+00
 7.19686e-09 1.46449e+04 3.08822e-18 +0.00000e+00
 8.96151e-09 1.46572e+04 3.86438e-18 +0.00000e+00
 1.11588e-08 1.46731e+04 4.83332e-18 +0.00000e+00
 1.38950e-08 1.46931e+04 6.04211e-18 +0.00000e+00
 1.73020e-08 1.47173e+04 7.54908e-18 +0.00000e+00
 2.15443e-08 1.47462e+04 9.42639e-18 +0.00000e+00
 2.68270e-08 1.47804e+04 1.17633e-17 +0.00000e+00
 3.34048e-08 1.48205e+04 1.46698e-17 +0.00000e+00
 4.15956e-08 1.48672e+04 1.82817e-17 +0.00000e+00
 5.17947e-08 1.49214e+04 2.27656e-17 +0.00000e+00
 6.44947e-08 1.49838e+04 2.83267e-17 +0.00000e+00
 8.03086e-08 1.50554e+04 3.52163e-17 +0.00000e+00
 1.00000e-07 1.51370e+04 4.37432e-17 +0.00000e+00
 1.24520e-07 1.52294e+04 5.42854e-17 +0.00000e+00
 1.55052e-07 1.53335e+04 6.73061e-17 +0.00000e+00
 1.93070e-07 1.54496e+04 8.33728e-17 +0.00000e+00
 2.40410e-07 1.55783e+04 1.03181e-16 +0.00000e+00
 2.99358e-07 1.57195e+04 1.27584e-16 +0.00000e+00
 3.72759e-07 1.58727e+04 1.57631e-16 +0.00000e+00
 4.64159e-07 1.60371e+04 1.94617e-16 +0.00000e+00
 5.77969e-07 1.62113e+04 2.40140e-16 +0.00000e+00
 7.19686e-07 1.63928e+04 2.96191e-16 +0.00000e+00
 8.96151e-07 1.65793e+04 3.65237e-16 +0.00000e+00
 1.11588e-06 1.67679e+04 4.50356e-16 +0.00000e+00
 1.38950e-06 1.69556e+04 5.55386e-16 +0.00000e+00
 1.73020e-06 1.71399e+04 6.85116e-16 +0.00000e+00
 2.15443e-06 1.73184e+04 8.45502e-16 +0.00000e+00
 2.68270e-06 1.74901e+04 1.04393e-15 +0.00000e+00
 3.34048e-06 1.76552e+04 1.28953e-15 +0.00000e+00
 4.15956e-06 1.78152e+04 1.59347e-15 +0.00000e+00
 5.17947e-06 1.79736e+04 1.96939e-15 +0.00000e+00
 6.44947e-06 1.81341e+04 2.43387e-15 +0.00000e+00
 8.03086e-06 1.83008e+04 3.00712e-15 +0.00000e+00
 1.00000e-05 1.84763e+04 3.71392e-15 +0.00000e+00
 1.24520e-05 1.86620e+04 4.58477e-15 +0.00000e+00
 1.55052e-05 1.88584e+04 5.65715e-15 +0.00000e+00
 1.93070e-05 1.90658e+04 6.97706e-15 +0.00000e+00
 2.40410e-05 1.92845e+04 8.60095e-15 +0.00000e+00
 2.99358e-05 1.95141e+04 1.05982e-14 +0.00000e+00
 3.72759e-05 1.97538e+04 1.30545e-14 +0.00000e+00
 4.64159e-05 2.00022e+04 1.60755e-14 +0.00000e+00
 5.77969e-05 2.02569e+04 1.97925e-14 +0.00000e+00
 7.19686e-05 2.05146e+04 2.43693e-14 +0.00000e+00
 8.96151e-05 2.07716e+04 3.00102e-14 +0.00000e+00
 1.11588e-04 2.10246e+04 3.69696e-14 +0.00000e+00
 1.38950e-04 2.12705e+04 4.55647e-14 +0.00000e+00
 1.73020e-04 2.15064e+04 5.61917e-14 +0.00000e+00
 2.15443e-04 2.17294e+04 6.93460e-14 +0.00000e+00
 2.68270e-04 2.19361e+04 8.56514e-14 +0.00000e+00
 3.34048e-04 2.21213e+04 1.05900e-13 +0.00000e+00
 4.15956e-04 2.22763e+04 1.31119e-13 +0.00000e+00
 5.17947e-04 2.23834e+04 1.62689e-13 +0.00000e+00
 6.44947e-04 2.24120e+04 2.02557e-13 +0.00000e+00
 8.03086e-04 2.23094e+04 2.53644e-13 +0.00000e+00
 1.00000e-03 2.19625e+04 3.21084e-13 +0.00000e+00
 1.24520e-03 2.11358e+04 4.15612e-13 -2.54432e-07
 1.55052e-03 1.95498e+04 5.59274e-13 -3.16818e-07
 1.93070e-03 1.80301e+04 7.53779e-13 -3.94500e-07
 2.40410e-03 1.71750e+04 9.82064e-13 -4.91231e-07
 2.99358e-03 1.64418e+04 1.27105e-12 -6.11679e-07
 3.72759e-03 1.56661e+04 1.64929e-12 -7.61661e-07
 4.64159e-03 1.50286e+04 2.11945e-12 -9.48418e-07
 5.77969e-03 1.48540e+04 2.63739e-12 -1.18097e-06
 7.19686e-03 1.48540e+04 3.23799e-12 -1.47053e-06
 8.96151e-03 1.48921e+04 3.95918e-12 -1.83111e-06
 1.11588e-02 1.49460e+04 4.82701e-12 -2.28009e-06
 1.38950e-02 1.50134e+04 5.86758e-12 -2.83917e-06
 1.73020e-02 1.50929e+04 7.11004e-12 -3.53531e-06
 2.15443e-02 1.51832e+04 8.58719e-12 -4.40217e-06
 2.68270e-02 1.52854e+04 1.03340e-11 -5.48156e-06
 3.34048e-02 1.54016e+04 1.23886e-11 -6.82563e-06
 4.15956e-02 1.55337e+04 1.47920e-11 -8.49925e-06
 5.17947e-02 1.56837e+04 1.75891e-11 -1.05832e-05
 6.44947e-02 1.58548e+04 2.08276e-11 -1.31783e-05
 8.03086e-02 1.60518e+04 2.45568e-11 -1.64094e-05
 1.00000e-01 1.62811e+04 2.88285e-11 -2.04331e-05
 1.24520e-01 1.65485e+04 3.37003e-11 -2.54432e-05
 1.55052e-01 1.68584e+04 3.92403e-11 -3.16818e-05
 1.93070e-01 1.72131e+04 4.55321e-11 -3.94500e-05
 2.40410e-01 1.76092e+04 5.26887e-11 -4.91231e-05
 2.99358e-01 1.80321e+04 6.08728e-11 -6.11679e-05
 3.72759e-01 1.84752e+04 7.02462e-11 -7.61661e-05
 4.64159e-01 1.89354e+04 8.09792e-11 -9.48418e-05
 5.77969e-01 1.94175e+04 9.32316e-11 -1.18097e-04
 7.19686e-01 1.99243e+04 1.07192e-10 -1.47053e-04
 8.96151e-01 2.04640e+04 1.23048e-10 -1.83111e-04
 1.11588e+00 2.10451e+04 1.41008e-10 -2.28009e-04
 1.38950e+00 2.16782e+04 1.61305e-10 -2.83917e-04
 1.73020e+00 2.23561e+04 1.84327e-10 -3.53531e-04
 2.15443e+00 2.30644e+04 2.10558e-10 -4.40217e-04
 2.68270e+00 2.38208e+04 2.40279e-10 -5.48156e-04
 3.34048e+00 2.46332e+04 2.73914e-10 -6.12991e-04
 4.15956e+00 2.54634e+04 3.12373e-10 -6.12995e-04
 5.17947e+00 2.64098e+04 3.55207e-10 -6.12992e-04
 6.44947e+00 2.73705e+04 4.04362e-10 -6.12991e-04
 8.03086e+00 2.84244e+04 4.59519e-10 -6.12991e-04
 1.00000e+01 2.95369e+04 5.21966e-10 -6.12991e-04
 1.24520e+01 3.08242e+04 5.90711e-10 -6.12991e-04
 1.55052e+01 3.20270e+04 6.70869e-10 -6.12991e-04
 1.93070e+01 3.37248e+04 7.51290e-10 -6.12991e-04
 2.40410e+01 3.49816e+04 8.53528e-10 -6.12991e-04
 2.99358e+01 3.71225e+04 9.45649e-10 -6.12991e-04
 3.72759e+01 3.86260e+04 1.07309e-09 -6.12991e-04
 4.64159e+01 4.08889e+04 1.19845e-09 -6.12991e-04
 5.77969e+01 4.29287e+04 1.35582e-09 -6.12991e-04
 7.19686e+01 4.48811e+04 1.54076e-09 -6.12991e-04
 8.96151e+01 4.75215e+04 1.73417e-09 -6.12991e-04
 1.11588e+02 4.89960e+04 1.99820e-09 -6.12991e-04
 1.38950e+02 5.20763e+04 2.23888e-09 -6.12991e-04
 1.73020e+02 5.32166e+04 2.59550e-09 -6.12991e-04
 2.15443e+02 5.65196e+04 2.90048e-09 -6.12991e-04
 2.68270e+02 5.75580e+04 3.36183e-09 -6.12991e-04
 3.34048e+02 6.08567e+04 3.75617e-09 -6.12991e-04
 4.15956e+02 6.20569e+04 4.33276e-09 -6.12990e-04
 5.17947e+02 6.51000e+04 4.85588e-09 -6.12989e-04
 6.44947e+02 6.67464e+04 5.55502e-09 -6.12978e-04
 8.03086e+02 6.93166e+04 6.26381e-09 -6.12947e-04
 1.00000e+03 7.16337e+04 7.09435e-09 -6.12818e-04
