#n1=128 n2=4 Teff=21000 R=1.5683e+12 L=3.4097e+38 logg=+3.00
#   tau          T          rho         Fconv
 0.00000e+00 1.28479e+04 5.66300e-22 +0.00000e+00
 1.00000e-09 1.28479e+04 1.65762e-18 +0.00000e+00
 1.24520e-09 1.28662e+04 2.07245e-18 +0.00000e+00
 1.55052e-09 1.28865e+04 2.58992e-18 +0.00000e+00
 1.93070e-09 1.29098e+04 3.23475e-18 +0.00000e+00
 2.40410e-09 1.29367e+04 4.03757e-18 +0.00000e+00
 2.99358e-09 1.29678e+04 5.03619e-18 +0.00000e+00
 3.72759e-09 1.30037e+04 6.27727e-18 +0.00000e+00
 4.64159e-09 1.30450e+04 7.81826e-18 +0.00000e+00
 5.77969e-09 1.30925e+04 9.72987e-18 +0.00000e+00
 7.19686e-09 1.31470e+04 1.20990e-17 +0.00000e+00
 8.96151e-09 1.32091e+04 1.50323e-17 +0.00000e+00
 1.11588e-08 1.32797e+04 1.86606e-17 +0.00000e+00
 1.38950e-08 1.33595e+04 2.31441e-17 +0.00000e+00
 1.73020e-08 1.34493e+04 2.86791e-17 +0.00000e+00
 2.15443e-08 1.35496e+04 3.55058e-17 +0.00000e+00
 2.68270e-08 1.36608e+04 4.39182e-17 +0.00000e+00
 3.34048e-08 1.37829e+04 5.42776e-17 +0.00000e+00
 4.15956e-08 1.39158e+04 6.70265e-17 +0.00000e+00
 5.17947e-08 1.40589e+04 8.27097e-17 +0.00000e+00
 6.44947e-08 1.42111e+04 1.02000e-16 +0.00000e+00
 8.03086e-08 1.43706e+04 1.25730e-16 +0.00000e+00
 1.00000e-07 1.45353e+04 1.54935e-16 +0.00000e+00
 1.24520e-07 1.47024e+04 1.90906e-16 +0.00000e+00
 1.55052e-07 1.48693e+04 2.35252e-16 +0.00000e+00
 1.93070e-07 1.50334e+04 2.89977e-16 +0.00000e+00
 2.40410e-07 1.51926e+04 3.57579e-16 +0.00000e+00
 2.99358e-07 1.53455e+04 4.41156e-16 +0.00000e+00
 3.72759e-07 1.54915e+04 5.44547e-16 +0.00000e+00
 4.64159e-07 1.56313e+04 6.72485e-16 +0.00000e+00
 5.77969e-07 1.57664e+04 8.30780e-16 +0.00000e+00
 7.19686e-07 1.58994e+04 1.02653e-15 +0.00000e+00
 8.96151e-07 1.60332e+04 1.26842e-15 +0.00000e+00
 1.11588e-06 1.61702e+04 1.56709e-15 +0.00000e+00
 1.38950e-06 1.63122e+04 1.93562e-15 +0.00000e+00
 1.73020e-06 1.64598e+04 2.39015e-15 +0.00000e+00
 2.15443e-06 1.66135e+04 2.95058e-15 +0.00000e+00
 2.68270e-06 1.67726e+04 3.64152e-15 +0.00000e+00
 3.34048e-06 1.69364e+04 4.49341e-15 +0.00000e+00
 4.15956e-06 1.71048e+04 5.54360e-15 +0.00000e+00
 5.17947e-06 1.72782e+04 6.83793e-15 +0.00000e+00
 6.44947e-06 1.74564e+04 8.43300e-15 +0.00000e+00
 8.03086e-06 1.76392e+04 1.03985e-14 +0.00000e+00
 1.00000e-05 1.78266e+04 1.28201e-14 +0.00000e+00
 1.24520e-05 1.80187e+04 1.58033e-14 +0.00000e+00
 1.55052e-05 1.82162e+04 1.94771e-14 +0.00000e+00
 1.93070e-05 1.84197e+04 2.39997e-14 +0.00000e+00
 2.40410e-05 1.86304e+04 2.95648e-14 +0.00000e+00
 2.99358e-05 1.88491e+04 3.64091e-14 +0.00000e+00
 3.72759e-05 1.90762e+04 4.48237e-14 +0.00000e+00
 4.64159e-05 1.93112e+04 5.51676e-14 +0.00000e+00
 5.77969e-05 1.95525e+04 6.78861e-14 +0.00000e+00
 7.19686e-05 1.97973e+04 8.35331e-14 +0.00000e+00
 8.96151e-05 2.00419e+04 1.02800e-13 +0.00000e+00
 1.11588e-04 2.02828e+04 1.26550e-13 +0.00000e+00
 1.38950e-04 2.05167e+04 1.55855e-13 +0.00000e+00
 1.73020e-04 2.07415e+04 1.92044e-13 +0.00000e+00
 2.15443e-04 2.09556e+04 2.36767e-13 +0.00000e+00
 2.68270e-04 2.11576e+04 2.92071e-13 +0.00000e+00
 3.34048e-04 2.13467e+04 3.60493e-13 +0.00000e+00
 4.15956e-04 2.15232e+04 4.45155e-13 +0.00000e+00
 5.17947e-04 2.16893e+04 5.49860e-13 +0.00000e+00
 6.44947e-04 2.18446e+04 6.79336e-13 +0.00000e+00
 8.03086e-04 2.19706e+04 8.40081e-13 +0.00000e+00
 1.00000e-03 2.20578e+04 1.04011e-12 +0.00000e+00
 1.24520e-03 2.20995e+04 1.28946e-12 -2.54459e-07
 1.55052e-03 2.20956e+04 1.60041e-12 -3.16851e-07
 1.93070e-03 2.20364e+04 1.98914e-12 -3.94542e-07
 2.40410e-03 2.19084e+04 2.47695e-12 -4.91282e-07
 2.99358e-03 2.16965e+04 3.09195e-12 -6.11744e-07
 3.72759e-03 2.13735e+04 3.87344e-12 -7.61742e-07
 4.64159e-03 2.08872e+04 4.88110e-12 -9.48522e-07
 5.77969e-03 2.01413e+04 6.21505e-12 -1.18109e-06
 7.19686e-03 1.90899e+04 8.01408e-12 -1.47069e-06
 8.96151e-03 1.79138e+04 1.03645e-11 -1.83131e-06
 1.11588e-02 1.69111e+04 1.32095e-11 -2.28034e-06
 1.38950e-02 1.60269e+04 1.66126e-11 -2.83946e-06
 1.73020e-02 1.53791e+04 2.04278e-11 -3.53569e-06
 2.15443e-02 1.52200e+04 2.42241e-11 -4.40264e-06
 2.68270e-02 1.53298e+04 2.81576e-11 -5.48214e-06
 3.34048e-02 1.55363e+04 3.25149e-11 -6.82635e-06
 4.15956e-02 1.58011e+04 3.74298e-11 -8.50015e-06
 5.17947e-02 1.61032e+04 4.30304e-11 -1.05844e-05
 6.44947e-02 1.64382e+04 4.94239e-11 -1.31796e-05
 8.03086e-02 1.67962e+04 5.67484e-11 -1.64112e-05
 1.00000e-01 1.71835e+04 6.51095e-11 -2.04352e-05
 1.24520e-01 1.76007e+04 7.46484e-11 -2.54459e-05
 1.55052e-01 1.80490e+04 8.55233e-11 -3.16851e-05
 1.93070e-01 1.85198e+04 9.79577e-11 -3.94542e-05
 2.40410e-01 1.90077e+04 1.12188e-10 -4.91282e-05
 2.99358e-01 1.95005e+04 1.28518e-10 -6.11744e-05
 3.72759e-01 1.99948e+04 1.47228e-10 -7.61742e-05
 4.64159e-01 2.05011e+04 1.68531e-10 -9.48522e-05
 5.77969e-01 2.10686e+04 1.92385e-10 -1.18109e-04
 7.19686e-01 2.17401e+04 2.18858e-10 -1.47069e-04
 8.96151e-01 2.23984e+04 2.49502e-10 -1.83131e-04
 1.11588e+00 2.29975e+04 2.85198e-10 -2.28034e-04
 1.38950e+00 2.36338e+04 3.25356e-10 -2.83946e-04
 1.73020e+00 2.43559e+04 3.70007e-10 -3.53569e-04
 2.15443e+00 2.51492e+04 4.20080e-10 -4.40264e-04
 2.68270e+00 2.60752e+04 4.75531e-10 -5.48214e-04
 3.34048e+00 2.70727e+04 5.38423e-10 -6.13056e-04
 4.15956e+00 2.80530e+04 6.11184e-10 -6.13056e-04
 5.17947e+00 2.92619e+04 6.90184e-10 -6.13056e-04
 6.44947e+00 3.04015e+04 7.82895e-10 -6.13057e-04
 8.03086e+00 3.18468e+04 8.81431e-10 -6.13057e-04
 1.00000e+01 3.32620e+04 9.95289e-10 -6.13056e-04
 1.24520e+01 3.49637e+04 1.11549e-09 -6.13056e-04
 1.55052e+01 3.65413e+04 1.25657e-09 -6.13056e-04
 1.93070e+01 3.86053e+04 1.40067e-09 -6.13056e-04
 2.40410e+01 4.01076e+04 1.59183e-09 -6.13056e-04
 2.99358e+01 4.24705e+04 1.77808e-09 -6.13056e-04
 3.72759e+01 4.39277e+04 2.03500e-09 -6.13056e-04
 4.64159e+01 4.63692e+04 2.28349e-09 -6.13056e-04
 5.77969e+01 4.80179e+04 2.60992e-09 -6.13056e-04
 7.19686e+01 5.02821e+04 2.94729e-09 -6.13056e-04
 8.96151e+01 5.22750e+04 3.35004e-09 -6.13056e-04
 1.11588e+02 5.42627e+04 3.80606e-09 -6.13056e-04
 1.38950e+02 5.65311e+04 4.30576e-09 -6.13056e-04
 1.73020e+02 5.83397e+04 4.90540e-09 -6.13056e-04
 2.15443e+02 6.07267e+04 5.53603e-09 -6.13056e-04
 2.68270e+02 6.25063e+04 6.30356e-09 -6.13056e-04
 3.34048e+02 6.49018e+04 7.10756e-09 -6.13055e-04
 4.15956e+02 6.67871e+04 8.07166e-09 -6.13051e-04
 5.17947e+02 6.90999e+04 9.10625e-09 -6.13038e-04
 6.44947e+02 7.12194e+04 1.03012e-08 -6.12976e-04
 8.03086e+02 7.33732e+04 1.16412e-08 -6.12715e-04
 1.00000e+03 7.58047e+04 1.31093e-08 -6.11805e-04
