#n1=128 n2=4 Teff=21000 R=2.7872e+12 L=1.0783e+39 logg=+2.50
#   tau          T          rho         Fconv
 0.00000e+00 1.31794e+04 5.52033e-22 +0.00000e+00
 1.00000e-09 1.31794e+04 4.63596e-19 +0.00000e+00
 1.24520e-09 1.31987e+04 5.79004e-19 +0.00000e+00
 1.55052e-09 1.32202e+04 7.23298e-19 +0.00000e+00
 1.93070e-09 1.32448e+04 9.03624e-19 +0.00000e+00
 2.40410e-09 1.32731e+04 1.12887e-18 +0.00000e+00
 2.99358e-09 1.33058e+04 1.41002e-18 +0.00000e+00
 3.72759e-09 1.33435e+04 1.76070e-18 +0.00000e+00
 4.64159e-09 1.33871e+04 2.19766e-18 +0.00000e+00
 5.77969e-09 1.34371e+04 2.74159e-18 +0.00000e+00
 7.19686e-09 1.34946e+04 3.41792e-18 +0.00000e+00
 8.96151e-09 1.35602e+04 4.25788e-18 +0.00000e+00
 1.11588e-08 1.36348e+04 5.29978e-18 +0.00000e+00
 1.38950e-08 1.37192e+04 6.59062e-18 +0.00000e+00
 1.73020e-08 1.38142e+04 8.18797e-18 +0.00000e+00
 2.15443e-08 1.39202e+04 1.01624e-17 +0.00000e+00
 2.68270e-08 1.40378e+04 1.26005e-17 +0.00000e+00
 3.34048e-08 1.41669e+04 1.56085e-17 +0.00000e+00
 4.15956e-08 1.43075e+04 1.93168e-17 +0.00000e+00
 5.17947e-08 1.44584e+04 2.38867e-17 +0.00000e+00
 6.44947e-08 1.46187e+04 2.95166e-17 +0.00000e+00
 8.03086e-08 1.47865e+04 3.64521e-17 +0.00000e+00
 1.00000e-07 1.49595e+04 4.49988e-17 +0.00000e+00
 1.24520e-07 1.51347e+04 5.55382e-17 +0.00000e+00
 1.55052e-07 1.53091e+04 6.85461e-17 +0.00000e+00
 1.93070e-07 1.54798e+04 8.46174e-17 +0.00000e+00
 2.40410e-07 1.56445e+04 1.04493e-16 +0.00000e+00
 2.99358e-07 1.58016e+04 1.29095e-16 +0.00000e+00
 3.72759e-07 1.59508e+04 1.59562e-16 +0.00000e+00
 4.64159e-07 1.60927e+04 1.97303e-16 +0.00000e+00
 5.77969e-07 1.62293e+04 2.44046e-16 +0.00000e+00
 7.19686e-07 1.63633e+04 3.01905e-16 +0.00000e+00
 8.96151e-07 1.64977e+04 3.73467e-16 +0.00000e+00
 1.11588e-06 1.66354e+04 4.61903e-16 +0.00000e+00
 1.38950e-06 1.67782e+04 5.71114e-16 +0.00000e+00
 1.73020e-06 1.69272e+04 7.05907e-16 +0.00000e+00
 2.15443e-06 1.70826e+04 8.72218e-16 +0.00000e+00
 2.68270e-06 1.72440e+04 1.07739e-15 +0.00000e+00
 3.34048e-06 1.74106e+04 1.33051e-15 +0.00000e+00
 4.15956e-06 1.75824e+04 1.64274e-15 +0.00000e+00
 5.17947e-06 1.77597e+04 2.02777e-15 +0.00000e+00
 6.44947e-06 1.79422e+04 2.50252e-15 +0.00000e+00
 8.03086e-06 1.81299e+04 3.08785e-15 +0.00000e+00
 1.00000e-05 1.83225e+04 3.80943e-15 +0.00000e+00
 1.24520e-05 1.85201e+04 4.69885e-15 +0.00000e+00
 1.55052e-05 1.87231e+04 5.79488e-15 +0.00000e+00
 1.93070e-05 1.89323e+04 7.14505e-15 +0.00000e+00
 2.40410e-05 1.91486e+04 8.80758e-15 +0.00000e+00
 2.99358e-05 1.93730e+04 1.08538e-14 +0.00000e+00
 3.72759e-05 1.96056e+04 1.33716e-14 +0.00000e+00
 4.64159e-05 1.98461e+04 1.64692e-14 +0.00000e+00
 5.77969e-05 2.00927e+04 2.02811e-14 +0.00000e+00
 7.19686e-05 2.03427e+04 2.49749e-14 +0.00000e+00
 8.96151e-05 2.05926e+04 3.07599e-14 +0.00000e+00
 1.11588e-04 2.08388e+04 3.78971e-14 +0.00000e+00
 1.38950e-04 2.10782e+04 4.67118e-14 +0.00000e+00
 1.73020e-04 2.13086e+04 5.76082e-14 +0.00000e+00
 2.15443e-04 2.15283e+04 7.10895e-14 +0.00000e+00
 2.68270e-04 2.17358e+04 8.77828e-14 +0.00000e+00
 3.34048e-04 2.19301e+04 1.08469e-13 +0.00000e+00
 4.15956e-04 2.21114e+04 1.34115e-13 +0.00000e+00
 5.17947e-04 2.22818e+04 1.65908e-13 +0.00000e+00
 6.44947e-04 2.24409e+04 2.05340e-13 +0.00000e+00
 8.03086e-04 2.25701e+04 2.54467e-13 +0.00000e+00
 1.00000e-03 2.26595e+04 3.15866e-13 +0.00000e+00
 1.24520e-03 2.27023e+04 3.92813e-13 -2.54139e-07
 1.55052e-03 2.26982e+04 4.89375e-13 -3.16453e-07
 1.93070e-03 2.26374e+04 6.10967e-13 -3.94046e-07
 2.40410e-03 2.25058e+04 7.64777e-13 -4.90664e-07
 2.99358e-03 2.22878e+04 9.60411e-13 -6.10974e-07
 3.72759e-03 2.19557e+04 1.21147e-12 -7.60783e-07
 4.64159e-03 2.14557e+04 1.53889e-12 -9.47328e-07
 5.77969e-03 2.06891e+04 1.97842e-12 -1.17961e-06
 7.19686e-03 1.96086e+04 2.58278e-12 -1.46884e-06
 8.96151e-03 1.83995e+04 3.39560e-12 -1.82900e-06
 1.11588e-02 1.73687e+04 4.42008e-12 -2.27747e-06
 1.38950e-02 1.64617e+04 5.70273e-12 -2.83589e-06
 1.73020e-02 1.57987e+04 7.22346e-12 -3.53124e-06
 2.15443e-02 1.56367e+04 8.83493e-12 -4.39710e-06
 2.68270e-02 1.57504e+04 1.05890e-11 -5.47524e-06
 3.34048e-02 1.59635e+04 1.25930e-11 -6.81776e-06
 4.15956e-02 1.62363e+04 1.49052e-11 -8.48946e-06
 5.17947e-02 1.65471e+04 1.75866e-11 -1.05711e-05
 6.44947e-02 1.68913e+04 2.06943e-11 -1.31630e-05
 8.03086e-02 1.72584e+04 2.43014e-11 -1.63905e-05
 1.00000e-01 1.76547e+04 2.84701e-11 -2.04095e-05
 1.24520e-01 1.80800e+04 3.32793e-11 -2.54139e-05
 1.55052e-01 1.85356e+04 3.88172e-11 -3.16453e-05
 1.93070e-01 1.90124e+04 4.52047e-11 -3.94046e-05
 2.40410e-01 1.95051e+04 5.25730e-11 -4.90664e-05
 2.99358e-01 2.00015e+04 6.10894e-11 -6.10974e-05
 3.72759e-01 2.04988e+04 7.09156e-11 -7.60783e-05
 4.64159e-01 2.10081e+04 8.21841e-11 -9.47328e-05
 5.77969e-01 2.15792e+04 9.48951e-11 -1.17961e-04
 7.19686e-01 2.22564e+04 1.09082e-10 -1.46884e-04
 8.96151e-01 2.29239e+04 1.25519e-10 -1.82900e-04
 1.11588e+00 2.35380e+04 1.44692e-10 -2.27747e-04
 1.38950e+00 2.41957e+04 1.66352e-10 -2.83589e-04
 1.73020e+00 2.49443e+04 1.90546e-10 -3.53124e-04
 2.15443e+00 2.57670e+04 2.17774e-10 -4.39710e-04
 2.68270e+00 2.67251e+04 2.48019e-10 -5.47524e-04
 3.34048e+00 2.77620e+04 2.82292e-10 -6.12284e-04
 4.15956e+00 2.87924e+04 3.21842e-10 -6.12284e-04
 5.17947e+00 3.00637e+04 3.64655e-10 -6.12285e-04
 6.44947e+00 3.12810e+04 4.14467e-10 -6.12285e-04
 8.03086e+00 3.28100e+04 4.66748e-10 -6.12285e-04
 1.00000e+01 3.43157e+04 5.26550e-10 -6.12285e-04
 1.24520e+01 3.61033e+04 5.90047e-10 -6.12284e-04
 1.55052e+01 3.77512e+04 6.66711e-10 -6.12284e-04
 1.93070e+01 3.98623e+04 7.48183e-10 -6.12284e-04
 2.40410e+01 4.14244e+04 8.54694e-10 -6.12284e-04
 2.99358e+01 4.38038e+04 9.61349e-10 -6.12285e-04
 3.72759e+01 4.53433e+04 1.10373e-09 -6.12285e-04
 4.64159e+01 4.78012e+04 1.24476e-09 -6.12284e-04
 5.77969e+01 4.95404e+04 1.42607e-09 -6.12284e-04
 7.19686e+01 5.18414e+04 1.61637e-09 -6.12284e-04
 8.96151e+01 5.38952e+04 1.84227e-09 -6.12284e-04
 1.11588e+02 5.59439e+04 2.09868e-09 -6.12284e-04
 1.38950e+02 5.82434e+04 2.38153e-09 -6.12284e-04
 1.73020e+02 6.01314e+04 2.71864e-09 -6.12284e-04
 2.15443e+02 6.25452e+04 3.07724e-09 -6.12284e-04
 2.68270e+02 6.44200e+04 3.50959e-09 -6.12284e-04
 3.34048e+02 6.68528e+04 3.96815e-09 -6.12284e-04
 4.15956e+02 6.88394e+04 4.51368e-09 -6.12284e-04
 5.17947e+02 7.12147e+04 5.10400e-09 -6.12284e-04
 6.44947e+02 7.34274e+04 5.78425e-09 -6.12282e-04
 8.03086e+02 7.56864e+04 6.54771e-09 -6.12270e-04
 1.00000e+03 7.81969e+04 7.38961e-09 -6.12227e-04
