#n1=128 n2=4 Teff=21000 R=1.2913e+13 L=2.3112e+40 logg=+1.50
#   tau          T          rho         Fconv
 0.00000e+00 1.51136e+04 4.76831e-22 +0.00000e+00
 1.00000e-09 1.51136e+04 3.38792e-20 +0.00000e+00
 1.24520e-09 1.49173e+04 4.28105e-20 +0.00000e+00
 1.55052e-09 1.47927e+04 5.38931e-20 +0.00000e+00
 1.93070e-09 1.47071e+04 6.77216e-20 +0.00000e+00
 2.40410e-09 1.46460e+04 8.50166e-20 +0.00000e+00
 2.99358e-09 1.46155e+04 1.06526e-19 +0.00000e+00
 3.72759e-09 1.45811e+04 1.33616e-19 +0.00000e+00
 4.64159e-09 1.45637e+04 1.67495e-19 +0.00000e+00
 5.77969e-09 1.45461e+04 2.10024e-19 +0.00000e+00
 7.19686e-09 1.45356e+04 2.63302e-19 +0.00000e+00
 8.96151e-09 1.45315e+04 3.30030e-19 +0.00000e+00
 1.11588e-08 1.45333e+04 4.13604e-19 +0.00000e+00
 1.38950e-08 1.45423e+04 5.18190e-19 +0.00000e+00
 1.73020e-08 1.45551e+04 6.49144e-19 +0.00000e+00
 2.15443e-08 1.45737e+04 8.12917e-19 +0.00000e+00
 2.68270e-08 1.45983e+04 1.01764e-18 +0.00000e+00
 3.34048e-08 1.46294e+04 1.27337e-18 +0.00000e+00
 4.15956e-08 1.46675e+04 1.59256e-18 +0.00000e+00
 5.17947e-08 1.47136e+04 1.99060e-18 +0.00000e+00
 6.44947e-08 1.47676e+04 2.48638e-18 +0.00000e+00
 8.03086e-08 1.48309e+04 3.10314e-18 +0.00000e+00
 1.00000e-07 1.49039e+04 3.86930e-18 +0.00000e+00
 1.24520e-07 1.49874e+04 4.81983e-18 +0.00000e+00
 1.55052e-07 1.50818e+04 5.99768e-18 +0.00000e+00
 1.93070e-07 1.51873e+04 7.45563e-18 +0.00000e+00
 2.40410e-07 1.53038e+04 9.25870e-18 +0.00000e+00
 2.99358e-07 1.54309e+04 1.14870e-17 +0.00000e+00
 3.72759e-07 1.55678e+04 1.42395e-17 +0.00000e+00
 4.64159e-07 1.57133e+04 1.76388e-17 +0.00000e+00
 5.77969e-07 1.58658e+04 2.18369e-17 +0.00000e+00
 7.19686e-07 1.60234e+04 2.70230e-17 +0.00000e+00
 8.96151e-07 1.61844e+04 3.34318e-17 +0.00000e+00
 1.11588e-06 1.63469e+04 4.13551e-17 +0.00000e+00
 1.38950e-06 1.65094e+04 5.11553e-17 +0.00000e+00
 1.73020e-06 1.66708e+04 6.32827e-17 +0.00000e+00
 2.15443e-06 1.68301e+04 7.82961e-17 +0.00000e+00
 2.68270e-06 1.69862e+04 9.68924e-17 +0.00000e+00
 3.34048e-06 1.71391e+04 1.19932e-16 +0.00000e+00
 4.15956e-06 1.72888e+04 1.48485e-16 +0.00000e+00
 5.17947e-06 1.74360e+04 1.83870e-16 +0.00000e+00
 6.44947e-06 1.75817e+04 2.27719e-16 +0.00000e+00
 8.03086e-06 1.77274e+04 2.82041e-16 +0.00000e+00
 1.00000e-05 1.78743e+04 3.49318e-16 +0.00000e+00
 1.24520e-05 1.80230e+04 4.32627e-16 +0.00000e+00
 1.55052e-05 1.81728e+04 5.35808e-16 +0.00000e+00
 1.93070e-05 1.83222e+04 6.63655e-16 +0.00000e+00
 2.40410e-05 1.84693e+04 8.22168e-16 +0.00000e+00
 2.99358e-05 1.86125e+04 1.01882e-15 +0.00000e+00
 3.72759e-05 1.87514e+04 1.26288e-15 +0.00000e+00
 4.64159e-05 1.88869e+04 1.56578e-15 +0.00000e+00
 5.77969e-05 1.90203e+04 1.94167e-15 +0.00000e+00
 7.19686e-05 1.91521e+04 2.40813e-15 +0.00000e+00
 8.96151e-05 1.92819e+04 2.98712e-15 +0.00000e+00
 1.11588e-04 1.94087e+04 3.70612e-15 +0.00000e+00
 1.38950e-04 1.95307e+04 4.59955e-15 +0.00000e+00
 1.73020e-04 1.96459e+04 5.71063e-15 +0.00000e+00
 2.15443e-04 1.97524e+04 7.09355e-15 +0.00000e+00
 2.68270e-04 1.98476e+04 8.81677e-15 +0.00000e+00
 3.34048e-04 1.99291e+04 1.09664e-14 +0.00000e+00
 4.15956e-04 1.99931e+04 1.36526e-14 +0.00000e+00
 5.17947e-04 2.00410e+04 1.70105e-14 +0.00000e+00
 6.44947e-04 2.00710e+04 2.12135e-14 +0.00000e+00
 8.03086e-04 2.00825e+04 2.64792e-14 +0.00000e+00
 1.00000e-03 2.00757e+04 3.30818e-14 +0.00000e+00
 1.24520e-03 2.00502e+04 4.13687e-14 -2.54503e-07
 1.55052e-03 2.00060e+04 5.17783e-14 -3.16906e-07
 1.93070e-03 1.99447e+04 6.48600e-14 -3.94610e-07
 2.40410e-03 1.98688e+04 8.13025e-14 -4.91367e-07
 2.99358e-03 1.97808e+04 1.01968e-13 -6.11850e-07
 3.72759e-03 1.96807e+04 1.27953e-13 -7.61873e-07
 4.64159e-03 1.95645e+04 1.60670e-13 -9.48685e-07
 5.77969e-03 1.94225e+04 2.01985e-13 -1.18130e-06
 7.19686e-03 1.92410e+04 2.54390e-13 -1.47095e-06
 8.96151e-03 1.90044e+04 3.21238e-13 -1.83162e-06
 1.11588e-02 1.86978e+04 4.07059e-13 -2.28073e-06
 1.38950e-02 1.83332e+04 5.17304e-13 -2.83995e-06
 1.73020e-02 1.79903e+04 6.56447e-13 -3.53630e-06
 2.15443e-02 1.77850e+04 8.26267e-13 -4.40339e-06
 2.68270e-02 1.77277e+04 1.03075e-12 -5.48309e-06
 3.34048e-02 1.77621e+04 1.27830e-12 -6.82752e-06
 4.15956e-02 1.78456e+04 1.57978e-12 -8.50162e-06
 5.17947e-02 1.79619e+04 1.94732e-12 -1.05862e-05
 6.44947e-02 1.81032e+04 2.39511e-12 -1.31819e-05
 8.03086e-02 1.82647e+04 2.94000e-12 -1.64140e-05
 1.00000e-01 1.84545e+04 3.59988e-12 -2.04387e-05
 1.24520e-01 1.86731e+04 4.39652e-12 -2.54503e-05
 1.55052e-01 1.89258e+04 5.35398e-12 -3.16906e-05
 1.93070e-01 1.92211e+04 6.49837e-12 -3.94610e-05
 2.40410e-01 1.95673e+04 7.85839e-12 -4.91367e-05
 2.99358e-01 1.99731e+04 9.46543e-12 -6.11850e-05
 3.72759e-01 2.04426e+04 1.13561e-11 -7.61873e-05
 4.64159e-01 2.09723e+04 1.35764e-11 -9.48685e-05
 5.77969e-01 2.15533e+04 1.61835e-11 -1.18130e-04
 7.19686e-01 2.21827e+04 1.92406e-11 -1.47095e-04
 8.96151e-01 2.28571e+04 2.28206e-11 -1.83162e-04
 1.11588e+00 2.35646e+04 2.70169e-11 -2.28073e-04
 1.38950e+00 2.43029e+04 3.19262e-11 -2.83995e-04
 1.73020e+00 2.50992e+04 3.76172e-11 -3.53630e-04
 2.15443e+00 2.59851e+04 4.41491e-11 -4.40339e-04
 2.68270e+00 2.69771e+04 5.15982e-11 -5.48309e-04
 3.34048e+00 2.80794e+04 6.00501e-11 -6.13161e-04
 4.15956e+00 2.92948e+04 6.95603e-11 -6.13183e-04
 5.17947e+00 3.06285e+04 8.01318e-11 -6.13175e-04
 6.44947e+00 3.20720e+04 9.18479e-11 -6.13162e-04
 8.03086e+00 3.36117e+04 1.05041e-10 -6.13166e-04
 1.00000e+01 3.52491e+04 1.20194e-10 -6.13171e-04
 1.24520e+01 3.69764e+04 1.37806e-10 -6.13161e-04
 1.55052e+01 3.87826e+04 1.58318e-10 -6.13161e-04
 1.93070e+01 4.06645e+04 1.82140e-10 -6.13161e-04
 2.40410e+01 4.26243e+04 2.09714e-10 -6.13161e-04
 2.99358e+01 4.46622e+04 2.41556e-10 -6.13161e-04
 3.72759e+01 4.67771e+04 2.78264e-10 -6.13161e-04
 4.64159e+01 4.89632e+04 3.20548e-10 -6.13161e-04
 5.77969e+01 5.12089e+04 3.69250e-10 -6.13161e-04
 7.19686e+01 5.35057e+04 4.25304e-10 -6.13161e-04
 8.96151e+01 5.58502e+04 4.89733e-10 -6.13161e-04
 1.11588e+02 5.82438e+04 5.63649e-10 -6.13161e-04
 1.38950e+02 6.06901e+04 6.48285e-10 -6.13161e-04
 1.73020e+02 6.31972e+04 7.44995e-10 -6.13161e-04
 2.15443e+02 6.57671e+04 8.55369e-10 -6.13161e-04
 2.68270e+02 6.84172e+04 9.81029e-10 -6.13161e-04
 3.34048e+02 7.11393e+04 1.12413e-09 -6.13161e-04
 4.15956e+02 7.39775e+04 1.28639e-09 -6.13161e-04
 5.17947e+02 7.68816e+04 1.47119e-09 -6.13161e-04
 6.44947e+02 7.99610e+04 1.67967e-09 -6.13161e-04
 8.03086e+02 8.30597e+04 1.91805e-09 -6.13161e-04
 1.00000e+03 8.65191e+04 2.18291e-09 -6.13161e-04
