#n1=128 n2=4 Teff=21000 R=1.2928e+13 L=2.3112e+40 logg=+1.50
#      tau          T          rho         Fconv
  0.00000e+00  1.29567e+04  5.68177e-22 +0.00000e+00
  1.00000e-09  1.29567e+04  4.18905e-20 +0.00000e+00
  1.24520e-09  1.29862e+04  5.21560e-20 +0.00000e+00
  1.55052e-09  1.30182e+04  6.49818e-20 +0.00000e+00
  1.93070e-09  1.30551e+04  8.09930e-20 +0.00000e+00
  2.40410e-09  1.30976e+04  1.00972e-19 +0.00000e+00
  2.99358e-09  1.31464e+04  1.25885e-19 +0.00000e+00
  3.72759e-09  1.32025e+04  1.56929e-19 +0.00000e+00
  4.64159e-09  1.32665e+04  1.95577e-19 +0.00000e+00
  5.77969e-09  1.33392e+04  2.43642e-19 +0.00000e+00
  7.19686e-09  1.34215e+04  3.03361e-19 +0.00000e+00
  8.96151e-09  1.35138e+04  3.77481e-19 +0.00000e+00
  1.11588e-08  1.36166e+04  4.69388e-19 +0.00000e+00
  1.38950e-08  1.37301e+04  5.83246e-19 +0.00000e+00
  1.73020e-08  1.38542e+04  7.24189e-19 +0.00000e+00
  2.15443e-08  1.39882e+04  8.98557e-19 +0.00000e+00
  2.68270e-08  1.41311e+04  1.11421e-18 +0.00000e+00
  3.34048e-08  1.42812e+04  1.38088e-18 +0.00000e+00
  4.15956e-08  1.44367e+04  1.71071e-18 +0.00000e+00
  5.17947e-08  1.45949e+04  2.11886e-18 +0.00000e+00
  6.44947e-08  1.47536e+04  2.62413e-18 +0.00000e+00
  8.03086e-08  1.49111e+04  3.24990e-18 +0.00000e+00
  1.00000e-07  1.50656e+04  4.02524e-18 +0.00000e+00
  1.24520e-07  1.52163e+04  4.98622e-18 +0.00000e+00
  1.55052e-07  1.53623e+04  6.17766e-18 +0.00000e+00
  1.93070e-07  1.55032e+04  7.65530e-18 +0.00000e+00
  2.40410e-07  1.56389e+04  9.48842e-18 +0.00000e+00
  2.99358e-07  1.57694e+04  1.17630e-17 +0.00000e+00
  3.72759e-07  1.58950e+04  1.45858e-17 +0.00000e+00
  4.64159e-07  1.60162e+04  1.80895e-17 +0.00000e+00
  5.77969e-07  1.61338e+04  2.24380e-17 +0.00000e+00
  7.19686e-07  1.62489e+04  2.78341e-17 +0.00000e+00
  8.96151e-07  1.63635e+04  3.45274e-17 +0.00000e+00
  1.11588e-06  1.64799e+04  4.28235e-17 +0.00000e+00
  1.38950e-06  1.66010e+04  5.30966e-17 +0.00000e+00
  1.73020e-06  1.67295e+04  6.58039e-17 +0.00000e+00
  2.15443e-06  1.68677e+04  8.15055e-17 +0.00000e+00
  2.68270e-06  1.70171e+04  1.00889e-16 +0.00000e+00
  3.34048e-06  1.71781e+04  1.24802e-16 +0.00000e+00
  4.15956e-06  1.73501e+04  1.54293e-16 +0.00000e+00
  5.17947e-06  1.75321e+04  1.90659e-16 +0.00000e+00
  6.44947e-06  1.77218e+04  2.35513e-16 +0.00000e+00
  8.03086e-06  1.79160e+04  2.90876e-16 +0.00000e+00
  1.00000e-05  1.81108e+04  3.59282e-16 +0.00000e+00
  1.24520e-05  1.83021e+04  4.43909e-16 +0.00000e+00
  1.55052e-05  1.84864e+04  5.48742e-16 +0.00000e+00
  1.93070e-05  1.86609e+04  6.78762e-16 +0.00000e+00
  2.40410e-05  1.88240e+04  8.40186e-16 +0.00000e+00
  2.99358e-05  1.89753e+04  1.04075e-15 +0.00000e+00
  3.72759e-05  1.91156e+04  1.29005e-15 +0.00000e+00
  4.64159e-05  1.92470e+04  1.59992e-15 +0.00000e+00
  5.77969e-05  1.93721e+04  1.98503e-15 +0.00000e+00
  7.19686e-05  1.94926e+04  2.46356e-15 +0.00000e+00
  8.96151e-05  1.96093e+04  3.05822e-15 +0.00000e+00
  1.11588e-04  1.97223e+04  3.79736e-15 +0.00000e+00
  1.38950e-04  1.98308e+04  4.71646e-15 +0.00000e+00
  1.73020e-04  1.99334e+04  5.86002e-15 +0.00000e+00
  2.15443e-04  2.00285e+04  7.28390e-15 +0.00000e+00
  2.68270e-04  2.01134e+04  9.05867e-15 +0.00000e+00
  3.34048e-04  2.01861e+04  1.12731e-14 +0.00000e+00
  4.15956e-04  2.02426e+04  1.40405e-14 +0.00000e+00
  5.17947e-04  2.02855e+04  1.74992e-14 +0.00000e+00
  6.44947e-04  2.03122e+04  2.18276e-14 +0.00000e+00
  8.03086e-04  2.03220e+04  2.72492e-14 +0.00000e+00
  1.00000e-03  2.03147e+04  3.40459e-14 +0.00000e+00
  1.24520e-03  2.02892e+04  4.25756e-14 -2.55093e-07
  1.55052e-03  2.02452e+04  5.32894e-14 -3.17640e-07
  1.93070e-03  2.01846e+04  6.67522e-14 -3.95525e-07
  2.40410e-03  2.01097e+04  8.36715e-14 -4.92506e-07
  2.99358e-03  2.00232e+04  1.04933e-13 -6.13267e-07
  3.72759e-03  1.99252e+04  1.31661e-13 -7.63638e-07
  4.64159e-03  1.98114e+04  1.65307e-13 -9.50883e-07
  5.77969e-03  1.96719e+04  2.07791e-13 -1.18404e-06
  7.19686e-03  1.94920e+04  2.61682e-13 -1.47436e-06
  8.96151e-03  1.92546e+04  3.30455e-13 -1.83587e-06
  1.11588e-02  1.89407e+04  4.18884e-13 -2.28601e-06
  1.38950e-02  1.85548e+04  5.32922e-13 -2.84653e-06
  1.73020e-02  1.81725e+04  6.77753e-13 -3.54449e-06
  2.15443e-02  1.79332e+04  8.54845e-13 -4.41360e-06
  2.68270e-02  1.78689e+04  1.06711e-12 -5.49579e-06
  3.34048e-02  1.79162e+04  1.32288e-12 -6.84334e-06
  4.15956e-02  1.80220e+04  1.63348e-12 -8.52132e-06
  5.17947e-02  1.81674e+04  2.01113e-12 -1.06108e-05
  6.44947e-02  1.83443e+04  2.46995e-12 -1.32124e-05
  8.03086e-02  1.85479e+04  3.02667e-12 -1.64521e-05
  1.00000e-01  1.87893e+04  3.69829e-12 -2.04861e-05
  1.24520e-01  1.90691e+04  4.50595e-12 -2.55093e-05
  1.55052e-01  1.93925e+04  5.47294e-12 -3.17640e-05
  1.93070e-01  1.97680e+04  6.62454e-12 -3.95525e-05
  2.40410e-01  2.02022e+04  7.98929e-12 -4.92506e-05
  2.99358e-01  2.07013e+04  9.59926e-12 -6.13267e-05
  3.72759e-01  2.12672e+04  1.14926e-11 -7.63638e-05
  4.64159e-01  2.18946e+04  1.37172e-11 -9.50883e-05
  5.77969e-01  2.25755e+04  1.63312e-11 -1.18404e-04
  7.19686e-01  2.33107e+04  1.93962e-11 -1.47436e-04
  8.96151e-01  2.41035e+04  2.29800e-11 -1.83587e-04
  1.11588e+00  2.49506e+04  2.71649e-11 -2.28601e-04
  1.38950e+00  2.58589e+04  3.20305e-11 -2.84653e-04
  1.73020e+00  2.68622e+04  3.76224e-11 -3.54449e-04
  2.15443e+00  2.79943e+04  4.39595e-11 -4.41360e-04
  2.68270e+00  2.92699e+04  5.10398e-11 -5.49579e-04
  3.34048e+00  3.06847e+04  5.88556e-11 -6.14582e-04
  4.15956e+00  3.22210e+04  6.75292e-11 -6.14582e-04
  5.17947e+00  3.38564e+04  7.74282e-11 -6.14582e-04
  6.44947e+00  3.55650e+04  8.90046e-11 -6.14582e-04
  8.03086e+00  3.73334e+04  1.02608e-10 -6.14582e-04
  1.00000e+01  3.91728e+04  1.18501e-10 -6.14582e-04
  1.24520e+01  4.10935e+04  1.36975e-10 -6.14582e-04
  1.55052e+01  4.31019e+04  1.58380e-10 -6.14582e-04
  1.93070e+01  4.51954e+04  1.83151e-10 -6.14582e-04
  2.40410e+01  4.73585e+04  2.11834e-10 -6.14582e-04
  2.99358e+01  4.95703e+04  2.45083e-10 -6.14582e-04
  3.72759e+01  5.18172e+04  2.83607e-10 -6.14582e-04
  4.64159e+01  5.40959e+04  3.28162e-10 -6.14582e-04
  5.77969e+01  5.64105e+04  3.79560e-10 -6.14582e-04
  7.19686e+01  5.87674e+04  4.38696e-10 -6.14582e-04
  8.96151e+01  6.11722e+04  5.06587e-10 -6.14582e-04
  1.11588e+02  6.36307e+04  5.84376e-10 -6.14582e-04
  1.38950e+02  6.61507e+04  6.73333e-10 -6.14582e-04
  1.73020e+02  6.87441e+04  7.74854e-10 -6.14582e-04
  2.15443e+02  7.14185e+04  8.90557e-10 -6.14582e-04
  2.68270e+02  7.41935e+04  1.02213e-09 -6.14582e-04
  3.34048e+02  7.70659e+04  1.17178e-09 -6.14582e-04
  4.15956e+02  8.00681e+04  1.34150e-09 -6.14582e-04
  5.17947e+02  8.31537e+04  1.53476e-09 -6.14582e-04
  6.44947e+02  8.63945e+04  1.75351e-09 -6.14582e-04
  8.03086e+02  8.96608e+04  2.00361e-09 -6.14582e-04
  1.00000e+03  9.31895e+04  2.28418e-09 -6.14582e-04
