#n1=128 n2=4 Teff=21000 R=1.2908e+13 L=2.3112e+40 logg=+1.50
#   tau          T          rho         Fconv
 0.00000e+00 1.30115e+04 5.73925e-22 +0.00000e+00
 1.00000e-09 1.30115e+04 4.59496e-20 +0.00000e+00
 1.24520e-09 1.30123e+04 5.71907e-20 +0.00000e+00
 1.55052e-09 1.30146e+04 7.12084e-20 +0.00000e+00
 1.93070e-09 1.30173e+04 8.86931e-20 +0.00000e+00
 2.40410e-09 1.30204e+04 1.10502e-19 +0.00000e+00
 2.99358e-09 1.30239e+04 1.37704e-19 +0.00000e+00
 3.72759e-09 1.30277e+04 1.71634e-19 +0.00000e+00
 4.64159e-09 1.30317e+04 2.13955e-19 +0.00000e+00
 5.77969e-09 1.30359e+04 2.66741e-19 +0.00000e+00
 7.19686e-09 1.30403e+04 3.32581e-19 +0.00000e+00
 8.96151e-09 1.30449e+04 4.14702e-19 +0.00000e+00
 1.11588e-08 1.30496e+04 5.17129e-19 +0.00000e+00
 1.38950e-08 1.30544e+04 6.44881e-19 +0.00000e+00
 1.73020e-08 1.30593e+04 8.04221e-19 +0.00000e+00
 2.15443e-08 1.30644e+04 1.00296e-18 +0.00000e+00
 2.68270e-08 1.30696e+04 1.25082e-18 +0.00000e+00
 3.34048e-08 1.30749e+04 1.55996e-18 +0.00000e+00
 4.15956e-08 1.30804e+04 1.94553e-18 +0.00000e+00
 5.17947e-08 1.30860e+04 2.42639e-18 +0.00000e+00
 6.44947e-08 1.30917e+04 3.02611e-18 +0.00000e+00
 8.03086e-08 1.30975e+04 3.77405e-18 +0.00000e+00
 1.00000e-07 1.31036e+04 4.70683e-18 +0.00000e+00
 1.24520e-07 1.31097e+04 5.87012e-18 +0.00000e+00
 1.55052e-07 1.31160e+04 7.32085e-18 +0.00000e+00
 1.93070e-07 1.31225e+04 9.13003e-18 +0.00000e+00
 2.40410e-07 1.31291e+04 1.13862e-17 +0.00000e+00
 2.99358e-07 1.31359e+04 1.41997e-17 +0.00000e+00
 3.72759e-07 1.31429e+04 1.77082e-17 +0.00000e+00
 4.64159e-07 1.31501e+04 2.20834e-17 +0.00000e+00
 5.77969e-07 1.31575e+04 2.75390e-17 +0.00000e+00
 7.19686e-07 1.31652e+04 3.43417e-17 +0.00000e+00
 8.96151e-07 1.31731e+04 4.28240e-17 +0.00000e+00
 1.11588e-06 1.31814e+04 5.34000e-17 +0.00000e+00
 1.38950e-06 1.31901e+04 6.65859e-17 +0.00000e+00
 1.73020e-06 1.31992e+04 8.30245e-17 +0.00000e+00
 2.15443e-06 1.32090e+04 1.03517e-16 +0.00000e+00
 2.68270e-06 1.32195e+04 1.29060e-16 +0.00000e+00
 3.34048e-06 1.32309e+04 1.60895e-16 +0.00000e+00
 4.15956e-06 1.32435e+04 2.00566e-16 +0.00000e+00
 5.17947e-06 1.32573e+04 2.49993e-16 +0.00000e+00
 6.44947e-06 1.32728e+04 3.11563e-16 +0.00000e+00
 8.03086e-06 1.32902e+04 3.88242e-16 +0.00000e+00
 1.00000e-05 1.33099e+04 4.83710e-16 +0.00000e+00
 1.24520e-05 1.33322e+04 6.02535e-16 +0.00000e+00
 1.55052e-05 1.33576e+04 7.50377e-16 +0.00000e+00
 1.93070e-05 1.33866e+04 9.34249e-16 +0.00000e+00
 2.40410e-05 1.34198e+04 1.16283e-15 +0.00000e+00
 2.99358e-05 1.34576e+04 1.44684e-15 +0.00000e+00
 3.72759e-05 1.35006e+04 1.79953e-15 +0.00000e+00
 4.64159e-05 1.35497e+04 2.23724e-15 +0.00000e+00
 5.77969e-05 1.36054e+04 2.78009e-15 +0.00000e+00
 7.19686e-05 1.36685e+04 3.45287e-15 +0.00000e+00
 8.96151e-05 1.37396e+04 4.28605e-15 +0.00000e+00
 1.11588e-04 1.38195e+04 5.31706e-15 +0.00000e+00
 1.38950e-04 1.39089e+04 6.59187e-15 +0.00000e+00
 1.73020e-04 1.40081e+04 8.16694e-15 +0.00000e+00
 2.15443e-04 1.41173e+04 1.01117e-14 +0.00000e+00
 2.68270e-04 1.42365e+04 1.25116e-14 +0.00000e+00
 3.34048e-04 1.43651e+04 1.54722e-14 +0.00000e+00
 4.15956e-04 1.45018e+04 1.91243e-14 +0.00000e+00
 5.17947e-04 1.46444e+04 2.36308e-14 +0.00000e+00
 6.44947e-04 1.47899e+04 2.91966e-14 +0.00000e+00
 8.03086e-04 1.49329e+04 3.60823e-14 +0.00000e+00
 1.00000e-03 1.50669e+04 4.46224e-14 +0.00000e+00
 1.24520e-03 1.51844e+04 5.52465e-14 -2.54304e-07
 1.55052e-03 1.52777e+04 6.85095e-14 -3.16659e-07
 1.93070e-03 1.53400e+04 8.51261e-14 -3.94303e-07
 2.40410e-03 1.53682e+04 1.06000e-13 -4.90984e-07
 2.99358e-03 1.53637e+04 1.32253e-13 -6.11373e-07
 3.72759e-03 1.53360e+04 1.65227e-13 -7.61279e-07
 4.64159e-03 1.52979e+04 2.06506e-13 -9.47946e-07
 5.77969e-03 1.52615e+04 2.57985e-13 -1.18038e-06
 7.19686e-03 1.52341e+04 3.21980e-13 -1.46980e-06
 8.96151e-03 1.52187e+04 4.01349e-13 -1.83019e-06
 1.11588e-02 1.52162e+04 4.99606e-13 -2.27895e-06
 1.38950e-02 1.52273e+04 6.21009e-13 -2.83774e-06
 1.73020e-02 1.52533e+04 7.70679e-13 -3.53354e-06
 2.15443e-02 1.52961e+04 9.54708e-13 -4.39996e-06
 2.68270e-02 1.53586e+04 1.18026e-12 -5.47882e-06
 3.34048e-02 1.54451e+04 1.45560e-12 -6.82220e-06
 4.15956e-02 1.55606e+04 1.79020e-12 -8.49499e-06
 5.17947e-02 1.57094e+04 2.19495e-12 -1.05780e-05
 6.44947e-02 1.59009e+04 2.68142e-12 -1.31716e-05
 8.03086e-02 1.61415e+04 3.26273e-12 -1.64012e-05
 1.00000e-01 1.64355e+04 3.95385e-12 -2.04228e-05
 1.24520e-01 1.67864e+04 4.77188e-12 -2.54304e-05
 1.55052e-01 1.71947e+04 5.73707e-12 -3.16659e-05
 1.93070e-01 1.76578e+04 6.87409e-12 -3.94303e-05
 2.40410e-01 1.81706e+04 8.21304e-12 -4.90984e-05
 2.99358e-01 1.87271e+04 9.79020e-12 -6.11373e-05
 3.72759e-01 1.93216e+04 1.16484e-11 -7.61279e-05
 4.64159e-01 1.99497e+04 1.38373e-11 -9.47946e-05
 5.77969e-01 2.06049e+04 1.64168e-11 -1.18038e-04
 7.19686e-01 2.12941e+04 1.94453e-11 -1.46980e-04
 8.96151e-01 2.20136e+04 2.29984e-11 -1.83019e-04
 1.11588e+00 2.27654e+04 2.71572e-11 -2.27895e-04
 1.38950e+00 2.35543e+04 3.20092e-11 -2.83774e-04
 1.73020e+00 2.43912e+04 3.76433e-11 -3.53354e-04
 2.15443e+00 2.52864e+04 4.41559e-11 -4.39996e-04
 2.68270e+00 2.62549e+04 5.16406e-11 -5.47882e-04
 3.34048e+00 2.73060e+04 6.01983e-11 -6.12684e-04
 4.15956e+00 2.84496e+04 6.99108e-11 -6.12704e-04
 5.17947e+00 2.96918e+04 8.08254e-11 -6.12706e-04
 6.44947e+00 3.10336e+04 9.29724e-11 -6.12696e-04
 8.03086e+00 3.24721e+04 1.06491e-10 -6.12687e-04
 1.00000e+01 3.40066e+04 1.21759e-10 -6.12687e-04
 1.24520e+01 3.56317e+04 1.39331e-10 -6.12687e-04
 1.55052e+01 3.73405e+04 1.59728e-10 -6.12686e-04
 1.93070e+01 3.91266e+04 1.83411e-10 -6.12683e-04
 2.40410e+01 4.09837e+04 2.10861e-10 -6.12684e-04
 2.99358e+01 4.29066e+04 2.42608e-10 -6.12684e-04
 3.72759e+01 4.48923e+04 2.79250e-10 -6.12685e-04
 4.64159e+01 4.69398e+04 3.21458e-10 -6.12685e-04
 5.77969e+01 4.90502e+04 3.69982e-10 -6.12685e-04
 7.19686e+01 5.12188e+04 4.25713e-10 -6.12685e-04
 8.96151e+01 5.34497e+04 4.89590e-10 -6.12684e-04
 1.11588e+02 5.57462e+04 5.62694e-10 -6.12684e-04
 1.38950e+02 5.81169e+04 6.46191e-10 -6.12684e-04
 1.73020e+02 6.05708e+04 7.41395e-10 -6.12684e-04
 2.15443e+02 6.31091e+04 8.49881e-10 -6.12684e-04
 2.68270e+02 6.57512e+04 9.73212e-10 -6.12684e-04
 3.34048e+02 6.84814e+04 1.11362e-09 -6.12684e-04
 4.15956e+02 7.13522e+04 1.27266e-09 -6.12684e-04
 5.17947e+02 7.42949e+04 1.45399e-09 -6.12684e-04
 6.44947e+02 7.74411e+04 1.65830e-09 -6.12684e-04
 8.03086e+02 8.06045e+04 1.89240e-09 -6.12684e-04
 1.00000e+03 8.41875e+04 2.15142e-09 -6.12684e-04
