#n1=128 n2=4 Teff=22000 R=8.5595e+11 L=1.2224e+38 logg=+3.50
#   tau          T          rho         Fconv
 0.00000e+00 1.37473e+04 5.34196e-22 +0.00000e+00
 1.00000e-09 1.37473e+04 5.18938e-18 +0.00000e+00
 1.24520e-09 1.37458e+04 6.46442e-18 +0.00000e+00
 1.55052e-09 1.37446e+04 8.05256e-18 +0.00000e+00
 1.93070e-09 1.37436e+04 1.00308e-17 +0.00000e+00
 2.40410e-09 1.37427e+04 1.24949e-17 +0.00000e+00
 2.99358e-09 1.37417e+04 1.55645e-17 +0.00000e+00
 3.72759e-09 1.37405e+04 1.93886e-17 +0.00000e+00
 4.64159e-09 1.37389e+04 2.41528e-17 +0.00000e+00
 5.77969e-09 1.37369e+04 3.00889e-17 +0.00000e+00
 7.19686e-09 1.37342e+04 3.74858e-17 +0.00000e+00
 8.96151e-09 1.37305e+04 4.67044e-17 +0.00000e+00
 1.11588e-08 1.37257e+04 5.81954e-17 +0.00000e+00
 1.38950e-08 1.37194e+04 7.25223e-17 +0.00000e+00
 1.73020e-08 1.37110e+04 9.03904e-17 +0.00000e+00
 2.15443e-08 1.37000e+04 1.12684e-16 +0.00000e+00
 2.68270e-08 1.36854e+04 1.40513e-16 +0.00000e+00
 3.34048e-08 1.36662e+04 1.75277e-16 +0.00000e+00
 4.15956e-08 1.36407e+04 2.18747e-16 +0.00000e+00
 5.17947e-08 1.36067e+04 2.73176e-16 +0.00000e+00
 6.44947e-08 1.35609e+04 3.41457e-16 +0.00000e+00
 8.03086e-08 1.34987e+04 4.27341e-16 +0.00000e+00
 1.00000e-07 1.34189e+04 5.35569e-16 +0.00000e+00
 1.24520e-07 1.33109e+04 6.72686e-16 +0.00000e+00
 1.55052e-07 1.32033e+04 8.45004e-16 +0.00000e+00
 1.93070e-07 1.30924e+04 1.06187e-15 +0.00000e+00
 2.40410e-07 1.29972e+04 1.33296e-15 +0.00000e+00
 2.99358e-07 1.29318e+04 1.66957e-15 +0.00000e+00
 3.72759e-07 1.29010e+04 2.08580e-15 +0.00000e+00
 4.64159e-07 1.28834e+04 2.60338e-15 +0.00000e+00
 5.77969e-07 1.28772e+04 3.24689e-15 +0.00000e+00
 7.19686e-07 1.28767e+04 4.04819e-15 +0.00000e+00
 8.96151e-07 1.28796e+04 5.04646e-15 +0.00000e+00
 1.11588e-06 1.28858e+04 6.29011e-15 +0.00000e+00
 1.38950e-06 1.28940e+04 7.83987e-15 +0.00000e+00
 1.73020e-06 1.29038e+04 9.77116e-15 +0.00000e+00
 2.15443e-06 1.29148e+04 1.21778e-14 +0.00000e+00
 2.68270e-06 1.29267e+04 1.51766e-14 +0.00000e+00
 3.34048e-06 1.29395e+04 1.89123e-14 +0.00000e+00
 4.15956e-06 1.29529e+04 2.35655e-14 +0.00000e+00
 5.17947e-06 1.29669e+04 2.93602e-14 +0.00000e+00
 6.44947e-06 1.29814e+04 3.65752e-14 +0.00000e+00
 8.03086e-06 1.29963e+04 4.55572e-14 +0.00000e+00
 1.00000e-05 1.30117e+04 5.67370e-14 +0.00000e+00
 1.24520e-05 1.30277e+04 7.06503e-14 +0.00000e+00
 1.55052e-05 1.30441e+04 8.79625e-14 +0.00000e+00
 1.93070e-05 1.30611e+04 1.09500e-13 +0.00000e+00
 2.40410e-05 1.30786e+04 1.36286e-13 +0.00000e+00
 2.99358e-05 1.30967e+04 1.69595e-13 +0.00000e+00
 3.72759e-05 1.31151e+04 2.10983e-13 +0.00000e+00
 4.64159e-05 1.31338e+04 2.62412e-13 +0.00000e+00
 5.77969e-05 1.31521e+04 3.26239e-13 +0.00000e+00
 7.19686e-05 1.31699e+04 4.05432e-13 +0.00000e+00
 8.96151e-05 1.31861e+04 5.03592e-13 +0.00000e+00
 1.11588e-04 1.31999e+04 6.25197e-13 +0.00000e+00
 1.38950e-04 1.32093e+04 7.75806e-13 +0.00000e+00
 1.73020e-04 1.32136e+04 9.62131e-13 +0.00000e+00
 2.15443e-04 1.32107e+04 1.19250e-12 +0.00000e+00
 2.68270e-04 1.31986e+04 1.47687e-12 +0.00000e+00
 3.34048e-04 1.31761e+04 1.82720e-12 +0.00000e+00
 4.15956e-04 1.31435e+04 2.25751e-12 +0.00000e+00
 5.17947e-04 1.31035e+04 2.78368e-12 +0.00000e+00
 6.44947e-04 1.30598e+04 3.42362e-12 +0.00000e+00
 8.03086e-04 1.30176e+04 4.19677e-12 +0.00000e+00
 1.00000e-03 1.29800e+04 5.12484e-12 +0.00000e+00
 1.24520e-03 1.29490e+04 6.23194e-12 -2.54666e-07
 1.55052e-03 1.29241e+04 7.54502e-12 -3.17109e-07
 1.93070e-03 1.29043e+04 9.09396e-12 -3.94863e-07
 2.40410e-03 1.28933e+04 1.09067e-11 -4.91683e-07
 2.99358e-03 1.28889e+04 1.30177e-11 -6.12242e-07
 3.72759e-03 1.28940e+04 1.54577e-11 -7.62360e-07
 4.64159e-03 1.29104e+04 1.82622e-11 -9.49289e-07
 5.77969e-03 1.29404e+04 2.14661e-11 -1.18206e-06
 7.19686e-03 1.29833e+04 2.51136e-11 -1.47189e-06
 8.96151e-03 1.30399e+04 2.92512e-11 -1.83280e-06
 1.11588e-02 1.31131e+04 3.39259e-11 -2.28219e-06
 1.38950e-02 1.32067e+04 3.91846e-11 -2.84177e-06
 1.73020e-02 1.33211e+04 4.50907e-11 -3.53857e-06
 2.15443e-02 1.34636e+04 5.16910e-11 -4.40622e-06
 2.68270e-02 1.36333e+04 5.90714e-11 -5.48661e-06
 3.34048e-02 1.38295e+04 6.73284e-11 -6.83191e-06
 4.15956e-02 1.40532e+04 7.65685e-11 -8.50706e-06
 5.17947e-02 1.43048e+04 8.69161e-11 -1.05930e-05
 6.44947e-02 1.45852e+04 9.85193e-11 -1.31904e-05
 8.03086e-02 1.48949e+04 1.11555e-10 -1.64246e-05
 1.00000e-01 1.52347e+04 1.26236e-10 -2.04518e-05
 1.24520e-01 1.56052e+04 1.42811e-10 -2.54666e-05
 1.55052e-01 1.60075e+04 1.61571e-10 -3.17109e-05
 1.93070e-01 1.64429e+04 1.82841e-10 -3.94863e-05
 2.40410e-01 1.69126e+04 2.06995e-10 -4.91683e-05
 2.99358e-01 1.74178e+04 2.34452e-10 -6.12242e-05
 3.72759e-01 1.79587e+04 2.65696e-10 -7.62360e-05
 4.64159e-01 1.85340e+04 3.01284e-10 -9.49289e-05
 5.77969e-01 1.91400e+04 3.41872e-10 -1.18206e-04
 7.19686e-01 1.97717e+04 3.88209e-10 -1.47189e-04
 8.96151e-01 2.04224e+04 4.41148e-10 -1.83280e-04
 1.11588e+00 2.10846e+04 5.01651e-10 -2.28219e-04
 1.38950e+00 2.17531e+04 5.70723e-10 -2.84177e-04
 1.73020e+00 2.24312e+04 6.49288e-10 -3.53857e-04
 2.15443e+00 2.31284e+04 7.38263e-10 -4.40622e-04
 2.68270e+00 2.38541e+04 8.38712e-10 -5.48661e-04
 3.34048e+00 2.46160e+04 9.51939e-10 -6.13556e-04
 4.15956e+00 2.54215e+04 1.07944e-09 -6.13556e-04
 5.17947e+00 2.62789e+04 1.22291e-09 -6.13556e-04
 6.44947e+00 2.71921e+04 1.38444e-09 -6.13556e-04
 8.03086e+00 2.81642e+04 1.56642e-09 -6.13556e-04
 1.00000e+01 2.92104e+04 1.77090e-09 -6.13556e-04
 1.24520e+01 3.03456e+04 2.00021e-09 -6.13556e-04
 1.55052e+01 3.15820e+04 2.25702e-09 -6.13556e-04
 1.93070e+01 3.29354e+04 2.54357e-09 -6.13556e-04
 2.40410e+01 3.44270e+04 2.86101e-09 -6.13556e-04
 2.99358e+01 3.60801e+04 3.20912e-09 -6.13556e-04
 3.72759e+01 3.79146e+04 3.58804e-09 -6.13556e-04
 4.64159e+01 3.99312e+04 4.00482e-09 -6.13555e-04
 5.77969e+01 4.20834e+04 4.47898e-09 -6.13555e-04
 7.19686e+01 4.42795e+04 5.03441e-09 -6.13555e-04
 8.96151e+01 4.64377e+04 5.68813e-09 -6.13555e-04
 1.11588e+02 4.85252e+04 6.44921e-09 -6.13555e-04
 1.38950e+02 5.05455e+04 7.32514e-09 -6.13554e-04
 1.73020e+02 5.25190e+04 8.32256e-09 -6.13551e-04
 2.15443e+02 5.44595e+04 9.45304e-09 -6.13541e-04
 2.68270e+02 5.63994e+04 1.07256e-08 -6.13500e-04
 3.34048e+02 5.83213e+04 1.21609e-08 -6.13344e-04
 4.15956e+02 6.03026e+04 1.37654e-08 -6.12767e-04
 5.17947e+02 6.22296e+04 1.55821e-08 -6.10468e-04
 6.44947e+02 6.43360e+04 1.75872e-08 -6.02622e-04
 8.03086e+02 6.62659e+04 1.98918e-08 -5.70315e-04
 1.00000e+03 6.85474e+04 2.23843e-08 -4.74380e-04
