#n1=128 n2=4 Teff=22000 R=1.3534e+13 L=3.0548e+40 logg=+1.50
#   tau          T          rho         Fconv
 0.00000e+00 1.75905e+04 4.13437e-22 +0.00000e+00
 1.00000e-09 1.75905e+04 2.88704e-20 +0.00000e+00
 1.24520e-09 1.76007e+04 3.59322e-20 +0.00000e+00
 1.55052e-09 1.76120e+04 4.47440e-20 +0.00000e+00
 1.93070e-09 1.76238e+04 5.57410e-20 +0.00000e+00
 2.40410e-09 1.76321e+04 6.94811e-20 +0.00000e+00
 2.99358e-09 1.76441e+04 8.66174e-20 +0.00000e+00
 3.72759e-09 1.76559e+04 1.08010e-19 +0.00000e+00
 4.64159e-09 1.76684e+04 1.34710e-19 +0.00000e+00
 5.77969e-09 1.76815e+04 1.68039e-19 +0.00000e+00
 7.19686e-09 1.76932e+04 2.09665e-19 +0.00000e+00
 8.96151e-09 1.77033e+04 2.61665e-19 +0.00000e+00
 1.11588e-08 1.77121e+04 3.26633e-19 +0.00000e+00
 1.38950e-08 1.77191e+04 4.07823e-19 +0.00000e+00
 1.73020e-08 1.77238e+04 5.09317e-19 +0.00000e+00
 2.15443e-08 1.77256e+04 6.36242e-19 +0.00000e+00
 2.68270e-08 1.77237e+04 7.95038e-19 +0.00000e+00
 3.34048e-08 1.77176e+04 9.93810e-19 +0.00000e+00
 4.15956e-08 1.77062e+04 1.24279e-18 +0.00000e+00
 5.17947e-08 1.76888e+04 1.55489e-18 +0.00000e+00
 6.44947e-08 1.76646e+04 1.94652e-18 +0.00000e+00
 8.03086e-08 1.76332e+04 2.43842e-18 +0.00000e+00
 1.00000e-07 1.75950e+04 3.05702e-18 +0.00000e+00
 1.24520e-07 1.75619e+04 3.83320e-18 +0.00000e+00
 1.55052e-07 1.75918e+04 4.79122e-18 +0.00000e+00
 1.93070e-07 1.75572e+04 6.01619e-18 +0.00000e+00
 2.40410e-07 1.75316e+04 7.55881e-18 +0.00000e+00
 2.99358e-07 1.75217e+04 9.49780e-18 +0.00000e+00
 3.72759e-07 1.75330e+04 1.19271e-17 +0.00000e+00
 4.64159e-07 1.75460e+04 1.49833e-17 +0.00000e+00
 5.77969e-07 1.75957e+04 1.87563e-17 +0.00000e+00
 7.19686e-07 1.76802e+04 2.34180e-17 +0.00000e+00
 8.96151e-07 1.77937e+04 2.91789e-17 +0.00000e+00
 1.11588e-06 1.79284e+04 3.63039e-17 +0.00000e+00
 1.38950e-06 1.80783e+04 4.51223e-17 +0.00000e+00
 1.73020e-06 1.82311e+04 5.60625e-17 +0.00000e+00
 2.15443e-06 1.83881e+04 6.96275e-17 +0.00000e+00
 2.68270e-06 1.85467e+04 8.64543e-17 +0.00000e+00
 3.34048e-06 1.87040e+04 1.07339e-16 +0.00000e+00
 4.15956e-06 1.88590e+04 1.33266e-16 +0.00000e+00
 5.17947e-06 1.90125e+04 1.65448e-16 +0.00000e+00
 6.44947e-06 1.91649e+04 2.05395e-16 +0.00000e+00
 8.03086e-06 1.93167e+04 2.54976e-16 +0.00000e+00
 1.00000e-05 1.94694e+04 3.16492e-16 +0.00000e+00
 1.24520e-05 1.96252e+04 3.92769e-16 +0.00000e+00
 1.55052e-05 1.97865e+04 4.87270e-16 +0.00000e+00
 1.93070e-05 1.99562e+04 6.04221e-16 +0.00000e+00
 2.40410e-05 2.01366e+04 7.48789e-16 +0.00000e+00
 2.99358e-05 2.03295e+04 9.27300e-16 +0.00000e+00
 3.72759e-05 2.05360e+04 1.14752e-15 +0.00000e+00
 4.64159e-05 2.07562e+04 1.41898e-15 +0.00000e+00
 5.77969e-05 2.09900e+04 1.75342e-15 +0.00000e+00
 7.19686e-05 2.12363e+04 2.16530e-15 +0.00000e+00
 8.96151e-05 2.14929e+04 2.67258e-15 +0.00000e+00
 1.11588e-04 2.17568e+04 3.29760e-15 +0.00000e+00
 1.38950e-04 2.20245e+04 4.06821e-15 +0.00000e+00
 1.73020e-04 2.22917e+04 5.01934e-15 +0.00000e+00
 2.15443e-04 2.25542e+04 6.19473e-15 +0.00000e+00
 2.68270e-04 2.28081e+04 7.64924e-15 +0.00000e+00
 3.34048e-04 2.30508e+04 9.45146e-15 +0.00000e+00
 4.15956e-04 2.32801e+04 1.16872e-14 +0.00000e+00
 5.17947e-04 2.34946e+04 1.44638e-14 +0.00000e+00
 6.44947e-04 2.36919e+04 1.79173e-14 +0.00000e+00
 8.03086e-04 2.38651e+04 2.22234e-14 +0.00000e+00
 1.00000e-03 2.40059e+04 2.76097e-14 +0.00000e+00
 1.24520e-03 2.41059e+04 3.43709e-14 -2.54775e-07
 1.55052e-03 2.41582e+04 4.28864e-14 -3.17245e-07
 1.93070e-03 2.41521e+04 5.36581e-14 -3.95033e-07
 2.40410e-03 2.40717e+04 6.73605e-14 -4.91894e-07
 2.99358e-03 2.38962e+04 8.49150e-14 -6.12505e-07
 3.72759e-03 2.35911e+04 1.07643e-13 -7.62687e-07
 4.64159e-03 2.30931e+04 1.37596e-13 -9.49697e-07
 5.77969e-03 2.22914e+04 1.78296e-13 -1.18256e-06
 7.19686e-03 2.11372e+04 2.35053e-13 -1.47252e-06
 8.96151e-03 1.98351e+04 3.12891e-13 -1.83358e-06
 1.11588e-02 1.87057e+04 4.14092e-13 -2.28317e-06
 1.38950e-02 1.77090e+04 5.45389e-13 -2.84299e-06
 1.73020e-02 1.70095e+04 7.07232e-13 -3.54009e-06
 2.15443e-02 1.68460e+04 8.88611e-13 -4.40811e-06
 2.68270e-02 1.69841e+04 1.09595e-12 -5.48897e-06
 3.34048e-02 1.72307e+04 1.34241e-12 -6.83484e-06
 4.15956e-02 1.75408e+04 1.63771e-12 -8.51072e-06
 5.17947e-02 1.78906e+04 1.99298e-12 -1.05975e-05
 6.44947e-02 1.82741e+04 2.42032e-12 -1.31960e-05
 8.03086e-02 1.86795e+04 2.93532e-12 -1.64317e-05
 1.00000e-01 1.91122e+04 3.55411e-12 -2.04606e-05
 1.24520e-01 1.95717e+04 4.29669e-12 -2.54775e-05
 1.55052e-01 2.00585e+04 5.18634e-12 -3.17245e-05
 1.93070e-01 2.05638e+04 6.25317e-12 -3.95033e-05
 2.40410e-01 2.10836e+04 7.53205e-12 -4.91894e-05
 2.99358e-01 2.16076e+04 9.06691e-12 -6.12505e-05
 3.72759e-01 2.21365e+04 1.09056e-11 -7.62687e-05
 4.64159e-01 2.26861e+04 1.30950e-11 -9.49697e-05
 5.77969e-01 2.33147e+04 1.56585e-11 -1.18256e-04
 7.19686e-01 2.40783e+04 1.86113e-11 -1.47252e-04
 8.96151e-01 2.48670e+04 2.20963e-11 -1.83358e-04
 1.11588e+00 2.56492e+04 2.62277e-11 -2.28317e-04
 1.38950e+00 2.65358e+04 3.09829e-11 -2.84299e-04
 1.73020e+00 2.75763e+04 3.63639e-11 -3.54009e-04
 2.15443e+00 2.87453e+04 4.24332e-11 -4.40811e-04
 2.68270e+00 3.00981e+04 4.90962e-11 -5.48897e-04
 3.34048e+00 3.15750e+04 5.64826e-11 -6.13819e-04
 4.15956e+00 3.30540e+04 6.50634e-11 -6.13819e-04
 5.17947e+00 3.47554e+04 7.46942e-11 -6.13819e-04
 6.44947e+00 3.63406e+04 8.64413e-11 -6.13819e-04
 8.03086e+00 3.81671e+04 9.97241e-11 -6.13819e-04
 1.00000e+01 3.99002e+04 1.15671e-10 -6.13819e-04
 1.24520e+01 4.19100e+04 1.33594e-10 -6.13819e-04
 1.55052e+01 4.37383e+04 1.55225e-10 -6.13819e-04
 1.93070e+01 4.60737e+04 1.78735e-10 -6.13819e-04
 2.40410e+01 4.78841e+04 2.08323e-10 -6.13819e-04
 2.99358e+01 5.04850e+04 2.39328e-10 -6.13819e-04
 3.72759e+01 5.23182e+04 2.79200e-10 -6.13819e-04
 4.64159e+01 5.49864e+04 3.20898e-10 -6.13819e-04
 5.77969e+01 5.70475e+04 3.72964e-10 -6.13819e-04
 7.19686e+01 5.96231e+04 4.29646e-10 -6.13819e-04
 8.96151e+01 6.20487e+04 4.96369e-10 -6.13819e-04
 1.11588e+02 6.45446e+04 5.72663e-10 -6.13819e-04
 1.38950e+02 6.72926e+04 6.58409e-10 -6.13819e-04
 1.73020e+02 6.98457e+04 7.59024e-10 -6.13819e-04
 2.15443e+02 7.28570e+04 8.69778e-10 -6.13819e-04
 2.68270e+02 7.56016e+04 1.00040e-09 -6.13819e-04
 3.34048e+02 7.88468e+04 1.14384e-09 -6.13819e-04
 4.15956e+02 8.18783e+04 1.31194e-09 -6.13819e-04
 5.17947e+02 8.52898e+04 1.49877e-09 -6.13819e-04
 6.44947e+02 8.86699e+04 1.71407e-09 -6.13819e-04
 8.03086e+02 9.21572e+04 1.95874e-09 -6.13819e-04
 1.00000e+03 9.59638e+04 2.23260e-09 -6.13819e-04
