#n1=128 n2=4 Teff=22000 R=1.6422e+12 L=4.5081e+38 logg=+3.00
#   tau          T          rho         Fconv
 0.00000e+00 1.29954e+04 5.74161e-22 +0.00000e+00
 1.00000e-09 1.29954e+04 1.70298e-18 +0.00000e+00
 1.24520e-09 1.29974e+04 2.12109e-18 +0.00000e+00
 1.55052e-09 1.29995e+04 2.64186e-18 +0.00000e+00
 1.93070e-09 1.30017e+04 3.29051e-18 +0.00000e+00
 2.40410e-09 1.30039e+04 4.09845e-18 +0.00000e+00
 2.99358e-09 1.30060e+04 5.10480e-18 +0.00000e+00
 3.72759e-09 1.30082e+04 6.35833e-18 +0.00000e+00
 4.64159e-09 1.30102e+04 7.91977e-18 +0.00000e+00
 5.77969e-09 1.30120e+04 9.86483e-18 +0.00000e+00
 7.19686e-09 1.30136e+04 1.22879e-17 +0.00000e+00
 8.96151e-09 1.30148e+04 1.53064e-17 +0.00000e+00
 1.11588e-08 1.30157e+04 1.90671e-17 +0.00000e+00
 1.38950e-08 1.30161e+04 2.37528e-17 +0.00000e+00
 1.73020e-08 1.30160e+04 2.95911e-17 +0.00000e+00
 2.15443e-08 1.30152e+04 3.68663e-17 +0.00000e+00
 2.68270e-08 1.30138e+04 4.59327e-17 +0.00000e+00
 3.34048e-08 1.30116e+04 5.72321e-17 +0.00000e+00
 4.15956e-08 1.30086e+04 7.13154e-17 +0.00000e+00
 5.17947e-08 1.30049e+04 8.88694e-17 +0.00000e+00
 6.44947e-08 1.30006e+04 1.10750e-16 +0.00000e+00
 8.03086e-08 1.29959e+04 1.38022e-16 +0.00000e+00
 1.00000e-07 1.29909e+04 1.72013e-16 +0.00000e+00
 1.24520e-07 1.29861e+04 2.14374e-16 +0.00000e+00
 1.55052e-07 1.29817e+04 2.67158e-16 +0.00000e+00
 1.93070e-07 1.29783e+04 3.32916e-16 +0.00000e+00
 2.40410e-07 1.29760e+04 4.14826e-16 +0.00000e+00
 2.99358e-07 1.29751e+04 5.16837e-16 +0.00000e+00
 3.72759e-07 1.29757e+04 6.43864e-16 +0.00000e+00
 4.64159e-07 1.29778e+04 8.02022e-16 +0.00000e+00
 5.77969e-07 1.29815e+04 9.98919e-16 +0.00000e+00
 7.19686e-07 1.29868e+04 1.24402e-15 +0.00000e+00
 8.96151e-07 1.29936e+04 1.54911e-15 +0.00000e+00
 1.11588e-06 1.30018e+04 1.92883e-15 +0.00000e+00
 1.38950e-06 1.30113e+04 2.40143e-15 +0.00000e+00
 1.73020e-06 1.30222e+04 2.98958e-15 +0.00000e+00
 2.15443e-06 1.30343e+04 3.72152e-15 +0.00000e+00
 2.68270e-06 1.30476e+04 4.63234e-15 +0.00000e+00
 3.34048e-06 1.30621e+04 5.76572e-15 +0.00000e+00
 4.15956e-06 1.30778e+04 7.17595e-15 +0.00000e+00
 5.17947e-06 1.30947e+04 8.93048e-15 +0.00000e+00
 6.44947e-06 1.31129e+04 1.11132e-14 +0.00000e+00
 8.03086e-06 1.31326e+04 1.38280e-14 +0.00000e+00
 1.00000e-05 1.31539e+04 1.72042e-14 +0.00000e+00
 1.24520e-05 1.31770e+04 2.14016e-14 +0.00000e+00
 1.55052e-05 1.32022e+04 2.66186e-14 +0.00000e+00
 1.93070e-05 1.32297e+04 3.31004e-14 +0.00000e+00
 2.40410e-05 1.32598e+04 4.11509e-14 +0.00000e+00
 2.99358e-05 1.32928e+04 5.11453e-14 +0.00000e+00
 3.72759e-05 1.33289e+04 6.35474e-14 +0.00000e+00
 4.64159e-05 1.33686e+04 7.89298e-14 +0.00000e+00
 5.77969e-05 1.34119e+04 9.79986e-14 +0.00000e+00
 7.19686e-05 1.34591e+04 1.21624e-13 +0.00000e+00
 8.96151e-05 1.35102e+04 1.50879e-13 +0.00000e+00
 1.11588e-04 1.35649e+04 1.87083e-13 +0.00000e+00
 1.38950e-04 1.36231e+04 2.31862e-13 +0.00000e+00
 1.73020e-04 1.36839e+04 2.87218e-13 +0.00000e+00
 2.15443e-04 1.37464e+04 3.55619e-13 +0.00000e+00
 2.68270e-04 1.38089e+04 4.40112e-13 +0.00000e+00
 3.34048e-04 1.38694e+04 5.44466e-13 +0.00000e+00
 4.15956e-04 1.39249e+04 6.73361e-13 +0.00000e+00
 5.17947e-04 1.39722e+04 8.32598e-13 +0.00000e+00
 6.44947e-04 1.40075e+04 1.02940e-12 +0.00000e+00
 8.03086e-04 1.40277e+04 1.27265e-12 +0.00000e+00
 1.00000e-03 1.40307e+04 1.57320e-12 +0.00000e+00
 1.24520e-03 1.40163e+04 1.94396e-12 -2.54183e-07
 1.55052e-03 1.39873e+04 2.40007e-12 -3.16508e-07
 1.93070e-03 1.39495e+04 2.95866e-12 -3.94115e-07
 2.40410e-03 1.39096e+04 3.63882e-12 -4.90751e-07
 2.99358e-03 1.38741e+04 4.46152e-12 -6.11082e-07
 3.72759e-03 1.38470e+04 5.45000e-12 -7.60915e-07
 4.64159e-03 1.38312e+04 6.62972e-12 -9.47491e-07
 5.77969e-03 1.38261e+04 8.03000e-12 -1.17982e-06
 7.19686e-03 1.38330e+04 9.68124e-12 -1.46910e-06
 8.96151e-03 1.38529e+04 1.16166e-11 -1.82932e-06
 1.11588e-02 1.38876e+04 1.38702e-11 -2.27787e-06
 1.38950e-02 1.39395e+04 1.64775e-11 -2.83639e-06
 1.73020e-02 1.40113e+04 1.94764e-11 -3.53187e-06
 2.15443e-02 1.41060e+04 2.29052e-11 -4.39787e-06
 2.68270e-02 1.42271e+04 2.68059e-11 -5.47621e-06
 3.34048e-02 1.43767e+04 3.12256e-11 -6.81896e-06
 4.15956e-02 1.45584e+04 3.62149e-11 -8.49095e-06
 5.17947e-02 1.47747e+04 4.18363e-11 -1.05729e-05
 6.44947e-02 1.50277e+04 4.81647e-11 -1.31654e-05
 8.03086e-02 1.53171e+04 5.52971e-11 -1.63935e-05
 1.00000e-01 1.56490e+04 6.33271e-11 -2.04131e-05
 1.24520e-01 1.60221e+04 7.23951e-11 -2.54183e-05
 1.55052e-01 1.64359e+04 8.26618e-11 -3.16508e-05
 1.93070e-01 1.68891e+04 9.43151e-11 -3.94115e-05
 2.40410e-01 1.73800e+04 1.07571e-10 -4.90751e-05
 2.99358e-01 1.79065e+04 1.22677e-10 -6.11082e-05
 3.72759e-01 1.84663e+04 1.39912e-10 -7.60915e-05
 4.64159e-01 1.90565e+04 1.59592e-10 -9.47491e-05
 5.77969e-01 1.96735e+04 1.82078e-10 -1.17982e-04
 7.19686e-01 2.03132e+04 2.07777e-10 -1.46910e-04
 8.96151e-01 2.09708e+04 2.37149e-10 -1.82932e-04
 1.11588e+00 2.16413e+04 2.70713e-10 -2.27787e-04
 1.38950e+00 2.23204e+04 3.09033e-10 -2.83639e-04
 1.73020e+00 2.30150e+04 3.52606e-10 -3.53187e-04
 2.15443e+00 2.37320e+04 4.02001e-10 -4.39787e-04
 2.68270e+00 2.44808e+04 4.57837e-10 -5.47622e-04
 3.34048e+00 2.52693e+04 5.20845e-10 -6.12394e-04
 4.15956e+00 2.61056e+04 5.91863e-10 -6.12394e-04
 5.17947e+00 2.69982e+04 6.71831e-10 -6.12393e-04
 6.44947e+00 2.79523e+04 7.61890e-10 -6.12393e-04
 8.03086e+00 2.89725e+04 8.63305e-10 -6.12393e-04
 1.00000e+01 3.00724e+04 9.77191e-10 -6.12393e-04
 1.24520e+01 3.12657e+04 1.10466e-09 -6.12393e-04
 1.55052e+01 3.25637e+04 1.24673e-09 -6.12393e-04
 1.93070e+01 3.39812e+04 1.40385e-09 -6.12393e-04
 2.40410e+01 3.55372e+04 1.57595e-09 -6.12393e-04
 2.99358e+01 3.72502e+04 1.76392e-09 -6.12393e-04
 3.72759e+01 3.91306e+04 1.97202e-09 -6.12393e-04
 4.64159e+01 4.11641e+04 2.20849e-09 -6.12393e-04
 5.77969e+01 4.32949e+04 2.48289e-09 -6.12393e-04
 7.19686e+01 4.54430e+04 2.80388e-09 -6.12393e-04
 8.96151e+01 4.75523e+04 3.17800e-09 -6.12393e-04
 1.11588e+02 4.96099e+04 3.60988e-09 -6.12393e-04
 1.38950e+02 5.16267e+04 4.10380e-09 -6.12393e-04
 1.73020e+02 5.36233e+04 4.66463e-09 -6.12393e-04
 2.15443e+02 5.56100e+04 5.29912e-09 -6.12393e-04
 2.68270e+02 5.76165e+04 6.01359e-09 -6.12390e-04
 3.34048e+02 5.96224e+04 6.81941e-09 -6.12381e-04
 4.15956e+02 6.17034e+04 7.72061e-09 -6.12350e-04
 5.17947e+02 6.37460e+04 8.74251e-09 -6.12225e-04
 6.44947e+02 6.59741e+04 9.87205e-09 -6.11797e-04
 8.03086e+02 6.80581e+04 1.11693e-08 -6.10053e-04
 1.00000e+03 7.04875e+04 1.25776e-08 -6.04703e-04
