#n1=128 n2=4 Teff=22000 R=6.2106e+12 L=6.4419e+39 logg=+2.00
#   tau          T          rho         Fconv
 0.00000e+00 1.78959e+04 4.01740e-22 +0.00000e+00
 1.00000e-09 1.78959e+04 9.86920e-20 +0.00000e+00
 1.24520e-09 1.78789e+04 1.23250e-19 +0.00000e+00
 1.55052e-09 1.78653e+04 1.53946e-19 +0.00000e+00
 1.93070e-09 1.78478e+04 1.92411e-19 +0.00000e+00
 2.40410e-09 1.78295e+04 2.40609e-19 +0.00000e+00
 2.99358e-09 1.78089e+04 3.01073e-19 +0.00000e+00
 3.72759e-09 1.77897e+04 3.76900e-19 +0.00000e+00
 4.64159e-09 1.77712e+04 4.72069e-19 +0.00000e+00
 5.77969e-09 1.77509e+04 5.91704e-19 +0.00000e+00
 7.19686e-09 1.77289e+04 7.42204e-19 +0.00000e+00
 8.96151e-09 1.77069e+04 9.31560e-19 +0.00000e+00
 1.11588e-08 1.76838e+04 1.16998e-18 +0.00000e+00
 1.38950e-08 1.76580e+04 1.47042e-18 +0.00000e+00
 1.73020e-08 1.76305e+04 1.84895e-18 +0.00000e+00
 2.15443e-08 1.76003e+04 2.32585e-18 +0.00000e+00
 2.68270e-08 1.75674e+04 2.92644e-18 +0.00000e+00
 3.34048e-08 1.75474e+04 3.67779e-18 +0.00000e+00
 4.15956e-08 1.75002e+04 4.62965e-18 +0.00000e+00
 5.17947e-08 1.74498e+04 5.82648e-18 +0.00000e+00
 6.44947e-08 1.73966e+04 7.32996e-18 +0.00000e+00
 8.03086e-08 1.73698e+04 9.19951e-18 +0.00000e+00
 1.00000e-07 1.73270e+04 1.15509e-17 +0.00000e+00
 1.24520e-07 1.72866e+04 1.44930e-17 +0.00000e+00
 1.55052e-07 1.72482e+04 1.81728e-17 +0.00000e+00
 1.93070e-07 1.72127e+04 2.27727e-17 +0.00000e+00
 2.40410e-07 1.71803e+04 2.85200e-17 +0.00000e+00
 2.99358e-07 1.71522e+04 3.56965e-17 +0.00000e+00
 3.72759e-07 1.71258e+04 4.46611e-17 +0.00000e+00
 4.64159e-07 1.71033e+04 5.58502e-17 +0.00000e+00
 5.77969e-07 1.70834e+04 6.98169e-17 +0.00000e+00
 7.19686e-07 1.70657e+04 8.72502e-17 +0.00000e+00
 8.96151e-07 1.70493e+04 1.09011e-16 +0.00000e+00
 1.11588e-06 1.70336e+04 1.36177e-16 +0.00000e+00
 1.38950e-06 1.70177e+04 1.70098e-16 +0.00000e+00
 1.73020e-06 1.70007e+04 2.12463e-16 +0.00000e+00
 2.15443e-06 1.69816e+04 2.65394e-16 +0.00000e+00
 2.68270e-06 1.69593e+04 3.31554e-16 +0.00000e+00
 3.34048e-06 1.69330e+04 4.14288e-16 +0.00000e+00
 4.15956e-06 1.69015e+04 5.17802e-16 +0.00000e+00
 5.17947e-06 1.68644e+04 6.47375e-16 +0.00000e+00
 6.44947e-06 1.68212e+04 8.09648e-16 +0.00000e+00
 8.03086e-06 1.67722e+04 1.01293e-15 +0.00000e+00
 1.00000e-05 1.67181e+04 1.26760e-15 +0.00000e+00
 1.24520e-05 1.66603e+04 1.58666e-15 +0.00000e+00
 1.55052e-05 1.66003e+04 1.98626e-15 +0.00000e+00
 1.93070e-05 1.65399e+04 2.48656e-15 +0.00000e+00
 2.40410e-05 1.64803e+04 3.11269e-15 +0.00000e+00
 2.99358e-05 1.64040e+04 3.90049e-15 +0.00000e+00
 3.72759e-05 1.63622e+04 4.87736e-15 +0.00000e+00
 4.64159e-05 1.63241e+04 6.09744e-15 +0.00000e+00
 5.77969e-05 1.62696e+04 7.63040e-15 +0.00000e+00
 7.19686e-05 1.62252e+04 9.54274e-15 +0.00000e+00
 8.96151e-05 1.61839e+04 1.19320e-14 +0.00000e+00
 1.11588e-04 1.61451e+04 1.49172e-14 +0.00000e+00
 1.38950e-04 1.61077e+04 1.86472e-14 +0.00000e+00
 1.73020e-04 1.60705e+04 2.33093e-14 +0.00000e+00
 2.15443e-04 1.60325e+04 2.91381e-14 +0.00000e+00
 2.68270e-04 1.59934e+04 3.64264e-14 +0.00000e+00
 3.34048e-04 1.59540e+04 4.55370e-14 +0.00000e+00
 4.15956e-04 1.59168e+04 5.69168e-14 +0.00000e+00
 5.17947e-04 1.58843e+04 7.11155e-14 +0.00000e+00
 6.44947e-04 1.58584e+04 8.88136e-14 +0.00000e+00
 8.03086e-04 1.58393e+04 1.10858e-13 +0.00000e+00
 1.00000e-03 1.58251e+04 1.38313e-13 +0.00000e+00
 1.24520e-03 1.58124e+04 1.72524e-13 -2.54413e-07
 1.55052e-03 1.57964e+04 2.15192e-13 -3.16794e-07
 1.93070e-03 1.57867e+04 2.68229e-13 -3.94471e-07
 2.40410e-03 1.57479e+04 3.34832e-13 -4.91194e-07
 2.99358e-03 1.57092e+04 4.17783e-13 -6.11634e-07
 3.72759e-03 1.56536e+04 5.21561e-13 -7.61602e-07
 4.64159e-03 1.55947e+04 6.50843e-13 -9.48346e-07
 5.77969e-03 1.55354e+04 8.11594e-13 -1.18088e-06
 7.19686e-03 1.54789e+04 1.01100e-12 -1.47043e-06
 8.96151e-03 1.54292e+04 1.25760e-12 -1.83098e-06
 1.11588e-02 1.53908e+04 1.56145e-12 -2.27992e-06
 1.38950e-02 1.53684e+04 1.93416e-12 -2.83895e-06
 1.73020e-02 1.53668e+04 2.38912e-12 -3.53506e-06
 2.15443e-02 1.53907e+04 2.94145e-12 -4.40184e-06
 2.68270e-02 1.54443e+04 3.60816e-12 -5.48116e-06
 3.34048e-02 1.55334e+04 4.40768e-12 -6.82512e-06
 4.15956e-02 1.56622e+04 5.36039e-12 -8.49862e-06
 5.17947e-02 1.58340e+04 6.48899e-12 -1.05825e-05
 6.44947e-02 1.60551e+04 7.81676e-12 -1.31773e-05
 8.03086e-02 1.63273e+04 9.37148e-12 -1.64083e-05
 1.00000e-01 1.66528e+04 1.11838e-11 -2.04315e-05
 1.24520e-01 1.70312e+04 1.32909e-11 -2.54413e-05
 1.55052e-01 1.74604e+04 1.57365e-11 -3.16794e-05
 1.93070e-01 1.79377e+04 1.85726e-11 -3.94471e-05
 2.40410e-01 1.84603e+04 2.18599e-11 -4.91194e-05
 2.99358e-01 1.90252e+04 2.56690e-11 -6.11634e-05
 3.72759e-01 1.96301e+04 3.00812e-11 -7.61602e-05
 4.64159e-01 2.02723e+04 3.51899e-11 -9.48346e-05
 5.77969e-01 2.09467e+04 4.11071e-11 -1.18088e-04
 7.19686e-01 2.16564e+04 4.79448e-11 -1.47043e-04
 8.96151e-01 2.23966e+04 5.58461e-11 -1.83098e-04
 1.11588e+00 2.31668e+04 6.49634e-11 -2.27992e-04
 1.38950e+00 2.39700e+04 7.54590e-11 -2.83895e-04
 1.73020e+00 2.48117e+04 8.75063e-11 -3.53506e-04
 2.15443e+00 2.57036e+04 1.01277e-10 -4.40184e-04
 2.68270e+00 2.66565e+04 1.16960e-10 -5.48116e-04
 3.34048e+00 2.76799e+04 1.34761e-10 -6.12946e-04
 4.15956e+00 2.87827e+04 1.54878e-10 -6.12953e-04
 5.17947e+00 2.99720e+04 1.77474e-10 -6.12945e-04
 6.44947e+00 3.12531e+04 2.02644e-10 -6.12947e-04
 8.03086e+00 3.26291e+04 2.30477e-10 -6.12946e-04
 1.00000e+01 3.41061e+04 2.61300e-10 -6.12946e-04
 1.24520e+01 3.56836e+04 2.95973e-10 -6.12946e-04
 1.55052e+01 3.73546e+04 3.35660e-10 -6.12946e-04
 1.93070e+01 3.91064e+04 3.81463e-10 -6.12946e-04
 2.40410e+01 4.09278e+04 4.34340e-10 -6.12946e-04
 2.99358e+01 4.28085e+04 4.95259e-10 -6.12946e-04
 3.72759e+01 4.47438e+04 5.65241e-10 -6.12946e-04
 4.64159e+01 4.67261e+04 6.45486e-10 -6.12946e-04
 5.77969e+01 4.87511e+04 7.37317e-10 -6.12946e-04
 7.19686e+01 5.08123e+04 8.42263e-10 -6.12946e-04
 8.96151e+01 5.29098e+04 9.61952e-10 -6.12946e-04
 1.11588e+02 5.50513e+04 1.09812e-09 -6.12946e-04
 1.38950e+02 5.72443e+04 1.25274e-09 -6.12946e-04
 1.73020e+02 5.94995e+04 1.42797e-09 -6.12946e-04
 2.15443e+02 6.18166e+04 1.62650e-09 -6.12946e-04
 2.68270e+02 6.42189e+04 1.85082e-09 -6.12946e-04
 3.34048e+02 6.66849e+04 2.10487e-09 -6.12946e-04
 4.15956e+02 6.92793e+04 2.39073e-09 -6.12946e-04
 5.17947e+02 7.19107e+04 2.71550e-09 -6.12946e-04
 6.44947e+02 7.47469e+04 3.07853e-09 -6.12945e-04
 8.03086e+02 7.75566e+04 3.49369e-09 -6.12945e-04
 1.00000e+03 8.07702e+04 3.94952e-09 -6.12943e-04
