#n1=128 n2=4 Teff=23000 R=2.5823e+11 L=1.3297e+37 logg=+4.50
#   tau          T          rho         Fconv
 0.00000e+00 1.49150e+04 4.83508e-22 +0.00000e+00
 1.00000e-09 1.49150e+04 4.86859e-17 +0.00000e+00
 1.24520e-09 1.49104e+04 6.06504e-17 +0.00000e+00
 1.55052e-09 1.49066e+04 7.55504e-17 +0.00000e+00
 1.93070e-09 1.49036e+04 9.41066e-17 +0.00000e+00
 2.40410e-09 1.49009e+04 1.17217e-16 +0.00000e+00
 2.99358e-09 1.48985e+04 1.45999e-16 +0.00000e+00
 3.72759e-09 1.48963e+04 1.81849e-16 +0.00000e+00
 4.64159e-09 1.48939e+04 2.26502e-16 +0.00000e+00
 5.77969e-09 1.48914e+04 2.82125e-16 +0.00000e+00
 7.19686e-09 1.48884e+04 3.51418e-16 +0.00000e+00
 8.96151e-09 1.48847e+04 4.37751e-16 +0.00000e+00
 1.11588e-08 1.48803e+04 5.45328e-16 +0.00000e+00
 1.38950e-08 1.48746e+04 6.79401e-16 +0.00000e+00
 1.73020e-08 1.48674e+04 8.46532e-16 +0.00000e+00
 2.15443e-08 1.48582e+04 1.05493e-15 +0.00000e+00
 2.68270e-08 1.48464e+04 1.31489e-15 +0.00000e+00
 3.34048e-08 1.48311e+04 1.63932e-15 +0.00000e+00
 4.15956e-08 1.48113e+04 2.04447e-15 +0.00000e+00
 5.17947e-08 1.47847e+04 2.55099e-15 +0.00000e+00
 6.44947e-08 1.47505e+04 3.18476e-15 +0.00000e+00
 8.03086e-08 1.47059e+04 3.97896e-15 +0.00000e+00
 1.00000e-07 1.46493e+04 4.97559e-15 +0.00000e+00
 1.24520e-07 1.45818e+04 6.22694e-15 +0.00000e+00
 1.55052e-07 1.45093e+04 7.79638e-15 +0.00000e+00
 1.93070e-07 1.44417e+04 9.75912e-15 +0.00000e+00
 2.40410e-07 1.43822e+04 1.22106e-14 +0.00000e+00
 2.99358e-07 1.43350e+04 1.52668e-14 +0.00000e+00
 3.72759e-07 1.42995e+04 1.90748e-14 +0.00000e+00
 4.64159e-07 1.42743e+04 2.38187e-14 +0.00000e+00
 5.77969e-07 1.42576e+04 2.97287e-14 +0.00000e+00
 7.19686e-07 1.42477e+04 3.70923e-14 +0.00000e+00
 8.96151e-07 1.42433e+04 4.62674e-14 +0.00000e+00
 1.11588e-06 1.42434e+04 5.76998e-14 +0.00000e+00
 1.38950e-06 1.42470e+04 7.19442e-14 +0.00000e+00
 1.73020e-06 1.42535e+04 8.96883e-14 +0.00000e+00
 2.15443e-06 1.42623e+04 1.11785e-13 +0.00000e+00
 2.68270e-06 1.42729e+04 1.39293e-13 +0.00000e+00
 3.34048e-06 1.42850e+04 1.73522e-13 +0.00000e+00
 4.15956e-06 1.42980e+04 2.16094e-13 +0.00000e+00
 5.17947e-06 1.43117e+04 2.69017e-13 +0.00000e+00
 6.44947e-06 1.43256e+04 3.34776e-13 +0.00000e+00
 8.03086e-06 1.43393e+04 4.16440e-13 +0.00000e+00
 1.00000e-05 1.43524e+04 5.17793e-13 +0.00000e+00
 1.24520e-05 1.43643e+04 6.43501e-13 +0.00000e+00
 1.55052e-05 1.43745e+04 7.99284e-13 +0.00000e+00
 1.93070e-05 1.43820e+04 9.92157e-13 +0.00000e+00
 2.40410e-05 1.43859e+04 1.23062e-12 +0.00000e+00
 2.99358e-05 1.43849e+04 1.52515e-12 +0.00000e+00
 3.72759e-05 1.43769e+04 1.88806e-12 +0.00000e+00
 4.64159e-05 1.43592e+04 2.33487e-12 +0.00000e+00
 5.77969e-05 1.43287e+04 2.88320e-12 +0.00000e+00
 7.19686e-05 1.42796e+04 3.55590e-12 +0.00000e+00
 8.96151e-05 1.42053e+04 4.37923e-12 +0.00000e+00
 1.11588e-04 1.40995e+04 5.38639e-12 +0.00000e+00
 1.38950e-04 1.39657e+04 6.61127e-12 +0.00000e+00
 1.73020e-04 1.38193e+04 8.08486e-12 +0.00000e+00
 2.15443e-04 1.36838e+04 9.82900e-12 +0.00000e+00
 2.68270e-04 1.35703e+04 1.18674e-11 +0.00000e+00
 3.34048e-04 1.34835e+04 1.42272e-11 +0.00000e+00
 4.15956e-04 1.34130e+04 1.69521e-11 +0.00000e+00
 5.17947e-04 1.33577e+04 2.00835e-11 +0.00000e+00
 6.44947e-04 1.33082e+04 2.36747e-11 +0.00000e+00
 8.03086e-04 1.32665e+04 2.77677e-11 +0.00000e+00
 1.00000e-03 1.32307e+04 3.24196e-11 +0.00000e+00
 1.24520e-03 1.31993e+04 3.76889e-11 -2.54546e-07
 1.55052e-03 1.31713e+04 4.36435e-11 -3.16961e-07
 1.93070e-03 1.31470e+04 5.03548e-11 -3.94679e-07
 2.40410e-03 1.31220e+04 5.79206e-11 -4.91453e-07
 2.99358e-03 1.30983e+04 6.64152e-11 -6.11955e-07
 3.72759e-03 1.30965e+04 7.58475e-11 -7.62003e-07
 4.64159e-03 1.31121e+04 8.63410e-11 -9.48848e-07
 5.77969e-03 1.31397e+04 9.80550e-11 -1.18150e-06
 7.19686e-03 1.31807e+04 1.11120e-10 -1.47120e-06
 8.96151e-03 1.32450e+04 1.25614e-10 -1.83194e-06
 1.11588e-02 1.33261e+04 1.41778e-10 -2.28112e-06
 1.38950e-02 1.34286e+04 1.59770e-10 -2.84044e-06
 1.73020e-02 1.35529e+04 1.79819e-10 -3.53691e-06
 2.15443e-02 1.36995e+04 2.02181e-10 -4.40415e-06
 2.68270e-02 1.38694e+04 2.27141e-10 -5.48404e-06
 3.34048e-02 1.40633e+04 2.55019e-10 -6.82871e-06
 4.15956e-02 1.42823e+04 2.86172e-10 -8.50312e-06
 5.17947e-02 1.45274e+04 3.20997e-10 -1.05880e-05
 6.44947e-02 1.47998e+04 3.59940e-10 -1.31841e-05
 8.03086e-02 1.51007e+04 4.03506e-10 -1.64169e-05
 1.00000e-01 1.54317e+04 4.52285e-10 -2.04423e-05
 1.24520e-01 1.57948e+04 5.06972e-10 -2.54546e-05
 1.55052e-01 1.61923e+04 5.68412e-10 -3.16961e-05
 1.93070e-01 1.66264e+04 6.37631e-10 -3.94679e-05
 2.40410e-01 1.70991e+04 7.15874e-10 -4.91453e-05
 2.99358e-01 1.76110e+04 8.04620e-10 -6.11955e-05
 3.72759e-01 1.81616e+04 9.05561e-10 -7.62003e-05
 4.64159e-01 1.87484e+04 1.02063e-09 -9.48848e-05
 5.77969e-01 1.93675e+04 1.15198e-09 -1.18150e-04
 7.19686e-01 2.00145e+04 1.30199e-09 -1.47120e-04
 8.96151e-01 2.06841e+04 1.47329e-09 -1.83194e-04
 1.11588e+00 2.13705e+04 1.66886e-09 -2.28112e-04
 1.38950e+00 2.20691e+04 1.89183e-09 -2.84044e-04
 1.73020e+00 2.27821e+04 2.14524e-09 -3.53691e-04
 2.15443e+00 2.35171e+04 2.43213e-09 -4.40416e-04
 2.68270e+00 2.42827e+04 2.75597e-09 -5.48404e-04
 3.34048e+00 2.50865e+04 3.12090e-09 -6.13269e-04
 4.15956e+00 2.59366e+04 3.53170e-09 -6.13268e-04
 5.17947e+00 2.68415e+04 3.99372e-09 -6.13268e-04
 6.44947e+00 2.78072e+04 4.51353e-09 -6.13268e-04
 8.03086e+00 2.88401e+04 5.09838e-09 -6.13268e-04
 1.00000e+01 2.99572e+04 5.75483e-09 -6.13268e-04
 1.24520e+01 3.11765e+04 6.49040e-09 -6.13268e-04
 1.55052e+01 3.25140e+04 7.31281e-09 -6.13268e-04
 1.93070e+01 3.39885e+04 8.23112e-09 -6.13268e-04
 2.40410e+01 3.56199e+04 9.25347e-09 -6.13268e-04
 2.99358e+01 3.74145e+04 1.03847e-08 -6.13267e-04
 3.72759e+01 3.93517e+04 1.16376e-08 -6.13262e-04
 4.64159e+01 4.13838e+04 1.30356e-08 -6.13245e-04
 5.77969e+01 4.34508e+04 1.46290e-08 -6.13222e-04
 7.19686e+01 4.55030e+04 1.64684e-08 -6.13201e-04
 8.96151e+01 4.75138e+04 1.85990e-08 -6.13166e-04
 1.11588e+02 4.94778e+04 2.10459e-08 -6.13081e-04
 1.38950e+02 5.14012e+04 2.38414e-08 -6.12843e-04
 1.73020e+02 5.32989e+04 2.70075e-08 -6.12120e-04
 2.15443e+02 5.51776e+04 3.05895e-08 -6.09753e-04
 2.68270e+02 5.70668e+04 3.46123e-08 -6.01783e-04
 3.34048e+02 5.89422e+04 3.91521e-08 -5.73623e-04
 4.15956e+02 6.08875e+04 4.42111e-08 -4.80175e-04
 5.17947e+02 6.27741e+04 4.99525e-08 -1.54236e-04
 6.44947e+02 6.48501e+04 5.62672e-08 +7.39430e-04
 8.03086e+02 6.67544e+04 6.35358e-08 +3.27493e-03
 1.00000e+03 6.89871e+04 7.13996e-08 +7.67959e-03
