#n1=128 n2=4 Teff=23000 R=8.9411e+11 L=1.5958e+38 logg=+3.50
#   tau          T          rho         Fconv
 0.00000e+00 1.39775e+04 5.14741e-22 +0.00000e+00
 1.00000e-09 1.39775e+04 5.07372e-18 +0.00000e+00
 1.24520e-09 1.39789e+04 6.32224e-18 +0.00000e+00
 1.55052e-09 1.39806e+04 7.87722e-18 +0.00000e+00
 1.93070e-09 1.39825e+04 9.81387e-18 +0.00000e+00
 2.40410e-09 1.39845e+04 1.22258e-17 +0.00000e+00
 2.99358e-09 1.39867e+04 1.52296e-17 +0.00000e+00
 3.72759e-09 1.39891e+04 1.89704e-17 +0.00000e+00
 4.64159e-09 1.39917e+04 2.36290e-17 +0.00000e+00
 5.77969e-09 1.39944e+04 2.94304e-17 +0.00000e+00
 7.19686e-09 1.39973e+04 3.66548e-17 +0.00000e+00
 8.96151e-09 1.40004e+04 4.56508e-17 +0.00000e+00
 1.11588e-08 1.40038e+04 5.68528e-17 +0.00000e+00
 1.38950e-08 1.40074e+04 7.08011e-17 +0.00000e+00
 1.73020e-08 1.40113e+04 8.81684e-17 +0.00000e+00
 2.15443e-08 1.40156e+04 1.09792e-16 +0.00000e+00
 2.68270e-08 1.40203e+04 1.36713e-16 +0.00000e+00
 3.34048e-08 1.40254e+04 1.70228e-16 +0.00000e+00
 4.15956e-08 1.40312e+04 2.11949e-16 +0.00000e+00
 5.17947e-08 1.40376e+04 2.63881e-16 +0.00000e+00
 6.44947e-08 1.40449e+04 3.28516e-16 +0.00000e+00
 8.03086e-08 1.40532e+04 4.08950e-16 +0.00000e+00
 1.00000e-07 1.40629e+04 5.09030e-16 +0.00000e+00
 1.24520e-07 1.40742e+04 6.33527e-16 +0.00000e+00
 1.55052e-07 1.40875e+04 7.88360e-16 +0.00000e+00
 1.93070e-07 1.41032e+04 9.80861e-16 +0.00000e+00
 2.40410e-07 1.41220e+04 1.22010e-15 +0.00000e+00
 2.99358e-07 1.41445e+04 1.51730e-15 +0.00000e+00
 3.72759e-07 1.41715e+04 1.88630e-15 +0.00000e+00
 4.64159e-07 1.42036e+04 2.34419e-15 +0.00000e+00
 5.77969e-07 1.42420e+04 2.91198e-15 +0.00000e+00
 7.19686e-07 1.42873e+04 3.61553e-15 +0.00000e+00
 8.96151e-07 1.43407e+04 4.48659e-15 +0.00000e+00
 1.11588e-06 1.44031e+04 5.56410e-15 +0.00000e+00
 1.38950e-06 1.44755e+04 6.89570e-15 +0.00000e+00
 1.73020e-06 1.45590e+04 8.53971e-15 +0.00000e+00
 2.15443e-06 1.46545e+04 1.05674e-14 +0.00000e+00
 2.68270e-06 1.47627e+04 1.30656e-14 +0.00000e+00
 3.34048e-06 1.48845e+04 1.61406e-14 +0.00000e+00
 4.15956e-06 1.50201e+04 1.99221e-14 +0.00000e+00
 5.17947e-06 1.51695e+04 2.45691e-14 +0.00000e+00
 6.44947e-06 1.53323e+04 3.02763e-14 +0.00000e+00
 8.03086e-06 1.55072e+04 3.72838e-14 +0.00000e+00
 1.00000e-05 1.56921e+04 4.58893e-14 +0.00000e+00
 1.24520e-05 1.58838e+04 5.64637e-14 +0.00000e+00
 1.55052e-05 1.60781e+04 6.94720e-14 +0.00000e+00
 1.93070e-05 1.62699e+04 8.55000e-14 +0.00000e+00
 2.40410e-05 1.64540e+04 1.05286e-13 +0.00000e+00
 2.99358e-05 1.66260e+04 1.29754e-13 +0.00000e+00
 3.72759e-05 1.67832e+04 1.60054e-13 +0.00000e+00
 4.64159e-05 1.69260e+04 1.97596e-13 +0.00000e+00
 5.77969e-05 1.70569e+04 2.44098e-13 +0.00000e+00
 7.19686e-05 1.71797e+04 3.01653e-13 +0.00000e+00
 8.96151e-05 1.72974e+04 3.72825e-13 +0.00000e+00
 1.11588e-04 1.74113e+04 4.60779e-13 +0.00000e+00
 1.38950e-04 1.75216e+04 5.69422e-13 +0.00000e+00
 1.73020e-04 1.76270e+04 7.03574e-13 +0.00000e+00
 2.15443e-04 1.77259e+04 8.69168e-13 +0.00000e+00
 2.68270e-04 1.78158e+04 1.07352e-12 +0.00000e+00
 3.34048e-04 1.78933e+04 1.32565e-12 +0.00000e+00
 4.15956e-04 1.79544e+04 1.63676e-12 +0.00000e+00
 5.17947e-04 1.80011e+04 2.01995e-12 +0.00000e+00
 6.44947e-04 1.80287e+04 2.49191e-12 +0.00000e+00
 8.03086e-04 1.80374e+04 3.07225e-12 +0.00000e+00
 1.00000e-03 1.80275e+04 3.78458e-12 +0.00000e+00
 1.24520e-03 1.79988e+04 4.65718e-12 -2.54279e-07
 1.55052e-03 1.79527e+04 5.72313e-12 -3.16628e-07
 1.93070e-03 1.78920e+04 7.02030e-12 -3.94264e-07
 2.40410e-03 1.78188e+04 8.59200e-12 -4.90936e-07
 2.99358e-03 1.77384e+04 1.04852e-11 -6.11312e-07
 3.72759e-03 1.76490e+04 1.27547e-11 -7.61202e-07
 4.64159e-03 1.75462e+04 1.54647e-11 -9.47850e-07
 5.77969e-03 1.74202e+04 1.86901e-11 -1.18026e-06
 7.19686e-03 1.72588e+04 2.25212e-11 -1.46966e-06
 8.96151e-03 1.70488e+04 2.70621e-11 -1.83001e-06
 1.11588e-02 1.67784e+04 3.24317e-11 -2.27872e-06
 1.38950e-02 1.64608e+04 3.87131e-11 -2.83746e-06
 1.73020e-02 1.61703e+04 4.58197e-11 -3.53319e-06
 2.15443e-02 1.60062e+04 5.35004e-11 -4.39952e-06
 2.68270e-02 1.59755e+04 6.17580e-11 -5.47828e-06
 3.34048e-02 1.60265e+04 7.07999e-11 -6.82153e-06
 4.15956e-02 1.61225e+04 8.08682e-11 -8.49418e-06
 5.17947e-02 1.62504e+04 9.21485e-11 -1.05769e-05
 6.44947e-02 1.64052e+04 1.04817e-10 -1.31703e-05
 8.03086e-02 1.65842e+04 1.19061e-10 -1.63996e-05
 1.00000e-01 1.67936e+04 1.35035e-10 -2.04208e-05
 1.24520e-01 1.70354e+04 1.52954e-10 -2.54279e-05
 1.55052e-01 1.73136e+04 1.73045e-10 -3.16628e-05
 1.93070e-01 1.76358e+04 1.95540e-10 -3.94264e-05
 2.40410e-01 1.80096e+04 2.20721e-10 -4.90936e-05
 2.99358e-01 1.84417e+04 2.48928e-10 -6.11312e-05
 3.72759e-01 1.89358e+04 2.80608e-10 -7.61202e-05
 4.64159e-01 1.94871e+04 3.16392e-10 -9.47850e-05
 5.77969e-01 2.00849e+04 3.57069e-10 -1.18026e-04
 7.19686e-01 2.07211e+04 4.03458e-10 -1.46966e-04
 8.96151e-01 2.13846e+04 4.56519e-10 -1.83001e-04
 1.11588e+00 2.20535e+04 5.17491e-10 -2.27872e-04
 1.38950e+00 2.27145e+04 5.87514e-10 -2.83746e-04
 1.73020e+00 2.33856e+04 6.67135e-10 -3.53319e-04
 2.15443e+00 2.40944e+04 7.56814e-10 -4.39952e-04
 2.68270e+00 2.48578e+04 8.57485e-10 -5.47828e-04
 3.34048e+00 2.56815e+04 9.70591e-10 -6.12624e-04
 4.15956e+00 2.65711e+04 1.09777e-09 -6.12624e-04
 5.17947e+00 2.75358e+04 1.24078e-09 -6.12624e-04
 6.44947e+00 2.85728e+04 1.40203e-09 -6.12624e-04
 8.03086e+00 2.96800e+04 1.58410e-09 -6.12624e-04
 1.00000e+01 3.08832e+04 1.78838e-09 -6.12623e-04
 1.24520e+01 3.22038e+04 2.01650e-09 -6.12623e-04
 1.55052e+01 3.36542e+04 2.27016e-09 -6.12623e-04
 1.93070e+01 3.52475e+04 2.54998e-09 -6.12623e-04
 2.40410e+01 3.69904e+04 2.85666e-09 -6.12623e-04
 2.99358e+01 3.88651e+04 3.19573e-09 -6.12623e-04
 3.72759e+01 4.08296e+04 3.58035e-09 -6.12623e-04
 4.64159e+01 4.28346e+04 4.02592e-09 -6.12623e-04
 5.77969e+01 4.48416e+04 4.54413e-09 -6.12623e-04
 7.19686e+01 4.68307e+04 5.14327e-09 -6.12623e-04
 8.96151e+01 4.87969e+04 5.83065e-09 -6.12623e-04
 1.11588e+02 5.07448e+04 6.61369e-09 -6.12623e-04
 1.38950e+02 5.26812e+04 7.50214e-09 -6.12623e-04
 1.73020e+02 5.46174e+04 8.50579e-09 -6.12620e-04
 2.15443e+02 5.65550e+04 9.63843e-09 -6.12611e-04
 2.68270e+02 5.85185e+04 1.09123e-08 -6.12576e-04
 3.34048e+02 6.04821e+04 1.23480e-08 -6.12443e-04
 4.15956e+02 6.25196e+04 1.39535e-08 -6.11960e-04
 5.17947e+02 6.45136e+04 1.57722e-08 -6.10068e-04
 6.44947e+02 6.66913e+04 1.77825e-08 -6.03664e-04
 8.03086e+02 6.87034e+04 2.00919e-08 -5.77761e-04
 1.00000e+03 7.10823e+04 2.25914e-08 -5.01453e-04
