#n1=128 n2=4 Teff=23000 R=8.9444e+11 L=1.5958e+38 logg=+3.50
#   tau          T          rho         Fconv
 0.00000e+00 1.44197e+04 5.00227e-22 +0.00000e+00
 1.00000e-09 1.44197e+04 4.93657e-18 +0.00000e+00
 1.24520e-09 1.44140e+04 6.15185e-18 +0.00000e+00
 1.55052e-09 1.44099e+04 7.66530e-18 +0.00000e+00
 1.93070e-09 1.44071e+04 9.55017e-18 +0.00000e+00
 2.40410e-09 1.44052e+04 1.18976e-17 +0.00000e+00
 2.99358e-09 1.44041e+04 1.48212e-17 +0.00000e+00
 3.72759e-09 1.44035e+04 1.84623e-17 +0.00000e+00
 4.64159e-09 1.44034e+04 2.29971e-17 +0.00000e+00
 5.77969e-09 1.44036e+04 2.86450e-17 +0.00000e+00
 7.19686e-09 1.44040e+04 3.56791e-17 +0.00000e+00
 8.96151e-09 1.44047e+04 4.44397e-17 +0.00000e+00
 1.11588e-08 1.44055e+04 5.53508e-17 +0.00000e+00
 1.38950e-08 1.44063e+04 6.89403e-17 +0.00000e+00
 1.73020e-08 1.44072e+04 8.58659e-17 +0.00000e+00
 2.15443e-08 1.44080e+04 1.06947e-16 +0.00000e+00
 2.68270e-08 1.44088e+04 1.33205e-16 +0.00000e+00
 3.34048e-08 1.44093e+04 1.65911e-16 +0.00000e+00
 4.15956e-08 1.44096e+04 2.06651e-16 +0.00000e+00
 5.17947e-08 1.44096e+04 2.57401e-16 +0.00000e+00
 6.44947e-08 1.44091e+04 3.20625e-16 +0.00000e+00
 8.03086e-08 1.44080e+04 3.99393e-16 +0.00000e+00
 1.00000e-07 1.44062e+04 4.97537e-16 +0.00000e+00
 1.24520e-07 1.44036e+04 6.19835e-16 +0.00000e+00
 1.55052e-07 1.43999e+04 7.72252e-16 +0.00000e+00
 1.93070e-07 1.43950e+04 9.62232e-16 +0.00000e+00
 2.40410e-07 1.43886e+04 1.19907e-15 +0.00000e+00
 2.99358e-07 1.43806e+04 1.49437e-15 +0.00000e+00
 3.72759e-07 1.43710e+04 1.86262e-15 +0.00000e+00
 4.64159e-07 1.43596e+04 2.32189e-15 +0.00000e+00
 5.77969e-07 1.43468e+04 2.89471e-15 +0.00000e+00
 7.19686e-07 1.43330e+04 3.60912e-15 +0.00000e+00
 8.96151e-07 1.43188e+04 4.49997e-15 +0.00000e+00
 1.11588e-06 1.43054e+04 5.61047e-15 +0.00000e+00
 1.38950e-06 1.42936e+04 6.99425e-15 +0.00000e+00
 1.73020e-06 1.42844e+04 8.71779e-15 +0.00000e+00
 2.15443e-06 1.42786e+04 1.08635e-14 +0.00000e+00
 2.68270e-06 1.42767e+04 1.35338e-14 +0.00000e+00
 3.34048e-06 1.42791e+04 1.68556e-14 +0.00000e+00
 4.15956e-06 1.42860e+04 2.09863e-14 +0.00000e+00
 5.17947e-06 1.42975e+04 2.61209e-14 +0.00000e+00
 6.44947e-06 1.43139e+04 3.25010e-14 +0.00000e+00
 8.03086e-06 1.43352e+04 4.04253e-14 +0.00000e+00
 1.00000e-05 1.43619e+04 5.02626e-14 +0.00000e+00
 1.24520e-05 1.43943e+04 6.24678e-14 +0.00000e+00
 1.55052e-05 1.44329e+04 7.76007e-14 +0.00000e+00
 1.93070e-05 1.44783e+04 9.63492e-14 +0.00000e+00
 2.40410e-05 1.45311e+04 1.19557e-13 +0.00000e+00
 2.99358e-05 1.45921e+04 1.48255e-13 +0.00000e+00
 3.72759e-05 1.46621e+04 1.83706e-13 +0.00000e+00
 4.64159e-05 1.47418e+04 2.27445e-13 +0.00000e+00
 5.77969e-05 1.48320e+04 2.81342e-13 +0.00000e+00
 7.19686e-05 1.49334e+04 3.47666e-13 +0.00000e+00
 8.96151e-05 1.50462e+04 4.29170e-13 +0.00000e+00
 1.11588e-04 1.51705e+04 5.29183e-13 +0.00000e+00
 1.38950e-04 1.53055e+04 6.51746e-13 +0.00000e+00
 1.73020e-04 1.54499e+04 8.01760e-13 +0.00000e+00
 2.15443e-04 1.56011e+04 9.85210e-13 +0.00000e+00
 2.68270e-04 1.57551e+04 1.20946e-12 +0.00000e+00
 3.34048e-04 1.59056e+04 1.48366e-12 +0.00000e+00
 4.15956e-04 1.60443e+04 1.81933e-12 +0.00000e+00
 5.17947e-04 1.61603e+04 2.23118e-12 +0.00000e+00
 6.44947e-04 1.62400e+04 2.73823e-12 +0.00000e+00
 8.03086e-04 1.62680e+04 3.36499e-12 +0.00000e+00
 1.00000e-03 1.62292e+04 4.14324e-12 +0.00000e+00
 1.24520e-03 1.61126e+04 5.11269e-12 -2.54466e-07
 1.55052e-03 1.59148e+04 6.32107e-12 -3.16861e-07
 1.93070e-03 1.56207e+04 7.83303e-12 -3.94554e-07
 2.40410e-03 1.52465e+04 9.71213e-12 -4.91298e-07
 2.99358e-03 1.48792e+04 1.19698e-11 -6.11763e-07
 3.72759e-03 1.46181e+04 1.45593e-11 -7.61763e-07
 4.64159e-03 1.44582e+04 1.74875e-11 -9.48549e-07
 5.77969e-03 1.43524e+04 2.08187e-11 -1.18113e-06
 7.19686e-03 1.42923e+04 2.45921e-11 -1.47074e-06
 8.96151e-03 1.42672e+04 2.88626e-11 -1.83136e-06
 1.11588e-02 1.42689e+04 3.36916e-11 -2.28040e-06
 1.38950e-02 1.43153e+04 3.90843e-11 -2.83955e-06
 1.73020e-02 1.43973e+04 4.51224e-11 -3.53580e-06
 2.15443e-02 1.45115e+04 5.18853e-11 -4.40276e-06
 2.68270e-02 1.46555e+04 5.94653e-11 -5.48231e-06
 3.34048e-02 1.48279e+04 6.79657e-11 -6.82656e-06
 4.15956e-02 1.50289e+04 7.75009e-11 -8.50044e-06
 5.17947e-02 1.52594e+04 8.82017e-11 -1.05847e-05
 6.44947e-02 1.55205e+04 1.00221e-10 -1.31800e-05
 8.03086e-02 1.58132e+04 1.13738e-10 -1.64117e-05
 1.00000e-01 1.61385e+04 1.28963e-10 -2.04358e-05
 1.24520e-01 1.64970e+04 1.46144e-10 -2.54466e-05
 1.55052e-01 1.68889e+04 1.65566e-10 -3.16861e-05
 1.93070e-01 1.73150e+04 1.87552e-10 -3.94554e-05
 2.40410e-01 1.77762e+04 2.12464e-10 -4.91298e-05
 2.99358e-01 1.82740e+04 2.40710e-10 -6.11763e-05
 3.72759e-01 1.88092e+04 2.72756e-10 -7.61763e-05
 4.64159e-01 1.93807e+04 3.09159e-10 -9.48549e-05
 5.77969e-01 1.99845e+04 3.50578e-10 -1.18113e-04
 7.19686e-01 2.06161e+04 3.97757e-10 -1.47074e-04
 8.96151e-01 2.12698e+04 4.51544e-10 -1.83136e-04
 1.11588e+00 2.19369e+04 5.12934e-10 -2.28040e-04
 1.38950e+00 2.26109e+04 5.82965e-10 -2.83955e-04
 1.73020e+00 2.32982e+04 6.62507e-10 -3.53580e-04
 2.15443e+00 2.40127e+04 7.52380e-10 -4.40276e-04
 2.68270e+00 2.47666e+04 8.53610e-10 -5.48231e-04
 3.34048e+00 2.55679e+04 9.67531e-10 -6.13075e-04
 4.15956e+00 2.64239e+04 1.09568e-09 -6.13075e-04
 5.17947e+00 2.73434e+04 1.23978e-09 -6.13075e-04
 6.44947e+00 2.83290e+04 1.40201e-09 -6.13075e-04
 8.03086e+00 2.93839e+04 1.58472e-09 -6.13075e-04
 1.00000e+01 3.05282e+04 1.78965e-09 -6.13075e-04
 1.24520e+01 3.17810e+04 2.01872e-09 -6.13075e-04
 1.55052e+01 3.31575e+04 2.27376e-09 -6.13075e-04
 1.93070e+01 3.46763e+04 2.55563e-09 -6.13075e-04
 2.40410e+01 3.63551e+04 2.86426e-09 -6.13075e-04
 2.99358e+01 3.81931e+04 3.20227e-09 -6.13075e-04
 3.72759e+01 4.01561e+04 3.58061e-09 -6.13075e-04
 4.64159e+01 4.21841e+04 4.01683e-09 -6.13075e-04
 5.77969e+01 4.42184e+04 4.52634e-09 -6.13075e-04
 7.19686e+01 4.62238e+04 5.11918e-09 -6.13075e-04
 8.96151e+01 4.81904e+04 5.80275e-09 -6.13075e-04
 1.11588e+02 5.01235e+04 6.58381e-09 -6.13075e-04
 1.38950e+02 5.20339e+04 7.47129e-09 -6.13074e-04
 1.73020e+02 5.39366e+04 8.47425e-09 -6.13070e-04
 2.15443e+02 5.58364e+04 9.60601e-09 -6.13058e-04
 2.68270e+02 5.77608e+04 1.08783e-08 -6.13011e-04
 3.34048e+02 5.96840e+04 1.23117e-08 -6.12835e-04
 4.15956e+02 6.16864e+04 1.39130e-08 -6.12195e-04
 5.17947e+02 6.36423e+04 1.57274e-08 -6.09694e-04
 6.44947e+02 6.57922e+04 1.77298e-08 -6.01341e-04
 8.03086e+02 6.77816e+04 2.00302e-08 -5.67942e-04
 1.00000e+03 7.01148e+04 2.25255e-08 -4.69504e-04
