#n1=128 n2=4 Teff=23000 R=6.4933e+12 L=8.4099e+39 logg=+2.00
#   tau          T          rho         Fconv
 0.00000e+00 1.41002e+04 5.22247e-22 +0.00000e+00
 1.00000e-09 1.41002e+04 1.42987e-19 +0.00000e+00
 1.24520e-09 1.40733e+04 1.78530e-19 +0.00000e+00
 1.55052e-09 1.40550e+04 2.22799e-19 +0.00000e+00
 1.93070e-09 1.40422e+04 2.77963e-19 +0.00000e+00
 2.40410e-09 1.40333e+04 3.46712e-19 +0.00000e+00
 2.99358e-09 1.40274e+04 4.32400e-19 +0.00000e+00
 3.72759e-09 1.40236e+04 5.39205e-19 +0.00000e+00
 4.64159e-09 1.40216e+04 6.72332e-19 +0.00000e+00
 5.77969e-09 1.40210e+04 8.38271e-19 +0.00000e+00
 7.19686e-09 1.40214e+04 1.04511e-18 +0.00000e+00
 8.96151e-09 1.40226e+04 1.30292e-18 +0.00000e+00
 1.11588e-08 1.40246e+04 1.62428e-18 +0.00000e+00
 1.38950e-08 1.40271e+04 2.02484e-18 +0.00000e+00
 1.73020e-08 1.40301e+04 2.52412e-18 +0.00000e+00
 2.15443e-08 1.40335e+04 3.14643e-18 +0.00000e+00
 2.68270e-08 1.40372e+04 3.92211e-18 +0.00000e+00
 3.34048e-08 1.40412e+04 4.88892e-18 +0.00000e+00
 4.15956e-08 1.40454e+04 6.09397e-18 +0.00000e+00
 5.17947e-08 1.40499e+04 7.59594e-18 +0.00000e+00
 6.44947e-08 1.40546e+04 9.46796e-18 +0.00000e+00
 8.03086e-08 1.40595e+04 1.18012e-17 +0.00000e+00
 1.00000e-07 1.40646e+04 1.47092e-17 +0.00000e+00
 1.24520e-07 1.40700e+04 1.83335e-17 +0.00000e+00
 1.55052e-07 1.40755e+04 2.28504e-17 +0.00000e+00
 1.93070e-07 1.40813e+04 2.84798e-17 +0.00000e+00
 2.40410e-07 1.40874e+04 3.54953e-17 +0.00000e+00
 2.99358e-07 1.40937e+04 4.42382e-17 +0.00000e+00
 3.72759e-07 1.41004e+04 5.51334e-17 +0.00000e+00
 4.64159e-07 1.41073e+04 6.87102e-17 +0.00000e+00
 5.77969e-07 1.41147e+04 8.56281e-17 +0.00000e+00
 7.19686e-07 1.41224e+04 1.06709e-16 +0.00000e+00
 8.96151e-07 1.41306e+04 1.32974e-16 +0.00000e+00
 1.11588e-06 1.41393e+04 1.65699e-16 +0.00000e+00
 1.38950e-06 1.41486e+04 2.06470e-16 +0.00000e+00
 1.73020e-06 1.41586e+04 2.57260e-16 +0.00000e+00
 2.15443e-06 1.41693e+04 3.20526e-16 +0.00000e+00
 2.68270e-06 1.41810e+04 3.99325e-16 +0.00000e+00
 3.34048e-06 1.41937e+04 4.97461e-16 +0.00000e+00
 4.15956e-06 1.42076e+04 6.19659e-16 +0.00000e+00
 5.17947e-06 1.42230e+04 7.71795e-16 +0.00000e+00
 6.44947e-06 1.42402e+04 9.61167e-16 +0.00000e+00
 8.03086e-06 1.42594e+04 1.19683e-15 +0.00000e+00
 1.00000e-05 1.42811e+04 1.49003e-15 +0.00000e+00
 1.24520e-05 1.43055e+04 1.85469e-15 +0.00000e+00
 1.55052e-05 1.43334e+04 2.30807e-15 +0.00000e+00
 1.93070e-05 1.43651e+04 2.87150e-15 +0.00000e+00
 2.40410e-05 1.44013e+04 3.57137e-15 +0.00000e+00
 2.99358e-05 1.44428e+04 4.44025e-15 +0.00000e+00
 3.72759e-05 1.44901e+04 5.51830e-15 +0.00000e+00
 4.64159e-05 1.45443e+04 6.85498e-15 +0.00000e+00
 5.77969e-05 1.46060e+04 8.51111e-15 +0.00000e+00
 7.19686e-05 1.46762e+04 1.05615e-14 +0.00000e+00
 8.96151e-05 1.47557e+04 1.30978e-14 +0.00000e+00
 1.11588e-04 1.48453e+04 1.62325e-14 +0.00000e+00
 1.38950e-04 1.49458e+04 2.01037e-14 +0.00000e+00
 1.73020e-04 1.50577e+04 2.48801e-14 +0.00000e+00
 2.15443e-04 1.51814e+04 3.07691e-14 +0.00000e+00
 2.68270e-04 1.53167e+04 3.80251e-14 +0.00000e+00
 3.34048e-04 1.54630e+04 4.69621e-14 +0.00000e+00
 4.15956e-04 1.56189e+04 5.79684e-14 +0.00000e+00
 5.17947e-04 1.57819e+04 7.15269e-14 +0.00000e+00
 6.44947e-04 1.59479e+04 8.82470e-14 +0.00000e+00
 8.03086e-04 1.61117e+04 1.08896e-13 +0.00000e+00
 1.00000e-03 1.62667e+04 1.34454e-13 +0.00000e+00
 1.24520e-03 1.64048e+04 1.66180e-13 -2.54476e-07
 1.55052e-03 1.65164e+04 2.05707e-13 -3.16873e-07
 1.93070e-03 1.65943e+04 2.55113e-13 -3.94569e-07
 2.40410e-03 1.66350e+04 3.17016e-13 -4.91317e-07
 2.99358e-03 1.66406e+04 3.94626e-13 -6.11786e-07
 3.72759e-03 1.66201e+04 4.91779e-13 -7.61792e-07
 4.64159e-03 1.65867e+04 6.12979e-13 -9.48585e-07
 5.77969e-03 1.65533e+04 7.63534e-13 -1.18117e-06
 7.19686e-03 1.65291e+04 9.49820e-13 -1.47080e-06
 8.96151e-03 1.65187e+04 1.17957e-12 -1.83143e-06
 1.11588e-02 1.65244e+04 1.46209e-12 -2.28049e-06
 1.38950e-02 1.65481e+04 1.80843e-12 -2.83966e-06
 1.73020e-02 1.65910e+04 2.23159e-12 -3.53593e-06
 2.15443e-02 1.66575e+04 2.74638e-12 -4.40293e-06
 2.68270e-02 1.67502e+04 3.36994e-12 -5.48252e-06
 3.34048e-02 1.68736e+04 4.12142e-12 -6.82682e-06
 4.15956e-02 1.70311e+04 5.02256e-12 -8.50076e-06
 5.17947e-02 1.72280e+04 6.09701e-12 -1.05851e-05
 6.44947e-02 1.74684e+04 7.37112e-12 -1.31805e-05
 8.03086e-02 1.77557e+04 8.87442e-12 -1.64123e-05
 1.00000e-01 1.80920e+04 1.06404e-11 -2.04366e-05
 1.24520e-01 1.84749e+04 1.27100e-11 -2.54476e-05
 1.55052e-01 1.89090e+04 1.51249e-11 -3.16873e-05
 1.93070e-01 1.93900e+04 1.79397e-11 -3.94569e-05
 2.40410e-01 1.99148e+04 2.12169e-11 -4.91317e-05
 2.99358e-01 2.04800e+04 2.50292e-11 -6.11786e-05
 3.72759e-01 2.10787e+04 2.94649e-11 -7.61792e-05
 4.64159e-01 2.17150e+04 3.46109e-11 -9.48585e-05
 5.77969e-01 2.23810e+04 4.05839e-11 -1.18117e-04
 7.19686e-01 2.30794e+04 4.74990e-11 -1.47080e-04
 8.96151e-01 2.38087e+04 5.54935e-11 -1.83143e-04
 1.11588e+00 2.45705e+04 6.47152e-11 -2.28049e-04
 1.38950e+00 2.53689e+04 7.53222e-11 -2.83966e-04
 1.73020e+00 2.62124e+04 8.74746e-11 -3.53593e-04
 2.15443e+00 2.71130e+04 1.01332e-10 -4.40293e-04
 2.68270e+00 2.80830e+04 1.17054e-10 -5.48252e-04
 3.34048e+00 2.91341e+04 1.34786e-10 -6.13112e-04
 4.15956e+00 3.02736e+04 1.54645e-10 -6.13099e-04
 5.17947e+00 3.15093e+04 1.76698e-10 -6.13100e-04
 6.44947e+00 3.28431e+04 2.01095e-10 -6.13098e-04
 8.03086e+00 3.42749e+04 2.28268e-10 -6.13099e-04
 1.00000e+01 3.58045e+04 2.58999e-10 -6.13099e-04
 1.24520e+01 3.74265e+04 2.94220e-10 -6.13099e-04
 1.55052e+01 3.91345e+04 3.34789e-10 -6.13098e-04
 1.93070e+01 4.09185e+04 3.81530e-10 -6.13099e-04
 2.40410e+01 4.27725e+04 4.35279e-10 -6.13099e-04
 2.99358e+01 4.46877e+04 4.96999e-10 -6.13099e-04
 3.72759e+01 4.66550e+04 5.67787e-10 -6.13099e-04
 4.64159e+01 4.86671e+04 6.48860e-10 -6.13098e-04
 5.77969e+01 5.07178e+04 7.41582e-10 -6.13099e-04
 7.19686e+01 5.28108e+04 8.47355e-10 -6.13099e-04
 8.96151e+01 5.49533e+04 9.67742e-10 -6.13099e-04
 1.11588e+02 5.71524e+04 1.10451e-09 -6.13098e-04
 1.38950e+02 5.94143e+04 1.25967e-09 -6.13098e-04
 1.73020e+02 6.17486e+04 1.43542e-09 -6.13098e-04
 2.15443e+02 6.41543e+04 1.63448e-09 -6.13098e-04
 2.68270e+02 6.66565e+04 1.85932e-09 -6.13098e-04
 3.34048e+02 6.92313e+04 2.11397e-09 -6.13098e-04
 4.15956e+02 7.19448e+04 2.40052e-09 -6.13098e-04
 5.17947e+02 7.47068e+04 2.72599e-09 -6.13098e-04
 6.44947e+02 7.76771e+04 3.09016e-09 -6.13098e-04
 8.03086e+02 8.06440e+04 3.50598e-09 -6.13097e-04
 1.00000e+03 8.40003e+04 3.96414e-09 -6.13096e-04
