#n1=128 n2=4 Teff=23000 R=4.5965e+11 L=4.2051e+37 logg=+4.00
#   tau          T          rho         Fconv
 0.00000e+00 1.29909e+04 5.55140e-22 +0.00000e+00
 1.00000e-09 1.29909e+04 1.75957e-17 +0.00000e+00
 1.24520e-09 1.29910e+04 2.19171e-17 +0.00000e+00
 1.55052e-09 1.29908e+04 2.72998e-17 +0.00000e+00
 1.93070e-09 1.29902e+04 3.40045e-17 +0.00000e+00
 2.40410e-09 1.29893e+04 4.23561e-17 +0.00000e+00
 2.99358e-09 1.29882e+04 5.27592e-17 +0.00000e+00
 3.72759e-09 1.29868e+04 6.57178e-17 +0.00000e+00
 4.64159e-09 1.29853e+04 8.18591e-17 +0.00000e+00
 5.77969e-09 1.29840e+04 1.01963e-16 +0.00000e+00
 7.19686e-09 1.29831e+04 1.26999e-16 +0.00000e+00
 8.96151e-09 1.29830e+04 1.58171e-16 +0.00000e+00
 1.11588e-08 1.29844e+04 1.96973e-16 +0.00000e+00
 1.38950e-08 1.29877e+04 2.45255e-16 +0.00000e+00
 1.73020e-08 1.29936e+04 3.05309e-16 +0.00000e+00
 2.15443e-08 1.30027e+04 3.79974e-16 +0.00000e+00
 2.68270e-08 1.30157e+04 4.72757e-16 +0.00000e+00
 3.34048e-08 1.30331e+04 5.87996e-16 +0.00000e+00
 4.15956e-08 1.30555e+04 7.31048e-16 +0.00000e+00
 5.17947e-08 1.30833e+04 9.08521e-16 +0.00000e+00
 6.44947e-08 1.31173e+04 1.12856e-15 +0.00000e+00
 8.03086e-08 1.31580e+04 1.40118e-15 +0.00000e+00
 1.00000e-07 1.32060e+04 1.73870e-15 +0.00000e+00
 1.24520e-07 1.32620e+04 2.15626e-15 +0.00000e+00
 1.55052e-07 1.33267e+04 2.67237e-15 +0.00000e+00
 1.93070e-07 1.34010e+04 3.30975e-15 +0.00000e+00
 2.40410e-07 1.34855e+04 4.09613e-15 +0.00000e+00
 2.99358e-07 1.35810e+04 5.06546e-15 +0.00000e+00
 3.72759e-07 1.36880e+04 6.25921e-15 +0.00000e+00
 4.64159e-07 1.38067e+04 7.72816e-15 +0.00000e+00
 5.77969e-07 1.39369e+04 9.53466e-15 +0.00000e+00
 7.19686e-07 1.40776e+04 1.17557e-14 +0.00000e+00
 8.96151e-07 1.42270e+04 1.44866e-14 +0.00000e+00
 1.11588e-06 1.43822e+04 1.78465e-14 +0.00000e+00
 1.38950e-06 1.45403e+04 2.19838e-14 +0.00000e+00
 1.73020e-06 1.46982e+04 2.70836e-14 +0.00000e+00
 2.15443e-06 1.48540e+04 3.33747e-14 +0.00000e+00
 2.68270e-06 1.50078e+04 4.11367e-14 +0.00000e+00
 3.34048e-06 1.51618e+04 5.07079e-14 +0.00000e+00
 4.15956e-06 1.53193e+04 6.24968e-14 +0.00000e+00
 5.17947e-06 1.54834e+04 7.70006e-14 +0.00000e+00
 6.44947e-06 1.56550e+04 9.48319e-14 +0.00000e+00
 8.03086e-06 1.58331e+04 1.16754e-13 +0.00000e+00
 1.00000e-05 1.60146e+04 1.43725e-13 +0.00000e+00
 1.24520e-05 1.61953e+04 1.76947e-13 +0.00000e+00
 1.55052e-05 1.63711e+04 2.17922e-13 +0.00000e+00
 1.93070e-05 1.65380e+04 2.68531e-13 +0.00000e+00
 2.40410e-05 1.66930e+04 3.31113e-13 +0.00000e+00
 2.99358e-05 1.68342e+04 4.08572e-13 +0.00000e+00
 3.72759e-05 1.69622e+04 5.04448e-13 +0.00000e+00
 4.64159e-05 1.70801e+04 6.23013e-13 +0.00000e+00
 5.77969e-05 1.71908e+04 7.69460e-13 +0.00000e+00
 7.19686e-05 1.72966e+04 9.50102e-13 +0.00000e+00
 8.96151e-05 1.73984e+04 1.17262e-12 +0.00000e+00
 1.11588e-04 1.74964e+04 1.44629e-12 +0.00000e+00
 1.38950e-04 1.75900e+04 1.78231e-12 +0.00000e+00
 1.73020e-04 1.76784e+04 2.19405e-12 +0.00000e+00
 2.15443e-04 1.77604e+04 2.69754e-12 +0.00000e+00
 2.68270e-04 1.78338e+04 3.31203e-12 +0.00000e+00
 3.34048e-04 1.78968e+04 4.06050e-12 +0.00000e+00
 4.15956e-04 1.79455e+04 4.97083e-12 +0.00000e+00
 5.17947e-04 1.79824e+04 6.07433e-12 +0.00000e+00
 6.44947e-04 1.80049e+04 7.40912e-12 +0.00000e+00
 8.03086e-04 1.80123e+04 9.01883e-12 +0.00000e+00
 1.00000e-03 1.80045e+04 1.09536e-11 +0.00000e+00
 1.24520e-03 1.79805e+04 1.32703e-11 -2.55027e-07
 1.55052e-03 1.79404e+04 1.60320e-11 -3.17559e-07
 1.93070e-03 1.78859e+04 1.93048e-11 -3.95424e-07
 2.40410e-03 1.78194e+04 2.31602e-11 -4.92381e-07
 2.99358e-03 1.77434e+04 2.76694e-11 -6.13111e-07
 3.72759e-03 1.76579e+04 3.29135e-11 -7.63442e-07
 4.64159e-03 1.75591e+04 3.89889e-11 -9.50639e-07
 5.77969e-03 1.74379e+04 4.60111e-11 -1.18373e-06
 7.19686e-03 1.72815e+04 5.41237e-11 -1.47398e-06
 8.96151e-03 1.70751e+04 6.35035e-11 -1.83539e-06
 1.11588e-02 1.68023e+04 7.43687e-11 -2.28543e-06
 1.38950e-02 1.64669e+04 8.68893e-11 -2.84581e-06
 1.73020e-02 1.61338e+04 1.00902e-10 -3.54359e-06
 2.15443e-02 1.59241e+04 1.15727e-10 -4.41247e-06
 2.68270e-02 1.58668e+04 1.31200e-10 -5.49439e-06
 3.34048e-02 1.59063e+04 1.47785e-10 -6.84160e-06
 4.15956e-02 1.59956e+04 1.66070e-10 -8.51917e-06
 5.17947e-02 1.61185e+04 1.86452e-10 -1.06080e-05
 6.44947e-02 1.62680e+04 2.09284e-10 -1.32090e-05
 8.03086e-02 1.64397e+04 2.34932e-10 -1.64479e-05
 1.00000e-01 1.66437e+04 2.63610e-10 -2.04809e-05
 1.24520e-01 1.68809e+04 2.95718e-10 -2.55027e-05
 1.55052e-01 1.71566e+04 3.31643e-10 -3.17559e-05
 1.93070e-01 1.74797e+04 3.71784e-10 -3.95424e-05
 2.40410e-01 1.78583e+04 4.16647e-10 -4.92381e-05
 2.99358e-01 1.82998e+04 4.66863e-10 -6.13111e-05
 3.72759e-01 1.88074e+04 5.23292e-10 -7.63442e-05
 4.64159e-01 1.93757e+04 5.87145e-10 -9.50639e-05
 5.77969e-01 1.99930e+04 6.59905e-10 -1.18373e-04
 7.19686e-01 2.06515e+04 7.43059e-10 -1.47398e-04
 8.96151e-01 2.13398e+04 8.38348e-10 -1.83539e-04
 1.11588e+00 2.20340e+04 9.48060e-10 -2.28543e-04
 1.38950e+00 2.27195e+04 1.07425e-09 -2.84581e-04
 1.73020e+00 2.34151e+04 1.21777e-09 -3.54359e-04
 2.15443e+00 2.41507e+04 1.37934e-09 -4.41247e-04
 2.68270e+00 2.49446e+04 1.56056e-09 -5.49439e-04
 3.34048e+00 2.58044e+04 1.76397e-09 -6.14426e-04
 4.15956e+00 2.67370e+04 1.99251e-09 -6.14426e-04
 5.17947e+00 2.77528e+04 2.24933e-09 -6.14426e-04
 6.44947e+00 2.88480e+04 2.53897e-09 -6.14426e-04
 8.03086e+00 3.00195e+04 2.86622e-09 -6.14426e-04
 1.00000e+01 3.12936e+04 3.23372e-09 -6.14426e-04
 1.24520e+01 3.26917e+04 3.64477e-09 -6.14426e-04
 1.55052e+01 3.42220e+04 4.10337e-09 -6.14426e-04
 1.93070e+01 3.58883e+04 4.61233e-09 -6.14426e-04
 2.40410e+01 3.76822e+04 5.17470e-09 -6.14426e-04
 2.99358e+01 3.95734e+04 5.79990e-09 -6.14426e-04
 3.72759e+01 4.15207e+04 6.50721e-09 -6.14426e-04
 4.64159e+01 4.34902e+04 7.32074e-09 -6.14426e-04
 5.77969e+01 4.54615e+04 8.25904e-09 -6.14426e-04
 7.19686e+01 4.74257e+04 9.33816e-09 -6.14425e-04
 8.96151e+01 4.93805e+04 1.05706e-08 -6.14424e-04
 1.11588e+02 5.13276e+04 1.19723e-08 -6.14423e-04
 1.38950e+02 5.32689e+04 1.35614e-08 -6.14416e-04
 1.73020e+02 5.52106e+04 1.53562e-08 -6.14392e-04
 2.15443e+02 5.71521e+04 1.73827e-08 -6.14304e-04
 2.68270e+02 5.91130e+04 1.96606e-08 -6.13982e-04
 3.34048e+02 6.10723e+04 2.22296e-08 -6.12761e-04
 4.15956e+02 6.30933e+04 2.51013e-08 -6.08310e-04
 5.17947e+02 6.50749e+04 2.83534e-08 -5.91139e-04
 6.44947e+02 6.72224e+04 3.19482e-08 -5.33694e-04
 8.03086e+02 6.92054e+04 3.60777e-08 -3.12769e-04
 1.00000e+03 7.15524e+04 4.05385e-08 +2.80098e-04
