#n1=128 n2=4 Teff=23000 R=3.0523e+12 L=1.8612e+39 logg=+2.50
#   tau          T          rho         Fconv
 0.00000e+00 1.45758e+04 4.97512e-22 +0.00000e+00
 1.00000e-09 1.45758e+04 4.57130e-19 +0.00000e+00
 1.24520e-09 1.45628e+04 5.70293e-19 +0.00000e+00
 1.55052e-09 1.45540e+04 7.11264e-19 +0.00000e+00
 1.93070e-09 1.45479e+04 8.86909e-19 +0.00000e+00
 2.40410e-09 1.45439e+04 1.10576e-18 +0.00000e+00
 2.99358e-09 1.45416e+04 1.37846e-18 +0.00000e+00
 3.72759e-09 1.45405e+04 1.71825e-18 +0.00000e+00
 4.64159e-09 1.45405e+04 2.14163e-18 +0.00000e+00
 5.77969e-09 1.45413e+04 2.66916e-18 +0.00000e+00
 7.19686e-09 1.45428e+04 3.32647e-18 +0.00000e+00
 8.96151e-09 1.45449e+04 4.14547e-18 +0.00000e+00
 1.11588e-08 1.45475e+04 5.16593e-18 +0.00000e+00
 1.38950e-08 1.45504e+04 6.43739e-18 +0.00000e+00
 1.73020e-08 1.45537e+04 8.02156e-18 +0.00000e+00
 2.15443e-08 1.45573e+04 9.99533e-18 +0.00000e+00
 2.68270e-08 1.45612e+04 1.24545e-17 +0.00000e+00
 3.34048e-08 1.45653e+04 1.55184e-17 +0.00000e+00
 4.15956e-08 1.45697e+04 1.93356e-17 +0.00000e+00
 5.17947e-08 1.45743e+04 2.40914e-17 +0.00000e+00
 6.44947e-08 1.45792e+04 3.00164e-17 +0.00000e+00
 8.03086e-08 1.45844e+04 3.73977e-17 +0.00000e+00
 1.00000e-07 1.45898e+04 4.65933e-17 +0.00000e+00
 1.24520e-07 1.45955e+04 5.80487e-17 +0.00000e+00
 1.55052e-07 1.46016e+04 7.23189e-17 +0.00000e+00
 1.93070e-07 1.46080e+04 9.00947e-17 +0.00000e+00
 2.40410e-07 1.46148e+04 1.12237e-16 +0.00000e+00
 2.99358e-07 1.46222e+04 1.39815e-16 +0.00000e+00
 3.72759e-07 1.46300e+04 1.74164e-16 +0.00000e+00
 4.64159e-07 1.46385e+04 2.16942e-16 +0.00000e+00
 5.77969e-07 1.46478e+04 2.70214e-16 +0.00000e+00
 7.19686e-07 1.46579e+04 3.36546e-16 +0.00000e+00
 8.96151e-07 1.46691e+04 4.19131e-16 +0.00000e+00
 1.11588e-06 1.46815e+04 5.21943e-16 +0.00000e+00
 1.38950e-06 1.46952e+04 6.49912e-16 +0.00000e+00
 1.73020e-06 1.47106e+04 8.09167e-16 +0.00000e+00
 2.15443e-06 1.47279e+04 1.00731e-15 +0.00000e+00
 2.68270e-06 1.47475e+04 1.25379e-15 +0.00000e+00
 3.34048e-06 1.47698e+04 1.56030e-15 +0.00000e+00
 4.15956e-06 1.47952e+04 1.94132e-15 +0.00000e+00
 5.17947e-06 1.48244e+04 2.41479e-15 +0.00000e+00
 6.44947e-06 1.48579e+04 3.00287e-15 +0.00000e+00
 8.03086e-06 1.48965e+04 3.73291e-15 +0.00000e+00
 1.00000e-05 1.49409e+04 4.63863e-15 +0.00000e+00
 1.24520e-05 1.49922e+04 5.76156e-15 +0.00000e+00
 1.55052e-05 1.50512e+04 7.15272e-15 +0.00000e+00
 1.93070e-05 1.51190e+04 8.87475e-15 +0.00000e+00
 2.40410e-05 1.51967e+04 1.10044e-14 +0.00000e+00
 2.99358e-05 1.52852e+04 1.36358e-14 +0.00000e+00
 3.72759e-05 1.53858e+04 1.68837e-14 +0.00000e+00
 4.64159e-05 1.54995e+04 2.08884e-14 +0.00000e+00
 5.77969e-05 1.56269e+04 2.58215e-14 +0.00000e+00
 7.19686e-05 1.57688e+04 3.18922e-14 +0.00000e+00
 8.96151e-05 1.59254e+04 3.93568e-14 +0.00000e+00
 1.11588e-04 1.60963e+04 4.85292e-14 +0.00000e+00
 1.38950e-04 1.62807e+04 5.97955e-14 +0.00000e+00
 1.73020e-04 1.64760e+04 7.36355e-14 +0.00000e+00
 2.15443e-04 1.66794e+04 9.06446e-14 +0.00000e+00
 2.68270e-04 1.68866e+04 1.11569e-13 +0.00000e+00
 3.34048e-04 1.70888e+04 1.37374e-13 +0.00000e+00
 4.15956e-04 1.72774e+04 1.69289e-13 +0.00000e+00
 5.17947e-04 1.74412e+04 2.08912e-13 +0.00000e+00
 6.44947e-04 1.75670e+04 2.58347e-13 +0.00000e+00
 8.03086e-04 1.76394e+04 3.20389e-13 +0.00000e+00
 1.00000e-03 1.76421e+04 3.98778e-13 +0.00000e+00
 1.24520e-03 1.75594e+04 4.98550e-13 -2.54079e-07
 1.55052e-03 1.73814e+04 6.26360e-13 -3.16379e-07
 1.93070e-03 1.71017e+04 7.91097e-13 -3.93954e-07
 2.40410e-03 1.67469e+04 1.00291e-12 -4.90550e-07
 2.99358e-03 1.63913e+04 1.27044e-12 -6.10831e-07
 3.72759e-03 1.61280e+04 1.59850e-12 -7.60604e-07
 4.64159e-03 1.59826e+04 1.99387e-12 -9.47105e-07
 5.77969e-03 1.59179e+04 2.47070e-12 -1.17933e-06
 7.19686e-03 1.58999e+04 3.04758e-12 -1.46850e-06
 8.96151e-03 1.59115e+04 3.74537e-12 -1.82857e-06
 1.11588e-02 1.59445e+04 4.58757e-12 -2.27693e-06
 1.38950e-02 1.59996e+04 5.59913e-12 -2.83523e-06
 1.73020e-02 1.60755e+04 6.80898e-12 -3.53042e-06
 2.15443e-02 1.61726e+04 8.24891e-12 -4.39606e-06
 2.68270e-02 1.62927e+04 9.95308e-12 -5.47397e-06
 3.34048e-02 1.64386e+04 1.19586e-11 -6.81617e-06
 4.15956e-02 1.66132e+04 1.43052e-11 -8.48750e-06
 5.17947e-02 1.68209e+04 1.70351e-11 -1.05686e-05
 6.44947e-02 1.70650e+04 2.01954e-11 -1.31599e-05
 8.03086e-02 1.73480e+04 2.38390e-11 -1.63867e-05
 1.00000e-01 1.76710e+04 2.80273e-11 -2.04047e-05
 1.24520e-01 1.80320e+04 3.28355e-11 -2.54079e-05
 1.55052e-01 1.84337e+04 3.83415e-11 -3.16379e-05
 1.93070e-01 1.88727e+04 4.46474e-11 -3.93954e-05
 2.40410e-01 1.93476e+04 5.18664e-11 -4.90550e-05
 2.99358e-01 1.98575e+04 6.01262e-11 -6.10831e-05
 3.72759e-01 2.04006e+04 6.95761e-11 -7.60604e-05
 4.64159e-01 2.09792e+04 8.03721e-11 -9.47105e-05
 5.77969e-01 2.15888e+04 9.27162e-11 -1.17933e-04
 7.19686e-01 2.22265e+04 1.06830e-10 -1.46850e-04
 8.96151e-01 2.28894e+04 1.22966e-10 -1.82857e-04
 1.11588e+00 2.35725e+04 1.41416e-10 -2.27693e-04
 1.38950e+00 2.42728e+04 1.62500e-10 -2.83523e-04
 1.73020e+00 2.50004e+04 1.86492e-10 -3.53042e-04
 2.15443e+00 2.57691e+04 2.13674e-10 -4.39606e-04
 2.68270e+00 2.65919e+04 2.44377e-10 -5.47397e-04
 3.34048e+00 2.74773e+04 2.79003e-10 -6.12143e-04
 4.15956e+00 2.84326e+04 3.18004e-10 -6.12140e-04
 5.17947e+00 2.94663e+04 3.61840e-10 -6.12143e-04
 6.44947e+00 3.05811e+04 4.11003e-10 -6.12142e-04
 8.03086e+00 3.17809e+04 4.65878e-10 -6.12142e-04
 1.00000e+01 3.30816e+04 5.26554e-10 -6.12142e-04
 1.24520e+01 3.44962e+04 5.93221e-10 -6.12142e-04
 1.55052e+01 3.60343e+04 6.66759e-10 -6.12142e-04
 1.93070e+01 3.77012e+04 7.49138e-10 -6.12142e-04
 2.40410e+01 3.94950e+04 8.42939e-10 -6.12142e-04
 2.99358e+01 4.13982e+04 9.50777e-10 -6.12142e-04
 3.72759e+01 4.33770e+04 1.07526e-09 -6.12142e-04
 4.64159e+01 4.53901e+04 1.21913e-09 -6.12142e-04
 5.77969e+01 4.74118e+04 1.38494e-09 -6.12142e-04
 7.19686e+01 4.94325e+04 1.57519e-09 -6.12142e-04
 8.96151e+01 5.14564e+04 1.79236e-09 -6.12142e-04
 1.11588e+02 5.34926e+04 2.03924e-09 -6.12142e-04
 1.38950e+02 5.55496e+04 2.31910e-09 -6.12142e-04
 1.73020e+02 5.76393e+04 2.63553e-09 -6.12142e-04
 2.15443e+02 5.97633e+04 2.99302e-09 -6.12142e-04
 2.68270e+02 6.19465e+04 3.39566e-09 -6.12142e-04
 3.34048e+02 6.41624e+04 3.85052e-09 -6.12142e-04
 4.15956e+02 6.64845e+04 4.36034e-09 -6.12140e-04
 5.17947e+02 6.88040e+04 4.93872e-09 -6.12137e-04
 6.44947e+02 7.13206e+04 5.58142e-09 -6.12125e-04
 8.03086e+02 7.37600e+04 6.31654e-09 -6.12078e-04
 1.00000e+03 7.65440e+04 7.12176e-09 -6.11938e-04
