#n1=128 n2=4 Teff=24000 R=2.6951e+11 L=1.7164e+37 logg=+4.50
#      tau          T          rho         Fconv
  0.00000e+00  1.28918e+04  5.70992e-22 +0.00000e+00
  1.00000e-09  1.28918e+04  5.87037e-17 +0.00000e+00
  1.24520e-09  1.29088e+04  7.30619e-17 +0.00000e+00
  1.55052e-09  1.29289e+04  9.09006e-17 +0.00000e+00
  1.93070e-09  1.29527e+04  1.13051e-16 +0.00000e+00
  2.40410e-09  1.29811e+04  1.40539e-16 +0.00000e+00
  2.99358e-09  1.30148e+04  1.74629e-16 +0.00000e+00
  3.72759e-09  1.30544e+04  2.16879e-16 +0.00000e+00
  4.64159e-09  1.31007e+04  2.69201e-16 +0.00000e+00
  5.77969e-09  1.31545e+04  3.33945e-16 +0.00000e+00
  7.19686e-09  1.32166e+04  4.13993e-16 +0.00000e+00
  8.96151e-09  1.32877e+04  5.12873e-16 +0.00000e+00
  1.11588e-08  1.33686e+04  6.34908e-16 +0.00000e+00
  1.38950e-08  1.34599e+04  7.85383e-16 +0.00000e+00
  1.73020e-08  1.35621e+04  9.70766e-16 +0.00000e+00
  2.15443e-08  1.36754e+04  1.19898e-15 +0.00000e+00
  2.68270e-08  1.37997e+04  1.47973e-15 +0.00000e+00
  3.34048e-08  1.39346e+04  1.82495e-15 +0.00000e+00
  4.15956e-08  1.40790e+04  2.24938e-15 +0.00000e+00
  5.17947e-08  1.42314e+04  2.77122e-15 +0.00000e+00
  6.44947e-08  1.43898e+04  3.41308e-15 +0.00000e+00
  8.03086e-08  1.45519e+04  4.20303e-15 +0.00000e+00
  1.00000e-07  1.47152e+04  5.17596e-15 +0.00000e+00
  1.24520e-07  1.48779e+04  6.37514e-15 +0.00000e+00
  1.55052e-07  1.50389e+04  7.85398e-15 +0.00000e+00
  1.93070e-07  1.51975e+04  9.67848e-15 +0.00000e+00
  2.40410e-07  1.53533e+04  1.19302e-14 +0.00000e+00
  2.99358e-07  1.55060e+04  1.47102e-14 +0.00000e+00
  3.72759e-07  1.56549e+04  1.81441e-14 +0.00000e+00
  4.64159e-07  1.57997e+04  2.23874e-14 +0.00000e+00
  5.77969e-07  1.59405e+04  2.76320e-14 +0.00000e+00
  7.19686e-07  1.60790e+04  3.41125e-14 +0.00000e+00
  8.96151e-07  1.62180e+04  4.21145e-14 +0.00000e+00
  1.11588e-06  1.63605e+04  5.19850e-14 +0.00000e+00
  1.38950e-06  1.65103e+04  6.41448e-14 +0.00000e+00
  1.73020e-06  1.66689e+04  7.91117e-14 +0.00000e+00
  2.15443e-06  1.68388e+04  9.75114e-14 +0.00000e+00
  2.68270e-06  1.70209e+04  1.20113e-13 +0.00000e+00
  3.34048e-06  1.72142e+04  1.47867e-13 +0.00000e+00
  4.15956e-06  1.74175e+04  1.81944e-13 +0.00000e+00
  5.17947e-06  1.76293e+04  2.23785e-13 +0.00000e+00
  6.44947e-06  1.78463e+04  2.75185e-13 +0.00000e+00
  8.03086e-06  1.80647e+04  3.38385e-13 +0.00000e+00
  1.00000e-05  1.82796e+04  4.16194e-13 +0.00000e+00
  1.24520e-05  1.84859e+04  5.12127e-13 +0.00000e+00
  1.55052e-05  1.86792e+04  6.30578e-13 +0.00000e+00
  1.93070e-05  1.88560e+04  7.77001e-13 +0.00000e+00
  2.40410e-05  1.90149e+04  9.58113e-13 +0.00000e+00
  2.99358e-05  1.91567e+04  1.18210e-12 +0.00000e+00
  3.72759e-05  1.92846e+04  1.45879e-12 +0.00000e+00
  4.64159e-05  1.94032e+04  1.79995e-12 +0.00000e+00
  5.77969e-05  1.95169e+04  2.21953e-12 +0.00000e+00
  7.19686e-05  1.96282e+04  2.73422e-12 +0.00000e+00
  8.96151e-05  1.97380e+04  3.36384e-12 +0.00000e+00
  1.11588e-04  1.98458e+04  4.13177e-12 +0.00000e+00
  1.38950e-04  1.99505e+04  5.06545e-12 +0.00000e+00
  1.73020e-04  2.00504e+04  6.19693e-12 +0.00000e+00
  2.15443e-04  2.01439e+04  7.56357e-12 +0.00000e+00
  2.68270e-04  2.02279e+04  9.20939e-12 +0.00000e+00
  3.34048e-04  2.03004e+04  1.11856e-11 +0.00000e+00
  4.15956e-04  2.03566e+04  1.35536e-11 +0.00000e+00
  5.17947e-04  2.03996e+04  1.63795e-11 +0.00000e+00
  6.44947e-04  2.04261e+04  1.97423e-11 +0.00000e+00
  8.03086e-04  2.04354e+04  2.37295e-11 +0.00000e+00
  1.00000e-03  2.04272e+04  2.84338e-11 +0.00000e+00
  1.24520e-03  2.04005e+04  3.39574e-11 -2.54666e-07
  1.55052e-03  2.03554e+04  4.04090e-11 -3.17110e-07
  1.93070e-03  2.02938e+04  4.79045e-11 -3.94864e-07
  2.40410e-03  2.02185e+04  5.65593e-11 -4.91684e-07
  2.99358e-03  2.01319e+04  6.64968e-11 -6.12245e-07
  3.72759e-03  2.00343e+04  7.78574e-11 -7.62364e-07
  4.64159e-03  1.99212e+04  9.08126e-11 -9.49294e-07
  5.77969e-03  1.97821e+04  1.05581e-10 -1.18206e-06
  7.19686e-03  1.96024e+04  1.22440e-10 -1.47189e-06
  8.96151e-03  1.93645e+04  1.41734e-10 -1.83280e-06
  1.11588e-02  1.90486e+04  1.63892e-10 -2.28219e-06
  1.38950e-02  1.86563e+04  1.89237e-10 -2.84178e-06
  1.73020e-02  1.82591e+04  2.17389e-10 -3.53858e-06
  2.15443e-02  1.80010e+04  2.46856e-10 -4.40623e-06
  2.68270e-02  1.79239e+04  2.77250e-10 -5.48664e-06
  3.34048e-02  1.79630e+04  3.09619e-10 -6.83191e-06
  4.15956e-02  1.80597e+04  3.45276e-10 -8.50710e-06
  5.17947e-02  1.81940e+04  3.85062e-10 -1.05930e-05
  6.44947e-02  1.83570e+04  4.29704e-10 -1.31904e-05
  8.03086e-02  1.85427e+04  4.79945e-10 -1.64246e-05
  1.00000e-01  1.87632e+04  5.36193e-10 -2.04519e-05
  1.24520e-01  1.90184e+04  5.99252e-10 -2.54666e-05
  1.55052e-01  1.93141e+04  6.69877e-10 -3.17110e-05
  1.93070e-01  1.96594e+04  7.48840e-10 -3.94864e-05
  2.40410e-01  2.00622e+04  8.37109e-10 -4.91684e-05
  2.99358e-01  2.05299e+04  9.35861e-10 -6.12245e-05
  3.72759e-01  2.10651e+04  1.04670e-09 -7.62364e-05
  4.64159e-01  2.16610e+04  1.17188e-09 -9.49294e-05
  5.77969e-01  2.23050e+04  1.31413e-09 -1.18206e-04
  7.19686e-01  2.29899e+04  1.47615e-09 -1.47189e-04
  8.96151e-01  2.37050e+04  1.66111e-09 -1.83280e-04
  1.11588e+00  2.44266e+04  1.87323e-09 -2.28219e-04
  1.38950e+00  2.51409e+04  2.11630e-09 -2.84178e-04
  1.73020e+00  2.58697e+04  2.39185e-09 -3.53858e-04
  2.15443e+00  2.66456e+04  2.70112e-09 -4.40623e-04
  2.68270e+00  2.74882e+04  3.04710e-09 -5.48664e-04
  3.34048e+00  2.84062e+04  3.43447e-09 -6.13559e-04
  4.15956e+00  2.94091e+04  3.86845e-09 -6.13559e-04
  5.17947e+00  3.05104e+04  4.35443e-09 -6.13559e-04
  6.44947e+00  3.17107e+04  4.90011e-09 -6.13559e-04
  8.03086e+00  3.30100e+04  5.51329e-09 -6.13559e-04
  1.00000e+01  3.44370e+04  6.19725e-09 -6.13559e-04
  1.24520e+01  3.60109e+04  6.95483e-09 -6.13559e-04
  1.55052e+01  3.77331e+04  7.79152e-09 -6.13559e-04
  1.93070e+01  3.95940e+04  8.71359e-09 -6.13559e-04
  2.40410e+01  4.15694e+04  9.74235e-09 -6.13559e-04
  2.99358e+01  4.36185e+04  1.09123e-08 -6.13559e-04
  3.72759e+01  4.57023e+04  1.22624e-08 -6.13559e-04
  4.64159e+01  4.77995e+04  1.38216e-08 -6.13559e-04
  5.77969e+01  4.99034e+04  1.56102e-08 -6.13559e-04
  7.19686e+01  5.20125e+04  1.76528e-08 -6.13559e-04
  8.96151e+01  5.41257e+04  1.99726e-08 -6.13553e-04
  1.11588e+02  5.62405e+04  2.26038e-08 -6.13553e-04
  1.38950e+02  5.83529e+04  2.55784e-08 -6.13537e-04
  1.73020e+02  6.04625e+04  2.89399e-08 -6.13484e-04
  2.15443e+02  6.25648e+04  3.27293e-08 -6.13277e-04
  2.68270e+02  6.46770e+04  3.69951e-08 -6.12452e-04
  3.34048e+02  6.67796e+04  4.17974e-08 -6.09177e-04
  4.15956e+02  6.89348e+04  4.71735e-08 -5.96680e-04
  5.17947e+02  7.10494e+04  5.32495e-08 -5.47409e-04
  6.44947e+02  7.33163e+04  5.99716e-08 -3.79724e-04
  8.03086e+02  7.54316e+04  6.76653e-08 +2.31373e-04
  1.00000e+03  7.78783e+04  7.60169e-08 +1.76705e-03
