#n1=128 n2=4 Teff=24000 R=3.1854e+12 L=2.4030e+39 logg=+2.50
#   tau          T          rho         Fconv
 0.00000e+00 1.54046e+04 4.72174e-22 +0.00000e+00
 1.00000e-09 1.54046e+04 3.89196e-19 +0.00000e+00
 1.24520e-09 1.53663e+04 4.86362e-19 +0.00000e+00
 1.55052e-09 1.53404e+04 6.07381e-19 +0.00000e+00
 1.93070e-09 1.53245e+04 7.58126e-19 +0.00000e+00
 2.40410e-09 1.53176e+04 9.45880e-19 +0.00000e+00
 2.99358e-09 1.53189e+04 1.17969e-18 +0.00000e+00
 3.72759e-09 1.53286e+04 1.47076e-18 +0.00000e+00
 4.64159e-09 1.53468e+04 1.83301e-18 +0.00000e+00
 5.77969e-09 1.53740e+04 2.28365e-18 +0.00000e+00
 7.19686e-09 1.54109e+04 2.84393e-18 +0.00000e+00
 8.96151e-09 1.54582e+04 3.54013e-18 +0.00000e+00
 1.11588e-08 1.55165e+04 4.40468e-18 +0.00000e+00
 1.38950e-08 1.55866e+04 5.47762e-18 +0.00000e+00
 1.73020e-08 1.56689e+04 6.80851e-18 +0.00000e+00
 2.15443e-08 1.57636e+04 8.45873e-18 +0.00000e+00
 2.68270e-08 1.58706e+04 1.05045e-17 +0.00000e+00
 3.34048e-08 1.60037e+04 1.30236e-17 +0.00000e+00
 4.15956e-08 1.61316e+04 1.61638e-17 +0.00000e+00
 5.17947e-08 1.62692e+04 2.00579e-17 +0.00000e+00
 6.44947e-08 1.64194e+04 2.48874e-17 +0.00000e+00
 8.03086e-08 1.65697e+04 3.08910e-17 +0.00000e+00
 1.00000e-07 1.67262e+04 3.83448e-17 +0.00000e+00
 1.24520e-07 1.68835e+04 4.76073e-17 +0.00000e+00
 1.55052e-07 1.70431e+04 5.91023e-17 +0.00000e+00
 1.93070e-07 1.72040e+04 7.33620e-17 +0.00000e+00
 2.40410e-07 1.73653e+04 9.10417e-17 +0.00000e+00
 2.99358e-07 1.75259e+04 1.12956e-16 +0.00000e+00
 3.72759e-07 1.76852e+04 1.40112e-16 +0.00000e+00
 4.64159e-07 1.78428e+04 1.73759e-16 +0.00000e+00
 5.77969e-07 1.79982e+04 2.15448e-16 +0.00000e+00
 7.19686e-07 1.81510e+04 2.67102e-16 +0.00000e+00
 8.96151e-07 1.83014e+04 3.31098e-16 +0.00000e+00
 1.11588e-06 1.84504e+04 4.10366e-16 +0.00000e+00
 1.38950e-06 1.85995e+04 5.08506e-16 +0.00000e+00
 1.73020e-06 1.87511e+04 6.29920e-16 +0.00000e+00
 2.15443e-06 1.89080e+04 7.79997e-16 +0.00000e+00
 2.68270e-06 1.90719e+04 9.65353e-16 +0.00000e+00
 3.34048e-06 1.92440e+04 1.19414e-15 +0.00000e+00
 4.15956e-06 1.94241e+04 1.47644e-15 +0.00000e+00
 5.17947e-06 1.96110e+04 1.82475e-15 +0.00000e+00
 6.44947e-06 1.98027e+04 2.25464e-15 +0.00000e+00
 8.03086e-06 1.99961e+04 2.78554e-15 +0.00000e+00
 1.00000e-05 2.01910e+04 3.44120e-15 +0.00000e+00
 1.24520e-05 2.03844e+04 4.25156e-15 +0.00000e+00
 1.55052e-05 2.05739e+04 5.25386e-15 +0.00000e+00
 1.93070e-05 2.07589e+04 6.49403e-15 +0.00000e+00
 2.40410e-05 2.09383e+04 8.02937e-15 +0.00000e+00
 2.99358e-05 2.11105e+04 9.93145e-15 +0.00000e+00
 3.72759e-05 2.12762e+04 1.22885e-14 +0.00000e+00
 4.64159e-05 2.14360e+04 1.52097e-14 +0.00000e+00
 5.77969e-05 2.15909e+04 1.88303e-14 +0.00000e+00
 7.19686e-05 2.17433e+04 2.33165e-14 +0.00000e+00
 8.96151e-05 2.18889e+04 2.88818e-14 +0.00000e+00
 1.11588e-04 2.20289e+04 3.57860e-14 +0.00000e+00
 1.38950e-04 2.21619e+04 4.43562e-14 +0.00000e+00
 1.73020e-04 2.22864e+04 5.50016e-14 +0.00000e+00
 2.15443e-04 2.24008e+04 6.82343e-14 +0.00000e+00
 2.68270e-04 2.25025e+04 8.46995e-14 +0.00000e+00
 3.34048e-04 2.25895e+04 1.05207e-13 +0.00000e+00
 4.15956e-04 2.26574e+04 1.30787e-13 +0.00000e+00
 5.17947e-04 2.27090e+04 1.62697e-13 +0.00000e+00
 6.44947e-04 2.27415e+04 2.02551e-13 +0.00000e+00
 8.03086e-04 2.27541e+04 2.52363e-13 +0.00000e+00
 1.00000e-03 2.27466e+04 3.14659e-13 +0.00000e+00
 1.24520e-03 2.27179e+04 3.92625e-13 -2.54106e-07
 1.55052e-03 2.26680e+04 4.90241e-13 -3.16412e-07
 1.93070e-03 2.25991e+04 6.12435e-13 -3.93995e-07
 2.40410e-03 2.25140e+04 7.65299e-13 -4.90601e-07
 2.99358e-03 2.24158e+04 9.56344e-13 -6.10897e-07
 3.72759e-03 2.23048e+04 1.19497e-12 -7.60685e-07
 4.64159e-03 2.21760e+04 1.49316e-12 -9.47203e-07
 5.77969e-03 2.20177e+04 1.86657e-12 -1.17946e-06
 7.19686e-03 2.18133e+04 2.33591e-12 -1.46865e-06
 8.96151e-03 2.15430e+04 2.92879e-12 -1.82876e-06
 1.11588e-02 2.11834e+04 3.68245e-12 -2.27717e-06
 1.38950e-02 2.07346e+04 4.64198e-12 -2.83552e-06
 1.73020e-02 2.02761e+04 5.84201e-12 -3.53079e-06
 2.15443e-02 1.99747e+04 7.27666e-12 -4.39653e-06
 2.68270e-02 1.98810e+04 8.94683e-12 -5.47456e-06
 3.34048e-02 1.99200e+04 1.08998e-11 -6.81687e-06
 4.15956e-02 2.00235e+04 1.32039e-11 -8.48837e-06
 5.17947e-02 2.01686e+04 1.59221e-11 -1.05697e-05
 6.44947e-02 2.03452e+04 1.91212e-11 -1.31613e-05
 8.03086e-02 2.05460e+04 2.28755e-11 -1.63884e-05
 1.00000e-01 2.07850e+04 2.72448e-11 -2.04069e-05
 1.24520e-01 2.10612e+04 3.23099e-11 -2.54106e-05
 1.55052e-01 2.13801e+04 3.81505e-11 -3.16412e-05
 1.93070e-01 2.17514e+04 4.48466e-11 -3.93995e-05
 2.40410e-01 2.21831e+04 5.24879e-11 -4.90601e-05
 2.99358e-01 2.26835e+04 6.11744e-11 -6.10897e-05
 3.72759e-01 2.32566e+04 7.10314e-11 -7.60685e-05
 4.64159e-01 2.38979e+04 8.22297e-11 -9.47203e-05
 5.77969e-01 2.45980e+04 9.49841e-11 -1.17946e-04
 7.19686e-01 2.53537e+04 1.09517e-10 -1.46865e-04
 8.96151e-01 2.61592e+04 1.26095e-10 -1.82876e-04
 1.11588e+00 2.69949e+04 1.45076e-10 -2.27717e-04
 1.38950e+00 2.78530e+04 1.66791e-10 -2.83552e-04
 1.73020e+00 2.87648e+04 1.91372e-10 -3.53079e-04
 2.15443e+00 2.97719e+04 2.18848e-10 -4.39653e-04
 2.68270e+00 3.09001e+04 2.49270e-10 -5.47456e-04
 3.34048e+00 3.21595e+04 2.82703e-10 -6.12207e-04
 4.15956e+00 3.35525e+04 3.19303e-10 -6.12207e-04
 5.17947e+00 3.50758e+04 3.59720e-10 -6.12207e-04
 6.44947e+00 3.67025e+04 4.05492e-10 -6.12207e-04
 8.03086e+00 3.83988e+04 4.58377e-10 -6.12207e-04
 1.00000e+01 4.01586e+04 5.19567e-10 -6.12207e-04
 1.24520e+01 4.19756e+04 5.90148e-10 -6.12207e-04
 1.55052e+01 4.38437e+04 6.71279e-10 -6.12207e-04
 1.93070e+01 4.57644e+04 7.64160e-10 -6.12207e-04
 2.40410e+01 4.77410e+04 8.70156e-10 -6.12207e-04
 2.99358e+01 4.97686e+04 9.90969e-10 -6.12207e-04
 3.72759e+01 5.18354e+04 1.12864e-09 -6.12207e-04
 4.64159e+01 5.39291e+04 1.28549e-09 -6.12207e-04
 5.77969e+01 5.60401e+04 1.46407e-09 -6.12207e-04
 7.19686e+01 5.81652e+04 1.66708e-09 -6.12207e-04
 8.96151e+01 6.03059e+04 1.89742e-09 -6.12207e-04
 1.11588e+02 6.24663e+04 2.15830e-09 -6.12207e-04
 1.38950e+02 6.46516e+04 2.45333e-09 -6.12207e-04
 1.73020e+02 6.68674e+04 2.78656e-09 -6.12207e-04
 2.15443e+02 6.91159e+04 3.16267e-09 -6.12207e-04
 2.68270e+02 7.14107e+04 3.58650e-09 -6.12207e-04
 3.34048e+02 7.37431e+04 4.06445e-09 -6.12207e-04
 4.15956e+02 7.61536e+04 4.60138e-09 -6.12207e-04
 5.17947e+02 7.85932e+04 5.20749e-09 -6.12207e-04
 6.44947e+02 8.11871e+04 5.88414e-09 -6.12202e-04
 8.03086e+02 8.37448e+04 6.65292e-09 -6.12197e-04
 1.00000e+03 8.66305e+04 7.49848e-09 -6.12176e-04
