#n1=128 n2=4 Teff=25000 R=3.3208e+12 L=3.0698e+39 logg=+2.50
#   tau          T          rho         Fconv
 0.00000e+00 1.32711e+04 5.43077e-22 +0.00000e+00
 1.00000e-09 1.32711e+04 4.75549e-19 +0.00000e+00
 1.24520e-09 1.32765e+04 5.95403e-19 +0.00000e+00
 1.55052e-09 1.32827e+04 7.45354e-19 +0.00000e+00
 1.93070e-09 1.32895e+04 9.32853e-19 +0.00000e+00
 2.40410e-09 1.32972e+04 1.16717e-18 +0.00000e+00
 2.99358e-09 1.33057e+04 1.45984e-18 +0.00000e+00
 3.72759e-09 1.33152e+04 1.82519e-18 +0.00000e+00
 4.64159e-09 1.33260e+04 2.28105e-18 +0.00000e+00
 5.77969e-09 1.33382e+04 2.84956e-18 +0.00000e+00
 7.19686e-09 1.33521e+04 3.55820e-18 +0.00000e+00
 8.96151e-09 1.33680e+04 4.44109e-18 +0.00000e+00
 1.11588e-08 1.33861e+04 5.54052e-18 +0.00000e+00
 1.38950e-08 1.34069e+04 6.90891e-18 +0.00000e+00
 1.73020e-08 1.34309e+04 8.61112e-18 +0.00000e+00
 2.15443e-08 1.34584e+04 1.07275e-17 +0.00000e+00
 2.68270e-08 1.34901e+04 1.33571e-17 +0.00000e+00
 3.34048e-08 1.35267e+04 1.66224e-17 +0.00000e+00
 4.15956e-08 1.35688e+04 2.06743e-17 +0.00000e+00
 5.17947e-08 1.36171e+04 2.56985e-17 +0.00000e+00
 6.44947e-08 1.36724e+04 3.19235e-17 +0.00000e+00
 8.03086e-08 1.37356e+04 3.96296e-17 +0.00000e+00
 1.00000e-07 1.38074e+04 4.91612e-17 +0.00000e+00
 1.24520e-07 1.38887e+04 6.09400e-17 +0.00000e+00
 1.55052e-07 1.39800e+04 7.54828e-17 +0.00000e+00
 1.93070e-07 1.40821e+04 9.34226e-17 +0.00000e+00
 2.40410e-07 1.41952e+04 1.15535e-16 +0.00000e+00
 2.99358e-07 1.43196e+04 1.42772e-16 +0.00000e+00
 3.72759e-07 1.44549e+04 1.76303e-16 +0.00000e+00
 4.64159e-07 1.46001e+04 2.17571e-16 +0.00000e+00
 5.77969e-07 1.47540e+04 2.68362e-16 +0.00000e+00
 7.19686e-07 1.49144e+04 3.30894e-16 +0.00000e+00
 8.96151e-07 1.50786e+04 4.07934e-16 +0.00000e+00
 1.11588e-06 1.52428e+04 5.02960e-16 +0.00000e+00
 1.38950e-06 1.54034e+04 6.20339e-16 +0.00000e+00
 1.73020e-06 1.55565e+04 7.65556e-16 +0.00000e+00
 2.15443e-06 1.56992e+04 9.45476e-16 +0.00000e+00
 2.68270e-06 1.58305e+04 1.16862e-15 +0.00000e+00
 3.34048e-06 1.59516e+04 1.44545e-15 +0.00000e+00
 4.15956e-06 1.60661e+04 1.78870e-15 +0.00000e+00
 5.17947e-06 1.61790e+04 2.21379e-15 +0.00000e+00
 6.44947e-06 1.62954e+04 2.73946e-15 +0.00000e+00
 8.03086e-06 1.64184e+04 3.38875e-15 +0.00000e+00
 1.00000e-05 1.65486e+04 4.19038e-15 +0.00000e+00
 1.24520e-05 1.66842e+04 5.18027e-15 +0.00000e+00
 1.55052e-05 1.68228e+04 6.40333e-15 +0.00000e+00
 1.93070e-05 1.69622e+04 7.91531e-15 +0.00000e+00
 2.40410e-05 1.71014e+04 9.78511e-15 +0.00000e+00
 2.99358e-05 1.72418e+04 1.20965e-14 +0.00000e+00
 3.72759e-05 1.73868e+04 1.49511e-14 +0.00000e+00
 4.64159e-05 1.75387e+04 1.84732e-14 +0.00000e+00
 5.77969e-05 1.76979e+04 2.28174e-14 +0.00000e+00
 7.19686e-05 1.78635e+04 2.81754e-14 +0.00000e+00
 8.96151e-05 1.80336e+04 3.47857e-14 +0.00000e+00
 1.11588e-04 1.82062e+04 4.29445e-14 +0.00000e+00
 1.38950e-04 1.83784e+04 5.30224e-14 +0.00000e+00
 1.73020e-04 1.85473e+04 6.54820e-14 +0.00000e+00
 2.15443e-04 1.87106e+04 8.08987e-14 +0.00000e+00
 2.68270e-04 1.88647e+04 9.99995e-14 +0.00000e+00
 3.34048e-04 1.90072e+04 1.23689e-13 +0.00000e+00
 4.15956e-04 1.91316e+04 1.53136e-13 +0.00000e+00
 5.17947e-04 1.92434e+04 1.89712e-13 +0.00000e+00
 6.44947e-04 1.93377e+04 2.35224e-13 +0.00000e+00
 8.03086e-04 1.94138e+04 2.91894e-13 +0.00000e+00
 1.00000e-03 1.94729e+04 3.62474e-13 +0.00000e+00
 1.24520e-03 1.95155e+04 4.50396e-13 -2.54526e-07
 1.55052e-03 1.95435e+04 5.59880e-13 -3.16935e-07
 1.93070e-03 1.95597e+04 6.96103e-13 -3.94646e-07
 2.40410e-03 1.95654e+04 8.65462e-13 -4.91412e-07
 2.99358e-03 1.95626e+04 1.07578e-12 -6.11906e-07
 3.72759e-03 1.95553e+04 1.33645e-12 -7.61941e-07
 4.64159e-03 1.95479e+04 1.65878e-12 -9.48768e-07
 5.77969e-03 1.95435e+04 2.05644e-12 -1.18140e-06
 7.19686e-03 1.95452e+04 2.54574e-12 -1.47108e-06
 8.96151e-03 1.95566e+04 3.14589e-12 -1.83179e-06
 1.11588e-02 1.95774e+04 3.88015e-12 -2.28093e-06
 1.38950e-02 1.96090e+04 4.77551e-12 -2.84021e-06
 1.73020e-02 1.96518e+04 5.86367e-12 -3.53662e-06
 2.15443e-02 1.97073e+04 7.18093e-12 -4.40379e-06
 2.68270e-02 1.97779e+04 8.76800e-12 -5.48359e-06
 3.34048e-02 1.98680e+04 1.06696e-11 -6.82816e-06
 4.15956e-02 1.99826e+04 1.29339e-11 -8.50240e-06
 5.17947e-02 2.01310e+04 1.56100e-11 -1.05872e-05
 6.44947e-02 2.03235e+04 1.87477e-11 -1.31831e-05
 8.03086e-02 2.05708e+04 2.23977e-11 -1.64156e-05
 1.00000e-01 2.08847e+04 2.66109e-11 -2.04406e-05
 1.24520e-01 2.12765e+04 3.14413e-11 -2.54526e-05
 1.55052e-01 2.17486e+04 3.69613e-11 -3.16935e-05
 1.93070e-01 2.22930e+04 4.32746e-11 -3.94646e-05
 2.40410e-01 2.28380e+04 5.06295e-11 -4.91412e-05
 2.99358e-01 2.33616e+04 5.92210e-11 -6.11906e-05
 3.72759e-01 2.38745e+04 6.91922e-11 -7.61941e-05
 4.64159e-01 2.43914e+04 8.06847e-11 -9.48768e-05
 5.77969e-01 2.49282e+04 9.38440e-11 -1.18140e-04
 7.19686e-01 2.54997e+04 1.08829e-10 -1.47108e-04
 8.96151e-01 2.61192e+04 1.25816e-10 -1.83179e-04
 1.11588e+00 2.68004e+04 1.44997e-10 -2.28093e-04
 1.38950e+00 2.75530e+04 1.66604e-10 -2.84021e-04
 1.73020e+00 2.83886e+04 1.90871e-10 -3.53662e-04
 2.15443e+00 2.93181e+04 2.18043e-10 -4.40379e-04
 2.68270e+00 3.03535e+04 2.48328e-10 -5.48350e-04
 3.34048e+00 3.14917e+04 2.81991e-10 -6.13220e-04
 4.15956e+00 3.27138e+04 3.19407e-10 -6.13220e-04
 5.17947e+00 3.40280e+04 3.60839e-10 -6.13220e-04
 6.44947e+00 3.54519e+04 4.06843e-10 -6.13220e-04
 8.03086e+00 3.69921e+04 4.58594e-10 -6.13220e-04
 1.00000e+01 3.86378e+04 5.17663e-10 -6.13220e-04
 1.24520e+01 4.03746e+04 5.85534e-10 -6.13220e-04
 1.55052e+01 4.21867e+04 6.63595e-10 -6.13220e-04
 1.93070e+01 4.40609e+04 7.53257e-10 -6.13220e-04
 2.40410e+01 4.59886e+04 8.56000e-10 -6.13220e-04
 2.99358e+01 4.79694e+04 9.73376e-10 -6.13220e-04
 3.72759e+01 4.99960e+04 1.10727e-09 -6.13220e-04
 4.64159e+01 5.20775e+04 1.25953e-09 -6.13220e-04
 5.77969e+01 5.41821e+04 1.43310e-09 -6.13220e-04
 7.19686e+01 5.63376e+04 1.62991e-09 -6.13220e-04
 8.96151e+01 5.85175e+04 1.85360e-09 -6.13220e-04
 1.11588e+02 6.06952e+04 2.10803e-09 -6.13220e-04
 1.38950e+02 6.29967e+04 2.39316e-09 -6.13220e-04
 1.73020e+02 6.51645e+04 2.72166e-09 -6.13220e-04
 2.15443e+02 6.76356e+04 3.08217e-09 -6.13220e-04
 2.68270e+02 6.98084e+04 3.50430e-09 -6.13220e-04
 3.34048e+02 7.24751e+04 3.95870e-09 -6.13220e-04
 4.15956e+02 7.47104e+04 4.49738e-09 -6.13220e-04
 5.17947e+02 7.75488e+04 5.07202e-09 -6.13215e-04
 6.44947e+02 8.00021e+04 5.74987e-09 -6.13215e-04
 8.03086e+02 8.28902e+04 6.48621e-09 -6.13201e-04
 1.00000e+03 8.58280e+04 7.32110e-09 -6.13165e-04
