#n1=128 n2=4 Teff=25000 R=4.9941e+11 L=6.9335e+37 logg=+4.00
#   tau          T          rho         Fconv
 0.00000e+00 1.17743e+04 6.34164e-22 +0.00000e+00
 1.00000e-09 1.17743e+04 2.08216e-17 +0.00000e+00
 1.24520e-09 1.17966e+04 2.58898e-17 +0.00000e+00
 1.55052e-09 1.18228e+04 3.21793e-17 +0.00000e+00
 1.93070e-09 1.18537e+04 3.99801e-17 +0.00000e+00
 2.40410e-09 1.18896e+04 4.96497e-17 +0.00000e+00
 2.99358e-09 1.19310e+04 6.16285e-17 +0.00000e+00
 3.72759e-09 1.19783e+04 7.64582e-17 +0.00000e+00
 4.64159e-09 1.20321e+04 9.48050e-17 +0.00000e+00
 5.77969e-09 1.20928e+04 1.17487e-16 +0.00000e+00
 7.19686e-09 1.21608e+04 1.45509e-16 +0.00000e+00
 8.96151e-09 1.22364e+04 1.80105e-16 +0.00000e+00
 1.11588e-08 1.23199e+04 2.22790e-16 +0.00000e+00
 1.38950e-08 1.24112e+04 2.75424e-16 +0.00000e+00
 1.73020e-08 1.25102e+04 3.40297e-16 +0.00000e+00
 2.15443e-08 1.26164e+04 4.20233e-16 +0.00000e+00
 2.68270e-08 1.27290e+04 5.18715e-16 +0.00000e+00
 3.34048e-08 1.28469e+04 6.40052e-16 +0.00000e+00
 4.15956e-08 1.29690e+04 7.89579e-16 +0.00000e+00
 5.17947e-08 1.30940e+04 9.73908e-16 +0.00000e+00
 6.44947e-08 1.32205e+04 1.20124e-15 +0.00000e+00
 8.03086e-08 1.33472e+04 1.48172e-15 +0.00000e+00
 1.00000e-07 1.34733e+04 1.82797e-15 +0.00000e+00
 1.24520e-07 1.35976e+04 2.25561e-15 +0.00000e+00
 1.55052e-07 1.37193e+04 2.78406e-15 +0.00000e+00
 1.93070e-07 1.38376e+04 3.43744e-15 +0.00000e+00
 2.40410e-07 1.39516e+04 4.24580e-15 +0.00000e+00
 2.99358e-07 1.40603e+04 5.24663e-15 +0.00000e+00
 3.72759e-07 1.41629e+04 6.48658e-15 +0.00000e+00
 4.64159e-07 1.42593e+04 8.02351e-15 +0.00000e+00
 5.77969e-07 1.43503e+04 9.92881e-15 +0.00000e+00
 7.19686e-07 1.44378e+04 1.22900e-14 +0.00000e+00
 8.96151e-07 1.45242e+04 1.52147e-14 +0.00000e+00
 1.11588e-06 1.46120e+04 1.88339e-14 +0.00000e+00
 1.38950e-06 1.47040e+04 2.33083e-14 +0.00000e+00
 1.73020e-06 1.48026e+04 2.88336e-14 +0.00000e+00
 2.15443e-06 1.49105e+04 3.56474e-14 +0.00000e+00
 2.68270e-06 1.50302e+04 4.40386e-14 +0.00000e+00
 3.34048e-06 1.51632e+04 5.43591e-14 +0.00000e+00
 4.15956e-06 1.53103e+04 6.70401e-14 +0.00000e+00
 5.17947e-06 1.54711e+04 8.26109e-14 +0.00000e+00
 6.44947e-06 1.56434e+04 1.01730e-13 +0.00000e+00
 8.03086e-06 1.58229e+04 1.25228e-13 +0.00000e+00
 1.00000e-05 1.60037e+04 1.54152e-13 +0.00000e+00
 1.24520e-05 1.61799e+04 1.89823e-13 +0.00000e+00
 1.55052e-05 1.63474e+04 2.33885e-13 +0.00000e+00
 1.93070e-05 1.65045e+04 2.88359e-13 +0.00000e+00
 2.40410e-05 1.66535e+04 3.55682e-13 +0.00000e+00
 2.99358e-05 1.67989e+04 4.38782e-13 +0.00000e+00
 3.72759e-05 1.69456e+04 5.41185e-13 +0.00000e+00
 4.64159e-05 1.70971e+04 6.67166e-13 +0.00000e+00
 5.77969e-05 1.72544e+04 8.21972e-13 +0.00000e+00
 7.19686e-05 1.74168e+04 1.01204e-12 +0.00000e+00
 8.96151e-05 1.75824e+04 1.24521e-12 +0.00000e+00
 1.11588e-04 1.77495e+04 1.53101e-12 +0.00000e+00
 1.38950e-04 1.79156e+04 1.88098e-12 +0.00000e+00
 1.73020e-04 1.80781e+04 2.30906e-12 +0.00000e+00
 2.15443e-04 1.82356e+04 2.83181e-12 +0.00000e+00
 2.68270e-04 1.83841e+04 3.46943e-12 +0.00000e+00
 3.34048e-04 1.85220e+04 4.24561e-12 +0.00000e+00
 4.15956e-04 1.86411e+04 5.19023e-12 +0.00000e+00
 5.17947e-04 1.87493e+04 6.33443e-12 +0.00000e+00
 6.44947e-04 1.88402e+04 7.71891e-12 +0.00000e+00
 8.03086e-04 1.89133e+04 9.38960e-12 +0.00000e+00
 1.00000e-03 1.89698e+04 1.13990e-11 +0.00000e+00
 1.24520e-03 1.90098e+04 1.38071e-11 -2.54870e-07
 1.55052e-03 1.90353e+04 1.66804e-11 -3.17363e-07
 1.93070e-03 1.90490e+04 2.00895e-11 -3.95180e-07
 2.40410e-03 1.90522e+04 2.41130e-11 -4.92076e-07
 2.99358e-03 1.90465e+04 2.88317e-11 -6.12733e-07
 3.72759e-03 1.90361e+04 3.43292e-11 -7.62971e-07
 4.64159e-03 1.90253e+04 4.06925e-11 -9.50050e-07
 5.77969e-03 1.90173e+04 4.80153e-11 -1.18300e-06
 7.19686e-03 1.90151e+04 5.63958e-11 -1.47307e-06
 8.96151e-03 1.90224e+04 6.59360e-11 -1.83426e-06
 1.11588e-02 1.90387e+04 7.67612e-11 -2.28402e-06
 1.38950e-02 1.90657e+04 8.90027e-11 -2.84405e-06
 1.73020e-02 1.91037e+04 1.02811e-10 -3.54140e-06
 2.15443e-02 1.91544e+04 1.18350e-10 -4.40974e-06
 2.68270e-02 1.92205e+04 1.35793e-10 -5.49100e-06
 3.34048e-02 1.93066e+04 1.55325e-10 -6.83739e-06
 4.15956e-02 1.94180e+04 1.77145e-10 -8.51389e-06
 5.17947e-02 1.95645e+04 2.01438e-10 -1.06015e-05
 6.44947e-02 1.97569e+04 2.28405e-10 -1.32009e-05
 8.03086e-02 2.00062e+04 2.58280e-10 -1.64377e-05
 1.00000e-01 2.03244e+04 2.91333e-10 -2.04682e-05
 1.24520e-01 2.07227e+04 3.27907e-10 -2.54870e-05
 1.55052e-01 2.12030e+04 3.68567e-10 -3.17363e-05
 1.93070e-01 2.17573e+04 4.14163e-10 -3.95180e-05
 2.40410e-01 2.23123e+04 4.66737e-10 -4.92076e-05
 2.99358e-01 2.28461e+04 5.27449e-10 -6.12733e-05
 3.72759e-01 2.33689e+04 5.96903e-10 -7.62971e-05
 4.64159e-01 2.38939e+04 6.75751e-10 -9.50050e-05
 5.77969e-01 2.44347e+04 7.64746e-10 -1.18300e-04
 7.19686e-01 2.50035e+04 8.64815e-10 -1.47307e-04
 8.96151e-01 2.56109e+04 9.77077e-10 -1.83426e-04
 1.11588e+00 2.62687e+04 1.10280e-09 -2.28402e-04
 1.38950e+00 2.69847e+04 1.24358e-09 -2.84405e-04
 1.73020e+00 2.77701e+04 1.40110e-09 -3.54140e-04
 2.15443e+00 2.86364e+04 1.57731e-09 -4.40974e-04
 2.68270e+00 2.95966e+04 1.77434e-09 -5.49100e-04
 3.34048e+00 3.06490e+04 1.99535e-09 -6.14048e-04
 4.15956e+00 3.17768e+04 2.24448e-09 -6.14048e-04
 5.17947e+00 3.29929e+04 2.52385e-09 -6.14048e-04
 6.44947e+00 3.43250e+04 2.83418e-09 -6.14048e-04
 8.03086e+00 3.57929e+04 3.17609e-09 -6.14048e-04
 1.00000e+01 3.73960e+04 3.55191e-09 -6.14048e-04
 1.24520e+01 3.91228e+04 3.96777e-09 -6.14048e-04
 1.55052e+01 4.09519e+04 4.43598e-09 -6.14048e-04
 1.93070e+01 4.28560e+04 4.97206e-09 -6.14048e-04
 2.40410e+01 4.48121e+04 5.58966e-09 -6.14048e-04
 2.99358e+01 4.68095e+04 6.29938e-09 -6.14048e-04
 3.72759e+01 4.88391e+04 7.11106e-09 -6.14048e-04
 4.64159e+01 5.09106e+04 8.03438e-09 -6.14048e-04
 5.77969e+01 5.29938e+04 9.08612e-09 -6.14048e-04
 7.19686e+01 5.51229e+04 1.02742e-08 -6.14048e-04
 8.96151e+01 5.72499e+04 1.16239e-08 -6.14048e-04
 1.11588e+02 5.93632e+04 1.31529e-08 -6.14048e-04
 1.38950e+02 6.15585e+04 1.48659e-08 -6.14044e-04
 1.73020e+02 6.35838e+04 1.68364e-08 -6.14044e-04
 2.15443e+02 6.58803e+04 1.89907e-08 -6.14030e-04
 2.68270e+02 6.78163e+04 2.15166e-08 -6.13976e-04
 3.34048e+02 7.02488e+04 2.42105e-08 -6.13804e-04
 4.15956e+02 7.21247e+04 2.74302e-08 -6.12873e-04
 5.17947e+02 7.46837e+04 3.08013e-08 -6.10174e-04
 6.44947e+02 7.66548e+04 3.48417e-08 -5.96378e-04
 8.03086e+02 7.91266e+04 3.91572e-08 -5.52621e-04
 1.00000e+03 8.14922e+04 4.40875e-08 -3.89986e-04
