#n1=128 n2=4 Teff=25000 R=3.3202e+12 L=3.0698e+39 logg=+2.50
#   tau          T          rho         Fconv
 0.00000e+00 1.22888e+04 5.92119e-22 +0.00000e+00
 1.00000e-09 1.22888e+04 5.20487e-19 +0.00000e+00
 1.24520e-09 1.23063e+04 6.50954e-19 +0.00000e+00
 1.55052e-09 1.23257e+04 8.13990e-19 +0.00000e+00
 1.93070e-09 1.23478e+04 1.01752e-18 +0.00000e+00
 2.40410e-09 1.23732e+04 1.27137e-18 +0.00000e+00
 2.99358e-09 1.24024e+04 1.58768e-18 +0.00000e+00
 3.72759e-09 1.24359e+04 1.98143e-18 +0.00000e+00
 4.64159e-09 1.24744e+04 2.47110e-18 +0.00000e+00
 5.77969e-09 1.25185e+04 3.07944e-18 +0.00000e+00
 7.19686e-09 1.25689e+04 3.83441e-18 +0.00000e+00
 8.96151e-09 1.26262e+04 4.77042e-18 +0.00000e+00
 1.11588e-08 1.26913e+04 5.92964e-18 +0.00000e+00
 1.38950e-08 1.27646e+04 7.36388e-18 +0.00000e+00
 1.73020e-08 1.28469e+04 9.13663e-18 +0.00000e+00
 2.15443e-08 1.29385e+04 1.13258e-17 +0.00000e+00
 2.68270e-08 1.30397e+04 1.40269e-17 +0.00000e+00
 3.34048e-08 1.31508e+04 1.73571e-17 +0.00000e+00
 4.15956e-08 1.32711e+04 2.14612e-17 +0.00000e+00
 5.17947e-08 1.34001e+04 2.65170e-17 +0.00000e+00
 6.44947e-08 1.35368e+04 3.27442e-17 +0.00000e+00
 8.03086e-08 1.36796e+04 4.04153e-17 +0.00000e+00
 1.00000e-07 1.38265e+04 4.98695e-17 +0.00000e+00
 1.24520e-07 1.39751e+04 6.15292e-17 +0.00000e+00
 1.55052e-07 1.41227e+04 7.59221e-17 +0.00000e+00
 1.93070e-07 1.42670e+04 9.37073e-17 +0.00000e+00
 2.40410e-07 1.44059e+04 1.15707e-16 +0.00000e+00
 2.99358e-07 1.45379e+04 1.42943e-16 +0.00000e+00
 3.72759e-07 1.46626e+04 1.76684e-16 +0.00000e+00
 4.64159e-07 1.47800e+04 2.18503e-16 +0.00000e+00
 5.77969e-07 1.48913e+04 2.70338e-16 +0.00000e+00
 7.19686e-07 1.49987e+04 3.34567e-16 +0.00000e+00
 8.96151e-07 1.51054e+04 4.14082e-16 +0.00000e+00
 1.11588e-06 1.52159e+04 5.12380e-16 +0.00000e+00
 1.38950e-06 1.53338e+04 6.33732e-16 +0.00000e+00
 1.73020e-06 1.54634e+04 7.83264e-16 +0.00000e+00
 2.15443e-06 1.56080e+04 9.67210e-16 +0.00000e+00
 2.68270e-06 1.57695e+04 1.19316e-15 +0.00000e+00
 3.34048e-06 1.59483e+04 1.47044e-15 +0.00000e+00
 4.15956e-06 1.61422e+04 1.81068e-15 +0.00000e+00
 5.17947e-06 1.63486e+04 2.22826e-15 +0.00000e+00
 6.44947e-06 1.65628e+04 2.74129e-15 +0.00000e+00
 8.03086e-06 1.67784e+04 3.37273e-15 +0.00000e+00
 1.00000e-05 1.69886e+04 4.15163e-15 +0.00000e+00
 1.24520e-05 1.71879e+04 5.11446e-15 +0.00000e+00
 1.55052e-05 1.73733e+04 6.30649e-15 +0.00000e+00
 1.93070e-05 1.75451e+04 7.78330e-15 +0.00000e+00
 2.40410e-05 1.77073e+04 9.61211e-15 +0.00000e+00
 2.99358e-05 1.78655e+04 1.18744e-14 +0.00000e+00
 3.72759e-05 1.80248e+04 1.46693e-14 +0.00000e+00
 4.64159e-05 1.81890e+04 1.81187e-14 +0.00000e+00
 5.77969e-05 1.83588e+04 2.23742e-14 +0.00000e+00
 7.19686e-05 1.85334e+04 2.76245e-14 +0.00000e+00
 8.96151e-05 1.87110e+04 3.41042e-14 +0.00000e+00
 1.11588e-04 1.88898e+04 4.21049e-14 +0.00000e+00
 1.38950e-04 1.90671e+04 5.19908e-14 +0.00000e+00
 1.73020e-04 1.92403e+04 6.42165e-14 +0.00000e+00
 2.15443e-04 1.94079e+04 7.93450e-14 +0.00000e+00
 2.68270e-04 1.95657e+04 9.80924e-14 +0.00000e+00
 3.34048e-04 1.97120e+04 1.21344e-13 +0.00000e+00
 4.15956e-04 1.98379e+04 1.50265e-13 +0.00000e+00
 5.17947e-04 1.99520e+04 1.86184e-13 +0.00000e+00
 6.44947e-04 2.00473e+04 2.30894e-13 +0.00000e+00
 8.03086e-04 2.01234e+04 2.86589e-13 +0.00000e+00
 1.00000e-03 2.01815e+04 3.55985e-13 +0.00000e+00
 1.24520e-03 2.02217e+04 4.42484e-13 -2.54434e-07
 1.55052e-03 2.02462e+04 5.50273e-13 -3.16820e-07
 1.93070e-03 2.02579e+04 6.84495e-13 -3.94504e-07
 2.40410e-03 2.02581e+04 8.51528e-13 -4.91234e-07
 2.99358e-03 2.02485e+04 1.05919e-12 -6.11685e-07
 3.72759e-03 2.02337e+04 1.31687e-12 -7.61666e-07
 4.64159e-03 2.02182e+04 1.63589e-12 -9.48425e-07
 5.77969e-03 2.02054e+04 2.02998e-12 -1.18098e-06
 7.19686e-03 2.01984e+04 2.51557e-12 -1.47055e-06
 8.96151e-03 2.02014e+04 3.11206e-12 -1.83112e-06
 1.11588e-02 2.02138e+04 3.84302e-12 -2.28011e-06
 1.38950e-02 2.02374e+04 4.73585e-12 -2.83918e-06
 1.73020e-02 2.02726e+04 5.82281e-12 -3.53535e-06
 2.15443e-02 2.03212e+04 7.14090e-12 -4.40220e-06
 2.68270e-02 2.03862e+04 8.73169e-12 -5.48161e-06
 3.34048e-02 2.04726e+04 1.06408e-11 -6.82569e-06
 4.15956e-02 2.05862e+04 1.29174e-11 -8.49933e-06
 5.17947e-02 2.07376e+04 1.56111e-11 -1.05833e-05
 6.44947e-02 2.09385e+04 1.87718e-11 -1.31783e-05
 8.03086e-02 2.12004e+04 2.24508e-11 -1.64096e-05
 1.00000e-01 2.15358e+04 2.66989e-11 -2.04332e-05
 1.24520e-01 2.19569e+04 3.15699e-11 -2.54434e-05
 1.55052e-01 2.24659e+04 3.71365e-11 -3.16820e-05
 1.93070e-01 2.30554e+04 4.35019e-11 -3.94504e-05
 2.40410e-01 2.36485e+04 5.09222e-11 -4.91234e-05
 2.99358e-01 2.42241e+04 5.95919e-11 -6.11685e-05
 3.72759e-01 2.47959e+04 6.96505e-11 -7.61666e-05
 4.64159e-01 2.53812e+04 8.12363e-11 -9.48425e-05
 5.77969e-01 2.59980e+04 9.44902e-11 -1.18098e-04
 7.19686e-01 2.66637e+04 1.09563e-10 -1.47055e-04
 8.96151e-01 2.73945e+04 1.26616e-10 -1.83112e-04
 1.11588e+00 2.82078e+04 1.45810e-10 -2.28011e-04
 1.38950e+00 2.91175e+04 1.67318e-10 -2.83918e-04
 1.73020e+00 3.01397e+04 1.91265e-10 -3.53535e-04
 2.15443e+00 3.12883e+04 2.17718e-10 -4.40219e-04
 2.68270e+00 3.25738e+04 2.46713e-10 -5.48165e-04
 3.34048e+00 3.39829e+04 2.78654e-10 -6.12994e-04
 4.15956e+00 3.54758e+04 3.14657e-10 -6.12998e-04
 5.17947e+00 3.70343e+04 3.55966e-10 -6.12998e-04
 6.44947e+00 3.86544e+04 4.03636e-10 -6.12998e-04
 8.03086e+00 4.03354e+04 4.58572e-10 -6.12998e-04
 1.00000e+01 4.20755e+04 5.21695e-10 -6.12998e-04
 1.24520e+01 4.38788e+04 5.93946e-10 -6.12998e-04
 1.55052e+01 4.57488e+04 6.76412e-10 -6.12998e-04
 1.93070e+01 4.76845e+04 7.70397e-10 -6.12998e-04
 2.40410e+01 4.96774e+04 8.77485e-10 -6.12998e-04
 2.99358e+01 5.17156e+04 9.99514e-10 -6.12998e-04
 3.72759e+01 5.37829e+04 1.13862e-09 -6.12998e-04
 4.64159e+01 5.58806e+04 1.29688e-09 -6.12998e-04
 5.77969e+01 5.79853e+04 1.47712e-09 -6.12998e-04
 7.19686e+01 6.01412e+04 1.68098e-09 -6.12998e-04
 8.96151e+01 6.23058e+04 1.91251e-09 -6.12998e-04
 1.11588e+02 6.45070e+04 2.17422e-09 -6.12998e-04
 1.38950e+02 6.68109e+04 2.46808e-09 -6.12998e-04
 1.73020e+02 6.90286e+04 2.80441e-09 -6.12998e-04
 2.15443e+02 7.15248e+04 3.17497e-09 -6.12998e-04
 2.68270e+02 7.37864e+04 3.60541e-09 -6.12998e-04
 3.34048e+02 7.65050e+04 4.07180e-09 -6.12998e-04
 4.15956e+02 7.88492e+04 4.62065e-09 -6.12998e-04
 5.17947e+02 8.18247e+04 5.20689e-09 -6.12998e-04
 6.44947e+02 8.43816e+04 5.89987e-09 -6.12994e-04
 8.03086e+02 8.74640e+04 6.64869e-09 -6.12989e-04
 1.00000e+03 9.05580e+04 7.50201e-09 -6.12980e-04
