#n1=128 n2=4 Teff=25000 R=1.8671e+12 L=9.7082e+38 logg=+3.00
#   tau          T          rho         Fconv
 0.00000e+00 1.44157e+04 5.00912e-22 +0.00000e+00
 1.00000e-09 1.44157e+04 1.53269e-18 +0.00000e+00
 1.24520e-09 1.44083e+04 1.91065e-18 +0.00000e+00
 1.55052e-09 1.44032e+04 2.38138e-18 +0.00000e+00
 1.93070e-09 1.43998e+04 2.96770e-18 +0.00000e+00
 2.40410e-09 1.43975e+04 3.69800e-18 +0.00000e+00
 2.99358e-09 1.43962e+04 4.60763e-18 +0.00000e+00
 3.72759e-09 1.43958e+04 5.74063e-18 +0.00000e+00
 4.64159e-09 1.43959e+04 7.15186e-18 +0.00000e+00
 5.77969e-09 1.43965e+04 8.90961e-18 +0.00000e+00
 7.19686e-09 1.43976e+04 1.10990e-17 +0.00000e+00
 8.96151e-09 1.43990e+04 1.38259e-17 +0.00000e+00
 1.11588e-08 1.44008e+04 1.72224e-17 +0.00000e+00
 1.38950e-08 1.44027e+04 2.14527e-17 +0.00000e+00
 1.73020e-08 1.44050e+04 2.67217e-17 +0.00000e+00
 2.15443e-08 1.44074e+04 3.32841e-17 +0.00000e+00
 2.68270e-08 1.44100e+04 4.14575e-17 +0.00000e+00
 3.34048e-08 1.44128e+04 5.16371e-17 +0.00000e+00
 4.15956e-08 1.44158e+04 6.43154e-17 +0.00000e+00
 5.17947e-08 1.44189e+04 8.01054e-17 +0.00000e+00
 6.44947e-08 1.44223e+04 9.97707e-17 +0.00000e+00
 8.03086e-08 1.44258e+04 1.24262e-16 +0.00000e+00
 1.00000e-07 1.44294e+04 1.54764e-16 +0.00000e+00
 1.24520e-07 1.44332e+04 1.92750e-16 +0.00000e+00
 1.55052e-07 1.44372e+04 2.40057e-16 +0.00000e+00
 1.93070e-07 1.44412e+04 2.98972e-16 +0.00000e+00
 2.40410e-07 1.44455e+04 3.72343e-16 +0.00000e+00
 2.99358e-07 1.44498e+04 4.63715e-16 +0.00000e+00
 3.72759e-07 1.44543e+04 5.77504e-16 +0.00000e+00
 4.64159e-07 1.44589e+04 7.19208e-16 +0.00000e+00
 5.77969e-07 1.44637e+04 8.95670e-16 +0.00000e+00
 7.19686e-07 1.44687e+04 1.11541e-15 +0.00000e+00
 8.96151e-07 1.44740e+04 1.38904e-15 +0.00000e+00
 1.11588e-06 1.44797e+04 1.72974e-15 +0.00000e+00
 1.38950e-06 1.44859e+04 2.15394e-15 +0.00000e+00
 1.73020e-06 1.44927e+04 2.68205e-15 +0.00000e+00
 2.15443e-06 1.45002e+04 3.33946e-15 +0.00000e+00
 2.68270e-06 1.45089e+04 4.15771e-15 +0.00000e+00
 3.34048e-06 1.45187e+04 5.17600e-15 +0.00000e+00
 4.15956e-06 1.45301e+04 6.44300e-15 +0.00000e+00
 5.17947e-06 1.45434e+04 8.01910e-15 +0.00000e+00
 6.44947e-06 1.45588e+04 9.97926e-15 +0.00000e+00
 8.03086e-06 1.45767e+04 1.24164e-14 +0.00000e+00
 1.00000e-05 1.45976e+04 1.54455e-14 +0.00000e+00
 1.24520e-05 1.46218e+04 1.92092e-14 +0.00000e+00
 1.55052e-05 1.46498e+04 2.38838e-14 +0.00000e+00
 1.93070e-05 1.46820e+04 2.96872e-14 +0.00000e+00
 2.40410e-05 1.47189e+04 3.68886e-14 +0.00000e+00
 2.99358e-05 1.47610e+04 4.58201e-14 +0.00000e+00
 3.72759e-05 1.48090e+04 5.68911e-14 +0.00000e+00
 4.64159e-05 1.48634e+04 7.06055e-14 +0.00000e+00
 5.77969e-05 1.49247e+04 8.75829e-14 +0.00000e+00
 7.19686e-05 1.49935e+04 1.08584e-13 +0.00000e+00
 8.96151e-05 1.50704e+04 1.34543e-13 +0.00000e+00
 1.11588e-04 1.51559e+04 1.66603e-13 +0.00000e+00
 1.38950e-04 1.52501e+04 2.06165e-13 +0.00000e+00
 1.73020e-04 1.53532e+04 2.54942e-13 +0.00000e+00
 2.15443e-04 1.54649e+04 3.15034e-13 +0.00000e+00
 2.68270e-04 1.55845e+04 3.89011e-13 +0.00000e+00
 3.34048e-04 1.57103e+04 4.80029e-13 +0.00000e+00
 4.15956e-04 1.58400e+04 5.91982e-13 +0.00000e+00
 5.17947e-04 1.59702e+04 7.29670e-13 +0.00000e+00
 6.44947e-04 1.60966e+04 8.99051e-13 +0.00000e+00
 8.03086e-04 1.62132e+04 1.10758e-12 +0.00000e+00
 1.00000e-03 1.63140e+04 1.36457e-12 +0.00000e+00
 1.24520e-03 1.63929e+04 1.68161e-12 -2.54421e-07
 1.55052e-03 1.64448e+04 2.07306e-12 -3.16805e-07
 1.93070e-03 1.64682e+04 2.55618e-12 -3.94484e-07
 2.40410e-03 1.64657e+04 3.15134e-12 -4.91210e-07
 2.99358e-03 1.64445e+04 3.88172e-12 -6.11655e-07
 3.72759e-03 1.64146e+04 4.77305e-12 -7.61628e-07
 4.64159e-03 1.63859e+04 5.85349e-12 -9.48378e-07
 5.77969e-03 1.63665e+04 7.15394e-12 -1.18092e-06
 7.19686e-03 1.63614e+04 8.70874e-12 -1.47048e-06
 8.96151e-03 1.63736e+04 1.05552e-11 -1.83103e-06
 1.11588e-02 1.64069e+04 1.27324e-11 -2.28000e-06
 1.38950e-02 1.64640e+04 1.52823e-11 -2.83904e-06
 1.73020e-02 1.65472e+04 1.82500e-11 -3.53517e-06
 2.15443e-02 1.66589e+04 2.16831e-11 -4.40198e-06
 2.68270e-02 1.68015e+04 2.56336e-11 -5.48134e-06
 3.34048e-02 1.69770e+04 3.01587e-11 -6.82535e-06
 4.15956e-02 1.71844e+04 3.53280e-11 -8.49891e-06
 5.17947e-02 1.74322e+04 4.12023e-11 -1.05828e-05
 6.44947e-02 1.77189e+04 4.78713e-11 -1.31777e-05
 8.03086e-02 1.80461e+04 5.54331e-11 -1.64088e-05
 1.00000e-01 1.84145e+04 6.40021e-11 -2.04322e-05
 1.24520e-01 1.88244e+04 7.37127e-11 -2.54421e-05
 1.55052e-01 1.92755e+04 8.47234e-11 -3.16805e-05
 1.93070e-01 1.97660e+04 9.72216e-11 -3.94484e-05
 2.40410e-01 2.02922e+04 1.11431e-10 -4.91210e-05
 2.99358e-01 2.08498e+04 1.27610e-10 -6.11655e-05
 3.72759e-01 2.14357e+04 1.46042e-10 -7.61628e-05
 4.64159e-01 2.20479e+04 1.67040e-10 -9.48378e-05
 5.77969e-01 2.26856e+04 1.90947e-10 -1.18092e-04
 7.19686e-01 2.33468e+04 2.18161e-10 -1.47048e-04
 8.96151e-01 2.40393e+04 2.49040e-10 -1.83103e-04
 1.11588e+00 2.47628e+04 2.84076e-10 -2.28000e-04
 1.38950e+00 2.55205e+04 3.23777e-10 -2.83904e-04
 1.73020e+00 2.63171e+04 3.68703e-10 -3.53517e-04
 2.15443e+00 2.71582e+04 4.19468e-10 -4.40198e-04
 2.68270e+00 2.80500e+04 4.76752e-10 -5.48134e-04
 3.34048e+00 2.89958e+04 5.41345e-10 -6.12968e-04
 4.15956e+00 2.99994e+04 6.14071e-10 -6.12968e-04
 5.17947e+00 3.10699e+04 6.95645e-10 -6.12968e-04
 6.44947e+00 3.22236e+04 7.86550e-10 -6.12968e-04
 8.03086e+00 3.34772e+04 8.87072e-10 -6.12968e-04
 1.00000e+01 3.48454e+04 9.97472e-10 -6.12968e-04
 1.24520e+01 3.63418e+04 1.11859e-09 -6.12968e-04
 1.55052e+01 3.79737e+04 1.25286e-09 -6.12968e-04
 1.93070e+01 3.97342e+04 1.40455e-09 -6.12968e-04
 2.40410e+01 4.15942e+04 1.57867e-09 -6.12968e-04
 2.99358e+01 4.35117e+04 1.77997e-09 -6.12968e-04
 3.72759e+01 4.54481e+04 2.01267e-09 -6.12968e-04
 4.64159e+01 4.73875e+04 2.28033e-09 -6.12968e-04
 5.77969e+01 4.93197e+04 2.58678e-09 -6.12968e-04
 7.19686e+01 5.12602e+04 2.93531e-09 -6.12968e-04
 8.96151e+01 5.32127e+04 3.33054e-09 -6.12968e-04
 1.11588e+02 5.51600e+04 3.77874e-09 -6.12968e-04
 1.38950e+02 5.72018e+04 4.28045e-09 -6.12968e-04
 1.73020e+02 5.91421e+04 4.85532e-09 -6.12968e-04
 2.15443e+02 6.13496e+04 5.48508e-09 -6.12963e-04
 2.68270e+02 6.32758e+04 6.22188e-09 -6.12963e-04
 3.34048e+02 6.56988e+04 7.00814e-09 -6.12959e-04
 4.15956e+02 6.76565e+04 7.94715e-09 -6.12932e-04
 5.17947e+02 7.02486e+04 8.93646e-09 -6.12864e-04
 6.44947e+02 7.24189e+04 1.01121e-08 -6.12562e-04
 8.03086e+02 7.50107e+04 1.13827e-08 -6.11646e-04
 1.00000e+03 7.76449e+04 1.28212e-08 -6.08550e-04
