#n1=128 n2=4 Teff=26000 R=1.9409e+12 L=1.2286e+39 logg=+3.00
#   tau          T          rho         Fconv
 0.00000e+00 1.24974e+04 5.82199e-22 +0.00000e+00
 1.00000e-09 1.24974e+04 1.70902e-18 +0.00000e+00
 1.24520e-09 1.25145e+04 2.13704e-18 +0.00000e+00
 1.55052e-09 1.25336e+04 2.67128e-18 +0.00000e+00
 1.93070e-09 1.25556e+04 3.33737e-18 +0.00000e+00
 2.40410e-09 1.25809e+04 4.16709e-18 +0.00000e+00
 2.99358e-09 1.26102e+04 5.19969e-18 +0.00000e+00
 3.72759e-09 1.26439e+04 6.48358e-18 +0.00000e+00
 4.64159e-09 1.26829e+04 8.07840e-18 +0.00000e+00
 5.77969e-09 1.27276e+04 1.00575e-17 +0.00000e+00
 7.19686e-09 1.27789e+04 1.25113e-17 +0.00000e+00
 8.96151e-09 1.28374e+04 1.55504e-17 +0.00000e+00
 1.11588e-08 1.29038e+04 1.93110e-17 +0.00000e+00
 1.38950e-08 1.29788e+04 2.39597e-17 +0.00000e+00
 1.73020e-08 1.30631e+04 2.97011e-17 +0.00000e+00
 2.15443e-08 1.31569e+04 3.67855e-17 +0.00000e+00
 2.68270e-08 1.32608e+04 4.55202e-17 +0.00000e+00
 3.34048e-08 1.33744e+04 5.62828e-17 +0.00000e+00
 4.15956e-08 1.34977e+04 6.95372e-17 +0.00000e+00
 5.17947e-08 1.36298e+04 8.58551e-17 +0.00000e+00
 6.44947e-08 1.37697e+04 1.05943e-16 +0.00000e+00
 8.03086e-08 1.39154e+04 1.30678e-16 +0.00000e+00
 1.00000e-07 1.40651e+04 1.61149e-16 +0.00000e+00
 1.24520e-07 1.42164e+04 1.98711e-16 +0.00000e+00
 1.55052e-07 1.43669e+04 2.45054e-16 +0.00000e+00
 1.93070e-07 1.45145e+04 3.02281e-16 +0.00000e+00
 2.40410e-07 1.46577e+04 3.73009e-16 +0.00000e+00
 2.99358e-07 1.47949e+04 4.60492e-16 +0.00000e+00
 3.72759e-07 1.49254e+04 5.68780e-16 +0.00000e+00
 4.64159e-07 1.50487e+04 7.02894e-16 +0.00000e+00
 5.77969e-07 1.51657e+04 8.69030e-16 +0.00000e+00
 7.19686e-07 1.52785e+04 1.07476e-15 +0.00000e+00
 8.96151e-07 1.53909e+04 1.32929e-15 +0.00000e+00
 1.11588e-06 1.55070e+04 1.64376e-15 +0.00000e+00
 1.38950e-06 1.56316e+04 2.03159e-15 +0.00000e+00
 1.73020e-06 1.57688e+04 2.50908e-15 +0.00000e+00
 2.15443e-06 1.59215e+04 3.09596e-15 +0.00000e+00
 2.68270e-06 1.60918e+04 3.81624e-15 +0.00000e+00
 3.34048e-06 1.62798e+04 4.69951e-15 +0.00000e+00
 4.15956e-06 1.64827e+04 5.78268e-15 +0.00000e+00
 5.17947e-06 1.66978e+04 7.11138e-15 +0.00000e+00
 6.44947e-06 1.69199e+04 8.74318e-15 +0.00000e+00
 8.03086e-06 1.71423e+04 1.07511e-14 +0.00000e+00
 1.00000e-05 1.73580e+04 1.32273e-14 +0.00000e+00
 1.24520e-05 1.75615e+04 1.62878e-14 +0.00000e+00
 1.55052e-05 1.77499e+04 2.00760e-14 +0.00000e+00
 1.93070e-05 1.79241e+04 2.47678e-14 +0.00000e+00
 2.40410e-05 1.80883e+04 3.05754e-14 +0.00000e+00
 2.99358e-05 1.82488e+04 3.77558e-14 +0.00000e+00
 3.72759e-05 1.84107e+04 4.66215e-14 +0.00000e+00
 4.64159e-05 1.85780e+04 5.75564e-14 +0.00000e+00
 5.77969e-05 1.87514e+04 7.10378e-14 +0.00000e+00
 7.19686e-05 1.89298e+04 8.76592e-14 +0.00000e+00
 8.96151e-05 1.91114e+04 1.08159e-13 +0.00000e+00
 1.11588e-04 1.92943e+04 1.33450e-13 +0.00000e+00
 1.38950e-04 1.94757e+04 1.64676e-13 +0.00000e+00
 1.73020e-04 1.96530e+04 2.03258e-13 +0.00000e+00
 2.15443e-04 1.98246e+04 2.50953e-13 +0.00000e+00
 2.68270e-04 1.99862e+04 3.09988e-13 +0.00000e+00
 3.34048e-04 2.01360e+04 3.83110e-13 +0.00000e+00
 4.15956e-04 2.02650e+04 4.73914e-13 +0.00000e+00
 5.17947e-04 2.03819e+04 5.86475e-13 +0.00000e+00
 6.44947e-04 2.04796e+04 7.26255e-13 +0.00000e+00
 8.03086e-04 2.05576e+04 8.99866e-13 +0.00000e+00
 1.00000e-03 2.06172e+04 1.11540e-12 +0.00000e+00
 1.24520e-03 2.06586e+04 1.38286e-12 -2.54147e-07
 1.55052e-03 2.06840e+04 1.71434e-12 -3.16463e-07
 1.93070e-03 2.06963e+04 2.12444e-12 -3.94060e-07
 2.40410e-03 2.06968e+04 2.63096e-12 -4.90683e-07
 2.99358e-03 2.06874e+04 3.25533e-12 -6.10995e-07
 3.72759e-03 2.06726e+04 4.02275e-12 -7.60810e-07
 4.64159e-03 2.06571e+04 4.96278e-12 -9.47359e-07
 5.77969e-03 2.06443e+04 6.11009e-12 -1.17965e-06
 7.19686e-03 2.06375e+04 7.50453e-12 -1.46889e-06
 8.96151e-03 2.06409e+04 9.19087e-12 -1.82906e-06
 1.11588e-02 2.06538e+04 1.12216e-11 -2.27754e-06
 1.38950e-02 2.06781e+04 1.36542e-11 -2.83599e-06
 1.73020e-02 2.07142e+04 1.65526e-11 -3.53136e-06
 2.15443e-02 2.07638e+04 1.99854e-11 -4.39723e-06
 2.68270e-02 2.08300e+04 2.40258e-11 -5.47543e-06
 3.34048e-02 2.09179e+04 2.87480e-11 -6.81799e-06
 4.15956e-02 2.10335e+04 3.42291e-11 -8.48975e-06
 5.17947e-02 2.11878e+04 4.05400e-11 -1.05714e-05
 6.44947e-02 2.13929e+04 4.77509e-11 -1.31635e-05
 8.03086e-02 2.16611e+04 5.59338e-11 -1.63911e-05
 1.00000e-01 2.20059e+04 6.51627e-11 -2.04102e-05
 1.24520e-01 2.24403e+04 7.55226e-11 -2.54147e-05
 1.55052e-01 2.29674e+04 8.71477e-11 -3.16463e-05
 1.93070e-01 2.35797e+04 1.00245e-10 -3.94060e-05
 2.40410e-01 2.41973e+04 1.15349e-10 -4.90683e-05
 2.99358e-01 2.47971e+04 1.32819e-10 -6.10995e-05
 3.72759e-01 2.53915e+04 1.52881e-10 -7.60810e-05
 4.64159e-01 2.59966e+04 1.75762e-10 -9.47359e-05
 5.77969e-01 2.66292e+04 2.01701e-10 -1.17965e-04
 7.19686e-01 2.73059e+04 2.30967e-10 -1.46889e-04
 8.96151e-01 2.80418e+04 2.63858e-10 -1.82906e-04
 1.11588e+00 2.88544e+04 3.00681e-10 -2.27754e-04
 1.38950e+00 2.97572e+04 3.41784e-10 -2.83599e-04
 1.73020e+00 3.07673e+04 3.87448e-10 -3.53136e-04
 2.15443e+00 3.19001e+04 4.37875e-10 -4.39727e-04
 2.68270e+00 3.31681e+04 4.93191e-10 -5.47547e-04
 3.34048e+00 3.45577e+04 5.54040e-10 -6.12309e-04
 4.15956e+00 3.60267e+04 6.22221e-10 -6.12305e-04
 5.17947e+00 3.75566e+04 6.99845e-10 -6.12305e-04
 6.44947e+00 3.91461e+04 7.88866e-10 -6.12305e-04
 8.03086e+00 4.07970e+04 8.91020e-10 -6.12305e-04
 1.00000e+01 4.25059e+04 1.00805e-09 -6.12305e-04
 1.24520e+01 4.42744e+04 1.14167e-09 -6.12305e-04
 1.55052e+01 4.61053e+04 1.29377e-09 -6.12305e-04
 1.93070e+01 4.79980e+04 1.46662e-09 -6.12305e-04
 2.40410e+01 4.99458e+04 1.66294e-09 -6.12305e-04
 2.99358e+01 5.19377e+04 1.88590e-09 -6.12305e-04
 3.72759e+01 5.39582e+04 2.13922e-09 -6.12305e-04
 4.64159e+01 5.60057e+04 2.42661e-09 -6.12305e-04
 5.77969e+01 5.80551e+04 2.75302e-09 -6.12305e-04
 7.19686e+01 6.01551e+04 3.12100e-09 -6.12305e-04
 8.96151e+01 6.22485e+04 3.53837e-09 -6.12305e-04
 1.11588e+02 6.43832e+04 4.00833e-09 -6.12305e-04
 1.38950e+02 6.66136e+04 4.53485e-09 -6.12305e-04
 1.73020e+02 6.87356e+04 5.13722e-09 -6.12305e-04
 2.15443e+02 7.11630e+04 5.79669e-09 -6.12305e-04
 2.68270e+02 7.33000e+04 6.56547e-09 -6.12305e-04
 3.34048e+02 7.59525e+04 7.39043e-09 -6.12305e-04
 4.15956e+02 7.81197e+04 8.37009e-09 -6.12305e-04
 5.17947e+02 8.10476e+04 9.39906e-09 -6.12297e-04
 6.44947e+02 8.33905e+04 1.06332e-08 -6.12267e-04
 8.03086e+02 8.63957e+04 1.19441e-08 -6.12174e-04
 1.00000e+03 8.93511e+04 1.34453e-08 -6.11843e-04
