#n1=128 n2=4 Teff=27000 R=3.5867e+12 L=4.8725e+39 logg=+2.50
#   tau          T          rho         Fconv
 0.00000e+00 1.41963e+04 5.06815e-22 +0.00000e+00
 1.00000e-09 1.41963e+04 4.25114e-19 +0.00000e+00
 1.24520e-09 1.41888e+04 5.31001e-19 +0.00000e+00
 1.55052e-09 1.41845e+04 6.63344e-19 +0.00000e+00
 1.93070e-09 1.41824e+04 8.28811e-19 +0.00000e+00
 2.40410e-09 1.41822e+04 1.03572e-18 +0.00000e+00
 2.99358e-09 1.41836e+04 1.29450e-18 +0.00000e+00
 3.72759e-09 1.41863e+04 1.61813e-18 +0.00000e+00
 4.64159e-09 1.41904e+04 2.02289e-18 +0.00000e+00
 5.77969e-09 1.41957e+04 2.52913e-18 +0.00000e+00
 7.19686e-09 1.42022e+04 3.16232e-18 +0.00000e+00
 8.96151e-09 1.42100e+04 3.95440e-18 +0.00000e+00
 1.11588e-08 1.42192e+04 4.94535e-18 +0.00000e+00
 1.38950e-08 1.42299e+04 6.18511e-18 +0.00000e+00
 1.73020e-08 1.42422e+04 7.73600e-18 +0.00000e+00
 2.15443e-08 1.42565e+04 9.67562e-18 +0.00000e+00
 2.68270e-08 1.42729e+04 1.21005e-17 +0.00000e+00
 3.34048e-08 1.42919e+04 1.51305e-17 +0.00000e+00
 4.15956e-08 1.43138e+04 1.89143e-17 +0.00000e+00
 5.17947e-08 1.43391e+04 2.36355e-17 +0.00000e+00
 6.44947e-08 1.43683e+04 2.95205e-17 +0.00000e+00
 8.03086e-08 1.44022e+04 3.68479e-17 +0.00000e+00
 1.00000e-07 1.44412e+04 4.59608e-17 +0.00000e+00
 1.24520e-07 1.44863e+04 5.72822e-17 +0.00000e+00
 1.55052e-07 1.45381e+04 7.13323e-17 +0.00000e+00
 1.93070e-07 1.45976e+04 8.87518e-17 +0.00000e+00
 2.40410e-07 1.46657e+04 1.10327e-16 +0.00000e+00
 2.99358e-07 1.47433e+04 1.37022e-16 +0.00000e+00
 3.72759e-07 1.48312e+04 1.70020e-16 +0.00000e+00
 4.64159e-07 1.49303e+04 2.10766e-16 +0.00000e+00
 5.77969e-07 1.50412e+04 2.61032e-16 +0.00000e+00
 7.19686e-07 1.51645e+04 3.22986e-16 +0.00000e+00
 8.96151e-07 1.53003e+04 3.99282e-16 +0.00000e+00
 1.11588e-06 1.54487e+04 4.93180e-16 +0.00000e+00
 1.38950e-06 1.56084e+04 6.08707e-16 +0.00000e+00
 1.73020e-06 1.57782e+04 7.50822e-16 +0.00000e+00
 2.15443e-06 1.59561e+04 9.25689e-16 +0.00000e+00
 2.68270e-06 1.61391e+04 1.14099e-15 +0.00000e+00
 3.34048e-06 1.63239e+04 1.40633e-15 +0.00000e+00
 4.15956e-06 1.65066e+04 1.73372e-15 +0.00000e+00
 5.17947e-06 1.66846e+04 2.13814e-15 +0.00000e+00
 6.44947e-06 1.68566e+04 2.63809e-15 +0.00000e+00
 8.03086e-06 1.70234e+04 3.25619e-15 +0.00000e+00
 1.00000e-05 1.71879e+04 4.01998e-15 +0.00000e+00
 1.24520e-05 1.73532e+04 4.96310e-15 +0.00000e+00
 1.55052e-05 1.75211e+04 6.12707e-15 +0.00000e+00
 1.93070e-05 1.76920e+04 7.56337e-15 +0.00000e+00
 2.40410e-05 1.78652e+04 9.33595e-15 +0.00000e+00
 2.99358e-05 1.80401e+04 1.15238e-14 +0.00000e+00
 3.72759e-05 1.82170e+04 1.42242e-14 +0.00000e+00
 4.64159e-05 1.83961e+04 1.75567e-14 +0.00000e+00
 5.77969e-05 1.85768e+04 2.16700e-14 +0.00000e+00
 7.19686e-05 1.87572e+04 2.67497e-14 +0.00000e+00
 8.96151e-05 1.89341e+04 3.30292e-14 +0.00000e+00
 1.11588e-04 1.91040e+04 4.08009e-14 +0.00000e+00
 1.38950e-04 1.92651e+04 5.04280e-14 +0.00000e+00
 1.73020e-04 1.94150e+04 6.23659e-14 +0.00000e+00
 2.15443e-04 1.95535e+04 7.71780e-14 +0.00000e+00
 2.68270e-04 1.96806e+04 9.55664e-14 +0.00000e+00
 3.34048e-04 1.97959e+04 1.18408e-13 +0.00000e+00
 4.15956e-04 1.98992e+04 1.46797e-13 +0.00000e+00
 5.17947e-04 1.99923e+04 1.82078e-13 +0.00000e+00
 6.44947e-04 2.00754e+04 2.25942e-13 +0.00000e+00
 8.03086e-04 2.01494e+04 2.80475e-13 +0.00000e+00
 1.00000e-03 2.02159e+04 3.48256e-13 +0.00000e+00
 1.24520e-03 2.02760e+04 4.32481e-13 -2.54501e-07
 1.55052e-03 2.03309e+04 5.37081e-13 -3.16904e-07
 1.93070e-03 2.03816e+04 6.66906e-13 -3.94607e-07
 2.40410e-03 2.04290e+04 8.27897e-13 -4.91364e-07
 2.99358e-03 2.04737e+04 1.02733e-12 -6.11846e-07
 3.72759e-03 2.05174e+04 1.27402e-12 -7.61869e-07
 4.64159e-03 2.05609e+04 1.57871e-12 -9.48677e-07
 5.77969e-03 2.06063e+04 1.95430e-12 -1.18129e-06
 7.19686e-03 2.06554e+04 2.41632e-12 -1.47094e-06
 8.96151e-03 2.07120e+04 2.98313e-12 -1.83161e-06
 1.11588e-02 2.07792e+04 3.67644e-12 -2.28071e-06
 1.38950e-02 2.08615e+04 4.52139e-12 -2.83994e-06
 1.73020e-02 2.09624e+04 5.54718e-12 -3.53629e-06
 2.15443e-02 2.10865e+04 6.78704e-12 -4.40336e-06
 2.68270e-02 2.12371e+04 8.27888e-12 -5.48307e-06
 3.34048e-02 2.14170e+04 1.00657e-11 -6.82750e-06
 4.15956e-02 2.16305e+04 1.21946e-11 -8.50156e-06
 5.17947e-02 2.18802e+04 1.47184e-11 -1.05861e-05
 6.44947e-02 2.21688e+04 1.76955e-11 -1.31818e-05
 8.03086e-02 2.24999e+04 2.11898e-11 -1.64140e-05
 1.00000e-01 2.28728e+04 2.52754e-11 -2.04386e-05
 1.24520e-01 2.32695e+04 3.00569e-11 -2.54501e-05
 1.55052e-01 2.36819e+04 3.56450e-11 -3.16904e-05
 1.93070e-01 2.41130e+04 4.21485e-11 -3.94607e-05
 2.40410e-01 2.45711e+04 4.96784e-11 -4.91364e-05
 2.99358e-01 2.50585e+04 5.83663e-11 -6.11846e-05
 3.72759e-01 2.55723e+04 6.83700e-11 -7.61869e-05
 4.64159e-01 2.61214e+04 7.98342e-11 -9.48677e-05
 5.77969e-01 2.67169e+04 9.29090e-11 -1.18129e-04
 7.19686e-01 2.73695e+04 1.07754e-10 -1.47094e-04
 8.96151e-01 2.80908e+04 1.24535e-10 -1.83161e-04
 1.11588e+00 2.88951e+04 1.43408e-10 -2.28071e-04
 1.38950e+00 2.97944e+04 1.64526e-10 -2.83994e-04
 1.73020e+00 3.07886e+04 1.88080e-10 -3.53609e-04
 2.15443e+00 3.18624e+04 2.14345e-10 -4.40343e-04
 2.68270e+00 3.30056e+04 2.43634e-10 -5.48314e-04
 3.34048e+00 3.42287e+04 2.76282e-10 -6.13156e-04
 4.15956e+00 3.55522e+04 3.12801e-10 -6.13163e-04
 5.17947e+00 3.69814e+04 3.54050e-10 -6.13160e-04
 6.44947e+00 3.85020e+04 4.01137e-10 -6.13160e-04
 8.03086e+00 4.00990e+04 4.55134e-10 -6.13160e-04
 1.00000e+01 4.17611e+04 5.17078e-10 -6.13160e-04
 1.24520e+01 4.34815e+04 5.88031e-10 -6.13160e-04
 1.55052e+01 4.52611e+04 6.69088e-10 -6.13160e-04
 1.93070e+01 4.71020e+04 7.61471e-10 -6.13160e-04
 2.40410e+01 4.90050e+04 8.66595e-10 -6.13160e-04
 2.99358e+01 5.09678e+04 9.86110e-10 -6.13160e-04
 3.72759e+01 5.29859e+04 1.12191e-09 -6.13160e-04
 4.64159e+01 5.50542e+04 1.27617e-09 -6.13160e-04
 5.77969e+01 5.71704e+04 1.45124e-09 -6.13160e-04
 7.19686e+01 5.93352e+04 1.64970e-09 -6.13160e-04
 8.96151e+01 6.15527e+04 1.87435e-09 -6.13160e-04
 1.11588e+02 6.38292e+04 2.12833e-09 -6.13160e-04
 1.38950e+02 6.61714e+04 2.41515e-09 -6.13160e-04
 1.73020e+02 6.85882e+04 2.73870e-09 -6.13160e-04
 2.15443e+02 7.10845e+04 3.10352e-09 -6.13160e-04
 2.68270e+02 7.36777e+04 3.51426e-09 -6.13160e-04
 3.34048e+02 7.63565e+04 3.97736e-09 -6.13160e-04
 4.15956e+02 7.91701e+04 4.49734e-09 -6.13160e-04
 5.17947e+02 8.20495e+04 5.08519e-09 -6.13156e-04
 6.44947e+02 8.51369e+04 5.74175e-09 -6.13156e-04
 8.03086e+02 8.82201e+04 6.48900e-09 -6.13150e-04
 1.00000e+03 9.16740e+04 7.31280e-09 -6.13130e-04
