#n1=128 n2=4 Teff=27000 R=1.0497e+12 L=4.1768e+38 logg=+3.50
#   tau          T          rho         Fconv
 0.00000e+00 1.25077e+04 5.76367e-22 +0.00000e+00
 1.00000e-09 1.25077e+04 5.70824e-18 +0.00000e+00
 1.24520e-09 1.25078e+04 7.11483e-18 +0.00000e+00
 1.55052e-09 1.25077e+04 8.86718e-18 +0.00000e+00
 1.93070e-09 1.25073e+04 1.10502e-17 +0.00000e+00
 2.40410e-09 1.25068e+04 1.37698e-17 +0.00000e+00
 2.99358e-09 1.25061e+04 1.71577e-17 +0.00000e+00
 3.72759e-09 1.25054e+04 2.13777e-17 +0.00000e+00
 4.64159e-09 1.25051e+04 2.66337e-17 +0.00000e+00
 5.77969e-09 1.25054e+04 3.31788e-17 +0.00000e+00
 7.19686e-09 1.25067e+04 4.13276e-17 +0.00000e+00
 8.96151e-09 1.25096e+04 5.14698e-17 +0.00000e+00
 1.11588e-08 1.25145e+04 6.40888e-17 +0.00000e+00
 1.38950e-08 1.25220e+04 7.97833e-17 +0.00000e+00
 1.73020e-08 1.25326e+04 9.92949e-17 +0.00000e+00
 2.15443e-08 1.25468e+04 1.23541e-16 +0.00000e+00
 2.68270e-08 1.25650e+04 1.53656e-16 +0.00000e+00
 3.34048e-08 1.25876e+04 1.91042e-16 +0.00000e+00
 4.15956e-08 1.26153e+04 2.37430e-16 +0.00000e+00
 5.17947e-08 1.26482e+04 2.94955e-16 +0.00000e+00
 6.44947e-08 1.26871e+04 3.66247e-16 +0.00000e+00
 8.03086e-08 1.27323e+04 4.54546e-16 +0.00000e+00
 1.00000e-07 1.27844e+04 5.63834e-16 +0.00000e+00
 1.24520e-07 1.28439e+04 6.99003e-16 +0.00000e+00
 1.55052e-07 1.29113e+04 8.66062e-16 +0.00000e+00
 1.93070e-07 1.29871e+04 1.07238e-15 +0.00000e+00
 2.40410e-07 1.30717e+04 1.32700e-15 +0.00000e+00
 2.99358e-07 1.31652e+04 1.64103e-15 +0.00000e+00
 3.72759e-07 1.32676e+04 2.02811e-15 +0.00000e+00
 4.64159e-07 1.33786e+04 2.50502e-15 +0.00000e+00
 5.77969e-07 1.34975e+04 3.09247e-15 +0.00000e+00
 7.19686e-07 1.36231e+04 3.81610e-15 +0.00000e+00
 8.96151e-07 1.37537e+04 4.70774e-15 +0.00000e+00
 1.11588e-06 1.38872e+04 5.80704e-15 +0.00000e+00
 1.38950e-06 1.40210e+04 7.16350e-15 +0.00000e+00
 1.73020e-06 1.41529e+04 8.83885e-15 +0.00000e+00
 2.15443e-06 1.42813e+04 1.09096e-14 +0.00000e+00
 2.68270e-06 1.44064e+04 1.34695e-14 +0.00000e+00
 3.34048e-06 1.45308e+04 1.66323e-14 +0.00000e+00
 4.15956e-06 1.46584e+04 2.05344e-14 +0.00000e+00
 5.17947e-06 1.47939e+04 2.53405e-14 +0.00000e+00
 6.44947e-06 1.49400e+04 3.12512e-14 +0.00000e+00
 8.03086e-06 1.50974e+04 3.85155e-14 +0.00000e+00
 1.00000e-05 1.52641e+04 4.74436e-14 +0.00000e+00
 1.24520e-05 1.54365e+04 5.84259e-14 +0.00000e+00
 1.55052e-05 1.56119e+04 7.19439e-14 +0.00000e+00
 1.93070e-05 1.57878e+04 8.85958e-14 +0.00000e+00
 2.40410e-05 1.59623e+04 1.09121e-13 +0.00000e+00
 2.99358e-05 1.61347e+04 1.34428e-13 +0.00000e+00
 3.72759e-05 1.63054e+04 1.65632e-13 +0.00000e+00
 4.64159e-05 1.64748e+04 2.04101e-13 +0.00000e+00
 5.77969e-05 1.66422e+04 2.51538e-13 +0.00000e+00
 7.19686e-05 1.68056e+04 3.10063e-13 +0.00000e+00
 8.96151e-05 1.69624e+04 3.82327e-13 +0.00000e+00
 1.11588e-04 1.71098e+04 4.71630e-13 +0.00000e+00
 1.38950e-04 1.72457e+04 5.82052e-13 +0.00000e+00
 1.73020e-04 1.73696e+04 7.18597e-13 +0.00000e+00
 2.15443e-04 1.74824e+04 8.87356e-13 +0.00000e+00
 2.68270e-04 1.75852e+04 1.09575e-12 +0.00000e+00
 3.34048e-04 1.76785e+04 1.35280e-12 +0.00000e+00
 4.15956e-04 1.77626e+04 1.66948e-12 +0.00000e+00
 5.17947e-04 1.78399e+04 2.05875e-12 +0.00000e+00
 6.44947e-04 1.79098e+04 2.53636e-12 +0.00000e+00
 8.03086e-04 1.79733e+04 3.12095e-12 +0.00000e+00
 1.00000e-03 1.80314e+04 3.83459e-12 +0.00000e+00
 1.24520e-03 1.80846e+04 4.70335e-12 -2.54295e-07
 1.55052e-03 1.81339e+04 5.75763e-12 -3.16648e-07
 1.93070e-03 1.81798e+04 7.03285e-12 -3.94288e-07
 2.40410e-03 1.82230e+04 8.56950e-12 -4.90966e-07
 2.99358e-03 1.82639e+04 1.04137e-11 -6.11351e-07
 3.72759e-03 1.83042e+04 1.26158e-11 -7.61253e-07
 4.64159e-03 1.83445e+04 1.52321e-11 -9.47910e-07
 5.77969e-03 1.83866e+04 1.83220e-11 -1.18033e-06
 7.19686e-03 1.84324e+04 2.19501e-11 -1.46975e-06
 8.96151e-03 1.84854e+04 2.61827e-11 -1.83012e-06
 1.11588e-02 1.85486e+04 3.10907e-11 -2.27887e-06
 1.38950e-02 1.86261e+04 3.67476e-11 -2.83764e-06
 1.73020e-02 1.87214e+04 4.32330e-11 -3.53343e-06
 2.15443e-02 1.88390e+04 5.06293e-11 -4.39980e-06
 2.68270e-02 1.89823e+04 5.90288e-11 -5.47863e-06
 3.34048e-02 1.91542e+04 6.85365e-11 -6.82198e-06
 4.15956e-02 1.93591e+04 7.92652e-11 -8.49468e-06
 5.17947e-02 1.95999e+04 9.13486e-11 -1.05776e-05
 6.44947e-02 1.98797e+04 1.04939e-10 -1.31712e-05
 8.03086e-02 2.02024e+04 1.20208e-10 -1.64007e-05
 1.00000e-01 2.05681e+04 1.37377e-10 -2.04221e-05
 1.24520e-01 2.09608e+04 1.56804e-10 -2.54295e-05
 1.55052e-01 2.13732e+04 1.78831e-10 -3.16648e-05
 1.93070e-01 2.18083e+04 2.03764e-10 -3.94288e-05
 2.40410e-01 2.22733e+04 2.31915e-10 -4.90966e-05
 2.99358e-01 2.27694e+04 2.63696e-10 -6.11351e-05
 3.72759e-01 2.32926e+04 2.99628e-10 -7.61253e-05
 4.64159e-01 2.38495e+04 3.40168e-10 -9.47910e-05
 5.77969e-01 2.44484e+04 3.85820e-10 -1.18033e-04
 7.19686e-01 2.50973e+04 4.37162e-10 -1.46975e-04
 8.96151e-01 2.58051e+04 4.94840e-10 -1.83012e-04
 1.11588e+00 2.65831e+04 5.59561e-10 -2.27887e-04
 1.38950e+00 2.74404e+04 6.32184e-10 -2.83764e-04
 1.73020e+00 2.83731e+04 7.13957e-10 -3.53343e-04
 2.15443e+00 2.93618e+04 8.06569e-10 -4.39980e-04
 2.68270e+00 3.03920e+04 9.11642e-10 -5.47863e-04
 3.34048e+00 3.14747e+04 1.03011e-09 -6.12664e-04
 4.15956e+00 3.26389e+04 1.16231e-09 -6.12664e-04
 5.17947e+00 3.39056e+04 1.30859e-09 -6.12664e-04
 6.44947e+00 3.52772e+04 1.46989e-09 -6.12664e-04
 8.03086e+00 3.67491e+04 1.64801e-09 -6.12664e-04
 1.00000e+01 3.83114e+04 1.84672e-09 -6.12664e-04
 1.24520e+01 3.99476e+04 2.07173e-09 -6.12664e-04
 1.55052e+01 4.16440e+04 2.32896e-09 -6.12664e-04
 1.93070e+01 4.33901e+04 2.62366e-09 -6.12664e-04
 2.40410e+01 4.51795e+04 2.96065e-09 -6.12664e-04
 2.99358e+01 4.70079e+04 3.34483e-09 -6.12664e-04
 3.72759e+01 4.88725e+04 3.78165e-09 -6.12664e-04
 4.64159e+01 5.07695e+04 4.27731e-09 -6.12664e-04
 5.77969e+01 5.26953e+04 4.83889e-09 -6.12664e-04
 7.19686e+01 5.46469e+04 5.47440e-09 -6.12664e-04
 8.96151e+01 5.66225e+04 6.19276e-09 -6.12664e-04
 1.11588e+02 5.86220e+04 7.00343e-09 -6.12664e-04
 1.38950e+02 6.06468e+04 7.91760e-09 -6.12664e-04
 1.73020e+02 6.27006e+04 8.94779e-09 -6.12660e-04
 2.15443e+02 6.47856e+04 1.01070e-08 -6.12657e-04
 2.68270e+02 6.69138e+04 1.14104e-08 -6.12640e-04
 3.34048e+02 6.90767e+04 1.28759e-08 -6.12577e-04
 4.15956e+02 7.13170e+04 1.45181e-08 -6.12352e-04
 5.17947e+02 7.35631e+04 1.63704e-08 -6.11500e-04
 6.44947e+02 7.59841e+04 1.84274e-08 -6.08586e-04
 8.03086e+02 7.82975e+04 2.07755e-08 -5.97318e-04
 1.00000e+03 8.09631e+04 2.33368e-08 -5.63057e-04
