#n1=128 n2=4 Teff=28000 R=7.9044e+12 L=2.7377e+40 logg=+2.00
#   tau          T          rho         Fconv
 0.00000e+00 2.52991e+04 2.84178e-22 +0.00000e+00
 1.00000e-09 2.52991e+04 6.83689e-20 +0.00000e+00
 1.24520e-09 2.53481e+04 8.50810e-20 +0.00000e+00
 1.55052e-09 2.53977e+04 1.05893e-19 +0.00000e+00
 1.93070e-09 2.54469e+04 1.31815e-19 +0.00000e+00
 2.40410e-09 2.54951e+04 1.64107e-19 +0.00000e+00
 2.99358e-09 2.55413e+04 2.04345e-19 +0.00000e+00
 3.72759e-09 2.55843e+04 2.54497e-19 +0.00000e+00
 4.64159e-09 2.55949e+04 3.17378e-19 +0.00000e+00
 5.77969e-09 2.56138e+04 3.95686e-19 +0.00000e+00
 7.19686e-09 2.56201e+04 4.93575e-19 +0.00000e+00
 8.96151e-09 2.55969e+04 6.16406e-19 +0.00000e+00
 1.11588e-08 2.55166e+04 7.71548e-19 +0.00000e+00
 1.38950e-08 2.54144e+04 9.66589e-19 +0.00000e+00
 1.73020e-08 2.53238e+04 1.21042e-18 +0.00000e+00
 2.15443e-08 2.52389e+04 1.51544e-18 +0.00000e+00
 2.68270e-08 2.51550e+04 1.89727e-18 +0.00000e+00
 3.34048e-08 2.50712e+04 2.37534e-18 +0.00000e+00
 4.15956e-08 2.49884e+04 2.97377e-18 +0.00000e+00
 5.17947e-08 2.49078e+04 3.72267e-18 +0.00000e+00
 6.44947e-08 2.48292e+04 4.65985e-18 +0.00000e+00
 8.03086e-08 2.47514e+04 5.83276e-18 +0.00000e+00
 1.00000e-07 2.46742e+04 7.30080e-18 +0.00000e+00
 1.24520e-07 2.45955e+04 9.13888e-18 +0.00000e+00
 1.55052e-07 2.45123e+04 1.14419e-17 +0.00000e+00
 1.93070e-07 2.44197e+04 1.43308e-17 +0.00000e+00
 2.40410e-07 2.43150e+04 1.79583e-17 +0.00000e+00
 2.99358e-07 2.41757e+04 2.25363e-17 +0.00000e+00
 3.72759e-07 2.40028e+04 2.83218e-17 +0.00000e+00
 4.64159e-07 2.37590e+04 3.57000e-17 +0.00000e+00
 5.77969e-07 2.33992e+04 4.52275e-17 +0.00000e+00
 7.19686e-07 2.29156e+04 5.76201e-17 +0.00000e+00
 8.96151e-07 2.24944e+04 7.32356e-17 +0.00000e+00
 1.11588e-06 2.22358e+04 9.24330e-17 +0.00000e+00
 1.38950e-06 2.19197e+04 1.16981e-16 +0.00000e+00
 1.73020e-06 2.17070e+04 1.47371e-16 +0.00000e+00
 2.15443e-06 2.15848e+04 1.84890e-16 +0.00000e+00
 2.68270e-06 2.14847e+04 2.31728e-16 +0.00000e+00
 3.34048e-06 2.13954e+04 2.90287e-16 +0.00000e+00
 4.15956e-06 2.13087e+04 3.63598e-16 +0.00000e+00
 5.17947e-06 2.12221e+04 4.55428e-16 +0.00000e+00
 6.44947e-06 2.11350e+04 5.70468e-16 +0.00000e+00
 8.03086e-06 2.10482e+04 7.14569e-16 +0.00000e+00
 1.00000e-05 2.09628e+04 8.95027e-16 +0.00000e+00
 1.24520e-05 2.08804e+04 1.12093e-15 +0.00000e+00
 1.55052e-05 2.08022e+04 1.40361e-15 +0.00000e+00
 1.93070e-05 2.07296e+04 1.75717e-15 +0.00000e+00
 2.40410e-05 2.06636e+04 2.19921e-15 +0.00000e+00
 2.99358e-05 2.06048e+04 2.75167e-15 +0.00000e+00
 3.72759e-05 2.05537e+04 3.44188e-15 +0.00000e+00
 4.64159e-05 2.05105e+04 4.30403e-15 +0.00000e+00
 5.77969e-05 2.04751e+04 5.38072e-15 +0.00000e+00
 7.19686e-05 2.04476e+04 6.72494e-15 +0.00000e+00
 8.96151e-05 2.04280e+04 8.40304e-15 +0.00000e+00
 1.11588e-04 2.04165e+04 1.04981e-14 +0.00000e+00
 1.38950e-04 2.04133e+04 1.31150e-14 +0.00000e+00
 1.73020e-04 2.04189e+04 1.63880e-14 +0.00000e+00
 2.15443e-04 2.04340e+04 2.04883e-14 +0.00000e+00
 2.68270e-04 2.04593e+04 2.56323e-14 +0.00000e+00
 3.34048e-04 2.04956e+04 3.20868e-14 +0.00000e+00
 4.15956e-04 2.05437e+04 4.01768e-14 +0.00000e+00
 5.17947e-04 2.06042e+04 5.03022e-14 +0.00000e+00
 6.44947e-04 2.06772e+04 6.29609e-14 +0.00000e+00
 8.03086e-04 2.07624e+04 7.87640e-14 +0.00000e+00
 1.00000e-03 2.08748e+04 9.83573e-14 +0.00000e+00
 1.24520e-03 2.09697e+04 1.22922e-13 -2.54437e-07
 1.55052e-03 2.10762e+04 1.53468e-13 -3.16824e-07
 1.93070e-03 2.11760e+04 1.91523e-13 -3.94509e-07
 2.40410e-03 2.12794e+04 2.38819e-13 -4.91240e-07
 2.99358e-03 2.13826e+04 2.97581e-13 -6.11691e-07
 3.72759e-03 2.15026e+04 3.70295e-13 -7.61676e-07
 4.64159e-03 2.16306e+04 4.60148e-13 -9.48438e-07
 5.77969e-03 2.17117e+04 5.72754e-13 -1.18099e-06
 7.19686e-03 2.17492e+04 7.13975e-13 -1.47057e-06
 8.96151e-03 2.18005e+04 8.88602e-13 -1.83115e-06
 1.11588e-02 2.18774e+04 1.10380e-12 -2.28014e-06
 1.38950e-02 2.19629e+04 1.36940e-12 -2.83922e-06
 1.73020e-02 2.20598e+04 1.69649e-12 -3.53539e-06
 2.15443e-02 2.21711e+04 2.09833e-12 -4.40226e-06
 2.68270e-02 2.23008e+04 2.59062e-12 -5.48168e-06
 3.34048e-02 2.24532e+04 3.19184e-12 -6.82577e-06
 4.15956e-02 2.26316e+04 3.92371e-12 -8.49944e-06
 5.17947e-02 2.28448e+04 4.81046e-12 -1.05835e-05
 6.44947e-02 2.30963e+04 5.88055e-12 -1.31785e-05
 8.03086e-02 2.34187e+04 7.15805e-12 -1.64098e-05
 1.00000e-01 2.37951e+04 8.68222e-12 -2.04335e-05
 1.24520e-01 2.41787e+04 1.05152e-11 -2.54437e-05
 1.55052e-01 2.46061e+04 1.26947e-11 -3.16824e-05
 1.93070e-01 2.50348e+04 1.53031e-11 -3.94509e-05
 2.40410e-01 2.55426e+04 1.83587e-11 -4.91240e-05
 2.99358e-01 2.60570e+04 2.19814e-11 -6.11691e-05
 3.72759e-01 2.66473e+04 2.61950e-11 -7.61676e-05
 4.64159e-01 2.72794e+04 3.11102e-11 -9.48438e-05
 5.77969e-01 2.79579e+04 3.68120e-11 -1.18099e-04
 7.19686e-01 2.86957e+04 4.33766e-11 -1.47057e-04
 8.96151e-01 2.95032e+04 5.08835e-11 -1.83115e-04
 1.11588e+00 3.03888e+04 5.94219e-11 -2.28438e-04
 1.38950e+00 3.13710e+04 6.90809e-11 -2.84287e-04
 1.73020e+00 3.24441e+04 8.00422e-11 -3.53467e-04
 2.15443e+00 3.36114e+04 9.25210e-11 -4.40249e-04
 2.68270e+00 3.48730e+04 1.06787e-10 -5.48245e-04
 3.34048e+00 3.62270e+04 1.23148e-10 -6.13005e-04
 4.15956e+00 3.76712e+04 1.41937e-10 -6.13005e-04
 5.17947e+00 3.92037e+04 1.63521e-10 -6.13005e-04
 6.44947e+00 4.08227e+04 1.88304e-10 -6.13005e-04
 8.03086e+00 4.25275e+04 2.16737e-10 -6.13005e-04
 1.00000e+01 4.43185e+04 2.49326e-10 -6.13005e-04
 1.24520e+01 4.61906e+04 2.86671e-10 -6.13005e-04
 1.55052e+01 4.81403e+04 3.29446e-10 -6.13008e-04
 1.93070e+01 5.01663e+04 3.78393e-10 -6.13005e-04
 2.40410e+01 5.22682e+04 4.34347e-10 -6.13005e-04
 2.99358e+01 5.44474e+04 4.98240e-10 -6.13005e-04
 3.72759e+01 5.67085e+04 5.71100e-10 -6.13005e-04
 4.64159e+01 5.90563e+04 6.54077e-10 -6.13005e-04
 5.77969e+01 6.14963e+04 7.48463e-10 -6.13005e-04
 7.19686e+01 6.40348e+04 8.55710e-10 -6.13005e-04
 8.96151e+01 6.66805e+04 9.77425e-10 -6.13005e-04
 1.11588e+02 6.94405e+04 1.11545e-09 -6.13005e-04
 1.38950e+02 7.23217e+04 1.27187e-09 -6.13005e-04
 1.73020e+02 7.53319e+04 1.44903e-09 -6.13005e-04
 2.15443e+02 7.84711e+04 1.64971e-09 -6.13005e-04
 2.68270e+02 8.17588e+04 1.87668e-09 -6.13005e-04
 3.34048e+02 8.51759e+04 2.13388e-09 -6.13005e-04
 4.15956e+02 8.87696e+04 2.42425e-09 -6.13005e-04
 5.17947e+02 9.24704e+04 2.75398e-09 -6.13005e-04
 6.44947e+02 9.63923e+04 3.12515e-09 -6.13005e-04
 8.03086e+02 1.00370e+05 3.54816e-09 -6.13005e-04
 1.00000e+03 1.04763e+05 4.01788e-09 -6.13005e-04
