#n1=128 n2=4 Teff=28000 R=3.7199e+12 L=6.0601e+39 logg=+2.50
#   tau          T          rho         Fconv
 0.00000e+00 2.24058e+04 3.20877e-22 +0.00000e+00
 1.00000e-09 2.24058e+04 2.63990e-19 +0.00000e+00
 1.24520e-09 2.24008e+04 3.29135e-19 +0.00000e+00
 1.55052e-09 2.23956e+04 4.10383e-19 +0.00000e+00
 1.93070e-09 2.23839e+04 5.11864e-19 +0.00000e+00
 2.40410e-09 2.23647e+04 6.38683e-19 +0.00000e+00
 2.99358e-09 2.23360e+04 7.97292e-19 +0.00000e+00
 3.72759e-09 2.23078e+04 9.95297e-19 +0.00000e+00
 4.64159e-09 2.22604e+04 1.24358e-18 +0.00000e+00
 5.77969e-09 2.22145e+04 1.55372e-18 +0.00000e+00
 7.19686e-09 2.21309e+04 1.94456e-18 +0.00000e+00
 8.96151e-09 2.20333e+04 2.43527e-18 +0.00000e+00
 1.11588e-08 2.18890e+04 3.05628e-18 +0.00000e+00
 1.38950e-08 2.16915e+04 3.84500e-18 +0.00000e+00
 1.73020e-08 2.13901e+04 4.86083e-18 +0.00000e+00
 2.15443e-08 2.09218e+04 6.19452e-18 +0.00000e+00
 2.68270e-08 2.01266e+04 8.02636e-18 +0.00000e+00
 3.34048e-08 1.90056e+04 1.05998e-17 +0.00000e+00
 4.15956e-08 1.81441e+04 1.38651e-17 +0.00000e+00
 5.17947e-08 1.76567e+04 1.78588e-17 +0.00000e+00
 6.44947e-08 1.73811e+04 2.28320e-17 +0.00000e+00
 8.03086e-08 1.72126e+04 2.90574e-17 +0.00000e+00
 1.00000e-07 1.71022e+04 3.68631e-17 +0.00000e+00
 1.24520e-07 1.70286e+04 4.66074e-17 +0.00000e+00
 1.55052e-07 1.69702e+04 5.87933e-17 +0.00000e+00
 1.93070e-07 1.69270e+04 7.40084e-17 +0.00000e+00
 2.40410e-07 1.68973e+04 9.29929e-17 +0.00000e+00
 2.99358e-07 1.68767e+04 1.16685e-16 +0.00000e+00
 3.72759e-07 1.68630e+04 1.46245e-16 +0.00000e+00
 4.64159e-07 1.68548e+04 1.83119e-16 +0.00000e+00
 5.77969e-07 1.68512e+04 2.29107e-16 +0.00000e+00
 7.19686e-07 1.68504e+04 2.86451e-16 +0.00000e+00
 8.96151e-07 1.68542e+04 3.57899e-16 +0.00000e+00
 1.11588e-06 1.68612e+04 4.46912e-16 +0.00000e+00
 1.38950e-06 1.68713e+04 5.57774e-16 +0.00000e+00
 1.73020e-06 1.68845e+04 6.95807e-16 +0.00000e+00
 2.15443e-06 1.69011e+04 8.67615e-16 +0.00000e+00
 2.68270e-06 1.69213e+04 1.08139e-15 +0.00000e+00
 3.34048e-06 1.69453e+04 1.34728e-15 +0.00000e+00
 4.15956e-06 1.69738e+04 1.67785e-15 +0.00000e+00
 5.17947e-06 1.70073e+04 2.08865e-15 +0.00000e+00
 6.44947e-06 1.70464e+04 2.59887e-15 +0.00000e+00
 8.03086e-06 1.70921e+04 3.23222e-15 +0.00000e+00
 1.00000e-05 1.71451e+04 4.01787e-15 +0.00000e+00
 1.24520e-05 1.72067e+04 4.99172e-15 +0.00000e+00
 1.55052e-05 1.72777e+04 6.19788e-15 +0.00000e+00
 1.93070e-05 1.73596e+04 7.69044e-15 +0.00000e+00
 2.40410e-05 1.74535e+04 9.53563e-15 +0.00000e+00
 2.99358e-05 1.75606e+04 1.18145e-14 +0.00000e+00
 3.72759e-05 1.76822e+04 1.46260e-14 +0.00000e+00
 4.64159e-05 1.78194e+04 1.80910e-14 +0.00000e+00
 5.77969e-05 1.79731e+04 2.23571e-14 +0.00000e+00
 7.19686e-05 1.81441e+04 2.76043e-14 +0.00000e+00
 8.96151e-05 1.83335e+04 3.40512e-14 +0.00000e+00
 1.11588e-04 1.85385e+04 4.19726e-14 +0.00000e+00
 1.38950e-04 1.87588e+04 5.17001e-14 +0.00000e+00
 1.73020e-04 1.89923e+04 6.36454e-14 +0.00000e+00
 2.15443e-04 1.92355e+04 7.83217e-14 +0.00000e+00
 2.68270e-04 1.94842e+04 9.63682e-14 +0.00000e+00
 3.34048e-04 1.97330e+04 1.18588e-13 +0.00000e+00
 4.15956e-04 1.99756e+04 1.45995e-13 +0.00000e+00
 5.17947e-04 2.02046e+04 1.79876e-13 +0.00000e+00
 6.44947e-04 2.04129e+04 2.21858e-13 +0.00000e+00
 8.03086e-04 2.05941e+04 2.74005e-13 +0.00000e+00
 1.00000e-03 2.07433e+04 3.38919e-13 +0.00000e+00
 1.24520e-03 2.08589e+04 4.19849e-13 -2.54572e-07
 1.55052e-03 2.09433e+04 5.20786e-13 -3.16992e-07
 1.93070e-03 2.10034e+04 6.46572e-13 -3.94719e-07
 2.40410e-03 2.10477e+04 8.03047e-13 -4.91501e-07
 2.99358e-03 2.10847e+04 9.97267e-13 -6.12016e-07
 3.72759e-03 2.11223e+04 1.23767e-12 -7.62080e-07
 4.64159e-03 2.11602e+04 1.53486e-12 -9.48942e-07
 5.77969e-03 2.12040e+04 1.90120e-12 -1.18162e-06
 7.19686e-03 2.12568e+04 2.35162e-12 -1.47135e-06
 8.96151e-03 2.13213e+04 2.90394e-12 -1.83212e-06
 1.11588e-02 2.13999e+04 3.57927e-12 -2.28135e-06
 1.38950e-02 2.14951e+04 4.40249e-12 -2.84073e-06
 1.73020e-02 2.16091e+04 5.40259e-12 -3.53726e-06
 2.15443e-02 2.17442e+04 6.61310e-12 -4.40460e-06
 2.68270e-02 2.19026e+04 8.07255e-12 -5.48459e-06
 3.34048e-02 2.20868e+04 9.82486e-12 -6.82939e-06
 4.15956e-02 2.22991e+04 1.19193e-11 -8.50395e-06
 5.17947e-02 2.25421e+04 1.44110e-11 -1.05891e-05
 6.44947e-02 2.28178e+04 1.73614e-11 -1.31855e-05
 8.03086e-02 2.31263e+04 2.08402e-11 -1.64185e-05
 1.00000e-01 2.34715e+04 2.49218e-11 -2.04443e-05
 1.24520e-01 2.38523e+04 2.96927e-11 -2.54572e-05
 1.55052e-01 2.42662e+04 3.52527e-11 -3.16992e-05
 1.93070e-01 2.47133e+04 4.17091e-11 -3.94719e-05
 2.40410e-01 2.51954e+04 4.91794e-11 -4.91501e-05
 2.99358e-01 2.57116e+04 5.77986e-11 -6.12016e-05
 3.72759e-01 2.62650e+04 6.77077e-11 -7.62080e-05
 4.64159e-01 2.68565e+04 7.90678e-11 -9.48942e-05
 5.77969e-01 2.74890e+04 9.20483e-11 -1.18162e-04
 7.19686e-01 2.81709e+04 1.06814e-10 -1.47135e-04
 8.96151e-01 2.89078e+04 1.23545e-10 -1.83212e-04
 1.11588e+00 2.97071e+04 1.42414e-10 -2.28135e-04
 1.38950e+00 3.05777e+04 1.63579e-10 -2.84073e-04
 1.73020e+00 3.15228e+04 1.87223e-10 -3.53732e-04
 2.15443e+00 3.25390e+04 2.13600e-10 -4.40468e-04
 2.68270e+00 3.36249e+04 2.43061e-10 -5.48459e-04
 3.34048e+00 3.47907e+04 2.76043e-10 -6.13333e-04
 4.15956e+00 3.60453e+04 3.13163e-10 -6.13327e-04
 5.17947e+00 3.73944e+04 3.55186e-10 -6.13327e-04
 6.44947e+00 3.88364e+04 4.02978e-10 -6.13330e-04
 8.03086e+00 4.03705e+04 4.57421e-10 -6.13330e-04
 1.00000e+01 4.19914e+04 5.19498e-10 -6.13330e-04
 1.24520e+01 4.36890e+04 5.90333e-10 -6.13330e-04
 1.55052e+01 4.54520e+04 6.71195e-10 -6.13330e-04
 1.93070e+01 4.72682e+04 7.63502e-10 -6.13330e-04
 2.40410e+01 4.91330e+04 8.68737e-10 -6.13330e-04
 2.99358e+01 5.10464e+04 9.88490e-10 -6.13330e-04
 3.72759e+01 5.30108e+04 1.12452e-09 -6.13330e-04
 4.64159e+01 5.50285e+04 1.27885e-09 -6.13330e-04
 5.77969e+01 5.71037e+04 1.45369e-09 -6.13330e-04
 7.19686e+01 5.92403e+04 1.65155e-09 -6.13330e-04
 8.96151e+01 6.14437e+04 1.87521e-09 -6.13330e-04
 1.11588e+02 6.37200e+04 2.12780e-09 -6.13330e-04
 1.38950e+02 6.60753e+04 2.41286e-09 -6.13330e-04
 1.73020e+02 6.85172e+04 2.73432e-09 -6.13330e-04
 2.15443e+02 7.10494e+04 3.09675e-09 -6.13330e-04
 2.68270e+02 7.36895e+04 3.50478e-09 -6.13330e-04
 3.34048e+02 7.64199e+04 3.96512e-09 -6.13330e-04
 4.15956e+02 7.92992e+04 4.48182e-09 -6.13330e-04
 5.17947e+02 8.22412e+04 5.06671e-09 -6.13327e-04
 6.44947e+02 8.54112e+04 5.71934e-09 -6.13327e-04
 8.03086e+02 8.85830e+04 6.46254e-09 -6.13319e-04
 1.00000e+03 9.21204e+04 7.28304e-09 -6.13293e-04
