#n1=128 n2=4 Teff=28000 R=3.1443e+11 L=4.3287e+37 logg=+4.50
#   tau          T          rho         Fconv
 0.00000e+00 1.56850e+04 4.58385e-22 +0.00000e+00
 1.00000e-09 1.56850e+04 4.61471e-17 +0.00000e+00
 1.24520e-09 1.56548e+04 5.76128e-17 +0.00000e+00
 1.55052e-09 1.56340e+04 7.18783e-17 +0.00000e+00
 1.93070e-09 1.56188e+04 8.96364e-17 +0.00000e+00
 2.40410e-09 1.56075e+04 1.11747e-16 +0.00000e+00
 2.99358e-09 1.55990e+04 1.39278e-16 +0.00000e+00
 3.72759e-09 1.55926e+04 1.73561e-16 +0.00000e+00
 4.64159e-09 1.55877e+04 2.16252e-16 +0.00000e+00
 5.77969e-09 1.55841e+04 2.69415e-16 +0.00000e+00
 7.19686e-09 1.55813e+04 3.35619e-16 +0.00000e+00
 8.96151e-09 1.55793e+04 4.18062e-16 +0.00000e+00
 1.11588e-08 1.55777e+04 5.20729e-16 +0.00000e+00
 1.38950e-08 1.55765e+04 6.48581e-16 +0.00000e+00
 1.73020e-08 1.55755e+04 8.07800e-16 +0.00000e+00
 2.15443e-08 1.55746e+04 1.00609e-15 +0.00000e+00
 2.68270e-08 1.55737e+04 1.25303e-15 +0.00000e+00
 3.34048e-08 1.55726e+04 1.56058e-15 +0.00000e+00
 4.15956e-08 1.55712e+04 1.94365e-15 +0.00000e+00
 5.17947e-08 1.55693e+04 2.42080e-15 +0.00000e+00
 6.44947e-08 1.55668e+04 3.01520e-15 +0.00000e+00
 8.03086e-08 1.55634e+04 3.75573e-15 +0.00000e+00
 1.00000e-07 1.55589e+04 4.67846e-15 +0.00000e+00
 1.24520e-07 1.55529e+04 5.82840e-15 +0.00000e+00
 1.55052e-07 1.55452e+04 7.26176e-15 +0.00000e+00
 1.93070e-07 1.55355e+04 9.04878e-15 +0.00000e+00
 2.40410e-07 1.55234e+04 1.12772e-14 +0.00000e+00
 2.99358e-07 1.55087e+04 1.40568e-14 +0.00000e+00
 3.72759e-07 1.54913e+04 1.75243e-14 +0.00000e+00
 4.64159e-07 1.54714e+04 2.18507e-14 +0.00000e+00
 5.77969e-07 1.54496e+04 2.72483e-14 +0.00000e+00
 7.19686e-07 1.54270e+04 3.39807e-14 +0.00000e+00
 8.96151e-07 1.54051e+04 4.23743e-14 +0.00000e+00
 1.11588e-06 1.53855e+04 5.28322e-14 +0.00000e+00
 1.38950e-06 1.53699e+04 6.58528e-14 +0.00000e+00
 1.73020e-06 1.53593e+04 8.20529e-14 +0.00000e+00
 2.15443e-06 1.53545e+04 1.02197e-13 +0.00000e+00
 2.68270e-06 1.53556e+04 1.27231e-13 +0.00000e+00
 3.34048e-06 1.53625e+04 1.58330e-13 +0.00000e+00
 4.15956e-06 1.53748e+04 1.96946e-13 +0.00000e+00
 5.17947e-06 1.53923e+04 2.44874e-13 +0.00000e+00
 6.44947e-06 1.54146e+04 3.04332e-13 +0.00000e+00
 8.03086e-06 1.54415e+04 3.78054e-13 +0.00000e+00
 1.00000e-05 1.54728e+04 4.69401e-13 +0.00000e+00
 1.24520e-05 1.55082e+04 5.82495e-13 +0.00000e+00
 1.55052e-05 1.55476e+04 7.22373e-13 +0.00000e+00
 1.93070e-05 1.55910e+04 8.95166e-13 +0.00000e+00
 2.40410e-05 1.56382e+04 1.10830e-12 +0.00000e+00
 2.99358e-05 1.56891e+04 1.37070e-12 +0.00000e+00
 3.72759e-05 1.57436e+04 1.69307e-12 +0.00000e+00
 4.64159e-05 1.58016e+04 2.08811e-12 +0.00000e+00
 5.77969e-05 1.58627e+04 2.57082e-12 +0.00000e+00
 7.19686e-05 1.59268e+04 3.15872e-12 +0.00000e+00
 8.96151e-05 1.59932e+04 3.87217e-12 +0.00000e+00
 1.11588e-04 1.60615e+04 4.73457e-12 +0.00000e+00
 1.38950e-04 1.61310e+04 5.77264e-12 +0.00000e+00
 1.73020e-04 1.62009e+04 7.01677e-12 +0.00000e+00
 2.15443e-04 1.62702e+04 8.50151e-12 +0.00000e+00
 2.68270e-04 1.63378e+04 1.02661e-11 +0.00000e+00
 3.34048e-04 1.64027e+04 1.23547e-11 +0.00000e+00
 4.15956e-04 1.64638e+04 1.48174e-11 +0.00000e+00
 5.17947e-04 1.65200e+04 1.77095e-11 +0.00000e+00
 6.44947e-04 1.65705e+04 2.10937e-11 +0.00000e+00
 8.03086e-04 1.66146e+04 2.50351e-11 +0.00000e+00
 1.00000e-03 1.66520e+04 2.96037e-11 +0.00000e+00
 1.24520e-03 1.66823e+04 3.48766e-11 -2.54636e-07
 1.55052e-03 1.67058e+04 4.09377e-11 -3.17071e-07
 1.93070e-03 1.67235e+04 4.78735e-11 -3.94817e-07
 2.40410e-03 1.67370e+04 5.57772e-11 -4.91624e-07
 2.99358e-03 1.67491e+04 6.47469e-11 -6.12169e-07
 3.72759e-03 1.67632e+04 7.48867e-11 -7.62270e-07
 4.64159e-03 1.67833e+04 8.63062e-11 -9.49179e-07
 5.77969e-03 1.68132e+04 9.91263e-11 -1.18191e-06
 7.19686e-03 1.68563e+04 1.13483e-10 -1.47172e-06
 8.96151e-03 1.69141e+04 1.29542e-10 -1.83258e-06
 1.11588e-02 1.69918e+04 1.47461e-10 -2.28192e-06
 1.38950e-02 1.70898e+04 1.67459e-10 -2.84144e-06
 1.73020e-02 1.72096e+04 1.89774e-10 -3.53815e-06
 2.15443e-02 1.73528e+04 2.14679e-10 -4.40570e-06
 2.68270e-02 1.75210e+04 2.42486e-10 -5.48596e-06
 3.34048e-02 1.77158e+04 2.73550e-10 -6.83110e-06
 4.15956e-02 1.79388e+04 3.08280e-10 -8.50607e-06
 5.17947e-02 1.81917e+04 3.47139e-10 -1.05917e-05
 6.44947e-02 1.84764e+04 3.90660e-10 -1.31888e-05
 8.03086e-02 1.87947e+04 4.39450e-10 -1.64226e-05
 1.00000e-01 1.91486e+04 4.94202e-10 -2.04494e-05
 1.24520e-01 1.95398e+04 5.55718e-10 -2.54636e-05
 1.55052e-01 1.99699e+04 6.24911e-10 -3.17071e-05
 1.93070e-01 2.04409e+04 7.02814e-10 -3.94817e-05
 2.40410e-01 2.09549e+04 7.90598e-10 -4.91624e-05
 2.99358e-01 2.15134e+04 8.89616e-10 -6.12169e-05
 3.72759e-01 2.21168e+04 1.00144e-09 -7.62270e-05
 4.64159e-01 2.27656e+04 1.12783e-09 -9.49179e-05
 5.77969e-01 2.34606e+04 1.27078e-09 -1.18191e-04
 7.19686e-01 2.42024e+04 1.43251e-09 -1.47172e-04
 8.96151e-01 2.49920e+04 1.61551e-09 -1.83258e-04
 1.11588e+00 2.58307e+04 1.82259e-09 -2.28192e-04
 1.38950e+00 2.67192e+04 2.05691e-09 -2.84144e-04
 1.73020e+00 2.76555e+04 2.32225e-09 -3.53815e-04
 2.15443e+00 2.86346e+04 2.62297e-09 -4.40570e-04
 2.68270e+00 2.96546e+04 2.96357e-09 -5.48596e-04
 3.34048e+00 3.07234e+04 3.34816e-09 -6.13483e-04
 4.15956e+00 3.18562e+04 3.78056e-09 -6.13483e-04
 5.17947e+00 3.30689e+04 4.26479e-09 -6.13483e-04
 6.44947e+00 3.43756e+04 4.80493e-09 -6.13483e-04
 8.03086e+00 3.57896e+04 5.40443e-09 -6.13483e-04
 1.00000e+01 3.73216e+04 6.06622e-09 -6.13483e-04
 1.24520e+01 3.89693e+04 6.79541e-09 -6.13483e-04
 1.55052e+01 4.07130e+04 7.60692e-09 -6.13483e-04
 1.93070e+01 4.25197e+04 8.52358e-09 -6.13483e-04
 2.40410e+01 4.43556e+04 9.57328e-09 -6.13483e-04
 2.99358e+01 4.61984e+04 1.07798e-08 -6.13483e-04
 3.72759e+01 4.80386e+04 1.21610e-08 -6.13483e-04
 4.64159e+01 4.98745e+04 1.37367e-08 -6.13483e-04
 5.77969e+01 5.17086e+04 1.55243e-08 -6.13480e-04
 7.19686e+01 5.35452e+04 1.75483e-08 -6.13480e-04
 8.96151e+01 5.53901e+04 1.98313e-08 -6.13472e-04
 1.11588e+02 5.72499e+04 2.24051e-08 -6.13440e-04
 1.38950e+02 5.91315e+04 2.52979e-08 -6.13331e-04
 1.73020e+02 6.10433e+04 2.85503e-08 -6.12932e-04
 2.15443e+02 6.29897e+04 3.21995e-08 -6.11471e-04
 2.68270e+02 6.49878e+04 3.62932e-08 -6.06193e-04
 3.34048e+02 6.70214e+04 4.08885e-08 -5.87153e-04
 4.15956e+02 6.91549e+04 4.60210e-08 -5.22707e-04
 5.17947e+02 7.12789e+04 5.18222e-08 -3.01076e-04
 6.44947e+02 7.36180e+04 5.82189e-08 +3.25119e-04
 8.03086e+02 7.58377e+04 6.55493e-08 +2.13057e-03
 1.00000e+03 7.84107e+04 7.35189e-08 +5.57186e-03
