#n1=128 n2=4 Teff=29000 R=1.1272e+12 L=6.4106e+38 logg=+3.50
#   tau          T          rho         Fconv
 0.00000e+00 1.61643e+04 4.44778e-22 +0.00000e+00
 1.00000e-09 1.61643e+04 4.11867e-18 +0.00000e+00
 1.24520e-09 1.59548e+04 5.23208e-18 +0.00000e+00
 1.55052e-09 1.58346e+04 6.60796e-18 +0.00000e+00
 1.93070e-09 1.57642e+04 8.31570e-18 +0.00000e+00
 2.40410e-09 1.57181e+04 1.04446e-17 +0.00000e+00
 2.99358e-09 1.56861e+04 1.31019e-17 +0.00000e+00
 3.72759e-09 1.56633e+04 1.64200e-17 +0.00000e+00
 4.64159e-09 1.56468e+04 2.05636e-17 +0.00000e+00
 5.77969e-09 1.56346e+04 2.57373e-17 +0.00000e+00
 7.19686e-09 1.56258e+04 3.21958e-17 +0.00000e+00
 8.96151e-09 1.56194e+04 4.02551e-17 +0.00000e+00
 1.11588e-08 1.56149e+04 5.03079e-17 +0.00000e+00
 1.38950e-08 1.56118e+04 6.28421e-17 +0.00000e+00
 1.73020e-08 1.56100e+04 7.84638e-17 +0.00000e+00
 2.15443e-08 1.56090e+04 9.79279e-17 +0.00000e+00
 2.68270e-08 1.56088e+04 1.22174e-16 +0.00000e+00
 3.34048e-08 1.56091e+04 1.52375e-16 +0.00000e+00
 4.15956e-08 1.56100e+04 1.89988e-16 +0.00000e+00
 5.17947e-08 1.56114e+04 2.36833e-16 +0.00000e+00
 6.44947e-08 1.56131e+04 2.95171e-16 +0.00000e+00
 8.03086e-08 1.56152e+04 3.67819e-16 +0.00000e+00
 1.00000e-07 1.56177e+04 4.58285e-16 +0.00000e+00
 1.24520e-07 1.56206e+04 5.70934e-16 +0.00000e+00
 1.55052e-07 1.56239e+04 7.11199e-16 +0.00000e+00
 1.93070e-07 1.56276e+04 8.85844e-16 +0.00000e+00
 2.40410e-07 1.56318e+04 1.10328e-15 +0.00000e+00
 2.99358e-07 1.56365e+04 1.37399e-15 +0.00000e+00
 3.72759e-07 1.56419e+04 1.71100e-15 +0.00000e+00
 4.64159e-07 1.56479e+04 2.13051e-15 +0.00000e+00
 5.77969e-07 1.56547e+04 2.65269e-15 +0.00000e+00
 7.19686e-07 1.56623e+04 3.30261e-15 +0.00000e+00
 8.96151e-07 1.56709e+04 4.11144e-15 +0.00000e+00
 1.11588e-06 1.56807e+04 5.11792e-15 +0.00000e+00
 1.38950e-06 1.56918e+04 6.37017e-15 +0.00000e+00
 1.73020e-06 1.57045e+04 7.92793e-15 +0.00000e+00
 2.15443e-06 1.57191e+04 9.86536e-15 +0.00000e+00
 2.68270e-06 1.57360e+04 1.22744e-14 +0.00000e+00
 3.34048e-06 1.57555e+04 1.52689e-14 +0.00000e+00
 4.15956e-06 1.57783e+04 1.89900e-14 +0.00000e+00
 5.17947e-06 1.58049e+04 2.36119e-14 +0.00000e+00
 6.44947e-06 1.58361e+04 2.93502e-14 +0.00000e+00
 8.03086e-06 1.58726e+04 3.64702e-14 +0.00000e+00
 1.00000e-05 1.59153e+04 4.52994e-14 +0.00000e+00
 1.24520e-05 1.59652e+04 5.62403e-14 +0.00000e+00
 1.55052e-05 1.60230e+04 6.97877e-14 +0.00000e+00
 1.93070e-05 1.60899e+04 8.65482e-14 +0.00000e+00
 2.40410e-05 1.61669e+04 1.07265e-13 +0.00000e+00
 2.99358e-05 1.62550e+04 1.32848e-13 +0.00000e+00
 3.72759e-05 1.63551e+04 1.64406e-13 +0.00000e+00
 4.64159e-05 1.64681e+04 2.03295e-13 +0.00000e+00
 5.77969e-05 1.65948e+04 2.51166e-13 +0.00000e+00
 7.19686e-05 1.67357e+04 3.10030e-13 +0.00000e+00
 8.96151e-05 1.68909e+04 3.82340e-13 +0.00000e+00
 1.11588e-04 1.70601e+04 4.71082e-13 +0.00000e+00
 1.38950e-04 1.72423e+04 5.79912e-13 +0.00000e+00
 1.73020e-04 1.74357e+04 7.13296e-13 +0.00000e+00
 2.15443e-04 1.76374e+04 8.76724e-13 +0.00000e+00
 2.68270e-04 1.78438e+04 1.07694e-12 +0.00000e+00
 3.34048e-04 1.80499e+04 1.32228e-12 +0.00000e+00
 4.15956e-04 1.82502e+04 1.62300e-12 +0.00000e+00
 5.17947e-04 1.84379e+04 1.99183e-12 +0.00000e+00
 6.44947e-04 1.86073e+04 2.44432e-12 +0.00000e+00
 8.03086e-04 1.87543e+04 2.99931e-12 +0.00000e+00
 1.00000e-03 1.88772e+04 3.67928e-12 +0.00000e+00
 1.24520e-03 1.89773e+04 4.51066e-12 -2.54268e-07
 1.55052e-03 1.90582e+04 5.52405e-12 -3.16614e-07
 1.93070e-03 1.91252e+04 6.75462e-12 -3.94246e-07
 2.40410e-03 1.91833e+04 8.24261e-12 -4.90915e-07
 2.99358e-03 1.92367e+04 1.00339e-11 -6.11286e-07
 3.72759e-03 1.92885e+04 1.21797e-11 -7.61171e-07
 4.64159e-03 1.93415e+04 1.47361e-11 -9.47808e-07
 5.77969e-03 1.93980e+04 1.77651e-11 -1.18021e-06
 7.19686e-03 1.94604e+04 2.13321e-11 -1.46959e-06
 8.96151e-03 1.95314e+04 2.55085e-11 -1.82993e-06
 1.11588e-02 1.96134e+04 3.03692e-11 -2.27862e-06
 1.38950e-02 1.97089e+04 3.59949e-11 -2.83733e-06
 1.73020e-02 1.98209e+04 4.24719e-11 -3.53304e-06
 2.15443e-02 1.99520e+04 4.98919e-11 -4.39934e-06
 2.68270e-02 2.01053e+04 5.83552e-11 -5.47804e-06
 3.34048e-02 2.02837e+04 6.79723e-11 -6.82123e-06
 4.15956e-02 2.04907e+04 7.88650e-11 -8.49378e-06
 5.17947e-02 2.07292e+04 9.11709e-11 -1.05764e-05
 6.44947e-02 2.10025e+04 1.05045e-10 -1.31698e-05
 8.03086e-02 2.13145e+04 1.20662e-10 -1.63989e-05
 1.00000e-01 2.16677e+04 1.38229e-10 -2.04199e-05
 1.24520e-01 2.20580e+04 1.58022e-10 -2.54268e-05
 1.55052e-01 2.24890e+04 1.80308e-10 -3.16614e-05
 1.93070e-01 2.29605e+04 2.05420e-10 -3.94246e-05
 2.40410e-01 2.34763e+04 2.33702e-10 -4.90915e-05
 2.99358e-01 2.40385e+04 2.65566e-10 -6.11286e-05
 3.72759e-01 2.46454e+04 3.01517e-10 -7.61171e-05
 4.64159e-01 2.52979e+04 3.42093e-10 -9.47808e-05
 5.77969e-01 2.60025e+04 3.87837e-10 -1.18021e-04
 7.19686e-01 2.67595e+04 4.39453e-10 -1.46959e-04
 8.96151e-01 2.75670e+04 4.97756e-10 -1.82993e-04
 1.11588e+00 2.84196e+04 5.63706e-10 -2.27862e-04
 1.38950e+00 2.93114e+04 6.38353e-10 -2.83733e-04
 1.73020e+00 3.02420e+04 7.22699e-10 -3.53304e-04
 2.15443e+00 3.12222e+04 8.17546e-10 -4.39934e-04
 2.68270e+00 3.22658e+04 9.23594e-10 -5.47804e-04
 3.34048e+00 3.33829e+04 1.04156e-09 -6.12596e-04
 4.15956e+00 3.45817e+04 1.17217e-09 -6.12596e-04
 5.17947e+00 3.58697e+04 1.31642e-09 -6.12596e-04
 6.44947e+00 3.72496e+04 1.47629e-09 -6.12596e-04
 8.03086e+00 3.87150e+04 1.65535e-09 -6.12596e-04
 1.00000e+01 4.02527e+04 1.85826e-09 -6.12596e-04
 1.24520e+01 4.18472e+04 2.08985e-09 -6.12596e-04
 1.55052e+01 4.34849e+04 2.35463e-09 -6.12596e-04
 1.93070e+01 4.51581e+04 2.65688e-09 -6.12596e-04
 2.40410e+01 4.68637e+04 3.00092e-09 -6.12596e-04
 2.99358e+01 4.86000e+04 3.39159e-09 -6.12596e-04
 3.72759e+01 5.03661e+04 3.83429e-09 -6.12596e-04
 4.64159e+01 5.21628e+04 4.33506e-09 -6.12596e-04
 5.77969e+01 5.39914e+04 4.90076e-09 -6.12596e-04
 7.19686e+01 5.58539e+04 5.53910e-09 -6.12596e-04
 8.96151e+01 5.77541e+04 6.25833e-09 -6.12596e-04
 1.11588e+02 5.96958e+04 7.06837e-09 -6.12596e-04
 1.38950e+02 6.16837e+04 7.97947e-09 -6.12596e-04
 1.73020e+02 6.37251e+04 9.00404e-09 -6.12594e-04
 2.15443e+02 6.58223e+04 1.01552e-08 -6.12586e-04
 2.68270e+02 6.79921e+04 1.14474e-08 -6.12561e-04
 3.34048e+02 7.02178e+04 1.28999e-08 -6.12464e-04
 4.15956e+02 7.25604e+04 1.45245e-08 -6.12133e-04
 5.17947e+02 7.49187e+04 1.63596e-08 -6.10947e-04
 6.44947e+02 7.74989e+04 1.83932e-08 -6.07162e-04
 8.03086e+02 7.99976e+04 2.07151e-08 -5.93436e-04
 1.00000e+03 8.28556e+04 2.32548e-08 -5.53809e-04
