#n1=128 n2=4 Teff=30000 R=3.9857e+12 L=9.1681e+39 logg=+2.50
#   tau          T          rho         Fconv
 0.00000e+00 2.13044e+04 3.37540e-22 +0.00000e+00
 1.00000e-09 2.13044e+04 2.78439e-19 +0.00000e+00
 1.24520e-09 2.12108e+04 3.48539e-19 +0.00000e+00
 1.55052e-09 2.10951e+04 4.36773e-19 +0.00000e+00
 1.93070e-09 2.09381e+04 5.48463e-19 +0.00000e+00
 2.40410e-09 2.07803e+04 6.88795e-19 +0.00000e+00
 2.99358e-09 2.06414e+04 8.64315e-19 +0.00000e+00
 3.72759e-09 2.04692e+04 1.08639e-18 +0.00000e+00
 4.64159e-09 2.02899e+04 1.36611e-18 +0.00000e+00
 5.77969e-09 2.00711e+04 1.72138e-18 +0.00000e+00
 7.19686e-09 1.97837e+04 2.17680e-18 +0.00000e+00
 8.96151e-09 1.93739e+04 2.77063e-18 +0.00000e+00
 1.11588e-08 1.88007e+04 3.55876e-18 +0.00000e+00
 1.38950e-08 1.81656e+04 4.59109e-18 +0.00000e+00
 1.73020e-08 1.76632e+04 5.88597e-18 +0.00000e+00
 2.15443e-08 1.73332e+04 7.47744e-18 +0.00000e+00
 2.68270e-08 1.71195e+04 9.43846e-18 +0.00000e+00
 3.34048e-08 1.69750e+04 1.18674e-17 +0.00000e+00
 4.15956e-08 1.68732e+04 1.48851e-17 +0.00000e+00
 5.17947e-08 1.67998e+04 1.86402e-17 +0.00000e+00
 6.44947e-08 1.67467e+04 2.33157e-17 +0.00000e+00
 8.03086e-08 1.67092e+04 2.91390e-17 +0.00000e+00
 1.00000e-07 1.66843e+04 3.63932e-17 +0.00000e+00
 1.24520e-07 1.66704e+04 4.54307e-17 +0.00000e+00
 1.55052e-07 1.66661e+04 5.66906e-17 +0.00000e+00
 1.93070e-07 1.66708e+04 7.07193e-17 +0.00000e+00
 2.40410e-07 1.66844e+04 8.81956e-17 +0.00000e+00
 2.99358e-07 1.67180e+04 1.09875e-16 +0.00000e+00
 3.72759e-07 1.67490e+04 1.36957e-16 +0.00000e+00
 4.64159e-07 1.67945e+04 1.70643e-16 +0.00000e+00
 5.77969e-07 1.68458e+04 2.12598e-16 +0.00000e+00
 7.19686e-07 1.69087e+04 2.64773e-16 +0.00000e+00
 8.96151e-07 1.69856e+04 3.29576e-16 +0.00000e+00
 1.11588e-06 1.70742e+04 4.10047e-16 +0.00000e+00
 1.38950e-06 1.71769e+04 5.09829e-16 +0.00000e+00
 1.73020e-06 1.72942e+04 6.33426e-16 +0.00000e+00
 2.15443e-06 1.74264e+04 7.86357e-16 +0.00000e+00
 2.68270e-06 1.75733e+04 9.75402e-16 +0.00000e+00
 3.34048e-06 1.77346e+04 1.20889e-15 +0.00000e+00
 4.15956e-06 1.79083e+04 1.49717e-15 +0.00000e+00
 5.17947e-06 1.80933e+04 1.85297e-15 +0.00000e+00
 6.44947e-06 1.82875e+04 2.29211e-15 +0.00000e+00
 8.03086e-06 1.84887e+04 2.83426e-15 +0.00000e+00
 1.00000e-05 1.86945e+04 3.50384e-15 +0.00000e+00
 1.24520e-05 1.89027e+04 4.33129e-15 +0.00000e+00
 1.55052e-05 1.91115e+04 5.35425e-15 +0.00000e+00
 1.93070e-05 1.93197e+04 6.61945e-15 +0.00000e+00
 2.40410e-05 1.95265e+04 8.18455e-15 +0.00000e+00
 2.99358e-05 1.97312e+04 1.01210e-14 +0.00000e+00
 3.72759e-05 1.99337e+04 1.25171e-14 +0.00000e+00
 4.64159e-05 2.01337e+04 1.54819e-14 +0.00000e+00
 5.77969e-05 2.03314e+04 1.91506e-14 +0.00000e+00
 7.19686e-05 2.05267e+04 2.36907e-14 +0.00000e+00
 8.96151e-05 2.07192e+04 2.93096e-14 +0.00000e+00
 1.11588e-04 2.09086e+04 3.62669e-14 +0.00000e+00
 1.38950e-04 2.10942e+04 4.48863e-14 +0.00000e+00
 1.73020e-04 2.12755e+04 5.55698e-14 +0.00000e+00
 2.15443e-04 2.14520e+04 6.88124e-14 +0.00000e+00
 2.68270e-04 2.16233e+04 8.52300e-14 +0.00000e+00
 3.34048e-04 2.17891e+04 1.05588e-13 +0.00000e+00
 4.15956e-04 2.19485e+04 1.30838e-13 +0.00000e+00
 5.17947e-04 2.21002e+04 1.62170e-13 +0.00000e+00
 6.44947e-04 2.22427e+04 2.01067e-13 +0.00000e+00
 8.03086e-04 2.23744e+04 2.49385e-13 +0.00000e+00
 1.00000e-03 2.24942e+04 3.09435e-13 +0.00000e+00
 1.24520e-03 2.26008e+04 3.84102e-13 -2.54571e-07
 1.55052e-03 2.26944e+04 4.76962e-13 -3.16993e-07
 1.93070e-03 2.27751e+04 5.92455e-13 -3.94718e-07
 2.40410e-03 2.28453e+04 7.36019e-13 -4.91502e-07
 2.99358e-03 2.29075e+04 9.14323e-13 -6.12017e-07
 3.72759e-03 2.29650e+04 1.13549e-12 -7.62081e-07
 4.64159e-03 2.30218e+04 1.40933e-12 -9.48942e-07
 5.77969e-03 2.30821e+04 1.74762e-12 -1.18162e-06
 7.19686e-03 2.31496e+04 2.16456e-12 -1.47135e-06
 8.96151e-03 2.32283e+04 2.67697e-12 -1.83212e-06
 1.11588e-02 2.33208e+04 3.30505e-12 -2.28136e-06
 1.38950e-02 2.34304e+04 4.07259e-12 -2.84073e-06
 1.73020e-02 2.35598e+04 5.00769e-12 -3.53726e-06
 2.15443e-02 2.37134e+04 6.14270e-12 -4.40459e-06
 2.68270e-02 2.38950e+04 7.51491e-12 -5.48458e-06
 3.34048e-02 2.41084e+04 9.16690e-12 -6.82939e-06
 4.15956e-02 2.43581e+04 1.11464e-11 -8.50395e-06
 5.17947e-02 2.46470e+04 1.35076e-11 -1.05891e-05
 6.44947e-02 2.49770e+04 1.63116e-11 -1.31855e-05
 8.03086e-02 2.53509e+04 1.96258e-11 -1.64185e-05
 1.00000e-01 2.57673e+04 2.35280e-11 -2.04443e-05
 1.24520e-01 2.62077e+04 2.81226e-11 -2.54571e-05
 1.55052e-01 2.66649e+04 3.35196e-11 -3.16993e-05
 1.93070e-01 2.71448e+04 3.98258e-11 -3.94718e-05
 2.40410e-01 2.76595e+04 4.71443e-11 -4.91502e-05
 2.99358e-01 2.82162e+04 5.55898e-11 -6.12017e-05
 3.72759e-01 2.88129e+04 6.52996e-11 -7.62081e-05
 4.64159e-01 2.94615e+04 7.63867e-11 -9.48942e-05
 5.77969e-01 3.01753e+04 8.89557e-11 -1.18162e-04
 7.19686e-01 3.09638e+04 1.03119e-10 -1.47135e-04
 8.96151e-01 3.18292e+04 1.19031e-10 -1.83212e-04
 1.11588e+00 3.27671e+04 1.36921e-10 -2.28225e-04
 1.38950e+00 3.37696e+04 1.57114e-10 -2.84136e-04
 1.73020e+00 3.48301e+04 1.80025e-10 -3.53748e-04
 2.15443e+00 3.59590e+04 2.06040e-10 -4.40470e-04
 2.68270e+00 3.71668e+04 2.35596e-10 -5.48504e-04
 3.34048e+00 3.84548e+04 2.69222e-10 -6.13356e-04
 4.15956e+00 3.98200e+04 3.07526e-10 -6.13323e-04
 5.17947e+00 4.12622e+04 3.51153e-10 -6.13332e-04
 6.44947e+00 4.27776e+04 4.00849e-10 -6.13330e-04
 8.03086e+00 4.43677e+04 4.57402e-10 -6.13334e-04
 1.00000e+01 4.60360e+04 5.21683e-10 -6.13332e-04
 1.24520e+01 4.77836e+04 5.94699e-10 -6.13330e-04
 1.55052e+01 4.96099e+04 6.77606e-10 -6.13330e-04
 1.93070e+01 5.15112e+04 7.71748e-10 -6.13330e-04
 2.40410e+01 5.34832e+04 8.78644e-10 -6.13330e-04
 2.99358e+01 5.55218e+04 1.00001e-09 -6.13330e-04
 3.72759e+01 5.76260e+04 1.13771e-09 -6.13330e-04
 4.64159e+01 5.97979e+04 1.29377e-09 -6.13330e-04
 5.77969e+01 6.20422e+04 1.47045e-09 -6.13330e-04
 7.19686e+01 6.43650e+04 1.67024e-09 -6.13330e-04
 8.96151e+01 6.67737e+04 1.89593e-09 -6.13330e-04
 1.11588e+02 6.92760e+04 2.15068e-09 -6.13330e-04
 1.38950e+02 7.18789e+04 2.43805e-09 -6.13330e-04
 1.73020e+02 7.45920e+04 2.76199e-09 -6.13330e-04
 2.15443e+02 7.74176e+04 3.12722e-09 -6.13330e-04
 2.68270e+02 8.03739e+04 3.53846e-09 -6.13330e-04
 3.34048e+02 8.34422e+04 4.00249e-09 -6.13330e-04
 4.15956e+02 8.66781e+04 4.52380e-09 -6.13330e-04
 5.17947e+02 9.00004e+04 5.11377e-09 -6.13330e-04
 6.44947e+02 9.35595e+04 5.77353e-09 -6.13330e-04
 8.03086e+02 9.71263e+04 6.52508e-09 -6.13325e-04
 1.00000e+03 1.01101e+05 7.35499e-09 -6.13319e-04
