#n1=128 n2=4 Teff=30000 R=8.4649e+12 L=4.1416e+40 logg=+2.00
#   tau          T          rho         Fconv
 0.00000e+00 1.77572e+04 4.19602e-22 +0.00000e+00
 1.00000e-09 1.77572e+04 1.07527e-19 +0.00000e+00
 1.24520e-09 1.77317e+04 1.34167e-19 +0.00000e+00
 1.55052e-09 1.77041e+04 1.67453e-19 +0.00000e+00
 1.93070e-09 1.76451e+04 2.09395e-19 +0.00000e+00
 2.40410e-09 1.75499e+04 2.62416e-19 +0.00000e+00
 2.99358e-09 1.74384e+04 3.29209e-19 +0.00000e+00
 3.72759e-09 1.72763e+04 4.14272e-19 +0.00000e+00
 4.64159e-09 1.70608e+04 5.23055e-19 +0.00000e+00
 5.77969e-09 1.68229e+04 6.61464e-19 +0.00000e+00
 7.19686e-09 1.66150e+04 8.35192e-19 +0.00000e+00
 8.96151e-09 1.64884e+04 1.04949e-18 +0.00000e+00
 1.11588e-08 1.64180e+04 1.31435e-18 +0.00000e+00
 1.38950e-08 1.63625e+04 1.64459e-18 +0.00000e+00
 1.73020e-08 1.63307e+04 2.05487e-18 +0.00000e+00
 2.15443e-08 1.63316e+04 2.56241e-18 +0.00000e+00
 2.68270e-08 1.63596e+04 3.19007e-18 +0.00000e+00
 3.34048e-08 1.64106e+04 3.96601e-18 +0.00000e+00
 4.15956e-08 1.64832e+04 4.92448e-18 +0.00000e+00
 5.17947e-08 1.65701e+04 6.10963e-18 +0.00000e+00
 6.44947e-08 1.66699e+04 7.57474e-18 +0.00000e+00
 8.03086e-08 1.67825e+04 9.38489e-18 +0.00000e+00
 1.00000e-07 1.69041e+04 1.16227e-17 +0.00000e+00
 1.24520e-07 1.70337e+04 1.43892e-17 +0.00000e+00
 1.55052e-07 1.71689e+04 1.78113e-17 +0.00000e+00
 1.93070e-07 1.73086e+04 2.20457e-17 +0.00000e+00
 2.40410e-07 1.74512e+04 2.72880e-17 +0.00000e+00
 2.99358e-07 1.75956e+04 3.37810e-17 +0.00000e+00
 3.72759e-07 1.77409e+04 4.18262e-17 +0.00000e+00
 4.64159e-07 1.78864e+04 5.17982e-17 +0.00000e+00
 5.77969e-07 1.80312e+04 6.41641e-17 +0.00000e+00
 7.19686e-07 1.81751e+04 7.95035e-17 +0.00000e+00
 8.96151e-07 1.83180e+04 9.85373e-17 +0.00000e+00
 1.11588e-06 1.84602e+04 1.22159e-16 +0.00000e+00
 1.38950e-06 1.86027e+04 1.51474e-16 +0.00000e+00
 1.73020e-06 1.87469e+04 1.87843e-16 +0.00000e+00
 2.15443e-06 1.88947e+04 2.32939e-16 +0.00000e+00
 2.68270e-06 1.90481e+04 2.88817e-16 +0.00000e+00
 3.34048e-06 1.92078e+04 3.58015e-16 +0.00000e+00
 4.15956e-06 1.93748e+04 4.43641e-16 +0.00000e+00
 5.17947e-06 1.95496e+04 5.49523e-16 +0.00000e+00
 6.44947e-06 1.97322e+04 6.80365e-16 +0.00000e+00
 8.03086e-06 1.99228e+04 8.41941e-16 +0.00000e+00
 1.00000e-05 2.01216e+04 1.04133e-15 +0.00000e+00
 1.24520e-05 2.03294e+04 1.28716e-15 +0.00000e+00
 1.55052e-05 2.05470e+04 1.59001e-15 +0.00000e+00
 1.93070e-05 2.07746e+04 1.96280e-15 +0.00000e+00
 2.40410e-05 2.10124e+04 2.42138e-15 +0.00000e+00
 2.99358e-05 2.12597e+04 2.98529e-15 +0.00000e+00
 3.72759e-05 2.15148e+04 3.67867e-15 +0.00000e+00
 4.64159e-05 2.17755e+04 4.53155e-15 +0.00000e+00
 5.77969e-05 2.20386e+04 5.58141e-15 +0.00000e+00
 7.19686e-05 2.23003e+04 6.87521e-15 +0.00000e+00
 8.96151e-05 2.25568e+04 8.47187e-15 +0.00000e+00
 1.11588e-04 2.28043e+04 1.04454e-14 +0.00000e+00
 1.38950e-04 2.30393e+04 1.28890e-14 +0.00000e+00
 1.73020e-04 2.32593e+04 1.59194e-14 +0.00000e+00
 2.15443e-04 2.34630e+04 1.96829e-14 +0.00000e+00
 2.68270e-04 2.36501e+04 2.43626e-14 +0.00000e+00
 3.34048e-04 2.38208e+04 3.01874e-14 +0.00000e+00
 4.15956e-04 2.39756e+04 3.74450e-14 +0.00000e+00
 5.17947e-04 2.41154e+04 4.64957e-14 +0.00000e+00
 6.44947e-04 2.42403e+04 5.77932e-14 +0.00000e+00
 8.03086e-04 2.43510e+04 7.19061e-14 +0.00000e+00
 1.00000e-03 2.44489e+04 8.95449e-14 +0.00000e+00
 1.24520e-03 2.45352e+04 1.11599e-13 -2.54188e-07
 1.55052e-03 2.46113e+04 1.39179e-13 -3.16516e-07
 1.93070e-03 2.46778e+04 1.73677e-13 -3.94124e-07
 2.40410e-03 2.47377e+04 2.16806e-13 -4.90762e-07
 2.99358e-03 2.47924e+04 2.70704e-13 -6.11096e-07
 3.72759e-03 2.48455e+04 3.37987e-13 -7.60935e-07
 4.64159e-03 2.48997e+04 4.21888e-13 -9.47514e-07
 5.77969e-03 2.49587e+04 5.26340e-13 -1.17984e-06
 7.19686e-03 2.50258e+04 6.56159e-13 -1.46914e-06
 8.96151e-03 2.51051e+04 8.17159e-13 -1.82936e-06
 1.11588e-02 2.51991e+04 1.01643e-12 -2.27792e-06
 1.38950e-02 2.53114e+04 1.26247e-12 -2.83646e-06
 1.73020e-02 2.54450e+04 1.56550e-12 -3.53194e-06
 2.15443e-02 2.56050e+04 1.93752e-12 -4.39796e-06
 2.68270e-02 2.57963e+04 2.39272e-12 -5.47633e-06
 3.34048e-02 2.60233e+04 2.94772e-12 -6.81912e-06
 4.15956e-02 2.62919e+04 3.62156e-12 -8.49115e-06
 5.17947e-02 2.66057e+04 4.43636e-12 -1.05732e-05
 6.44947e-02 2.69678e+04 5.41739e-12 -1.31657e-05
 8.03086e-02 2.73822e+04 6.59287e-12 -1.63938e-05
 1.00000e-01 2.78490e+04 7.99561e-12 -2.04136e-05
 1.24520e-01 2.83492e+04 9.67079e-12 -2.54188e-05
 1.55052e-01 2.88770e+04 1.16684e-11 -3.16516e-05
 1.93070e-01 2.94412e+04 1.40398e-11 -3.94124e-05
 2.40410e-01 3.00577e+04 1.68381e-11 -4.90762e-05
 2.99358e-01 3.07356e+04 2.01257e-11 -6.11096e-05
 3.72759e-01 3.14733e+04 2.39833e-11 -7.60935e-05
 4.64159e-01 3.22836e+04 2.84931e-11 -9.47514e-05
 5.77969e-01 3.31798e+04 3.37481e-11 -1.17984e-04
 7.19686e-01 3.41719e+04 3.98572e-11 -1.46914e-04
 8.96151e-01 3.52638e+04 4.69517e-11 -1.82936e-04
 1.11588e+00 3.64554e+04 5.51852e-11 -2.27792e-04
 1.38950e+00 3.77456e+04 6.47327e-11 -2.83646e-04
 1.73020e+00 3.91396e+04 7.57815e-11 -3.53194e-04
 2.15443e+00 4.06583e+04 8.85098e-11 -4.39796e-04
 2.68270e+00 4.23191e+04 1.03122e-10 -5.47633e-04
 3.34048e+00 4.41202e+04 1.19894e-10 -6.12407e-04
 4.15956e+00 4.60433e+04 1.39190e-10 -6.12407e-04
 5.17947e+00 4.80633e+04 1.61454e-10 -6.12407e-04
 6.44947e+00 5.01557e+04 1.87200e-10 -6.12407e-04
 8.03086e+00 5.23075e+04 2.16980e-10 -6.12407e-04
 1.00000e+01 5.45191e+04 2.51362e-10 -6.12407e-04
 1.24520e+01 5.67954e+04 2.90967e-10 -6.12407e-04
 1.55052e+01 5.91427e+04 3.36484e-10 -6.12407e-04
 1.93070e+01 6.15675e+04 3.88683e-10 -6.12407e-04
 2.40410e+01 6.40812e+04 4.48400e-10 -6.12407e-04
 2.99358e+01 6.66981e+04 5.16560e-10 -6.12407e-04
 3.72759e+01 6.94354e+04 5.94190e-10 -6.12407e-04
 4.64159e+01 7.23100e+04 6.82453e-10 -6.12407e-04
 5.77969e+01 7.53373e+04 7.82677e-10 -6.12407e-04
 7.19686e+01 7.85250e+04 8.96429e-10 -6.12407e-04
 8.96151e+01 8.18693e+04 1.02560e-09 -6.12407e-04
 1.11588e+02 8.53576e+04 1.17242e-09 -6.12407e-04
 1.38950e+02 8.89747e+04 1.33947e-09 -6.12407e-04
 1.73020e+02 9.27105e+04 1.52956e-09 -6.12407e-04
 2.15443e+02 9.65535e+04 1.74595e-09 -6.12407e-04
 2.68270e+02 1.00491e+05 1.99226e-09 -6.12407e-04
 3.34048e+02 1.04492e+05 2.27294e-09 -6.12407e-04
 4.15956e+02 1.08556e+05 2.59231e-09 -6.12407e-04
 5.17947e+02 1.12642e+05 2.95613e-09 -6.12407e-04
 6.44947e+02 1.16821e+05 3.36827e-09 -6.12407e-04
 8.03086e+02 1.20999e+05 3.83717e-09 -6.12407e-04
 1.00000e+03 1.25435e+05 4.36243e-09 -6.12407e-04
