#n1=128 n2=4 Teff=30000 R=3.3688e+11 L=6.5474e+37 logg=+4.50
#   tau          T          rho         Fconv
 0.00000e+00 2.28254e+04 3.14977e-22 +0.00000e+00
 1.00000e-09 2.28254e+04 3.05437e-17 +0.00000e+00
 1.24520e-09 2.28974e+04 3.80817e-17 +0.00000e+00
 1.55052e-09 2.29690e+04 4.74665e-17 +0.00000e+00
 1.93070e-09 2.30401e+04 5.91457e-17 +0.00000e+00
 2.40410e-09 2.31105e+04 7.36789e-17 +0.00000e+00
 2.99358e-09 2.31793e+04 9.16275e-17 +0.00000e+00
 3.72759e-09 1.65877e+04 1.60417e-16 +0.00000e+00
 4.64159e-09 1.63920e+04 2.02688e-16 +0.00000e+00
 5.77969e-09 1.63672e+04 2.53379e-16 +0.00000e+00
 7.19686e-09 1.63500e+04 3.16514e-16 +0.00000e+00
 8.96151e-09 1.63375e+04 3.95168e-16 +0.00000e+00
 1.11588e-08 1.63281e+04 4.93162e-16 +0.00000e+00
 1.38950e-08 1.63212e+04 6.15236e-16 +0.00000e+00
 1.73020e-08 1.63160e+04 7.67291e-16 +0.00000e+00
 2.15443e-08 1.63122e+04 9.56666e-16 +0.00000e+00
 2.68270e-08 1.63095e+04 1.19250e-15 +0.00000e+00
 3.34048e-08 1.63075e+04 1.48619e-15 +0.00000e+00
 4.15956e-08 1.63063e+04 1.85191e-15 +0.00000e+00
 5.17947e-08 1.63055e+04 2.30732e-15 +0.00000e+00
 6.44947e-08 1.63051e+04 2.87442e-15 +0.00000e+00
 8.03086e-08 1.63050e+04 3.58059e-15 +0.00000e+00
 1.00000e-07 1.63051e+04 4.45994e-15 +0.00000e+00
 1.24520e-07 1.63054e+04 5.55494e-15 +0.00000e+00
 1.55052e-07 1.63056e+04 6.91849e-15 +0.00000e+00
 1.93070e-07 1.63058e+04 8.61652e-15 +0.00000e+00
 2.40410e-07 1.63058e+04 1.07311e-14 +0.00000e+00
 2.99358e-07 1.63056e+04 1.33645e-14 +0.00000e+00
 3.72759e-07 1.63049e+04 1.66442e-14 +0.00000e+00
 4.64159e-07 1.63038e+04 2.07290e-14 +0.00000e+00
 5.77969e-07 1.63021e+04 2.58167e-14 +0.00000e+00
 7.19686e-07 1.62997e+04 3.21538e-14 +0.00000e+00
 8.96151e-07 1.62967e+04 4.00472e-14 +0.00000e+00
 1.11588e-06 1.62931e+04 4.98790e-14 +0.00000e+00
 1.38950e-06 1.62890e+04 6.21245e-14 +0.00000e+00
 1.73020e-06 1.62850e+04 7.73741e-14 +0.00000e+00
 2.15443e-06 1.62814e+04 9.63606e-14 +0.00000e+00
 2.68270e-06 1.62790e+04 1.19992e-13 +0.00000e+00
 3.34048e-06 1.62786e+04 1.49392e-13 +0.00000e+00
 4.15956e-06 1.62811e+04 1.85948e-13 +0.00000e+00
 5.17947e-06 1.62875e+04 2.31375e-13 +0.00000e+00
 6.44947e-06 1.62986e+04 2.87787e-13 +0.00000e+00
 8.03086e-06 1.63149e+04 3.57787e-13 +0.00000e+00
 1.00000e-05 1.63370e+04 4.44580e-13 +0.00000e+00
 1.24520e-05 1.63651e+04 5.52101e-13 +0.00000e+00
 1.55052e-05 1.63996e+04 6.85170e-13 +0.00000e+00
 1.93070e-05 1.64405e+04 8.49675e-13 +0.00000e+00
 2.40410e-05 1.64879e+04 1.05277e-12 +0.00000e+00
 2.99358e-05 1.65420e+04 1.30313e-12 +0.00000e+00
 3.72759e-05 1.66026e+04 1.61117e-12 +0.00000e+00
 4.64159e-05 1.66698e+04 1.98931e-12 +0.00000e+00
 5.77969e-05 1.67436e+04 2.45224e-12 +0.00000e+00
 7.19686e-05 1.68236e+04 3.01719e-12 +0.00000e+00
 8.96151e-05 1.69098e+04 3.70412e-12 +0.00000e+00
 1.11588e-04 1.70016e+04 4.53598e-12 +0.00000e+00
 1.38950e-04 1.70986e+04 5.53904e-12 +0.00000e+00
 1.73020e-04 1.72001e+04 6.74322e-12 +0.00000e+00
 2.15443e-04 1.73051e+04 8.18264e-12 +0.00000e+00
 2.68270e-04 1.74128e+04 9.89609e-12 +0.00000e+00
 3.34048e-04 1.75219e+04 1.19277e-11 +0.00000e+00
 4.15956e-04 1.76312e+04 1.43276e-11 +0.00000e+00
 5.17947e-04 1.77392e+04 1.71526e-11 +0.00000e+00
 6.44947e-04 1.78444e+04 2.04676e-11 +0.00000e+00
 8.03086e-04 1.79452e+04 2.43428e-11 +0.00000e+00
 1.00000e-03 1.80399e+04 2.88553e-11 +0.00000e+00
 1.24520e-03 1.81268e+04 3.40903e-11 -2.54661e-07
 1.55052e-03 1.82041e+04 4.01440e-11 -3.17105e-07
 1.93070e-03 1.82708e+04 4.71155e-11 -3.94856e-07
 2.40410e-03 1.83267e+04 5.51152e-11 -4.91674e-07
 2.99358e-03 1.83730e+04 6.42581e-11 -6.12231e-07
 3.72759e-03 1.84128e+04 7.46640e-11 -7.62349e-07
 4.64159e-03 1.84502e+04 8.64575e-11 -9.49275e-07
 5.77969e-03 1.84904e+04 9.97681e-11 -1.18203e-06
 7.19686e-03 1.85385e+04 1.14737e-10 -1.47187e-06
 8.96151e-03 1.85990e+04 1.31524e-10 -1.83276e-06
 1.11588e-02 1.86753e+04 1.50312e-10 -2.28216e-06
 1.38950e-02 1.87700e+04 1.71314e-10 -2.84173e-06
 1.73020e-02 1.88842e+04 1.94783e-10 -3.53850e-06
 2.15443e-02 1.90232e+04 2.20963e-10 -4.40613e-06
 2.68270e-02 1.91880e+04 2.50184e-10 -5.48651e-06
 3.34048e-02 1.93809e+04 2.82804e-10 -6.83179e-06
 4.15956e-02 1.96045e+04 3.19226e-10 -8.50693e-06
 5.17947e-02 1.98617e+04 3.59905e-10 -1.05928e-05
 6.44947e-02 2.01560e+04 4.05361e-10 -1.31901e-05
 8.03086e-02 2.04907e+04 4.56185e-10 -1.64243e-05
 1.00000e-01 2.08692e+04 5.13065e-10 -2.04515e-05
 1.24520e-01 2.12933e+04 5.76816e-10 -2.54661e-05
 1.55052e-01 2.17646e+04 6.48385e-10 -3.17105e-05
 1.93070e-01 2.22849e+04 7.28843e-10 -3.94856e-05
 2.40410e-01 2.28559e+04 8.19406e-10 -4.91674e-05
 2.99358e-01 2.34783e+04 9.21493e-10 -6.12231e-05
 3.72759e-01 2.41511e+04 1.03677e-09 -7.62349e-05
 4.64159e-01 2.48741e+04 1.16705e-09 -9.49275e-05
 5.77969e-01 2.56471e+04 1.31441e-09 -1.18203e-04
 7.19686e-01 2.64692e+04 1.48117e-09 -1.47187e-04
 8.96151e-01 2.73379e+04 1.67004e-09 -1.83276e-04
 1.11588e+00 2.82493e+04 1.88406e-09 -2.28216e-04
 1.38950e+00 2.92001e+04 2.12657e-09 -2.84173e-04
 1.73020e+00 3.01909e+04 2.40095e-09 -3.53850e-04
 2.15443e+00 3.12283e+04 2.71049e-09 -4.40613e-04
 2.68270e+00 3.23219e+04 3.05849e-09 -5.48651e-04
 3.34048e+00 3.34817e+04 3.44834e-09 -6.13545e-04
 4.15956e+00 3.47179e+04 3.88321e-09 -6.13545e-04
 5.17947e+00 3.60403e+04 4.36596e-09 -6.13545e-04
 6.44947e+00 3.74547e+04 4.89990e-09 -6.13545e-04
 8.03086e+00 3.89587e+04 5.49085e-09 -6.13545e-04
 1.00000e+01 4.05407e+04 6.14990e-09 -6.13545e-04
 1.24520e+01 4.21808e+04 6.89299e-09 -6.13545e-04
 1.55052e+01 4.38594e+04 7.73883e-09 -6.13545e-04
 1.93070e+01 4.55634e+04 8.70497e-09 -6.13545e-04
 2.40410e+01 4.72871e+04 9.80568e-09 -6.13545e-04
 2.99358e+01 4.90289e+04 1.10575e-08 -6.13545e-04
 3.72759e+01 5.07887e+04 1.24758e-08 -6.13545e-04
 4.64159e+01 5.25673e+04 1.40809e-08 -6.13545e-04
 5.77969e+01 5.43665e+04 1.58921e-08 -6.13545e-04
 7.19686e+01 5.61887e+04 1.79356e-08 -6.13543e-04
 8.96151e+01 5.80383e+04 2.02350e-08 -6.13534e-04
 1.11588e+02 5.99202e+04 2.28231e-08 -6.13508e-04
 1.38950e+02 6.18397e+04 2.57293e-08 -6.13408e-04
 1.73020e+02 6.38048e+04 2.89946e-08 -6.13044e-04
 2.15443e+02 6.58182e+04 3.26570e-08 -6.11726e-04
 2.68270e+02 6.78977e+04 3.67647e-08 -6.07025e-04
 3.34048e+02 7.00257e+04 4.13750e-08 -5.90334e-04
 4.15956e+02 7.22683e+04 4.65247e-08 -5.34658e-04
 5.17947e+02 7.45149e+04 5.23436e-08 -3.45965e-04
 6.44947e+02 7.69905e+04 5.87639e-08 +1.85651e-04
 8.03086e+02 7.93655e+04 6.61122e-08 +1.72174e-03
 1.00000e+03 8.21054e+04 7.41148e-08 +4.73791e-03
