#n1=128 n2=4 Teff=31000 R=6.1939e+11 L=2.5213e+38 logg=+4.00
#   tau          T          rho         Fconv
 0.00000e+00 1.37831e+04 5.22009e-22 +0.00000e+00
 1.00000e-09 1.37831e+04 1.57696e-17 +0.00000e+00
 1.24520e-09 1.37845e+04 1.97339e-17 +0.00000e+00
 1.55052e-09 1.37861e+04 2.46864e-17 +0.00000e+00
 1.93070e-09 1.37879e+04 3.08703e-17 +0.00000e+00
 2.40410e-09 1.37901e+04 3.85885e-17 +0.00000e+00
 2.99358e-09 1.37925e+04 4.82188e-17 +0.00000e+00
 3.72759e-09 1.37954e+04 6.02314e-17 +0.00000e+00
 4.64159e-09 1.37986e+04 7.52125e-17 +0.00000e+00
 5.77969e-09 1.38023e+04 9.38924e-17 +0.00000e+00
 7.19686e-09 1.38066e+04 1.17180e-16 +0.00000e+00
 8.96151e-09 1.38114e+04 1.46208e-16 +0.00000e+00
 1.11588e-08 1.38170e+04 1.82381e-16 +0.00000e+00
 1.38950e-08 1.38236e+04 2.27447e-16 +0.00000e+00
 1.73020e-08 1.38312e+04 2.83573e-16 +0.00000e+00
 2.15443e-08 1.38402e+04 3.53448e-16 +0.00000e+00
 2.68270e-08 1.38509e+04 4.40403e-16 +0.00000e+00
 3.34048e-08 1.38636e+04 5.48570e-16 +0.00000e+00
 4.15956e-08 1.38789e+04 6.83068e-16 +0.00000e+00
 5.17947e-08 1.38972e+04 8.50234e-16 +0.00000e+00
 6.44947e-08 1.39192e+04 1.05790e-15 +0.00000e+00
 8.03086e-08 1.39454e+04 1.31575e-15 +0.00000e+00
 1.00000e-07 1.39767e+04 1.63572e-15 +0.00000e+00
 1.24520e-07 1.40139e+04 2.03250e-15 +0.00000e+00
 1.55052e-07 1.40574e+04 2.52422e-15 +0.00000e+00
 1.93070e-07 1.41083e+04 3.13314e-15 +0.00000e+00
 2.40410e-07 1.41673e+04 3.88658e-15 +0.00000e+00
 2.99358e-07 1.42352e+04 4.81807e-15 +0.00000e+00
 3.72759e-07 1.43128e+04 5.96869e-15 +0.00000e+00
 4.64159e-07 1.44009e+04 7.38868e-15 +0.00000e+00
 5.77969e-07 1.45002e+04 9.13958e-15 +0.00000e+00
 7.19686e-07 1.46112e+04 1.12965e-14 +0.00000e+00
 8.96151e-07 1.47343e+04 1.39516e-14 +0.00000e+00
 1.11588e-06 1.48695e+04 1.72177e-14 +0.00000e+00
 1.38950e-06 1.50161e+04 2.12334e-14 +0.00000e+00
 1.73020e-06 1.51730e+04 2.61702e-14 +0.00000e+00
 2.15443e-06 1.53381e+04 3.22402e-14 +0.00000e+00
 2.68270e-06 1.55092e+04 3.97069e-14 +0.00000e+00
 3.34048e-06 1.56836e+04 4.88975e-14 +0.00000e+00
 4.15956e-06 1.58593e+04 6.02168e-14 +0.00000e+00
 5.17947e-06 1.60352e+04 7.41623e-14 +0.00000e+00
 6.44947e-06 1.62118e+04 9.13425e-14 +0.00000e+00
 8.03086e-06 1.63903e+04 1.12499e-13 +0.00000e+00
 1.00000e-05 1.65724e+04 1.38536e-13 +0.00000e+00
 1.24520e-05 1.67595e+04 1.70560e-13 +0.00000e+00
 1.55052e-05 1.69523e+04 2.09930e-13 +0.00000e+00
 1.93070e-05 1.71514e+04 2.58308e-13 +0.00000e+00
 2.40410e-05 1.73567e+04 3.17734e-13 +0.00000e+00
 2.99358e-05 1.75683e+04 3.90703e-13 +0.00000e+00
 3.72759e-05 1.77864e+04 4.80259e-13 +0.00000e+00
 4.64159e-05 1.80106e+04 5.90129e-13 +0.00000e+00
 5.77969e-05 1.82395e+04 7.24911e-13 +0.00000e+00
 7.19686e-05 1.84700e+04 8.90301e-13 +0.00000e+00
 8.96151e-05 1.86980e+04 1.09338e-12 +0.00000e+00
 1.11588e-04 1.89192e+04 1.34290e-12 +0.00000e+00
 1.38950e-04 1.91298e+04 1.64960e-12 +0.00000e+00
 1.73020e-04 1.93269e+04 2.02659e-12 +0.00000e+00
 2.15443e-04 1.95089e+04 2.48969e-12 +0.00000e+00
 2.68270e-04 1.96757e+04 3.05781e-12 +0.00000e+00
 3.34048e-04 1.98278e+04 3.75333e-12 +0.00000e+00
 4.15956e-04 1.99661e+04 4.60259e-12 +0.00000e+00
 5.17947e-04 2.00917e+04 5.63637e-12 +0.00000e+00
 6.44947e-04 2.02051e+04 6.89058e-12 +0.00000e+00
 8.03086e-04 2.03064e+04 8.40692e-12 +0.00000e+00
 1.00000e-03 2.03964e+04 1.02332e-11 +0.00000e+00
 1.24520e-03 2.04761e+04 1.24243e-11 -2.54887e-07
 1.55052e-03 2.05467e+04 1.50423e-11 -3.17384e-07
 1.93070e-03 2.06095e+04 1.81571e-11 -3.95206e-07
 2.40410e-03 2.06664e+04 2.18448e-11 -4.92110e-07
 2.99358e-03 2.07193e+04 2.61884e-11 -6.12774e-07
 3.72759e-03 2.07715e+04 3.12719e-11 -7.63024e-07
 4.64159e-03 2.08258e+04 3.71877e-11 -9.50115e-07
 5.77969e-03 2.08861e+04 4.40307e-11 -1.18308e-06
 7.19686e-03 2.09556e+04 5.19019e-11 -1.47317e-06
 8.96151e-03 2.10379e+04 6.09096e-11 -1.83438e-06
 1.11588e-02 2.11354e+04 7.11734e-11 -2.28417e-06
 1.38950e-02 2.12515e+04 8.28213e-11 -2.84423e-06
 1.73020e-02 2.13887e+04 9.59977e-11 -3.54164e-06
 2.15443e-02 2.15513e+04 1.10855e-10 -4.41005e-06
 2.68270e-02 2.17407e+04 1.27579e-10 -5.49137e-06
 3.34048e-02 2.19645e+04 1.46343e-10 -6.83784e-06
 4.15956e-02 2.22259e+04 1.67375e-10 -8.51446e-06
 5.17947e-02 2.25281e+04 1.90933e-10 -1.06022e-05
 6.44947e-02 2.28742e+04 2.17312e-10 -1.32018e-05
 8.03086e-02 2.32690e+04 2.46841e-10 -1.64388e-05
 1.00000e-01 2.37137e+04 2.79936e-10 -2.04696e-05
 1.24520e-01 2.41910e+04 3.17273e-10 -2.54887e-05
 1.55052e-01 2.46938e+04 3.59484e-10 -3.17384e-05
 1.93070e-01 2.52281e+04 4.07100e-10 -3.95206e-05
 2.40410e-01 2.58075e+04 4.60617e-10 -4.92110e-05
 2.99358e-01 2.64380e+04 5.20736e-10 -6.12774e-05
 3.72759e-01 2.71099e+04 5.88529e-10 -7.63024e-05
 4.64159e-01 2.78270e+04 6.64914e-10 -9.50115e-05
 5.77969e-01 2.85926e+04 7.50938e-10 -1.18308e-04
 7.19686e-01 2.94060e+04 8.47852e-10 -1.47317e-04
 8.96151e-01 3.02653e+04 9.57053e-10 -1.83438e-04
 1.11588e+00 3.11732e+04 1.07989e-09 -2.28417e-04
 1.38950e+00 3.21361e+04 1.21765e-09 -2.84423e-04
 1.73020e+00 3.31575e+04 1.37172e-09 -3.54164e-04
 2.15443e+00 3.42416e+04 1.54344e-09 -4.41005e-04
 2.68270e+00 3.53890e+04 1.73439e-09 -5.49137e-04
 3.34048e+00 3.65970e+04 1.94673e-09 -6.14087e-04
 4.15956e+00 3.78608e+04 2.18366e-09 -6.14087e-04
 5.17947e+00 3.91777e+04 2.44942e-09 -6.14087e-04
 6.44947e+00 4.05473e+04 2.74903e-09 -6.14087e-04
 8.03086e+00 4.19699e+04 3.08795e-09 -6.14087e-04
 1.00000e+01 4.34471e+04 3.47179e-09 -6.14087e-04
 1.24520e+01 4.49792e+04 3.90652e-09 -6.14087e-04
 1.55052e+01 4.65670e+04 4.39849e-09 -6.14087e-04
 1.93070e+01 4.82092e+04 4.95490e-09 -6.14087e-04
 2.40410e+01 4.99034e+04 5.58383e-09 -6.14087e-04
 2.99358e+01 5.16455e+04 6.29419e-09 -6.14087e-04
 3.72759e+01 5.34324e+04 7.09661e-09 -6.14087e-04
 4.64159e+01 5.52619e+04 8.00203e-09 -6.14087e-04
 5.77969e+01 5.71321e+04 9.02389e-09 -6.14087e-04
 7.19686e+01 5.90426e+04 1.01753e-08 -6.14087e-04
 8.96151e+01 6.09949e+04 1.14728e-08 -6.14087e-04
 1.11588e+02 6.29915e+04 1.29323e-08 -6.14085e-04
 1.38950e+02 6.50371e+04 1.45744e-08 -6.14082e-04
 1.73020e+02 6.71380e+04 1.64184e-08 -6.14064e-04
 2.15443e+02 6.92979e+04 1.84908e-08 -6.14001e-04
 2.68270e+02 7.15318e+04 2.08140e-08 -6.13776e-04
 3.34048e+02 7.38298e+04 2.34249e-08 -6.12974e-04
 4.15956e+02 7.62422e+04 2.63422e-08 -6.10219e-04
 5.17947e+02 7.86860e+04 2.96347e-08 -6.00511e-04
 6.44947e+02 8.13547e+04 3.32797e-08 -5.70072e-04
 8.03086e+02 8.39382e+04 3.74442e-08 -4.63808e-04
 1.00000e+03 8.69334e+04 4.19759e-08 -1.81603e-04
