#n1=128 n2=4 Teff=31000 R=4.1167e+12 L=1.1160e+40 logg=+2.50
#   tau          T          rho         Fconv
 0.00000e+00 2.58856e+04 2.77741e-22 +0.00000e+00
 1.00000e-09 2.58856e+04 2.27081e-19 +0.00000e+00
 1.24520e-09 2.58859e+04 2.83051e-19 +0.00000e+00
 1.55052e-09 2.58886e+04 3.52800e-19 +0.00000e+00
 1.93070e-09 2.58920e+04 4.39742e-19 +0.00000e+00
 2.40410e-09 2.58958e+04 5.48118e-19 +0.00000e+00
 2.99358e-09 2.58997e+04 6.83217e-19 +0.00000e+00
 3.72759e-09 2.59033e+04 8.51639e-19 +0.00000e+00
 4.64159e-09 2.59064e+04 1.06162e-18 +0.00000e+00
 5.77969e-09 2.59084e+04 1.32344e-18 +0.00000e+00
 7.19686e-09 2.58994e+04 1.65056e-18 +0.00000e+00
 8.96151e-09 2.58876e+04 2.05876e-18 +0.00000e+00
 1.11588e-08 2.58579e+04 2.56972e-18 +0.00000e+00
 1.38950e-08 2.57846e+04 3.21293e-18 +0.00000e+00
 1.73020e-08 2.55665e+04 4.03992e-18 +0.00000e+00
 2.15443e-08 2.50484e+04 5.14101e-18 +0.00000e+00
 2.68270e-08 2.44323e+04 6.57121e-18 +0.00000e+00
 3.34048e-08 2.40468e+04 8.32403e-18 +0.00000e+00
 4.15956e-08 2.38426e+04 1.04667e-17 +0.00000e+00
 5.17947e-08 2.37206e+04 1.31162e-17 +0.00000e+00
 6.44947e-08 2.36205e+04 1.64214e-17 +0.00000e+00
 8.03086e-08 2.35326e+04 2.05491e-17 +0.00000e+00
 1.00000e-07 2.34282e+04 2.57325e-17 +0.00000e+00
 1.24520e-07 2.33221e+04 3.22260e-17 +0.00000e+00
 1.55052e-07 2.31990e+04 4.03885e-17 +0.00000e+00
 1.93070e-07 2.30425e+04 5.06925e-17 +0.00000e+00
 2.40410e-07 2.28407e+04 6.37540e-17 +0.00000e+00
 2.99358e-07 2.25723e+04 8.04222e-17 +0.00000e+00
 3.72759e-07 2.22023e+04 1.01926e-16 +0.00000e+00
 4.64159e-07 2.16865e+04 1.30083e-16 +0.00000e+00
 5.77969e-07 2.10345e+04 1.67188e-16 +0.00000e+00
 7.19686e-07 2.03854e+04 2.15061e-16 +0.00000e+00
 8.96151e-07 1.98746e+04 2.75029e-16 +0.00000e+00
 1.11588e-06 1.95192e+04 3.49196e-16 +0.00000e+00
 1.38950e-06 1.92789e+04 4.40915e-16 +0.00000e+00
 1.73020e-06 1.91144e+04 5.54677e-16 +0.00000e+00
 2.15443e-06 1.89995e+04 6.96107e-16 +0.00000e+00
 2.68270e-06 1.89188e+04 8.72154e-16 +0.00000e+00
 3.34048e-06 1.88631e+04 1.09142e-15 +0.00000e+00
 4.15956e-06 1.88267e+04 1.36458e-15 +0.00000e+00
 5.17947e-06 1.88062e+04 1.70484e-15 +0.00000e+00
 6.44947e-06 1.87995e+04 2.12860e-15 +0.00000e+00
 8.03086e-06 1.88147e+04 2.65455e-15 +0.00000e+00
 1.00000e-05 1.88317e+04 3.31057e-15 +0.00000e+00
 1.24520e-05 1.88613e+04 4.12608e-15 +0.00000e+00
 1.55052e-05 1.89040e+04 5.13903e-15 +0.00000e+00
 1.93070e-05 1.89631e+04 6.39549e-15 +0.00000e+00
 2.40410e-05 1.90337e+04 7.95440e-15 +0.00000e+00
 2.99358e-05 1.91200e+04 9.88564e-15 +0.00000e+00
 3.72759e-05 1.92229e+04 1.22761e-14 +0.00000e+00
 4.64159e-05 1.93434e+04 1.52320e-14 +0.00000e+00
 5.77969e-05 1.94810e+04 1.88849e-14 +0.00000e+00
 7.19686e-05 1.96366e+04 2.33945e-14 +0.00000e+00
 8.96151e-05 1.98096e+04 2.89579e-14 +0.00000e+00
 1.11588e-04 1.99991e+04 3.58169e-14 +0.00000e+00
 1.38950e-04 2.02035e+04 4.42704e-14 +0.00000e+00
 1.73020e-04 2.04198e+04 5.46878e-14 +0.00000e+00
 2.15443e-04 2.06474e+04 6.75220e-14 +0.00000e+00
 2.68270e-04 2.08823e+04 8.33562e-14 +0.00000e+00
 3.34048e-04 2.11215e+04 1.02927e-13 +0.00000e+00
 4.15956e-04 2.13618e+04 1.27123e-13 +0.00000e+00
 5.17947e-04 2.15999e+04 1.57063e-13 +0.00000e+00
 6.44947e-04 2.18328e+04 1.94144e-13 +0.00000e+00
 8.03086e-04 2.20572e+04 2.40105e-13 +0.00000e+00
 1.00000e-03 2.22699e+04 2.97125e-13 +0.00000e+00
 1.24520e-03 2.24673e+04 3.67941e-13 -2.54377e-07
 1.55052e-03 2.26464e+04 4.55983e-13 -3.16749e-07
 1.93070e-03 2.28051e+04 5.65532e-13 -3.94414e-07
 2.40410e-03 2.29441e+04 7.01872e-13 -4.91125e-07
 2.99358e-03 2.30689e+04 8.71392e-13 -6.11547e-07
 3.72759e-03 2.31812e+04 1.08207e-12 -7.61496e-07
 4.64159e-03 2.32899e+04 1.34332e-12 -9.48213e-07
 5.77969e-03 2.34003e+04 1.66644e-12 -1.18071e-06
 7.19686e-03 2.35158e+04 2.06512e-12 -1.47022e-06
 8.96151e-03 2.36386e+04 2.55585e-12 -1.83071e-06
 1.11588e-02 2.37705e+04 3.15836e-12 -2.27960e-06
 1.38950e-02 2.39136e+04 3.89610e-12 -2.83854e-06
 1.73020e-02 2.40702e+04 4.79683e-12 -3.53455e-06
 2.15443e-02 2.42433e+04 5.89299e-12 -4.40122e-06
 2.68270e-02 2.44364e+04 7.22213e-12 -5.48037e-06
 3.34048e-02 2.46546e+04 8.82684e-12 -6.82415e-06
 4.15956e-02 2.49026e+04 1.07554e-11 -8.49741e-06
 5.17947e-02 2.51849e+04 1.30618e-11 -1.05809e-05
 6.44947e-02 2.55063e+04 1.58064e-11 -1.31754e-05
 8.03086e-02 2.58706e+04 1.90558e-11 -1.64059e-05
 1.00000e-01 2.62789e+04 2.28857e-11 -2.04286e-05
 1.24520e-01 2.67226e+04 2.73888e-11 -2.54377e-05
 1.55052e-01 2.72005e+04 3.26634e-11 -3.16749e-05
 1.93070e-01 2.77091e+04 3.88206e-11 -3.94414e-05
 2.40410e-01 2.82554e+04 4.59676e-11 -4.91125e-05
 2.99358e-01 2.88417e+04 5.42243e-11 -6.11547e-05
 3.72759e-01 2.94642e+04 6.37323e-11 -7.61496e-05
 4.64159e-01 3.01251e+04 7.46328e-11 -9.48213e-05
 5.77969e-01 3.08312e+04 8.70676e-11 -1.18071e-04
 7.19686e-01 3.15839e+04 1.01210e-10 -1.47022e-04
 8.96151e-01 3.23973e+04 1.17217e-10 -1.83071e-04
 1.11588e+00 3.32801e+04 1.35300e-10 -2.27960e-04
 1.38950e+00 3.42395e+04 1.55722e-10 -2.83854e-04
 1.73020e+00 3.52800e+04 1.78820e-10 -3.53455e-04
 2.15443e+00 3.64041e+04 2.04997e-10 -4.40122e-04
 2.68270e+00 3.76124e+04 2.34717e-10 -5.48079e-04
 3.34048e+00 3.89053e+04 2.68497e-10 -6.12887e-04
 4.15956e+00 4.02807e+04 3.06924e-10 -6.12875e-04
 5.17947e+00 4.17373e+04 3.50647e-10 -6.12852e-04
 6.44947e+00 4.32676e+04 4.00441e-10 -6.12869e-04
 8.03086e+00 4.48722e+04 4.57104e-10 -6.12860e-04
 1.00000e+01 4.65478e+04 5.21569e-10 -6.12858e-04
 1.24520e+01 4.82951e+04 5.94851e-10 -6.12860e-04
 1.55052e+01 5.01151e+04 6.78087e-10 -6.12858e-04
 1.93070e+01 5.20076e+04 7.72570e-10 -6.12858e-04
 2.40410e+01 5.39732e+04 8.79756e-10 -6.12858e-04
 2.99358e+01 5.60123e+04 1.00130e-09 -6.12858e-04
 3.72759e+01 5.81264e+04 1.13901e-09 -6.12858e-04
 4.64159e+01 6.03178e+04 1.29495e-09 -6.12858e-04
 5.77969e+01 6.25902e+04 1.47137e-09 -6.12858e-04
 7.19686e+01 6.49482e+04 1.67082e-09 -6.12858e-04
 8.96151e+01 6.73985e+04 1.89611e-09 -6.12858e-04
 1.11588e+02 6.99470e+04 2.15043e-09 -6.12858e-04
 1.38950e+02 7.26004e+04 2.43737e-09 -6.12858e-04
 1.73020e+02 7.53673e+04 2.76091e-09 -6.12858e-04
 2.15443e+02 7.82501e+04 3.12575e-09 -6.12858e-04
 2.68270e+02 8.12675e+04 3.53662e-09 -6.12858e-04
 3.34048e+02 8.44010e+04 4.00027e-09 -6.12858e-04
 4.15956e+02 8.77052e+04 4.52126e-09 -6.12858e-04
 5.17947e+02 9.11006e+04 5.11087e-09 -6.12858e-04
 6.44947e+02 9.47285e+04 5.77073e-09 -6.12858e-04
 8.03086e+02 9.83944e+04 6.52087e-09 -6.12854e-04
 1.00000e+03 1.02427e+05 7.35257e-09 -6.12847e-04
