#n1=128 n2=4 Teff=31000 R=1.2051e+12 L=9.5667e+38 logg=+3.50
#   tau          T          rho         Fconv
 0.00000e+00 2.39184e+04 3.00585e-22 +0.00000e+00
 1.00000e-09 2.39184e+04 2.66594e-18 +0.00000e+00
 1.24520e-09 2.39781e+04 3.31517e-18 +0.00000e+00
 1.55052e-09 2.40367e+04 4.12327e-18 +0.00000e+00
 1.93070e-09 2.40937e+04 5.12942e-18 +0.00000e+00
 2.40410e-09 2.41487e+04 6.38248e-18 +0.00000e+00
 2.99358e-09 2.42014e+04 7.94334e-18 +0.00000e+00
 3.72759e-09 2.42514e+04 9.88785e-18 +0.00000e+00
 4.64159e-09 2.42984e+04 1.23104e-17 +0.00000e+00
 5.77969e-09 2.43415e+04 1.53139e-17 +0.00000e+00
 7.19686e-09 1.72432e+04 2.72599e-17 +0.00000e+00
 8.96151e-09 1.69628e+04 3.45804e-17 +0.00000e+00
 1.11588e-08 1.68285e+04 4.35206e-17 +0.00000e+00
 1.38950e-08 1.67329e+04 5.46959e-17 +0.00000e+00
 1.73020e-08 1.66711e+04 6.87031e-17 +0.00000e+00
 2.15443e-08 1.66283e+04 8.63030e-17 +0.00000e+00
 2.68270e-08 1.65980e+04 1.08491e-16 +0.00000e+00
 3.34048e-08 1.65761e+04 1.36355e-16 +0.00000e+00
 4.15956e-08 1.65602e+04 1.71245e-16 +0.00000e+00
 5.17947e-08 1.65487e+04 2.14828e-16 +0.00000e+00
 6.44947e-08 1.65405e+04 2.69253e-16 +0.00000e+00
 8.03086e-08 1.65349e+04 3.37190e-16 +0.00000e+00
 1.00000e-07 1.65315e+04 4.21956e-16 +0.00000e+00
 1.24520e-07 1.65297e+04 5.27679e-16 +0.00000e+00
 1.55052e-07 1.65294e+04 6.59495e-16 +0.00000e+00
 1.93070e-07 1.65302e+04 8.23795e-16 +0.00000e+00
 2.40410e-07 1.65321e+04 1.02854e-15 +0.00000e+00
 2.99358e-07 1.65349e+04 1.28362e-15 +0.00000e+00
 3.72759e-07 1.65388e+04 1.60137e-15 +0.00000e+00
 4.64159e-07 1.65437e+04 1.99711e-15 +0.00000e+00
 5.77969e-07 1.65496e+04 2.48989e-15 +0.00000e+00
 7.19686e-07 1.65568e+04 3.10341e-15 +0.00000e+00
 8.96151e-07 1.65653e+04 3.86711e-15 +0.00000e+00
 1.11588e-06 1.65754e+04 4.81756e-15 +0.00000e+00
 1.38950e-06 1.65874e+04 6.00019e-15 +0.00000e+00
 1.73020e-06 1.66014e+04 7.47139e-15 +0.00000e+00
 2.15443e-06 1.66179e+04 9.30106e-15 +0.00000e+00
 2.68270e-06 1.66373e+04 1.15759e-14 +0.00000e+00
 3.34048e-06 1.66600e+04 1.44033e-14 +0.00000e+00
 4.15956e-06 1.66866e+04 1.79160e-14 +0.00000e+00
 5.17947e-06 1.67176e+04 2.22784e-14 +0.00000e+00
 6.44947e-06 1.67539e+04 2.76933e-14 +0.00000e+00
 8.03086e-06 1.67962e+04 3.44105e-14 +0.00000e+00
 1.00000e-05 1.68454e+04 4.27382e-14 +0.00000e+00
 1.24520e-05 1.69025e+04 5.30547e-14 +0.00000e+00
 1.55052e-05 1.69686e+04 6.58249e-14 +0.00000e+00
 1.93070e-05 1.70449e+04 8.16183e-14 +0.00000e+00
 2.40410e-05 1.71324e+04 1.01132e-13 +0.00000e+00
 2.99358e-05 1.72325e+04 1.25216e-13 +0.00000e+00
 3.72759e-05 1.73462e+04 1.54910e-13 +0.00000e+00
 4.64159e-05 1.74747e+04 1.91480e-13 +0.00000e+00
 5.77969e-05 1.76190e+04 2.36466e-13 +0.00000e+00
 7.19686e-05 1.77796e+04 2.91743e-13 +0.00000e+00
 8.96151e-05 1.79568e+04 3.59602e-13 +0.00000e+00
 1.11588e-04 1.81503e+04 4.42827e-13 +0.00000e+00
 1.38950e-04 1.83592e+04 5.44829e-13 +0.00000e+00
 1.73020e-04 1.85817e+04 6.69785e-13 +0.00000e+00
 2.15443e-04 1.88147e+04 8.22841e-13 +0.00000e+00
 2.68270e-04 1.90542e+04 1.01035e-12 +0.00000e+00
 3.34048e-04 1.92948e+04 1.24020e-12 +0.00000e+00
 4.15956e-04 1.95302e+04 1.52215e-12 +0.00000e+00
 5.17947e-04 1.97537e+04 1.86833e-12 +0.00000e+00
 6.44947e-04 1.99592e+04 2.29361e-12 +0.00000e+00
 8.03086e-04 2.01402e+04 2.81634e-12 +0.00000e+00
 1.00000e-03 2.02952e+04 3.45831e-12 +0.00000e+00
 1.24520e-03 2.04257e+04 4.24515e-12 -2.54289e-07
 1.55052e-03 2.05359e+04 5.20663e-12 -3.16640e-07
 1.93070e-03 2.06313e+04 6.37706e-12 -3.94278e-07
 2.40410e-03 2.07173e+04 7.79603e-12 -4.90955e-07
 2.99358e-03 2.07977e+04 9.50935e-12 -6.11336e-07
 3.72759e-03 2.08755e+04 1.15696e-11 -7.61234e-07
 4.64159e-03 2.09533e+04 1.40357e-11 -9.47885e-07
 5.77969e-03 2.10336e+04 1.69729e-11 -1.18030e-06
 7.19686e-03 2.11188e+04 2.04517e-11 -1.46971e-06
 8.96151e-03 2.12116e+04 2.45490e-11 -1.83008e-06
 1.11588e-02 2.13146e+04 2.93462e-11 -2.27882e-06
 1.38950e-02 2.14308e+04 3.49310e-11 -2.83756e-06
 1.73020e-02 2.15633e+04 4.13965e-11 -3.53333e-06
 2.15443e-02 2.17158e+04 4.88423e-11 -4.39970e-06
 2.68270e-02 2.18920e+04 5.73741e-11 -5.47848e-06
 3.34048e-02 2.20973e+04 6.71028e-11 -6.82180e-06
 4.15956e-02 2.23361e+04 7.81523e-11 -8.49448e-06
 5.17947e-02 2.26130e+04 9.06602e-11 -1.05773e-05
 6.44947e-02 2.29324e+04 1.04781e-10 -1.31708e-05
 8.03086e-02 2.32989e+04 1.20691e-10 -1.64003e-05
 1.00000e-01 2.37148e+04 1.38603e-10 -2.04215e-05
 1.24520e-01 2.41710e+04 1.58826e-10 -2.54289e-05
 1.55052e-01 2.46676e+04 1.81657e-10 -3.16640e-05
 1.93070e-01 2.52037e+04 2.07438e-10 -3.94278e-05
 2.40410e-01 2.57849e+04 2.36512e-10 -4.90955e-05
 2.99358e-01 2.64124e+04 2.69301e-10 -6.11336e-05
 3.72759e-01 2.70799e+04 3.06351e-10 -7.61234e-05
 4.64159e-01 2.77855e+04 3.48229e-10 -9.47885e-05
 5.77969e-01 2.85326e+04 3.95495e-10 -1.18030e-04
 7.19686e-01 2.93184e+04 4.48846e-10 -1.46971e-04
 8.96151e-01 3.01433e+04 5.08988e-10 -1.83008e-04
 1.11588e+00 3.10119e+04 5.76591e-10 -2.27882e-04
 1.38950e+00 3.19317e+04 6.52290e-10 -2.83760e-04
 1.73020e+00 3.29101e+04 7.36719e-10 -3.53333e-04
 2.15443e+00 3.39532e+04 8.30545e-10 -4.39970e-04
 2.68270e+00 3.50667e+04 9.34603e-10 -5.47848e-04
 3.34048e+00 3.62544e+04 1.05015e-09 -6.12646e-04
 4.15956e+00 3.75163e+04 1.17917e-09 -6.12646e-04
 5.17947e+00 3.88468e+04 1.32440e-09 -6.12646e-04
 6.44947e+00 4.02386e+04 1.48897e-09 -6.12646e-04
 8.03086e+00 4.16850e+04 1.67605e-09 -6.12646e-04
 1.00000e+01 4.31813e+04 1.88880e-09 -6.12646e-04
 1.24520e+01 4.47252e+04 2.13047e-09 -6.12646e-04
 1.55052e+01 4.63161e+04 2.40458e-09 -6.12646e-04
 1.93070e+01 4.79534e+04 2.71503e-09 -6.12646e-04
 2.40410e+01 4.96364e+04 3.06625e-09 -6.12646e-04
 2.99358e+01 5.13642e+04 3.46321e-09 -6.12646e-04
 3.72759e+01 5.31367e+04 3.91150e-09 -6.12646e-04
 4.64159e+01 5.49541e+04 4.41742e-09 -6.12646e-04
 5.77969e+01 5.68172e+04 4.98800e-09 -6.12646e-04
 7.19686e+01 5.87278e+04 5.63101e-09 -6.12646e-04
 8.96151e+01 6.06890e+04 6.35487e-09 -6.12646e-04
 1.11588e+02 6.27049e+04 7.16957e-09 -6.12646e-04
 1.38950e+02 6.47811e+04 8.08539e-09 -6.12646e-04
 1.73020e+02 6.69248e+04 9.11483e-09 -6.12645e-04
 2.15443e+02 6.91393e+04 1.02710e-08 -6.12639e-04
 2.68270e+02 7.14417e+04 1.15686e-08 -6.12618e-04
 3.34048e+02 7.38158e+04 1.30268e-08 -6.12547e-04
 4.15956e+02 7.63234e+04 1.46577e-08 -6.12309e-04
 5.17947e+02 7.88636e+04 1.64994e-08 -6.11475e-04
 6.44947e+02 8.16412e+04 1.85416e-08 -6.08869e-04
 8.03086e+02 8.43593e+04 2.08707e-08 -5.99701e-04
 1.00000e+03 8.74485e+04 2.34232e-08 -5.73590e-04
