#n1=128 n2=4 Teff=31000 R=2.3143e+12 L=3.5290e+39 logg=+3.00
#   tau          T          rho         Fconv
 0.00000e+00 2.46970e+04 2.91106e-22 +0.00000e+00
 1.00000e-09 2.46970e+04 7.92901e-19 +0.00000e+00
 1.24520e-09 2.47051e+04 9.87585e-19 +0.00000e+00
 1.55052e-09 2.47142e+04 1.23004e-18 +0.00000e+00
 1.93070e-09 2.47238e+04 1.53199e-18 +0.00000e+00
 2.40410e-09 2.47341e+04 1.90805e-18 +0.00000e+00
 2.99358e-09 2.47449e+04 2.37639e-18 +0.00000e+00
 3.72759e-09 2.47562e+04 2.95963e-18 +0.00000e+00
 4.64159e-09 2.47679e+04 3.68599e-18 +0.00000e+00
 5.77969e-09 2.47799e+04 4.59059e-18 +0.00000e+00
 7.19686e-09 2.47920e+04 5.71720e-18 +0.00000e+00
 8.96151e-09 2.48042e+04 7.12030e-18 +0.00000e+00
 1.11588e-08 2.48160e+04 8.86795e-18 +0.00000e+00
 1.38950e-08 2.48273e+04 1.10448e-17 +0.00000e+00
 1.73020e-08 2.48381e+04 1.37564e-17 +0.00000e+00
 2.15443e-08 2.48324e+04 1.71451e-17 +0.00000e+00
 2.68270e-08 2.48141e+04 2.13796e-17 +0.00000e+00
 3.34048e-08 2.47876e+04 2.66687e-17 +0.00000e+00
 4.15956e-08 2.47478e+04 3.32845e-17 +0.00000e+00
 5.17947e-08 2.46886e+04 4.15739e-17 +0.00000e+00
 6.44947e-08 2.45949e+04 5.20011e-17 +0.00000e+00
 8.03086e-08 2.44582e+04 6.51583e-17 +0.00000e+00
 1.00000e-07 2.42364e+04 8.19323e-17 +0.00000e+00
 1.24520e-07 2.38239e+04 1.03855e-16 +0.00000e+00
 1.55052e-07 2.28994e+04 1.34621e-16 +0.00000e+00
 1.93070e-07 2.08976e+04 1.83809e-16 +0.00000e+00
 2.40410e-07 1.94039e+04 2.46725e-16 +0.00000e+00
 2.99358e-07 1.87732e+04 3.18187e-16 +0.00000e+00
 3.72759e-07 1.84664e+04 4.05651e-16 +0.00000e+00
 4.64159e-07 1.83006e+04 5.16871e-16 +0.00000e+00
 5.77969e-07 1.81747e+04 6.54922e-16 +0.00000e+00
 7.19686e-07 1.80933e+04 8.26365e-16 +0.00000e+00
 8.96151e-07 1.80385e+04 1.04037e-15 +0.00000e+00
 1.11588e-06 1.80006e+04 1.30765e-15 +0.00000e+00
 1.38950e-06 1.79754e+04 1.64134e-15 +0.00000e+00
 1.73020e-06 1.79591e+04 2.05789e-15 +0.00000e+00
 2.15443e-06 1.79496e+04 2.57766e-15 +0.00000e+00
 2.68270e-06 1.79457e+04 3.22598e-15 +0.00000e+00
 3.34048e-06 1.79466e+04 4.03434e-15 +0.00000e+00
 4.15956e-06 1.79518e+04 5.04190e-15 +0.00000e+00
 5.17947e-06 1.79611e+04 6.29730e-15 +0.00000e+00
 6.44947e-06 1.79744e+04 7.86092e-15 +0.00000e+00
 8.03086e-06 1.79919e+04 9.80768e-15 +0.00000e+00
 1.00000e-05 1.80138e+04 1.22304e-14 +0.00000e+00
 1.24520e-05 1.80406e+04 1.52441e-14 +0.00000e+00
 1.55052e-05 1.80728e+04 1.89908e-14 +0.00000e+00
 1.93070e-05 1.81112e+04 2.36458e-14 +0.00000e+00
 2.40410e-05 1.81565e+04 2.94256e-14 +0.00000e+00
 2.99358e-05 1.82098e+04 3.65963e-14 +0.00000e+00
 3.72759e-05 1.82720e+04 4.54856e-14 +0.00000e+00
 4.64159e-05 1.83444e+04 5.64956e-14 +0.00000e+00
 5.77969e-05 1.84281e+04 7.01193e-14 +0.00000e+00
 7.19686e-05 1.85244e+04 8.69608e-14 +0.00000e+00
 8.96151e-05 1.86347e+04 1.07758e-13 +0.00000e+00
 1.11588e-04 1.87601e+04 1.33416e-13 +0.00000e+00
 1.38950e-04 1.89019e+04 1.65036e-13 +0.00000e+00
 1.73020e-04 1.90610e+04 2.03956e-13 +0.00000e+00
 2.15443e-04 1.92379e+04 2.51809e-13 +0.00000e+00
 2.68270e-04 1.94329e+04 3.10589e-13 +0.00000e+00
 3.34048e-04 1.96456e+04 3.82726e-13 +0.00000e+00
 4.15956e-04 1.98741e+04 4.71213e-13 +0.00000e+00
 5.17947e-04 2.01163e+04 5.79723e-13 +0.00000e+00
 6.44947e-04 2.03684e+04 7.12796e-13 +0.00000e+00
 8.03086e-04 2.06254e+04 8.76074e-13 +0.00000e+00
 1.00000e-03 2.08810e+04 1.07658e-12 +0.00000e+00
 1.24520e-03 2.11280e+04 1.32310e-12 -2.54233e-07
 1.55052e-03 2.13562e+04 1.62673e-12 -3.16570e-07
 1.93070e-03 2.15580e+04 2.00123e-12 -3.94191e-07
 2.40410e-03 2.17266e+04 2.46364e-12 -4.90846e-07
 2.99358e-03 2.18579e+04 3.03481e-12 -6.11201e-07
 3.72759e-03 2.19529e+04 3.73965e-12 -7.61065e-07
 4.64159e-03 2.20180e+04 4.60718e-12 -9.47676e-07
 5.77969e-03 2.20646e+04 5.67054e-12 -1.18004e-06
 7.19686e-03 2.21056e+04 6.96721e-12 -1.46938e-06
 8.96151e-03 2.21523e+04 8.53959e-12 -1.82967e-06
 1.11588e-02 2.22131e+04 1.04357e-11 -2.27831e-06
 1.38950e-02 2.22938e+04 1.27091e-11 -2.83693e-06
 1.73020e-02 2.23989e+04 1.54195e-11 -3.53255e-06
 2.15443e-02 2.25322e+04 1.86313e-11 -4.39872e-06
 2.68270e-02 2.26978e+04 2.24147e-11 -5.47727e-06
 3.34048e-02 2.28996e+04 2.68443e-11 -6.82029e-06
 4.15956e-02 2.31417e+04 3.20007e-11 -8.49260e-06
 5.17947e-02 2.34279e+04 3.79706e-11 -1.05749e-05
 6.44947e-02 2.37572e+04 4.48563e-11 -1.31679e-05
 8.03086e-02 2.41413e+04 5.27481e-11 -1.63966e-05
 1.00000e-01 2.45718e+04 6.17873e-11 -2.04170e-05
 1.24520e-01 2.50546e+04 7.21014e-11 -2.54233e-05
 1.55052e-01 2.55814e+04 8.38735e-11 -3.16570e-05
 1.93070e-01 2.61495e+04 9.72957e-11 -3.94191e-05
 2.40410e-01 2.67574e+04 1.12581e-10 -4.90846e-05
 2.99358e-01 2.74021e+04 1.29973e-10 -6.11201e-05
 3.72759e-01 2.80796e+04 1.49747e-10 -7.61065e-05
 4.64159e-01 2.87846e+04 1.72210e-10 -9.47676e-05
 5.77969e-01 2.95281e+04 1.97602e-10 -1.18004e-04
 7.19686e-01 3.03151e+04 2.26201e-10 -1.46938e-04
 8.96151e-01 3.11509e+04 2.58293e-10 -1.82967e-04
 1.11588e+00 3.20436e+04 2.94149e-10 -2.27844e-04
 1.38950e+00 3.30007e+04 3.34086e-10 -2.83693e-04
 1.73020e+00 3.40230e+04 3.78590e-10 -3.53257e-04
 2.15443e+00 3.51197e+04 4.28234e-10 -4.39874e-04
 2.68270e+00 3.62888e+04 4.83945e-10 -5.47731e-04
 3.34048e+00 3.75312e+04 5.46803e-10 -6.12511e-04
 4.15956e+00 3.88460e+04 6.18016e-10 -6.12513e-04
 5.17947e+00 4.02304e+04 6.98893e-10 -6.12511e-04
 6.44947e+00 4.16794e+04 7.90846e-10 -6.12511e-04
 8.03086e+00 4.31879e+04 8.95402e-10 -6.12511e-04
 1.00000e+01 4.47523e+04 1.01421e-09 -6.12511e-04
 1.24520e+01 4.63714e+04 1.14906e-09 -6.12511e-04
 1.55052e+01 4.80461e+04 1.30192e-09 -6.12511e-04
 1.93070e+01 4.97769e+04 1.47501e-09 -6.12511e-04
 2.40410e+01 5.15644e+04 1.67085e-09 -6.12511e-04
 2.99358e+01 5.34092e+04 1.89225e-09 -6.12511e-04
 3.72759e+01 5.53119e+04 2.14244e-09 -6.12511e-04
 4.64159e+01 5.72740e+04 2.42497e-09 -6.12511e-04
 5.77969e+01 5.92971e+04 2.74382e-09 -6.12511e-04
 7.19686e+01 6.13842e+04 3.10341e-09 -6.12511e-04
 8.96151e+01 6.35402e+04 3.50865e-09 -6.12511e-04
 1.11588e+02 6.57697e+04 3.96506e-09 -6.12511e-04
 1.38950e+02 6.80795e+04 4.47875e-09 -6.12511e-04
 1.73020e+02 7.04772e+04 5.05658e-09 -6.12511e-04
 2.15443e+02 7.29661e+04 5.70652e-09 -6.12511e-04
 2.68270e+02 7.55639e+04 6.43641e-09 -6.12511e-04
 3.34048e+02 7.82542e+04 7.25809e-09 -6.12509e-04
 4.15956e+02 8.10979e+04 8.17798e-09 -6.12503e-04
 5.17947e+02 8.40018e+04 9.21786e-09 -6.12484e-04
 6.44947e+02 8.71419e+04 1.03749e-08 -6.12423e-04
 8.03086e+02 9.02818e+04 1.16912e-08 -6.12217e-04
 1.00000e+03 9.37796e+04 1.31421e-08 -6.11624e-04
