#n1=128 n2=4 Teff=31000 R=3.4814e+11 L=7.9729e+37 logg=+4.50
#   tau          T          rho         Fconv
 0.00000e+00 1.31772e+04 5.46915e-22 +0.00000e+00
 1.00000e-09 1.31772e+04 5.45134e-17 +0.00000e+00
 1.24520e-09 1.31778e+04 6.80392e-17 +0.00000e+00
 1.55052e-09 1.31784e+04 8.48957e-17 +0.00000e+00
 1.93070e-09 1.31791e+04 1.05898e-16 +0.00000e+00
 2.40410e-09 1.31800e+04 1.32063e-16 +0.00000e+00
 2.99358e-09 1.31815e+04 1.64651e-16 +0.00000e+00
 3.72759e-09 1.31836e+04 2.05234e-16 +0.00000e+00
 4.64159e-09 1.31867e+04 2.55759e-16 +0.00000e+00
 5.77969e-09 1.31913e+04 3.18644e-16 +0.00000e+00
 7.19686e-09 1.31977e+04 3.96891e-16 +0.00000e+00
 8.96151e-09 1.32066e+04 4.94214e-16 +0.00000e+00
 1.11588e-08 1.32182e+04 6.15217e-16 +0.00000e+00
 1.38950e-08 1.32333e+04 7.65596e-16 +0.00000e+00
 1.73020e-08 1.32521e+04 9.52395e-16 +0.00000e+00
 2.15443e-08 1.32753e+04 1.18432e-15 +0.00000e+00
 2.68270e-08 1.33031e+04 1.47214e-15 +0.00000e+00
 3.34048e-08 1.33362e+04 1.82913e-15 +0.00000e+00
 4.15956e-08 1.33748e+04 2.27166e-15 +0.00000e+00
 5.17947e-08 1.34194e+04 2.81993e-15 +0.00000e+00
 6.44947e-08 1.34704e+04 3.49878e-15 +0.00000e+00
 8.03086e-08 1.35285e+04 4.33877e-15 +0.00000e+00
 1.00000e-07 1.35940e+04 5.37746e-15 +0.00000e+00
 1.24520e-07 1.36676e+04 6.66090e-15 +0.00000e+00
 1.55052e-07 1.37498e+04 8.24563e-15 +0.00000e+00
 1.93070e-07 1.38411e+04 1.02009e-14 +0.00000e+00
 2.40410e-07 1.39420e+04 1.26115e-14 +0.00000e+00
 2.99358e-07 1.40527e+04 1.55814e-14 +0.00000e+00
 3.72759e-07 1.41733e+04 1.92382e-14 +0.00000e+00
 4.64159e-07 1.43036e+04 2.37387e-14 +0.00000e+00
 5.77969e-07 1.44425e+04 2.92764e-14 +0.00000e+00
 7.19686e-07 1.45877e+04 3.60931e-14 +0.00000e+00
 8.96151e-07 1.47391e+04 4.44820e-14 +0.00000e+00
 1.11588e-06 1.48931e+04 5.48158e-14 +0.00000e+00
 1.38950e-06 1.50468e+04 6.75570e-14 +0.00000e+00
 1.73020e-06 1.51984e+04 8.32780e-14 +0.00000e+00
 2.15443e-06 1.53478e+04 1.02679e-13 +0.00000e+00
 2.68270e-06 1.54969e+04 1.26609e-13 +0.00000e+00
 3.34048e-06 1.56493e+04 1.56091e-13 +0.00000e+00
 4.15956e-06 1.58085e+04 1.92361e-13 +0.00000e+00
 5.17947e-06 1.59768e+04 2.36931e-13 +0.00000e+00
 6.44947e-06 1.61546e+04 2.91662e-13 +0.00000e+00
 8.03086e-06 1.63411e+04 3.58853e-13 +0.00000e+00
 1.00000e-05 1.65336e+04 4.41357e-13 +0.00000e+00
 1.24520e-05 1.67333e+04 5.42586e-13 +0.00000e+00
 1.55052e-05 1.69380e+04 6.66801e-13 +0.00000e+00
 1.93070e-05 1.71472e+04 8.19151e-13 +0.00000e+00
 2.40410e-05 1.73606e+04 1.00591e-12 +0.00000e+00
 2.99358e-05 1.75782e+04 1.23469e-12 +0.00000e+00
 3.72759e-05 1.78004e+04 1.51463e-12 +0.00000e+00
 4.64159e-05 1.80268e+04 1.85681e-12 +0.00000e+00
 5.77969e-05 1.82558e+04 2.27467e-12 +0.00000e+00
 7.19686e-05 1.84847e+04 2.78448e-12 +0.00000e+00
 8.96151e-05 1.87098e+04 3.40591e-12 +0.00000e+00
 1.11588e-04 1.89269e+04 4.16254e-12 +0.00000e+00
 1.38950e-04 1.91325e+04 5.08219e-12 +0.00000e+00
 1.73020e-04 1.93243e+04 6.19723e-12 +0.00000e+00
 2.15443e-04 1.95014e+04 7.54474e-12 +0.00000e+00
 2.68270e-04 1.96640e+04 9.16681e-12 +0.00000e+00
 3.34048e-04 1.98131e+04 1.11110e-11 +0.00000e+00
 4.15956e-04 1.99493e+04 1.34309e-11 +0.00000e+00
 5.17947e-04 2.00735e+04 1.61873e-11 +0.00000e+00
 6.44947e-04 2.01860e+04 1.94487e-11 +0.00000e+00
 8.03086e-04 2.02867e+04 2.32938e-11 +0.00000e+00
 1.00000e-03 2.03763e+04 2.78072e-11 +0.00000e+00
 1.24520e-03 2.04557e+04 3.30816e-11 -2.54645e-07
 1.55052e-03 2.05260e+04 3.92174e-11 -3.17083e-07
 1.93070e-03 2.05886e+04 4.63238e-11 -3.94830e-07
 2.40410e-03 2.06452e+04 5.45139e-11 -4.91642e-07
 2.99358e-03 2.06976e+04 6.39098e-11 -6.12192e-07
 3.72759e-03 2.07491e+04 7.46395e-11 -7.62299e-07
 4.64159e-03 2.08026e+04 8.68427e-11 -9.49213e-07
 5.77969e-03 2.08620e+04 1.00666e-10 -1.18196e-06
 7.19686e-03 2.09304e+04 1.16272e-10 -1.47177e-06
 8.96151e-03 2.10116e+04 1.33839e-10 -1.83264e-06
 1.11588e-02 2.11081e+04 1.53572e-10 -2.28201e-06
 1.38950e-02 2.12233e+04 1.75695e-10 -2.84153e-06
 1.73020e-02 2.13598e+04 2.00461e-10 -3.53828e-06
 2.15443e-02 2.15218e+04 2.28147e-10 -4.40586e-06
 2.68270e-02 2.17109e+04 2.59089e-10 -5.48615e-06
 3.34048e-02 2.19348e+04 2.93602e-10 -6.83135e-06
 4.15956e-02 2.21969e+04 3.32101e-10 -8.50637e-06
 5.17947e-02 2.24998e+04 3.75071e-10 -1.05921e-05
 6.44947e-02 2.28471e+04 4.23054e-10 -1.31893e-05
 8.03086e-02 2.32433e+04 4.76654e-10 -1.64232e-05
 1.00000e-01 2.36898e+04 5.36636e-10 -2.04501e-05
 1.24520e-01 2.41692e+04 6.04258e-10 -2.54645e-05
 1.55052e-01 2.46742e+04 6.80659e-10 -3.17083e-05
 1.93070e-01 2.52112e+04 7.66781e-10 -3.94830e-05
 2.40410e-01 2.57939e+04 8.63492e-10 -4.91642e-05
 2.99358e-01 2.64288e+04 9.72054e-10 -6.12192e-05
 3.72759e-01 2.71060e+04 1.09442e-09 -7.62299e-05
 4.64159e-01 2.78297e+04 1.23225e-09 -9.49213e-05
 5.77969e-01 2.86031e+04 1.38743e-09 -1.18196e-04
 7.19686e-01 2.94258e+04 1.56228e-09 -1.47177e-04
 8.96151e-01 3.02954e+04 1.75938e-09 -1.83264e-04
 1.11588e+00 3.12147e+04 1.98131e-09 -2.28201e-04
 1.38950e+00 3.21894e+04 2.23063e-09 -2.84153e-04
 1.73020e+00 3.32231e+04 2.51015e-09 -3.53828e-04
 2.15443e+00 3.43198e+04 2.82265e-09 -4.40586e-04
 2.68270e+00 3.54806e+04 3.17109e-09 -5.48615e-04
 3.34048e+00 3.67039e+04 3.55885e-09 -6.13504e-04
 4.15956e+00 3.79860e+04 3.99042e-09 -6.13504e-04
 5.17947e+00 3.93247e+04 4.47185e-09 -6.13504e-04
 6.44947e+00 4.07199e+04 5.01129e-09 -6.13504e-04
 8.03086e+00 4.21718e+04 5.61865e-09 -6.13504e-04
 1.00000e+01 4.36814e+04 6.30482e-09 -6.13504e-04
 1.24520e+01 4.52481e+04 7.08083e-09 -6.13504e-04
 1.55052e+01 4.68720e+04 7.95914e-09 -6.13504e-04
 1.93070e+01 4.85507e+04 8.95361e-09 -6.13504e-04
 2.40410e+01 5.02810e+04 1.00778e-08 -6.13504e-04
 2.99358e+01 5.20578e+04 1.13494e-08 -6.13504e-04
 3.72759e+01 5.38775e+04 1.27853e-08 -6.13504e-04
 4.64159e+01 5.57374e+04 1.44075e-08 -6.13504e-04
 5.77969e+01 5.76353e+04 1.62364e-08 -6.13504e-04
 7.19686e+01 5.95704e+04 1.82996e-08 -6.13504e-04
 8.96151e+01 6.15435e+04 2.06217e-08 -6.13500e-04
 1.11588e+02 6.35568e+04 2.32369e-08 -6.13489e-04
 1.38950e+02 6.56145e+04 2.61750e-08 -6.13447e-04
 1.73020e+02 6.77224e+04 2.94785e-08 -6.13292e-04
 2.15443e+02 6.98843e+04 3.31854e-08 -6.12729e-04
 2.68270e+02 7.21142e+04 3.73458e-08 -6.10708e-04
 3.34048e+02 7.44051e+04 4.20129e-08 -6.03496e-04
 4.15956e+02 7.68028e+04 4.72348e-08 -5.78920e-04
 5.17947e+02 7.92342e+04 5.31192e-08 -4.94619e-04
 6.44947e+02 8.18809e+04 5.96326e-08 -2.42939e-04
 8.03086e+02 8.44443e+04 6.70695e-08 +5.43157e-04
 1.00000e+03 8.74225e+04 7.51527e-08 +2.27152e-03
