#n1=128 n2=4 Teff=32000 R=4.2512e+12 L=1.3502e+40 logg=+2.50
#   tau          T          rho         Fconv
 0.00000e+00 2.65569e+04 2.70779e-22 +0.00000e+00
 1.00000e-09 2.65569e+04 2.22142e-19 +0.00000e+00
 1.24520e-09 2.64304e+04 2.78221e-19 +0.00000e+00
 1.55052e-09 2.62722e+04 3.48899e-19 +0.00000e+00
 1.93070e-09 2.59448e+04 4.40419e-19 +0.00000e+00
 2.40410e-09 2.46121e+04 5.78760e-19 +0.00000e+00
 2.99358e-09 2.28859e+04 7.75911e-19 +0.00000e+00
 3.72759e-09 2.24020e+04 9.88152e-19 +0.00000e+00
 4.64159e-09 2.22118e+04 1.24238e-18 +0.00000e+00
 5.77969e-09 2.21014e+04 1.55645e-18 +0.00000e+00
 7.19686e-09 2.20192e+04 1.94746e-18 +0.00000e+00
 8.96151e-09 2.19456e+04 2.43575e-18 +0.00000e+00
 1.11588e-08 2.18647e+04 3.04751e-18 +0.00000e+00
 1.38950e-08 2.17648e+04 3.81625e-18 +0.00000e+00
 1.73020e-08 2.16479e+04 4.78273e-18 +0.00000e+00
 2.15443e-08 2.15396e+04 5.99173e-18 +0.00000e+00
 2.68270e-08 2.14190e+04 7.51080e-18 +0.00000e+00
 3.34048e-08 2.13213e+04 9.40513e-18 +0.00000e+00
 4.15956e-08 2.12334e+04 1.17720e-17 +0.00000e+00
 5.17947e-08 2.11374e+04 1.47403e-17 +0.00000e+00
 6.44947e-08 2.10285e+04 1.84687e-17 +0.00000e+00
 8.03086e-08 2.09065e+04 2.31551e-17 +0.00000e+00
 1.00000e-07 2.07593e+04 2.90669e-17 +0.00000e+00
 1.24520e-07 2.05840e+04 3.65394e-17 +0.00000e+00
 1.55052e-07 2.03783e+04 4.60045e-17 +0.00000e+00
 1.93070e-07 2.01467e+04 5.80016e-17 +0.00000e+00
 2.40410e-07 1.99038e+04 7.31787e-17 +0.00000e+00
 2.99358e-07 1.96682e+04 9.23062e-17 +0.00000e+00
 3.72759e-07 1.94601e+04 1.16286e-16 +0.00000e+00
 4.64159e-07 1.92896e+04 1.46228e-16 +0.00000e+00
 5.77969e-07 1.91580e+04 1.83522e-16 +0.00000e+00
 7.19686e-07 1.90612e+04 2.29922e-16 +0.00000e+00
 8.96151e-07 1.89944e+04 2.87611e-16 +0.00000e+00
 1.11588e-06 1.89537e+04 3.59298e-16 +0.00000e+00
 1.38950e-06 1.89362e+04 4.48328e-16 +0.00000e+00
 1.73020e-06 1.89545e+04 5.58382e-16 +0.00000e+00
 2.15443e-06 1.89752e+04 6.95432e-16 +0.00000e+00
 2.68270e-06 1.90240e+04 8.64944e-16 +0.00000e+00
 3.34048e-06 1.90821e+04 1.07540e-15 +0.00000e+00
 4.15956e-06 1.91632e+04 1.33569e-15 +0.00000e+00
 5.17947e-06 1.92575e+04 1.65812e-15 +0.00000e+00
 6.44947e-06 1.93706e+04 2.05660e-15 +0.00000e+00
 8.03086e-06 1.94976e+04 2.54926e-15 +0.00000e+00
 1.00000e-05 1.96397e+04 3.15781e-15 +0.00000e+00
 1.24520e-05 1.97939e+04 3.90954e-15 +0.00000e+00
 1.55052e-05 1.99596e+04 4.83780e-15 +0.00000e+00
 1.93070e-05 2.01347e+04 5.98399e-15 +0.00000e+00
 2.40410e-05 2.03178e+04 7.39926e-15 +0.00000e+00
 2.99358e-05 2.05073e+04 9.14699e-15 +0.00000e+00
 3.72759e-05 2.07016e+04 1.13058e-14 +0.00000e+00
 4.64159e-05 2.08994e+04 1.39731e-14 +0.00000e+00
 5.77969e-05 2.10993e+04 1.72700e-14 +0.00000e+00
 7.19686e-05 2.12999e+04 2.13472e-14 +0.00000e+00
 8.96151e-05 2.15001e+04 2.63918e-14 +0.00000e+00
 1.11588e-04 2.16996e+04 3.26350e-14 +0.00000e+00
 1.38950e-04 2.18972e+04 4.03654e-14 +0.00000e+00
 1.73020e-04 2.20924e+04 4.99404e-14 +0.00000e+00
 2.15443e-04 2.22849e+04 6.18036e-14 +0.00000e+00
 2.68270e-04 2.24750e+04 7.65052e-14 +0.00000e+00
 3.34048e-04 2.26633e+04 9.47265e-14 +0.00000e+00
 4.15956e-04 2.28506e+04 1.17319e-13 +0.00000e+00
 5.17947e-04 2.30375e+04 1.45339e-13 +0.00000e+00
 6.44947e-04 2.32237e+04 1.80097e-13 +0.00000e+00
 8.03086e-04 2.34082e+04 2.23230e-13 +0.00000e+00
 1.00000e-03 2.35889e+04 2.76784e-13 +0.00000e+00
 1.24520e-03 2.37632e+04 3.43320e-13 -2.54578e-07
 1.55052e-03 2.39297e+04 4.26018e-13 -3.17000e-07
 1.93070e-03 2.40808e+04 5.28973e-13 -3.94728e-07
 2.40410e-03 2.42165e+04 6.57181e-13 -4.91514e-07
 2.99358e-03 2.43357e+04 8.16889e-13 -6.12032e-07
 3.72759e-03 2.44413e+04 1.01571e-12 -7.62100e-07
 4.64159e-03 2.45352e+04 1.26304e-12 -9.48964e-07
 5.77969e-03 2.46248e+04 1.57002e-12 -1.18165e-06
 7.19686e-03 2.47164e+04 1.95006e-12 -1.47138e-06
 8.96151e-03 2.48167e+04 2.41908e-12 -1.83216e-06
 1.11588e-02 2.49306e+04 2.99607e-12 -2.28141e-06
 1.38950e-02 2.50628e+04 3.70340e-12 -2.84081e-06
 1.73020e-02 2.52170e+04 4.56752e-12 -3.53735e-06
 2.15443e-02 2.53980e+04 5.61903e-12 -4.40469e-06
 2.68270e-02 2.56077e+04 6.89405e-12 -5.48473e-06
 3.34048e-02 2.58541e+04 8.43228e-12 -6.82957e-06
 4.15956e-02 2.61402e+04 1.02799e-11 -8.50415e-06
 5.17947e-02 2.64686e+04 1.24890e-11 -1.05893e-05
 6.44947e-02 2.68419e+04 1.51181e-11 -1.31858e-05
 8.03086e-02 2.72637e+04 1.82307e-11 -1.64189e-05
 1.00000e-01 2.77338e+04 2.18997e-11 -2.04448e-05
 1.24520e-01 2.82311e+04 2.62251e-11 -2.54578e-05
 1.55052e-01 2.87473e+04 3.13129e-11 -3.17000e-05
 1.93070e-01 2.92889e+04 3.72650e-11 -3.94728e-05
 2.40410e-01 2.98707e+04 4.41766e-11 -4.91514e-05
 2.99358e-01 3.04994e+04 5.21579e-11 -6.12032e-05
 3.72759e-01 3.11667e+04 6.13583e-11 -7.62100e-05
 4.64159e-01 3.18778e+04 7.19229e-11 -9.48964e-05
 5.77969e-01 3.26384e+04 8.40156e-11 -1.18165e-04
 7.19686e-01 3.34505e+04 9.78384e-11 -1.47138e-04
 8.96151e-01 3.43156e+04 1.13630e-10 -1.83216e-04
 1.11588e+00 3.52392e+04 1.31652e-10 -2.28141e-04
 1.38950e+00 3.62313e+04 1.52181e-10 -2.84081e-04
 1.73020e+00 3.72946e+04 1.75562e-10 -3.53735e-04
 2.15443e+00 3.84368e+04 2.02154e-10 -4.40469e-04
 2.68270e+00 3.96616e+04 2.32383e-10 -5.48473e-04
 3.34048e+00 4.09707e+04 2.66736e-10 -6.13344e-04
 4.15956e+00 4.23650e+04 3.05767e-10 -6.13344e-04
 5.17947e+00 4.38474e+04 3.50089e-10 -6.13344e-04
 6.44947e+00 4.54202e+04 4.00396e-10 -6.13344e-04
 8.03086e+00 4.70840e+04 4.57490e-10 -6.13346e-04
 1.00000e+01 4.88393e+04 5.22277e-10 -6.13347e-04
 1.24520e+01 5.06819e+04 5.95826e-10 -6.13346e-04
 1.55052e+01 5.26074e+04 6.79345e-10 -6.13344e-04
 1.93070e+01 5.46107e+04 7.74209e-10 -6.13344e-04
 2.40410e+01 5.66888e+04 8.81932e-10 -6.13344e-04
 2.99358e+01 5.88418e+04 1.00417e-09 -6.13344e-04
 3.72759e+01 6.10727e+04 1.14273e-09 -6.13344e-04
 4.64159e+01 6.33868e+04 1.29962e-09 -6.13344e-04
 5.77969e+01 6.57899e+04 1.47709e-09 -6.13344e-04
 7.19686e+01 6.82891e+04 1.67766e-09 -6.13344e-04
 8.96151e+01 7.08919e+04 1.90416e-09 -6.13344e-04
 1.11588e+02 7.36058e+04 2.15978e-09 -6.13344e-04
 1.38950e+02 7.64378e+04 2.44814e-09 -6.13344e-04
 1.73020e+02 7.93964e+04 2.77328e-09 -6.13344e-04
 2.15443e+02 8.24837e+04 3.13998e-09 -6.13344e-04
 2.68270e+02 8.57167e+04 3.55307e-09 -6.13344e-04
 3.34048e+02 8.90758e+04 4.01940e-09 -6.13344e-04
 4.15956e+02 9.26132e+04 4.54378e-09 -6.13344e-04
 5.17947e+02 9.62470e+04 5.13746e-09 -6.13344e-04
 6.44947e+02 1.00118e+05 5.80257e-09 -6.13344e-04
 8.03086e+02 1.04002e+05 6.56012e-09 -6.13342e-04
 1.00000e+03 1.08296e+05 7.39848e-09 -6.13339e-04
