#n1=128 n2=4 Teff=33000 R=2.4650e+12 L=5.1352e+39 logg=+3.00
#   tau          T          rho         Fconv
 0.00000e+00 2.16160e+04 3.33352e-22 +0.00000e+00
 1.00000e-09 2.16160e+04 9.12748e-19 +0.00000e+00
 1.24520e-09 2.15473e+04 1.14072e-18 +0.00000e+00
 1.55052e-09 2.02695e+04 1.51072e-18 +0.00000e+00
 1.93070e-09 1.97963e+04 1.92707e-18 +0.00000e+00
 2.40410e-09 1.89932e+04 2.50230e-18 +0.00000e+00
 2.99358e-09 1.79404e+04 3.30044e-18 +0.00000e+00
 3.72759e-09 1.72391e+04 4.27919e-18 +0.00000e+00
 4.64159e-09 1.68627e+04 5.45025e-18 +0.00000e+00
 5.77969e-09 1.66444e+04 6.87921e-18 +0.00000e+00
 7.19686e-09 1.65059e+04 8.64230e-18 +0.00000e+00
 8.96151e-09 1.64135e+04 1.08276e-17 +0.00000e+00
 1.11588e-08 1.63511e+04 1.35410e-17 +0.00000e+00
 1.38950e-08 1.63101e+04 1.69124e-17 +0.00000e+00
 1.73020e-08 1.62857e+04 2.11021e-17 +0.00000e+00
 2.15443e-08 1.62751e+04 2.63079e-17 +0.00000e+00
 2.68270e-08 1.62767e+04 3.27741e-17 +0.00000e+00
 3.34048e-08 1.62895e+04 4.08022e-17 +0.00000e+00
 4.15956e-08 1.63289e+04 5.07143e-17 +0.00000e+00
 5.17947e-08 1.63700e+04 6.30314e-17 +0.00000e+00
 6.44947e-08 1.64177e+04 7.83107e-17 +0.00000e+00
 8.03086e-08 1.64753e+04 9.72397e-17 +0.00000e+00
 1.00000e-07 1.65441e+04 1.20667e-16 +0.00000e+00
 1.24520e-07 1.66262e+04 1.49628e-16 +0.00000e+00
 1.55052e-07 1.67218e+04 1.85405e-16 +0.00000e+00
 1.93070e-07 1.68317e+04 2.29566e-16 +0.00000e+00
 2.40410e-07 1.69549e+04 2.84062e-16 +0.00000e+00
 2.99358e-07 1.70916e+04 3.51278e-16 +0.00000e+00
 3.72759e-07 1.72411e+04 4.34173e-16 +0.00000e+00
 4.64159e-07 1.74021e+04 5.36412e-16 +0.00000e+00
 5.77969e-07 1.75732e+04 6.62557e-16 +0.00000e+00
 7.19686e-07 1.77521e+04 8.18310e-16 +0.00000e+00
 8.96151e-07 1.79369e+04 1.01076e-15 +0.00000e+00
 1.11588e-06 1.81249e+04 1.24877e-15 +0.00000e+00
 1.38950e-06 1.83142e+04 1.54327e-15 +0.00000e+00
 1.73020e-06 1.85032e+04 1.90785e-15 +0.00000e+00
 2.15443e-06 1.86903e+04 2.35929e-15 +0.00000e+00
 2.68270e-06 1.88748e+04 2.91840e-15 +0.00000e+00
 3.34048e-06 1.90566e+04 3.61105e-15 +0.00000e+00
 4.15956e-06 1.92361e+04 4.46904e-15 +0.00000e+00
 5.17947e-06 1.94150e+04 5.53152e-15 +0.00000e+00
 6.44947e-06 1.95952e+04 6.84654e-15 +0.00000e+00
 8.03086e-06 1.97793e+04 8.47306e-15 +0.00000e+00
 1.00000e-05 1.99697e+04 1.04835e-14 +0.00000e+00
 1.24520e-05 2.01684e+04 1.29669e-14 +0.00000e+00
 1.55052e-05 2.03771e+04 1.60333e-14 +0.00000e+00
 1.93070e-05 2.05963e+04 1.98183e-14 +0.00000e+00
 2.40410e-05 2.08262e+04 2.44898e-14 +0.00000e+00
 2.99358e-05 2.10658e+04 3.02548e-14 +0.00000e+00
 3.72759e-05 2.13138e+04 3.73693e-14 +0.00000e+00
 4.64159e-05 2.15682e+04 4.61490e-14 +0.00000e+00
 5.77969e-05 2.18268e+04 5.69833e-14 +0.00000e+00
 7.19686e-05 2.20878e+04 7.03537e-14 +0.00000e+00
 8.96151e-05 2.23494e+04 8.68552e-14 +0.00000e+00
 1.11588e-04 2.26105e+04 1.07223e-13 +0.00000e+00
 1.38950e-04 2.28704e+04 1.32365e-13 +0.00000e+00
 1.73020e-04 2.31282e+04 1.63410e-13 +0.00000e+00
 2.15443e-04 2.33825e+04 2.01752e-13 +0.00000e+00
 2.68270e-04 2.36317e+04 2.49127e-13 +0.00000e+00
 3.34048e-04 2.38737e+04 3.07700e-13 +0.00000e+00
 4.15956e-04 2.41059e+04 3.80171e-13 +0.00000e+00
 5.17947e-04 2.43257e+04 4.69917e-13 +0.00000e+00
 6.44947e-04 2.45308e+04 5.81144e-13 +0.00000e+00
 8.03086e-04 2.47199e+04 7.19079e-13 +0.00000e+00
 1.00000e-03 2.48920e+04 8.90214e-13 +0.00000e+00
 1.24520e-03 2.50466e+04 1.10259e-12 -2.54524e-07
 1.55052e-03 2.51836e+04 1.36615e-12 -3.16933e-07
 1.93070e-03 2.53034e+04 1.69311e-12 -3.94644e-07
 2.40410e-03 2.54076e+04 2.09835e-12 -4.91409e-07
 2.99358e-03 2.54986e+04 2.59991e-12 -6.11900e-07
 3.72759e-03 2.55804e+04 3.21934e-12 -7.61937e-07
 4.64159e-03 2.56567e+04 3.98246e-12 -9.48762e-07
 5.77969e-03 2.57319e+04 4.91976e-12 -1.18139e-06
 7.19686e-03 2.58099e+04 6.06726e-12 -1.47107e-06
 8.96151e-03 2.58954e+04 7.46688e-12 -1.83178e-06
 1.11588e-02 2.59925e+04 9.16743e-12 -2.28091e-06
 1.38950e-02 2.61062e+04 1.12246e-11 -2.84019e-06
 1.73020e-02 2.62411e+04 1.37013e-11 -3.53660e-06
 2.15443e-02 2.64030e+04 1.66672e-11 -4.40375e-06
 2.68270e-02 2.65974e+04 2.01979e-11 -5.48355e-06
 3.34048e-02 2.68288e+04 2.43767e-11 -6.82810e-06
 4.15956e-02 2.71032e+04 2.92910e-11 -8.50233e-06
 5.17947e-02 2.74242e+04 3.50368e-11 -1.05871e-05
 6.44947e-02 2.77951e+04 4.17163e-11 -1.31830e-05
 8.03086e-02 2.82209e+04 4.94360e-11 -1.64154e-05
 1.00000e-01 2.87025e+04 5.83165e-11 -2.04405e-05
 1.24520e-01 2.92129e+04 6.85513e-11 -2.54524e-05
 1.55052e-01 2.97534e+04 8.02987e-11 -3.16933e-05
 1.93070e-01 3.03234e+04 9.37350e-11 -3.94644e-05
 2.40410e-01 3.09359e+04 1.09005e-10 -4.91409e-05
 2.99358e-01 3.15935e+04 1.26298e-10 -6.11900e-05
 3.72759e-01 3.22809e+04 1.45910e-10 -7.61937e-05
 4.64159e-01 3.30020e+04 1.68098e-10 -9.48762e-05
 5.77969e-01 3.37633e+04 1.93144e-10 -1.18139e-04
 7.19686e-01 3.45702e+04 2.21391e-10 -1.47107e-04
 8.96151e-01 3.54272e+04 2.53252e-10 -1.83178e-04
 1.11588e+00 3.63413e+04 2.89188e-10 -2.28091e-04
 1.38950e+00 3.73206e+04 3.29720e-10 -2.84019e-04
 1.73020e+00 3.83684e+04 3.75480e-10 -3.53660e-04
 2.15443e+00 3.94888e+04 4.27165e-10 -4.40375e-04
 2.68270e+00 4.06849e+04 4.85562e-10 -5.48355e-04
 3.34048e+00 4.19603e+04 5.51545e-10 -6.13213e-04
 4.15956e+00 4.33178e+04 6.26095e-10 -6.13213e-04
 5.17947e+00 4.47616e+04 7.10303e-10 -6.13215e-04
 6.44947e+00 4.62936e+04 8.05427e-10 -6.13217e-04
 8.03086e+00 4.79148e+04 9.12899e-10 -6.13215e-04
 1.00000e+01 4.96244e+04 1.03436e-09 -6.13213e-04
 1.24520e+01 5.14183e+04 1.17173e-09 -6.13213e-04
 1.55052e+01 5.32904e+04 1.32718e-09 -6.13215e-04
 1.93070e+01 5.52318e+04 1.50325e-09 -6.13213e-04
 2.40410e+01 5.72362e+04 1.70268e-09 -6.13213e-04
 2.99358e+01 5.92995e+04 1.92846e-09 -6.13213e-04
 3.72759e+01 6.14217e+04 2.18385e-09 -6.13213e-04
 4.64159e+01 6.36050e+04 2.47241e-09 -6.13213e-04
 5.77969e+01 6.58542e+04 2.79810e-09 -6.13213e-04
 7.19686e+01 6.81754e+04 3.16532e-09 -6.13213e-04
 8.96151e+01 7.05762e+04 3.57895e-09 -6.13213e-04
 1.11588e+02 7.30648e+04 4.04450e-09 -6.13213e-04
 1.38950e+02 7.56506e+04 4.56812e-09 -6.13213e-04
 1.73020e+02 7.83449e+04 5.15666e-09 -6.13213e-04
 2.15443e+02 8.11543e+04 5.81811e-09 -6.13213e-04
 2.68270e+02 8.40948e+04 6.56075e-09 -6.13213e-04
 3.34048e+02 8.71549e+04 7.39618e-09 -6.13213e-04
 4.15956e+02 9.03764e+04 8.33299e-09 -6.13212e-04
 5.17947e+02 9.36830e+04 9.39100e-09 -6.13207e-04
 6.44947e+02 9.72177e+04 1.05722e-08 -6.13194e-04
 8.03086e+02 1.00759e+05 1.19147e-08 -6.13149e-04
 1.00000e+03 1.04661e+05 1.33994e-08 -6.13017e-04
