#n1=128 n2=4 Teff=33000 R=3.7058e+11 L=1.1600e+38 logg=+4.50
#   tau          T          rho         Fconv
 0.00000e+00 2.37744e+04 3.02470e-22 +0.00000e+00
 1.00000e-09 2.37744e+04 2.74823e-17 +0.00000e+00
 1.24520e-09 2.37772e+04 3.42460e-17 +0.00000e+00
 1.55052e-09 1.50003e+04 6.90026e-17 +0.00000e+00
 1.93070e-09 1.49994e+04 8.62371e-17 +0.00000e+00
 2.40410e-09 1.49991e+04 1.07815e-16 +0.00000e+00
 2.99358e-09 1.49993e+04 1.34830e-16 +0.00000e+00
 3.72759e-09 1.50000e+04 1.68645e-16 +0.00000e+00
 4.64159e-09 1.50011e+04 2.10963e-16 +0.00000e+00
 5.77969e-09 1.50027e+04 2.63901e-16 +0.00000e+00
 7.19686e-09 1.50048e+04 3.30102e-16 +0.00000e+00
 8.96151e-09 1.50075e+04 4.12857e-16 +0.00000e+00
 1.11588e-08 1.50108e+04 5.16271e-16 +0.00000e+00
 1.38950e-08 1.50148e+04 6.45455e-16 +0.00000e+00
 1.73020e-08 1.50196e+04 8.06774e-16 +0.00000e+00
 2.15443e-08 1.50253e+04 1.00814e-15 +0.00000e+00
 2.68270e-08 1.50321e+04 1.25940e-15 +0.00000e+00
 3.34048e-08 1.50400e+04 1.57277e-15 +0.00000e+00
 4.15956e-08 1.50492e+04 1.96341e-15 +0.00000e+00
 5.17947e-08 1.50600e+04 2.45017e-15 +0.00000e+00
 6.44947e-08 1.50726e+04 3.05644e-15 +0.00000e+00
 8.03086e-08 1.50874e+04 3.81124e-15 +0.00000e+00
 1.00000e-07 1.51048e+04 4.75051e-15 +0.00000e+00
 1.24520e-07 1.51252e+04 5.91877e-15 +0.00000e+00
 1.55052e-07 1.51493e+04 7.37106e-15 +0.00000e+00
 1.93070e-07 1.51776e+04 9.17539e-15 +0.00000e+00
 2.40410e-07 1.52107e+04 1.14157e-14 +0.00000e+00
 2.99358e-07 1.52496e+04 1.41954e-14 +0.00000e+00
 3.72759e-07 1.52949e+04 1.76420e-14 +0.00000e+00
 4.64159e-07 1.53476e+04 2.19120e-14 +0.00000e+00
 5.77969e-07 1.54084e+04 2.71980e-14 +0.00000e+00
 7.19686e-07 1.54784e+04 3.37360e-14 +0.00000e+00
 8.96151e-07 1.55583e+04 4.18155e-14 +0.00000e+00
 1.11588e-06 1.56490e+04 5.17903e-14 +0.00000e+00
 1.38950e-06 1.57514e+04 6.40937e-14 +0.00000e+00
 1.73020e-06 1.58663e+04 7.92545e-14 +0.00000e+00
 2.15443e-06 1.59941e+04 9.79198e-14 +0.00000e+00
 2.68270e-06 1.61355e+04 1.20877e-13 +0.00000e+00
 3.34048e-06 1.62906e+04 1.49091e-13 +0.00000e+00
 4.15956e-06 1.64587e+04 1.83746e-13 +0.00000e+00
 5.17947e-06 1.66391e+04 2.26294e-13 +0.00000e+00
 6.44947e-06 1.68299e+04 2.78525e-13 +0.00000e+00
 8.03086e-06 1.70288e+04 3.42654e-13 +0.00000e+00
 1.00000e-05 1.72331e+04 4.21419e-13 +0.00000e+00
 1.24520e-05 1.74400e+04 5.18206e-13 +0.00000e+00
 1.55052e-05 1.76473e+04 6.37179e-13 +0.00000e+00
 1.93070e-05 1.78543e+04 7.83416e-13 +0.00000e+00
 2.40410e-05 1.80617e+04 9.63054e-13 +0.00000e+00
 2.99358e-05 1.82718e+04 1.18347e-12 +0.00000e+00
 3.72759e-05 1.84872e+04 1.45351e-12 +0.00000e+00
 4.64159e-05 1.87096e+04 1.78384e-12 +0.00000e+00
 5.77969e-05 1.89391e+04 2.18738e-12 +0.00000e+00
 7.19686e-05 1.91749e+04 2.67965e-12 +0.00000e+00
 8.96151e-05 1.94146e+04 3.27947e-12 +0.00000e+00
 1.11588e-04 1.96558e+04 4.00921e-12 +0.00000e+00
 1.38950e-04 1.98962e+04 4.89533e-12 +0.00000e+00
 1.73020e-04 2.01333e+04 5.96881e-12 +0.00000e+00
 2.15443e-04 2.03648e+04 7.26575e-12 +0.00000e+00
 2.68270e-04 2.05877e+04 8.82794e-12 +0.00000e+00
 3.34048e-04 2.07991e+04 1.07035e-11 +0.00000e+00
 4.15956e-04 2.09971e+04 1.29471e-11 +0.00000e+00
 5.17947e-04 2.11806e+04 1.56205e-11 +0.00000e+00
 6.44947e-04 2.13490e+04 1.87933e-11 +0.00000e+00
 8.03086e-04 2.15023e+04 2.25436e-11 +0.00000e+00
 1.00000e-03 2.16410e+04 2.69602e-11 +0.00000e+00
 1.24520e-03 2.17655e+04 3.21400e-11 -2.54659e-07
 1.55052e-03 2.18763e+04 3.81906e-11 -3.17101e-07
 1.93070e-03 2.19739e+04 4.52292e-11 -3.94852e-07
 2.40410e-03 2.20600e+04 5.33831e-11 -4.91669e-07
 2.99358e-03 2.21368e+04 6.27829e-11 -6.12223e-07
 3.72759e-03 2.22076e+04 7.35671e-11 -7.62340e-07
 4.64159e-03 2.22757e+04 8.58844e-11 -9.49263e-07
 5.77969e-03 2.23441e+04 9.98974e-11 -1.18202e-06
 7.19686e-03 2.24164e+04 1.15779e-10 -1.47185e-06
 8.96151e-03 2.24968e+04 1.33715e-10 -1.83274e-06
 1.11588e-02 2.25887e+04 1.53914e-10 -2.28212e-06
 1.38950e-02 2.26969e+04 1.76600e-10 -2.84169e-06
 1.73020e-02 2.28253e+04 2.02026e-10 -3.53847e-06
 2.15443e-02 2.29794e+04 2.30460e-10 -4.40608e-06
 2.68270e-02 2.31643e+04 2.62211e-10 -5.48645e-06
 3.34048e-02 2.33844e+04 2.97634e-10 -6.83170e-06
 4.15956e-02 2.36458e+04 3.37116e-10 -8.50682e-06
 5.17947e-02 2.39525e+04 3.81126e-10 -1.05927e-05
 6.44947e-02 2.43086e+04 4.30198e-10 -1.31900e-05
 8.03086e-02 2.47197e+04 4.84930e-10 -1.64241e-05
 1.00000e-01 2.51877e+04 5.46077e-10 -2.04513e-05
 1.24520e-01 2.56910e+04 6.14966e-10 -2.54659e-05
 1.55052e-01 2.62317e+04 6.92548e-10 -3.17101e-05
 1.93070e-01 2.68092e+04 7.79950e-10 -3.94852e-05
 2.40410e-01 2.74351e+04 8.78128e-10 -4.91669e-05
 2.99358e-01 2.81112e+04 9.88480e-10 -6.12223e-05
 3.72759e-01 2.88233e+04 1.11307e-09 -7.62340e-05
 4.64159e-01 2.95733e+04 1.25357e-09 -9.49263e-05
 5.77969e-01 3.03652e+04 1.41178e-09 -1.18202e-04
 7.19686e-01 3.12014e+04 1.58972e-09 -1.47185e-04
 8.96151e-01 3.20836e+04 1.78964e-09 -1.83274e-04
 1.11588e+00 3.30153e+04 2.01379e-09 -2.28212e-04
 1.38950e+00 3.39997e+04 2.26451e-09 -2.84169e-04
 1.73020e+00 3.50370e+04 2.54443e-09 -3.53847e-04
 2.15443e+00 3.61267e+04 2.85642e-09 -4.40609e-04
 2.68270e+00 3.72681e+04 3.20388e-09 -5.48645e-04
 3.34048e+00 3.84616e+04 3.59116e-09 -6.13537e-04
 4.15956e+00 3.97072e+04 4.02406e-09 -6.13537e-04
 5.17947e+00 4.10065e+04 4.50973e-09 -6.13537e-04
 6.44947e+00 4.23601e+04 5.05655e-09 -6.13537e-04
 8.03086e+00 4.37686e+04 5.67366e-09 -6.13537e-04
 1.00000e+01 4.52329e+04 6.37042e-09 -6.13537e-04
 1.24520e+01 4.67532e+04 7.15787e-09 -6.13537e-04
 1.55052e+01 4.83292e+04 8.04687e-09 -6.13537e-04
 1.93070e+01 4.99585e+04 9.05135e-09 -6.13537e-04
 2.40410e+01 5.16392e+04 1.01846e-08 -6.13537e-04
 2.99358e+01 5.33683e+04 1.14640e-08 -6.13537e-04
 3.72759e+01 5.51443e+04 1.29061e-08 -6.13537e-04
 4.64159e+01 5.69652e+04 1.45331e-08 -6.13537e-04
 5.77969e+01 5.88303e+04 1.63650e-08 -6.13537e-04
 7.19686e+01 6.07407e+04 1.84289e-08 -6.13535e-04
 8.96151e+01 6.26996e+04 2.07491e-08 -6.13531e-04
 1.11588e+02 6.47111e+04 2.33591e-08 -6.13515e-04
 1.38950e+02 6.67809e+04 2.62887e-08 -6.13454e-04
 1.73020e+02 6.89165e+04 2.95796e-08 -6.13233e-04
 2.15443e+02 7.11213e+04 3.32702e-08 -6.12458e-04
 2.68270e+02 7.34118e+04 3.74099e-08 -6.09758e-04
 3.34048e+02 7.57750e+04 4.20543e-08 -6.00433e-04
 4.15956e+02 7.82689e+04 4.72462e-08 -5.69851e-04
 5.17947e+02 8.07980e+04 5.31047e-08 -4.68114e-04
 6.44947e+02 8.35744e+04 5.95803e-08 -1.77745e-04
 8.03086e+02 8.62690e+04 6.69835e-08 +6.96298e-04
 1.00000e+03 8.93949e+04 7.50347e-08 +2.54485e-03
