#n1=128 n2=4 Teff=33000 R=1.2828e+12 L=1.3919e+39 logg=+3.50
#      tau          T          rho         Fconv
  0.00000e+00  1.91258e+04  3.84522e-22 +0.00000e+00
  1.00000e-09  1.91258e+04  3.47391e-18 +0.00000e+00
  1.24520e-09  1.89351e+04  4.37116e-18 +0.00000e+00
  1.55052e-09  1.41393e+04  7.36899e-18 +0.00000e+00
  1.93070e-09  1.41271e+04  9.17516e-18 +0.00000e+00
  2.40410e-09  1.41580e+04  1.13932e-17 +0.00000e+00
  2.99358e-09  1.42014e+04  1.41395e-17 +0.00000e+00
  3.72759e-09  1.42549e+04  1.75401e-17 +0.00000e+00
  4.64159e-09  1.43186e+04  2.17489e-17 +0.00000e+00
  5.77969e-09  1.43927e+04  2.69548e-17 +0.00000e+00
  7.19686e-09  1.44778e+04  3.33891e-17 +0.00000e+00
  8.96151e-09  1.45746e+04  4.13356e-17 +0.00000e+00
  1.11588e-08  1.46837e+04  5.11417e-17 +0.00000e+00
  1.38950e-08  1.48053e+04  6.32340e-17 +0.00000e+00
  1.73020e-08  1.49397e+04  7.81358e-17 +0.00000e+00
  2.15443e-08  1.50866e+04  9.64910e-17 +0.00000e+00
  2.68270e-08  1.52455e+04  1.19095e-16 +0.00000e+00
  3.34048e-08  1.54150e+04  1.46937e-16 +0.00000e+00
  4.15956e-08  1.55935e+04  1.81247e-16 +0.00000e+00
  5.17947e-08  1.57788e+04  2.23567e-16 +0.00000e+00
  6.44947e-08  1.59686e+04  2.75825e-16 +0.00000e+00
  8.03086e-08  1.61605e+04  3.40432e-16 +0.00000e+00
  1.00000e-07  1.63525e+04  4.20371e-16 +0.00000e+00
  1.24520e-07  1.65429e+04  5.19339e-16 +0.00000e+00
  1.55052e-07  1.67303e+04  6.41934e-16 +0.00000e+00
  1.93070e-07  1.69137e+04  7.93867e-16 +0.00000e+00
  2.40410e-07  1.70919e+04  9.82288e-16 +0.00000e+00
  2.99358e-07  1.72639e+04  1.21614e-15 +0.00000e+00
  3.72759e-07  1.74297e+04  1.50650e-15 +0.00000e+00
  4.64159e-07  1.75903e+04  1.86702e-15 +0.00000e+00
  5.77969e-07  1.77482e+04  2.31438e-15 +0.00000e+00
  7.19686e-07  1.79062e+04  2.86894e-15 +0.00000e+00
  8.96151e-07  1.80675e+04  3.55551e-15 +0.00000e+00
  1.11588e-06  1.82345e+04  4.40455e-15 +0.00000e+00
  1.38950e-06  1.84082e+04  5.45359e-15 +0.00000e+00
  1.73020e-06  1.85887e+04  6.74894e-15 +0.00000e+00
  2.15443e-06  1.87760e+04  8.34767e-15 +0.00000e+00
  2.68270e-06  1.89692e+04  1.03204e-14 +0.00000e+00
  3.34048e-06  1.91672e+04  1.27543e-14 +0.00000e+00
  4.15956e-06  1.93699e+04  1.57567e-14 +0.00000e+00
  5.17947e-06  1.95772e+04  1.94592e-14 +0.00000e+00
  6.44947e-06  1.97892e+04  2.40241e-14 +0.00000e+00
  8.03086e-06  2.00062e+04  2.96503e-14 +0.00000e+00
  1.00000e-05  2.02290e+04  3.65812e-14 +0.00000e+00
  1.24520e-05  2.04587e+04  4.51144e-14 +0.00000e+00
  1.55052e-05  2.06967e+04  5.56124e-14 +0.00000e+00
  1.93070e-05  2.09446e+04  6.85174e-14 +0.00000e+00
  2.40410e-05  2.12032e+04  8.43699e-14 +0.00000e+00
  2.99358e-05  2.14728e+04  1.03832e-13 +0.00000e+00
  3.72759e-05  2.17528e+04  1.27719e-13 +0.00000e+00
  4.64159e-05  2.20411e+04  1.57038e-13 +0.00000e+00
  5.77969e-05  2.23351e+04  1.93037e-13 +0.00000e+00
  7.19686e-05  2.26315e+04  2.37266e-13 +0.00000e+00
  8.96151e-05  2.29269e+04  2.91646e-13 +0.00000e+00
  1.11588e-04  2.32186e+04  3.58558e-13 +0.00000e+00
  1.38950e-04  2.35038e+04  4.40956e-13 +0.00000e+00
  1.73020e-04  2.37802e+04  5.42512e-13 +0.00000e+00
  2.15443e-04  2.40448e+04  6.67797e-13 +0.00000e+00
  2.68270e-04  2.42956e+04  8.22487e-13 +0.00000e+00
  3.34048e-04  2.45308e+04  1.01362e-12 +0.00000e+00
  4.15956e-04  2.47494e+04  1.24989e-12 +0.00000e+00
  5.17947e-04  2.49510e+04  1.54203e-12 +0.00000e+00
  6.44947e-04  2.51360e+04  1.90316e-12 +0.00000e+00
  8.03086e-04  2.53052e+04  2.34932e-12 +0.00000e+00
  1.00000e-03  2.54592e+04  2.90007e-12 +0.00000e+00
  1.24520e-03  2.55983e+04  3.57914e-12 -2.54310e-07
  1.55052e-03  2.57222e+04  4.41519e-12 -3.16666e-07
  1.93070e-03  2.58315e+04  5.44257e-12 -3.94311e-07
  2.40410e-03  2.59273e+04  6.70194e-12 -4.90995e-07
  2.99358e-03  2.60120e+04  8.24102e-12 -6.11384e-07
  3.72759e-03  2.60893e+04  1.01151e-11 -7.61294e-07
  4.64159e-03  2.61624e+04  1.23885e-11 -9.47962e-07
  5.77969e-03  2.62352e+04  1.51347e-11 -1.18040e-06
  7.19686e-03  2.63111e+04  1.84369e-11 -1.46983e-06
  8.96151e-03  2.63949e+04  2.23869e-11 -1.83023e-06
  1.11588e-02  2.64902e+04  2.70847e-11 -2.27899e-06
  1.38950e-02  2.66022e+04  3.26377e-11 -2.83779e-06
  1.73020e-02  2.67352e+04  3.91593e-11 -3.53362e-06
  2.15443e-02  2.68954e+04  4.67679e-11 -4.40004e-06
  2.68270e-02  2.70883e+04  5.55889e-11 -5.47893e-06
  3.34048e-02  2.73184e+04  6.57554e-11 -6.82233e-06
  4.15956e-02  2.75920e+04  7.74060e-11 -8.49516e-06
  5.17947e-02  2.79129e+04  9.06952e-11 -1.05781e-05
  6.44947e-02  2.82846e+04  1.05792e-10 -1.31719e-05
  8.03086e-02  2.87125e+04  1.22876e-10 -1.64016e-05
  1.00000e-01  2.91979e+04  1.42162e-10 -2.04232e-05
  1.24520e-01  2.97131e+04  1.64033e-10 -2.54310e-05
  1.55052e-01  3.02602e+04  1.88771e-10 -3.16666e-05
  1.93070e-01  3.08391e+04  2.16690e-10 -3.94311e-05
  2.40410e-01  3.14640e+04  2.48031e-10 -4.90995e-05
  2.99358e-01  3.21386e+04  2.83127e-10 -6.11384e-05
  3.72759e-01  3.28472e+04  3.22534e-10 -7.61294e-05
  4.64159e-01  3.35945e+04  3.66681e-10 -9.47962e-05
  5.77969e-01  3.43876e+04  4.16045e-10 -1.18040e-04
  7.19686e-01  3.52316e+04  4.71230e-10 -1.46983e-04
  8.96151e-01  3.61304e+04  5.32992e-10 -1.83023e-04
  1.11588e+00  3.70903e+04  6.02204e-10 -2.27899e-04
  1.38950e+00  3.81181e+04  6.79883e-10 -2.83779e-04
  1.73020e+00  3.92174e+04  7.67252e-10 -3.53362e-04
  2.15443e+00  4.03910e+04  8.65678e-10 -4.40004e-04
  2.68270e+00  4.16414e+04  9.76675e-10 -5.47893e-04
  3.34048e+00  4.29717e+04  1.10190e-09 -6.12696e-04
  4.15956e+00  4.43841e+04  1.24321e-09 -6.12696e-04
  5.17947e+00  4.58818e+04  1.40264e-09 -6.12696e-04
  6.44947e+00  4.74654e+04  1.58258e-09 -6.12696e-04
  8.03086e+00  4.91336e+04  1.78571e-09 -6.12696e-04
  1.00000e+01  5.08826e+04  2.01516e-09 -6.12696e-04
  1.24520e+01  5.27042e+04  2.27457e-09 -6.12696e-04
  1.55052e+01  5.45876e+04  2.56813e-09 -6.12696e-04
  1.93070e+01  5.65199e+04  2.90058e-09 -6.12696e-04
  2.40410e+01  5.84925e+04  3.27700e-09 -6.12696e-04
  2.99358e+01  6.05011e+04  3.70282e-09 -6.12696e-04
  3.72759e+01  6.25469e+04  4.18383e-09 -6.12696e-04
  4.64159e+01  6.46344e+04  4.72637e-09 -6.12696e-04
  5.77969e+01  6.67700e+04  5.33747e-09 -6.12696e-04
  7.19686e+01  6.89601e+04  6.02509e-09 -6.12696e-04
  8.96151e+01  7.12103e+04  6.79802e-09 -6.12696e-04
  1.11588e+02  7.35244e+04  7.66693e-09 -6.12696e-04
  1.38950e+02  7.59074e+04  8.64290e-09 -6.12696e-04
  1.73020e+02  7.83670e+04  9.73881e-09 -6.12696e-04
  2.15443e+02  8.09101e+04  1.09692e-08 -6.12696e-04
  2.68270e+02  8.35546e+04  1.23483e-08 -6.12694e-04
  3.34048e+02  8.62990e+04  1.38961e-08 -6.12687e-04
  4.15956e+02  8.91867e+04  1.56270e-08 -6.12663e-04
  5.17947e+02  9.21587e+04  1.75750e-08 -6.12580e-04
  6.44947e+02  9.53583e+04  1.97419e-08 -6.12308e-04
  8.03086e+02  9.85518e+04  2.22024e-08 -6.11348e-04
  1.00000e+03  1.02093e+05  2.49151e-08 -6.08435e-04
