#n1=128 n2=4 Teff=33000 R=1.2828e+12 L=1.3919e+39 logg=+3.50
#   tau          T          rho         Fconv
 0.00000e+00 2.08976e+04 3.44815e-22 +0.00000e+00
 1.00000e-09 2.08976e+04 3.05883e-18 +0.00000e+00
 1.24520e-09 2.08784e+04 3.81407e-18 +0.00000e+00
 1.55052e-09 1.46311e+04 6.85185e-18 +0.00000e+00
 1.93070e-09 1.46304e+04 8.52152e-18 +0.00000e+00
 2.40410e-09 1.46334e+04 1.06000e-17 +0.00000e+00
 2.99358e-09 1.46381e+04 1.31890e-17 +0.00000e+00
 3.72759e-09 1.46444e+04 1.64141e-17 +0.00000e+00
 4.64159e-09 1.46523e+04 2.04319e-17 +0.00000e+00
 5.77969e-09 1.46620e+04 2.54373e-17 +0.00000e+00
 7.19686e-09 1.46737e+04 3.16732e-17 +0.00000e+00
 8.96151e-09 1.46877e+04 3.94414e-17 +0.00000e+00
 1.11588e-08 1.47044e+04 4.91178e-17 +0.00000e+00
 1.38950e-08 1.47241e+04 6.11691e-17 +0.00000e+00
 1.73020e-08 1.47473e+04 7.61756e-17 +0.00000e+00
 2.15443e-08 1.47747e+04 9.48584e-17 +0.00000e+00
 2.68270e-08 1.48068e+04 1.18114e-16 +0.00000e+00
 3.34048e-08 1.48445e+04 1.47058e-16 +0.00000e+00
 4.15956e-08 1.48884e+04 1.83074e-16 +0.00000e+00
 5.17947e-08 1.49395e+04 2.27879e-16 +0.00000e+00
 6.44947e-08 1.49986e+04 2.83596e-16 +0.00000e+00
 8.03086e-08 1.50668e+04 3.52840e-16 +0.00000e+00
 1.00000e-07 1.51450e+04 4.38823e-16 +0.00000e+00
 1.24520e-07 1.52342e+04 5.45487e-16 +0.00000e+00
 1.55052e-07 1.53354e+04 6.77664e-16 +0.00000e+00
 1.93070e-07 1.54492e+04 8.41287e-16 +0.00000e+00
 2.40410e-07 1.55762e+04 1.04366e-15 +0.00000e+00
 2.99358e-07 1.57167e+04 1.29375e-15 +0.00000e+00
 3.72759e-07 1.58705e+04 1.60254e-15 +0.00000e+00
 4.64159e-07 1.60368e+04 1.98353e-15 +0.00000e+00
 5.77969e-07 1.62141e+04 2.45337e-15 +0.00000e+00
 7.19686e-07 1.63999e+04 3.03269e-15 +0.00000e+00
 8.96151e-07 1.65911e+04 3.74720e-15 +0.00000e+00
 1.11588e-06 1.67837e+04 4.62910e-15 +0.00000e+00
 1.38950e-06 1.69735e+04 5.71873e-15 +0.00000e+00
 1.73020e-06 1.71572e+04 7.06647e-15 +0.00000e+00
 2.15443e-06 1.73333e+04 8.73458e-15 +0.00000e+00
 2.68270e-06 1.75029e+04 1.07992e-14 +0.00000e+00
 3.34048e-06 1.76692e+04 1.33530e-14 +0.00000e+00
 4.15956e-06 1.78367e+04 1.65082e-14 +0.00000e+00
 5.17947e-06 1.80092e+04 2.04016e-14 +0.00000e+00
 6.44947e-06 1.81895e+04 2.52012e-14 +0.00000e+00
 8.03086e-06 1.83789e+04 3.11134e-14 +0.00000e+00
 1.00000e-05 1.85780e+04 3.83920e-14 +0.00000e+00
 1.24520e-05 1.87879e+04 4.73461e-14 +0.00000e+00
 1.55052e-05 1.90090e+04 5.83546e-14 +0.00000e+00
 1.93070e-05 1.92419e+04 7.18805e-14 +0.00000e+00
 2.40410e-05 1.94862e+04 8.84916e-14 +0.00000e+00
 2.99358e-05 1.97411e+04 1.08886e-13 +0.00000e+00
 3.72759e-05 2.00054e+04 1.33924e-13 +0.00000e+00
 4.64159e-05 2.02773e+04 1.64665e-13 +0.00000e+00
 5.77969e-05 2.05532e+04 2.02432e-13 +0.00000e+00
 7.19686e-05 2.08301e+04 2.48862e-13 +0.00000e+00
 8.96151e-05 2.11047e+04 3.05982e-13 +0.00000e+00
 1.11588e-04 2.13747e+04 3.76306e-13 +0.00000e+00
 1.38950e-04 2.16379e+04 4.62936e-13 +0.00000e+00
 1.73020e-04 2.18923e+04 5.69720e-13 +0.00000e+00
 2.15443e-04 2.21361e+04 7.01427e-13 +0.00000e+00
 2.68270e-04 2.23675e+04 8.63961e-13 +0.00000e+00
 3.34048e-04 2.25849e+04 1.06462e-12 +0.00000e+00
 4.15956e-04 2.27875e+04 1.31239e-12 +0.00000e+00
 5.17947e-04 2.29748e+04 1.61832e-12 +0.00000e+00
 6.44947e-04 2.31468e+04 1.99587e-12 +0.00000e+00
 8.03086e-04 2.33043e+04 2.46141e-12 +0.00000e+00
 1.00000e-03 2.34477e+04 3.03473e-12 +0.00000e+00
 1.24520e-03 2.35773e+04 3.73974e-12 -2.54310e-07
 1.55052e-03 2.36929e+04 4.60507e-12 -3.16666e-07
 1.93070e-03 2.37949e+04 5.66481e-12 -3.94311e-07
 2.40410e-03 2.38846e+04 6.95902e-12 -4.90995e-07
 2.99358e-03 2.39643e+04 8.53442e-12 -6.11384e-07
 3.72759e-03 2.40374e+04 1.04448e-11 -7.61294e-07
 4.64159e-03 2.41070e+04 1.27524e-11 -9.47962e-07
 5.77969e-03 2.41767e+04 1.55270e-11 -1.18040e-06
 7.19686e-03 2.42499e+04 1.88472e-11 -1.46983e-06
 8.96151e-03 2.43310e+04 2.27974e-11 -1.83023e-06
 1.11588e-02 2.44237e+04 2.74698e-11 -2.27899e-06
 1.38950e-02 2.45328e+04 3.29606e-11 -2.83779e-06
 1.73020e-02 2.46626e+04 3.93731e-11 -3.53362e-06
 2.15443e-02 2.48188e+04 4.68143e-11 -4.40004e-06
 2.68270e-02 2.50068e+04 5.53983e-11 -5.47893e-06
 3.34048e-02 2.52312e+04 6.52470e-11 -6.82233e-06
 4.15956e-02 2.54982e+04 7.64887e-11 -8.49516e-06
 5.17947e-02 2.58115e+04 8.92697e-11 -1.05781e-05
 6.44947e-02 2.61752e+04 1.03754e-10 -1.31719e-05
 8.03086e-02 2.65943e+04 1.20117e-10 -1.64016e-05
 1.00000e-01 2.70707e+04 1.38579e-10 -2.04232e-05
 1.24520e-01 2.75790e+04 1.59519e-10 -2.54310e-05
 1.55052e-01 2.81207e+04 1.83228e-10 -3.16666e-05
 1.93070e-01 2.86955e+04 2.10038e-10 -3.94311e-05
 2.40410e-01 2.93157e+04 2.40226e-10 -4.90995e-05
 2.99358e-01 2.99834e+04 2.74171e-10 -6.11384e-05
 3.72759e-01 3.06824e+04 3.12442e-10 -7.61294e-05
 4.64159e-01 3.14155e+04 3.55481e-10 -9.47962e-05
 5.77969e-01 3.21873e+04 4.03732e-10 -1.18040e-04
 7.19686e-01 3.30010e+04 4.57695e-10 -1.46983e-04
 8.96151e-01 3.38592e+04 5.17950e-10 -1.83035e-04
 1.11588e+00 3.47668e+04 5.85157e-10 -2.27908e-04
 1.38950e+00 3.57294e+04 6.60146e-10 -2.83781e-04
 1.73020e+00 3.67489e+04 7.44043e-10 -3.53365e-04
 2.15443e+00 3.78271e+04 8.38226e-10 -4.40005e-04
 2.68270e+00 3.89649e+04 9.44294e-10 -5.47894e-04
 3.34048e+00 4.01641e+04 1.06400e-09 -6.12697e-04
 4.15956e+00 4.14263e+04 1.19923e-09 -6.12697e-04
 5.17947e+00 4.27548e+04 1.35200e-09 -6.12696e-04
 6.44947e+00 4.41516e+04 1.52458e-09 -6.12696e-04
 8.03086e+00 4.56187e+04 1.71946e-09 -6.12696e-04
 1.00000e+01 4.71578e+04 1.93946e-09 -6.12696e-04
 1.24520e+01 4.87691e+04 2.18779e-09 -6.12696e-04
 1.55052e+01 5.04513e+04 2.46810e-09 -6.12696e-04
 1.93070e+01 5.22004e+04 2.78462e-09 -6.12696e-04
 2.40410e+01 5.40122e+04 3.14207e-09 -6.12696e-04
 2.99358e+01 5.58823e+04 3.54583e-09 -6.12696e-04
 3.72759e+01 5.78074e+04 4.00174e-09 -6.12696e-04
 4.64159e+01 5.97842e+04 4.51639e-09 -6.12696e-04
 5.77969e+01 6.18107e+04 5.09706e-09 -6.12696e-04
 7.19686e+01 6.38873e+04 5.75174e-09 -6.12696e-04
 8.96151e+01 6.60170e+04 6.48897e-09 -6.12696e-04
 1.11588e+02 6.82048e+04 7.31883e-09 -6.12696e-04
 1.38950e+02 7.04573e+04 8.25170e-09 -6.12696e-04
 1.73020e+02 7.27831e+04 9.30012e-09 -6.12696e-04
 2.15443e+02 7.51872e+04 1.04773e-08 -6.12693e-04
 2.68270e+02 7.76857e+04 1.17978e-08 -6.12685e-04
 3.34048e+02 8.02713e+04 1.32814e-08 -6.12658e-04
 4.15956e+02 8.29924e+04 1.49407e-08 -6.12568e-04
 5.17947e+02 8.57739e+04 1.68116e-08 -6.12254e-04
 6.44947e+02 8.87941e+04 1.88885e-08 -6.11265e-04
 8.03086e+02 9.17703e+04 2.12547e-08 -6.07790e-04
 1.00000e+03 9.51464e+04 2.38481e-08 -5.97811e-04
