#n1=128 n2=4 Teff=34000 R=3.8179e+11 L=1.3875e+38 logg=+4.50
#   tau          T          rho         Fconv
 0.00000e+00 2.17067e+04 3.31958e-22 +0.00000e+00
 1.00000e-09 2.17067e+04 3.01360e-17 +0.00000e+00
 1.24520e-09 2.16751e+04 3.76245e-17 +0.00000e+00
 1.55052e-09 1.45110e+04 7.12604e-17 +0.00000e+00
 1.93070e-09 1.45103e+04 8.89199e-17 +0.00000e+00
 2.40410e-09 1.45138e+04 1.10990e-16 +0.00000e+00
 2.99358e-09 1.45188e+04 1.38595e-16 +0.00000e+00
 3.72759e-09 1.45253e+04 1.73126e-16 +0.00000e+00
 4.64159e-09 1.45334e+04 2.16314e-16 +0.00000e+00
 5.77969e-09 1.45432e+04 2.70314e-16 +0.00000e+00
 7.19686e-09 1.45551e+04 3.37803e-16 +0.00000e+00
 8.96151e-09 1.45693e+04 4.22108e-16 +0.00000e+00
 1.11588e-08 1.45862e+04 5.27358e-16 +0.00000e+00
 1.38950e-08 1.46063e+04 6.58675e-16 +0.00000e+00
 1.73020e-08 1.46301e+04 8.22408e-16 +0.00000e+00
 2.15443e-08 1.46582e+04 1.02641e-15 +0.00000e+00
 2.68270e-08 1.46913e+04 1.28038e-15 +0.00000e+00
 3.34048e-08 1.47300e+04 1.59629e-15 +0.00000e+00
 4.15956e-08 1.47752e+04 1.98889e-15 +0.00000e+00
 5.17947e-08 1.48277e+04 2.47629e-15 +0.00000e+00
 6.44947e-08 1.48884e+04 3.08072e-15 +0.00000e+00
 8.03086e-08 1.49584e+04 3.82949e-15 +0.00000e+00
 1.00000e-07 1.50385e+04 4.75609e-15 +0.00000e+00
 1.24520e-07 1.51297e+04 5.90140e-15 +0.00000e+00
 1.55052e-07 1.52328e+04 7.31543e-15 +0.00000e+00
 1.93070e-07 1.53485e+04 9.05933e-15 +0.00000e+00
 2.40410e-07 1.54776e+04 1.12076e-14 +0.00000e+00
 2.99358e-07 1.56201e+04 1.38516e-14 +0.00000e+00
 3.72759e-07 1.57758e+04 1.71033e-14 +0.00000e+00
 4.64159e-07 1.59438e+04 2.11005e-14 +0.00000e+00
 5.77969e-07 1.61222e+04 2.60136e-14 +0.00000e+00
 7.19686e-07 1.63083e+04 3.20546e-14 +0.00000e+00
 8.96151e-07 1.64985e+04 3.94885e-14 +0.00000e+00
 1.11588e-06 1.66886e+04 4.86470e-14 +0.00000e+00
 1.38950e-06 1.68747e+04 5.99450e-14 +0.00000e+00
 1.73020e-06 1.70541e+04 7.38972e-14 +0.00000e+00
 2.15443e-06 1.72264e+04 9.11362e-14 +0.00000e+00
 2.68270e-06 1.73937e+04 1.12430e-13 +0.00000e+00
 3.34048e-06 1.75586e+04 1.38719e-13 +0.00000e+00
 4.15956e-06 1.77262e+04 1.71128e-13 +0.00000e+00
 5.17947e-06 1.78997e+04 2.11040e-13 +0.00000e+00
 6.44947e-06 1.80810e+04 2.60145e-13 +0.00000e+00
 8.03086e-06 1.82712e+04 3.20518e-13 +0.00000e+00
 1.00000e-05 1.84708e+04 3.94695e-13 +0.00000e+00
 1.24520e-05 1.86805e+04 4.85765e-13 +0.00000e+00
 1.55052e-05 1.89009e+04 5.97486e-13 +0.00000e+00
 1.93070e-05 1.91324e+04 7.34432e-13 +0.00000e+00
 2.40410e-05 1.93749e+04 9.02177e-13 +0.00000e+00
 2.99358e-05 1.96277e+04 1.10752e-12 +0.00000e+00
 3.72759e-05 1.98896e+04 1.35875e-12 +0.00000e+00
 4.64159e-05 2.01587e+04 1.66600e-12 +0.00000e+00
 5.77969e-05 2.04321e+04 2.04166e-12 +0.00000e+00
 7.19686e-05 2.07066e+04 2.50085e-12 +0.00000e+00
 8.96151e-05 2.09790e+04 3.06188e-12 +0.00000e+00
 1.11588e-04 2.12469e+04 3.74681e-12 +0.00000e+00
 1.38950e-04 2.15083e+04 4.58193e-12 +0.00000e+00
 1.73020e-04 2.17612e+04 5.59849e-12 +0.00000e+00
 2.15443e-04 2.20035e+04 6.83331e-12 +0.00000e+00
 2.68270e-04 2.22335e+04 8.32927e-12 +0.00000e+00
 3.34048e-04 2.24496e+04 1.01358e-11 +0.00000e+00
 4.15956e-04 2.26510e+04 1.23095e-11 +0.00000e+00
 5.17947e-04 2.28371e+04 1.49140e-11 +0.00000e+00
 6.44947e-04 2.30080e+04 1.80214e-11 +0.00000e+00
 8.03086e-04 2.31645e+04 2.17117e-11 +0.00000e+00
 1.00000e-03 2.33071e+04 2.60760e-11 +0.00000e+00
 1.24520e-03 2.34359e+04 3.12148e-11 -2.54641e-07
 1.55052e-03 2.35509e+04 3.72405e-11 -3.17078e-07
 1.93070e-03 2.36525e+04 4.42773e-11 -3.94825e-07
 2.40410e-03 2.37420e+04 5.24608e-11 -4.91635e-07
 2.99358e-03 2.38217e+04 6.19316e-11 -6.12182e-07
 3.72759e-03 2.38949e+04 7.28376e-11 -7.62287e-07
 4.64159e-03 2.39649e+04 8.53384e-11 -9.49198e-07
 5.77969e-03 2.40352e+04 9.96039e-11 -1.18194e-06
 7.19686e-03 2.41092e+04 1.15817e-10 -1.47175e-06
 8.96151e-03 2.41914e+04 1.34172e-10 -1.83262e-06
 1.11588e-02 2.42855e+04 1.54886e-10 -2.28196e-06
 1.38950e-02 2.43964e+04 1.78190e-10 -2.84150e-06
 1.73020e-02 2.45284e+04 2.04344e-10 -3.53822e-06
 2.15443e-02 2.46876e+04 2.33623e-10 -4.40579e-06
 2.68270e-02 2.48793e+04 2.66342e-10 -5.48608e-06
 3.34048e-02 2.51083e+04 3.02863e-10 -6.83124e-06
 4.15956e-02 2.53810e+04 3.43577e-10 -8.50624e-06
 5.17947e-02 2.57014e+04 3.88962e-10 -1.05919e-05
 6.44947e-02 2.60738e+04 4.39564e-10 -1.31891e-05
 8.03086e-02 2.65036e+04 4.95986e-10 -1.64230e-05
 1.00000e-01 2.69929e+04 5.58993e-10 -2.04498e-05
 1.24520e-01 2.75167e+04 6.29961e-10 -2.54641e-05
 1.55052e-01 2.80768e+04 7.09847e-10 -3.17078e-05
 1.93070e-01 2.86730e+04 7.99771e-10 -3.94825e-05
 2.40410e-01 2.93177e+04 9.00667e-10 -4.91635e-05
 2.99358e-01 3.00130e+04 1.01390e-09 -6.12182e-05
 3.72759e-01 3.07425e+04 1.14151e-09 -7.62287e-05
 4.64159e-01 3.15085e+04 1.28509e-09 -9.49198e-05
 5.77969e-01 3.23153e+04 1.44628e-09 -1.18194e-04
 7.19686e-01 3.31655e+04 1.62690e-09 -1.47175e-04
 8.96151e-01 3.40608e+04 1.82890e-09 -1.83262e-04
 1.11588e+00 3.50054e+04 2.05425e-09 -2.28197e-04
 1.38950e+00 3.60039e+04 2.30508e-09 -2.84150e-04
 1.73020e+00 3.70575e+04 2.58417e-09 -3.53822e-04
 2.15443e+00 3.81668e+04 2.89509e-09 -4.40579e-04
 2.68270e+00 3.93318e+04 3.24248e-09 -5.48608e-04
 3.34048e+00 4.05533e+04 3.63199e-09 -6.13495e-04
 4.15956e+00 4.18320e+04 4.07015e-09 -6.13495e-04
 5.17947e+00 4.31704e+04 4.56403e-09 -6.13495e-04
 6.44947e+00 4.45698e+04 5.12135e-09 -6.13495e-04
 8.03086e+00 4.60320e+04 5.75045e-09 -6.13495e-04
 1.00000e+01 4.75582e+04 6.46004e-09 -6.13495e-04
 1.24520e+01 4.91486e+04 7.26096e-09 -6.13495e-04
 1.55052e+01 5.08020e+04 8.16406e-09 -6.13495e-04
 1.93070e+01 5.25145e+04 9.18355e-09 -6.13495e-04
 2.40410e+01 5.42828e+04 1.03331e-08 -6.13495e-04
 2.99358e+01 5.61030e+04 1.16307e-08 -6.13495e-04
 3.72759e+01 5.79726e+04 1.30929e-08 -6.13495e-04
 4.64159e+01 5.98890e+04 1.47422e-08 -6.13495e-04
 5.77969e+01 6.18505e+04 1.65990e-08 -6.13495e-04
 7.19686e+01 6.38579e+04 1.86909e-08 -6.13495e-04
 8.96151e+01 6.59142e+04 2.10424e-08 -6.13492e-04
 1.11588e+02 6.80236e+04 2.36873e-08 -6.13484e-04
 1.38950e+02 7.01925e+04 2.66558e-08 -6.13452e-04
 1.73020e+02 7.24290e+04 2.99897e-08 -6.13339e-04
 2.15443e+02 7.47383e+04 3.37271e-08 -6.12932e-04
 2.68270e+02 7.71369e+04 3.79184e-08 -6.11503e-04
 3.34048e+02 7.96176e+04 4.26171e-08 -6.06528e-04
 4.15956e+02 8.22311e+04 4.78710e-08 -5.89984e-04
 5.17947e+02 8.48976e+04 5.37849e-08 -5.34384e-04
 6.44947e+02 8.78121e+04 6.03399e-08 -3.70677e-04
 8.03086e+02 9.06572e+04 6.78170e-08 +1.43772e-04
 1.00000e+03 9.39467e+04 7.59553e-08 +1.32016e-03
