#n1=128 n2=4 Teff=34000 R=1.3217e+12 L=1.6652e+39 logg=+3.50
#   tau          T          rho         Fconv
 0.00000e+00 1.90841e+04 3.90384e-22 +0.00000e+00
 1.00000e-09 1.90841e+04 3.56829e-18 +0.00000e+00
 1.24520e-09 1.90248e+04 4.45865e-18 +0.00000e+00
 1.55052e-09 1.46780e+04 7.21003e-18 +0.00000e+00
 1.93070e-09 1.46811e+04 8.98283e-18 +0.00000e+00
 2.40410e-09 1.47327e+04 1.11540e-17 +0.00000e+00
 2.99358e-09 1.47993e+04 1.38354e-17 +0.00000e+00
 3.72759e-09 1.48783e+04 1.71471e-17 +0.00000e+00
 4.64159e-09 1.49692e+04 2.12349e-17 +0.00000e+00
 5.77969e-09 1.50723e+04 2.62773e-17 +0.00000e+00
 7.19686e-09 1.51875e+04 3.24929e-17 +0.00000e+00
 8.96151e-09 1.53148e+04 4.01506e-17 +0.00000e+00
 1.11588e-08 1.54541e+04 4.95799e-17 +0.00000e+00
 1.38950e-08 1.56048e+04 6.11865e-17 +0.00000e+00
 1.73020e-08 1.57661e+04 7.54703e-17 +0.00000e+00
 2.15443e-08 1.59368e+04 9.30488e-17 +0.00000e+00
 2.68270e-08 1.61157e+04 1.14684e-16 +0.00000e+00
 3.34048e-08 1.63010e+04 1.41321e-16 +0.00000e+00
 4.15956e-08 1.64913e+04 1.74133e-16 +0.00000e+00
 5.17947e-08 1.66847e+04 2.14578e-16 +0.00000e+00
 6.44947e-08 1.68796e+04 2.64476e-16 +0.00000e+00
 8.03086e-08 1.70745e+04 3.26099e-16 +0.00000e+00
 1.00000e-07 1.72684e+04 4.02285e-16 +0.00000e+00
 1.24520e-07 1.74595e+04 4.96589e-16 +0.00000e+00
 1.55052e-07 1.76472e+04 6.13391e-16 +0.00000e+00
 1.93070e-07 1.78309e+04 7.58105e-16 +0.00000e+00
 2.40410e-07 1.80098e+04 9.37476e-16 +0.00000e+00
 2.99358e-07 1.81836e+04 1.15991e-15 +0.00000e+00
 3.72759e-07 1.83526e+04 1.43587e-15 +0.00000e+00
 4.64159e-07 1.85176e+04 1.77831e-15 +0.00000e+00
 5.77969e-07 1.86808e+04 2.20317e-15 +0.00000e+00
 7.19686e-07 1.88449e+04 2.73002e-15 +0.00000e+00
 8.96151e-07 1.90128e+04 3.38277e-15 +0.00000e+00
 1.11588e-06 1.91868e+04 4.19075e-15 +0.00000e+00
 1.38950e-06 1.93681e+04 5.19007e-15 +0.00000e+00
 1.73020e-06 1.95570e+04 6.42527e-15 +0.00000e+00
 2.15443e-06 1.97532e+04 7.95123e-15 +0.00000e+00
 2.68270e-06 1.99558e+04 9.83579e-15 +0.00000e+00
 3.34048e-06 2.01638e+04 1.21627e-14 +0.00000e+00
 4.15956e-06 2.03768e+04 1.50348e-14 +0.00000e+00
 5.17947e-06 2.05948e+04 1.85787e-14 +0.00000e+00
 6.44947e-06 2.08179e+04 2.29497e-14 +0.00000e+00
 8.03086e-06 2.10465e+04 2.83386e-14 +0.00000e+00
 1.00000e-05 2.12813e+04 3.49787e-14 +0.00000e+00
 1.24520e-05 2.15234e+04 4.31545e-14 +0.00000e+00
 1.55052e-05 2.17745e+04 5.32127e-14 +0.00000e+00
 1.93070e-05 2.20360e+04 6.55752e-14 +0.00000e+00
 2.40410e-05 2.23089e+04 8.07561e-14 +0.00000e+00
 2.99358e-05 2.25935e+04 9.93849e-14 +0.00000e+00
 3.72759e-05 2.28889e+04 1.22235e-13 +0.00000e+00
 4.64159e-05 2.31930e+04 1.50265e-13 +0.00000e+00
 5.77969e-05 2.35026e+04 1.84660e-13 +0.00000e+00
 7.19686e-05 2.38141e+04 2.26900e-13 +0.00000e+00
 8.96151e-05 2.41240e+04 2.78817e-13 +0.00000e+00
 1.11588e-04 2.44293e+04 3.42692e-13 +0.00000e+00
 1.38950e-04 2.47276e+04 4.21350e-13 +0.00000e+00
 1.73020e-04 2.50162e+04 5.18315e-13 +0.00000e+00
 2.15443e-04 2.52929e+04 6.37977e-13 +0.00000e+00
 2.68270e-04 2.55554e+04 7.85802e-13 +0.00000e+00
 3.34048e-04 2.58021e+04 9.68584e-13 +0.00000e+00
 4.15956e-04 2.60321e+04 1.19475e-12 +0.00000e+00
 5.17947e-04 2.62448e+04 1.47473e-12 +0.00000e+00
 6.44947e-04 2.64403e+04 1.82135e-12 +0.00000e+00
 8.03086e-04 2.66196e+04 2.25035e-12 +0.00000e+00
 1.00000e-03 2.67830e+04 2.78100e-12 +0.00000e+00
 1.24520e-03 2.69306e+04 3.43683e-12 -2.54280e-07
 1.55052e-03 2.70625e+04 4.24641e-12 -3.16628e-07
 1.93070e-03 2.71787e+04 5.24414e-12 -3.94265e-07
 2.40410e-03 2.72806e+04 6.47096e-12 -4.90937e-07
 2.99358e-03 2.73706e+04 7.97510e-12 -6.11314e-07
 3.72759e-03 2.74526e+04 9.81263e-12 -7.61206e-07
 4.64159e-03 2.75300e+04 1.20488e-11 -9.47851e-07
 5.77969e-03 2.76068e+04 1.47583e-11 -1.18026e-06
 7.19686e-03 2.76867e+04 1.80266e-11 -1.46966e-06
 8.96151e-03 2.77747e+04 2.19486e-11 -1.83002e-06
 1.11588e-02 2.78748e+04 2.66286e-11 -2.27872e-06
 1.38950e-02 2.79923e+04 3.21791e-11 -2.83746e-06
 1.73020e-02 2.81318e+04 3.87191e-11 -3.53320e-06
 2.15443e-02 2.82999e+04 4.63727e-11 -4.39954e-06
 2.68270e-02 2.85021e+04 5.52701e-11 -5.47829e-06
 3.34048e-02 2.87434e+04 6.55499e-11 -6.82155e-06
 4.15956e-02 2.90300e+04 7.73530e-11 -8.49418e-06
 5.17947e-02 2.93661e+04 9.08348e-11 -1.05769e-05
 6.44947e-02 2.97550e+04 1.06162e-10 -1.31703e-05
 8.03086e-02 3.02023e+04 1.23508e-10 -1.63997e-05
 1.00000e-01 3.07093e+04 1.43074e-10 -2.04208e-05
 1.24520e-01 3.12469e+04 1.65243e-10 -2.54280e-05
 1.55052e-01 3.18170e+04 1.90289e-10 -3.16628e-05
 1.93070e-01 3.24199e+04 2.18528e-10 -3.94265e-05
 2.40410e-01 3.30704e+04 2.50201e-10 -4.90937e-05
 2.99358e-01 3.37722e+04 2.85672e-10 -6.11314e-05
 3.72759e-01 3.45092e+04 3.25562e-10 -7.61206e-05
 4.64159e-01 3.52866e+04 3.70388e-10 -9.47851e-05
 5.77969e-01 3.61120e+04 4.20724e-10 -1.18026e-04
 7.19686e-01 3.69909e+04 4.77270e-10 -1.46966e-04
 8.96151e-01 3.79281e+04 5.40843e-10 -1.83002e-04
 1.11588e+00 3.89309e+04 6.12330e-10 -2.27872e-04
 1.38950e+00 4.00074e+04 6.92720e-10 -2.83746e-04
 1.73020e+00 4.11624e+04 7.83181e-10 -3.53320e-04
 2.15443e+00 4.24000e+04 8.85023e-10 -4.39954e-04
 2.68270e+00 4.37235e+04 9.99733e-10 -5.47829e-04
 3.34048e+00 4.51363e+04 1.12897e-09 -6.12624e-04
 4.15956e+00 4.66398e+04 1.27465e-09 -6.12624e-04
 5.17947e+00 4.82354e+04 1.43890e-09 -6.12624e-04
 6.44947e+00 4.99194e+04 1.62427e-09 -6.12624e-04
 8.03086e+00 5.16841e+04 1.83371e-09 -6.12624e-04
 1.00000e+01 5.35185e+04 2.07064e-09 -6.12624e-04
 1.24520e+01 5.54091e+04 2.33898e-09 -6.12624e-04
 1.55052e+01 5.73449e+04 2.64298e-09 -6.12624e-04
 1.93070e+01 5.93187e+04 2.98720e-09 -6.12624e-04
 2.40410e+01 6.13307e+04 3.37639e-09 -6.12624e-04
 2.99358e+01 6.33855e+04 3.81569e-09 -6.12624e-04
 3.72759e+01 6.54913e+04 4.31073e-09 -6.12624e-04
 4.64159e+01 6.76555e+04 4.86789e-09 -6.12624e-04
 5.77969e+01 6.98846e+04 5.49445e-09 -6.12624e-04
 7.19686e+01 7.21838e+04 6.19870e-09 -6.12624e-04
 8.96151e+01 7.45577e+04 6.98979e-09 -6.12624e-04
 1.11588e+02 7.70116e+04 7.87856e-09 -6.12624e-04
 1.38950e+02 7.95549e+04 8.87607e-09 -6.12624e-04
 1.73020e+02 8.22020e+04 9.99492e-09 -6.12624e-04
 2.15443e+02 8.49660e+04 1.12495e-08 -6.12624e-04
 2.68270e+02 8.78687e+04 1.26541e-08 -6.12623e-04
 3.34048e+02 9.09060e+04 1.42296e-08 -6.12620e-04
 4.15956e+02 9.41174e+04 1.59919e-08 -6.12610e-04
 5.17947e+02 9.74287e+04 1.79777e-08 -6.12576e-04
 6.44947e+02 1.00973e+05 2.01920e-08 -6.12466e-04
 8.03086e+02 1.04512e+05 2.27091e-08 -6.12083e-04
 1.00000e+03 1.08378e+05 2.54956e-08 -6.10917e-04
