#n1=128 n2=4 Teff=34000 R=4.5133e+12 L=1.9426e+40 logg=+2.50
#   tau          T          rho         Fconv
 0.00000e+00 2.97596e+04 2.41585e-22 +0.00000e+00
 1.00000e-09 2.97596e+04 1.95460e-19 +0.00000e+00
 1.24520e-09 2.97506e+04 2.43728e-19 +0.00000e+00
 1.55052e-09 2.97383e+04 3.03966e-19 +0.00000e+00
 1.93070e-09 2.97192e+04 3.79191e-19 +0.00000e+00
 2.40410e-09 2.96909e+04 4.73194e-19 +0.00000e+00
 2.99358e-09 2.96498e+04 5.90773e-19 +0.00000e+00
 3.72759e-09 2.95899e+04 7.38049e-19 +0.00000e+00
 4.64159e-09 2.95035e+04 9.22885e-19 +0.00000e+00
 5.77969e-09 2.93826e+04 1.15539e-18 +0.00000e+00
 7.19686e-09 2.92246e+04 1.44834e-18 +0.00000e+00
 8.96151e-09 2.90420e+04 1.81716e-18 +0.00000e+00
 1.11588e-08 2.88595e+04 2.27999e-18 +0.00000e+00
 1.38950e-08 2.87048e+04 2.85805e-18 +0.00000e+00
 1.73020e-08 2.85839e+04 3.57854e-18 +0.00000e+00
 2.15443e-08 2.84936e+04 4.47589e-18 +0.00000e+00
 2.68270e-08 2.84276e+04 5.59353e-18 +0.00000e+00
 3.34048e-08 2.83798e+04 6.98577e-18 +0.00000e+00
 4.15956e-08 2.83455e+04 8.72040e-18 +0.00000e+00
 5.17947e-08 2.83211e+04 1.08819e-17 +0.00000e+00
 6.44947e-08 2.83034e+04 1.35759e-17 +0.00000e+00
 8.03086e-08 2.82919e+04 1.69332e-17 +0.00000e+00
 1.00000e-07 2.82850e+04 2.11172e-17 +0.00000e+00
 1.24520e-07 2.82803e+04 2.63329e-17 +0.00000e+00
 1.55052e-07 2.82774e+04 3.28347e-17 +0.00000e+00
 1.93070e-07 2.82753e+04 4.09407e-17 +0.00000e+00
 2.40410e-07 2.82725e+04 5.10488e-17 +0.00000e+00
 2.99358e-07 2.82678e+04 6.36568e-17 +0.00000e+00
 3.72759e-07 2.82578e+04 7.93938e-17 +0.00000e+00
 4.64159e-07 2.82400e+04 9.90482e-17 +0.00000e+00
 5.77969e-07 2.82061e+04 1.23638e-16 +0.00000e+00
 7.19686e-07 2.81320e+04 1.54554e-16 +0.00000e+00
 8.96151e-07 2.79549e+04 1.93914e-16 +0.00000e+00
 1.11588e-06 2.74972e+04 2.45788e-16 +0.00000e+00
 1.38950e-06 2.69164e+04 3.13048e-16 +0.00000e+00
 1.73020e-06 2.65802e+04 3.95225e-16 +0.00000e+00
 2.15443e-06 2.64017e+04 4.96068e-16 +0.00000e+00
 2.68270e-06 2.62978e+04 6.20898e-16 +0.00000e+00
 3.34048e-06 2.62302e+04 7.76065e-16 +0.00000e+00
 4.15956e-06 2.61846e+04 9.69197e-16 +0.00000e+00
 5.17947e-06 2.61520e+04 1.20978e-15 +0.00000e+00
 6.44947e-06 2.61285e+04 1.50955e-15 +0.00000e+00
 8.03086e-06 2.61080e+04 1.88338e-15 +0.00000e+00
 1.00000e-05 2.60902e+04 2.34953e-15 +0.00000e+00
 1.24520e-05 2.60729e+04 2.93098e-15 +0.00000e+00
 1.55052e-05 2.60555e+04 3.65633e-15 +0.00000e+00
 1.93070e-05 2.60375e+04 4.56127e-15 +0.00000e+00
 2.40410e-05 2.60140e+04 5.69137e-15 +0.00000e+00
 2.99358e-05 2.59875e+04 7.10230e-15 +0.00000e+00
 3.72759e-05 2.59471e+04 8.86768e-15 +0.00000e+00
 4.64159e-05 2.58991e+04 1.10751e-14 +0.00000e+00
 5.77969e-05 2.58254e+04 1.38459e-14 +0.00000e+00
 7.19686e-05 2.57380e+04 1.73192e-14 +0.00000e+00
 8.96151e-05 2.56092e+04 2.16994e-14 +0.00000e+00
 1.11588e-04 2.54712e+04 2.71999e-14 +0.00000e+00
 1.38950e-04 2.53152e+04 3.41206e-14 +0.00000e+00
 1.73020e-04 2.51439e+04 4.28279e-14 +0.00000e+00
 2.15443e-04 2.49653e+04 5.37748e-14 +0.00000e+00
 2.68270e-04 2.47905e+04 6.75127e-14 +0.00000e+00
 3.34048e-04 2.46305e+04 8.47122e-14 +0.00000e+00
 4.15956e-04 2.45081e+04 1.06133e-13 +0.00000e+00
 5.17947e-04 2.44159e+04 1.32810e-13 +0.00000e+00
 6.44947e-04 2.43385e+04 1.66093e-13 +0.00000e+00
 8.03086e-04 2.42956e+04 2.07426e-13 +0.00000e+00
 1.00000e-03 2.42915e+04 2.58630e-13 +0.00000e+00
 1.24520e-03 2.43290e+04 3.21910e-13 -2.54166e-07
 1.55052e-03 2.44082e+04 3.99955e-13 -3.16487e-07
 1.93070e-03 2.45264e+04 4.96064e-13 -3.94088e-07
 2.40410e-03 2.46800e+04 6.14291e-13 -4.90717e-07
 2.99358e-03 2.48605e+04 7.59744e-13 -6.11040e-07
 3.72759e-03 2.50623e+04 9.38667e-13 -7.60865e-07
 4.64159e-03 2.52797e+04 1.15872e-12 -9.47427e-07
 5.77969e-03 2.55077e+04 1.42933e-12 -1.17973e-06
 7.19686e-03 2.57416e+04 1.76202e-12 -1.46901e-06
 8.96151e-03 2.59779e+04 2.17084e-12 -1.82920e-06
 1.11588e-02 2.62111e+04 2.67316e-12 -2.27770e-06
 1.38950e-02 2.64401e+04 3.28977e-12 -2.83619e-06
 1.73020e-02 2.66615e+04 4.04622e-12 -3.53162e-06
 2.15443e-02 2.68764e+04 4.97289e-12 -4.39757e-06
 2.68270e-02 2.70873e+04 6.10600e-12 -5.47584e-06
 3.34048e-02 2.72997e+04 7.48791e-12 -6.81849e-06
 4.15956e-02 2.75216e+04 9.16734e-12 -8.49037e-06
 5.17947e-02 2.77609e+04 1.12000e-11 -1.05722e-05
 6.44947e-02 2.80237e+04 1.36498e-11 -1.31644e-05
 8.03086e-02 2.83130e+04 1.65903e-11 -1.63924e-05
 1.00000e-01 2.86287e+04 2.01064e-11 -2.04116e-05
 1.24520e-01 2.89791e+04 2.42876e-11 -2.54166e-05
 1.55052e-01 2.93668e+04 2.92357e-11 -3.16487e-05
 1.93070e-01 2.97966e+04 3.50603e-11 -3.94088e-05
 2.40410e-01 3.02734e+04 4.18791e-11 -4.90717e-05
 2.99358e-01 3.08118e+04 4.98046e-11 -6.11040e-05
 3.72759e-01 3.14200e+04 5.89632e-11 -7.60865e-05
 4.64159e-01 3.21062e+04 6.94899e-11 -9.47427e-05
 5.77969e-01 3.28779e+04 8.15338e-11 -1.17973e-04
 7.19686e-01 3.37417e+04 9.52642e-11 -1.46901e-04
 8.96151e-01 3.47022e+04 1.10882e-10 -1.82920e-04
 1.11588e+00 3.57603e+04 1.28635e-10 -2.27770e-04
 1.38950e+00 3.69125e+04 1.48828e-10 -2.83619e-04
 1.73020e+00 3.81517e+04 1.71830e-10 -3.53162e-04
 2.15443e+00 3.94754e+04 1.98045e-10 -4.39757e-04
 2.68270e+00 4.08711e+04 2.27978e-10 -5.47584e-04
 3.34048e+00 4.23411e+04 2.62121e-10 -6.12350e-04
 4.15956e+00 4.38849e+04 3.01047e-10 -6.12350e-04
 5.17947e+00 4.55050e+04 3.45380e-10 -6.12350e-04
 6.44947e+00 4.71957e+04 3.95884e-10 -6.12355e-04
 8.03086e+00 4.89593e+04 4.53356e-10 -6.12357e-04
 1.00000e+01 5.08036e+04 5.18646e-10 -6.12351e-04
 1.24520e+01 5.27307e+04 5.92770e-10 -6.12353e-04
 1.55052e+01 5.47444e+04 6.76864e-10 -6.12350e-04
 1.93070e+01 5.68458e+04 7.72239e-10 -6.12350e-04
 2.40410e+01 5.90357e+04 8.80366e-10 -6.12350e-04
 2.99358e+01 6.13168e+04 1.00288e-09 -6.12351e-04
 3.72759e+01 6.36919e+04 1.14161e-09 -6.12350e-04
 4.64159e+01 6.61655e+04 1.29861e-09 -6.12350e-04
 5.77969e+01 6.87435e+04 1.47614e-09 -6.12350e-04
 7.19686e+01 7.14326e+04 1.67676e-09 -6.12350e-04
 8.96151e+01 7.42400e+04 1.90334e-09 -6.12350e-04
 1.11588e+02 7.71730e+04 2.15910e-09 -6.12350e-04
 1.38950e+02 8.02382e+04 2.44772e-09 -6.12350e-04
 1.73020e+02 8.34447e+04 2.77327e-09 -6.12350e-04
 2.15443e+02 8.67938e+04 3.14057e-09 -6.12350e-04
 2.68270e+02 9.03010e+04 3.55459e-09 -6.12350e-04
 3.34048e+02 9.39438e+04 4.02228e-09 -6.12350e-04
 4.15956e+02 9.77712e+04 4.54871e-09 -6.12350e-04
 5.17947e+02 1.01709e+05 5.14473e-09 -6.12350e-04
 6.44947e+02 1.05877e+05 5.81367e-09 -6.12350e-04
 8.03086e+02 1.10103e+05 6.57361e-09 -6.12350e-04
 1.00000e+03 1.14718e+05 7.41785e-09 -6.12347e-04
