#n1=128 n2=4 Teff=34000 R=1.3224e+12 L=1.6652e+39 logg=+3.50
#   tau          T          rho         Fconv
 0.00000e+00 2.67688e+04 2.68576e-22 +0.00000e+00
 1.00000e-09 2.67688e+04 2.36383e-18 +0.00000e+00
 1.24520e-09 2.67727e+04 2.94410e-18 +0.00000e+00
 1.55052e-09 2.67771e+04 3.66676e-18 +0.00000e+00
 1.93070e-09 2.67817e+04 4.56681e-18 +0.00000e+00
 2.40410e-09 2.67863e+04 5.68777e-18 +0.00000e+00
 2.99358e-09 2.67909e+04 7.08393e-18 +0.00000e+00
 3.72759e-09 2.67953e+04 8.82284e-18 +0.00000e+00
 4.64159e-09 2.67999e+04 1.09886e-17 +0.00000e+00
 5.77969e-09 2.68041e+04 1.36862e-17 +0.00000e+00
 7.19686e-09 2.68079e+04 1.70463e-17 +0.00000e+00
 8.96151e-09 2.68108e+04 2.12320e-17 +0.00000e+00
 1.11588e-08 2.68124e+04 2.64468e-17 +0.00000e+00
 1.38950e-08 2.68121e+04 3.29449e-17 +0.00000e+00
 1.73020e-08 2.68089e+04 4.10440e-17 +0.00000e+00
 2.15443e-08 2.68016e+04 5.11419e-17 +0.00000e+00
 2.68270e-08 2.67890e+04 6.37369e-17 +0.00000e+00
 3.34048e-08 2.67698e+04 7.94535e-17 +0.00000e+00
 4.15956e-08 2.67433e+04 9.90729e-17 +0.00000e+00
 5.17947e-08 2.67099e+04 1.23569e-16 +0.00000e+00
 6.44947e-08 2.66717e+04 1.54149e-16 +0.00000e+00
 8.03086e-08 2.66323e+04 1.92306e-16 +0.00000e+00
 1.00000e-07 2.65951e+04 2.39890e-16 +0.00000e+00
 1.24520e-07 2.65627e+04 2.99195e-16 +0.00000e+00
 1.55052e-07 2.65360e+04 3.73081e-16 +0.00000e+00
 1.93070e-07 2.65143e+04 4.65126e-16 +0.00000e+00
 2.40410e-07 2.64880e+04 5.79980e-16 +0.00000e+00
 2.99358e-07 2.63863e+04 7.25261e-16 +0.00000e+00
 3.72759e-07 2.61387e+04 9.12007e-16 +0.00000e+00
 4.64159e-07 2.58240e+04 1.14992e-15 +0.00000e+00
 5.77969e-07 2.51921e+04 1.46834e-15 +0.00000e+00
 7.19686e-07 2.35182e+04 1.95923e-15 +0.00000e+00
 8.96151e-07 2.14518e+04 2.67574e-15 +0.00000e+00
 1.11588e-06 2.05608e+04 3.47781e-15 +0.00000e+00
 1.38950e-06 2.01583e+04 4.41974e-15 +0.00000e+00
 1.73020e-06 1.99464e+04 5.57019e-15 +0.00000e+00
 2.15443e-06 1.97913e+04 7.01212e-15 +0.00000e+00
 2.68270e-06 1.96910e+04 8.82100e-15 +0.00000e+00
 3.34048e-06 1.96247e+04 1.10700e-14 +0.00000e+00
 4.15956e-06 1.95810e+04 1.38704e-14 +0.00000e+00
 5.17947e-06 1.95532e+04 1.73626e-14 +0.00000e+00
 6.44947e-06 1.95384e+04 2.17167e-14 +0.00000e+00
 8.03086e-06 1.95341e+04 2.71437e-14 +0.00000e+00
 1.00000e-05 1.95391e+04 3.39058e-14 +0.00000e+00
 1.24520e-05 1.95529e+04 4.23282e-14 +0.00000e+00
 1.55052e-05 1.95754e+04 5.28144e-14 +0.00000e+00
 1.93070e-05 1.96069e+04 6.58649e-14 +0.00000e+00
 2.40410e-05 1.96480e+04 8.20990e-14 +0.00000e+00
 2.99358e-05 1.96996e+04 1.02281e-13 +0.00000e+00
 3.72759e-05 1.97625e+04 1.27353e-13 +0.00000e+00
 4.64159e-05 1.98379e+04 1.58466e-13 +0.00000e+00
 5.77969e-05 1.99274e+04 1.97027e-13 +0.00000e+00
 7.19686e-05 2.00321e+04 2.44757e-13 +0.00000e+00
 8.96151e-05 2.01533e+04 3.03751e-13 +0.00000e+00
 1.11588e-04 2.02924e+04 3.76572e-13 +0.00000e+00
 1.38950e-04 2.04505e+04 4.66346e-13 +0.00000e+00
 1.73020e-04 2.06285e+04 5.76934e-13 +0.00000e+00
 2.15443e-04 2.08267e+04 7.13035e-13 +0.00000e+00
 2.68270e-04 2.10451e+04 8.80293e-13 +0.00000e+00
 3.34048e-04 2.12825e+04 1.08562e-12 +0.00000e+00
 4.15956e-04 2.15368e+04 1.33743e-12 +0.00000e+00
 5.17947e-04 2.18050e+04 1.64598e-12 +0.00000e+00
 6.44947e-04 2.20829e+04 2.02380e-12 +0.00000e+00
 8.03086e-04 2.23653e+04 2.48621e-12 +0.00000e+00
 1.00000e-03 2.26460e+04 3.05193e-12 +0.00000e+00
 1.24520e-03 2.29184e+04 3.74383e-12 -2.54549e-07
 1.55052e-03 2.31759e+04 4.58967e-12 -3.16964e-07
 1.93070e-03 2.34101e+04 5.62358e-12 -3.94682e-07
 2.40410e-03 2.36152e+04 6.88647e-12 -4.91457e-07
 2.99358e-03 2.37868e+04 8.42730e-12 -6.11961e-07
 3.72759e-03 2.39233e+04 1.03037e-11 -7.62011e-07
 4.64159e-03 2.40274e+04 1.25819e-11 -9.48854e-07
 5.77969e-03 2.41068e+04 1.53349e-11 -1.18151e-06
 7.19686e-03 2.41726e+04 1.86420e-11 -1.47122e-06
 8.96151e-03 2.42368e+04 2.25865e-11 -1.83195e-06
 1.11588e-02 2.43095e+04 2.72576e-11 -2.28113e-06
 1.38950e-02 2.43990e+04 3.27482e-11 -2.84047e-06
 1.73020e-02 2.45121e+04 3.91567e-11 -3.53694e-06
 2.15443e-02 2.46547e+04 4.65869e-11 -4.40420e-06
 2.68270e-02 2.48322e+04 5.51493e-11 -5.48409e-06
 3.34048e-02 2.50493e+04 6.49618e-11 -6.82877e-06
 4.15956e-02 2.53099e+04 7.61551e-11 -8.50317e-06
 5.17947e-02 2.56166e+04 8.88766e-11 -1.05881e-05
 6.44947e-02 2.59709e+04 1.03296e-10 -1.31843e-05
 8.03086e-02 2.63729e+04 1.19610e-10 -1.64171e-05
 1.00000e-01 2.68200e+04 1.38058e-10 -2.04424e-05
 1.24520e-01 2.72992e+04 1.58959e-10 -2.54549e-05
 1.55052e-01 2.78203e+04 1.82557e-10 -3.16964e-05
 1.93070e-01 2.83758e+04 2.09223e-10 -3.94682e-05
 2.40410e-01 2.89668e+04 2.39313e-10 -4.91457e-05
 2.99358e-01 2.95945e+04 2.73221e-10 -6.11961e-05
 3.72759e-01 3.02558e+04 3.11408e-10 -7.62011e-05
 4.64159e-01 3.09673e+04 3.54175e-10 -9.48854e-05
 5.77969e-01 3.17305e+04 4.02004e-10 -1.18151e-04
 7.19686e-01 3.25512e+04 4.55356e-10 -1.47122e-04
 8.96151e-01 3.34332e+04 5.14772e-10 -1.83193e-04
 1.11588e+00 3.43786e+04 5.80929e-10 -2.28115e-04
 1.38950e+00 3.53882e+04 6.54713e-10 -2.84048e-04
 1.73020e+00 3.64624e+04 7.37276e-10 -3.53696e-04
 2.15443e+00 3.76004e+04 8.30050e-10 -4.40418e-04
 2.68270e+00 3.88000e+04 9.34731e-10 -5.48409e-04
 3.34048e+00 4.00569e+04 1.05323e-09 -6.13274e-04
 4.15956e+00 4.13655e+04 1.18761e-09 -6.13274e-04
 5.17947e+00 4.27218e+04 1.34005e-09 -6.13273e-04
 6.44947e+00 4.41250e+04 1.51283e-09 -6.13274e-04
 8.03086e+00 4.55772e+04 1.70840e-09 -6.13273e-04
 1.00000e+01 4.70815e+04 1.92946e-09 -6.13273e-04
 1.24520e+01 4.86415e+04 2.17903e-09 -6.13273e-04
 1.55052e+01 5.02593e+04 2.46062e-09 -6.13273e-04
 1.93070e+01 5.19350e+04 2.77822e-09 -6.13273e-04
 2.40410e+01 5.36693e+04 3.13633e-09 -6.13273e-04
 2.99358e+01 5.54621e+04 3.54007e-09 -6.13273e-04
 3.72759e+01 5.73139e+04 3.99511e-09 -6.13273e-04
 4.64159e+01 5.92254e+04 4.50776e-09 -6.13273e-04
 5.77969e+01 6.11985e+04 5.08510e-09 -6.13273e-04
 7.19686e+01 6.32354e+04 5.73498e-09 -6.13273e-04
 8.96151e+01 6.53405e+04 6.46585e-09 -6.13273e-04
 1.11588e+02 6.75193e+04 7.28777e-09 -6.13273e-04
 1.38950e+02 6.97776e+04 8.21118e-09 -6.13273e-04
 1.73020e+02 7.21240e+04 9.24861e-09 -6.13272e-04
 2.15443e+02 7.45619e+04 1.04134e-08 -6.13269e-04
 2.68270e+02 7.71100e+04 1.17203e-08 -6.13257e-04
 3.34048e+02 7.97508e+04 1.31888e-08 -6.13219e-04
 4.15956e+02 8.25494e+04 1.48307e-08 -6.13093e-04
 5.17947e+02 8.54030e+04 1.66856e-08 -6.12668e-04
 6.44947e+02 8.85144e+04 1.87434e-08 -6.11378e-04
 8.03086e+02 9.16018e+04 2.10873e-08 -6.07012e-04
 1.00000e+03 9.50676e+04 2.36646e-08 -5.94709e-04
