#n1=128 n2=4 Teff=35000 R=2.6134e+12 L=7.3099e+39 logg=+3.00
#   tau          T          rho         Fconv
 0.00000e+00 2.77826e+04 2.59350e-22 +0.00000e+00
 1.00000e-09 2.77826e+04 7.06359e-19 +0.00000e+00
 1.24520e-09 2.76591e+04 8.84008e-19 +0.00000e+00
 1.55052e-09 2.74238e+04 1.11088e-18 +0.00000e+00
 1.93070e-09 2.67672e+04 1.41808e-18 +0.00000e+00
 2.40410e-09 2.30934e+04 2.04811e-18 +0.00000e+00
 2.99358e-09 2.23330e+04 2.63879e-18 +0.00000e+00
 3.72759e-09 2.22590e+04 3.29876e-18 +0.00000e+00
 4.64159e-09 2.22070e+04 4.11968e-18 +0.00000e+00
 5.77969e-09 2.21644e+04 5.14268e-18 +0.00000e+00
 7.19686e-09 2.21261e+04 6.41841e-18 +0.00000e+00
 8.96151e-09 2.20897e+04 8.00990e-18 +0.00000e+00
 1.11588e-08 2.20457e+04 9.99939e-18 +0.00000e+00
 1.38950e-08 2.20124e+04 1.24770e-17 +0.00000e+00
 1.73020e-08 2.19804e+04 1.55675e-17 +0.00000e+00
 2.15443e-08 2.19493e+04 1.94227e-17 +0.00000e+00
 2.68270e-08 2.19041e+04 2.42481e-17 +0.00000e+00
 3.34048e-08 2.18723e+04 3.02541e-17 +0.00000e+00
 4.15956e-08 2.18395e+04 3.77494e-17 +0.00000e+00
 5.17947e-08 2.18045e+04 4.71063e-17 +0.00000e+00
 6.44947e-08 2.17409e+04 5.88602e-17 +0.00000e+00
 8.03086e-08 2.16946e+04 7.34888e-17 +0.00000e+00
 1.00000e-07 2.16421e+04 9.17796e-17 +0.00000e+00
 1.24520e-07 2.15823e+04 1.14662e-16 +0.00000e+00
 1.55052e-07 2.15145e+04 1.43305e-16 +0.00000e+00
 1.93070e-07 2.14382e+04 1.79174e-16 +0.00000e+00
 2.40410e-07 2.13541e+04 2.24108e-16 +0.00000e+00
 2.99358e-07 2.12636e+04 2.80399e-16 +0.00000e+00
 3.72759e-07 2.11697e+04 3.50894e-16 +0.00000e+00
 4.64159e-07 2.10764e+04 4.39110e-16 +0.00000e+00
 5.77969e-07 2.09888e+04 5.49369e-16 +0.00000e+00
 7.19686e-07 2.09124e+04 6.86971e-16 +0.00000e+00
 8.96151e-07 2.08520e+04 8.58412e-16 +0.00000e+00
 1.11588e-06 2.08117e+04 1.07166e-15 +0.00000e+00
 1.38950e-06 2.07943e+04 1.33650e-15 +0.00000e+00
 1.73020e-06 2.08251e+04 1.66310e-15 +0.00000e+00
 2.15443e-06 2.08532e+04 2.07014e-15 +0.00000e+00
 2.68270e-06 2.09205e+04 2.57258e-15 +0.00000e+00
 3.34048e-06 2.10047e+04 3.19519e-15 +0.00000e+00
 4.15956e-06 2.11062e+04 3.96612e-15 +0.00000e+00
 5.17947e-06 2.12212e+04 4.92036e-15 +0.00000e+00
 6.44947e-06 2.13585e+04 6.09814e-15 +0.00000e+00
 8.03086e-06 2.15079e+04 7.55403e-15 +0.00000e+00
 1.00000e-05 2.16714e+04 9.35213e-15 +0.00000e+00
 1.24520e-05 2.18463e+04 1.15730e-14 +0.00000e+00
 1.55052e-05 2.20313e+04 1.43156e-14 +0.00000e+00
 1.93070e-05 2.22214e+04 1.77050e-14 +0.00000e+00
 2.40410e-05 2.24173e+04 2.18925e-14 +0.00000e+00
 2.99358e-05 2.26181e+04 2.70665e-14 +0.00000e+00
 3.72759e-05 2.28236e+04 3.34595e-14 +0.00000e+00
 4.64159e-05 2.30328e+04 4.13604e-14 +0.00000e+00
 5.77969e-05 2.32472e+04 5.11224e-14 +0.00000e+00
 7.19686e-05 2.34680e+04 6.31804e-14 +0.00000e+00
 8.96151e-05 2.36970e+04 7.80672e-14 +0.00000e+00
 1.11588e-04 2.39362e+04 9.64331e-14 +0.00000e+00
 1.38950e-04 2.41876e+04 1.19072e-13 +0.00000e+00
 1.73020e-04 2.44522e+04 1.46957e-13 +0.00000e+00
 2.15443e-04 2.47308e+04 1.81276e-13 +0.00000e+00
 2.68270e-04 2.50229e+04 2.23494e-13 +0.00000e+00
 3.34048e-04 2.53270e+04 2.75415e-13 +0.00000e+00
 4.15956e-04 2.56409e+04 3.39275e-13 +0.00000e+00
 5.17947e-04 2.59610e+04 4.17842e-13 +0.00000e+00
 6.44947e-04 2.62834e+04 5.14560e-13 +0.00000e+00
 8.03086e-04 2.66035e+04 6.33719e-13 +0.00000e+00
 1.00000e-03 2.69165e+04 7.80668e-13 +0.00000e+00
 1.24520e-03 2.72176e+04 9.62078e-13 -2.54313e-07
 1.55052e-03 2.75020e+04 1.18629e-12 -3.16670e-07
 1.93070e-03 2.77644e+04 1.46374e-12 -3.94317e-07
 2.40410e-03 2.79996e+04 1.80752e-12 -4.91002e-07
 2.99358e-03 2.82032e+04 2.23395e-12 -6.11394e-07
 3.72759e-03 2.83729e+04 2.76322e-12 -7.61306e-07
 4.64159e-03 2.85105e+04 3.41991e-12 -9.47976e-07
 5.77969e-03 2.86204e+04 4.23365e-12 -1.18042e-06
 7.19686e-03 2.87091e+04 5.23974e-12 -1.46985e-06
 8.96151e-03 2.87849e+04 6.47973e-12 -1.83026e-06
 1.11588e-02 2.88569e+04 8.00195e-12 -2.27903e-06
 1.38950e-02 2.89342e+04 9.86197e-12 -2.83785e-06
 1.73020e-02 2.90251e+04 1.21234e-11 -3.53367e-06
 2.15443e-02 2.91358e+04 1.48588e-11 -4.40012e-06
 2.68270e-02 2.92711e+04 1.81498e-11 -5.47902e-06
 3.34048e-02 2.94359e+04 2.20859e-11 -6.82245e-06
 4.15956e-02 2.96356e+04 2.67635e-11 -8.49529e-06
 5.17947e-02 2.98764e+04 3.22839e-11 -1.05783e-05
 6.44947e-02 3.01648e+04 3.87529e-11 -1.31720e-05
 8.03086e-02 3.05066e+04 4.62807e-11 -1.64018e-05
 1.00000e-01 3.09061e+04 5.49842e-11 -2.04235e-05
 1.24520e-01 3.13658e+04 6.49909e-11 -2.54313e-05
 1.55052e-01 3.18854e+04 7.64459e-11 -3.16670e-05
 1.93070e-01 3.24617e+04 8.95204e-11 -3.94317e-05
 2.40410e-01 3.30895e+04 1.04421e-10 -4.91002e-05
 2.99358e-01 3.37619e+04 1.21398e-10 -6.11394e-05
 3.72759e-01 3.44652e+04 1.40775e-10 -7.61306e-05
 4.64159e-01 3.51857e+04 1.62928e-10 -9.47976e-05
 5.77969e-01 3.59479e+04 1.88099e-10 -1.18042e-04
 7.19686e-01 3.67747e+04 2.16559e-10 -1.46985e-04
 8.96151e-01 3.76170e+04 2.49043e-10 -1.83026e-04
 1.11588e+00 3.85292e+04 2.85700e-10 -2.27903e-04
 1.38950e+00 3.95029e+04 3.27147e-10 -2.83785e-04
 1.73020e+00 4.05474e+04 3.73928e-10 -3.53367e-04
 2.15443e+00 4.17136e+04 4.26305e-10 -4.40012e-04
 2.68270e+00 4.29482e+04 4.85592e-10 -5.47902e-04
 3.34048e+00 4.42606e+04 5.52584e-10 -6.12706e-04
 4.15956e+00 4.56597e+04 6.28165e-10 -6.12706e-04
 5.17947e+00 4.72455e+04 7.12293e-10 -6.12704e-04
 6.44947e+00 4.87282e+04 8.10185e-10 -6.12708e-04
 8.03086e+00 5.05356e+04 9.16827e-10 -6.12706e-04
 1.00000e+01 5.22657e+04 1.04059e-09 -6.12706e-04
 1.24520e+01 5.41644e+04 1.17881e-09 -6.12707e-04
 1.55052e+01 5.60512e+04 1.33709e-09 -6.12707e-04
 1.93070e+01 5.81857e+04 1.51236e-09 -6.12706e-04
 2.40410e+01 6.00716e+04 1.71863e-09 -6.12706e-04
 2.99358e+01 6.24376e+04 1.94022e-09 -6.12706e-04
 3.72759e+01 6.44652e+04 2.20349e-09 -6.12706e-04
 4.64159e+01 6.68591e+04 2.49006e-09 -6.12706e-04
 5.77969e+01 6.92430e+04 2.81740e-09 -6.12706e-04
 7.19686e+01 7.16098e+04 3.18981e-09 -6.12706e-04
 8.96151e+01 7.43395e+04 3.59776e-09 -6.12706e-04
 1.11588e+02 7.68799e+04 4.07128e-09 -6.12706e-04
 1.38950e+02 7.98129e+04 4.58904e-09 -6.12706e-04
 1.73020e+02 8.27007e+04 5.18183e-09 -6.12706e-04
 2.15443e+02 8.58196e+04 5.84204e-09 -6.12706e-04
 2.68270e+02 8.90490e+04 6.58680e-09 -6.12706e-04
 3.34048e+02 9.24240e+04 7.42452e-09 -6.12706e-04
 4.15956e+02 9.59540e+04 8.36628e-09 -6.12704e-04
 5.17947e+02 9.95982e+04 9.42898e-09 -6.12703e-04
 6.44947e+02 1.03445e+05 1.06200e-08 -6.12696e-04
 8.03086e+02 1.07323e+05 1.19716e-08 -6.12674e-04
 1.00000e+03 1.11543e+05 1.34716e-08 -6.12609e-04
