#n1=128 n2=4 Teff=35000 R=6.9924e+11 L=5.2207e+38 logg=+4.00
#   tau          T          rho         Fconv
 0.00000e+00 2.68551e+04 2.67713e-22 +0.00000e+00
 1.00000e-09 2.68551e+04 7.54647e-18 +0.00000e+00
 1.24520e-09 2.68619e+04 9.39659e-18 +0.00000e+00
 1.55052e-09 2.68699e+04 1.16998e-17 +0.00000e+00
 1.93070e-09 2.68791e+04 1.45670e-17 +0.00000e+00
 2.40410e-09 2.68898e+04 1.81358e-17 +0.00000e+00
 2.99358e-09 2.69021e+04 2.25775e-17 +0.00000e+00
 3.72759e-09 2.69163e+04 2.81052e-17 +0.00000e+00
 4.64159e-09 2.69326e+04 3.49834e-17 +0.00000e+00
 5.77969e-09 2.69514e+04 4.35412e-17 +0.00000e+00
 7.19686e-09 2.69726e+04 5.41874e-17 +0.00000e+00
 8.96151e-09 2.69964e+04 6.74304e-17 +0.00000e+00
 1.11588e-08 2.70227e+04 8.39024e-17 +0.00000e+00
 1.38950e-08 2.70512e+04 1.04390e-16 +0.00000e+00
 1.73020e-08 2.70815e+04 1.29871e-16 +0.00000e+00
 2.15443e-08 2.71131e+04 1.61564e-16 +0.00000e+00
 2.68270e-08 2.71455e+04 2.00987e-16 +0.00000e+00
 3.34048e-08 2.71779e+04 2.50030e-16 +0.00000e+00
 4.15956e-08 2.72097e+04 3.11047e-16 +0.00000e+00
 5.17947e-08 2.72402e+04 3.86974e-16 +0.00000e+00
 6.44947e-08 2.72689e+04 4.81469e-16 +0.00000e+00
 8.03086e-08 2.72953e+04 5.99086e-16 +0.00000e+00
 1.00000e-07 2.73194e+04 7.45504e-16 +0.00000e+00
 1.24520e-07 2.73410e+04 9.27789e-16 +0.00000e+00
 1.55052e-07 2.73605e+04 1.15474e-15 +0.00000e+00
 1.93070e-07 2.73783e+04 1.43729e-15 +0.00000e+00
 2.40410e-07 2.73949e+04 1.78907e-15 +0.00000e+00
 2.99358e-07 2.74108e+04 2.22700e-15 +0.00000e+00
 3.72759e-07 2.74266e+04 2.77214e-15 +0.00000e+00
 4.64159e-07 2.74425e+04 3.45071e-15 +0.00000e+00
 5.77969e-07 2.74589e+04 4.29531e-15 +0.00000e+00
 7.19686e-07 2.74758e+04 5.34654e-15 +0.00000e+00
 8.96151e-07 2.74923e+04 6.65513e-15 +0.00000e+00
 1.11588e-06 2.75084e+04 8.28412e-15 +0.00000e+00
 1.38950e-06 2.75219e+04 1.03128e-14 +0.00000e+00
 1.73020e-06 2.75304e+04 1.28406e-14 +0.00000e+00
 2.15443e-06 2.75208e+04 1.59985e-14 +0.00000e+00
 2.68270e-06 2.74216e+04 1.99979e-14 +0.00000e+00
 3.34048e-06 2.50468e+04 2.72683e-14 +0.00000e+00
 4.15956e-06 2.07207e+04 4.10696e-14 +0.00000e+00
 5.17947e-06 2.04591e+04 5.18226e-14 +0.00000e+00
 6.44947e-06 2.03540e+04 6.49445e-14 +0.00000e+00
 8.03086e-06 2.03147e+04 8.14802e-14 +0.00000e+00
 1.00000e-05 2.03011e+04 1.02073e-13 +0.00000e+00
 1.24520e-05 2.03041e+04 1.27733e-13 +0.00000e+00
 1.55052e-05 2.03207e+04 1.59755e-13 +0.00000e+00
 1.93070e-05 2.03487e+04 1.99700e-13 +0.00000e+00
 2.40410e-05 2.03882e+04 2.49466e-13 +0.00000e+00
 2.99358e-05 2.04395e+04 3.11381e-13 +0.00000e+00
 3.72759e-05 2.05035e+04 3.88298e-13 +0.00000e+00
 4.64159e-05 2.05812e+04 4.83727e-13 +0.00000e+00
 5.77969e-05 2.06737e+04 6.01969e-13 +0.00000e+00
 7.19686e-05 2.07823e+04 7.48275e-13 +0.00000e+00
 8.96151e-05 2.09083e+04 9.29020e-13 +0.00000e+00
 1.11588e-04 2.10528e+04 1.15193e-12 +0.00000e+00
 1.38950e-04 2.12168e+04 1.42630e-12 +0.00000e+00
 1.73020e-04 2.14010e+04 1.76332e-12 +0.00000e+00
 2.15443e-04 2.16055e+04 2.17645e-12 +0.00000e+00
 2.68270e-04 2.18298e+04 2.68183e-12 +0.00000e+00
 3.34048e-04 2.20724e+04 3.29877e-12 +0.00000e+00
 4.15956e-04 2.23312e+04 4.05017e-12 +0.00000e+00
 5.17947e-04 2.26028e+04 4.96326e-12 +0.00000e+00
 6.44947e-04 2.28830e+04 6.07024e-12 +0.00000e+00
 8.03086e-04 2.31668e+04 7.40927e-12 +0.00000e+00
 1.00000e-03 2.34488e+04 9.02530e-12 +0.00000e+00
 1.24520e-03 2.37237e+04 1.09713e-11 -2.54913e-07
 1.55052e-03 2.39860e+04 1.33093e-11 -3.17418e-07
 1.93070e-03 2.42312e+04 1.61121e-11 -3.95247e-07
 2.40410e-03 2.44552e+04 1.94641e-11 -4.92160e-07
 2.99358e-03 2.46552e+04 2.34621e-11 -6.12837e-07
 3.72759e-03 2.48294e+04 2.82162e-11 -7.63103e-07
 4.64159e-03 2.49778e+04 3.38468e-11 -9.50213e-07
 5.77969e-03 2.51023e+04 4.04828e-11 -1.18320e-06
 7.19686e-03 2.52072e+04 4.82605e-11 -1.47332e-06
 8.96151e-03 2.52986e+04 5.73220e-11 -1.83457e-06
 1.11588e-02 2.53841e+04 6.78104e-11 -2.28440e-06
 1.38950e-02 2.54719e+04 7.98734e-11 -2.84454e-06
 1.73020e-02 2.55699e+04 9.36656e-11 -3.54201e-06
 2.15443e-02 2.56851e+04 1.09353e-10 -4.41050e-06
 2.68270e-02 2.58239e+04 1.27115e-10 -5.49194e-06
 3.34048e-02 2.59919e+04 1.47151e-10 -6.83855e-06
 4.15956e-02 2.61946e+04 1.69682e-10 -8.51534e-06
 5.17947e-02 2.64365e+04 1.94962e-10 -1.06033e-05
 6.44947e-02 2.67217e+04 2.23279e-10 -1.32031e-05
 8.03086e-02 2.70531e+04 2.54972e-10 -1.64405e-05
 1.00000e-01 2.74320e+04 2.90440e-10 -2.04717e-05
 1.24520e-01 2.78586e+04 3.30148e-10 -2.54913e-05
 1.55052e-01 2.83321e+04 3.74636e-10 -3.17418e-05
 1.93070e-01 2.88515e+04 4.24515e-10 -3.95247e-05
 2.40410e-01 2.94164e+04 4.80458e-10 -4.92160e-05
 2.99358e-01 3.00274e+04 5.43198e-10 -6.12837e-05
 3.72759e-01 3.06861e+04 6.13521e-10 -7.63103e-05
 4.64159e-01 3.13957e+04 6.92248e-10 -9.50213e-05
 5.77969e-01 3.21606e+04 7.80232e-10 -1.18320e-04
 7.19686e-01 3.29838e+04 8.78409e-10 -1.47332e-04
 8.96151e-01 3.38657e+04 9.87850e-10 -1.83461e-04
 1.11588e+00 3.48084e+04 1.10970e-09 -2.28440e-04
 1.38950e+00 3.58119e+04 1.24540e-09 -2.84455e-04
 1.73020e+00 3.68756e+04 1.39681e-09 -3.54201e-04
 2.15443e+00 3.79980e+04 1.56635e-09 -4.41050e-04
 2.68270e+00 3.91731e+04 1.75713e-09 -5.49194e-04
 3.34048e+00 4.03962e+04 1.97262e-09 -6.14151e-04
 4.15956e+00 4.16644e+04 2.21649e-09 -6.14151e-04
 5.17947e+00 4.29792e+04 2.49248e-09 -6.14151e-04
 6.44947e+00 4.43293e+04 2.80526e-09 -6.14151e-04
 8.03086e+00 4.57412e+04 3.15779e-09 -6.14151e-04
 1.00000e+01 4.71941e+04 3.55646e-09 -6.14151e-04
 1.24520e+01 4.87068e+04 4.00560e-09 -6.14151e-04
 1.55052e+01 5.02665e+04 4.51245e-09 -6.14151e-04
 1.93070e+01 5.19078e+04 5.08152e-09 -6.14151e-04
 2.40410e+01 5.35453e+04 5.72805e-09 -6.14151e-04
 2.99358e+01 5.53323e+04 6.44629e-09 -6.14151e-04
 3.72759e+01 5.70636e+04 7.26829e-09 -6.14151e-04
 4.64159e+01 5.89396e+04 8.18136e-09 -6.14151e-04
 5.77969e+01 6.08463e+04 9.21413e-09 -6.14151e-04
 7.19686e+01 6.27540e+04 1.03827e-08 -6.14151e-04
 8.96151e+01 6.48590e+04 1.16760e-08 -6.14151e-04
 1.11588e+02 6.68611e+04 1.31588e-08 -6.14149e-04
 1.38950e+02 6.91010e+04 1.47914e-08 -6.14144e-04
 1.73020e+02 7.13004e+04 1.66518e-08 -6.14124e-04
 2.15443e+02 7.36614e+04 1.87203e-08 -6.14060e-04
 2.68270e+02 7.60894e+04 2.10499e-08 -6.13832e-04
 3.34048e+02 7.86275e+04 2.36608e-08 -6.13070e-04
 4.15956e+02 8.13003e+04 2.65813e-08 -6.10579e-04
 5.17947e+02 8.40502e+04 2.98713e-08 -6.02333e-04
 6.44947e+02 8.70327e+04 3.35244e-08 -5.77474e-04
 8.03086e+02 9.00059e+04 3.76785e-08 -4.96676e-04
 1.00000e+03 9.33569e+04 4.22374e-08 -2.83263e-04
