#n1=128 n2=4 Teff=36000 R=2.6887e+12 L=8.6566e+39 logg=+3.00
#   tau          T          rho         Fconv
 0.00000e+00 2.93334e+04 2.45264e-22 +0.00000e+00
 1.00000e-09 2.93334e+04 6.66417e-19 +0.00000e+00
 1.24520e-09 2.91991e+04 8.34145e-19 +0.00000e+00
 1.55052e-09 2.90365e+04 1.04514e-18 +0.00000e+00
 1.93070e-09 2.88886e+04 1.30890e-18 +0.00000e+00
 2.40410e-09 2.87152e+04 1.64074e-18 +0.00000e+00
 2.99358e-09 2.79359e+04 2.10139e-18 +0.00000e+00
 3.72759e-09 2.75464e+04 2.65537e-18 +0.00000e+00
 4.64159e-09 2.66421e+04 3.42091e-18 +0.00000e+00
 5.77969e-09 2.44989e+04 4.63538e-18 +0.00000e+00
 7.19686e-09 2.37262e+04 5.96374e-18 +0.00000e+00
 8.96151e-09 2.35615e+04 7.48256e-18 +0.00000e+00
 1.11588e-08 2.33812e+04 9.39480e-18 +0.00000e+00
 1.38950e-08 2.32767e+04 1.17579e-17 +0.00000e+00
 1.73020e-08 2.32179e+04 1.46865e-17 +0.00000e+00
 2.15443e-08 2.31659e+04 1.83392e-17 +0.00000e+00
 2.68270e-08 2.31260e+04 2.28883e-17 +0.00000e+00
 3.34048e-08 2.30937e+04 2.85565e-17 +0.00000e+00
 4.15956e-08 2.30664e+04 3.56204e-17 +0.00000e+00
 5.17947e-08 2.30428e+04 4.44246e-17 +0.00000e+00
 6.44947e-08 2.30218e+04 5.53985e-17 +0.00000e+00
 8.03086e-08 2.30035e+04 6.90751e-17 +0.00000e+00
 1.00000e-07 2.29875e+04 8.61197e-17 +0.00000e+00
 1.24520e-07 2.29735e+04 1.07361e-16 +0.00000e+00
 1.55052e-07 2.29613e+04 1.33830e-16 +0.00000e+00
 1.93070e-07 2.29507e+04 1.66814e-16 +0.00000e+00
 2.40410e-07 2.29413e+04 2.07918e-16 +0.00000e+00
 2.99358e-07 2.29326e+04 2.59142e-16 +0.00000e+00
 3.72759e-07 2.29237e+04 3.22989e-16 +0.00000e+00
 4.64159e-07 2.29149e+04 4.02568e-16 +0.00000e+00
 5.77969e-07 2.29051e+04 5.01776e-16 +0.00000e+00
 7.19686e-07 2.28937e+04 6.25477e-16 +0.00000e+00
 8.96151e-07 2.28801e+04 7.79752e-16 +0.00000e+00
 1.11588e-06 2.28637e+04 9.72209e-16 +0.00000e+00
 1.38950e-06 2.28437e+04 1.21237e-15 +0.00000e+00
 1.73020e-06 2.28196e+04 1.51214e-15 +0.00000e+00
 2.15443e-06 2.27909e+04 1.88647e-15 +0.00000e+00
 2.68270e-06 2.27579e+04 2.35396e-15 +0.00000e+00
 3.34048e-06 2.27197e+04 2.93811e-15 +0.00000e+00
 4.15956e-06 2.26778e+04 3.66800e-15 +0.00000e+00
 5.17947e-06 2.26346e+04 4.57978e-15 +0.00000e+00
 6.44947e-06 2.25926e+04 5.71843e-15 +0.00000e+00
 8.03086e-06 2.25575e+04 7.13862e-15 +0.00000e+00
 1.00000e-05 2.25426e+04 8.90417e-15 +0.00000e+00
 1.24520e-05 2.25381e+04 1.11018e-14 +0.00000e+00
 1.55052e-05 2.25648e+04 1.38233e-14 +0.00000e+00
 1.93070e-05 2.26133e+04 1.71960e-14 +0.00000e+00
 2.40410e-05 2.26938e+04 2.13618e-14 +0.00000e+00
 2.99358e-05 2.28055e+04 2.65008e-14 +0.00000e+00
 3.72759e-05 2.29454e+04 3.28358e-14 +0.00000e+00
 4.64159e-05 2.31093e+04 4.06435e-14 +0.00000e+00
 5.77969e-05 2.32925e+04 5.02675e-14 +0.00000e+00
 7.19686e-05 2.34907e+04 6.21334e-14 +0.00000e+00
 8.96151e-05 2.37004e+04 7.67684e-14 +0.00000e+00
 1.11588e-04 2.39190e+04 9.48231e-14 +0.00000e+00
 1.38950e-04 2.41453e+04 1.17099e-13 +0.00000e+00
 1.73020e-04 2.43786e+04 1.44583e-13 +0.00000e+00
 2.15443e-04 2.46193e+04 1.78485e-13 +0.00000e+00
 2.68270e-04 2.48686e+04 2.20286e-13 +0.00000e+00
 3.34048e-04 2.51279e+04 2.71796e-13 +0.00000e+00
 4.15956e-04 2.53997e+04 3.35213e-13 +0.00000e+00
 5.17947e-04 2.56824e+04 4.13281e-13 +0.00000e+00
 6.44947e-04 2.59773e+04 5.09317e-13 +0.00000e+00
 8.03086e-04 2.62856e+04 6.27380e-13 +0.00000e+00
 1.00000e-03 2.65982e+04 7.72714e-13 +0.00000e+00
 1.24520e-03 2.69129e+04 9.51635e-13 -2.54416e-07
 1.55052e-03 2.72219e+04 1.17218e-12 -3.16797e-07
 1.93070e-03 2.75285e+04 1.44379e-12 -3.94475e-07
 2.40410e-03 2.78210e+04 1.77890e-12 -4.91200e-07
 2.99358e-03 2.80894e+04 2.19304e-12 -6.11640e-07
 3.72759e-03 2.83367e+04 2.70446e-12 -7.61613e-07
 4.64159e-03 2.85548e+04 3.33667e-12 -9.48357e-07
 5.77969e-03 2.87412e+04 4.11822e-12 -1.18090e-06
 7.19686e-03 2.88973e+04 5.08348e-12 -1.47044e-06
 8.96151e-03 2.90287e+04 6.27324e-12 -1.83099e-06
 1.11588e-02 2.91443e+04 7.73503e-12 -2.27995e-06
 1.38950e-02 2.92550e+04 9.52357e-12 -2.83898e-06
 1.73020e-02 2.93713e+04 1.17017e-11 -3.53509e-06
 2.15443e-02 2.95018e+04 1.43411e-11 -4.40189e-06
 2.68270e-02 2.96533e+04 1.75230e-11 -5.48122e-06
 3.34048e-02 2.98318e+04 2.13369e-11 -6.82519e-06
 4.15956e-02 3.00438e+04 2.58799e-11 -8.49871e-06
 5.17947e-02 3.02962e+04 3.12544e-11 -1.05826e-05
 6.44947e-02 3.05961e+04 3.75683e-11 -1.31774e-05
 8.03086e-02 3.09493e+04 4.49351e-11 -1.64084e-05
 1.00000e-01 3.13602e+04 5.34762e-11 -2.04318e-05
 1.24520e-01 3.18308e+04 6.33256e-11 -2.54416e-05
 1.55052e-01 3.23604e+04 7.46360e-11 -3.16797e-05
 1.93070e-01 3.29455e+04 8.75872e-11 -3.94475e-05
 2.40410e-01 3.35806e+04 1.02393e-10 -4.91200e-05
 2.99358e-01 3.42593e+04 1.19307e-10 -6.11640e-05
 3.72759e-01 3.49693e+04 1.38647e-10 -7.61613e-05
 4.64159e-01 3.56993e+04 1.60775e-10 -9.48357e-05
 5.77969e-01 3.64717e+04 1.85944e-10 -1.18090e-04
 7.19686e-01 3.73080e+04 2.14435e-10 -1.47044e-04
 8.96151e-01 3.81656e+04 2.46929e-10 -1.83099e-04
 1.11588e+00 3.90943e+04 2.83612e-10 -2.27995e-04
 1.38950e+00 4.00876e+04 3.25078e-10 -2.83898e-04
 1.73020e+00 4.11556e+04 3.71864e-10 -3.53509e-04
 2.15443e+00 4.23453e+04 4.24272e-10 -4.40189e-04
 2.68270e+00 4.36077e+04 4.83557e-10 -5.48122e-04
 3.34048e+00 4.49513e+04 5.50525e-10 -6.12953e-04
 4.15956e+00 4.63832e+04 6.26083e-10 -6.12959e-04
 5.17947e+00 4.80019e+04 7.10232e-10 -6.12957e-04
 6.44947e+00 4.95171e+04 8.08116e-10 -6.12952e-04
 8.03086e+00 5.13526e+04 9.14909e-10 -6.12952e-04
 1.00000e+01 5.31044e+04 1.03888e-09 -6.12952e-04
 1.24520e+01 5.50240e+04 1.17735e-09 -6.12953e-04
 1.55052e+01 5.69261e+04 1.33595e-09 -6.12953e-04
 1.93070e+01 5.90855e+04 1.51136e-09 -6.12953e-04
 2.40410e+01 6.09966e+04 1.71765e-09 -6.12953e-04
 2.99358e+01 6.34046e+04 1.93899e-09 -6.12953e-04
 3.72759e+01 6.54822e+04 2.20166e-09 -6.12953e-04
 4.64159e+01 6.79409e+04 2.48742e-09 -6.12953e-04
 5.77969e+01 7.04086e+04 2.81342e-09 -6.12953e-04
 7.19686e+01 7.28758e+04 3.18406e-09 -6.12953e-04
 8.96151e+01 7.57279e+04 3.58991e-09 -6.12953e-04
 1.11588e+02 7.84076e+04 4.06077e-09 -6.12953e-04
 1.38950e+02 8.14964e+04 4.57596e-09 -6.12953e-04
 1.73020e+02 8.45481e+04 5.16619e-09 -6.12953e-04
 2.15443e+02 8.78440e+04 5.82396e-09 -6.12953e-04
 2.68270e+02 9.12540e+04 6.56680e-09 -6.12953e-04
 3.34048e+02 9.48185e+04 7.40280e-09 -6.12953e-04
 4.15956e+02 9.85457e+04 8.34324e-09 -6.12952e-04
 5.17947e+02 1.02382e+05 9.40578e-09 -6.12951e-04
 6.44947e+02 1.06423e+05 1.05975e-08 -6.12945e-04
 8.03086e+02 1.10473e+05 1.19523e-08 -6.12930e-04
 1.00000e+03 1.14891e+05 1.34541e-08 -6.12885e-04
