#n1=128 n2=4 Teff=36000 R=7.1881e+11 L=6.1834e+38 logg=+4.00
#   tau          T          rho         Fconv
 0.00000e+00 2.21061e+04 3.25960e-22 +0.00000e+00
 1.00000e-09 2.21061e+04 9.23706e-18 +0.00000e+00
 1.24520e-09 2.20825e+04 1.15165e-17 +0.00000e+00
 1.55052e-09 2.20606e+04 1.43575e-17 +0.00000e+00
 1.93070e-09 2.20395e+04 1.78987e-17 +0.00000e+00
 2.40410e-09 2.20184e+04 2.23135e-17 +0.00000e+00
 2.99358e-09 1.59658e+04 3.85980e-17 +0.00000e+00
 3.72759e-09 1.59513e+04 4.80543e-17 +0.00000e+00
 4.64159e-09 1.59457e+04 5.98104e-17 +0.00000e+00
 5.77969e-09 1.59450e+04 7.44363e-17 +0.00000e+00
 7.19686e-09 1.59490e+04 9.26279e-17 +0.00000e+00
 8.96151e-09 1.59577e+04 1.15251e-16 +0.00000e+00
 1.11588e-08 1.59711e+04 1.43377e-16 +0.00000e+00
 1.38950e-08 1.59892e+04 1.78337e-16 +0.00000e+00
 1.73020e-08 1.60126e+04 2.21777e-16 +0.00000e+00
 2.15443e-08 1.60416e+04 2.75731e-16 +0.00000e+00
 2.68270e-08 1.60770e+04 3.42717e-16 +0.00000e+00
 3.34048e-08 1.61194e+04 4.25838e-16 +0.00000e+00
 4.15956e-08 1.61699e+04 5.28919e-16 +0.00000e+00
 5.17947e-08 1.62291e+04 6.56678e-16 +0.00000e+00
 6.44947e-08 1.62982e+04 8.14903e-16 +0.00000e+00
 8.03086e-08 1.63781e+04 1.01072e-15 +0.00000e+00
 1.00000e-07 1.64700e+04 1.25284e-15 +0.00000e+00
 1.24520e-07 1.65749e+04 1.55199e-15 +0.00000e+00
 1.55052e-07 1.66937e+04 1.92128e-15 +0.00000e+00
 1.93070e-07 1.68271e+04 2.37676e-15 +0.00000e+00
 2.40410e-07 1.69752e+04 2.93822e-15 +0.00000e+00
 2.99358e-07 1.71381e+04 3.62996e-15 +0.00000e+00
 3.72759e-07 1.73147e+04 4.48197e-15 +0.00000e+00
 4.64159e-07 1.75034e+04 5.53152e-15 +0.00000e+00
 5.77969e-07 1.77017e+04 6.82509e-15 +0.00000e+00
 7.19686e-07 1.79064e+04 8.42071e-15 +0.00000e+00
 8.96151e-07 1.81140e+04 1.03911e-14 +0.00000e+00
 1.11588e-06 1.83208e+04 1.28273e-14 +0.00000e+00
 1.38950e-06 1.85239e+04 1.58426e-14 +0.00000e+00
 1.73020e-06 1.87213e+04 1.95776e-14 +0.00000e+00
 2.15443e-06 1.89125e+04 2.42060e-14 +0.00000e+00
 2.68270e-06 1.90988e+04 2.99409e-14 +0.00000e+00
 3.34048e-06 1.92827e+04 3.70431e-14 +0.00000e+00
 4.15956e-06 1.94675e+04 4.58307e-14 +0.00000e+00
 5.17947e-06 1.96563e+04 5.66931e-14 +0.00000e+00
 6.44947e-06 1.98511e+04 7.01089e-14 +0.00000e+00
 8.03086e-06 2.00533e+04 8.66680e-14 +0.00000e+00
 1.00000e-05 2.02639e+04 1.07097e-13 +0.00000e+00
 1.24520e-05 2.04836e+04 1.32289e-13 +0.00000e+00
 1.55052e-05 2.07129e+04 1.63343e-13 +0.00000e+00
 1.93070e-05 2.09521e+04 2.01611e-13 +0.00000e+00
 2.40410e-05 2.12016e+04 2.48750e-13 +0.00000e+00
 2.99358e-05 2.14612e+04 3.06795e-13 +0.00000e+00
 3.72759e-05 2.17304e+04 3.78246e-13 +0.00000e+00
 4.64159e-05 2.20085e+04 4.66170e-13 +0.00000e+00
 5.77969e-05 2.22943e+04 5.74330e-13 +0.00000e+00
 7.19686e-05 2.25868e+04 7.07341e-13 +0.00000e+00
 8.96151e-05 2.28849e+04 8.70859e-13 +0.00000e+00
 1.11588e-04 2.31875e+04 1.07180e-12 +0.00000e+00
 1.38950e-04 2.34937e+04 1.31862e-12 +0.00000e+00
 1.73020e-04 2.38028e+04 1.62160e-12 +0.00000e+00
 2.15443e-04 2.41143e+04 1.99324e-12 +0.00000e+00
 2.68270e-04 2.44277e+04 2.44868e-12 +0.00000e+00
 3.34048e-04 2.47421e+04 3.00620e-12 +0.00000e+00
 4.15956e-04 2.50558e+04 3.68797e-12 +0.00000e+00
 5.17947e-04 2.53658e+04 4.52074e-12 +0.00000e+00
 6.44947e-04 2.56687e+04 5.53679e-12 +0.00000e+00
 8.03086e-04 2.59601e+04 6.77480e-12 +0.00000e+00
 1.00000e-03 2.62360e+04 8.28085e-12 +0.00000e+00
 1.24520e-03 2.64933e+04 1.01093e-11 -2.54570e-07
 1.55052e-03 2.67291e+04 1.23241e-11 -3.16990e-07
 1.93070e-03 2.69401e+04 1.50004e-11 -3.94714e-07
 2.40410e-03 2.71232e+04 1.82262e-11 -4.91498e-07
 2.99358e-03 2.72765e+04 2.21033e-11 -6.12011e-07
 3.72759e-03 2.74005e+04 2.67460e-11 -7.62075e-07
 4.64159e-03 2.74982e+04 3.22823e-11 -9.48933e-07
 5.77969e-03 2.75749e+04 3.88462e-11 -1.18161e-06
 7.19686e-03 2.76366e+04 4.65814e-11 -1.47133e-06
 8.96151e-03 2.76910e+04 5.56374e-11 -1.83210e-06
 1.11588e-02 2.77465e+04 6.61650e-11 -2.28133e-06
 1.38950e-02 2.78118e+04 7.83200e-11 -2.84071e-06
 1.73020e-02 2.78940e+04 9.22662e-11 -3.53724e-06
 2.15443e-02 2.79985e+04 1.08181e-10 -4.40456e-06
 2.68270e-02 2.81296e+04 1.26261e-10 -5.48455e-06
 3.34048e-02 2.82917e+04 1.46716e-10 -6.82934e-06
 4.15956e-02 2.84903e+04 1.69772e-10 -8.50387e-06
 5.17947e-02 2.87317e+04 1.95675e-10 -1.05890e-05
 6.44947e-02 2.90228e+04 2.24691e-10 -1.31854e-05
 8.03086e-02 2.93697e+04 2.57123e-10 -1.64184e-05
 1.00000e-01 2.97775e+04 2.93318e-10 -2.04442e-05
 1.24520e-01 3.02494e+04 3.33682e-10 -2.54570e-05
 1.55052e-01 3.07859e+04 3.78698e-10 -3.16990e-05
 1.93070e-01 3.13845e+04 4.28930e-10 -3.94714e-05
 2.40410e-01 3.20400e+04 4.85043e-10 -4.91498e-05
 2.99358e-01 3.27453e+04 5.47804e-10 -6.12011e-05
 3.72759e-01 3.34846e+04 6.18215e-10 -7.62075e-05
 4.64159e-01 3.42409e+04 6.97451e-10 -9.48933e-05
 5.77969e-01 3.50363e+04 7.86011e-10 -1.18161e-04
 7.19686e-01 3.58920e+04 8.84554e-10 -1.47133e-04
 8.96151e-01 3.67511e+04 9.95939e-10 -1.83210e-04
 1.11588e+00 3.76676e+04 1.12023e-09 -2.28134e-04
 1.38950e+00 3.86286e+04 1.25973e-09 -2.84072e-04
 1.73020e+00 3.96408e+04 1.41634e-09 -3.53724e-04
 2.15443e+00 4.07561e+04 1.59067e-09 -4.40457e-04
 2.68270e+00 4.19142e+04 1.78788e-09 -5.48455e-04
 3.34048e+00 4.31233e+04 2.01055e-09 -6.13325e-04
 4.15956e+00 4.43928e+04 2.26142e-09 -6.13325e-04
 5.17947e+00 4.58236e+04 2.53981e-09 -6.13325e-04
 6.44947e+00 4.71182e+04 2.86471e-09 -6.13325e-04
 8.03086e+00 4.87246e+04 3.21561e-09 -6.13325e-04
 1.00000e+01 5.02305e+04 3.62317e-09 -6.13325e-04
 1.24520e+01 5.18901e+04 4.07594e-09 -6.13325e-04
 1.55052e+01 5.35358e+04 4.59223e-09 -6.13325e-04
 1.93070e+01 5.54189e+04 5.16078e-09 -6.13325e-04
 2.40410e+01 5.70402e+04 5.83054e-09 -6.13325e-04
 2.99358e+01 5.91503e+04 6.54200e-09 -6.13325e-04
 3.72759e+01 6.08751e+04 7.39348e-09 -6.13325e-04
 4.64159e+01 6.29728e+04 8.31134e-09 -6.13325e-04
 5.77969e+01 6.50148e+04 9.36300e-09 -6.13325e-04
 7.19686e+01 6.69901e+04 1.05604e-08 -6.13325e-04
 8.96151e+01 6.93263e+04 1.18617e-08 -6.13325e-04
 1.11588e+02 7.13679e+04 1.33860e-08 -6.13324e-04
 1.38950e+02 7.38066e+04 1.50351e-08 -6.13322e-04
 1.73020e+02 7.61169e+04 1.69319e-08 -6.13314e-04
 2.15443e+02 7.86239e+04 1.90335e-08 -6.13289e-04
 2.68270e+02 8.12072e+04 2.13983e-08 -6.13201e-04
 3.34048e+02 8.39017e+04 2.40482e-08 -6.12901e-04
 4.15956e+02 8.67338e+04 2.70153e-08 -6.11906e-04
 5.17947e+02 8.96745e+04 3.03477e-08 -6.08613e-04
 6.44947e+02 9.28350e+04 3.40572e-08 -5.98440e-04
 8.03086e+02 9.59871e+04 3.82724e-08 -5.64569e-04
 1.00000e+03 9.95642e+04 4.28885e-08 -4.72965e-04
