#n1=128 n2=4 Teff=37000 R=1.4383e+12 L=2.7654e+39 logg=+3.50
#      tau          T          rho         Fconv
  0.00000e+00  2.01675e+04  3.64584e-22 +0.00000e+00
  1.00000e-09  2.01675e+04  3.28585e-18 +0.00000e+00
  1.24520e-09  2.01639e+04  4.09346e-18 +0.00000e+00
  1.55052e-09  2.01589e+04  5.09993e-18 +0.00000e+00
  1.93070e-09  2.01517e+04  6.35456e-18 +0.00000e+00
  2.40410e-09  2.01413e+04  7.91913e-18 +0.00000e+00
  2.99358e-09  2.01259e+04  9.87143e-18 +0.00000e+00
  3.72759e-09  2.01009e+04  1.23109e-17 +0.00000e+00
  4.64159e-09  2.00549e+04  1.53693e-17 +0.00000e+00
  5.77969e-09  1.99667e+04  1.92284e-17 +0.00000e+00
  7.19686e-09  1.81918e+04  2.62988e-17 +0.00000e+00
  8.96151e-09  1.81443e+04  3.28469e-17 +0.00000e+00
  1.11588e-08  1.81244e+04  4.09624e-17 +0.00000e+00
  1.38950e-08  1.81242e+04  5.10266e-17 +0.00000e+00
  1.73020e-08  1.81423e+04  6.34984e-17 +0.00000e+00
  2.15443e-08  1.81780e+04  7.89421e-17 +0.00000e+00
  2.68270e-08  1.82304e+04  9.80520e-17 +0.00000e+00
  3.34048e-08  1.82988e+04  1.21683e-16 +0.00000e+00
  4.15956e-08  1.84014e+04  1.50730e-16 +0.00000e+00
  5.17947e-08  1.85069e+04  1.86691e-16 +0.00000e+00
  6.44947e-08  1.86105e+04  2.31267e-16 +0.00000e+00
  8.03086e-08  1.87324e+04  2.86223e-16 +0.00000e+00
  1.00000e-07  1.88582e+04  3.54187e-16 +0.00000e+00
  1.24520e-07  1.89970e+04  4.38024e-16 +0.00000e+00
  1.55052e-07  1.91417e+04  5.41585e-16 +0.00000e+00
  1.93070e-07  1.92956e+04  6.69378e-16 +0.00000e+00
  2.40410e-07  1.94551e+04  8.27182e-16 +0.00000e+00
  2.99358e-07  1.96203e+04  1.02202e-15 +0.00000e+00
  3.72759e-07  1.97901e+04  1.26263e-15 +0.00000e+00
  4.64159e-07  1.99629e+04  1.55989e-15 +0.00000e+00
  5.77969e-07  2.01376e+04  1.92724e-15 +0.00000e+00
  7.19686e-07  2.03130e+04  2.38139e-15 +0.00000e+00
  8.96151e-07  2.04880e+04  2.94305e-15 +0.00000e+00
  1.11588e-06  2.06619e+04  3.63796e-15 +0.00000e+00
  1.38950e-06  2.08342e+04  4.49802e-15 +0.00000e+00
  1.73020e-06  2.10051e+04  5.56273e-15 +0.00000e+00
  2.15443e-06  2.11755e+04  6.88085e-15 +0.00000e+00
  2.68270e-06  2.13474e+04  8.51222e-15 +0.00000e+00
  3.34048e-06  2.15238e+04  1.05300e-14 +0.00000e+00
  4.15956e-06  2.17081e+04  1.30233e-14 +0.00000e+00
  5.17947e-06  2.19033e+04  1.61011e-14 +0.00000e+00
  6.44947e-06  2.21115e+04  1.98966e-14 +0.00000e+00
  8.03086e-06  2.23339e+04  2.45732e-14 +0.00000e+00
  1.00000e-05  2.25708e+04  3.03309e-14 +0.00000e+00
  1.24520e-05  2.28225e+04  3.74147e-14 +0.00000e+00
  1.55052e-05  2.30887e+04  4.61240e-14 +0.00000e+00
  1.93070e-05  2.33691e+04  5.68256e-14 +0.00000e+00
  2.40410e-05  2.36631e+04  6.99694e-14 +0.00000e+00
  2.99358e-05  2.39693e+04  8.61081e-14 +0.00000e+00
  3.72759e-05  2.42860e+04  1.05923e-13 +0.00000e+00
  4.64159e-05  2.46109e+04  1.30253e-13 +0.00000e+00
  5.77969e-05  2.49416e+04  1.60137e-13 +0.00000e+00
  7.19686e-05  2.52758e+04  1.96855e-13 +0.00000e+00
  8.96151e-05  2.56114e+04  2.41988e-13 +0.00000e+00
  1.11588e-04  2.59471e+04  2.97483e-13 +0.00000e+00
  1.38950e-04  2.62826e+04  3.65726e-13 +0.00000e+00
  1.73020e-04  2.66184e+04  4.49642e-13 +0.00000e+00
  2.15443e-04  2.69553e+04  5.52810e-13 +0.00000e+00
  2.68270e-04  2.72940e+04  6.79614e-13 +0.00000e+00
  3.34048e-04  2.76345e+04  8.35449e-13 +0.00000e+00
  4.15956e-04  2.79758e+04  1.02696e-12 +0.00000e+00
  5.17947e-04  2.83155e+04  1.26238e-12 +0.00000e+00
  6.44947e-04  2.86509e+04  1.55185e-12 +0.00000e+00
  8.03086e-04  2.89791e+04  1.90790e-12 +0.00000e+00
  1.00000e-03  2.92969e+04  2.34597e-12 +0.00000e+00
  1.24520e-03  2.95997e+04  2.88521e-12 -2.54299e-07
  1.55052e-03  2.98818e+04  3.54941e-12 -3.16653e-07
  1.93070e-03  3.01371e+04  4.36805e-12 -3.94296e-07
  2.40410e-03  3.03611e+04  5.37733e-12 -4.90975e-07
  2.99358e-03  3.05521e+04  6.62110e-12 -6.11361e-07
  3.72759e-03  3.07117e+04  8.15182e-12 -7.61265e-07
  4.64159e-03  3.08439e+04  1.00315e-11 -9.47921e-07
  5.77969e-03  3.09546e+04  1.23324e-11 -1.18036e-06
  7.19686e-03  3.10500e+04  1.51387e-11 -1.46977e-06
  8.96151e-03  3.11364e+04  1.85467e-11 -1.83016e-06
  1.11588e-02  3.12205e+04  2.26657e-11 -2.27890e-06
  1.38950e-02  3.13091e+04  2.76163e-11 -2.83769e-06
  1.73020e-02  3.14098e+04  3.35299e-11 -3.53348e-06
  2.15443e-02  3.15300e+04  4.05451e-11 -4.39988e-06
  2.68270e-02  3.16765e+04  4.88080e-11 -5.47872e-06
  3.34048e-02  3.18554e+04  5.84704e-11 -6.82209e-06
  4.15956e-02  3.20718e+04  6.96909e-11 -8.49483e-06
  5.17947e-02  3.23309e+04  8.26330e-11 -1.05778e-05
  6.44947e-02  3.26380e+04  9.74661e-11 -1.31714e-05
  8.03086e-02  3.29986e+04  1.14369e-10 -1.64010e-05
  1.00000e-01  3.34169e+04  1.33537e-10 -2.04225e-05
  1.24520e-01  3.38955e+04  1.55198e-10 -2.54299e-05
  1.55052e-01  3.44341e+04  1.79621e-10 -3.16653e-05
  1.93070e-01  3.50299e+04  2.07141e-10 -3.94296e-05
  2.40410e-01  3.56779e+04  2.38166e-10 -4.90975e-05
  2.99358e-01  3.63722e+04  2.73176e-10 -6.11361e-05
  3.72759e-01  3.71059e+04  3.12740e-10 -7.61265e-05
  4.64159e-01  3.78568e+04  3.57632e-10 -9.47921e-05
  5.77969e-01  3.86597e+04  4.08174e-10 -1.18036e-04
  7.19686e-01  3.95412e+04  4.64828e-10 -1.46977e-04
  8.96151e-01  4.04486e+04  5.29018e-10 -1.83016e-04
  1.11588e+00  4.14388e+04  6.00952e-10 -2.27890e-04
  1.38950e+00  4.25036e+04  6.81793e-10 -2.83769e-04
  1.73020e+00  4.36496e+04  7.72601e-10 -3.53348e-04
  2.15443e+00  4.49345e+04  8.73770e-10 -4.39988e-04
  2.68270e+00  4.62894e+04  9.88078e-10 -5.47872e-04
  3.34048e+00  4.77222e+04  1.11704e-09 -6.12673e-04
  4.15956e+00  4.92375e+04  1.26237e-09 -6.12673e-04
  5.17947e+00  5.09608e+04  1.42352e-09 -6.12673e-04
  6.44947e+00  5.25064e+04  1.61247e-09 -6.12673e-04
  8.03086e+00  5.44248e+04  1.81659e-09 -6.12673e-04
  1.00000e+01  5.61892e+04  2.05518e-09 -6.12674e-04
  1.24520e+01  5.81114e+04  2.32103e-09 -6.12673e-04
  1.55052e+01  5.99872e+04  2.62523e-09 -6.12673e-04
  1.93070e+01  6.21139e+04  2.96072e-09 -6.12673e-04
  2.40410e+01  6.39283e+04  3.35595e-09 -6.12673e-04
  2.99358e+01  6.62886e+04  3.77608e-09 -6.12673e-04
  3.72759e+01  6.82281e+04  4.27716e-09 -6.12673e-04
  4.64159e+01  7.05911e+04  4.81742e-09 -6.12673e-04
  5.77969e+01  7.29068e+04  5.43501e-09 -6.12673e-04
  7.19686e+01  7.51841e+04  6.13646e-09 -6.12673e-04
  8.96151e+01  7.78502e+04  6.90070e-09 -6.12673e-04
  1.11588e+02  8.02573e+04  7.79072e-09 -6.12673e-04
  1.38950e+02  8.30917e+04  8.75754e-09 -6.12673e-04
  1.73020e+02  8.58507e+04  9.86420e-09 -6.12673e-04
  2.15443e+02  8.88528e+04  1.10922e-08 -6.12673e-04
  2.68270e+02  9.19817e+04  1.24721e-08 -6.12672e-04
  3.34048e+02  9.52650e+04  1.40205e-08 -6.12669e-04
  4.15956e+02  9.87115e+04  1.57572e-08 -6.12660e-04
  5.17947e+02  1.02280e+05  1.77132e-08 -6.12631e-04
  6.44947e+02  1.06040e+05  1.99045e-08 -6.12536e-04
  8.03086e+02  1.09808e+05  2.23928e-08 -6.12212e-04
  1.00000e+03  1.13876e+05  2.51559e-08 -6.11219e-04
