#n1=128 n2=4 Teff=37000 R=4.1550e+11 L=2.3046e+38 logg=+4.50
#   tau          T          rho         Fconv
 0.00000e+00 2.83084e+04 2.53971e-22 +0.00000e+00
 1.00000e-09 2.83084e+04 2.28459e-17 +0.00000e+00
 1.24520e-09 2.83081e+04 2.84516e-17 +0.00000e+00
 1.55052e-09 2.83086e+04 3.54318e-17 +0.00000e+00
 1.93070e-09 2.83115e+04 4.41208e-17 +0.00000e+00
 2.40410e-09 2.83158e+04 5.49381e-17 +0.00000e+00
 2.99358e-09 2.83212e+04 6.84045e-17 +0.00000e+00
 3.72759e-09 2.83278e+04 8.51685e-17 +0.00000e+00
 4.64159e-09 2.83355e+04 1.06037e-16 +0.00000e+00
 5.77969e-09 2.83440e+04 1.32015e-16 +0.00000e+00
 7.19686e-09 2.83531e+04 1.64354e-16 +0.00000e+00
 8.96151e-09 2.83623e+04 2.04613e-16 +0.00000e+00
 1.11588e-08 2.83712e+04 2.54737e-16 +0.00000e+00
 1.38950e-08 2.83788e+04 3.17156e-16 +0.00000e+00
 1.73020e-08 2.83838e+04 3.94905e-16 +0.00000e+00
 2.15443e-08 2.83847e+04 4.91786e-16 +0.00000e+00
 2.68270e-08 2.83790e+04 6.12577e-16 +0.00000e+00
 3.34048e-08 2.83640e+04 7.63288e-16 +0.00000e+00
 4.15956e-08 2.83364e+04 9.51503e-16 +0.00000e+00
 5.17947e-08 2.82913e+04 1.18686e-15 +0.00000e+00
 6.44947e-08 2.82206e+04 1.48179e-15 +0.00000e+00
 8.03086e-08 2.81056e+04 1.85294e-15 +0.00000e+00
 1.00000e-07 2.79772e+04 2.31820e-15 +0.00000e+00
 1.24520e-07 2.78846e+04 2.89661e-15 +0.00000e+00
 1.55052e-07 2.78272e+04 3.61483e-15 +0.00000e+00
 1.93070e-07 2.77909e+04 4.50773e-15 +0.00000e+00
 2.40410e-07 2.77739e+04 5.61729e-15 +0.00000e+00
 2.99358e-07 2.77654e+04 6.99780e-15 +0.00000e+00
 3.72759e-07 2.77628e+04 8.71574e-15 +0.00000e+00
 4.64159e-07 2.77573e+04 1.08566e-14 +0.00000e+00
 5.77969e-07 2.77606e+04 1.35190e-14 +0.00000e+00
 7.19686e-07 2.77640e+04 1.68341e-14 +0.00000e+00
 8.96151e-07 2.77655e+04 2.09637e-14 +0.00000e+00
 1.11588e-06 2.77621e+04 2.61109e-14 +0.00000e+00
 1.38950e-06 2.77511e+04 3.25308e-14 +0.00000e+00
 1.73020e-06 2.77256e+04 4.05507e-14 +0.00000e+00
 2.15443e-06 2.76614e+04 5.06191e-14 +0.00000e+00
 2.68270e-06 2.75374e+04 6.33267e-14 +0.00000e+00
 3.34048e-06 2.72329e+04 7.97549e-14 +0.00000e+00
 4.15956e-06 2.60397e+04 1.03911e-13 +0.00000e+00
 5.17947e-06 2.16364e+04 1.56574e-13 +0.00000e+00
 6.44947e-06 2.07964e+04 2.04353e-13 +0.00000e+00
 8.03086e-06 2.06320e+04 2.57539e-13 +0.00000e+00
 1.00000e-05 2.05878e+04 3.22629e-13 +0.00000e+00
 1.24520e-05 2.06073e+04 4.02545e-13 +0.00000e+00
 1.55052e-05 2.06625e+04 5.01219e-13 +0.00000e+00
 1.93070e-05 2.07490e+04 6.22869e-13 +0.00000e+00
 2.40410e-05 2.08493e+04 7.73162e-13 +0.00000e+00
 2.99358e-05 2.09746e+04 9.58191e-13 +0.00000e+00
 3.72759e-05 2.11163e+04 1.18604e-12 +0.00000e+00
 4.64159e-05 2.12809e+04 1.46589e-12 +0.00000e+00
 5.77969e-05 2.14641e+04 1.80937e-12 +0.00000e+00
 7.19686e-05 2.16683e+04 2.23011e-12 +0.00000e+00
 8.96151e-05 2.18934e+04 2.74455e-12 +0.00000e+00
 1.11588e-04 2.21370e+04 3.37274e-12 +0.00000e+00
 1.38950e-04 2.23974e+04 4.13851e-12 +0.00000e+00
 1.73020e-04 2.26716e+04 5.07044e-12 +0.00000e+00
 2.15443e-04 2.29566e+04 6.20251e-12 +0.00000e+00
 2.68270e-04 2.32485e+04 7.57478e-12 +0.00000e+00
 3.34048e-04 2.35435e+04 9.23409e-12 +0.00000e+00
 4.15956e-04 2.38376e+04 1.12349e-11 +0.00000e+00
 5.17947e-04 2.41273e+04 1.36400e-11 +0.00000e+00
 6.44947e-04 2.44096e+04 1.65209e-11 +0.00000e+00
 8.03086e-04 2.46820e+04 1.99588e-11 +0.00000e+00
 1.00000e-03 2.49429e+04 2.40452e-11 +0.00000e+00
 1.24520e-03 2.51913e+04 2.88841e-11 -2.54654e-07
 1.55052e-03 2.54267e+04 3.45902e-11 -3.17094e-07
 1.93070e-03 2.56491e+04 4.12922e-11 -3.94845e-07
 2.40410e-03 2.58587e+04 4.91329e-11 -4.91660e-07
 2.99358e-03 2.60559e+04 5.82710e-11 -6.12213e-07
 3.72759e-03 2.62416e+04 6.88756e-11 -7.62326e-07
 4.64159e-03 2.64165e+04 8.11311e-11 -9.49242e-07
 5.77969e-03 2.65818e+04 9.52368e-11 -1.18200e-06
 7.19686e-03 2.67389e+04 1.11409e-10 -1.47182e-06
 8.96151e-03 2.68898e+04 1.29878e-10 -1.83271e-06
 1.11588e-02 2.70372e+04 1.50894e-10 -2.28208e-06
 1.38950e-02 2.71843e+04 1.74728e-10 -2.84164e-06
 1.73020e-02 2.73352e+04 2.01669e-10 -3.53840e-06
 2.15443e-02 2.74949e+04 2.32032e-10 -4.40601e-06
 2.68270e-02 2.76689e+04 2.66158e-10 -5.48635e-06
 3.34048e-02 2.78627e+04 3.04422e-10 -6.83159e-06
 4.15956e-02 2.80820e+04 3.47242e-10 -8.50667e-06
 5.17947e-02 2.83325e+04 3.95088e-10 -1.05925e-05
 6.44947e-02 2.86191e+04 4.48490e-10 -1.31897e-05
 8.03086e-02 2.89462e+04 5.08059e-10 -1.64239e-05
 1.00000e-01 2.93174e+04 5.74495e-10 -2.04509e-05
 1.24520e-01 2.97335e+04 6.48637e-10 -2.54654e-05
 1.55052e-01 3.01951e+04 7.31436e-10 -3.17094e-05
 1.93070e-01 3.07019e+04 8.23971e-10 -3.94845e-05
 2.40410e-01 3.12538e+04 9.27435e-10 -4.91660e-05
 2.99358e-01 3.18520e+04 1.04312e-09 -6.12213e-05
 3.72759e-01 3.24983e+04 1.17240e-09 -7.62326e-05
 4.64159e-01 3.31949e+04 1.31676e-09 -9.49242e-05
 5.77969e-01 3.39481e+04 1.47766e-09 -1.18200e-04
 7.19686e-01 3.47611e+04 1.65680e-09 -1.47182e-04
 8.96151e-01 3.56322e+04 1.85629e-09 -1.83272e-04
 1.11588e+00 3.65642e+04 2.07833e-09 -2.28209e-04
 1.38950e+00 3.75565e+04 2.32577e-09 -2.84164e-04
 1.73020e+00 3.86083e+04 2.60216e-09 -3.53840e-04
 2.15443e+00 3.97200e+04 2.91172e-09 -4.40601e-04
 2.68270e+00 4.08838e+04 3.26004e-09 -5.48635e-04
 3.34048e+00 4.20968e+04 3.65293e-09 -6.13526e-04
 4.15956e+00 4.33603e+04 4.09638e-09 -6.13526e-04
 5.17947e+00 4.46851e+04 4.59621e-09 -6.13526e-04
 6.44947e+00 4.60309e+04 5.16355e-09 -6.13526e-04
 8.03086e+00 4.74749e+04 5.79837e-09 -6.13526e-04
 1.00000e+01 4.89391e+04 6.51842e-09 -6.13526e-04
 1.24520e+01 5.04780e+04 7.32746e-09 -6.13526e-04
 1.55052e+01 5.20497e+04 8.24153e-09 -6.13526e-04
 1.93070e+01 5.37446e+04 9.26204e-09 -6.13526e-04
 2.40410e+01 5.53523e+04 1.04340e-08 -6.13526e-04
 2.99358e+01 5.72295e+04 1.17147e-08 -6.13526e-04
 3.72759e+01 5.89258e+04 1.32042e-08 -6.13526e-04
 4.64159e+01 6.08628e+04 1.48363e-08 -6.13526e-04
 5.77969e+01 6.27980e+04 1.66912e-08 -6.13526e-04
 7.19686e+01 6.47048e+04 1.87950e-08 -6.13525e-04
 8.96151e+01 6.68925e+04 2.11002e-08 -6.13520e-04
 1.11588e+02 6.88867e+04 2.37723e-08 -6.13503e-04
 1.38950e+02 7.12045e+04 2.66827e-08 -6.13446e-04
 1.73020e+02 7.34370e+04 3.00175e-08 -6.13237e-04
 2.15443e+02 7.58603e+04 3.37120e-08 -6.12549e-04
 2.68270e+02 7.83534e+04 3.78742e-08 -6.10212e-04
 3.34048e+02 8.09645e+04 4.25324e-08 -6.02517e-04
 4.15956e+02 8.37207e+04 4.77464e-08 -5.78114e-04
 5.17947e+02 8.65670e+04 5.36078e-08 -5.01011e-04
 6.44947e+02 8.96609e+04 6.01208e-08 -2.84545e-04
 8.03086e+02 9.27459e+04 6.75257e-08 +3.44457e-04
 1.00000e+03 9.62407e+04 7.56363e-08 +1.72466e-03
