#n1=128 n2=4 Teff=37000 R=2.7639e+12 L=1.0203e+40 logg=+3.00
#   tau          T          rho         Fconv
 0.00000e+00 2.96869e+04 2.42343e-22 +0.00000e+00
 1.00000e-09 2.96869e+04 6.58239e-19 +0.00000e+00
 1.24520e-09 2.95216e+04 8.24721e-19 +0.00000e+00
 1.55052e-09 2.92928e+04 1.03560e-18 +0.00000e+00
 1.93070e-09 2.90824e+04 1.29966e-18 +0.00000e+00
 2.40410e-09 2.89251e+04 1.62816e-18 +0.00000e+00
 2.99358e-09 2.87879e+04 2.03834e-18 +0.00000e+00
 3.72759e-09 2.86452e+04 2.55241e-18 +0.00000e+00
 4.64159e-09 2.85256e+04 3.19363e-18 +0.00000e+00
 5.77969e-09 2.84197e+04 3.99408e-18 +0.00000e+00
 7.19686e-09 2.78348e+04 5.08118e-18 +0.00000e+00
 8.96151e-09 2.68930e+04 6.55285e-18 +0.00000e+00
 1.11588e-08 2.49035e+04 8.81716e-18 +0.00000e+00
 1.38950e-08 2.42011e+04 1.13048e-17 +0.00000e+00
 1.73020e-08 2.39806e+04 1.42148e-17 +0.00000e+00
 2.15443e-08 2.38026e+04 1.78434e-17 +0.00000e+00
 2.68270e-08 2.37141e+04 2.23144e-17 +0.00000e+00
 3.34048e-08 2.36440e+04 2.78844e-17 +0.00000e+00
 4.15956e-08 2.35949e+04 3.48136e-17 +0.00000e+00
 5.17947e-08 2.35584e+04 4.34414e-17 +0.00000e+00
 6.44947e-08 2.35299e+04 5.41887e-17 +0.00000e+00
 8.03086e-08 2.35069e+04 6.75793e-17 +0.00000e+00
 1.00000e-07 2.34879e+04 8.42639e-17 +0.00000e+00
 1.24520e-07 2.34721e+04 1.05053e-16 +0.00000e+00
 1.55052e-07 2.34591e+04 1.30956e-16 +0.00000e+00
 1.93070e-07 2.34486e+04 1.63229e-16 +0.00000e+00
 2.40410e-07 2.34405e+04 2.03434e-16 +0.00000e+00
 2.99358e-07 2.34346e+04 2.53518e-16 +0.00000e+00
 3.72759e-07 2.34307e+04 3.15905e-16 +0.00000e+00
 4.64159e-07 2.34288e+04 3.93614e-16 +0.00000e+00
 5.77969e-07 2.34284e+04 4.90405e-16 +0.00000e+00
 7.19686e-07 2.34295e+04 6.10964e-16 +0.00000e+00
 8.96151e-07 2.34316e+04 7.61127e-16 +0.00000e+00
 1.11588e-06 2.34345e+04 9.48169e-16 +0.00000e+00
 1.38950e-06 2.34379e+04 1.18116e-15 +0.00000e+00
 1.73020e-06 2.34415e+04 1.47139e-15 +0.00000e+00
 2.15443e-06 2.34450e+04 1.83296e-15 +0.00000e+00
 2.68270e-06 2.34482e+04 2.28343e-15 +0.00000e+00
 3.34048e-06 2.34508e+04 2.84472e-15 +0.00000e+00
 4.15956e-06 2.34527e+04 3.54414e-15 +0.00000e+00
 5.17947e-06 2.34540e+04 4.41571e-15 +0.00000e+00
 6.44947e-06 2.34549e+04 5.50185e-15 +0.00000e+00
 8.03086e-06 2.34561e+04 6.85526e-15 +0.00000e+00
 1.00000e-05 2.34637e+04 8.53959e-15 +0.00000e+00
 1.24520e-05 2.34693e+04 1.06391e-14 +0.00000e+00
 1.55052e-05 2.34809e+04 1.32519e-14 +0.00000e+00
 1.93070e-05 2.35022e+04 1.65002e-14 +0.00000e+00
 2.40410e-05 2.35379e+04 2.05329e-14 +0.00000e+00
 2.99358e-05 2.35962e+04 2.55277e-14 +0.00000e+00
 3.72759e-05 2.36727e+04 3.17139e-14 +0.00000e+00
 4.64159e-05 2.37746e+04 3.93576e-14 +0.00000e+00
 5.77969e-05 2.39030e+04 4.87902e-14 +0.00000e+00
 7.19686e-05 2.40568e+04 6.04205e-14 +0.00000e+00
 8.96151e-05 2.42336e+04 7.47539e-14 +0.00000e+00
 1.11588e-04 2.44304e+04 9.24149e-14 +0.00000e+00
 1.38950e-04 2.46442e+04 1.14175e-13 +0.00000e+00
 1.73020e-04 2.48727e+04 1.40985e-13 +0.00000e+00
 2.15443e-04 2.51141e+04 1.74015e-13 +0.00000e+00
 2.68270e-04 2.53677e+04 2.14697e-13 +0.00000e+00
 3.34048e-04 2.56341e+04 2.64780e-13 +0.00000e+00
 4.15956e-04 2.59120e+04 3.26426e-13 +0.00000e+00
 5.17947e-04 2.62042e+04 4.02235e-13 +0.00000e+00
 6.44947e-04 2.65069e+04 4.95480e-13 +0.00000e+00
 8.03086e-04 2.68212e+04 6.10098e-13 +0.00000e+00
 1.00000e-03 2.71455e+04 7.50960e-13 +0.00000e+00
 1.24520e-03 2.74771e+04 9.24102e-13 -2.54519e-07
 1.55052e-03 2.78116e+04 1.13700e-12 -3.16927e-07
 1.93070e-03 2.81435e+04 1.39895e-12 -3.94637e-07
 2.40410e-03 2.84659e+04 1.72156e-12 -4.91400e-07
 2.99358e-03 2.87684e+04 2.11953e-12 -6.11891e-07
 3.72759e-03 2.90544e+04 2.61002e-12 -7.61924e-07
 4.64159e-03 2.93110e+04 3.21565e-12 -9.48742e-07
 5.77969e-03 2.95433e+04 3.96245e-12 -1.18138e-06
 7.19686e-03 2.97482e+04 4.88314e-12 -1.47104e-06
 8.96151e-03 2.99282e+04 6.01653e-12 -1.83174e-06
 1.11588e-02 3.00896e+04 7.40841e-12 -2.28088e-06
 1.38950e-02 3.02403e+04 9.11228e-12 -2.84015e-06
 1.73020e-02 3.03892e+04 1.11900e-11 -3.53654e-06
 2.15443e-02 3.05461e+04 1.37124e-11 -4.40369e-06
 2.68270e-02 3.07198e+04 1.67594e-11 -5.48346e-06
 3.34048e-02 3.09178e+04 2.04205e-11 -6.82799e-06
 4.15956e-02 3.11466e+04 2.47943e-11 -8.50219e-06
 5.17947e-02 3.14123e+04 2.99877e-11 -1.05869e-05
 6.44947e-02 3.17204e+04 3.61158e-11 -1.31828e-05
 8.03086e-02 3.20761e+04 4.33017e-11 -1.64152e-05
 1.00000e-01 3.24835e+04 5.16777e-11 -2.04401e-05
 1.24520e-01 3.29446e+04 6.13904e-11 -2.54519e-05
 1.55052e-01 3.34585e+04 7.26055e-11 -3.16927e-05
 1.93070e-01 3.40226e+04 8.55137e-11 -3.94637e-05
 2.40410e-01 3.46321e+04 1.00337e-10 -4.91400e-05
 2.99358e-01 3.52822e+04 1.17330e-10 -6.11891e-05
 3.72759e-01 3.59672e+04 1.36788e-10 -7.61924e-05
 4.64159e-01 3.66726e+04 1.59081e-10 -9.48742e-05
 5.77969e-01 3.74257e+04 1.84444e-10 -1.18138e-04
 7.19686e-01 3.82471e+04 2.13160e-10 -1.47104e-04
 8.96151e-01 3.91028e+04 2.45846e-10 -1.83174e-04
 1.11588e+00 4.00355e+04 2.82731e-10 -2.28088e-04
 1.38950e+00 4.10431e+04 3.24373e-10 -2.84015e-04
 1.73020e+00 4.21339e+04 3.71318e-10 -3.53654e-04
 2.15443e+00 4.33516e+04 4.23901e-10 -4.40369e-04
 2.68270e+00 4.46472e+04 4.83363e-10 -5.48346e-04
 3.34048e+00 4.60269e+04 5.50534e-10 -6.13203e-04
 4.15956e+00 4.74961e+04 6.26341e-10 -6.13219e-04
 5.17947e+00 4.91653e+04 7.10680e-10 -6.13205e-04
 6.44947e+00 5.07024e+04 8.09146e-10 -6.13206e-04
 8.03086e+00 5.25959e+04 9.16128e-10 -6.13204e-04
 1.00000e+01 5.43776e+04 1.04078e-09 -6.13203e-04
 1.24520e+01 5.63384e+04 1.17984e-09 -6.13203e-04
 1.55052e+01 5.82780e+04 1.33913e-09 -6.13203e-04
 1.93070e+01 6.04992e+04 1.51491e-09 -6.13203e-04
 2.40410e+01 6.24369e+04 1.72234e-09 -6.13203e-04
 2.99358e+01 6.49352e+04 1.94355e-09 -6.13203e-04
 3.72759e+01 6.70526e+04 2.20747e-09 -6.13203e-04
 4.64159e+01 6.96053e+04 2.49318e-09 -6.13203e-04
 5.77969e+01 7.21609e+04 2.81961e-09 -6.13203e-04
 7.19686e+01 7.47186e+04 3.19083e-09 -6.13203e-04
 8.96151e+01 7.76971e+04 3.59651e-09 -6.13203e-04
 1.11588e+02 8.04793e+04 4.06846e-09 -6.13203e-04
 1.38950e+02 8.36989e+04 4.58423e-09 -6.13203e-04
 1.73020e+02 8.68714e+04 5.17595e-09 -6.13203e-04
 2.15443e+02 9.02957e+04 5.83553e-09 -6.13203e-04
 2.68270e+02 9.38357e+04 6.58070e-09 -6.13203e-04
 3.34048e+02 9.75293e+04 7.41979e-09 -6.13203e-04
 4.15956e+02 1.01383e+05 8.36421e-09 -6.13203e-04
 5.17947e+02 1.05342e+05 9.43177e-09 -6.13201e-04
 6.44947e+02 1.09492e+05 1.06303e-08 -6.13198e-04
 8.03086e+02 1.13648e+05 1.19926e-08 -6.13186e-04
 1.00000e+03 1.18162e+05 1.35037e-08 -6.13151e-04
