#n1=128 n2=4 Teff=37000 R=1.4389e+12 L=2.7654e+39 logg=+3.50
#   tau          T          rho         Fconv
 0.00000e+00 2.98028e+04 2.41287e-22 +0.00000e+00
 1.00000e-09 2.98028e+04 2.12403e-18 +0.00000e+00
 1.24520e-09 2.97159e+04 2.65359e-18 +0.00000e+00
 1.55052e-09 2.96144e+04 3.31684e-18 +0.00000e+00
 1.93070e-09 2.94712e+04 4.15180e-18 +0.00000e+00
 2.40410e-09 2.92910e+04 5.20367e-18 +0.00000e+00
 2.99358e-09 2.91409e+04 6.51553e-18 +0.00000e+00
 3.72759e-09 2.90034e+04 8.15476e-18 +0.00000e+00
 4.64159e-09 2.88422e+04 1.02151e-17 +0.00000e+00
 5.77969e-09 2.85746e+04 1.28439e-17 +0.00000e+00
 7.19686e-09 2.78926e+04 1.63907e-17 +0.00000e+00
 8.96151e-09 2.55137e+04 2.23215e-17 +0.00000e+00
 1.11588e-08 2.44406e+04 2.90261e-17 +0.00000e+00
 1.38950e-08 2.40834e+04 3.66930e-17 +0.00000e+00
 1.73020e-08 2.39344e+04 4.59913e-17 +0.00000e+00
 2.15443e-08 2.38463e+04 5.75002e-17 +0.00000e+00
 2.68270e-08 2.37907e+04 7.17917e-17 +0.00000e+00
 3.34048e-08 2.37485e+04 8.95847e-17 +0.00000e+00
 4.15956e-08 2.37105e+04 1.11768e-16 +0.00000e+00
 5.17947e-08 2.36661e+04 1.39481e-16 +0.00000e+00
 6.44947e-08 2.35915e+04 1.74290e-16 +0.00000e+00
 8.03086e-08 2.34830e+04 2.18100e-16 +0.00000e+00
 1.00000e-07 2.33062e+04 2.73729e-16 +0.00000e+00
 1.24520e-07 2.31256e+04 3.43622e-16 +0.00000e+00
 1.55052e-07 2.29224e+04 4.31811e-16 +0.00000e+00
 1.93070e-07 2.26893e+04 5.43390e-16 +0.00000e+00
 2.40410e-07 2.24146e+04 6.85141e-16 +0.00000e+00
 2.99358e-07 2.21043e+04 8.65390e-16 +0.00000e+00
 3.72759e-07 2.17854e+04 1.09371e-15 +0.00000e+00
 4.64159e-07 2.14902e+04 1.38103e-15 +0.00000e+00
 5.77969e-07 2.12499e+04 1.73967e-15 +0.00000e+00
 7.19686e-07 2.10623e+04 2.18624e-15 +0.00000e+00
 8.96151e-07 2.09273e+04 2.74076e-15 +0.00000e+00
 1.11588e-06 2.08342e+04 3.42917e-15 +0.00000e+00
 1.38950e-06 2.07774e+04 4.28311e-15 +0.00000e+00
 1.73020e-06 2.07521e+04 5.34169e-15 +0.00000e+00
 2.15443e-06 2.07559e+04 6.65269e-15 +0.00000e+00
 2.68270e-06 2.07871e+04 8.27479e-15 +0.00000e+00
 3.34048e-06 2.08444e+04 1.02799e-14 +0.00000e+00
 4.15956e-06 2.09262e+04 1.27565e-14 +0.00000e+00
 5.17947e-06 2.10467e+04 1.58011e-14 +0.00000e+00
 6.44947e-06 2.11791e+04 1.95633e-14 +0.00000e+00
 8.03086e-06 2.13241e+04 2.42091e-14 +0.00000e+00
 1.00000e-05 2.14820e+04 2.99435e-14 +0.00000e+00
 1.24520e-05 2.16517e+04 3.70205e-14 +0.00000e+00
 1.55052e-05 2.18371e+04 4.57428e-14 +0.00000e+00
 1.93070e-05 2.20329e+04 5.64987e-14 +0.00000e+00
 2.40410e-05 2.22395e+04 6.97557e-14 +0.00000e+00
 2.99358e-05 2.24553e+04 8.60951e-14 +0.00000e+00
 3.72759e-05 2.26783e+04 1.06235e-13 +0.00000e+00
 4.64159e-05 2.29076e+04 1.31061e-13 +0.00000e+00
 5.77969e-05 2.31411e+04 1.61670e-13 +0.00000e+00
 7.19686e-05 2.33784e+04 1.99410e-13 +0.00000e+00
 8.96151e-05 2.36188e+04 2.45952e-13 +0.00000e+00
 1.11588e-04 2.38618e+04 3.03358e-13 +0.00000e+00
 1.38950e-04 2.41072e+04 3.74171e-13 +0.00000e+00
 1.73020e-04 2.43555e+04 4.61532e-13 +0.00000e+00
 2.15443e-04 2.46073e+04 5.69296e-13 +0.00000e+00
 2.68270e-04 2.48633e+04 7.02193e-13 +0.00000e+00
 3.34048e-04 2.51252e+04 8.65964e-13 +0.00000e+00
 4.15956e-04 2.53939e+04 1.06762e-12 +0.00000e+00
 5.17947e-04 2.56700e+04 1.31573e-12 +0.00000e+00
 6.44947e-04 2.59534e+04 1.62075e-12 +0.00000e+00
 8.03086e-04 2.62434e+04 1.99551e-12 +0.00000e+00
 1.00000e-03 2.65381e+04 2.45566e-12 +0.00000e+00
 1.24520e-03 2.68348e+04 3.02031e-12 -2.54510e-07
 1.55052e-03 2.71294e+04 3.71278e-12 -3.16915e-07
 1.93070e-03 2.74165e+04 4.56158e-12 -3.94622e-07
 2.40410e-03 2.76898e+04 5.60154e-12 -4.91382e-07
 2.99358e-03 2.79431e+04 6.87501e-12 -6.11868e-07
 3.72759e-03 2.81707e+04 8.43314e-12 -7.61895e-07
 4.64159e-03 2.83693e+04 1.03370e-11 -9.48706e-07
 5.77969e-03 2.85387e+04 1.26583e-11 -1.18134e-06
 7.19686e-03 2.86802e+04 1.54812e-11 -1.47099e-06
 8.96151e-03 2.88011e+04 1.88996e-11 -1.83168e-06
 1.11588e-02 2.89098e+04 2.30193e-11 -2.28079e-06
 1.38950e-02 2.90156e+04 2.79549e-11 -2.84004e-06
 1.73020e-02 2.91276e+04 3.38306e-11 -3.53641e-06
 2.15443e-02 2.92547e+04 4.07766e-11 -4.40352e-06
 2.68270e-02 2.94046e+04 4.89302e-11 -5.48326e-06
 3.34048e-02 2.95838e+04 5.84354e-11 -6.82773e-06
 4.15956e-02 2.97982e+04 6.94425e-11 -8.50187e-06
 5.17947e-02 3.00531e+04 8.21083e-11 -1.05865e-05
 6.44947e-02 3.03539e+04 9.65974e-11 -1.31823e-05
 8.03086e-02 3.07058e+04 1.13084e-10 -1.64146e-05
 1.00000e-01 3.11135e+04 1.31755e-10 -2.04394e-05
 1.24520e-01 3.15772e+04 1.52834e-10 -2.54510e-05
 1.55052e-01 3.20963e+04 1.76576e-10 -3.16915e-05
 1.93070e-01 3.26667e+04 2.03290e-10 -3.94622e-05
 2.40410e-01 3.32821e+04 2.33351e-10 -4.91382e-05
 2.99358e-01 3.39353e+04 2.67201e-10 -6.11868e-05
 3.72759e-01 3.46191e+04 3.05358e-10 -7.61895e-05
 4.64159e-01 3.53193e+04 3.48487e-10 -9.48706e-05
 5.77969e-01 3.60585e+04 3.96969e-10 -1.18134e-04
 7.19686e-01 3.68503e+04 4.51351e-10 -1.47099e-04
 8.96151e-01 3.76682e+04 5.12750e-10 -1.83168e-04
 1.11588e+00 3.85431e+04 5.81647e-10 -2.28079e-04
 1.38950e+00 3.94725e+04 6.59096e-10 -2.84004e-04
 1.73020e+00 4.04621e+04 7.46141e-10 -3.53641e-04
 2.15443e+00 4.15394e+04 8.43596e-10 -4.40358e-04
 2.68270e+00 4.26700e+04 9.53581e-10 -5.48324e-04
 3.34048e+00 4.38577e+04 1.07762e-09 -6.13181e-04
 4.15956e+00 4.51108e+04 1.21728e-09 -6.13182e-04
 5.17947e+00 4.65017e+04 1.37295e-09 -6.13180e-04
 6.44947e+00 4.78095e+04 1.55272e-09 -6.13180e-04
 8.03086e+00 4.93896e+04 1.74867e-09 -6.13180e-04
 1.00000e+01 5.08993e+04 1.97490e-09 -6.13180e-04
 1.24520e+01 5.25609e+04 2.22665e-09 -6.13180e-04
 1.55052e+01 5.42190e+04 2.51346e-09 -6.13180e-04
 1.93070e+01 5.61271e+04 2.82930e-09 -6.13180e-04
 2.40410e+01 5.77750e+04 3.20140e-09 -6.13180e-04
 2.99358e+01 5.99413e+04 3.59645e-09 -6.13180e-04
 3.72759e+01 6.17224e+04 4.06939e-09 -6.13180e-04
 4.64159e+01 6.39060e+04 4.57908e-09 -6.13180e-04
 5.77969e+01 6.60529e+04 5.16273e-09 -6.13180e-04
 7.19686e+01 6.81485e+04 5.82794e-09 -6.13180e-04
 8.96151e+01 7.06305e+04 6.55110e-09 -6.13180e-04
 1.11588e+02 7.28351e+04 7.39813e-09 -6.13180e-04
 1.38950e+02 7.54569e+04 8.31613e-09 -6.13180e-04
 1.73020e+02 7.79646e+04 9.37269e-09 -6.13179e-04
 2.15443e+02 8.06965e+04 1.05440e-08 -6.13178e-04
 2.68270e+02 8.35116e+04 1.18642e-08 -6.13173e-04
 3.34048e+02 8.64591e+04 1.33456e-08 -6.13155e-04
 4.15956e+02 8.95638e+04 1.50049e-08 -6.13096e-04
 5.17947e+02 9.27777e+04 1.68732e-08 -6.12909e-04
 6.44947e+02 9.62387e+04 1.89540e-08 -6.12344e-04
 8.03086e+02 9.97089e+04 2.13191e-08 -6.10479e-04
 1.00000e+03 1.03594e+05 2.39204e-08 -6.05314e-04
