#n1=128 n2=4 Teff=38000 R=2.8389e+12 L=1.1973e+40 logg=+3.00
#   tau          T          rho         Fconv
 0.00000e+00 2.99599e+04 2.40135e-22 +0.00000e+00
 1.00000e-09 2.99599e+04 6.52240e-19 +0.00000e+00
 1.24520e-09 2.98178e+04 8.16518e-19 +0.00000e+00
 1.55052e-09 2.95882e+04 1.02523e-18 +0.00000e+00
 1.93070e-09 2.93420e+04 1.28811e-18 +0.00000e+00
 2.40410e-09 2.90880e+04 1.61897e-18 +0.00000e+00
 2.99358e-09 2.88708e+04 2.03237e-18 +0.00000e+00
 3.72759e-09 2.87771e+04 2.54052e-18 +0.00000e+00
 4.64159e-09 2.86685e+04 3.17743e-18 +0.00000e+00
 5.77969e-09 2.85613e+04 3.97387e-18 +0.00000e+00
 7.19686e-09 2.84334e+04 4.97364e-18 +0.00000e+00
 8.96151e-09 2.83434e+04 6.21674e-18 +0.00000e+00
 1.11588e-08 2.81054e+04 7.81150e-18 +0.00000e+00
 1.38950e-08 2.77308e+04 9.86447e-18 +0.00000e+00
 1.73020e-08 2.65789e+04 1.28236e-17 +0.00000e+00
 2.15443e-08 2.49980e+04 1.69884e-17 +0.00000e+00
 2.68270e-08 2.46424e+04 2.14722e-17 +0.00000e+00
 3.34048e-08 2.43439e+04 2.70810e-17 +0.00000e+00
 4.15956e-08 2.42128e+04 3.39236e-17 +0.00000e+00
 5.17947e-08 2.41181e+04 4.24318e-17 +0.00000e+00
 6.44947e-08 2.40567e+04 5.30008e-17 +0.00000e+00
 8.03086e-08 2.40141e+04 6.61506e-17 +0.00000e+00
 1.00000e-07 2.39831e+04 8.25225e-17 +0.00000e+00
 1.24520e-07 2.39599e+04 1.02913e-16 +0.00000e+00
 1.55052e-07 2.39422e+04 1.28312e-16 +0.00000e+00
 1.93070e-07 2.39286e+04 1.59951e-16 +0.00000e+00
 2.40410e-07 2.39185e+04 1.99363e-16 +0.00000e+00
 2.99358e-07 2.39114e+04 2.48454e-16 +0.00000e+00
 3.72759e-07 2.39071e+04 3.09596e-16 +0.00000e+00
 4.64159e-07 2.39056e+04 3.85742e-16 +0.00000e+00
 5.77969e-07 2.39067e+04 4.80562e-16 +0.00000e+00
 7.19686e-07 2.39104e+04 5.98626e-16 +0.00000e+00
 8.96151e-07 2.39166e+04 7.45620e-16 +0.00000e+00
 1.11588e-06 2.39252e+04 9.28617e-16 +0.00000e+00
 1.38950e-06 2.39361e+04 1.15642e-15 +0.00000e+00
 1.73020e-06 2.39491e+04 1.43998e-15 +0.00000e+00
 2.15443e-06 2.39642e+04 1.79293e-15 +0.00000e+00
 2.68270e-06 2.39811e+04 2.23222e-15 +0.00000e+00
 3.34048e-06 2.39998e+04 2.77895e-15 +0.00000e+00
 4.15956e-06 2.40201e+04 3.45939e-15 +0.00000e+00
 5.17947e-06 2.40420e+04 4.30619e-15 +0.00000e+00
 6.44947e-06 2.40689e+04 5.35922e-15 +0.00000e+00
 8.03086e-06 2.40940e+04 6.67033e-15 +0.00000e+00
 1.00000e-05 2.41208e+04 8.30169e-15 +0.00000e+00
 1.24520e-05 2.41500e+04 1.03312e-14 +0.00000e+00
 1.55052e-05 2.41822e+04 1.28556e-14 +0.00000e+00
 1.93070e-05 2.42187e+04 1.59944e-14 +0.00000e+00
 2.40410e-05 2.42613e+04 1.98950e-14 +0.00000e+00
 2.99358e-05 2.43126e+04 2.47387e-14 +0.00000e+00
 3.72759e-05 2.43783e+04 3.07443e-14 +0.00000e+00
 4.64159e-05 2.44561e+04 3.81901e-14 +0.00000e+00
 5.77969e-05 2.45525e+04 4.74041e-14 +0.00000e+00
 7.19686e-05 2.46703e+04 5.87910e-14 +0.00000e+00
 8.96151e-05 2.48115e+04 7.28458e-14 +0.00000e+00
 1.11588e-04 2.49765e+04 9.01760e-14 +0.00000e+00
 1.38950e-04 2.51647e+04 1.11529e-13 +0.00000e+00
 1.73020e-04 2.53747e+04 1.37824e-13 +0.00000e+00
 2.15443e-04 2.56048e+04 1.70192e-13 +0.00000e+00
 2.68270e-04 2.58533e+04 2.10023e-13 +0.00000e+00
 3.34048e-04 2.61197e+04 2.59016e-13 +0.00000e+00
 4.15956e-04 2.64016e+04 3.19269e-13 +0.00000e+00
 5.17947e-04 2.67006e+04 3.93313e-13 +0.00000e+00
 6.44947e-04 2.70121e+04 4.84332e-13 +0.00000e+00
 8.03086e-04 2.73367e+04 5.96154e-13 +0.00000e+00
 1.00000e-03 2.76727e+04 7.33507e-13 +0.00000e+00
 1.24520e-03 2.80174e+04 9.02226e-13 -2.54581e-07
 1.55052e-03 2.83667e+04 1.10954e-12 -3.17004e-07
 1.93070e-03 2.87149e+04 1.36444e-12 -3.94732e-07
 2.40410e-03 2.90547e+04 1.67817e-12 -4.91519e-07
 2.99358e-03 2.93748e+04 2.06499e-12 -6.12038e-07
 3.72759e-03 2.96787e+04 2.54151e-12 -7.62108e-07
 4.64159e-03 2.99537e+04 3.12963e-12 -9.48977e-07
 5.77969e-03 3.02033e+04 3.85473e-12 -1.18166e-06
 7.19686e-03 3.04243e+04 4.74862e-12 -1.47140e-06
 8.96151e-03 3.06198e+04 5.84903e-12 -1.83219e-06
 1.11588e-02 3.07960e+04 7.20052e-12 -2.28143e-06
 1.38950e-02 3.09611e+04 8.85523e-12 -2.84083e-06
 1.73020e-02 3.11241e+04 1.08737e-11 -3.53739e-06
 2.15443e-02 3.12940e+04 1.33257e-11 -4.40475e-06
 2.68270e-02 3.14796e+04 1.62906e-11 -5.48479e-06
 3.34048e-02 3.16886e+04 1.98576e-11 -6.82963e-06
 4.15956e-02 3.19278e+04 2.41259e-11 -8.50424e-06
 5.17947e-02 3.22034e+04 2.92038e-11 -1.05895e-05
 6.44947e-02 3.25212e+04 3.52090e-11 -1.31860e-05
 8.03086e-02 3.28867e+04 4.22678e-11 -1.64192e-05
 1.00000e-01 3.33041e+04 5.05173e-11 -2.04450e-05
 1.24520e-01 3.37757e+04 6.01091e-11 -2.54581e-05
 1.55052e-01 3.43010e+04 7.12139e-11 -3.17004e-05
 1.93070e-01 3.48775e+04 8.40273e-11 -3.94732e-05
 2.40410e-01 3.55006e+04 9.87752e-11 -4.91519e-05
 2.99358e-01 3.61652e+04 1.15716e-10 -6.12038e-05
 3.72759e-01 3.68650e+04 1.35150e-10 -7.62108e-05
 4.64159e-01 3.75859e+04 1.57445e-10 -9.48977e-05
 5.77969e-01 3.83553e+04 1.82842e-10 -1.18166e-04
 7.19686e-01 3.91941e+04 2.11630e-10 -1.47140e-04
 8.96151e-01 4.00676e+04 2.44417e-10 -1.83219e-04
 1.11588e+00 4.10201e+04 2.81439e-10 -2.28143e-04
 1.38950e+00 4.20494e+04 3.23248e-10 -2.84083e-04
 1.73020e+00 4.31641e+04 3.70390e-10 -3.53739e-04
 2.15443e+00 4.44101e+04 4.23190e-10 -4.40475e-04
 2.68270e+00 4.57364e+04 4.82891e-10 -5.48479e-04
 3.34048e+00 4.71491e+04 5.50328e-10 -6.13351e-04
 4.15956e+00 4.86531e+04 6.26436e-10 -6.13363e-04
 5.17947e+00 5.03622e+04 7.11104e-10 -6.13358e-04
 6.44947e+00 5.19303e+04 8.10014e-10 -6.13357e-04
 8.03086e+00 5.38647e+04 9.17450e-10 -6.13353e-04
 1.00000e+01 5.56813e+04 1.04266e-09 -6.13351e-04
 1.24520e+01 5.76827e+04 1.18228e-09 -6.13352e-04
 1.55052e+01 5.96649e+04 1.34214e-09 -6.13351e-04
 1.93070e+01 6.19403e+04 1.51844e-09 -6.13351e-04
 2.40410e+01 6.39278e+04 1.72645e-09 -6.13351e-04
 2.99358e+01 6.64984e+04 1.94807e-09 -6.13351e-04
 3.72759e+01 6.86828e+04 2.21247e-09 -6.13351e-04
 4.64159e+01 7.13251e+04 2.49845e-09 -6.13351e-04
 5.77969e+01 7.39787e+04 2.82511e-09 -6.13351e-04
 7.19686e+01 7.66401e+04 3.19663e-09 -6.13351e-04
 8.96151e+01 7.97386e+04 3.60272e-09 -6.13351e-04
 1.11588e+02 8.26348e+04 4.07547e-09 -6.13351e-04
 1.38950e+02 8.59803e+04 4.59235e-09 -6.13351e-04
 1.73020e+02 8.92757e+04 5.18564e-09 -6.13351e-04
 2.15443e+02 9.28259e+04 5.84736e-09 -6.13351e-04
 2.68270e+02 9.64897e+04 6.59534e-09 -6.13351e-04
 3.34048e+02 1.00303e+05 7.43812e-09 -6.13351e-04
 4.15956e+02 1.04269e+05 8.38734e-09 -6.13351e-04
 5.17947e+02 1.08329e+05 9.46074e-09 -6.13350e-04
 6.44947e+02 1.12573e+05 1.06667e-08 -6.13348e-04
 8.03086e+02 1.16814e+05 1.20371e-08 -6.13339e-04
 1.00000e+03 1.21416e+05 1.35570e-08 -6.13312e-04
