#n1=128 n2=4 Teff=39000 R=4.3798e+11 L=3.1609e+38 logg=+4.50
#      tau          T          rho         Fconv
  0.00000e+00  2.06163e+04  3.56603e-22 +0.00000e+00
  1.00000e-09  2.06163e+04  3.28452e-17 +0.00000e+00
  1.24520e-09  2.05545e+04  4.10278e-17 +0.00000e+00
  1.55052e-09  2.04703e+04  5.13060e-17 +0.00000e+00
  1.93070e-09  2.03523e+04  6.42678e-17 +0.00000e+00
  2.40410e-09  2.01815e+04  8.07203e-17 +0.00000e+00
  2.99358e-09  1.99265e+04  1.01827e-16 +0.00000e+00
  3.72759e-09  1.96895e+04  1.28365e-16 +0.00000e+00
  4.64159e-09  1.92950e+04  1.63188e-16 +0.00000e+00
  5.77969e-09  1.88237e+04  2.08424e-16 +0.00000e+00
  7.19686e-09  1.83411e+04  2.66571e-16 +0.00000e+00
  8.96151e-09  1.79236e+04  3.39957e-16 +0.00000e+00
  1.11588e-08  1.75907e+04  4.31670e-16 +0.00000e+00
  1.38950e-08  1.72418e+04  5.48724e-16 +0.00000e+00
  1.73020e-08  1.70595e+04  6.90801e-16 +0.00000e+00
  2.15443e-08  1.72002e+04  8.53617e-16 +0.00000e+00
  2.68270e-08  1.73847e+04  1.05220e-15 +0.00000e+00
  3.34048e-08  1.75912e+04  1.29562e-15 +0.00000e+00
  4.15956e-08  1.78057e+04  1.59500e-15 +0.00000e+00
  5.17947e-08  1.80216e+04  1.96388e-15 +0.00000e+00
  6.44947e-08  1.82362e+04  2.41881e-15 +0.00000e+00
  8.03086e-08  1.84471e+04  2.98042e-15 +0.00000e+00
  1.00000e-07  1.86541e+04  3.67404e-15 +0.00000e+00
  1.24520e-07  1.88571e+04  4.53100e-15 +0.00000e+00
  1.55052e-07  1.90563e+04  5.59015e-15 +0.00000e+00
  1.93070e-07  1.92519e+04  6.89972e-15 +0.00000e+00
  2.40410e-07  1.94441e+04  8.51957e-15 +0.00000e+00
  2.99358e-07  1.96330e+04  1.05240e-14 +0.00000e+00
  3.72759e-07  1.98190e+04  1.30053e-14 +0.00000e+00
  4.64159e-07  2.00022e+04  1.60780e-14 +0.00000e+00
  5.77969e-07  2.01829e+04  1.98848e-14 +0.00000e+00
  7.19686e-07  2.03611e+04  2.46028e-14 +0.00000e+00
  8.96151e-07  2.05372e+04  3.04520e-14 +0.00000e+00
  1.11588e-06  2.07115e+04  3.77052e-14 +0.00000e+00
  1.38950e-06  2.08843e+04  4.66999e-14 +0.00000e+00
  1.73020e-06  2.10564e+04  5.78532e-14 +0.00000e+00
  2.15443e-06  2.12288e+04  7.16798e-14 +0.00000e+00
  2.68270e-06  2.14028e+04  8.88130e-14 +0.00000e+00
  3.34048e-06  2.15799e+04  1.10032e-13 +0.00000e+00
  4.15956e-06  2.17623e+04  1.36290e-13 +0.00000e+00
  5.17947e-06  2.19520e+04  1.68755e-13 +0.00000e+00
  6.44947e-06  2.21515e+04  2.08853e-13 +0.00000e+00
  8.03086e-06  2.23630e+04  2.58326e-13 +0.00000e+00
  1.00000e-05  2.25883e+04  3.19300e-13 +0.00000e+00
  1.24520e-05  2.28286e+04  3.94380e-13 +0.00000e+00
  1.55052e-05  2.30842e+04  4.86747e-13 +0.00000e+00
  1.93070e-05  2.33549e+04  6.00291e-13 +0.00000e+00
  2.40410e-05  2.36399e+04  7.39765e-13 +0.00000e+00
  2.99358e-05  2.39378e+04  9.10988e-13 +0.00000e+00
  3.72759e-05  2.42462e+04  1.12109e-12 +0.00000e+00
  4.64159e-05  2.45625e+04  1.37883e-12 +0.00000e+00
  5.77969e-05  2.48837e+04  1.69495e-12 +0.00000e+00
  7.19686e-05  2.52070e+04  2.08258e-12 +0.00000e+00
  8.96151e-05  2.55304e+04  2.55775e-12 +0.00000e+00
  1.11588e-04  2.58525e+04  3.13989e-12 +0.00000e+00
  1.38950e-04  2.61732e+04  3.85238e-12 +0.00000e+00
  1.73020e-04  2.64931e+04  4.72319e-12 +0.00000e+00
  2.15443e-04  2.68136e+04  5.78551e-12 +0.00000e+00
  2.68270e-04  2.71362e+04  7.07839e-12 +0.00000e+00
  3.34048e-04  2.74623e+04  8.64754e-12 +0.00000e+00
  4.15956e-04  2.77924e+04  1.05461e-11 +0.00000e+00
  5.17947e-04  2.81265e+04  1.28353e-11 +0.00000e+00
  6.44947e-04  2.84639e+04  1.55856e-11 +0.00000e+00
  8.03086e-04  2.88032e+04  1.88770e-11 +0.00000e+00
  1.00000e-03  2.91414e+04  2.28020e-11 +0.00000e+00
  1.24520e-03  2.94729e+04  2.74685e-11 -2.54655e-07
  1.55052e-03  2.97909e+04  3.30032e-11 -3.17096e-07
  1.93070e-03  3.00898e+04  3.95500e-11 -3.94847e-07
  2.40410e-03  3.03673e+04  4.72696e-11 -4.91662e-07
  2.99358e-03  3.06246e+04  5.63371e-11 -6.12216e-07
  3.72759e-03  3.08620e+04  6.69496e-11 -7.62330e-07
  4.64159e-03  3.10836e+04  7.93112e-11 -9.49248e-07
  5.77969e-03  3.12936e+04  9.36432e-11 -1.18201e-06
  7.19686e-03  3.14958e+04  1.10183e-10 -1.47183e-06
  8.96151e-03  3.16938e+04  1.29190e-10 -1.83272e-06
  1.11588e-02  3.18906e+04  1.50941e-10 -2.28209e-06
  1.38950e-02  3.20891e+04  1.75741e-10 -2.84166e-06
  1.73020e-02  3.22930e+04  2.03913e-10 -3.53842e-06
  2.15443e-02  3.25063e+04  2.35807e-10 -4.40603e-06
  2.68270e-02  3.27337e+04  2.71798e-10 -5.48638e-06
  3.34048e-02  3.29805e+04  3.12286e-10 -6.83163e-06
  4.15956e-02  3.32524e+04  3.57708e-10 -8.50671e-06
  5.17947e-02  3.35551e+04  4.08537e-10 -1.05926e-05
  6.44947e-02  3.38949e+04  4.65289e-10 -1.31898e-05
  8.03086e-02  3.42762e+04  5.28556e-10 -1.64239e-05
  1.00000e-01  3.47020e+04  5.99023e-10 -2.04510e-05
  1.24520e-01  3.51740e+04  6.77484e-10 -2.54655e-05
  1.55052e-01  3.56913e+04  7.64893e-10 -3.17096e-05
  1.93070e-01  3.62520e+04  8.62362e-10 -3.94847e-05
  2.40410e-01  3.68538e+04  9.71178e-10 -4.91662e-05
  2.99358e-01  3.74955e+04  1.09279e-09 -6.12216e-05
  3.72759e-01  3.81752e+04  1.22887e-09 -7.62330e-05
  4.64159e-01  3.88761e+04  1.38183e-09 -9.49248e-05
  5.77969e-01  3.96355e+04  1.55233e-09 -1.18201e-04
  7.19686e-01  4.04819e+04  1.74165e-09 -1.47183e-04
  8.96151e-01  4.13647e+04  1.95469e-09 -1.83272e-04
  1.11588e+00  4.23435e+04  2.19168e-09 -2.28209e-04
  1.38950e+00  4.34046e+04  2.45686e-09 -2.84166e-04
  1.73020e+00  4.45343e+04  2.75481e-09 -3.53842e-04
  2.15443e+00  4.58003e+04  3.08603e-09 -4.40603e-04
  2.68270e+00  4.71177e+04  3.46096e-09 -5.48638e-04
  3.34048e+00  4.84964e+04  3.88416e-09 -6.13530e-04
  4.15956e+00  4.99415e+04  4.36082e-09 -6.13530e-04
  5.17947e+00  5.16437e+04  4.88403e-09 -6.13530e-04
  6.44947e+00  5.30249e+04  5.50990e-09 -6.13530e-04
  8.03086e+00  5.49182e+04  6.16825e-09 -6.13530e-04
  1.00000e+01  5.65478e+04  6.94928e-09 -6.13530e-04
  1.24520e+01  5.83875e+04  7.80982e-09 -6.13530e-04
  1.55052e+01  6.01383e+04  8.79716e-09 -6.13530e-04
  1.93070e+01  6.22357e+04  9.87021e-09 -6.13530e-04
  2.40410e+01  6.38341e+04  1.11623e-08 -6.13530e-04
  2.99358e+01  6.62385e+04  1.24866e-08 -6.13530e-04
  3.72759e+01  6.79428e+04  1.41212e-08 -6.13530e-04
  4.64159e+01  7.02720e+04  1.58337e-08 -6.13530e-04
  5.77969e+01  7.24735e+04  1.78115e-08 -6.13530e-04
  7.19686e+01  7.45385e+04  2.00733e-08 -6.13530e-04
  8.96151e+01  7.72040e+04  2.24785e-08 -6.13530e-04
  1.11588e+02  7.93315e+04  2.53573e-08 -6.13527e-04
  1.38950e+02  8.21026e+04  2.84060e-08 -6.13521e-04
  1.73020e+02  8.46510e+04  3.19434e-08 -6.13498e-04
  2.15443e+02  8.74866e+04  3.58405e-08 -6.13419e-04
  2.68270e+02  9.04381e+04  4.02184e-08 -6.13157e-04
  3.34048e+02  9.35490e+04  4.51156e-08 -6.12303e-04
  4.15956e+02  9.67967e+04  5.06164e-08 -6.09535e-04
  5.17947e+02  1.00233e+05  5.67653e-08 -6.00898e-04
  6.44947e+02  1.03807e+05  6.36834e-08 -5.73961e-04
  8.03086e+02  1.07447e+05  7.14962e-08 -4.88988e-04
  1.00000e+03  1.11407e+05  8.01494e-08 -2.54796e-04
