#n1=128 n2=4 Teff=39000 R=2.9129e+12 L=1.3993e+40 logg=+3.00
#   tau          T          rho         Fconv
 0.00000e+00 3.11731e+04 2.30680e-22 +0.00000e+00
 1.00000e-09 3.11731e+04 6.25845e-19 +0.00000e+00
 1.24520e-09 3.11502e+04 7.80339e-19 +0.00000e+00
 1.55052e-09 3.11292e+04 9.72926e-19 +0.00000e+00
 1.93070e-09 3.10900e+04 1.21377e-18 +0.00000e+00
 2.40410e-09 3.10297e+04 1.51528e-18 +0.00000e+00
 2.99358e-09 3.09587e+04 1.89235e-18 +0.00000e+00
 3.72759e-09 3.08140e+04 2.36894e-18 +0.00000e+00
 4.64159e-09 3.06235e+04 2.97007e-18 +0.00000e+00
 5.77969e-09 3.04058e+04 3.72723e-18 +0.00000e+00
 7.19686e-09 3.01479e+04 4.68387e-18 +0.00000e+00
 8.96151e-09 2.99005e+04 5.88442e-18 +0.00000e+00
 1.11588e-08 2.96882e+04 7.38445e-18 +0.00000e+00
 1.38950e-08 2.95984e+04 9.22893e-18 +0.00000e+00
 1.73020e-08 2.94478e+04 1.15581e-17 +0.00000e+00
 2.15443e-08 2.93137e+04 1.44671e-17 +0.00000e+00
 2.68270e-08 2.91377e+04 1.81348e-17 +0.00000e+00
 3.34048e-08 2.88974e+04 2.27837e-17 +0.00000e+00
 4.15956e-08 2.87037e+04 2.85798e-17 +0.00000e+00
 5.17947e-08 2.83651e+04 3.60348e-17 +0.00000e+00
 6.44947e-08 2.76705e+04 4.60256e-17 +0.00000e+00
 8.03086e-08 2.64925e+04 5.98965e-17 +0.00000e+00
 1.00000e-07 2.57769e+04 7.67002e-17 +0.00000e+00
 1.24520e-07 2.55176e+04 9.65352e-17 +0.00000e+00
 1.55052e-07 2.53427e+04 1.21106e-16 +0.00000e+00
 1.93070e-07 2.52348e+04 1.51533e-16 +0.00000e+00
 2.40410e-07 2.51470e+04 1.89456e-16 +0.00000e+00
 2.99358e-07 2.50872e+04 2.36607e-16 +0.00000e+00
 3.72759e-07 2.50444e+04 2.95291e-16 +0.00000e+00
 4.64159e-07 2.50127e+04 3.68366e-16 +0.00000e+00
 5.77969e-07 2.49889e+04 4.59379e-16 +0.00000e+00
 7.19686e-07 2.49789e+04 5.72561e-16 +0.00000e+00
 8.96151e-07 2.49652e+04 7.13735e-16 +0.00000e+00
 1.11588e-06 2.49555e+04 8.89569e-16 +0.00000e+00
 1.38950e-06 2.49496e+04 1.10856e-15 +0.00000e+00
 1.73020e-06 2.49472e+04 1.38126e-15 +0.00000e+00
 2.15443e-06 2.49482e+04 1.72081e-15 +0.00000e+00
 2.68270e-06 2.49523e+04 2.14356e-15 +0.00000e+00
 3.34048e-06 2.49596e+04 2.66984e-15 +0.00000e+00
 4.15956e-06 2.49698e+04 3.32493e-15 +0.00000e+00
 5.17947e-06 2.49829e+04 4.14030e-15 +0.00000e+00
 6.44947e-06 2.49986e+04 5.15509e-15 +0.00000e+00
 8.03086e-06 2.50168e+04 6.41798e-15 +0.00000e+00
 1.00000e-05 2.50372e+04 7.98954e-15 +0.00000e+00
 1.24520e-05 2.50599e+04 9.94506e-15 +0.00000e+00
 1.55052e-05 2.50845e+04 1.23783e-14 +0.00000e+00
 1.93070e-05 2.51110e+04 1.54058e-14 +0.00000e+00
 2.40410e-05 2.51394e+04 1.91723e-14 +0.00000e+00
 2.99358e-05 2.51699e+04 2.38579e-14 +0.00000e+00
 3.72759e-05 2.52029e+04 2.96859e-14 +0.00000e+00
 4.64159e-05 2.52432e+04 3.69274e-14 +0.00000e+00
 5.77969e-05 2.52839e+04 4.59351e-14 +0.00000e+00
 7.19686e-05 2.53309e+04 5.71261e-14 +0.00000e+00
 8.96151e-05 2.53868e+04 7.10190e-14 +0.00000e+00
 1.11588e-04 2.54580e+04 8.82378e-14 +0.00000e+00
 1.38950e-04 2.55413e+04 1.09579e-13 +0.00000e+00
 1.73020e-04 2.56439e+04 1.35979e-13 +0.00000e+00
 2.15443e-04 2.57686e+04 1.68591e-13 +0.00000e+00
 2.68270e-04 2.59174e+04 2.08829e-13 +0.00000e+00
 3.34048e-04 2.60908e+04 2.58425e-13 +0.00000e+00
 4.15956e-04 2.62881e+04 3.19507e-13 +0.00000e+00
 5.17947e-04 2.65076e+04 3.94692e-13 +0.00000e+00
 6.44947e-04 2.67474e+04 4.87198e-13 +0.00000e+00
 8.03086e-04 2.70054e+04 6.00974e-13 +0.00000e+00
 1.00000e-03 2.72797e+04 7.40858e-13 +0.00000e+00
 1.24520e-03 2.75690e+04 9.12765e-13 -2.54446e-07
 1.55052e-03 2.78729e+04 1.12389e-12 -3.16835e-07
 1.93070e-03 2.81877e+04 1.38314e-12 -3.94522e-07
 2.40410e-03 2.85124e+04 1.70130e-12 -4.91258e-07
 2.99358e-03 2.88449e+04 2.09155e-12 -6.11713e-07
 3.72759e-03 2.91818e+04 2.57004e-12 -7.61703e-07
 4.64159e-03 2.95196e+04 3.15648e-12 -9.48466e-07
 5.77969e-03 2.98554e+04 3.87475e-12 -1.18103e-06
 7.19686e-03 3.01841e+04 4.75414e-12 -1.47062e-06
 8.96151e-03 3.05090e+04 5.82870e-12 -1.83121e-06
 1.11588e-02 3.08261e+04 7.14053e-12 -2.28021e-06
 1.38950e-02 3.11342e+04 8.73959e-12 -2.83932e-06
 1.73020e-02 3.14335e+04 1.06850e-11 -3.53551e-06
 2.15443e-02 3.17261e+04 1.30460e-11 -4.40241e-06
 2.68270e-02 3.20161e+04 1.59029e-11 -5.48187e-06
 3.34048e-02 3.23092e+04 1.93472e-11 -6.82601e-06
 4.15956e-02 3.26121e+04 2.34813e-11 -8.49971e-06
 5.17947e-02 3.29321e+04 2.84191e-11 -1.05838e-05
 6.44947e-02 3.32764e+04 3.42853e-11 -1.31790e-05
 8.03086e-02 3.36510e+04 4.12167e-11 -1.64104e-05
 1.00000e-01 3.40603e+04 4.93635e-11 -2.04342e-05
 1.24520e-01 3.45076e+04 5.88905e-11 -2.54446e-05
 1.55052e-01 3.49941e+04 6.99804e-11 -3.16835e-05
 1.93070e-01 3.55203e+04 8.28352e-11 -3.94522e-05
 2.40410e-01 3.60864e+04 9.76786e-11 -4.91258e-05
 2.99358e-01 3.66929e+04 1.14758e-10 -6.11713e-05
 3.72759e-01 3.73397e+04 1.34349e-10 -7.61703e-05
 4.64159e-01 3.80221e+04 1.56777e-10 -9.48466e-05
 5.77969e-01 3.87638e+04 1.82290e-10 -1.18103e-04
 7.19686e-01 3.95848e+04 2.11169e-10 -1.47062e-04
 8.96151e-01 4.04621e+04 2.43948e-10 -1.83121e-04
 1.11588e+00 4.14322e+04 2.80895e-10 -2.28021e-04
 1.38950e+00 4.24918e+04 3.22564e-10 -2.83932e-04
 1.73020e+00 4.36371e+04 3.69588e-10 -3.53551e-04
 2.15443e+00 4.49130e+04 4.22306e-10 -4.40241e-04
 2.68270e+00 4.62653e+04 4.81983e-10 -5.48187e-04
 3.34048e+00 4.76996e+04 5.49466e-10 -6.13025e-04
 4.15956e+00 4.92195e+04 6.25691e-10 -6.13022e-04
 5.17947e+00 5.09916e+04 7.09990e-10 -6.13025e-04
 6.44947e+00 5.25124e+04 8.09953e-10 -6.13027e-04
 8.03086e+00 5.45192e+04 9.16743e-10 -6.13025e-04
 1.00000e+01 5.63206e+04 1.04271e-09 -6.13025e-04
 1.24520e+01 5.83624e+04 1.18214e-09 -6.13025e-04
 1.55052e+01 6.03467e+04 1.34252e-09 -6.13025e-04
 1.93070e+01 6.27244e+04 1.51745e-09 -6.13025e-04
 2.40410e+01 6.46569e+04 1.72759e-09 -6.13025e-04
 2.99358e+01 6.74051e+04 1.94581e-09 -6.13025e-04
 3.72759e+01 6.95539e+04 2.21266e-09 -6.13025e-04
 4.64159e+01 7.23282e+04 2.49619e-09 -6.13025e-04
 5.77969e+01 7.50763e+04 2.82207e-09 -6.13025e-04
 7.19686e+01 7.77620e+04 3.19529e-09 -6.13025e-04
 8.96151e+01 8.10482e+04 3.59737e-09 -6.13025e-04
 1.11588e+02 8.39555e+04 4.07360e-09 -6.13025e-04
 1.38950e+02 8.74677e+04 4.58728e-09 -6.13025e-04
 1.73020e+02 9.08387e+04 5.18225e-09 -6.13025e-04
 2.15443e+02 9.45150e+04 5.84332e-09 -6.13025e-04
 2.68270e+02 9.82817e+04 6.59243e-09 -6.13025e-04
 3.34048e+02 1.02213e+05 7.43579e-09 -6.13025e-04
 4.15956e+02 1.06265e+05 8.38816e-09 -6.13025e-04
 5.17947e+02 1.10444e+05 9.46245e-09 -6.13024e-04
 6.44947e+02 1.14769e+05 1.06728e-08 -6.13022e-04
 8.03086e+02 1.19124e+05 1.20446e-08 -6.13014e-04
 1.00000e+03 1.23853e+05 1.35660e-08 -6.12990e-04
