#n1=128 n2=4 Teff=40000 R=5.3129e+12 L=5.1507e+40 logg=+2.50
#   tau          T          rho         Fconv
 0.00000e+00 2.57877e+04 2.81907e-22 +0.00000e+00
 1.00000e-09 2.57877e+04 2.34076e-19 +0.00000e+00
 1.24520e-09 2.56292e+04 2.93493e-19 +0.00000e+00
 1.55052e-09 2.53474e+04 3.69816e-19 +0.00000e+00
 1.93070e-09 2.47167e+04 4.72658e-19 +0.00000e+00
 2.40410e-09 2.36411e+04 6.15945e-19 +0.00000e+00
 2.99358e-09 2.31023e+04 7.85619e-19 +0.00000e+00
 3.72759e-09 2.28834e+04 9.88531e-19 +0.00000e+00
 4.64159e-09 2.27308e+04 1.24033e-18 +0.00000e+00
 5.77969e-09 2.26492e+04 1.55143e-18 +0.00000e+00
 7.19686e-09 2.26018e+04 1.93763e-18 +0.00000e+00
 8.96151e-09 2.25735e+04 2.41791e-18 +0.00000e+00
 1.11588e-08 2.25571e+04 3.01562e-18 +0.00000e+00
 1.38950e-08 2.25488e+04 3.75974e-18 +0.00000e+00
 1.73020e-08 2.25461e+04 4.68628e-18 +0.00000e+00
 2.15443e-08 2.25476e+04 5.84003e-18 +0.00000e+00
 2.68270e-08 2.25524e+04 7.27673e-18 +0.00000e+00
 3.34048e-08 2.25601e+04 9.06572e-18 +0.00000e+00
 4.15956e-08 2.25704e+04 1.12932e-17 +0.00000e+00
 5.17947e-08 2.25831e+04 1.40665e-17 +0.00000e+00
 6.44947e-08 2.25984e+04 1.75189e-17 +0.00000e+00
 8.03086e-08 2.26163e+04 2.18159e-17 +0.00000e+00
 1.00000e-07 2.26373e+04 2.71634e-17 +0.00000e+00
 1.24520e-07 2.26617e+04 3.38165e-17 +0.00000e+00
 1.55052e-07 2.26897e+04 4.20927e-17 +0.00000e+00
 1.93070e-07 2.27216e+04 5.23854e-17 +0.00000e+00
 2.40410e-07 2.27579e+04 6.51825e-17 +0.00000e+00
 2.99358e-07 2.27988e+04 8.10893e-17 +0.00000e+00
 3.72759e-07 2.28448e+04 1.00856e-16 +0.00000e+00
 4.64159e-07 2.28961e+04 1.25413e-16 +0.00000e+00
 5.77969e-07 2.29532e+04 1.55911e-16 +0.00000e+00
 7.19686e-07 2.30162e+04 1.93776e-16 +0.00000e+00
 8.96151e-07 2.30856e+04 2.40773e-16 +0.00000e+00
 1.11588e-06 2.31617e+04 2.99084e-16 +0.00000e+00
 1.38950e-06 2.32450e+04 3.71407e-16 +0.00000e+00
 1.73020e-06 2.33360e+04 4.61074e-16 +0.00000e+00
 2.15443e-06 2.34350e+04 5.72199e-16 +0.00000e+00
 2.68270e-06 2.35429e+04 7.09856e-16 +0.00000e+00
 3.34048e-06 2.36602e+04 8.80297e-16 +0.00000e+00
 4.15956e-06 2.37879e+04 1.09122e-15 +0.00000e+00
 5.17947e-06 2.39267e+04 1.35209e-15 +0.00000e+00
 6.44947e-06 2.40777e+04 1.67453e-15 +0.00000e+00
 8.03086e-06 2.42421e+04 2.07282e-15 +0.00000e+00
 1.00000e-05 2.44210e+04 2.56444e-15 +0.00000e+00
 1.24520e-05 2.46155e+04 3.17083e-15 +0.00000e+00
 1.55052e-05 2.48268e+04 3.91822e-15 +0.00000e+00
 1.93070e-05 2.50556e+04 4.83877e-15 +0.00000e+00
 2.40410e-05 2.53020e+04 5.97194e-15 +0.00000e+00
 2.99358e-05 2.55659e+04 7.36621e-15 +0.00000e+00
 3.72759e-05 2.58459e+04 9.08132e-15 +0.00000e+00
 4.64159e-05 2.61401e+04 1.11911e-14 +0.00000e+00
 5.77969e-05 2.64459e+04 1.37868e-14 +0.00000e+00
 7.19686e-05 2.67608e+04 1.69811e-14 +0.00000e+00
 8.96151e-05 2.70833e+04 2.09127e-14 +0.00000e+00
 1.11588e-04 2.74131e+04 2.57517e-14 +0.00000e+00
 1.38950e-04 2.77507e+04 3.17061e-14 +0.00000e+00
 1.73020e-04 2.80973e+04 3.90310e-14 +0.00000e+00
 2.15443e-04 2.84537e+04 4.80391e-14 +0.00000e+00
 2.68270e-04 2.88202e+04 5.91149e-14 +0.00000e+00
 3.34048e-04 2.91963e+04 7.27324e-14 +0.00000e+00
 4.15956e-04 2.95802e+04 8.94778e-14 +0.00000e+00
 5.17947e-04 2.99699e+04 1.10076e-13 +0.00000e+00
 6.44947e-04 3.03627e+04 1.35423e-13 +0.00000e+00
 8.03086e-04 3.07552e+04 1.66635e-13 +0.00000e+00
 1.00000e-03 3.11431e+04 2.05102e-13 +0.00000e+00
 1.24520e-03 3.15193e+04 2.52575e-13 -2.54468e-07
 1.55052e-03 3.18755e+04 3.11268e-13 -3.16863e-07
 1.93070e-03 3.22058e+04 3.83944e-13 -3.94556e-07
 2.40410e-03 3.25079e+04 4.74022e-13 -4.91300e-07
 2.99358e-03 3.27840e+04 5.85713e-13 -6.11766e-07
 3.72759e-03 3.30352e+04 7.24254e-13 -7.61771e-07
 4.64159e-03 3.32666e+04 8.96043e-13 -9.48550e-07
 5.77969e-03 3.34832e+04 1.10895e-12 -1.18113e-06
 7.19686e-03 3.36899e+04 1.37261e-12 -1.47075e-06
 8.96151e-03 3.38907e+04 1.69887e-12 -1.83137e-06
 1.11588e-02 3.40890e+04 2.10218e-12 -2.28042e-06
 1.38950e-02 3.42883e+04 2.60013e-12 -2.83956e-06
 1.73020e-02 3.44927e+04 3.21400e-12 -3.53582e-06
 2.15443e-02 3.47067e+04 3.96935e-12 -4.40279e-06
 2.68270e-02 3.49353e+04 4.89678e-12 -5.48234e-06
 3.34048e-02 3.51839e+04 6.03257e-12 -6.82659e-06
 4.15956e-02 3.54583e+04 7.41961e-12 -8.50044e-06
 5.17947e-02 3.57651e+04 9.10816e-12 -1.05847e-05
 6.44947e-02 3.61112e+04 1.11567e-11 -1.31801e-05
 8.03086e-02 3.65022e+04 1.36332e-11 -1.64118e-05
 1.00000e-01 3.69424e+04 1.66165e-11 -2.04359e-05
 1.24520e-01 3.74352e+04 2.01967e-11 -2.54468e-05
 1.55052e-01 3.79815e+04 2.44782e-11 -3.16863e-05
 1.93070e-01 3.85812e+04 2.95804e-11 -3.94556e-05
 2.40410e-01 3.92341e+04 3.56389e-11 -4.91300e-05
 2.99358e-01 3.99412e+04 4.28059e-11 -6.11766e-05
 3.72759e-01 4.07031e+04 5.12529e-11 -7.61771e-05
 4.64159e-01 4.15024e+04 6.11961e-11 -9.48550e-05
 5.77969e-01 4.23874e+04 7.27810e-11 -1.18113e-04
 7.19686e-01 4.33983e+04 8.61586e-11 -1.47075e-04
 8.96151e-01 4.44776e+04 1.01679e-10 -1.83137e-04
 1.11588e+00 4.57028e+04 1.19448e-10 -2.28042e-04
 1.38950e+00 4.70599e+04 1.39791e-10 -2.83956e-04
 1.73020e+00 4.85325e+04 1.63089e-10 -3.53582e-04
 2.15443e+00 5.01987e+04 1.89475e-10 -4.40279e-04
 2.68270e+00 5.19426e+04 2.19797e-10 -5.48234e-04
 3.34048e+00 5.37671e+04 2.54573e-10 -6.13078e-04
 4.15956e+00 5.56909e+04 2.94304e-10 -6.13078e-04
 5.17947e+00 5.79035e+04 3.38744e-10 -6.13078e-04
 6.44947e+00 5.97599e+04 3.92134e-10 -6.13078e-04
 8.03086e+00 6.22402e+04 4.49439e-10 -6.13078e-04
 1.00000e+01 6.44607e+04 5.17486e-10 -6.13078e-04
 1.24520e+01 6.69444e+04 5.93531e-10 -6.13078e-04
 1.55052e+01 6.94464e+04 6.80746e-10 -6.13078e-04
 1.93070e+01 7.23585e+04 7.77089e-10 -6.13077e-04
 2.40410e+01 7.48509e+04 8.92171e-10 -6.13080e-04
 2.99358e+01 7.83060e+04 1.01284e-09 -6.13079e-04
 3.72759e+01 8.10799e+04 1.16058e-09 -6.13078e-04
 4.64159e+01 8.46577e+04 1.31811e-09 -6.13078e-04
 5.77969e+01 8.81330e+04 1.50120e-09 -6.13078e-04
 7.19686e+01 9.15736e+04 1.71122e-09 -6.13078e-04
 8.96151e+01 9.57058e+04 1.93936e-09 -6.13078e-04
 1.11588e+02 9.93231e+04 2.21142e-09 -6.13078e-04
 1.38950e+02 1.03623e+05 2.50705e-09 -6.13078e-04
 1.73020e+02 1.07764e+05 2.84968e-09 -6.13078e-04
 2.15443e+02 1.12110e+05 3.23535e-09 -6.13078e-04
 2.68270e+02 1.16619e+05 3.67099e-09 -6.13078e-04
 3.34048e+02 1.21228e+05 4.16494e-09 -6.13078e-04
 4.15956e+02 1.25972e+05 4.72313e-09 -6.13078e-04
 5.17947e+02 1.30922e+05 5.35148e-09 -6.13078e-04
 6.44947e+02 1.35975e+05 6.06306e-09 -6.13078e-04
 8.03086e+02 1.41200e+05 6.86515e-09 -6.13078e-04
 1.00000e+03 1.46678e+05 7.76606e-09 -6.13078e-04
