#n1=128 n2=4 Teff=40000 R=1.5556e+12 L=4.4148e+39 logg=+3.50
#   tau          T          rho         Fconv
 0.00000e+00 2.82658e+04 2.54913e-22 +0.00000e+00
 1.00000e-09 2.82658e+04 2.25113e-18 +0.00000e+00
 1.24520e-09 2.78825e+04 2.84260e-18 +0.00000e+00
 1.55052e-09 2.71463e+04 3.63683e-18 +0.00000e+00
 1.93070e-09 2.50541e+04 4.90860e-18 +0.00000e+00
 2.40410e-09 2.38775e+04 6.41573e-18 +0.00000e+00
 2.99358e-09 2.35007e+04 8.11976e-18 +0.00000e+00
 3.72759e-09 2.33048e+04 1.01991e-17 +0.00000e+00
 4.64159e-09 2.31989e+04 1.27620e-17 +0.00000e+00
 5.77969e-09 2.31335e+04 1.59413e-17 +0.00000e+00
 7.19686e-09 2.30898e+04 1.98939e-17 +0.00000e+00
 8.96151e-09 2.30592e+04 2.48125e-17 +0.00000e+00
 1.11588e-08 2.30370e+04 3.09357e-17 +0.00000e+00
 1.38950e-08 2.30204e+04 3.85606e-17 +0.00000e+00
 1.73020e-08 2.30075e+04 4.80570e-17 +0.00000e+00
 2.15443e-08 2.29962e+04 5.98878e-17 +0.00000e+00
 2.68270e-08 2.29833e+04 7.46363e-17 +0.00000e+00
 3.34048e-08 2.29518e+04 9.30924e-17 +0.00000e+00
 4.15956e-08 2.29064e+04 1.16183e-16 +0.00000e+00
 5.17947e-08 2.28465e+04 1.45093e-16 +0.00000e+00
 6.44947e-08 2.27720e+04 1.81314e-16 +0.00000e+00
 8.03086e-08 2.27096e+04 2.26459e-16 +0.00000e+00
 1.00000e-07 2.26582e+04 2.82710e-16 +0.00000e+00
 1.24520e-07 2.26015e+04 3.53019e-16 +0.00000e+00
 1.55052e-07 2.25403e+04 4.40902e-16 +0.00000e+00
 1.93070e-07 2.24763e+04 5.50735e-16 +0.00000e+00
 2.40410e-07 2.24139e+04 6.87887e-16 +0.00000e+00
 2.99358e-07 2.23514e+04 8.59207e-16 +0.00000e+00
 3.72759e-07 2.22899e+04 1.07316e-15 +0.00000e+00
 4.64159e-07 2.22340e+04 1.34006e-15 +0.00000e+00
 5.77969e-07 2.21850e+04 1.67283e-15 +0.00000e+00
 7.19686e-07 2.21473e+04 2.08720e-15 +0.00000e+00
 8.96151e-07 2.21233e+04 2.60261e-15 +0.00000e+00
 1.11588e-06 2.21153e+04 3.24298e-15 +0.00000e+00
 1.38950e-06 2.21248e+04 4.03779e-15 +0.00000e+00
 1.73020e-06 2.21525e+04 5.02332e-15 +0.00000e+00
 2.15443e-06 2.21991e+04 6.24428e-15 +0.00000e+00
 2.68270e-06 2.22645e+04 7.75571e-15 +0.00000e+00
 3.34048e-06 2.23488e+04 9.62533e-15 +0.00000e+00
 4.15956e-06 2.24514e+04 1.19364e-14 +0.00000e+00
 5.17947e-06 2.25853e+04 1.47824e-14 +0.00000e+00
 6.44947e-06 2.27258e+04 1.83031e-14 +0.00000e+00
 8.03086e-06 2.28729e+04 2.26574e-14 +0.00000e+00
 1.00000e-05 2.30384e+04 2.80273e-14 +0.00000e+00
 1.24520e-05 2.32147e+04 3.46568e-14 +0.00000e+00
 1.55052e-05 2.34046e+04 4.28331e-14 +0.00000e+00
 1.93070e-05 2.36066e+04 5.29157e-14 +0.00000e+00
 2.40410e-05 2.38195e+04 6.53472e-14 +0.00000e+00
 2.99358e-05 2.40425e+04 8.06722e-14 +0.00000e+00
 3.72759e-05 2.42749e+04 9.95602e-14 +0.00000e+00
 4.64159e-05 2.45167e+04 1.22833e-13 +0.00000e+00
 5.77969e-05 2.47685e+04 1.51496e-13 +0.00000e+00
 7.19686e-05 2.50299e+04 1.86790e-13 +0.00000e+00
 8.96151e-05 2.53027e+04 2.30220e-13 +0.00000e+00
 1.11588e-04 2.55877e+04 2.83634e-13 +0.00000e+00
 1.38950e-04 2.58854e+04 3.49296e-13 +0.00000e+00
 1.73020e-04 2.61955e+04 4.29988e-13 +0.00000e+00
 2.15443e-04 2.65164e+04 5.29143e-13 +0.00000e+00
 2.68270e-04 2.68479e+04 6.50942e-13 +0.00000e+00
 3.34048e-04 2.71868e+04 8.00584e-13 +0.00000e+00
 4.15956e-04 2.75305e+04 9.84461e-13 +0.00000e+00
 5.17947e-04 2.78766e+04 1.21042e-12 +0.00000e+00
 6.44947e-04 2.82235e+04 1.48807e-12 +0.00000e+00
 8.03086e-04 2.85710e+04 1.82911e-12 +0.00000e+00
 1.00000e-03 2.89140e+04 2.24817e-12 +0.00000e+00
 1.24520e-03 2.92506e+04 2.76298e-12 -2.54519e-07
 1.55052e-03 2.95764e+04 3.39547e-12 -3.16926e-07
 1.93070e-03 2.98863e+04 4.17256e-12 -3.94635e-07
 2.40410e-03 3.01766e+04 5.12702e-12 -4.91398e-07
 2.99358e-03 3.04460e+04 6.29824e-12 -6.11888e-07
 3.72759e-03 3.06947e+04 7.73325e-12 -7.61923e-07
 4.64159e-03 3.09259e+04 9.48729e-12 -9.48739e-07
 5.77969e-03 3.11440e+04 1.16248e-11 -1.18137e-06
 7.19686e-03 3.13537e+04 1.42208e-11 -1.47104e-06
 8.96151e-03 3.15585e+04 1.73617e-11 -1.83173e-06
 1.11588e-02 3.17623e+04 2.11474e-11 -2.28087e-06
 1.38950e-02 3.19680e+04 2.56911e-11 -2.84013e-06
 1.73020e-02 3.21789e+04 3.11198e-11 -3.53653e-06
 2.15443e-02 3.23991e+04 3.75723e-11 -4.40367e-06
 2.68270e-02 3.26330e+04 4.51990e-11 -5.48343e-06
 3.34048e-02 3.28858e+04 5.41599e-11 -6.82796e-06
 4.15956e-02 3.31627e+04 6.46242e-11 -8.50214e-06
 5.17947e-02 3.34694e+04 7.67691e-11 -1.05869e-05
 6.44947e-02 3.38118e+04 9.07813e-11 -1.31827e-05
 8.03086e-02 3.41940e+04 1.06864e-10 -1.64151e-05
 1.00000e-01 3.46188e+04 1.25240e-10 -2.04400e-05
 1.24520e-01 3.50874e+04 1.46166e-10 -2.54519e-05
 1.55052e-01 3.55985e+04 1.69936e-10 -3.16926e-05
 1.93070e-01 3.61505e+04 1.96890e-10 -3.94635e-05
 2.40410e-01 3.67399e+04 2.27424e-10 -4.91398e-05
 2.99358e-01 3.73654e+04 2.61979e-10 -6.11888e-05
 3.72759e-01 3.80248e+04 3.01062e-10 -7.61923e-05
 4.64159e-01 3.87048e+04 3.45332e-10 -9.48739e-05
 5.77969e-01 3.94369e+04 3.95135e-10 -1.18137e-04
 7.19686e-01 4.02455e+04 4.50927e-10 -1.47104e-04
 8.96151e-01 4.10895e+04 5.13927e-10 -1.83173e-04
 1.11588e+00 4.20191e+04 5.84426e-10 -2.28087e-04
 1.38950e+00 4.30239e+04 6.63560e-10 -2.84013e-04
 1.73020e+00 4.40934e+04 7.52596e-10 -3.53653e-04
 2.15443e+00 4.52859e+04 8.51902e-10 -4.40367e-04
 2.68270e+00 4.65282e+04 9.64215e-10 -5.48343e-04
 3.34048e+00 4.78291e+04 1.09097e-09 -6.13203e-04
 4.15956e+00 4.91990e+04 1.23366e-09 -6.13202e-04
 5.17947e+00 5.08164e+04 1.39062e-09 -6.13201e-04
 6.44947e+00 5.21432e+04 1.57723e-09 -6.13201e-04
 8.03086e+00 5.39816e+04 1.77416e-09 -6.13200e-04
 1.00000e+01 5.55897e+04 2.00687e-09 -6.13201e-04
 1.24520e+01 5.74265e+04 2.26333e-09 -6.13201e-04
 1.55052e+01 5.92042e+04 2.55744e-09 -6.13201e-04
 1.93070e+01 6.13489e+04 2.87747e-09 -6.13201e-04
 2.40410e+01 6.30083e+04 3.26330e-09 -6.13201e-04
 2.99358e+01 6.54999e+04 3.65952e-09 -6.13201e-04
 3.72759e+01 6.72883e+04 4.14983e-09 -6.13201e-04
 4.64159e+01 6.97298e+04 4.66434e-09 -6.13201e-04
 5.77969e+01 7.20608e+04 5.25910e-09 -6.13201e-04
 7.19686e+01 7.42645e+04 5.94106e-09 -6.13201e-04
 8.96151e+01 7.71146e+04 6.66547e-09 -6.13201e-04
 1.11588e+02 7.94289e+04 7.53527e-09 -6.13201e-04
 1.38950e+02 8.24223e+04 8.45704e-09 -6.13201e-04
 1.73020e+02 8.51950e+04 9.52996e-09 -6.13201e-04
 2.15443e+02 8.82670e+04 1.07148e-08 -6.13200e-04
 2.68270e+02 9.14508e+04 1.20496e-08 -6.13198e-04
 3.34048e+02 9.47983e+04 1.35472e-08 -6.13192e-04
 4.15956e+02 9.82860e+04 1.52311e-08 -6.13172e-04
 5.17947e+02 1.01967e+05 1.71183e-08 -6.13111e-04
 6.44947e+02 1.05810e+05 1.92398e-08 -6.12919e-04
 8.03086e+02 1.09736e+05 2.16380e-08 -6.12307e-04
 1.00000e+03 1.14017e+05 2.42963e-08 -6.10549e-04
