#n1=128 n2=4 Teff=40000 R=4.4917e+11 L=3.6791e+38 logg=+4.50
#   tau          T          rho         Fconv
 0.00000e+00 3.09406e+04 2.32523e-22 +0.00000e+00
 1.00000e-09 3.09406e+04 2.09505e-17 +0.00000e+00
 1.24520e-09 3.04912e+04 2.64755e-17 +0.00000e+00
 1.55052e-09 3.02746e+04 3.32075e-17 +0.00000e+00
 1.93070e-09 3.00445e+04 4.16722e-17 +0.00000e+00
 2.40410e-09 2.91503e+04 5.34888e-17 +0.00000e+00
 2.99358e-09 2.49362e+04 7.78722e-17 +0.00000e+00
 3.72759e-09 2.44945e+04 9.87283e-17 +0.00000e+00
 4.64159e-09 2.43696e+04 1.23582e-16 +0.00000e+00
 5.77969e-09 2.42795e+04 1.54475e-16 +0.00000e+00
 7.19686e-09 2.42138e+04 1.92899e-16 +0.00000e+00
 8.96151e-09 2.41631e+04 2.40730e-16 +0.00000e+00
 1.11588e-08 2.41203e+04 3.00325e-16 +0.00000e+00
 1.38950e-08 2.40831e+04 3.74587e-16 +0.00000e+00
 1.73020e-08 2.40463e+04 4.67207e-16 +0.00000e+00
 2.15443e-08 2.40095e+04 5.82731e-16 +0.00000e+00
 2.68270e-08 2.39707e+04 7.26884e-16 +0.00000e+00
 3.34048e-08 2.39263e+04 9.06915e-16 +0.00000e+00
 4.15956e-08 2.38758e+04 1.13183e-15 +0.00000e+00
 5.17947e-08 2.38118e+04 1.41335e-15 +0.00000e+00
 6.44947e-08 2.37308e+04 1.76618e-15 +0.00000e+00
 8.03086e-08 2.35963e+04 2.21215e-15 +0.00000e+00
 1.00000e-07 2.33827e+04 2.78023e-15 +0.00000e+00
 1.24520e-07 2.29801e+04 3.52333e-15 +0.00000e+00
 1.55052e-07 2.21411e+04 4.55492e-15 +0.00000e+00
 1.93070e-07 2.09571e+04 5.99562e-15 +0.00000e+00
 2.40410e-07 2.01380e+04 7.77475e-15 +0.00000e+00
 2.99358e-07 1.97404e+04 9.88232e-15 +0.00000e+00
 3.72759e-07 1.95764e+04 1.24159e-14 +0.00000e+00
 4.64159e-07 1.95247e+04 1.55096e-14 +0.00000e+00
 5.77969e-07 1.95326e+04 1.93146e-14 +0.00000e+00
 7.19686e-07 1.95764e+04 2.40081e-14 +0.00000e+00
 8.96151e-07 1.96675e+04 2.97703e-14 +0.00000e+00
 1.11588e-06 1.97900e+04 3.68577e-14 +0.00000e+00
 1.38950e-06 1.99379e+04 4.55766e-14 +0.00000e+00
 1.73020e-06 2.00942e+04 5.63432e-14 +0.00000e+00
 2.15443e-06 2.02841e+04 6.95412e-14 +0.00000e+00
 2.68270e-06 2.04823e+04 8.58054e-14 +0.00000e+00
 3.34048e-06 2.06945e+04 1.05819e-13 +0.00000e+00
 4.15956e-06 2.09176e+04 1.30454e-13 +0.00000e+00
 5.17947e-06 2.11433e+04 1.60833e-13 +0.00000e+00
 6.44947e-06 2.13724e+04 1.98287e-13 +0.00000e+00
 8.03086e-06 2.16015e+04 2.44504e-13 +0.00000e+00
 1.00000e-05 2.18295e+04 3.01554e-13 +0.00000e+00
 1.24520e-05 2.20558e+04 3.71980e-13 +0.00000e+00
 1.55052e-05 2.22802e+04 4.58917e-13 +0.00000e+00
 1.93070e-05 2.25028e+04 5.66226e-13 +0.00000e+00
 2.40410e-05 2.27244e+04 6.98651e-13 +0.00000e+00
 2.99358e-05 2.29456e+04 8.62014e-13 +0.00000e+00
 3.72759e-05 2.31678e+04 1.06344e-12 +0.00000e+00
 4.64159e-05 2.33924e+04 1.31164e-12 +0.00000e+00
 5.77969e-05 2.36216e+04 1.61717e-12 +0.00000e+00
 7.19686e-05 2.38574e+04 1.99285e-12 +0.00000e+00
 8.96151e-05 2.41019e+04 2.45414e-12 +0.00000e+00
 1.11588e-04 2.43570e+04 3.01965e-12 +0.00000e+00
 1.38950e-04 2.46236e+04 3.71178e-12 +0.00000e+00
 1.73020e-04 2.49022e+04 4.55733e-12 +0.00000e+00
 2.15443e-04 2.51922e+04 5.58829e-12 +0.00000e+00
 2.68270e-04 2.54929e+04 6.84260e-12 +0.00000e+00
 3.34048e-04 2.58028e+04 8.36497e-12 +0.00000e+00
 4.15956e-04 2.61202e+04 1.02076e-11 +0.00000e+00
 5.17947e-04 2.64432e+04 1.24307e-11 +0.00000e+00
 6.44947e-04 2.67692e+04 1.51033e-11 +0.00000e+00
 8.03086e-04 2.70957e+04 1.83045e-11 +0.00000e+00
 1.00000e-03 2.74197e+04 2.21243e-11 +0.00000e+00
 1.24520e-03 2.77374e+04 2.66655e-11 -2.54634e-07
 1.55052e-03 2.80450e+04 3.20467e-11 -3.17070e-07
 1.93070e-03 2.83387e+04 3.84011e-11 -3.94814e-07
 2.40410e-03 2.86159e+04 4.58789e-11 -4.91622e-07
 2.99358e-03 2.88750e+04 5.46478e-11 -6.12166e-07
 3.72759e-03 2.91162e+04 6.48936e-11 -7.62270e-07
 4.64159e-03 2.93415e+04 7.68134e-11 -9.49171e-07
 5.77969e-03 2.95543e+04 9.06193e-11 -1.18191e-06
 7.19686e-03 2.97584e+04 1.06539e-10 -1.47171e-06
 8.96151e-03 2.99574e+04 1.24818e-10 -1.83257e-06
 1.11588e-02 3.01550e+04 1.45720e-10 -2.28191e-06
 1.38950e-02 3.03546e+04 1.69533e-10 -2.84142e-06
 1.73020e-02 3.05599e+04 1.96566e-10 -3.53814e-06
 2.15443e-02 3.07749e+04 2.27155e-10 -4.40567e-06
 2.68270e-02 3.10044e+04 2.61662e-10 -5.48593e-06
 3.34048e-02 3.12537e+04 3.00477e-10 -6.83106e-06
 4.15956e-02 3.15280e+04 3.44027e-10 -8.50600e-06
 5.17947e-02 3.18333e+04 3.92779e-10 -1.05917e-05
 6.44947e-02 3.21751e+04 4.47247e-10 -1.31887e-05
 8.03086e-02 3.25579e+04 5.08016e-10 -1.64225e-05
 1.00000e-01 3.29845e+04 5.75759e-10 -2.04493e-05
 1.24520e-01 3.34557e+04 6.51262e-10 -2.54634e-05
 1.55052e-01 3.39706e+04 7.35440e-10 -3.17070e-05
 1.93070e-01 3.45272e+04 8.29341e-10 -3.94814e-05
 2.40410e-01 3.51229e+04 9.34164e-10 -4.91622e-05
 2.99358e-01 3.57559e+04 1.05125e-09 -6.12166e-05
 3.72759e-01 3.64237e+04 1.18215e-09 -7.62270e-05
 4.64159e-01 3.71164e+04 1.32888e-09 -9.49171e-05
 5.77969e-01 3.78588e+04 1.49243e-09 -1.18191e-04
 7.19686e-01 3.86685e+04 1.67432e-09 -1.47171e-04
 8.96151e-01 3.95138e+04 1.87851e-09 -1.83257e-04
 1.11588e+00 4.04315e+04 2.10613e-09 -2.28191e-04
 1.38950e+00 4.14129e+04 2.36101e-09 -2.84143e-04
 1.73020e+00 4.24495e+04 2.64735e-09 -3.53814e-04
 2.15443e+00 4.35843e+04 2.96683e-09 -4.40567e-04
 2.68270e+00 4.47611e+04 3.32793e-09 -5.48593e-04
 3.34048e+00 4.59864e+04 3.73529e-09 -6.13480e-04
 4.15956e+00 4.72700e+04 4.19360e-09 -6.13480e-04
 5.17947e+00 4.87579e+04 4.69859e-09 -6.13480e-04
 6.44947e+00 5.00019e+04 5.29618e-09 -6.13480e-04
 8.03086e+00 5.16859e+04 5.92830e-09 -6.13480e-04
 1.00000e+01 5.31671e+04 6.67258e-09 -6.13480e-04
 1.24520e+01 5.48544e+04 7.49206e-09 -6.13480e-04
 1.55052e+01 5.64831e+04 8.43017e-09 -6.13480e-04
 1.93070e+01 5.84574e+04 9.44898e-09 -6.13480e-04
 2.40410e+01 5.99693e+04 1.06767e-08 -6.13480e-04
 2.99358e+01 6.22680e+04 1.19326e-08 -6.13480e-04
 3.72759e+01 6.38903e+04 1.34900e-08 -6.13480e-04
 4.64159e+01 6.61261e+04 1.51187e-08 -6.13480e-04
 5.77969e+01 6.82463e+04 1.70026e-08 -6.13480e-04
 7.19686e+01 7.02209e+04 1.91636e-08 -6.13479e-04
 8.96151e+01 7.28105e+04 2.14525e-08 -6.13477e-04
 1.11588e+02 7.48499e+04 2.42085e-08 -6.13469e-04
 1.38950e+02 7.75461e+04 2.71157e-08 -6.13447e-04
 1.73020e+02 7.99907e+04 3.05091e-08 -6.13361e-04
 2.15443e+02 8.27243e+04 3.42392e-08 -6.13090e-04
 2.68270e+02 8.55378e+04 3.84456e-08 -6.12188e-04
 3.34048e+02 8.85052e+04 4.31498e-08 -6.09308e-04
 4.15956e+02 9.16012e+04 4.84340e-08 -6.00163e-04
 5.17947e+02 9.48848e+04 5.43370e-08 -5.72428e-04
 6.44947e+02 9.83483e+04 6.09550e-08 -4.90966e-04
 8.03086e+02 1.01883e+05 6.84332e-08 -2.50252e-04
 1.00000e+03 1.05833e+05 7.66583e-08 +3.28961e-04
