#n1=128 n2=4 Teff=41000 R=8.1911e+11 L=1.3492e+39 logg=+4.00
#   tau          T          rho         Fconv
 0.00000e+00 3.33288e+04 2.15713e-22 +0.00000e+00
 1.00000e-09 3.33288e+04 6.07094e-18 +0.00000e+00
 1.24520e-09 3.32997e+04 7.56795e-18 +0.00000e+00
 1.55052e-09 3.32744e+04 9.43306e-18 +0.00000e+00
 1.93070e-09 3.32505e+04 1.17573e-17 +0.00000e+00
 2.40410e-09 3.32263e+04 1.46545e-17 +0.00000e+00
 2.99358e-09 3.32001e+04 1.82666e-17 +0.00000e+00
 3.72759e-09 3.31703e+04 2.27716e-17 +0.00000e+00
 4.64159e-09 3.31348e+04 2.83925e-17 +0.00000e+00
 5.77969e-09 3.30913e+04 3.54094e-17 +0.00000e+00
 7.19686e-09 3.30371e+04 4.41750e-17 +0.00000e+00
 8.96151e-09 3.29689e+04 5.51341e-17 +0.00000e+00
 1.11588e-08 3.28830e+04 6.88491e-17 +0.00000e+00
 1.38950e-08 3.27768e+04 8.60298e-17 +0.00000e+00
 1.73020e-08 3.26503e+04 1.07566e-16 +0.00000e+00
 2.15443e-08 3.25090e+04 1.34556e-16 +0.00000e+00
 2.68270e-08 3.23651e+04 1.68335e-16 +0.00000e+00
 3.34048e-08 3.22332e+04 2.10519e-16 +0.00000e+00
 4.15956e-08 3.21239e+04 2.63095e-16 +0.00000e+00
 5.17947e-08 3.20400e+04 3.28543e-16 +0.00000e+00
 6.44947e-08 3.19783e+04 4.09989e-16 +0.00000e+00
 8.03086e-08 3.19340e+04 5.11350e-16 +0.00000e+00
 1.00000e-07 3.19028e+04 6.37509e-16 +0.00000e+00
 1.24520e-07 3.18816e+04 7.94543e-16 +0.00000e+00
 1.55052e-07 3.18683e+04 9.90014e-16 +0.00000e+00
 1.93070e-07 3.18615e+04 1.23333e-15 +0.00000e+00
 2.40410e-07 3.18600e+04 1.53618e-15 +0.00000e+00
 2.99358e-07 3.18630e+04 1.91312e-15 +0.00000e+00
 3.72759e-07 3.18701e+04 2.38225e-15 +0.00000e+00
 4.64159e-07 3.18808e+04 2.96610e-15 +0.00000e+00
 5.77969e-07 3.18946e+04 3.69267e-15 +0.00000e+00
 7.19686e-07 3.19110e+04 4.59684e-15 +0.00000e+00
 8.96151e-07 3.19296e+04 5.72203e-15 +0.00000e+00
 1.11588e-06 3.19496e+04 7.12233e-15 +0.00000e+00
 1.38950e-06 3.19699e+04 8.86522e-15 +0.00000e+00
 1.73020e-06 3.19891e+04 1.10350e-14 +0.00000e+00
 2.15443e-06 3.20051e+04 1.37372e-14 +0.00000e+00
 2.68270e-06 3.20150e+04 1.71044e-14 +0.00000e+00
 3.34048e-06 3.20141e+04 2.13041e-14 +0.00000e+00
 4.15956e-06 3.19950e+04 2.65500e-14 +0.00000e+00
 5.17947e-06 3.19441e+04 3.31206e-14 +0.00000e+00
 6.44947e-06 3.18343e+04 4.13936e-14 +0.00000e+00
 8.03086e-06 3.16150e+04 5.19131e-14 +0.00000e+00
 1.00000e-05 3.12793e+04 6.53510e-14 +0.00000e+00
 1.24520e-05 3.09474e+04 8.22665e-14 +0.00000e+00
 1.55052e-05 3.07171e+04 1.03229e-13 +0.00000e+00
 1.93070e-05 3.05719e+04 1.29179e-13 +0.00000e+00
 2.40410e-05 3.04766e+04 1.61391e-13 +0.00000e+00
 2.99358e-05 3.04102e+04 2.01444e-13 +0.00000e+00
 3.72759e-05 3.03596e+04 2.51303e-13 +0.00000e+00
 4.64159e-05 3.03162e+04 3.13417e-13 +0.00000e+00
 5.77969e-05 3.02740e+04 3.90854e-13 +0.00000e+00
 7.19686e-05 3.02273e+04 4.87462e-13 +0.00000e+00
 8.96151e-05 3.01711e+04 6.08089e-13 +0.00000e+00
 1.11588e-04 3.00998e+04 7.58861e-13 +0.00000e+00
 1.38950e-04 3.00073e+04 9.47545e-13 +0.00000e+00
 1.73020e-04 2.98872e+04 1.18402e-12 +0.00000e+00
 2.15443e-04 2.97330e+04 1.48085e-12 +0.00000e+00
 2.68270e-04 2.95402e+04 1.85398e-12 +0.00000e+00
 3.34048e-04 2.93076e+04 2.32342e-12 +0.00000e+00
 4.15956e-04 2.90392e+04 2.91391e-12 +0.00000e+00
 5.17947e-04 2.87439e+04 3.65558e-12 +0.00000e+00
 6.44947e-04 2.84371e+04 4.58395e-12 +0.00000e+00
 8.03086e-04 2.81476e+04 5.73790e-12 +0.00000e+00
 1.00000e-03 2.79108e+04 7.15766e-12 +0.00000e+00
 1.24520e-03 2.77672e+04 8.88136e-12 -2.54882e-07
 1.55052e-03 2.77306e+04 1.09527e-11 -3.17379e-07
 1.93070e-03 2.77920e+04 1.34260e-11 -3.95199e-07
 2.40410e-03 2.79271e+04 1.63713e-11 -4.92101e-07
 2.99358e-03 2.81106e+04 1.98745e-11 -6.12762e-07
 3.72759e-03 2.83202e+04 2.40375e-11 -7.63009e-07
 4.64159e-03 2.85408e+04 2.89778e-11 -9.50095e-07
 5.77969e-03 2.87629e+04 3.48265e-11 -1.18306e-06
 7.19686e-03 2.89811e+04 4.17295e-11 -1.47314e-06
 8.96151e-03 2.91925e+04 4.98483e-11 -1.83435e-06
 1.11588e-02 2.93964e+04 5.93604e-11 -2.28413e-06
 1.38950e-02 2.95936e+04 7.04555e-11 -2.84419e-06
 1.73020e-02 2.97864e+04 8.33373e-11 -3.54158e-06
 2.15443e-02 2.99790e+04 9.82227e-11 -4.40996e-06
 2.68270e-02 3.01769e+04 1.15341e-10 -5.49127e-06
 3.34048e-02 3.03871e+04 1.34935e-10 -6.83770e-06
 4.15956e-02 3.06172e+04 1.57261e-10 -8.51428e-06
 5.17947e-02 3.08744e+04 1.82596e-10 -1.06020e-05
 6.44947e-02 3.11656e+04 2.11239e-10 -1.32015e-05
 8.03086e-02 3.14963e+04 2.43519e-10 -1.64385e-05
 1.00000e-01 3.18718e+04 2.79800e-10 -2.04692e-05
 1.24520e-01 3.22956e+04 3.20490e-10 -2.54882e-05
 1.55052e-01 3.27715e+04 3.66038e-10 -3.17379e-05
 1.93070e-01 3.33032e+04 4.16939e-10 -3.95199e-05
 2.40410e-01 3.38944e+04 4.73751e-10 -4.92101e-05
 2.99358e-01 3.45485e+04 5.37104e-10 -6.12762e-05
 3.72759e-01 3.52682e+04 6.07728e-10 -7.63009e-05
 4.64159e-01 3.60553e+04 6.86493e-10 -9.50095e-05
 5.77969e-01 3.69106e+04 7.74448e-10 -1.18306e-04
 7.19686e-01 3.78328e+04 8.72860e-10 -1.47314e-04
 8.96151e-01 3.88192e+04 9.83250e-10 -1.83435e-04
 1.11588e+00 3.98662e+04 1.10737e-09 -2.28413e-04
 1.38950e+00 4.09692e+04 1.24723e-09 -2.84419e-04
 1.73020e+00 4.21245e+04 1.40501e-09 -3.54158e-04
 2.15443e+00 4.33308e+04 1.58309e-09 -4.40997e-04
 2.68270e+00 4.45856e+04 1.78414e-09 -5.49128e-04
 3.34048e+00 4.58895e+04 2.01100e-09 -6.14077e-04
 4.15956e+00 4.72464e+04 2.26674e-09 -6.14077e-04
 5.17947e+00 4.86654e+04 2.55463e-09 -6.14077e-04
 6.44947e+00 5.01094e+04 2.88041e-09 -6.14077e-04
 8.03086e+00 5.16540e+04 3.24474e-09 -6.14077e-04
 1.00000e+01 5.32227e+04 3.65718e-09 -6.14077e-04
 1.24520e+01 5.48698e+04 4.12006e-09 -6.14077e-04
 1.55052e+01 5.65647e+04 4.64186e-09 -6.14077e-04
 1.93070e+01 5.83951e+04 5.22384e-09 -6.14077e-04
 2.40410e+01 6.01366e+04 5.89157e-09 -6.14077e-04
 2.99358e+01 6.22007e+04 6.61829e-09 -6.14077e-04
 3.72759e+01 6.40513e+04 7.46616e-09 -6.14077e-04
 4.64159e+01 6.62069e+04 8.39086e-09 -6.14077e-04
 5.77969e+01 6.83641e+04 9.44275e-09 -6.14077e-04
 7.19686e+01 7.04922e+04 1.06370e-08 -6.14077e-04
 8.96151e+01 7.29859e+04 1.19386e-08 -6.14076e-04
 1.11588e+02 7.52432e+04 1.34547e-08 -6.14075e-04
 1.38950e+02 7.79075e+04 1.51004e-08 -6.14073e-04
 1.73020e+02 8.04891e+04 1.69878e-08 -6.14065e-04
 2.15443e+02 8.32986e+04 1.90806e-08 -6.14037e-04
 2.68270e+02 8.62113e+04 2.14366e-08 -6.13949e-04
 3.34048e+02 8.92845e+04 2.40738e-08 -6.13668e-04
 4.15956e+02 9.25094e+04 2.70334e-08 -6.12791e-04
 5.17947e+02 9.59083e+04 3.03502e-08 -6.10108e-04
 6.44947e+02 9.95156e+04 3.40602e-08 -6.02157e-04
 8.03086e+02 1.03213e+05 3.82540e-08 -5.77810e-04
 1.00000e+03 1.07277e+05 4.28927e-08 -5.12549e-04
