#n1=128 n2=4 Teff=41000 R=1.5934e+12 L=5.1198e+39 logg=+3.50
#   tau          T          rho         Fconv
 0.00000e+00 3.12656e+04 2.30106e-22 +0.00000e+00
 1.00000e-09 3.12656e+04 2.02640e-18 +0.00000e+00
 1.24520e-09 3.12377e+04 2.52643e-18 +0.00000e+00
 1.55052e-09 3.12020e+04 3.15067e-18 +0.00000e+00
 1.93070e-09 3.11062e+04 3.93673e-18 +0.00000e+00
 2.40410e-09 3.09746e+04 4.92466e-18 +0.00000e+00
 2.99358e-09 3.08060e+04 6.16805e-18 +0.00000e+00
 3.72759e-09 3.03970e+04 7.78669e-18 +0.00000e+00
 4.64159e-09 2.96745e+04 9.93577e-18 +0.00000e+00
 5.77969e-09 2.92889e+04 1.25395e-17 +0.00000e+00
 7.19686e-09 2.90059e+04 1.57723e-17 +0.00000e+00
 8.96151e-09 2.86381e+04 1.98993e-17 +0.00000e+00
 1.11588e-08 2.79749e+04 2.53753e-17 +0.00000e+00
 1.38950e-08 2.65380e+04 3.33203e-17 +0.00000e+00
 1.73020e-08 2.54482e+04 4.32828e-17 +0.00000e+00
 2.15443e-08 2.50019e+04 5.48769e-17 +0.00000e+00
 2.68270e-08 2.47865e+04 6.89502e-17 +0.00000e+00
 3.34048e-08 2.46434e+04 8.63841e-17 +0.00000e+00
 4.15956e-08 2.45572e+04 1.07978e-16 +0.00000e+00
 5.17947e-08 2.45013e+04 1.34804e-16 +0.00000e+00
 6.44947e-08 2.44638e+04 1.68169e-16 +0.00000e+00
 8.03086e-08 2.44380e+04 2.09691e-16 +0.00000e+00
 1.00000e-07 2.44203e+04 2.61378e-16 +0.00000e+00
 1.24520e-07 2.44089e+04 3.25720e-16 +0.00000e+00
 1.55052e-07 2.44009e+04 4.05844e-16 +0.00000e+00
 1.93070e-07 2.43960e+04 5.05614e-16 +0.00000e+00
 2.40410e-07 2.43933e+04 6.29853e-16 +0.00000e+00
 2.99358e-07 2.43928e+04 7.84545e-16 +0.00000e+00
 3.72759e-07 2.43925e+04 9.77226e-16 +0.00000e+00
 4.64159e-07 2.43929e+04 1.21719e-15 +0.00000e+00
 5.77969e-07 2.43925e+04 1.51614e-15 +0.00000e+00
 7.19686e-07 2.43923e+04 1.88849e-15 +0.00000e+00
 8.96151e-07 2.43916e+04 2.35233e-15 +0.00000e+00
 1.11588e-06 2.43867e+04 2.93061e-15 +0.00000e+00
 1.38950e-06 2.43820e+04 3.65102e-15 +0.00000e+00
 1.73020e-06 2.43684e+04 4.55018e-15 +0.00000e+00
 2.15443e-06 2.43578e+04 5.67010e-15 +0.00000e+00
 2.68270e-06 2.43467e+04 7.06578e-15 +0.00000e+00
 3.34048e-06 2.43199e+04 8.81072e-15 +0.00000e+00
 4.15956e-06 2.43130e+04 1.09776e-14 +0.00000e+00
 5.17947e-06 2.43103e+04 1.36751e-14 +0.00000e+00
 6.44947e-06 2.43184e+04 1.70279e-14 +0.00000e+00
 8.03086e-06 2.43375e+04 2.11935e-14 +0.00000e+00
 1.00000e-05 2.43701e+04 2.63638e-14 +0.00000e+00
 1.24520e-05 2.44179e+04 3.27754e-14 +0.00000e+00
 1.55052e-05 2.44984e+04 4.06923e-14 +0.00000e+00
 1.93070e-05 2.45801e+04 5.05208e-14 +0.00000e+00
 2.40410e-05 2.46877e+04 6.26594e-14 +0.00000e+00
 2.99358e-05 2.48064e+04 7.76823e-14 +0.00000e+00
 3.72759e-05 2.49474e+04 9.62241e-14 +0.00000e+00
 4.64159e-05 2.51063e+04 1.19110e-13 +0.00000e+00
 5.77969e-05 2.52860e+04 1.47322e-13 +0.00000e+00
 7.19686e-05 2.54849e+04 1.82084e-13 +0.00000e+00
 8.96151e-05 2.57032e+04 2.24885e-13 +0.00000e+00
 1.11588e-04 2.59392e+04 2.77564e-13 +0.00000e+00
 1.38950e-04 2.61914e+04 3.42380e-13 +0.00000e+00
 1.73020e-04 2.64587e+04 4.22100e-13 +0.00000e+00
 2.15443e-04 2.67402e+04 5.20117e-13 +0.00000e+00
 2.68270e-04 2.70350e+04 6.40589e-13 +0.00000e+00
 3.34048e-04 2.73424e+04 7.88605e-13 +0.00000e+00
 4.15956e-04 2.76619e+04 9.70393e-13 +0.00000e+00
 5.17947e-04 2.79923e+04 1.19357e-12 +0.00000e+00
 6.44947e-04 2.83322e+04 1.46749e-12 +0.00000e+00
 8.03086e-04 2.86792e+04 1.80357e-12 +0.00000e+00
 1.00000e-03 2.90307e+04 2.21584e-12 +0.00000e+00
 1.24520e-03 2.93832e+04 2.72144e-12 -2.54172e-07
 1.55052e-03 2.97334e+04 3.34130e-12 -3.16495e-07
 1.93070e-03 3.00776e+04 4.10091e-12 -3.94098e-07
 2.40410e-03 3.04120e+04 5.03133e-12 -4.90730e-07
 2.99358e-03 3.07323e+04 6.17024e-12 -6.11055e-07
 3.72759e-03 3.10352e+04 7.56301e-12 -7.60884e-07
 4.64159e-03 3.13188e+04 9.26384e-12 -9.47448e-07
 5.77969e-03 3.15840e+04 1.13364e-11 -1.17977e-06
 7.19686e-03 3.18311e+04 1.38559e-11 -1.46903e-06
 8.96151e-03 3.20657e+04 1.69079e-11 -1.82924e-06
 1.11588e-02 3.22931e+04 2.05909e-11 -2.27777e-06
 1.38950e-02 3.25186e+04 2.50169e-11 -2.83627e-06
 1.73020e-02 3.27480e+04 3.03104e-11 -3.53171e-06
 2.15443e-02 3.29869e+04 3.66094e-11 -4.39768e-06
 2.68270e-02 3.32406e+04 4.40638e-11 -5.47597e-06
 3.34048e-02 3.35122e+04 5.28379e-11 -6.81866e-06
 4.15956e-02 3.38047e+04 6.31096e-11 -8.49056e-06
 5.17947e-02 3.41216e+04 7.50686e-11 -1.05724e-05
 6.44947e-02 3.44660e+04 8.89192e-11 -1.31648e-05
 8.03086e-02 3.48430e+04 1.04876e-10 -1.63927e-05
 1.00000e-01 3.52562e+04 1.23173e-10 -2.04122e-05
 1.24520e-01 3.57095e+04 1.44067e-10 -2.54172e-05
 1.55052e-01 3.62007e+04 1.67863e-10 -3.16495e-05
 1.93070e-01 3.67308e+04 1.94893e-10 -3.94098e-05
 2.40410e-01 3.72992e+04 2.25537e-10 -4.90730e-05
 2.99358e-01 3.79055e+04 2.60223e-10 -6.11055e-05
 3.72759e-01 3.85487e+04 2.99445e-10 -7.60884e-05
 4.64159e-01 3.92180e+04 3.43831e-10 -9.47448e-05
 5.77969e-01 3.99399e+04 3.93771e-10 -1.17977e-04
 7.19686e-01 4.07376e+04 4.49733e-10 -1.46903e-04
 8.96151e-01 4.15717e+04 5.12901e-10 -1.82924e-04
 1.11588e+00 4.24830e+04 5.83684e-10 -2.27777e-04
 1.38950e+00 4.34552e+04 6.63288e-10 -2.83627e-04
 1.73020e+00 4.44926e+04 7.52754e-10 -3.53171e-04
 2.15443e+00 4.56525e+04 8.52466e-10 -4.39768e-04
 2.68270e+00 4.68636e+04 9.65106e-10 -5.47600e-04
 3.34048e+00 4.81321e+04 1.09215e-09 -6.12369e-04
 4.15956e+00 4.94747e+04 1.23498e-09 -6.12367e-04
 5.17947e+00 5.10693e+04 1.39194e-09 -6.12366e-04
 6.44947e+00 5.23449e+04 1.57917e-09 -6.12367e-04
 8.03086e+00 5.41722e+04 1.77551e-09 -6.12367e-04
 1.00000e+01 5.57477e+04 2.00824e-09 -6.12366e-04
 1.24520e+01 5.75484e+04 2.26471e-09 -6.12366e-04
 1.55052e+01 5.93184e+04 2.55766e-09 -6.12366e-04
 1.93070e+01 6.14581e+04 2.87649e-09 -6.12366e-04
 2.40410e+01 6.30924e+04 3.26187e-09 -6.12366e-04
 2.99358e+01 6.56286e+04 3.65443e-09 -6.12366e-04
 3.72759e+01 6.73934e+04 4.14462e-09 -6.12366e-04
 4.64159e+01 6.98856e+04 4.65478e-09 -6.12366e-04
 5.77969e+01 7.22382e+04 5.24726e-09 -6.12366e-04
 7.19686e+01 7.44574e+04 5.92725e-09 -6.12366e-04
 8.96151e+01 7.73767e+04 6.64618e-09 -6.12366e-04
 1.11588e+02 7.97007e+04 7.51516e-09 -6.12366e-04
 1.38950e+02 8.27595e+04 8.43148e-09 -6.12366e-04
 1.73020e+02 8.55732e+04 9.50139e-09 -6.12366e-04
 2.15443e+02 8.86931e+04 1.06826e-08 -6.12365e-04
 2.68270e+02 9.19327e+04 1.20131e-08 -6.12363e-04
 3.34048e+02 9.53308e+04 1.35072e-08 -6.12356e-04
 4.15956e+02 9.88780e+04 1.51865e-08 -6.12334e-04
 5.17947e+02 1.02625e+05 1.70683e-08 -6.12268e-04
 6.44947e+02 1.06542e+05 1.91836e-08 -6.12063e-04
 8.03086e+02 1.10552e+05 2.15742e-08 -6.11417e-04
 1.00000e+03 1.14921e+05 2.42251e-08 -6.09583e-04
