#n1=128 n2=4 Teff=42000 R=1.6323e+12 L=5.9163e+39 logg=+3.50
#   tau          T          rho         Fconv
 0.00000e+00 3.14897e+04 2.28468e-22 +0.00000e+00
 1.00000e-09 3.14897e+04 2.01197e-18 +0.00000e+00
 1.24520e-09 3.14315e+04 2.51083e-18 +0.00000e+00
 1.55052e-09 3.14008e+04 3.13066e-18 +0.00000e+00
 1.93070e-09 3.13179e+04 3.91002e-18 +0.00000e+00
 2.40410e-09 3.11875e+04 4.89089e-18 +0.00000e+00
 2.99358e-09 3.10054e+04 6.12814e-18 +0.00000e+00
 3.72759e-09 3.07435e+04 7.69858e-18 +0.00000e+00
 4.64159e-09 3.03562e+04 9.71213e-18 +0.00000e+00
 5.77969e-09 2.98630e+04 1.22978e-17 +0.00000e+00
 7.19686e-09 2.95199e+04 1.54968e-17 +0.00000e+00
 8.96151e-09 2.92791e+04 1.94623e-17 +0.00000e+00
 1.11588e-08 2.90751e+04 2.44133e-17 +0.00000e+00
 1.38950e-08 2.88218e+04 3.06775e-17 +0.00000e+00
 1.73020e-08 2.83531e+04 3.88450e-17 +0.00000e+00
 2.15443e-08 2.74108e+04 5.00504e-17 +0.00000e+00
 2.68270e-08 2.62094e+04 6.52027e-17 +0.00000e+00
 3.34048e-08 2.56145e+04 8.31047e-17 +0.00000e+00
 4.15956e-08 2.53471e+04 1.04609e-16 +0.00000e+00
 5.17947e-08 2.51594e+04 1.31274e-16 +0.00000e+00
 6.44947e-08 2.50468e+04 1.64251e-16 +0.00000e+00
 8.03086e-08 2.49777e+04 2.05156e-16 +0.00000e+00
 1.00000e-07 2.49325e+04 2.56004e-16 +0.00000e+00
 1.24520e-07 2.49025e+04 3.19260e-16 +0.00000e+00
 1.55052e-07 2.48828e+04 3.97979e-16 +0.00000e+00
 1.93070e-07 2.48706e+04 4.95960e-16 +0.00000e+00
 2.40410e-07 2.48638e+04 6.17927e-16 +0.00000e+00
 2.99358e-07 2.48612e+04 7.69756e-16 +0.00000e+00
 3.72759e-07 2.48628e+04 9.58728e-16 +0.00000e+00
 4.64159e-07 2.48661e+04 1.19401e-15 +0.00000e+00
 5.77969e-07 2.48714e+04 1.48691e-15 +0.00000e+00
 7.19686e-07 2.48792e+04 1.85148e-15 +0.00000e+00
 8.96151e-07 2.48888e+04 2.30527e-15 +0.00000e+00
 1.11588e-06 2.48997e+04 2.87013e-15 +0.00000e+00
 1.38950e-06 2.49123e+04 3.57315e-15 +0.00000e+00
 1.73020e-06 2.49239e+04 4.44857e-15 +0.00000e+00
 2.15443e-06 2.49388e+04 5.53771e-15 +0.00000e+00
 2.68270e-06 2.49559e+04 6.89292e-15 +0.00000e+00
 3.34048e-06 2.49763e+04 8.57862e-15 +0.00000e+00
 4.15956e-06 2.49933e+04 1.06781e-14 +0.00000e+00
 5.17947e-06 2.50174e+04 1.32875e-14 +0.00000e+00
 6.44947e-06 2.50462e+04 1.65316e-14 +0.00000e+00
 8.03086e-06 2.50794e+04 2.05642e-14 +0.00000e+00
 1.00000e-05 2.51182e+04 2.55748e-14 +0.00000e+00
 1.24520e-05 2.51639e+04 3.17978e-14 +0.00000e+00
 1.55052e-05 2.52192e+04 3.95203e-14 +0.00000e+00
 1.93070e-05 2.52862e+04 4.90958e-14 +0.00000e+00
 2.40410e-05 2.53735e+04 6.09436e-14 +0.00000e+00
 2.99358e-05 2.54686e+04 7.56285e-14 +0.00000e+00
 3.72759e-05 2.55816e+04 9.37881e-14 +0.00000e+00
 4.64159e-05 2.57154e+04 1.16216e-13 +0.00000e+00
 5.77969e-05 2.58675e+04 1.43909e-13 +0.00000e+00
 7.19686e-05 2.60411e+04 1.78056e-13 +0.00000e+00
 8.96151e-05 2.62367e+04 2.20125e-13 +0.00000e+00
 1.11588e-04 2.64541e+04 2.71913e-13 +0.00000e+00
 1.38950e-04 2.66919e+04 3.35634e-13 +0.00000e+00
 1.73020e-04 2.69507e+04 4.13970e-13 +0.00000e+00
 2.15443e-04 2.72283e+04 5.10242e-13 +0.00000e+00
 2.68270e-04 2.75233e+04 6.28510e-13 +0.00000e+00
 3.34048e-04 2.78342e+04 7.73747e-13 +0.00000e+00
 4.15956e-04 2.81593e+04 9.52049e-13 +0.00000e+00
 5.17947e-04 2.84967e+04 1.17089e-12 +0.00000e+00
 6.44947e-04 2.88443e+04 1.43942e-12 +0.00000e+00
 8.03086e-04 2.91996e+04 1.76888e-12 +0.00000e+00
 1.00000e-03 2.95599e+04 2.17299e-12 +0.00000e+00
 1.24520e-03 2.99227e+04 2.66850e-12 -2.54180e-07
 1.55052e-03 3.02870e+04 3.27564e-12 -3.16505e-07
 1.93070e-03 3.06440e+04 4.01988e-12 -3.94111e-07
 2.40410e-03 3.09918e+04 4.93145e-12 -4.90745e-07
 2.99358e-03 3.13264e+04 6.04732e-12 -6.11074e-07
 3.72759e-03 3.16434e+04 7.41223e-12 -7.60908e-07
 4.64159e-03 3.19402e+04 9.07975e-12 -9.47482e-07
 5.77969e-03 3.22165e+04 1.11132e-11 -1.17980e-06
 7.19686e-03 3.24753e+04 1.35862e-11 -1.46908e-06
 8.96151e-03 3.27194e+04 1.65847e-11 -1.82930e-06
 1.11588e-02 3.29553e+04 2.02063e-11 -2.27784e-06
 1.38950e-02 3.31887e+04 2.45623e-11 -2.83636e-06
 1.73020e-02 3.34255e+04 2.97773e-11 -3.53183e-06
 2.15443e-02 3.36714e+04 3.59901e-11 -4.39782e-06
 2.68270e-02 3.39317e+04 4.33517e-11 -5.47615e-06
 3.34048e-02 3.42101e+04 5.20281e-11 -6.81888e-06
 4.15956e-02 3.45096e+04 6.21993e-11 -8.49085e-06
 5.17947e-02 3.48340e+04 7.40578e-11 -1.05728e-05
 6.44947e-02 3.51864e+04 8.78111e-11 -1.31652e-05
 8.03086e-02 3.55721e+04 1.03678e-10 -1.63933e-05
 1.00000e-01 3.59948e+04 1.21898e-10 -2.04128e-05
 1.24520e-01 3.64587e+04 1.42730e-10 -2.54180e-05
 1.55052e-01 3.69611e+04 1.66487e-10 -3.16505e-05
 1.93070e-01 3.75032e+04 1.93503e-10 -3.94111e-05
 2.40410e-01 3.80848e+04 2.24161e-10 -4.90745e-05
 2.99358e-01 3.87055e+04 2.58893e-10 -6.11074e-05
 3.72759e-01 3.93640e+04 2.98196e-10 -7.60908e-05
 4.64159e-01 4.00496e+04 3.42697e-10 -9.47482e-05
 5.77969e-01 4.07891e+04 3.92792e-10 -1.17980e-04
 7.19686e-01 4.16046e+04 4.48970e-10 -1.46908e-04
 8.96151e-01 4.24580e+04 5.12388e-10 -1.82930e-04
 1.11588e+00 4.33902e+04 5.83470e-10 -2.27784e-04
 1.38950e+00 4.43845e+04 6.63418e-10 -2.83636e-04
 1.73020e+00 4.54454e+04 7.53277e-10 -3.53183e-04
 2.15443e+00 4.66322e+04 8.53422e-10 -4.39782e-04
 2.68270e+00 4.78710e+04 9.66549e-10 -5.47621e-04
 3.34048e+00 4.91678e+04 1.09415e-09 -6.12393e-04
 4.15956e+00 5.05400e+04 1.23760e-09 -6.12387e-04
 5.17947e+00 5.21707e+04 1.39521e-09 -6.12387e-04
 6.44947e+00 5.34709e+04 1.58330e-09 -6.12387e-04
 8.03086e+00 5.53379e+04 1.78046e-09 -6.12387e-04
 1.00000e+01 5.69448e+04 2.01420e-09 -6.12387e-04
 1.24520e+01 5.87823e+04 2.27174e-09 -6.12387e-04
 1.55052e+01 6.05885e+04 2.56586e-09 -6.12387e-04
 1.93070e+01 6.27737e+04 2.88587e-09 -6.12387e-04
 2.40410e+01 6.44423e+04 3.27267e-09 -6.12387e-04
 2.99358e+01 6.70363e+04 3.66647e-09 -6.12387e-04
 3.72759e+01 6.88419e+04 4.15826e-09 -6.12387e-04
 4.64159e+01 7.13958e+04 4.66981e-09 -6.12387e-04
 5.77969e+01 7.38103e+04 5.26380e-09 -6.12387e-04
 7.19686e+01 7.60921e+04 5.94542e-09 -6.12387e-04
 8.96151e+01 7.90958e+04 6.66579e-09 -6.12387e-04
 1.11588e+02 8.14920e+04 7.53673e-09 -6.12387e-04
 1.38950e+02 8.46446e+04 8.45496e-09 -6.12387e-04
 1.73020e+02 8.75486e+04 9.52725e-09 -6.12387e-04
 2.15443e+02 9.07685e+04 1.07112e-08 -6.12387e-04
 2.68270e+02 9.41129e+04 1.20449e-08 -6.12381e-04
 3.34048e+02 9.76204e+04 1.35429e-08 -6.12376e-04
 4.15956e+02 1.01280e+05 1.52269e-08 -6.12359e-04
 5.17947e+02 1.05142e+05 1.71148e-08 -6.12308e-04
 6.44947e+02 1.09173e+05 1.92377e-08 -6.12149e-04
 8.03086e+02 1.13291e+05 2.16380e-08 -6.11640e-04
 1.00000e+03 1.17768e+05 2.43009e-08 -6.10197e-04
