#n1=128 n2=4 Teff=43000 R=8.5908e+11 L=1.7956e+39 logg=+4.00
#   tau          T          rho         Fconv
 0.00000e+00 3.74708e+04 1.91868e-22 +0.00000e+00
 1.00000e-09 3.74708e+04 5.39849e-18 +0.00000e+00
 1.24520e-09 3.69984e+04 6.80979e-18 +0.00000e+00
 1.55052e-09 3.60477e+04 8.70543e-18 +0.00000e+00
 1.93070e-09 3.51747e+04 1.11119e-17 +0.00000e+00
 2.40410e-09 3.49557e+04 1.39268e-17 +0.00000e+00
 2.99358e-09 3.48559e+04 1.73957e-17 +0.00000e+00
 3.72759e-09 3.47903e+04 2.17075e-17 +0.00000e+00
 4.64159e-09 3.47411e+04 2.70753e-17 +0.00000e+00
 5.77969e-09 3.47012e+04 3.37614e-17 +0.00000e+00
 7.19686e-09 3.46666e+04 4.20922e-17 +0.00000e+00
 8.96151e-09 3.46344e+04 5.24749e-17 +0.00000e+00
 1.11588e-08 3.46024e+04 6.54185e-17 +0.00000e+00
 1.38950e-08 3.45683e+04 8.15596e-17 +0.00000e+00
 1.73020e-08 3.45299e+04 1.01696e-16 +0.00000e+00
 2.15443e-08 3.44847e+04 1.26829e-16 +0.00000e+00
 2.68270e-08 3.44296e+04 1.58219e-16 +0.00000e+00
 3.34048e-08 3.43610e+04 1.97457e-16 +0.00000e+00
 4.15956e-08 3.42747e+04 2.46553e-16 +0.00000e+00
 5.17947e-08 3.41664e+04 3.08056e-16 +0.00000e+00
 6.44947e-08 3.40335e+04 3.85183e-16 +0.00000e+00
 8.03086e-08 3.38785e+04 4.81941e-16 +0.00000e+00
 1.00000e-07 3.37124e+04 6.03216e-16 +0.00000e+00
 1.24520e-07 3.35538e+04 7.54856e-16 +0.00000e+00
 1.55052e-07 3.34196e+04 9.43949e-16 +0.00000e+00
 1.93070e-07 3.33158e+04 1.17935e-15 +0.00000e+00
 2.40410e-07 3.32394e+04 1.47226e-15 +0.00000e+00
 2.99358e-07 3.31844e+04 1.83673e-15 +0.00000e+00
 3.72759e-07 3.31456e+04 2.29031e-15 +0.00000e+00
 4.64159e-07 3.31190e+04 2.85486e-15 +0.00000e+00
 5.77969e-07 3.31021e+04 3.55753e-15 +0.00000e+00
 7.19686e-07 3.30928e+04 4.43211e-15 +0.00000e+00
 8.96151e-07 3.30899e+04 5.52066e-15 +0.00000e+00
 1.11588e-06 3.30922e+04 6.87544e-15 +0.00000e+00
 1.38950e-06 3.30991e+04 8.56151e-15 +0.00000e+00
 1.73020e-06 3.31099e+04 1.06598e-14 +0.00000e+00
 2.15443e-06 3.31239e+04 1.32710e-14 +0.00000e+00
 2.68270e-06 3.31406e+04 1.65205e-14 +0.00000e+00
 3.34048e-06 3.31590e+04 2.05647e-14 +0.00000e+00
 4.15956e-06 3.31780e+04 2.55982e-14 +0.00000e+00
 5.17947e-06 3.31962e+04 3.18644e-14 +0.00000e+00
 6.44947e-06 3.32116e+04 3.96679e-14 +0.00000e+00
 8.03086e-06 3.32211e+04 4.93908e-14 +0.00000e+00
 1.00000e-05 3.32207e+04 6.15151e-14 +0.00000e+00
 1.24520e-05 3.32035e+04 7.66535e-14 +0.00000e+00
 1.55052e-05 3.31588e+04 9.55958e-14 +0.00000e+00
 1.93070e-05 3.30676e+04 1.19385e-13 +0.00000e+00
 2.40410e-05 3.28993e+04 1.49443e-13 +0.00000e+00
 2.99358e-05 3.26365e+04 1.87612e-13 +0.00000e+00
 3.72759e-05 3.23219e+04 2.35915e-13 +0.00000e+00
 4.64159e-05 3.20582e+04 2.96202e-13 +0.00000e+00
 5.77969e-05 3.18704e+04 3.71016e-13 +0.00000e+00
 7.19686e-05 3.17431e+04 4.63829e-13 +0.00000e+00
 8.96151e-05 3.16513e+04 5.79172e-13 +0.00000e+00
 1.11588e-04 3.15804e+04 7.22652e-13 +0.00000e+00
 1.38950e-04 3.15199e+04 9.01264e-13 +0.00000e+00
 1.73020e-04 3.14626e+04 1.12372e-12 +0.00000e+00
 2.15443e-04 3.14019e+04 1.40094e-12 +0.00000e+00
 2.68270e-04 3.13333e+04 1.74651e-12 +0.00000e+00
 3.34048e-04 3.12526e+04 2.17740e-12 +0.00000e+00
 4.15956e-04 3.11565e+04 2.71473e-12 +0.00000e+00
 5.17947e-04 3.10434e+04 3.38460e-12 +0.00000e+00
 6.44947e-04 3.09139e+04 4.21892e-12 +0.00000e+00
 8.03086e-04 3.07713e+04 5.25622e-12 +0.00000e+00
 1.00000e-03 3.06200e+04 6.54264e-12 +0.00000e+00
 1.24520e-03 3.04667e+04 8.13214e-12 -2.54875e-07
 1.55052e-03 3.03191e+04 1.00870e-11 -3.17370e-07
 1.93070e-03 3.01851e+04 1.24780e-11 -3.95188e-07
 2.40410e-03 3.00762e+04 1.53821e-11 -4.92087e-07
 2.99358e-03 3.00036e+04 1.88826e-11 -6.12746e-07
 3.72759e-03 2.99780e+04 2.30691e-11 -7.62990e-07
 4.64159e-03 3.00042e+04 2.80393e-11 -9.50070e-07
 5.77969e-03 3.00802e+04 3.39074e-11 -1.18303e-06
 7.19686e-03 3.01978e+04 4.08035e-11 -1.47310e-06
 8.96151e-03 3.03465e+04 4.88806e-11 -1.83430e-06
 1.11588e-02 3.05169e+04 5.83122e-11 -2.28407e-06
 1.38950e-02 3.07016e+04 6.92878e-11 -2.84412e-06
 1.73020e-02 3.08965e+04 8.20142e-11 -3.54148e-06
 2.15443e-02 3.10998e+04 9.67125e-11 -4.40985e-06
 2.68270e-02 3.13127e+04 1.13618e-10 -5.49114e-06
 3.34048e-02 3.15384e+04 1.32982e-10 -6.83754e-06
 4.15956e-02 3.17818e+04 1.55070e-10 -8.51409e-06
 5.17947e-02 3.20494e+04 1.80166e-10 -1.06017e-05
 6.44947e-02 3.23480e+04 2.08577e-10 -1.32012e-05
 8.03086e-02 3.26847e+04 2.40638e-10 -1.64381e-05
 1.00000e-01 3.30667e+04 2.76711e-10 -2.04687e-05
 1.24520e-01 3.34993e+04 3.17214e-10 -2.54875e-05
 1.55052e-01 3.39870e+04 3.62608e-10 -3.17370e-05
 1.93070e-01 3.45344e+04 4.13411e-10 -3.95188e-05
 2.40410e-01 3.51450e+04 4.70208e-10 -4.92087e-05
 2.99358e-01 3.58215e+04 5.33676e-10 -6.12746e-05
 3.72759e-01 3.65653e+04 6.04602e-10 -7.62990e-05
 4.64159e-01 3.73770e+04 6.83915e-10 -9.50070e-05
 5.77969e-01 3.82560e+04 7.72704e-10 -1.18303e-04
 7.19686e-01 3.92014e+04 8.72242e-10 -1.47310e-04
 8.96151e-01 4.02114e+04 9.84012e-10 -1.83430e-04
 1.11588e+00 4.12842e+04 1.10970e-09 -2.28407e-04
 1.38950e+00 4.24172e+04 1.25121e-09 -2.84412e-04
 1.73020e+00 4.36086e+04 1.41067e-09 -3.54149e-04
 2.15443e+00 4.48586e+04 1.59039e-09 -4.40986e-04
 2.68270e+00 4.61637e+04 1.79307e-09 -5.49114e-04
 3.34048e+00 4.75219e+04 2.02169e-09 -6.14058e-04
 4.15956e+00 4.89348e+04 2.27939e-09 -6.14058e-04
 5.17947e+00 5.04128e+04 2.56945e-09 -6.14063e-04
 6.44947e+00 5.19053e+04 2.89815e-09 -6.14058e-04
 8.03086e+00 5.35146e+04 3.26498e-09 -6.14058e-04
 1.00000e+01 5.51378e+04 3.68087e-09 -6.14058e-04
 1.24520e+01 5.68473e+04 4.14718e-09 -6.14058e-04
 1.55052e+01 5.86073e+04 4.67265e-09 -6.14058e-04
 1.93070e+01 6.05170e+04 5.25802e-09 -6.14058e-04
 2.40410e+01 6.23197e+04 5.93085e-09 -6.14058e-04
 2.99358e+01 6.44827e+04 6.66077e-09 -6.14058e-04
 3.72759e+01 6.64064e+04 7.51444e-09 -6.14058e-04
 4.64159e+01 6.86650e+04 8.44345e-09 -6.14058e-04
 5.77969e+01 7.09250e+04 9.50029e-09 -6.14058e-04
 7.19686e+01 7.31636e+04 1.07002e-08 -6.14058e-04
 8.96151e+01 7.57834e+04 1.20079e-08 -6.14058e-04
 1.11588e+02 7.81760e+04 1.35291e-08 -6.14058e-04
 1.38950e+02 8.09827e+04 1.51827e-08 -6.14058e-04
 1.73020e+02 8.37270e+04 1.70759e-08 -6.14053e-04
 2.15443e+02 8.67036e+04 1.91775e-08 -6.14032e-04
 2.68270e+02 8.98040e+04 2.15415e-08 -6.13970e-04
 3.34048e+02 9.30755e+04 2.41889e-08 -6.13779e-04
 4.15956e+02 9.65096e+04 2.71607e-08 -6.13185e-04
 5.17947e+02 1.00129e+05 3.04921e-08 -6.11393e-04
 6.44947e+02 1.03957e+05 3.42234e-08 -6.06114e-04
 8.03086e+02 1.07878e+05 3.84419e-08 -5.89994e-04
 1.00000e+03 1.12161e+05 4.31160e-08 -5.46330e-04
