#n1=128 n2=4 Teff=43000 R=1.6709e+12 L=6.8127e+39 logg=+3.50
#   tau          T          rho         Fconv
 0.00000e+00 2.81270e+04 2.58424e-22 +0.00000e+00
 1.00000e-09 2.81270e+04 2.30092e-18 +0.00000e+00
 1.24520e-09 2.80787e+04 2.87093e-18 +0.00000e+00
 1.55052e-09 2.80407e+04 3.58085e-18 +0.00000e+00
 1.93070e-09 2.26968e+04 5.51253e-18 +0.00000e+00
 2.40410e-09 2.26898e+04 6.86907e-18 +0.00000e+00
 2.99358e-09 2.26837e+04 8.55885e-18 +0.00000e+00
 3.72759e-09 2.26812e+04 1.06624e-17 +0.00000e+00
 4.64159e-09 2.26818e+04 1.32809e-17 +0.00000e+00
 5.77969e-09 2.26849e+04 1.65406e-17 +0.00000e+00
 7.19686e-09 2.26901e+04 2.05981e-17 +0.00000e+00
 8.96151e-09 2.26973e+04 2.56485e-17 +0.00000e+00
 1.11588e-08 2.27064e+04 3.19344e-17 +0.00000e+00
 1.38950e-08 2.27174e+04 3.97574e-17 +0.00000e+00
 1.73020e-08 2.27302e+04 4.94926e-17 +0.00000e+00
 2.15443e-08 2.27450e+04 6.16061e-17 +0.00000e+00
 2.68270e-08 2.27619e+04 7.66773e-17 +0.00000e+00
 3.34048e-08 2.27810e+04 9.54262e-17 +0.00000e+00
 4.15956e-08 2.28025e+04 1.18747e-16 +0.00000e+00
 5.17947e-08 2.28265e+04 1.47750e-16 +0.00000e+00
 6.44947e-08 2.28533e+04 1.83816e-16 +0.00000e+00
 8.03086e-08 2.28830e+04 2.28656e-16 +0.00000e+00
 1.00000e-07 2.29159e+04 2.84395e-16 +0.00000e+00
 1.24520e-07 2.29519e+04 3.53672e-16 +0.00000e+00
 1.55052e-07 2.29915e+04 4.39760e-16 +0.00000e+00
 1.93070e-07 2.30320e+04 5.46779e-16 +0.00000e+00
 2.40410e-07 2.30786e+04 6.79665e-16 +0.00000e+00
 2.99358e-07 2.31291e+04 8.44709e-16 +0.00000e+00
 3.72759e-07 2.31837e+04 1.04965e-15 +0.00000e+00
 4.64159e-07 2.32428e+04 1.30407e-15 +0.00000e+00
 5.77969e-07 2.33067e+04 1.61983e-15 +0.00000e+00
 7.19686e-07 2.33760e+04 2.01160e-15 +0.00000e+00
 8.96151e-07 2.34515e+04 2.49749e-15 +0.00000e+00
 1.11588e-06 2.35338e+04 3.09988e-15 +0.00000e+00
 1.38950e-06 2.36243e+04 3.84629e-15 +0.00000e+00
 1.73020e-06 2.37242e+04 4.77061e-15 +0.00000e+00
 2.15443e-06 2.38351e+04 5.91443e-15 +0.00000e+00
 2.68270e-06 2.39613e+04 7.32802e-15 +0.00000e+00
 3.34048e-06 2.40992e+04 9.07534e-15 +0.00000e+00
 4.15956e-06 2.42534e+04 1.12321e-14 +0.00000e+00
 5.17947e-06 2.44255e+04 1.38919e-14 +0.00000e+00
 6.44947e-06 2.46167e+04 1.71691e-14 +0.00000e+00
 8.03086e-06 2.48270e+04 2.12044e-14 +0.00000e+00
 1.00000e-05 2.50572e+04 2.61694e-14 +0.00000e+00
 1.24520e-05 2.53068e+04 3.22748e-14 +0.00000e+00
 1.55052e-05 2.55750e+04 3.97796e-14 +0.00000e+00
 1.93070e-05 2.58603e+04 4.90025e-14 +0.00000e+00
 2.40410e-05 2.61606e+04 6.03362e-14 +0.00000e+00
 2.99358e-05 2.64734e+04 7.42656e-14 +0.00000e+00
 3.72759e-05 2.67960e+04 9.13899e-14 +0.00000e+00
 4.64159e-05 2.71258e+04 1.12448e-13 +0.00000e+00
 5.77969e-05 2.74609e+04 1.38351e-13 +0.00000e+00
 7.19686e-05 2.78003e+04 1.70217e-13 +0.00000e+00
 8.96151e-05 2.81443e+04 2.09415e-13 +0.00000e+00
 1.11588e-04 2.84934e+04 2.57623e-13 +0.00000e+00
 1.38950e-04 2.88492e+04 3.16889e-13 +0.00000e+00
 1.73020e-04 2.92136e+04 3.89714e-13 +0.00000e+00
 2.15443e-04 2.95891e+04 4.79137e-13 +0.00000e+00
 2.68270e-04 2.99786e+04 5.88851e-13 +0.00000e+00
 3.34048e-04 3.03834e+04 7.23371e-13 +0.00000e+00
 4.15956e-04 3.08019e+04 8.88282e-13 +0.00000e+00
 5.17947e-04 3.12264e+04 1.09063e-12 +0.00000e+00
 6.44947e-04 3.16442e+04 1.33937e-12 +0.00000e+00
 8.03086e-04 3.20462e+04 1.64561e-12 +0.00000e+00
 1.00000e-03 3.24289e+04 2.02286e-12 +0.00000e+00
 1.24520e-03 3.27923e+04 2.48762e-12 -2.54127e-07
 1.55052e-03 3.31350e+04 3.06021e-12 -3.16439e-07
 1.93070e-03 3.34551e+04 3.76563e-12 -3.94028e-07
 2.40410e-03 3.37513e+04 4.63440e-12 -4.90643e-07
 2.99358e-03 3.40245e+04 5.70337e-12 -6.10947e-07
 3.72759e-03 3.42775e+04 7.01668e-12 -7.60750e-07
 4.64159e-03 3.45141e+04 8.62688e-12 -9.47281e-07
 5.77969e-03 3.47385e+04 1.05961e-11 -1.17955e-06
 7.19686e-03 3.49547e+04 1.29975e-11 -1.46878e-06
 8.96151e-03 3.51665e+04 1.59164e-11 -1.82892e-06
 1.11588e-02 3.53773e+04 1.94517e-11 -2.27736e-06
 1.38950e-02 3.55911e+04 2.37168e-11 -2.83577e-06
 1.73020e-02 3.58133e+04 2.88389e-11 -3.53108e-06
 2.15443e-02 3.60494e+04 3.49608e-11 -4.39690e-06
 2.68270e-02 3.63050e+04 4.22386e-11 -5.47502e-06
 3.34048e-02 3.65821e+04 5.08478e-11 -6.81747e-06
 4.15956e-02 3.68833e+04 6.09782e-11 -8.48910e-06
 5.17947e-02 3.72126e+04 7.28327e-11 -1.05706e-05
 6.44947e-02 3.75729e+04 8.66313e-11 -1.31624e-05
 8.03086e-02 3.79718e+04 1.02600e-10 -1.63898e-05
 1.00000e-01 3.84143e+04 1.20986e-10 -2.04086e-05
 1.24520e-01 3.89043e+04 1.42063e-10 -2.54127e-05
 1.55052e-01 3.94425e+04 1.66141e-10 -3.16439e-05
 1.93070e-01 4.00289e+04 1.93572e-10 -3.94028e-05
 2.40410e-01 4.06627e+04 2.24752e-10 -4.90643e-05
 2.99358e-01 4.13437e+04 2.60128e-10 -6.10947e-05
 3.72759e-01 4.20702e+04 3.00213e-10 -7.60750e-05
 4.64159e-01 4.28184e+04 3.45737e-10 -9.47281e-05
 5.77969e-01 4.36343e+04 3.96981e-10 -1.17955e-04
 7.19686e-01 4.45607e+04 4.54280e-10 -1.46878e-04
 8.96151e-01 4.55213e+04 5.19143e-10 -1.82892e-04
 1.11588e+00 4.65920e+04 5.91671e-10 -2.27736e-04
 1.38950e+00 4.77388e+04 6.73280e-10 -2.83577e-04
 1.73020e+00 4.89662e+04 7.65037e-10 -3.53108e-04
 2.15443e+00 5.03668e+04 8.66932e-10 -4.39690e-04
 2.68270e+00 5.18156e+04 9.82450e-10 -5.47502e-04
 3.34048e+00 5.33208e+04 1.11310e-09 -6.12256e-04
 4.15956e+00 5.49091e+04 1.26015e-09 -6.12256e-04
 5.17947e+00 5.67873e+04 1.42184e-09 -6.12256e-04
 6.44947e+00 5.82259e+04 1.61675e-09 -6.12261e-04
 8.03086e+00 6.03313e+04 1.81979e-09 -6.12261e-04
 1.00000e+01 6.20994e+04 2.06195e-09 -6.12261e-04
 1.24520e+01 6.40939e+04 2.32924e-09 -6.12256e-04
 1.55052e+01 6.60770e+04 2.63323e-09 -6.12256e-04
 1.93070e+01 6.84310e+04 2.96525e-09 -6.12256e-04
 2.40410e+01 7.02367e+04 3.36515e-09 -6.12256e-04
 2.99358e+01 7.30642e+04 3.77147e-09 -6.12256e-04
 3.72759e+01 7.50040e+04 4.27984e-09 -6.12256e-04
 4.64159e+01 7.78249e+04 4.80490e-09 -6.12256e-04
 5.77969e+01 8.04500e+04 5.41738e-09 -6.12256e-04
 7.19686e+01 8.29742e+04 6.11723e-09 -6.12256e-04
 8.96151e+01 8.63384e+04 6.85376e-09 -6.12256e-04
 1.11588e+02 8.89971e+04 7.74877e-09 -6.12256e-04
 1.38950e+02 9.25376e+04 8.68851e-09 -6.12256e-04
 1.73020e+02 9.58355e+04 9.78517e-09 -6.12256e-04
 2.15443e+02 9.93967e+04 1.10051e-08 -6.12256e-04
 2.68270e+02 1.03164e+05 1.23722e-08 -6.12256e-04
 3.34048e+02 1.07026e+05 1.39183e-08 -6.12256e-04
 4.15956e+02 1.11021e+05 1.56590e-08 -6.12250e-04
 5.17947e+02 1.15239e+05 1.76082e-08 -6.12240e-04
 6.44947e+02 1.19518e+05 1.98150e-08 -6.12204e-04
 8.03086e+02 1.23925e+05 2.22987e-08 -6.12080e-04
 1.00000e+03 1.28600e+05 2.50704e-08 -6.11699e-04
