#n1=128 n2=4 Teff=45000 R=1.7487e+12 L=8.9503e+39 logg=+3.50
#   tau          T          rho         Fconv
 0.00000e+00 2.84193e+04 2.55760e-22 +0.00000e+00
 1.00000e-09 2.84193e+04 2.27642e-18 +0.00000e+00
 1.24520e-09 2.83285e+04 2.84454e-18 +0.00000e+00
 1.55052e-09 2.82583e+04 3.55189e-18 +0.00000e+00
 1.93070e-09 2.82044e+04 4.43263e-18 +0.00000e+00
 2.40410e-09 2.81630e+04 5.52933e-18 +0.00000e+00
 2.99358e-09 2.81312e+04 6.89506e-18 +0.00000e+00
 3.72759e-09 2.81064e+04 8.59600e-18 +0.00000e+00
 4.64159e-09 2.80862e+04 1.07148e-17 +0.00000e+00
 5.77969e-09 2.38353e+04 1.57319e-17 +0.00000e+00
 7.19686e-09 2.38123e+04 1.96159e-17 +0.00000e+00
 8.96151e-09 2.37999e+04 2.44473e-17 +0.00000e+00
 1.11588e-08 2.37954e+04 3.04581e-17 +0.00000e+00
 1.38950e-08 2.37972e+04 3.79362e-17 +0.00000e+00
 1.73020e-08 2.38041e+04 4.72395e-17 +0.00000e+00
 2.15443e-08 2.38182e+04 5.88061e-17 +0.00000e+00
 2.68270e-08 2.38332e+04 7.32013e-17 +0.00000e+00
 3.34048e-08 2.38520e+04 9.11057e-17 +0.00000e+00
 4.15956e-08 2.38743e+04 1.13372e-16 +0.00000e+00
 5.17947e-08 2.39001e+04 1.41060e-16 +0.00000e+00
 6.44947e-08 2.39294e+04 1.75483e-16 +0.00000e+00
 8.03086e-08 2.39624e+04 2.18273e-16 +0.00000e+00
 1.00000e-07 2.39992e+04 2.71454e-16 +0.00000e+00
 1.24520e-07 2.40401e+04 3.37535e-16 +0.00000e+00
 1.55052e-07 2.40854e+04 4.19628e-16 +0.00000e+00
 1.93070e-07 2.41354e+04 5.21586e-16 +0.00000e+00
 2.40410e-07 2.41904e+04 6.48185e-16 +0.00000e+00
 2.99358e-07 2.42508e+04 8.05335e-16 +0.00000e+00
 3.72759e-07 2.43171e+04 1.00035e-15 +0.00000e+00
 4.64159e-07 2.43896e+04 1.24228e-15 +0.00000e+00
 5.77969e-07 2.44688e+04 1.54231e-15 +0.00000e+00
 7.19686e-07 2.45552e+04 1.91427e-15 +0.00000e+00
 8.96151e-07 2.46491e+04 2.37523e-15 +0.00000e+00
 1.11588e-06 2.47512e+04 2.94626e-15 +0.00000e+00
 1.38950e-06 2.48622e+04 3.65333e-15 +0.00000e+00
 1.73020e-06 2.49825e+04 4.52846e-15 +0.00000e+00
 2.15443e-06 2.51132e+04 5.61104e-15 +0.00000e+00
 2.68270e-06 2.52552e+04 6.94953e-15 +0.00000e+00
 3.34048e-06 2.54094e+04 8.60340e-15 +0.00000e+00
 4.15956e-06 2.55771e+04 1.06456e-14 +0.00000e+00
 5.17947e-06 2.57598e+04 1.31656e-14 +0.00000e+00
 6.44947e-06 2.59586e+04 1.62726e-14 +0.00000e+00
 8.03086e-06 2.61750e+04 2.01006e-14 +0.00000e+00
 1.00000e-05 2.64101e+04 2.48131e-14 +0.00000e+00
 1.24520e-05 2.66645e+04 3.06106e-14 +0.00000e+00
 1.55052e-05 2.69384e+04 3.77387e-14 +0.00000e+00
 1.93070e-05 2.72307e+04 4.64998e-14 +0.00000e+00
 2.40410e-05 2.75396e+04 5.72666e-14 +0.00000e+00
 2.99358e-05 2.78622e+04 7.05002e-14 +0.00000e+00
 3.72759e-05 2.81955e+04 8.67698e-14 +0.00000e+00
 4.64159e-05 2.85373e+04 1.06776e-13 +0.00000e+00
 5.77969e-05 2.88873e+04 1.31375e-13 +0.00000e+00
 7.19686e-05 2.92471e+04 1.61609e-13 +0.00000e+00
 8.96151e-05 2.96192e+04 1.98743e-13 +0.00000e+00
 1.11588e-04 3.00076e+04 2.44310e-13 +0.00000e+00
 1.38950e-04 3.04141e+04 3.00186e-13 +0.00000e+00
 1.73020e-04 3.08373e+04 3.68694e-13 +0.00000e+00
 2.15443e-04 3.12717e+04 4.52737e-13 +0.00000e+00
 2.68270e-04 3.17107e+04 5.55929e-13 +0.00000e+00
 3.34048e-04 3.21477e+04 6.82764e-13 +0.00000e+00
 4.15956e-04 3.25790e+04 8.38760e-13 +0.00000e+00
 5.17947e-04 3.30029e+04 1.03069e-12 +0.00000e+00
 6.44947e-04 3.34180e+04 1.26689e-12 +0.00000e+00
 8.03086e-04 3.38219e+04 1.55769e-12 +0.00000e+00
 1.00000e-03 3.42113e+04 1.91590e-12 +0.00000e+00
 1.24520e-03 3.45814e+04 2.35745e-12 -2.54120e-07
 1.55052e-03 3.49265e+04 2.90214e-12 -3.16430e-07
 1.93070e-03 3.52420e+04 3.57445e-12 -3.94017e-07
 2.40410e-03 3.55262e+04 4.40426e-12 -4.90630e-07
 2.99358e-03 3.57810e+04 5.42771e-12 -6.10931e-07
 3.72759e-03 3.60110e+04 6.68811e-12 -7.60728e-07
 4.64159e-03 3.62219e+04 8.23713e-12 -9.47255e-07
 5.77969e-03 3.64200e+04 1.01359e-11 -1.17952e-06
 7.19686e-03 3.66114e+04 1.24564e-11 -1.46874e-06
 8.96151e-03 3.68013e+04 1.52829e-11 -1.82886e-06
 1.11588e-02 3.69938e+04 1.87133e-11 -2.27730e-06
 1.38950e-02 3.71931e+04 2.28600e-11 -2.83569e-06
 1.73020e-02 3.74036e+04 2.78513e-11 -3.53099e-06
 2.15443e-02 3.76299e+04 3.38309e-11 -4.39675e-06
 2.68270e-02 3.78769e+04 4.09589e-11 -5.47483e-06
 3.34048e-02 3.81497e+04 4.94101e-11 -6.81725e-06
 4.15956e-02 3.84533e+04 5.93742e-11 -8.48885e-06
 5.17947e-02 3.87927e+04 7.10551e-11 -1.05703e-05
 6.44947e-02 3.91729e+04 8.46709e-11 -1.31621e-05
 8.03086e-02 3.95987e+04 1.00457e-10 -1.63894e-05
 1.00000e-01 4.00749e+04 1.18665e-10 -2.04080e-05
 1.24520e-01 4.06048e+04 1.39574e-10 -2.54120e-05
 1.55052e-01 4.11892e+04 1.63501e-10 -3.16430e-05
 1.93070e-01 4.18225e+04 1.90822e-10 -3.94017e-05
 2.40410e-01 4.25028e+04 2.21949e-10 -4.90630e-05
 2.99358e-01 4.32323e+04 2.57323e-10 -6.10931e-05
 3.72759e-01 4.40115e+04 2.97451e-10 -7.60728e-05
 4.64159e-01 4.48039e+04 3.43141e-10 -9.47255e-05
 5.77969e-01 4.56644e+04 3.94643e-10 -1.17952e-04
 7.19686e-01 4.66397e+04 4.52289e-10 -1.46874e-04
 8.96151e-01 4.76226e+04 5.17837e-10 -1.82886e-04
 1.11588e+00 4.87174e+04 5.91154e-10 -2.27730e-04
 1.38950e+00 4.98787e+04 6.73765e-10 -2.83569e-04
 1.73020e+00 5.11260e+04 7.66559e-10 -3.53099e-04
 2.15443e+00 5.25538e+04 8.69549e-10 -4.39675e-04
 2.68270e+00 5.40315e+04 9.86243e-10 -5.47483e-04
 3.34048e+00 5.55528e+04 1.11841e-09 -6.12241e-04
 4.15956e+00 5.71609e+04 1.26701e-09 -6.12245e-04
 5.17947e+00 5.91051e+04 1.42966e-09 -6.12245e-04
 6.44947e+00 6.04783e+04 1.62823e-09 -6.12245e-04
 8.03086e+00 6.27129e+04 1.83056e-09 -6.12241e-04
 1.00000e+01 6.45220e+04 2.07447e-09 -6.12241e-04
 1.24520e+01 6.65734e+04 2.34339e-09 -6.12241e-04
 1.55052e+01 6.86392e+04 2.64839e-09 -6.12241e-04
 1.93070e+01 7.10902e+04 2.98173e-09 -6.12241e-04
 2.40410e+01 7.29175e+04 3.38536e-09 -6.12241e-04
 2.99358e+01 7.60949e+04 3.78458e-09 -6.12241e-04
 3.72759e+01 7.77175e+04 4.31530e-09 -6.12241e-04
 4.64159e+01 8.13570e+04 4.80764e-09 -6.12241e-04
 5.77969e+01 8.33989e+04 5.46533e-09 -6.12241e-04
 7.19686e+01 8.68995e+04 6.11488e-09 -6.12241e-04
 8.96151e+01 8.97158e+04 6.90606e-09 -6.12241e-04
 1.11588e+02 9.32972e+04 7.74795e-09 -6.12241e-04
 1.38950e+02 9.64327e+04 8.74427e-09 -6.12241e-04
 1.73020e+02 1.00444e+05 9.80091e-09 -6.12241e-04
 2.15443e+02 1.03843e+05 1.10656e-08 -6.12241e-04
 2.68270e+02 1.08062e+05 1.24156e-08 -6.12241e-04
 3.34048e+02 1.11981e+05 1.39905e-08 -6.12241e-04
 4.15956e+02 1.16238e+05 1.57361e-08 -6.12236e-04
 5.17947e+02 1.20636e+05 1.77038e-08 -6.12232e-04
 6.44947e+02 1.25097e+05 1.99293e-08 -6.12206e-04
 8.03086e+02 1.29723e+05 2.24286e-08 -6.12125e-04
 1.00000e+03 1.34599e+05 2.52221e-08 -6.11880e-04
