#n1=128 n2=4 Teff=45000 R=1.7490e+12 L=8.9503e+39 logg=+3.50
#   tau          T          rho         Fconv
 0.00000e+00 3.08068e+04 2.33882e-22 +0.00000e+00
 1.00000e-09 3.08068e+04 2.06349e-18 +0.00000e+00
 1.24520e-09 3.07427e+04 2.57563e-18 +0.00000e+00
 1.55052e-09 3.06489e+04 3.21804e-18 +0.00000e+00
 1.93070e-09 3.05077e+04 4.02698e-18 +0.00000e+00
 2.40410e-09 3.03230e+04 5.04661e-18 +0.00000e+00
 2.99358e-09 3.01096e+04 6.33068e-18 +0.00000e+00
 3.72759e-09 2.98870e+04 7.94434e-18 +0.00000e+00
 4.64159e-09 2.96982e+04 9.95852e-18 +0.00000e+00
 5.77969e-09 2.94457e+04 1.25109e-17 +0.00000e+00
 7.19686e-09 2.93277e+04 1.56464e-17 +0.00000e+00
 8.96151e-09 2.92134e+04 1.95656e-17 +0.00000e+00
 1.11588e-08 2.90461e+04 2.45115e-17 +0.00000e+00
 1.38950e-08 2.88443e+04 3.07455e-17 +0.00000e+00
 1.73020e-08 2.86854e+04 3.85092e-17 +0.00000e+00
 2.15443e-08 2.84770e+04 4.83184e-17 +0.00000e+00
 2.68270e-08 2.81969e+04 6.07840e-17 +0.00000e+00
 3.34048e-08 2.77573e+04 7.69131e-17 +0.00000e+00
 4.15956e-08 2.71321e+04 9.80125e-17 +0.00000e+00
 5.17947e-08 2.65593e+04 1.24719e-16 +0.00000e+00
 6.44947e-08 2.62062e+04 1.57444e-16 +0.00000e+00
 8.03086e-08 2.60014e+04 1.97657e-16 +0.00000e+00
 1.00000e-07 2.58850e+04 2.47306e-16 +0.00000e+00
 1.24520e-07 2.57967e+04 3.09095e-16 +0.00000e+00
 1.55052e-07 2.57416e+04 3.85826e-16 +0.00000e+00
 1.93070e-07 2.57091e+04 4.81183e-16 +0.00000e+00
 2.40410e-07 2.56924e+04 5.99738e-16 +0.00000e+00
 2.99358e-07 2.56855e+04 7.47214e-16 +0.00000e+00
 3.72759e-07 2.56898e+04 9.30548e-16 +0.00000e+00
 4.64159e-07 2.57018e+04 1.15851e-15 +0.00000e+00
 5.77969e-07 2.57205e+04 1.44195e-15 +0.00000e+00
 7.19686e-07 2.57454e+04 1.79430e-15 +0.00000e+00
 8.96151e-07 2.57760e+04 2.23225e-15 +0.00000e+00
 1.11588e-06 2.58123e+04 2.77649e-15 +0.00000e+00
 1.38950e-06 2.58544e+04 3.45266e-15 +0.00000e+00
 1.73020e-06 2.59034e+04 4.29236e-15 +0.00000e+00
 2.15443e-06 2.59572e+04 5.33529e-15 +0.00000e+00
 2.68270e-06 2.60174e+04 6.63005e-15 +0.00000e+00
 3.34048e-06 2.60842e+04 8.23695e-15 +0.00000e+00
 4.15956e-06 2.61580e+04 1.02306e-14 +0.00000e+00
 5.17947e-06 2.62391e+04 1.27034e-14 +0.00000e+00
 6.44947e-06 2.63281e+04 1.57693e-14 +0.00000e+00
 8.03086e-06 2.64254e+04 1.95692e-14 +0.00000e+00
 1.00000e-05 2.65315e+04 2.42770e-14 +0.00000e+00
 1.24520e-05 2.66472e+04 3.01068e-14 +0.00000e+00
 1.55052e-05 2.67734e+04 3.73227e-14 +0.00000e+00
 1.93070e-05 2.69111e+04 4.62491e-14 +0.00000e+00
 2.40410e-05 2.70616e+04 5.72844e-14 +0.00000e+00
 2.99358e-05 2.72264e+04 7.09172e-14 +0.00000e+00
 3.72759e-05 2.74072e+04 8.77456e-14 +0.00000e+00
 4.64159e-05 2.76058e+04 1.08501e-13 +0.00000e+00
 5.77969e-05 2.78237e+04 1.34078e-13 +0.00000e+00
 7.19686e-05 2.80625e+04 1.65568e-13 +0.00000e+00
 8.96151e-05 2.83228e+04 2.04309e-13 +0.00000e+00
 1.11588e-04 2.86049e+04 2.51937e-13 +0.00000e+00
 1.38950e-04 2.89065e+04 3.10477e-13 +0.00000e+00
 1.73020e-04 2.92303e+04 3.82353e-13 +0.00000e+00
 2.15443e-04 2.95729e+04 4.70597e-13 +0.00000e+00
 2.68270e-04 2.99327e+04 5.78912e-13 +0.00000e+00
 3.34048e-04 3.03078e+04 7.11832e-13 +0.00000e+00
 4.15956e-04 3.06974e+04 8.74894e-13 +0.00000e+00
 5.17947e-04 3.11004e+04 1.07487e-12 +0.00000e+00
 6.44947e-04 3.15151e+04 1.32007e-12 +0.00000e+00
 8.03086e-04 3.19375e+04 1.62075e-12 +0.00000e+00
 1.00000e-03 3.23612e+04 1.98969e-12 +0.00000e+00
 1.24520e-03 3.27819e+04 2.44248e-12 -2.54207e-07
 1.55052e-03 3.31805e+04 2.99964e-12 -3.16538e-07
 1.93070e-03 3.35541e+04 3.68537e-12 -3.94153e-07
 2.40410e-03 3.39004e+04 4.52929e-12 -4.90798e-07
 2.99358e-03 3.42171e+04 5.56758e-12 -6.11141e-07
 3.72759e-03 3.45051e+04 6.84375e-12 -7.60990e-07
 4.64159e-03 3.47677e+04 8.40959e-12 -9.47581e-07
 5.77969e-03 3.50108e+04 1.03261e-11 -1.17993e-06
 7.19686e-03 3.52413e+04 1.26645e-11 -1.46924e-06
 8.96151e-03 3.54653e+04 1.55081e-11 -1.82949e-06
 1.11588e-02 3.56883e+04 1.89529e-11 -2.27808e-06
 1.38950e-02 3.59152e+04 2.31092e-11 -2.83666e-06
 1.73020e-02 3.61504e+04 2.81028e-11 -3.53220e-06
 2.15443e-02 3.63985e+04 3.40749e-11 -4.39826e-06
 2.68270e-02 3.66637e+04 4.11819e-11 -5.47671e-06
 3.34048e-02 3.69505e+04 4.95952e-11 -6.81959e-06
 4.15956e-02 3.72634e+04 5.95006e-11 -8.49176e-06
 5.17947e-02 3.76068e+04 7.10981e-11 -1.05739e-05
 6.44947e-02 3.79851e+04 8.46024e-11 -1.31666e-05
 8.03086e-02 3.84030e+04 1.00243e-10 -1.63950e-05
 1.00000e-01 3.88632e+04 1.18275e-10 -2.04150e-05
 1.24520e-01 3.93695e+04 1.38971e-10 -2.54207e-05
 1.55052e-01 3.99219e+04 1.62646e-10 -3.16538e-05
 1.93070e-01 4.05171e+04 1.89662e-10 -3.94153e-05
 2.40410e-01 4.11538e+04 2.20423e-10 -4.90798e-05
 2.99358e-01 4.18333e+04 2.55365e-10 -6.11141e-05
 3.72759e-01 4.25554e+04 2.94989e-10 -7.60990e-05
 4.64159e-01 4.32942e+04 3.40030e-10 -9.47581e-05
 5.77969e-01 4.40912e+04 3.90813e-10 -1.17993e-04
 7.19686e-01 4.49831e+04 4.47731e-10 -1.46924e-04
 8.96151e-01 4.58876e+04 5.12328e-10 -1.82949e-04
 1.11588e+00 4.68873e+04 5.84646e-10 -2.27808e-04
 1.38950e+00 4.79468e+04 6.66093e-10 -2.83666e-04
 1.73020e+00 4.90820e+04 7.57574e-10 -3.53220e-04
 2.15443e+00 5.03771e+04 8.59181e-10 -4.39826e-04
 2.68270e+00 5.17221e+04 9.74114e-10 -5.47671e-04
 3.34048e+00 5.31130e+04 1.10406e-09 -6.12459e-04
 4.15956e+00 5.45839e+04 1.25010e-09 -6.12455e-04
 5.17947e+00 5.63870e+04 1.40956e-09 -6.12455e-04
 6.44947e+00 5.76630e+04 1.60385e-09 -6.12451e-04
 8.03086e+00 5.97481e+04 1.80204e-09 -6.12451e-04
 1.00000e+01 6.14386e+04 2.04070e-09 -6.12451e-04
 1.24520e+01 6.33809e+04 2.30322e-09 -6.12451e-04
 1.55052e+01 6.53207e+04 2.60168e-09 -6.12451e-04
 1.93070e+01 6.76641e+04 2.92667e-09 -6.12451e-04
 2.40410e+01 6.93721e+04 3.32230e-09 -6.12451e-04
 2.99358e+01 7.24209e+04 3.71132e-09 -6.12451e-04
 3.72759e+01 7.39317e+04 4.23201e-09 -6.12451e-04
 4.64159e+01 7.73944e+04 4.71339e-09 -6.12451e-04
 5.77969e+01 7.93015e+04 5.35874e-09 -6.12451e-04
 7.19686e+01 8.26411e+04 5.99346e-09 -6.12451e-04
 8.96151e+01 8.52256e+04 6.77378e-09 -6.12451e-04
 1.11588e+02 8.86503e+04 7.59528e-09 -6.12451e-04
 1.38950e+02 9.15602e+04 8.57518e-09 -6.12451e-04
 1.73020e+02 9.53620e+04 9.60875e-09 -6.12451e-04
 2.15443e+02 9.85777e+04 1.08467e-08 -6.12451e-04
 2.68270e+02 1.02591e+05 1.21667e-08 -6.12451e-04
 3.34048e+02 1.06322e+05 1.37069e-08 -6.12447e-04
 4.15956e+02 1.10433e+05 1.54083e-08 -6.12442e-04
 5.17947e+02 1.14633e+05 1.73340e-08 -6.12421e-04
 6.44947e+02 1.18977e+05 1.95017e-08 -6.12361e-04
 8.03086e+02 1.23408e+05 2.19499e-08 -6.12167e-04
 1.00000e+03 1.28134e+05 2.46775e-08 -6.11575e-04
