#n1=128 n2=4 Teff=46000 R=5.1654e+11 L=8.5104e+38 logg=+4.50
#   tau          T          rho         Fconv
 0.00000e+00 3.48051e+04 2.06607e-22 +0.00000e+00
 1.00000e-09 3.48051e+04 1.85932e-17 +0.00000e+00
 1.24520e-09 3.47455e+04 2.31949e-17 +0.00000e+00
 1.55052e-09 3.46939e+04 2.89289e-17 +0.00000e+00
 1.93070e-09 3.46451e+04 3.60776e-17 +0.00000e+00
 2.40410e-09 3.45986e+04 4.49898e-17 +0.00000e+00
 2.99358e-09 3.45467e+04 5.61126e-17 +0.00000e+00
 3.72759e-09 3.44888e+04 6.99976e-17 +0.00000e+00
 4.64159e-09 3.41718e+04 8.79808e-17 +0.00000e+00
 5.77969e-09 3.40278e+04 1.10031e-16 +0.00000e+00
 7.19686e-09 3.39165e+04 1.37478e-16 +0.00000e+00
 8.96151e-09 3.36727e+04 1.72449e-16 +0.00000e+00
 1.11588e-08 3.33807e+04 2.16639e-16 +0.00000e+00
 1.38950e-08 3.30818e+04 2.72230e-16 +0.00000e+00
 1.73020e-08 3.28361e+04 3.41560e-16 +0.00000e+00
 2.15443e-08 3.26509e+04 4.27775e-16 +0.00000e+00
 2.68270e-08 3.24691e+04 5.35714e-16 +0.00000e+00
 3.34048e-08 3.23684e+04 6.69228e-16 +0.00000e+00
 4.15956e-08 3.22948e+04 8.35325e-16 +0.00000e+00
 5.17947e-08 3.22368e+04 1.04214e-15 +0.00000e+00
 6.44947e-08 3.21863e+04 1.29987e-15 +0.00000e+00
 8.03086e-08 3.21366e+04 1.62130e-15 +0.00000e+00
 1.00000e-07 3.20789e+04 2.02271e-15 +0.00000e+00
 1.24520e-07 3.19967e+04 2.52545e-15 +0.00000e+00
 1.55052e-07 3.18359e+04 3.16095e-15 +0.00000e+00
 1.93070e-07 3.12124e+04 4.01512e-15 +0.00000e+00
 2.40410e-07 2.90620e+04 5.37021e-15 +0.00000e+00
 2.99358e-07 2.79199e+04 6.96135e-15 +0.00000e+00
 3.72759e-07 2.76504e+04 8.75374e-15 +0.00000e+00
 4.64159e-07 2.75530e+04 1.09399e-14 +0.00000e+00
 5.77969e-07 2.74723e+04 1.36638e-14 +0.00000e+00
 7.19686e-07 2.74249e+04 1.70453e-14 +0.00000e+00
 8.96151e-07 2.73899e+04 2.12541e-14 +0.00000e+00
 1.11588e-06 2.73657e+04 2.64915e-14 +0.00000e+00
 1.38950e-06 2.73491e+04 3.30104e-14 +0.00000e+00
 1.73020e-06 2.73391e+04 4.11232e-14 +0.00000e+00
 2.15443e-06 2.73319e+04 5.12244e-14 +0.00000e+00
 2.68270e-06 2.73279e+04 6.37988e-14 +0.00000e+00
 3.34048e-06 2.73263e+04 7.94520e-14 +0.00000e+00
 4.15956e-06 2.73267e+04 9.89378e-14 +0.00000e+00
 5.17947e-06 2.73284e+04 1.23194e-13 +0.00000e+00
 6.44947e-06 2.73312e+04 1.53389e-13 +0.00000e+00
 8.03086e-06 2.73348e+04 1.90973e-13 +0.00000e+00
 1.00000e-05 2.73389e+04 2.37753e-13 +0.00000e+00
 1.24520e-05 2.73442e+04 2.95967e-13 +0.00000e+00
 1.55052e-05 2.73498e+04 3.68412e-13 +0.00000e+00
 1.93070e-05 2.73570e+04 4.58533e-13 +0.00000e+00
 2.40410e-05 2.73670e+04 5.70596e-13 +0.00000e+00
 2.99358e-05 2.73819e+04 7.09847e-13 +0.00000e+00
 3.72759e-05 2.74011e+04 8.82826e-13 +0.00000e+00
 4.64159e-05 2.74368e+04 1.09711e-12 +0.00000e+00
 5.77969e-05 2.74902e+04 1.36225e-12 +0.00000e+00
 7.19686e-05 2.75655e+04 1.68967e-12 +0.00000e+00
 8.96151e-05 2.76682e+04 2.09301e-12 +0.00000e+00
 1.11588e-04 2.78021e+04 2.58866e-12 +0.00000e+00
 1.38950e-04 2.79673e+04 3.19652e-12 +0.00000e+00
 1.73020e-04 2.81627e+04 3.94054e-12 +0.00000e+00
 2.15443e-04 2.83848e+04 4.84976e-12 +0.00000e+00
 2.68270e-04 2.86324e+04 5.95841e-12 +0.00000e+00
 3.34048e-04 2.88914e+04 7.31020e-12 +0.00000e+00
 4.15956e-04 2.91619e+04 8.95416e-12 +0.00000e+00
 5.17947e-04 2.94408e+04 1.09485e-11 +0.00000e+00
 6.44947e-04 2.97268e+04 1.33605e-11 +0.00000e+00
 8.03086e-04 3.00194e+04 1.62667e-11 +0.00000e+00
 1.00000e-03 3.03191e+04 1.97539e-11 +0.00000e+00
 1.24520e-03 3.06258e+04 2.39199e-11 -2.54616e-07
 1.55052e-03 3.09391e+04 2.88748e-11 -3.17046e-07
 1.93070e-03 3.12571e+04 3.47444e-11 -3.94785e-07
 2.40410e-03 3.15723e+04 4.16758e-11 -4.91585e-07
 2.99358e-03 3.18951e+04 4.98112e-11 -6.12121e-07
 3.72759e-03 3.22164e+04 5.93380e-11 -7.62213e-07
 4.64159e-03 3.25328e+04 7.04556e-11 -9.49103e-07
 5.77969e-03 3.28427e+04 8.33849e-11 -1.18182e-06
 7.19686e-03 3.31443e+04 9.83712e-11 -1.47160e-06
 8.96151e-03 3.34368e+04 1.15683e-10 -1.83243e-06
 1.11588e-02 3.37203e+04 1.35611e-10 -2.28174e-06
 1.38950e-02 3.39965e+04 1.58469e-10 -2.84122e-06
 1.73020e-02 3.42681e+04 1.84595e-10 -3.53787e-06
 2.15443e-02 3.45391e+04 2.14349e-10 -4.40534e-06
 2.68270e-02 3.48144e+04 2.48126e-10 -5.48553e-06
 3.34048e-02 3.50993e+04 2.86350e-10 -6.83056e-06
 4.15956e-02 3.54002e+04 3.29482e-10 -8.50538e-06
 5.17947e-02 3.57216e+04 3.78044e-10 -1.05909e-05
 6.44947e-02 3.60694e+04 4.32602e-10 -1.31878e-05
 8.03086e-02 3.64491e+04 4.93786e-10 -1.64213e-05
 1.00000e-01 3.68654e+04 5.62302e-10 -2.04478e-05
 1.24520e-01 3.73231e+04 6.38937e-10 -2.54616e-05
 1.55052e-01 3.78240e+04 7.24620e-10 -3.17046e-05
 1.93070e-01 3.83696e+04 8.20398e-10 -3.94785e-05
 2.40410e-01 3.89611e+04 9.27459e-10 -4.91585e-05
 2.99358e-01 3.96004e+04 1.04714e-09 -6.12121e-05
 3.72759e-01 4.02875e+04 1.18099e-09 -7.62213e-05
 4.64159e-01 4.10152e+04 1.33097e-09 -9.49103e-05
 5.77969e-01 4.18012e+04 1.49854e-09 -1.18182e-04
 7.19686e-01 4.26611e+04 1.68544e-09 -1.47160e-04
 8.96151e-01 4.35630e+04 1.89543e-09 -1.83243e-04
 1.11588e+00 4.45366e+04 2.13020e-09 -2.28174e-04
 1.38950e+00 4.55701e+04 2.39353e-09 -2.84122e-04
 1.73020e+00 4.66718e+04 2.68864e-09 -3.53787e-04
 2.15443e+00 4.78932e+04 3.01702e-09 -4.40534e-04
 2.68270e+00 4.91657e+04 3.38744e-09 -5.48553e-04
 3.34048e+00 5.04808e+04 3.80553e-09 -6.13433e-04
 4.15956e+00 5.18629e+04 4.27497e-09 -6.13433e-04
 5.17947e+00 5.35157e+04 4.78889e-09 -6.13433e-04
 6.44947e+00 5.47311e+04 5.41036e-09 -6.13433e-04
 8.03086e+00 5.66343e+04 6.04721e-09 -6.13433e-04
 1.00000e+01 5.81953e+04 6.81058e-09 -6.13433e-04
 1.24520e+01 5.99808e+04 7.64937e-09 -6.13433e-04
 1.55052e+01 6.17577e+04 8.60154e-09 -6.13433e-04
 1.93070e+01 6.39068e+04 9.63646e-09 -6.13433e-04
 2.40410e+01 6.54493e+04 1.08975e-08 -6.13433e-04
 2.99358e+01 6.82435e+04 1.21323e-08 -6.13433e-04
 3.72759e+01 6.95603e+04 1.37933e-08 -6.13433e-04
 4.64159e+01 7.27179e+04 1.53167e-08 -6.13433e-04
 5.77969e+01 7.43590e+04 1.73739e-08 -6.13433e-04
 7.19686e+01 7.73725e+04 1.93785e-08 -6.13433e-04
 8.96151e+01 7.96026e+04 2.18613e-08 -6.13433e-04
 1.11588e+02 8.26673e+04 2.44498e-08 -6.13429e-04
 1.38950e+02 8.51748e+04 2.75572e-08 -6.13413e-04
 1.73020e+02 8.85831e+04 3.07993e-08 -6.13378e-04
 2.15443e+02 9.13811e+04 3.47037e-08 -6.13220e-04
 2.68270e+02 9.50065e+04 3.88251e-08 -6.12842e-04
 3.34048e+02 9.83327e+04 4.36461e-08 -6.11475e-04
 4.15956e+02 1.02088e+05 4.89370e-08 -6.07649e-04
 5.17947e+02 1.05926e+05 5.49235e-08 -5.95964e-04
 6.44947e+02 1.09969e+05 6.16369e-08 -5.61905e-04
 8.03086e+02 1.14085e+05 6.92296e-08 -4.59941e-04
 1.00000e+03 1.18569e+05 7.76375e-08 -1.95048e-04
