#n1=128 n2=4 Teff=46000 R=5.1655e+11 L=8.5104e+38 logg=+4.50
#   tau          T          rho         Fconv
 0.00000e+00 3.28155e+04 2.19563e-22 +0.00000e+00
 1.00000e-09 3.28155e+04 1.98066e-17 +0.00000e+00
 1.24520e-09 3.27179e+04 2.47397e-17 +0.00000e+00
 1.55052e-09 3.25261e+04 3.09914e-17 +0.00000e+00
 1.93070e-09 3.22448e+04 3.89319e-17 +0.00000e+00
 2.40410e-09 3.19627e+04 4.89119e-17 +0.00000e+00
 2.99358e-09 3.16699e+04 6.14757e-17 +0.00000e+00
 3.72759e-09 3.14467e+04 7.71022e-17 +0.00000e+00
 4.64159e-09 3.12831e+04 9.65217e-17 +0.00000e+00
 5.77969e-09 3.10747e+04 1.21010e-16 +0.00000e+00
 7.19686e-09 3.09983e+04 1.51071e-16 +0.00000e+00
 8.96151e-09 3.09379e+04 1.88503e-16 +0.00000e+00
 1.11588e-08 3.08869e+04 2.35139e-16 +0.00000e+00
 1.38950e-08 3.08345e+04 2.93328e-16 +0.00000e+00
 1.73020e-08 3.05452e+04 3.68756e-16 +0.00000e+00
 2.15443e-08 2.54871e+04 5.50412e-16 +0.00000e+00
 2.68270e-08 2.53631e+04 6.88814e-16 +0.00000e+00
 3.34048e-08 2.53067e+04 8.59732e-16 +0.00000e+00
 4.15956e-08 2.52700e+04 1.07222e-15 +0.00000e+00
 5.17947e-08 2.52438e+04 1.33667e-15 +0.00000e+00
 6.44947e-08 2.52242e+04 1.66591e-15 +0.00000e+00
 8.03086e-08 2.52091e+04 2.07586e-15 +0.00000e+00
 1.00000e-07 2.51973e+04 2.58635e-15 +0.00000e+00
 1.24520e-07 2.51880e+04 3.22207e-15 +0.00000e+00
 1.55052e-07 2.51805e+04 4.01373e-15 +0.00000e+00
 1.93070e-07 2.51745e+04 4.99964e-15 +0.00000e+00
 2.40410e-07 2.51695e+04 6.22748e-15 +0.00000e+00
 2.99358e-07 2.51650e+04 7.75669e-15 +0.00000e+00
 3.72759e-07 2.51607e+04 9.66136e-15 +0.00000e+00
 4.64159e-07 2.51562e+04 1.20338e-14 +0.00000e+00
 5.77969e-07 2.51512e+04 1.49893e-14 +0.00000e+00
 7.19686e-07 2.51453e+04 1.86712e-14 +0.00000e+00
 8.96151e-07 2.51383e+04 2.32587e-14 +0.00000e+00
 1.11588e-06 2.51300e+04 2.89749e-14 +0.00000e+00
 1.38950e-06 2.51204e+04 3.60979e-14 +0.00000e+00
 1.73020e-06 2.51100e+04 4.49734e-14 +0.00000e+00
 2.15443e-06 2.50997e+04 5.60310e-14 +0.00000e+00
 2.68270e-06 2.50916e+04 6.98016e-14 +0.00000e+00
 3.34048e-06 2.50886e+04 8.69384e-14 +0.00000e+00
 4.15956e-06 2.50957e+04 1.08239e-13 +0.00000e+00
 5.17947e-06 2.51191e+04 1.34669e-13 +0.00000e+00
 6.44947e-06 2.51671e+04 1.67388e-13 +0.00000e+00
 8.03086e-06 2.52441e+04 2.07816e-13 +0.00000e+00
 1.00000e-05 2.53554e+04 2.57658e-13 +0.00000e+00
 1.24520e-05 2.55014e+04 3.19016e-13 +0.00000e+00
 1.55052e-05 2.56788e+04 3.94500e-13 +0.00000e+00
 1.93070e-05 2.58839e+04 4.87321e-13 +0.00000e+00
 2.40410e-05 2.61098e+04 6.01497e-13 +0.00000e+00
 2.99358e-05 2.63512e+04 7.41974e-13 +0.00000e+00
 3.72759e-05 2.66040e+04 9.14831e-13 +0.00000e+00
 4.64159e-05 2.68654e+04 1.12751e-12 +0.00000e+00
 5.77969e-05 2.71339e+04 1.38913e-12 +0.00000e+00
 7.19686e-05 2.74092e+04 1.71076e-12 +0.00000e+00
 8.96151e-05 2.76914e+04 2.10588e-12 +0.00000e+00
 1.11588e-04 2.79820e+04 2.59078e-12 +0.00000e+00
 1.38950e-04 2.82824e+04 3.18510e-12 +0.00000e+00
 1.73020e-04 2.85940e+04 3.91248e-12 +0.00000e+00
 2.15443e-04 2.89174e+04 4.80133e-12 +0.00000e+00
 2.68270e-04 2.92536e+04 5.88548e-12 +0.00000e+00
 3.34048e-04 2.96015e+04 7.20541e-12 +0.00000e+00
 4.15956e-04 2.99598e+04 8.80903e-12 +0.00000e+00
 5.17947e-04 3.03272e+04 1.07525e-11 +0.00000e+00
 6.44947e-04 3.07018e+04 1.31015e-11 +0.00000e+00
 8.03086e-04 3.10808e+04 1.59323e-11 +0.00000e+00
 1.00000e-03 3.14597e+04 1.93341e-11 +0.00000e+00
 1.24520e-03 3.18321e+04 2.34112e-11 -2.54626e-07
 1.55052e-03 3.21908e+04 2.82847e-11 -3.17059e-07
 1.93070e-03 3.25290e+04 3.40952e-11 -3.94801e-07
 2.40410e-03 3.28436e+04 4.09989e-11 -4.91604e-07
 2.99358e-03 3.31334e+04 4.91702e-11 -6.12145e-07
 3.72759e-03 3.33998e+04 5.88004e-11 -7.62243e-07
 4.64159e-03 3.36462e+04 7.00983e-11 -9.49140e-07
 5.77969e-03 3.38777e+04 8.32855e-11 -1.18187e-06
 7.19686e-03 3.40997e+04 9.86002e-11 -1.47166e-06
 8.96151e-03 3.43175e+04 1.16298e-10 -1.83250e-06
 1.11588e-02 3.45357e+04 1.36656e-10 -2.28183e-06
 1.38950e-02 3.47585e+04 1.59969e-10 -2.84133e-06
 1.73020e-02 3.49903e+04 1.86557e-10 -3.53801e-06
 2.15443e-02 3.52352e+04 2.16766e-10 -4.40551e-06
 2.68270e-02 3.54975e+04 2.50974e-10 -5.48575e-06
 3.34048e-02 3.57818e+04 2.89592e-10 -6.83083e-06
 4.15956e-02 3.60927e+04 3.33071e-10 -8.50572e-06
 5.17947e-02 3.64339e+04 3.81920e-10 -1.05913e-05
 6.44947e-02 3.68101e+04 4.36694e-10 -1.31883e-05
 8.03086e-02 3.72261e+04 4.98011e-10 -1.64220e-05
 1.00000e-01 3.76847e+04 5.66590e-10 -2.04486e-05
 1.24520e-01 3.81895e+04 6.43233e-10 -2.54626e-05
 1.55052e-01 3.87410e+04 7.28905e-10 -3.17059e-05
 1.93070e-01 3.93363e+04 8.24757e-10 -3.94801e-05
 2.40410e-01 3.99765e+04 9.32027e-10 -4.91604e-05
 2.99358e-01 4.06581e+04 1.05221e-09 -6.12145e-05
 3.72759e-01 4.13828e+04 1.18689e-09 -7.62243e-05
 4.64159e-01 4.21286e+04 1.33846e-09 -9.49140e-05
 5.77969e-01 4.29299e+04 1.50791e-09 -1.18187e-04
 7.19686e-01 4.38168e+04 1.69656e-09 -1.47166e-04
 8.96151e-01 4.47184e+04 1.90960e-09 -1.83250e-04
 1.11588e+00 4.57041e+04 2.14713e-09 -2.28183e-04
 1.38950e+00 4.67421e+04 2.41385e-09 -2.84133e-04
 1.73020e+00 4.78452e+04 2.71274e-09 -3.53801e-04
 2.15443e+00 4.90882e+04 3.04416e-09 -4.40555e-04
 2.68270e+00 5.03704e+04 3.41873e-09 -5.48575e-04
 3.34048e+00 5.16860e+04 3.84184e-09 -6.13457e-04
 4.15956e+00 5.30655e+04 4.31675e-09 -6.13457e-04
 5.17947e+00 5.47503e+04 4.83439e-09 -6.13457e-04
 6.44947e+00 5.59185e+04 5.46594e-09 -6.13457e-04
 8.03086e+00 5.78527e+04 6.10652e-09 -6.13457e-04
 1.00000e+01 5.93938e+04 6.87885e-09 -6.13457e-04
 1.24520e+01 6.11673e+04 7.72586e-09 -6.13457e-04
 1.55052e+01 6.29220e+04 8.68836e-09 -6.13457e-04
 1.93070e+01 6.50579e+04 9.73291e-09 -6.13457e-04
 2.40410e+01 6.65469e+04 1.10089e-08 -6.13457e-04
 2.99358e+01 6.93418e+04 1.22522e-08 -6.13457e-04
 3.72759e+01 7.05812e+04 1.39335e-08 -6.13457e-04
 4.64159e+01 7.37487e+04 1.54631e-08 -6.13457e-04
 5.77969e+01 7.53171e+04 1.75422e-08 -6.13457e-04
 7.19686e+01 7.83148e+04 1.95571e-08 -6.13457e-04
 8.96151e+01 8.05016e+04 2.20575e-08 -6.13457e-04
 1.11588e+02 8.35356e+04 2.46612e-08 -6.13453e-04
 1.38950e+02 8.59917e+04 2.77905e-08 -6.13441e-04
 1.73020e+02 8.93850e+04 3.10450e-08 -6.13406e-04
 2.15443e+02 9.21139e+04 3.49806e-08 -6.13264e-04
 2.68270e+02 9.57141e+04 3.91181e-08 -6.12913e-04
 3.34048e+02 9.89785e+04 4.39707e-08 -6.11617e-04
 4.15956e+02 1.02671e+05 4.92936e-08 -6.07941e-04
 5.17947e+02 1.06461e+05 5.53073e-08 -5.96626e-04
 6.44947e+02 1.10427e+05 6.20614e-08 -5.62944e-04
 8.03086e+02 1.14491e+05 6.96836e-08 -4.61763e-04
 1.00000e+03 1.18919e+05 7.81247e-08 -1.96562e-04
