#n1=128 n2=4 Teff=46000 R=1.7879e+12 L=1.0212e+40 logg=+3.50
#   tau          T          rho         Fconv
 0.00000e+00 3.35595e+04 2.14276e-22 +0.00000e+00
 1.00000e-09 3.35595e+04 1.88457e-18 +0.00000e+00
 1.24520e-09 3.33385e+04 2.36303e-18 +0.00000e+00
 1.55052e-09 3.32016e+04 2.95561e-18 +0.00000e+00
 1.93070e-09 3.31066e+04 3.69217e-18 +0.00000e+00
 2.40410e-09 3.30384e+04 4.60860e-18 +0.00000e+00
 2.99358e-09 3.29832e+04 5.75026e-18 +0.00000e+00
 3.72759e-09 3.29378e+04 7.17263e-18 +0.00000e+00
 4.64159e-09 3.28949e+04 8.94618e-18 +0.00000e+00
 5.77969e-09 3.28502e+04 1.11589e-17 +0.00000e+00
 7.19686e-09 3.28076e+04 1.39181e-17 +0.00000e+00
 8.96151e-09 3.27551e+04 1.73647e-17 +0.00000e+00
 1.11588e-08 3.26934e+04 2.16711e-17 +0.00000e+00
 1.38950e-08 3.26099e+04 2.70635e-17 +0.00000e+00
 1.73020e-08 3.24977e+04 3.38279e-17 +0.00000e+00
 2.15443e-08 3.23415e+04 4.23409e-17 +0.00000e+00
 2.68270e-08 3.21259e+04 5.30955e-17 +0.00000e+00
 3.34048e-08 3.18584e+04 6.66933e-17 +0.00000e+00
 4.15956e-08 3.15804e+04 8.38069e-17 +0.00000e+00
 5.17947e-08 3.13529e+04 1.05150e-16 +0.00000e+00
 6.44947e-08 3.11805e+04 1.31703e-16 +0.00000e+00
 8.03086e-08 3.10544e+04 1.64719e-16 +0.00000e+00
 1.00000e-07 3.09614e+04 2.05795e-16 +0.00000e+00
 1.24520e-07 3.08909e+04 2.56929e-16 +0.00000e+00
 1.55052e-07 3.08300e+04 3.20669e-16 +0.00000e+00
 1.93070e-07 3.07720e+04 4.00186e-16 +0.00000e+00
 2.40410e-07 3.07241e+04 4.99257e-16 +0.00000e+00
 2.99358e-07 3.06781e+04 6.22817e-16 +0.00000e+00
 3.72759e-07 3.06267e+04 7.77096e-16 +0.00000e+00
 4.64159e-07 3.05834e+04 9.69333e-16 +0.00000e+00
 5.77969e-07 3.04869e+04 1.21124e-15 +0.00000e+00
 7.19686e-07 3.03569e+04 1.51520e-15 +0.00000e+00
 8.96151e-07 3.00923e+04 1.90395e-15 +0.00000e+00
 1.11588e-06 2.97232e+04 2.40103e-15 +0.00000e+00
 1.38950e-06 2.92882e+04 3.03516e-15 +0.00000e+00
 1.73020e-06 2.89734e+04 3.82169e-15 +0.00000e+00
 2.15443e-06 2.87153e+04 4.80309e-15 +0.00000e+00
 2.68270e-06 2.85399e+04 6.01948e-15 +0.00000e+00
 3.34048e-06 2.84344e+04 7.52562e-15 +0.00000e+00
 4.15956e-06 2.83736e+04 9.39392e-15 +0.00000e+00
 5.17947e-06 2.83408e+04 1.17144e-14 +0.00000e+00
 6.44947e-06 2.83316e+04 1.45960e-14 +0.00000e+00
 8.03086e-06 2.83390e+04 1.81756e-14 +0.00000e+00
 1.00000e-05 2.83599e+04 2.26223e-14 +0.00000e+00
 1.24520e-05 2.83928e+04 2.81448e-14 +0.00000e+00
 1.55052e-05 2.84362e+04 3.50025e-14 +0.00000e+00
 1.93070e-05 2.84896e+04 4.35154e-14 +0.00000e+00
 2.40410e-05 2.85528e+04 5.40801e-14 +0.00000e+00
 2.99358e-05 2.86258e+04 6.71864e-14 +0.00000e+00
 3.72759e-05 2.87087e+04 8.34399e-14 +0.00000e+00
 4.64159e-05 2.88016e+04 1.03588e-13 +0.00000e+00
 5.77969e-05 2.89051e+04 1.28554e-13 +0.00000e+00
 7.19686e-05 2.90195e+04 1.59476e-13 +0.00000e+00
 8.96151e-05 2.91458e+04 1.97753e-13 +0.00000e+00
 1.11588e-04 2.92835e+04 2.45117e-13 +0.00000e+00
 1.38950e-04 2.94340e+04 3.03688e-13 +0.00000e+00
 1.73020e-04 2.95980e+04 3.76074e-13 +0.00000e+00
 2.15443e-04 2.97766e+04 4.65469e-13 +0.00000e+00
 2.68270e-04 2.99711e+04 5.75786e-13 +0.00000e+00
 3.34048e-04 3.01827e+04 7.11804e-13 +0.00000e+00
 4.15956e-04 3.04128e+04 8.79355e-13 +0.00000e+00
 5.17947e-04 3.06625e+04 1.08555e-12 +0.00000e+00
 6.44947e-04 3.09315e+04 1.33911e-12 +0.00000e+00
 8.03086e-04 3.12224e+04 1.65047e-12 +0.00000e+00
 1.00000e-03 3.15342e+04 2.03248e-12 +0.00000e+00
 1.24520e-03 3.18657e+04 2.50074e-12 -2.54216e-07
 1.55052e-03 3.22150e+04 3.07421e-12 -3.16549e-07
 1.93070e-03 3.25792e+04 3.77590e-12 -3.94166e-07
 2.40410e-03 3.29552e+04 4.63367e-12 -4.90813e-07
 2.99358e-03 3.33398e+04 5.68114e-12 -6.11160e-07
 3.72759e-03 3.37298e+04 6.95865e-12 -7.61017e-07
 4.64159e-03 3.41242e+04 8.51405e-12 -9.47613e-07
 5.77969e-03 3.45129e+04 1.04068e-11 -1.17997e-06
 7.19686e-03 3.48947e+04 1.27055e-11 -1.46929e-06
 8.96151e-03 3.52663e+04 1.54923e-11 -1.82956e-06
 1.11588e-02 3.56256e+04 1.88632e-11 -2.27816e-06
 1.38950e-02 3.59722e+04 2.29297e-11 -2.83676e-06
 1.73020e-02 3.63074e+04 2.78200e-11 -3.53232e-06
 2.15443e-02 3.66336e+04 3.36800e-11 -4.39842e-06
 2.68270e-02 3.69555e+04 4.06709e-11 -5.47692e-06
 3.34048e-02 3.72792e+04 4.89705e-11 -6.81984e-06
 4.15956e-02 3.76107e+04 5.87716e-11 -8.49203e-06
 5.17947e-02 3.79568e+04 7.02814e-11 -1.05743e-05
 6.44947e-02 3.83241e+04 8.37215e-11 -1.31671e-05
 8.03086e-02 3.87187e+04 9.93296e-11 -1.63956e-05
 1.00000e-01 3.91461e+04 1.17362e-10 -2.04157e-05
 1.24520e-01 3.96115e+04 1.38097e-10 -2.54216e-05
 1.55052e-01 4.01186e+04 1.61841e-10 -3.16549e-05
 1.93070e-01 4.06652e+04 1.88954e-10 -3.94166e-05
 2.40410e-01 4.12547e+04 2.19815e-10 -4.90813e-05
 2.99358e-01 4.18890e+04 2.54853e-10 -6.11160e-05
 3.72759e-01 4.25685e+04 2.94555e-10 -7.61017e-05
 4.64159e-01 4.32846e+04 3.39530e-10 -9.47613e-05
 5.77969e-01 4.40591e+04 3.90237e-10 -1.17997e-04
 7.19686e-01 4.49123e+04 4.47199e-10 -1.46929e-04
 8.96151e-01 4.58034e+04 5.11569e-10 -1.82956e-04
 1.11588e+00 4.67778e+04 5.83765e-10 -2.27816e-04
 1.38950e+00 4.78167e+04 6.64995e-10 -2.83676e-04
 1.73020e+00 4.89321e+04 7.56215e-10 -3.53232e-04
 2.15443e+00 5.01862e+04 8.57816e-10 -4.39842e-04
 2.68270e+00 5.14996e+04 9.72506e-10 -5.47716e-04
 3.34048e+00 5.28657e+04 1.10201e-09 -6.12470e-04
 4.15956e+00 5.43138e+04 1.24751e-09 -6.12474e-04
 5.17947e+00 5.60738e+04 1.40670e-09 -6.12474e-04
 6.44947e+00 5.73682e+04 1.59923e-09 -6.12474e-04
 8.03086e+00 5.94223e+04 1.79688e-09 -6.12470e-04
 1.00000e+01 6.11261e+04 2.03364e-09 -6.12470e-04
 1.24520e+01 6.30882e+04 2.29405e-09 -6.12470e-04
 1.55052e+01 6.50561e+04 2.59012e-09 -6.12470e-04
 1.93070e+01 6.74371e+04 2.91240e-09 -6.12470e-04
 2.40410e+01 6.91957e+04 3.30479e-09 -6.12470e-04
 2.99358e+01 7.22807e+04 3.69137e-09 -6.12470e-04
 3.72759e+01 7.38537e+04 4.20812e-09 -6.12470e-04
 4.64159e+01 7.73396e+04 4.68808e-09 -6.12470e-04
 5.77969e+01 7.93070e+04 5.32930e-09 -6.12470e-04
 7.19686e+01 8.26888e+04 5.96160e-09 -6.12470e-04
 8.96151e+01 8.53025e+04 6.73979e-09 -6.12470e-04
 1.11588e+02 8.87784e+04 7.55767e-09 -6.12470e-04
 1.38950e+02 9.17274e+04 8.53445e-09 -6.12470e-04
 1.73020e+02 9.55661e+04 9.56517e-09 -6.12470e-04
 2.15443e+02 9.88544e+04 1.07963e-08 -6.12470e-04
 2.68270e+02 1.02923e+05 1.21119e-08 -6.12470e-04
 3.34048e+02 1.06731e+05 1.36448e-08 -6.12470e-04
 4.15956e+02 1.10935e+05 1.53375e-08 -6.12462e-04
 5.17947e+02 1.15207e+05 1.72573e-08 -6.12443e-04
 6.44947e+02 1.19670e+05 1.94126e-08 -6.12380e-04
 8.03086e+02 1.24197e+05 2.18521e-08 -6.12175e-04
 1.00000e+03 1.29067e+05 2.45637e-08 -6.11573e-04
