#n1=128 n2=4 Teff=46000 R=5.1656e+11 L=8.5104e+38 logg=+4.50
#   tau          T          rho         Fconv
 0.00000e+00 3.34216e+04 2.15261e-22 +0.00000e+00
 1.00000e-09 3.34216e+04 1.93867e-17 +0.00000e+00
 1.24520e-09 3.33699e+04 2.41806e-17 +0.00000e+00
 1.55052e-09 3.33045e+04 3.01725e-17 +0.00000e+00
 1.93070e-09 3.32180e+04 3.76733e-17 +0.00000e+00
 2.40410e-09 3.31443e+04 4.70208e-17 +0.00000e+00
 2.99358e-09 3.29590e+04 5.88868e-17 +0.00000e+00
 3.72759e-09 3.26626e+04 7.40003e-17 +0.00000e+00
 4.64159e-09 3.23927e+04 9.29243e-17 +0.00000e+00
 5.77969e-09 3.19345e+04 1.17384e-16 +0.00000e+00
 7.19686e-09 3.18460e+04 1.46590e-16 +0.00000e+00
 8.96151e-09 3.16470e+04 1.83704e-16 +0.00000e+00
 1.11588e-08 3.14696e+04 2.30065e-16 +0.00000e+00
 1.38950e-08 3.13382e+04 2.87713e-16 +0.00000e+00
 1.73020e-08 3.12735e+04 3.59044e-16 +0.00000e+00
 2.15443e-08 3.12058e+04 4.48105e-16 +0.00000e+00
 2.68270e-08 3.11194e+04 5.59595e-16 +0.00000e+00
 3.34048e-08 3.10214e+04 6.99091e-16 +0.00000e+00
 4.15956e-08 3.08719e+04 8.74827e-16 +0.00000e+00
 5.17947e-08 3.03807e+04 1.10708e-15 +0.00000e+00
 6.44947e-08 2.77904e+04 1.50723e-15 +0.00000e+00
 8.03086e-08 2.66951e+04 1.95403e-15 +0.00000e+00
 1.00000e-07 2.64799e+04 2.45323e-15 +0.00000e+00
 1.24520e-07 2.63728e+04 3.06750e-15 +0.00000e+00
 1.55052e-07 2.62979e+04 3.83095e-15 +0.00000e+00
 1.93070e-07 2.62516e+04 4.77923e-15 +0.00000e+00
 2.40410e-07 2.62231e+04 5.95820e-15 +0.00000e+00
 2.99358e-07 2.62017e+04 7.42600e-15 +0.00000e+00
 3.72759e-07 2.61873e+04 9.25291e-15 +0.00000e+00
 4.64159e-07 2.61781e+04 1.15270e-14 +0.00000e+00
 5.77969e-07 2.61729e+04 1.43577e-14 +0.00000e+00
 7.19686e-07 2.61711e+04 1.78813e-14 +0.00000e+00
 8.96151e-07 2.61720e+04 2.22673e-14 +0.00000e+00
 1.11588e-06 2.61751e+04 2.77268e-14 +0.00000e+00
 1.38950e-06 2.61801e+04 3.45222e-14 +0.00000e+00
 1.73020e-06 2.61874e+04 4.29795e-14 +0.00000e+00
 2.15443e-06 2.61953e+04 5.35069e-14 +0.00000e+00
 2.68270e-06 2.62045e+04 6.66097e-14 +0.00000e+00
 3.34048e-06 2.62148e+04 8.29170e-14 +0.00000e+00
 4.15956e-06 2.62262e+04 1.03211e-13 +0.00000e+00
 5.17947e-06 2.62391e+04 1.28462e-13 +0.00000e+00
 6.44947e-06 2.62509e+04 1.59896e-13 +0.00000e+00
 8.03086e-06 2.62695e+04 1.98964e-13 +0.00000e+00
 1.00000e-05 2.62929e+04 2.47528e-13 +0.00000e+00
 1.24520e-05 2.63223e+04 3.07861e-13 +0.00000e+00
 1.55052e-05 2.63635e+04 3.82716e-13 +0.00000e+00
 1.93070e-05 2.64185e+04 4.75493e-13 +0.00000e+00
 2.40410e-05 2.64905e+04 5.90339e-13 +0.00000e+00
 2.99358e-05 2.65841e+04 7.32259e-13 +0.00000e+00
 3.72759e-05 2.67027e+04 9.07339e-13 +0.00000e+00
 4.64159e-05 2.68487e+04 1.12297e-12 +0.00000e+00
 5.77969e-05 2.70218e+04 1.38819e-12 +0.00000e+00
 7.19686e-05 2.72230e+04 1.71390e-12 +0.00000e+00
 8.96151e-05 2.74462e+04 2.11374e-12 +0.00000e+00
 1.11588e-04 2.76884e+04 2.60422e-12 +0.00000e+00
 1.38950e-04 2.79498e+04 3.20500e-12 +0.00000e+00
 1.73020e-04 2.82196e+04 3.94124e-12 +0.00000e+00
 2.15443e-04 2.84998e+04 4.84182e-12 +0.00000e+00
 2.68270e-04 2.87904e+04 5.94153e-12 +0.00000e+00
 3.34048e-04 2.90918e+04 7.28147e-12 +0.00000e+00
 4.15956e-04 2.94048e+04 8.90990e-12 +0.00000e+00
 5.17947e-04 2.97296e+04 1.08831e-11 +0.00000e+00
 6.44947e-04 3.00656e+04 1.32666e-11 +0.00000e+00
 8.03086e-04 3.04070e+04 1.61381e-11 +0.00000e+00
 1.00000e-03 3.07627e+04 1.95786e-11 +0.00000e+00
 1.24520e-03 3.11244e+04 2.36893e-11 -2.54636e-07
 1.55052e-03 3.14879e+04 2.85835e-11 -3.17071e-07
 1.93070e-03 3.18485e+04 3.43914e-11 -3.94816e-07
 2.40410e-03 3.22009e+04 4.12612e-11 -4.91623e-07
 2.99358e-03 3.25399e+04 4.93617e-11 -6.12169e-07
 3.72759e-03 3.28611e+04 5.88835e-11 -7.62273e-07
 4.64159e-03 3.31619e+04 7.00394e-11 -9.49177e-07
 5.77969e-03 3.34427e+04 8.30577e-11 -1.18192e-06
 7.19686e-03 3.37063e+04 9.81833e-11 -1.47171e-06
 8.96151e-03 3.39575e+04 1.15677e-10 -1.83258e-06
 1.11588e-02 3.42012e+04 1.35819e-10 -2.28192e-06
 1.38950e-02 3.44430e+04 1.58905e-10 -2.84144e-06
 1.73020e-02 3.46879e+04 1.85257e-10 -3.53815e-06
 2.15443e-02 3.49411e+04 2.15223e-10 -4.40568e-06
 2.68270e-02 3.52076e+04 2.49185e-10 -5.48597e-06
 3.34048e-02 3.54925e+04 2.87556e-10 -6.83110e-06
 4.15956e-02 3.58007e+04 3.30795e-10 -8.50605e-06
 5.17947e-02 3.61365e+04 3.79417e-10 -1.05917e-05
 6.44947e-02 3.65044e+04 4.33984e-10 -1.31888e-05
 8.03086e-02 3.69091e+04 4.95129e-10 -1.64226e-05
 1.00000e-01 3.73538e+04 5.63569e-10 -2.04494e-05
 1.24520e-01 3.78425e+04 6.40101e-10 -2.54636e-05
 1.55052e-01 3.83756e+04 7.25681e-10 -3.17071e-05
 1.93070e-01 3.89525e+04 8.21413e-10 -3.94816e-05
 2.40410e-01 3.95731e+04 9.28532e-10 -4.91623e-05
 2.99358e-01 4.02385e+04 1.04841e-09 -6.12169e-05
 3.72759e-01 4.09483e+04 1.18265e-09 -7.62273e-05
 4.64159e-01 4.16861e+04 1.33349e-09 -9.49177e-05
 5.77969e-01 4.24833e+04 1.50197e-09 -1.18192e-04
 7.19686e-01 4.33585e+04 1.68980e-09 -1.47171e-04
 8.96151e-01 4.42583e+04 1.90150e-09 -1.83258e-04
 1.11588e+00 4.52398e+04 2.13766e-09 -2.28192e-04
 1.38950e+00 4.62772e+04 2.40271e-09 -2.84144e-04
 1.73020e+00 4.73822e+04 2.69967e-09 -3.53815e-04
 2.15443e+00 4.86223e+04 3.02926e-09 -4.40568e-04
 2.68270e+00 4.99064e+04 3.40155e-09 -5.48597e-04
 3.34048e+00 5.12279e+04 3.82200e-09 -6.13485e-04
 4.15956e+00 5.26157e+04 4.29397e-09 -6.13481e-04
 5.17947e+00 5.43010e+04 4.80896e-09 -6.13481e-04
 6.44947e+00 5.54948e+04 5.43578e-09 -6.13481e-04
 8.03086e+00 5.74338e+04 6.07334e-09 -6.13481e-04
 1.00000e+01 5.89980e+04 6.84074e-09 -6.13481e-04
 1.24520e+01 6.07969e+04 7.68248e-09 -6.13481e-04
 1.55052e+01 6.25832e+04 8.63896e-09 -6.13481e-04
 1.93070e+01 6.47541e+04 9.67712e-09 -6.13481e-04
 2.40410e+01 6.62928e+04 1.09445e-08 -6.13481e-04
 2.99358e+01 6.91266e+04 1.21812e-08 -6.13481e-04
 3.72759e+01 7.04332e+04 1.38507e-08 -6.13481e-04
 4.64159e+01 7.36417e+04 1.53748e-08 -6.13481e-04
 5.77969e+01 7.52871e+04 1.74401e-08 -6.13481e-04
 7.19686e+01 7.83454e+04 1.94472e-08 -6.13481e-04
 8.96151e+01 8.06028e+04 2.19361e-08 -6.13481e-04
 1.11588e+02 8.37114e+04 2.45294e-08 -6.13477e-04
 1.38950e+02 8.62506e+04 2.76449e-08 -6.13466e-04
 1.73020e+02 8.97131e+04 3.08925e-08 -6.13438e-04
 2.15443e+02 9.25427e+04 3.48092e-08 -6.13312e-04
 2.68270e+02 9.62197e+04 3.89399e-08 -6.13012e-04
 3.34048e+02 9.95839e+04 4.37757e-08 -6.11925e-04
 4.15956e+02 1.03378e+05 4.90843e-08 -6.08871e-04
 5.17947e+02 1.07259e+05 5.50886e-08 -5.99498e-04
 6.44947e+02 1.11331e+05 6.18279e-08 -5.71859e-04
 8.03086e+02 1.15482e+05 6.94456e-08 -4.88381e-04
 1.00000e+03 1.19990e+05 7.78866e-08 -2.67623e-04
