#n1=128 n2=4 Teff=46000 R=5.1657e+11 L=8.5104e+38 logg=+4.50
#      tau          T          rho         Fconv
  0.00000e+00  2.90142e+04  2.53194e-22 +0.00000e+00
  1.00000e-09  2.90142e+04  2.32664e-17 +0.00000e+00
  1.24520e-09  2.89887e+04  2.90005e-17 +0.00000e+00
  1.55052e-09  2.89667e+04  3.61435e-17 +0.00000e+00
  1.93070e-09  2.89461e+04  4.50438e-17 +0.00000e+00
  2.40410e-09  2.89248e+04  5.61375e-17 +0.00000e+00
  2.99358e-09  2.89002e+04  6.99719e-17 +0.00000e+00
  3.72759e-09  2.88686e+04  8.72376e-17 +0.00000e+00
  4.64159e-09  2.88232e+04  1.08817e-16 +0.00000e+00
  5.77969e-09  2.32019e+04  1.68472e-16 +0.00000e+00
  7.19686e-09  2.32079e+04  2.09798e-16 +0.00000e+00
  8.96151e-09  2.32162e+04  2.61224e-16 +0.00000e+00
  1.11588e-08  2.32266e+04  3.25216e-16 +0.00000e+00
  1.38950e-08  2.32393e+04  4.04835e-16 +0.00000e+00
  1.73020e-08  2.32541e+04  5.03887e-16 +0.00000e+00
  2.15443e-08  2.32713e+04  6.27101e-16 +0.00000e+00
  2.68270e-08  2.32907e+04  7.80356e-16 +0.00000e+00
  3.34048e-08  2.33125e+04  9.70954e-16 +0.00000e+00
  4.15956e-08  2.33367e+04  1.20797e-15 +0.00000e+00
  5.17947e-08  2.33632e+04  1.50269e-15 +0.00000e+00
  6.44947e-08  2.33921e+04  1.86911e-15 +0.00000e+00
  8.03086e-08  2.34232e+04  2.32466e-15 +0.00000e+00
  1.00000e-07  2.34566e+04  2.89094e-15 +0.00000e+00
  1.24520e-07  2.34923e+04  3.59483e-15 +0.00000e+00
  1.55052e-07  2.35304e+04  4.46965e-15 +0.00000e+00
  1.93070e-07  2.35712e+04  5.55673e-15 +0.00000e+00
  2.40410e-07  2.36156e+04  6.90721e-15 +0.00000e+00
  2.99358e-07  2.36642e+04  8.58445e-15 +0.00000e+00
  3.72759e-07  2.37184e+04  1.06665e-14 +0.00000e+00
  4.64159e-07  2.37803e+04  1.32495e-14 +0.00000e+00
  5.77969e-07  2.38520e+04  1.64513e-14 +0.00000e+00
  7.19686e-07  2.39366e+04  2.04162e-14 +0.00000e+00
  8.96151e-07  2.40388e+04  2.53186e-14 +0.00000e+00
  1.11588e-06  2.41573e+04  3.13776e-14 +0.00000e+00
  1.38950e-06  2.42959e+04  3.88556e-14 +0.00000e+00
  1.73020e-06  2.44540e+04  4.80794e-14 +0.00000e+00
  2.15443e-06  2.46353e+04  5.94389e-14 +0.00000e+00
  2.68270e-06  2.48367e+04  7.34270e-14 +0.00000e+00
  3.34048e-06  2.50564e+04  9.06467e-14 +0.00000e+00
  4.15956e-06  2.52925e+04  1.11841e-13 +0.00000e+00
  5.17947e-06  2.55429e+04  1.37923e-13 +0.00000e+00
  6.44947e-06  2.58069e+04  1.70015e-13 +0.00000e+00
  8.03086e-06  2.60827e+04  2.09498e-13 +0.00000e+00
  1.00000e-05  2.63692e+04  2.58069e-13 +0.00000e+00
  1.24520e-05  2.66653e+04  3.17817e-13 +0.00000e+00
  1.55052e-05  2.69698e+04  3.91307e-13 +0.00000e+00
  1.93070e-05  2.72816e+04  4.81698e-13 +0.00000e+00
  2.40410e-05  2.75998e+04  5.92870e-13 +0.00000e+00
  2.99358e-05  2.79240e+04  7.29568e-13 +0.00000e+00
  3.72759e-05  2.82548e+04  8.97590e-13 +0.00000e+00
  4.64159e-05  2.85930e+04  1.10400e-12 +0.00000e+00
  5.77969e-05  2.89398e+04  1.35741e-12 +0.00000e+00
  7.19686e-05  2.92962e+04  1.66829e-12 +0.00000e+00
  8.96151e-05  2.96634e+04  2.04933e-12 +0.00000e+00
  1.11588e-04  3.00425e+04  2.51593e-12 +0.00000e+00
  1.38950e-04  3.04340e+04  3.08675e-12 +0.00000e+00
  1.73020e-04  3.08366e+04  3.78449e-12 +0.00000e+00
  2.15443e-04  3.12474e+04  4.63681e-12 +0.00000e+00
  2.68270e-04  3.16624e+04  5.67739e-12 +0.00000e+00
  3.34048e-04  3.20782e+04  6.94675e-12 +0.00000e+00
  4.15956e-04  3.24928e+04  8.49319e-12 +0.00000e+00
  5.17947e-04  3.29048e+04  1.03740e-11 +0.00000e+00
  6.44947e-04  3.33125e+04  1.26568e-11 +0.00000e+00
  8.03086e-04  3.37131e+04  1.54217e-11 +0.00000e+00
  1.00000e-03  3.41019e+04  1.87627e-11 +0.00000e+00
  1.24520e-03  3.44729e+04  2.27906e-11 -2.54646e-07
  1.55052e-03  3.48201e+04  2.76345e-11 -3.17084e-07
  1.93070e-03  3.51397e+04  3.34416e-11 -3.94832e-07
  2.40410e-03  3.54308e+04  4.03785e-11 -4.91643e-07
  2.99358e-03  3.56955e+04  4.86283e-11 -6.12193e-07
  3.72759e-03  3.59377e+04  5.83916e-11 -7.62303e-07
  4.64159e-03  3.61628e+04  6.98873e-11 -9.49215e-07
  5.77969e-03  3.63763e+04  8.33488e-11 -1.18196e-06
  7.19686e-03  3.65836e+04  9.90291e-11 -1.47177e-06
  8.96151e-03  3.67896e+04  1.17201e-10 -1.83265e-06
  1.11588e-02  3.69985e+04  1.38157e-10 -2.28201e-06
  1.38950e-02  3.72146e+04  1.62212e-10 -2.84155e-06
  1.73020e-02  3.74422e+04  1.89702e-10 -3.53829e-06
  2.15443e-02  3.76859e+04  2.20991e-10 -4.40586e-06
  2.68270e-02  3.79503e+04  2.56472e-10 -5.48618e-06
  3.34048e-02  3.82404e+04  2.96572e-10 -6.83137e-06
  4.15956e-02  3.85611e+04  3.41763e-10 -8.50639e-06
  5.17947e-02  3.89174e+04  3.92565e-10 -1.05921e-05
  6.44947e-02  3.93143e+04  4.49560e-10 -1.31893e-05
  8.03086e-02  3.97562e+04  5.13407e-10 -1.64233e-05
  1.00000e-01  4.02476e+04  5.84844e-10 -2.04502e-05
  1.24520e-01  4.07916e+04  6.64732e-10 -2.54646e-05
  1.55052e-01  4.13885e+04  7.54089e-10 -3.17084e-05
  1.93070e-01  4.20332e+04  8.54169e-10 -3.94832e-05
  2.40410e-01  4.27241e+04  9.66327e-10 -4.91643e-05
  2.99358e-01  4.34633e+04  1.09201e-09 -6.12193e-05
  3.72759e-01  4.42514e+04  1.23290e-09 -7.62303e-05
  4.64159e-01  4.50557e+04  1.39172e-09 -9.49215e-05
  5.77969e-01  4.59273e+04  1.56910e-09 -1.18196e-04
  7.19686e-01  4.69101e+04  1.76608e-09 -1.47177e-04
  8.96151e-01  4.79037e+04  1.98885e-09 -1.83265e-04
  1.11588e+00  4.90055e+04  2.23668e-09 -2.28201e-04
  1.38950e+00  5.01696e+04  2.51496e-09 -2.84155e-04
  1.73020e+00  5.14094e+04  2.82678e-09 -3.53829e-04
  2.15443e+00  5.28129e+04  3.17219e-09 -4.40586e-04
  2.68270e+00  5.42543e+04  3.56324e-09 -5.48618e-04
  3.34048e+00  5.57275e+04  4.00554e-09 -6.13509e-04
  4.15956e+00  5.72613e+04  4.50273e-09 -6.13505e-04
  5.17947e+00  5.91279e+04  5.04445e-09 -6.13505e-04
  6.44947e+00  6.04178e+04  5.70667e-09 -6.13505e-04
  8.03086e+00  6.25302e+04  6.37868e-09 -6.13505e-04
  1.00000e+01  6.42087e+04  7.18897e-09 -6.13505e-04
  1.24520e+01  6.61363e+04  8.07716e-09 -6.13505e-04
  1.55052e+01  6.80335e+04  9.08679e-09 -6.13505e-04
  1.93070e+01  7.03371e+04  1.01819e-08 -6.13505e-04
  2.40410e+01  7.19623e+04  1.15160e-08 -6.13505e-04
  2.99358e+01  7.49498e+04  1.28207e-08 -6.13505e-04
  3.72759e+01  7.63496e+04  1.45690e-08 -6.13505e-04
  4.64159e+01  7.97282e+04  1.61750e-08 -6.13505e-04
  5.77969e+01  8.15180e+04  1.83294e-08 -6.13505e-04
  7.19686e+01  8.47748e+04  2.04334e-08 -6.13505e-04
  8.96151e+01  8.72523e+04  2.30231e-08 -6.13505e-04
  1.11588e+02  9.06035e+04  2.57329e-08 -6.13505e-04
  1.38950e+02  9.34205e+04  2.89691e-08 -6.13502e-04
  1.73020e+02  9.71498e+04  3.23683e-08 -6.13498e-04
  2.15443e+02  1.00264e+05  3.64463e-08 -6.13470e-04
  2.68270e+02  1.04186e+05  4.07833e-08 -6.13399e-04
  3.34048e+02  1.07785e+05  4.58486e-08 -6.13135e-04
  4.15956e+02  1.11751e+05  5.14399e-08 -6.12347e-04
  5.17947e+02  1.15773e+05  5.77646e-08 -6.09766e-04
  6.44947e+02  1.19915e+05  6.48832e-08 -6.01452e-04
  8.03086e+02  1.24132e+05  7.29023e-08 -5.74387e-04
  1.00000e+03  1.28653e+05  8.18169e-08 -4.94338e-04
