#n1=128 n2=4 Teff=49000 R=9.7864e+11 L=3.9316e+39 logg=+4.00
#   tau          T          rho         Fconv
 0.00000e+00 3.42687e+04 2.09842e-22 +0.00000e+00
 1.00000e-09 3.42687e+04 5.91957e-18 +0.00000e+00
 1.24520e-09 3.41815e+04 7.39138e-18 +0.00000e+00
 1.55052e-09 3.41103e+04 9.22486e-18 +0.00000e+00
 1.93070e-09 3.40473e+04 1.15104e-17 +0.00000e+00
 2.40410e-09 3.39883e+04 1.43607e-17 +0.00000e+00
 2.99358e-09 3.39290e+04 1.79169e-17 +0.00000e+00
 3.72759e-09 3.38614e+04 2.23593e-17 +0.00000e+00
 4.64159e-09 3.37269e+04 2.79587e-17 +0.00000e+00
 5.77969e-09 3.35957e+04 3.49576e-17 +0.00000e+00
 7.19686e-09 3.34470e+04 4.37318e-17 +0.00000e+00
 8.96151e-09 3.31797e+04 5.49051e-17 +0.00000e+00
 1.11588e-08 3.28363e+04 6.90971e-17 +0.00000e+00
 1.38950e-08 3.24823e+04 8.69955e-17 +0.00000e+00
 1.73020e-08 3.21840e+04 1.09353e-16 +0.00000e+00
 2.15443e-08 3.19594e+04 1.37152e-16 +0.00000e+00
 2.68270e-08 3.17967e+04 1.71690e-16 +0.00000e+00
 3.34048e-08 3.16792e+04 2.14625e-16 +0.00000e+00
 4.15956e-08 3.15938e+04 2.68028e-16 +0.00000e+00
 5.17947e-08 3.15724e+04 3.34041e-16 +0.00000e+00
 6.44947e-08 3.15244e+04 4.16665e-16 +0.00000e+00
 8.03086e-08 3.15018e+04 5.19306e-16 +0.00000e+00
 1.00000e-07 3.14746e+04 6.47326e-16 +0.00000e+00
 1.24520e-07 3.14547e+04 8.06719e-16 +0.00000e+00
 1.55052e-07 3.14379e+04 1.00526e-15 +0.00000e+00
 1.93070e-07 3.14107e+04 1.25308e-15 +0.00000e+00
 2.40410e-07 3.13967e+04 1.56134e-15 +0.00000e+00
 2.99358e-07 3.13777e+04 1.94573e-15 +0.00000e+00
 3.72759e-07 3.13492e+04 2.42550e-15 +0.00000e+00
 4.64159e-07 3.12655e+04 3.02890e-15 +0.00000e+00
 5.77969e-07 3.11981e+04 3.78047e-15 +0.00000e+00
 7.19686e-07 3.10884e+04 4.72497e-15 +0.00000e+00
 8.96151e-07 3.09086e+04 5.91888e-15 +0.00000e+00
 1.11588e-06 3.06402e+04 7.43616e-15 +0.00000e+00
 1.38950e-06 3.03370e+04 9.35381e-15 +0.00000e+00
 1.73020e-06 3.00410e+04 1.17643e-14 +0.00000e+00
 2.15443e-06 2.98900e+04 1.47256e-14 +0.00000e+00
 2.68270e-06 2.97511e+04 1.84253e-14 +0.00000e+00
 3.34048e-06 2.96618e+04 2.30162e-14 +0.00000e+00
 4.15956e-06 2.95873e+04 2.87368e-14 +0.00000e+00
 5.17947e-06 2.95453e+04 3.58398e-14 +0.00000e+00
 6.44947e-06 2.95273e+04 4.46619e-14 +0.00000e+00
 8.03086e-06 2.95385e+04 5.56002e-14 +0.00000e+00
 1.00000e-05 2.95538e+04 6.92070e-14 +0.00000e+00
 1.24520e-05 2.95821e+04 8.61051e-14 +0.00000e+00
 1.55052e-05 2.96227e+04 1.07083e-13 +0.00000e+00
 1.93070e-05 2.96799e+04 1.33095e-13 +0.00000e+00
 2.40410e-05 2.97422e+04 1.65395e-13 +0.00000e+00
 2.99358e-05 2.98152e+04 2.05454e-13 +0.00000e+00
 3.72759e-05 2.98991e+04 2.55115e-13 +0.00000e+00
 4.64159e-05 2.99964e+04 3.16627e-13 +0.00000e+00
 5.77969e-05 3.01020e+04 3.92845e-13 +0.00000e+00
 7.19686e-05 3.02206e+04 4.87173e-13 +0.00000e+00
 8.96151e-05 3.03492e+04 6.03912e-13 +0.00000e+00
 1.11588e-04 3.04902e+04 7.48259e-13 +0.00000e+00
 1.38950e-04 3.06444e+04 9.26613e-13 +0.00000e+00
 1.73020e-04 3.08126e+04 1.14681e-12 +0.00000e+00
 2.15443e-04 3.09959e+04 1.41841e-12 +0.00000e+00
 2.68270e-04 3.11955e+04 1.75307e-12 +0.00000e+00
 3.34048e-04 3.14126e+04 2.16493e-12 +0.00000e+00
 4.15956e-04 3.16486e+04 2.67113e-12 +0.00000e+00
 5.17947e-04 3.19045e+04 3.29236e-12 +0.00000e+00
 6.44947e-04 3.21813e+04 4.05352e-12 +0.00000e+00
 8.03086e-04 3.24792e+04 4.98449e-12 +0.00000e+00
 1.00000e-03 3.27984e+04 6.12094e-12 +0.00000e+00
 1.24520e-03 3.31356e+04 7.50585e-12 -2.54717e-07
 1.55052e-03 3.34872e+04 9.19043e-12 -3.17173e-07
 1.93070e-03 3.38495e+04 1.12353e-11 -3.94942e-07
 2.40410e-03 3.42169e+04 1.37127e-11 -4.91782e-07
 2.99358e-03 3.45844e+04 1.67072e-11 -6.12365e-07
 3.72759e-03 3.49479e+04 2.03175e-11 -7.62515e-07
 4.64159e-03 3.53037e+04 2.46585e-11 -9.49482e-07
 5.77969e-03 3.56524e+04 2.98589e-11 -1.18229e-06
 7.19686e-03 3.59921e+04 3.60690e-11 -1.47218e-06
 8.96151e-03 3.63225e+04 4.34546e-11 -1.83316e-06
 1.11588e-02 3.66444e+04 5.22021e-11 -2.28265e-06
 1.38950e-02 3.69593e+04 6.25180e-11 -2.84234e-06
 1.73020e-02 3.72697e+04 7.46283e-11 -3.53929e-06
 2.15443e-02 3.75787e+04 8.87760e-11 -4.40710e-06
 2.68270e-02 3.78904e+04 1.05221e-10 -5.48772e-06
 3.34048e-02 3.82098e+04 1.24241e-10 -6.83329e-06
 4.15956e-02 3.85424e+04 1.46132e-10 -8.50878e-06
 5.17947e-02 3.88938e+04 1.71210e-10 -1.05951e-05
 6.44947e-02 3.92701e+04 1.99819e-10 -1.31930e-05
 8.03086e-02 3.96767e+04 2.32332e-10 -1.64279e-05
 1.00000e-01 4.01189e+04 2.69165e-10 -2.04559e-05
 1.24520e-01 4.06017e+04 3.10776e-10 -2.54717e-05
 1.55052e-01 4.11288e+04 3.57686e-10 -3.17173e-05
 1.93070e-01 4.17030e+04 4.10487e-10 -3.94942e-05
 2.40410e-01 4.23274e+04 4.69842e-10 -4.91782e-05
 2.99358e-01 4.30038e+04 5.36514e-10 -6.12365e-05
 3.72759e-01 4.37312e+04 6.11402e-10 -7.62515e-05
 4.64159e-01 4.44889e+04 6.95774e-10 -9.49482e-05
 5.77969e-01 4.53015e+04 7.90398e-10 -1.18229e-04
 7.19686e-01 4.61990e+04 8.96077e-10 -1.47218e-04
 8.96151e-01 4.71085e+04 1.01554e-09 -1.83316e-04
 1.11588e+00 4.80995e+04 1.14901e-09 -2.28265e-04
 1.38950e+00 4.91470e+04 1.29887e-09 -2.84234e-04
 1.73020e+00 5.02534e+04 1.46706e-09 -3.53929e-04
 2.15443e+00 5.15300e+04 1.65295e-09 -4.40716e-04
 2.68270e+00 5.28403e+04 1.86325e-09 -5.48769e-04
 3.34048e+00 5.41891e+04 2.10068e-09 -6.13678e-04
 4.15956e+00 5.56075e+04 2.36716e-09 -6.13678e-04
 5.17947e+00 5.73778e+04 2.65663e-09 -6.13678e-04
 6.44947e+00 5.85720e+04 3.01117e-09 -6.13678e-04
 8.03086e+00 6.06322e+04 3.36861e-09 -6.13678e-04
 1.00000e+01 6.22584e+04 3.80116e-09 -6.13678e-04
 1.24520e+01 6.41814e+04 4.27331e-09 -6.13678e-04
 1.55052e+01 6.60848e+04 4.81078e-09 -6.13678e-04
 1.93070e+01 6.84388e+04 5.39224e-09 -6.13678e-04
 2.40410e+01 7.01191e+04 6.10357e-09 -6.13678e-04
 2.99358e+01 7.32051e+04 6.79640e-09 -6.13678e-04
 3.72759e+01 7.46973e+04 7.73098e-09 -6.13678e-04
 4.64159e+01 7.81875e+04 8.58844e-09 -6.13678e-04
 5.77969e+01 8.01774e+04 9.73518e-09 -6.13678e-04
 7.19686e+01 8.33468e+04 1.08881e-08 -6.13678e-04
 8.96151e+01 8.63256e+04 1.22353e-08 -6.13678e-04
 1.11588e+02 8.92182e+04 1.37759e-08 -6.13678e-04
 1.38950e+02 9.28484e+04 1.54201e-08 -6.13678e-04
 1.73020e+02 9.58976e+04 1.73889e-08 -6.13675e-04
 2.15443e+02 9.99539e+04 1.94501e-08 -6.13672e-04
 2.68270e+02 1.03283e+05 2.19406e-08 -6.13656e-04
 3.34048e+02 1.07675e+05 2.45494e-08 -6.13623e-04
 4.15956e+02 1.11428e+05 2.76707e-08 -6.13491e-04
 5.17947e+02 1.15950e+05 3.10241e-08 -6.13148e-04
 6.44947e+02 1.20250e+05 3.49055e-08 -6.11979e-04
 8.03086e+02 1.24801e+05 3.92355e-08 -6.08419e-04
 1.00000e+03 1.29626e+05 4.40683e-08 -5.97937e-04
