#n1=128 n2=4 Teff=49000 R=5.5024e+11 L=1.2433e+39 logg=+4.50
#   tau          T          rho         Fconv
 0.00000e+00 3.30745e+04 2.17843e-22 +0.00000e+00
 1.00000e-09 3.30745e+04 1.96506e-17 +0.00000e+00
 1.24520e-09 3.29741e+04 2.45463e-17 +0.00000e+00
 1.55052e-09 3.28362e+04 3.06969e-17 +0.00000e+00
 1.93070e-09 3.25336e+04 3.85839e-17 +0.00000e+00
 2.40410e-09 3.21563e+04 4.86140e-17 +0.00000e+00
 2.99358e-09 3.18690e+04 6.10871e-17 +0.00000e+00
 3.72759e-09 3.15467e+04 7.68517e-17 +0.00000e+00
 4.64159e-09 3.13230e+04 9.63902e-17 +0.00000e+00
 5.77969e-09 3.11675e+04 1.20638e-16 +0.00000e+00
 7.19686e-09 3.10571e+04 1.50769e-16 +0.00000e+00
 8.96151e-09 3.09768e+04 1.88246e-16 +0.00000e+00
 1.11588e-08 3.09173e+04 2.34881e-16 +0.00000e+00
 1.38950e-08 3.08723e+04 2.92933e-16 +0.00000e+00
 1.73020e-08 3.08374e+04 3.65214e-16 +0.00000e+00
 2.15443e-08 3.08094e+04 4.55229e-16 +0.00000e+00
 2.68270e-08 3.07857e+04 5.67352e-16 +0.00000e+00
 3.34048e-08 3.07636e+04 7.07055e-16 +0.00000e+00
 4.15956e-08 3.07400e+04 8.81198e-16 +0.00000e+00
 5.17947e-08 3.07123e+04 1.09838e-15 +0.00000e+00
 6.44947e-08 3.06726e+04 1.36963e-15 +0.00000e+00
 8.03086e-08 3.05984e+04 1.70980e-15 +0.00000e+00
 1.00000e-07 3.03332e+04 2.14791e-15 +0.00000e+00
 1.24520e-07 2.72476e+04 2.97790e-15 +0.00000e+00
 1.55052e-07 2.68801e+04 3.75922e-15 +0.00000e+00
 1.93070e-07 2.68143e+04 4.69301e-15 +0.00000e+00
 2.40410e-07 2.67851e+04 5.85073e-15 +0.00000e+00
 2.99358e-07 2.67754e+04 7.28875e-15 +0.00000e+00
 3.72759e-07 2.67766e+04 9.07646e-15 +0.00000e+00
 4.64159e-07 2.67854e+04 1.12994e-14 +0.00000e+00
 5.77969e-07 2.68007e+04 1.40634e-14 +0.00000e+00
 7.19686e-07 2.68219e+04 1.74995e-14 +0.00000e+00
 8.96151e-07 2.68488e+04 2.17706e-14 +0.00000e+00
 1.11588e-06 2.68811e+04 2.70785e-14 +0.00000e+00
 1.38950e-06 2.69187e+04 3.36738e-14 +0.00000e+00
 1.73020e-06 2.69618e+04 4.18669e-14 +0.00000e+00
 2.15443e-06 2.70100e+04 5.20435e-14 +0.00000e+00
 2.68270e-06 2.70635e+04 6.46806e-14 +0.00000e+00
 3.34048e-06 2.71224e+04 8.03699e-14 +0.00000e+00
 4.15956e-06 2.71870e+04 9.98434e-14 +0.00000e+00
 5.17947e-06 2.72574e+04 1.24007e-13 +0.00000e+00
 6.44947e-06 2.73341e+04 1.53982e-13 +0.00000e+00
 8.03086e-06 2.74183e+04 1.91146e-13 +0.00000e+00
 1.00000e-05 2.75109e+04 2.37203e-13 +0.00000e+00
 1.24520e-05 2.76136e+04 2.94240e-13 +0.00000e+00
 1.55052e-05 2.77284e+04 3.64820e-13 +0.00000e+00
 1.93070e-05 2.78579e+04 4.52075e-13 +0.00000e+00
 2.40410e-05 2.80045e+04 5.59827e-13 +0.00000e+00
 2.99358e-05 2.81709e+04 6.92730e-13 +0.00000e+00
 3.72759e-05 2.83592e+04 8.56458e-13 +0.00000e+00
 4.64159e-05 2.85708e+04 1.05791e-12 +0.00000e+00
 5.77969e-05 2.88060e+04 1.30553e-12 +0.00000e+00
 7.19686e-05 2.90641e+04 1.60959e-12 +0.00000e+00
 8.96151e-05 2.93436e+04 1.98264e-12 +0.00000e+00
 1.11588e-04 2.96424e+04 2.43998e-12 +0.00000e+00
 1.38950e-04 2.99583e+04 3.00020e-12 +0.00000e+00
 1.73020e-04 3.02890e+04 3.68585e-12 +0.00000e+00
 2.15443e-04 3.06328e+04 4.52412e-12 +0.00000e+00
 2.68270e-04 3.09886e+04 5.54763e-12 +0.00000e+00
 3.34048e-04 3.13563e+04 6.79518e-12 +0.00000e+00
 4.15956e-04 3.17362e+04 8.31266e-12 +0.00000e+00
 5.17947e-04 3.21288e+04 1.01541e-11 +0.00000e+00
 6.44947e-04 3.25328e+04 1.23830e-11 +0.00000e+00
 8.03086e-04 3.29443e+04 1.50746e-11 +0.00000e+00
 1.00000e-03 3.33559e+04 1.83181e-11 +0.00000e+00
 1.24520e-03 3.37579e+04 2.22193e-11 -2.54629e-07
 1.55052e-03 3.41420e+04 2.69009e-11 -3.17065e-07
 1.93070e-03 3.45023e+04 3.25033e-11 -3.94807e-07
 2.40410e-03 3.48368e+04 3.91849e-11 -4.91614e-07
 2.99358e-03 3.51471e+04 4.71190e-11 -6.12155e-07
 3.72759e-03 3.54369e+04 5.64956e-11 -7.62253e-07
 4.64159e-03 3.57106e+04 6.75234e-11 -9.49156e-07
 5.77969e-03 3.59727e+04 8.04270e-11 -1.18188e-06
 7.19686e-03 3.62267e+04 9.54533e-11 -1.47168e-06
 8.96151e-03 3.64760e+04 1.12870e-10 -1.83253e-06
 1.11588e-02 3.67235e+04 1.32969e-10 -2.28186e-06
 1.38950e-02 3.69728e+04 1.56060e-10 -2.84137e-06
 1.73020e-02 3.72277e+04 1.82479e-10 -3.53808e-06
 2.15443e-02 3.74953e+04 2.12573e-10 -4.40559e-06
 2.68270e-02 3.77744e+04 2.46765e-10 -5.48584e-06
 3.34048e-02 3.80723e+04 2.85468e-10 -6.83094e-06
 4.15956e-02 3.83945e+04 3.29148e-10 -8.50587e-06
 5.17947e-02 3.87449e+04 3.78330e-10 -1.05915e-05
 6.44947e-02 3.91288e+04 4.33588e-10 -1.31885e-05
 8.03086e-02 3.95508e+04 4.95568e-10 -1.64222e-05
 1.00000e-01 4.00150e+04 5.65000e-10 -2.04489e-05
 1.24520e-01 4.05255e+04 6.42705e-10 -2.54629e-05
 1.55052e-01 4.10836e+04 7.29650e-10 -3.17065e-05
 1.93070e-01 4.16913e+04 8.26922e-10 -3.94807e-05
 2.40410e-01 4.23495e+04 9.35767e-10 -4.91614e-05
 2.99358e-01 4.30585e+04 1.05761e-09 -6.12155e-05
 3.72759e-01 4.38160e+04 1.19415e-09 -7.62253e-05
 4.64159e-01 4.45929e+04 1.34793e-09 -9.49156e-05
 5.77969e-01 4.54214e+04 1.52008e-09 -1.18188e-04
 7.19686e-01 4.63375e+04 1.71183e-09 -1.47168e-04
 8.96151e-01 4.72524e+04 1.92881e-09 -1.83253e-04
 1.11588e+00 4.82504e+04 2.17072e-09 -2.28186e-04
 1.38950e+00 4.93011e+04 2.44216e-09 -2.84137e-04
 1.73020e+00 5.04067e+04 2.74656e-09 -3.53808e-04
 2.15443e+00 5.16866e+04 3.08227e-09 -4.40559e-04
 2.68270e+00 5.29926e+04 3.46233e-09 -5.48584e-04
 3.34048e+00 5.43300e+04 3.89149e-09 -6.13468e-04
 4.15956e+00 5.57294e+04 4.37308e-09 -6.13468e-04
 5.17947e+00 5.74815e+04 4.89539e-09 -6.13468e-04
 6.44947e+00 5.86263e+04 5.53775e-09 -6.13468e-04
 8.03086e+00 6.06476e+04 6.18214e-09 -6.13468e-04
 1.00000e+01 6.22079e+04 6.96420e-09 -6.13468e-04
 1.24520e+01 6.40553e+04 7.81669e-09 -6.13468e-04
 1.55052e+01 6.58681e+04 8.78743e-09 -6.13468e-04
 1.93070e+01 6.81222e+04 9.83573e-09 -6.13468e-04
 2.40410e+01 6.96773e+04 1.11210e-08 -6.13468e-04
 2.99358e+01 7.26469e+04 1.23663e-08 -6.13468e-04
 3.72759e+01 7.39750e+04 1.40565e-08 -6.13468e-04
 4.64159e+01 7.73393e+04 1.55901e-08 -6.13468e-04
 5.77969e+01 7.91354e+04 1.76604e-08 -6.13468e-04
 7.19686e+01 8.21411e+04 1.97239e-08 -6.13468e-04
 8.96151e+01 8.49318e+04 2.21410e-08 -6.13468e-04
 1.11588e+02 8.76067e+04 2.49060e-08 -6.13465e-04
 1.38950e+02 9.10440e+04 2.78424e-08 -6.13458e-04
 1.73020e+02 9.38482e+04 3.13727e-08 -6.13428e-04
 2.15443e+02 9.77005e+04 3.50435e-08 -6.13364e-04
 2.68270e+02 1.00769e+05 3.95028e-08 -6.13082e-04
 3.34048e+02 1.04964e+05 4.41307e-08 -6.12461e-04
 4.15956e+02 1.08469e+05 4.96995e-08 -6.09936e-04
 5.17947e+02 1.12806e+05 5.56378e-08 -6.03663e-04
 6.44947e+02 1.16905e+05 6.25291e-08 -5.82533e-04
 8.03086e+02 1.21277e+05 7.02010e-08 -5.20847e-04
 1.00000e+03 1.25939e+05 7.87523e-08 -3.51017e-04
