#n1=128 n2=4 Teff=51000 R=1.0186e+12 L=4.9980e+39 logg=+4.00
#   tau          T          rho         Fconv
 0.00000e+00 3.16574e+04 2.27596e-22 +0.00000e+00
 1.00000e-09 3.16574e+04 6.43684e-18 +0.00000e+00
 1.24520e-09 3.15463e+04 8.04486e-18 +0.00000e+00
 1.55052e-09 3.13730e+04 1.00747e-17 +0.00000e+00
 1.93070e-09 3.11191e+04 1.26497e-17 +0.00000e+00
 2.40410e-09 3.07992e+04 1.59180e-17 +0.00000e+00
 2.99358e-09 3.05326e+04 1.99979e-17 +0.00000e+00
 3.72759e-09 3.03004e+04 2.50969e-17 +0.00000e+00
 4.64159e-09 3.01471e+04 3.14155e-17 +0.00000e+00
 5.77969e-09 3.00446e+04 3.92592e-17 +0.00000e+00
 7.19686e-09 2.99560e+04 4.90393e-17 +0.00000e+00
 8.96151e-09 2.99075e+04 6.11740e-17 +0.00000e+00
 1.11588e-08 2.98733e+04 7.62749e-17 +0.00000e+00
 1.38950e-08 2.98495e+04 9.50708e-17 +0.00000e+00
 1.73020e-08 2.98333e+04 1.18468e-16 +0.00000e+00
 2.15443e-08 2.98228e+04 1.47595e-16 +0.00000e+00
 2.68270e-08 2.98169e+04 1.83856e-16 +0.00000e+00
 3.34048e-08 2.98143e+04 2.28999e-16 +0.00000e+00
 4.15956e-08 2.98140e+04 2.85205e-16 +0.00000e+00
 5.17947e-08 2.98152e+04 3.55187e-16 +0.00000e+00
 6.44947e-08 2.98169e+04 4.42336e-16 +0.00000e+00
 8.03086e-08 2.98174e+04 5.50889e-16 +0.00000e+00
 1.00000e-07 2.98139e+04 6.86175e-16 +0.00000e+00
 1.24520e-07 2.97954e+04 8.55113e-16 +0.00000e+00
 1.55052e-07 2.97701e+04 1.06589e-15 +0.00000e+00
 1.93070e-07 2.97229e+04 1.32960e-15 +0.00000e+00
 2.40410e-07 2.95944e+04 1.66312e-15 +0.00000e+00
 2.99358e-07 2.94521e+04 2.08130e-15 +0.00000e+00
 3.72759e-07 2.93154e+04 2.60420e-15 +0.00000e+00
 4.64159e-07 2.91301e+04 3.26399e-15 +0.00000e+00
 5.77969e-07 2.89497e+04 4.09039e-15 +0.00000e+00
 7.19686e-07 2.88375e+04 5.11408e-15 +0.00000e+00
 8.96151e-07 2.87643e+04 6.38538e-15 +0.00000e+00
 1.11588e-06 2.87155e+04 7.96598e-15 +0.00000e+00
 1.38950e-06 2.86978e+04 9.92706e-15 +0.00000e+00
 1.73020e-06 2.87090e+04 1.23584e-14 +0.00000e+00
 2.15443e-06 2.87339e+04 1.53779e-14 +0.00000e+00
 2.68270e-06 2.87758e+04 1.91238e-14 +0.00000e+00
 3.34048e-06 2.88327e+04 2.37698e-14 +0.00000e+00
 4.15956e-06 2.89053e+04 2.95283e-14 +0.00000e+00
 5.17947e-06 2.89894e+04 3.66675e-14 +0.00000e+00
 6.44947e-06 2.90878e+04 4.55104e-14 +0.00000e+00
 8.03086e-06 2.91985e+04 5.64624e-14 +0.00000e+00
 1.00000e-05 2.93230e+04 7.00174e-14 +0.00000e+00
 1.24520e-05 2.94617e+04 8.67851e-14 +0.00000e+00
 1.55052e-05 2.96154e+04 1.07515e-13 +0.00000e+00
 1.93070e-05 2.97846e+04 1.33129e-13 +0.00000e+00
 2.40410e-05 2.99701e+04 1.64756e-13 +0.00000e+00
 2.99358e-05 3.01726e+04 2.03786e-13 +0.00000e+00
 3.72759e-05 3.03925e+04 2.51920e-13 +0.00000e+00
 4.64159e-05 3.06303e+04 3.11245e-13 +0.00000e+00
 5.77969e-05 3.08862e+04 3.84322e-13 +0.00000e+00
 7.19686e-05 3.11602e+04 4.74284e-13 +0.00000e+00
 8.96151e-05 3.14522e+04 5.84975e-13 +0.00000e+00
 1.11588e-04 3.17625e+04 7.21085e-13 +0.00000e+00
 1.38950e-04 3.20920e+04 8.88324e-13 +0.00000e+00
 1.73020e-04 3.24428e+04 1.09361e-12 +0.00000e+00
 2.15443e-04 3.28182e+04 1.34528e-12 +0.00000e+00
 2.68270e-04 3.32226e+04 1.65333e-12 +0.00000e+00
 3.34048e-04 3.36601e+04 2.02977e-12 +0.00000e+00
 4.15956e-04 3.41311e+04 2.48922e-12 +0.00000e+00
 5.17947e-04 3.46278e+04 3.05000e-12 +0.00000e+00
 6.44947e-04 3.51316e+04 3.73566e-12 +0.00000e+00
 8.03086e-04 3.56201e+04 4.57615e-12 +0.00000e+00
 1.00000e-03 3.60727e+04 5.60904e-12 +0.00000e+00
 1.24520e-03 3.64813e+04 6.87928e-12 -2.54735e-07
 1.55052e-03 3.68496e+04 8.43962e-12 -3.17195e-07
 1.93070e-03 3.71856e+04 1.03521e-11 -3.94970e-07
 2.40410e-03 3.74949e+04 1.26904e-11 -4.91815e-07
 2.99358e-03 3.77829e+04 1.55411e-11 -6.12409e-07
 3.72759e-03 3.80546e+04 1.90048e-11 -7.62567e-07
 4.64159e-03 3.83147e+04 2.31976e-11 -9.49547e-07
 5.77969e-03 3.85674e+04 2.82526e-11 -1.18237e-06
 7.19686e-03 3.88159e+04 3.43209e-11 -1.47229e-06
 8.96151e-03 3.90630e+04 4.15728e-11 -1.83329e-06
 1.11588e-02 3.93113e+04 5.01966e-11 -2.28281e-06
 1.38950e-02 3.95640e+04 6.04010e-11 -2.84255e-06
 1.73020e-02 3.98242e+04 7.24145e-11 -3.53954e-06
 2.15443e-02 4.00961e+04 8.64829e-11 -4.40742e-06
 2.68270e-02 4.03840e+04 1.02870e-10 -5.48809e-06
 3.34048e-02 4.06930e+04 1.21855e-10 -6.83375e-06
 4.15956e-02 4.10283e+04 1.43736e-10 -8.50936e-06
 5.17947e-02 4.13957e+04 1.68834e-10 -1.05958e-05
 6.44947e-02 4.18005e+04 1.97493e-10 -1.31939e-05
 8.03086e-02 4.22484e+04 2.30090e-10 -1.64290e-05
 1.00000e-01 4.27428e+04 2.67049e-10 -2.04574e-05
 1.24520e-01 4.32881e+04 3.08839e-10 -2.54735e-05
 1.55052e-01 4.38864e+04 3.55998e-10 -3.17195e-05
 1.93070e-01 4.45389e+04 4.09141e-10 -3.94970e-05
 2.40410e-01 4.52448e+04 4.68980e-10 -4.91815e-05
 2.99358e-01 4.60023e+04 5.36334e-10 -6.12409e-05
 3.72759e-01 4.68060e+04 6.12177e-10 -7.62567e-05
 4.64159e-01 4.76169e+04 6.98009e-10 -9.49547e-05
 5.77969e-01 4.84826e+04 7.94335e-10 -1.18237e-04
 7.19686e-01 4.94517e+04 9.01731e-10 -1.47229e-04
 8.96151e-01 5.04062e+04 1.02362e-09 -1.83329e-04
 1.11588e+00 5.14484e+04 1.15973e-09 -2.28281e-04
 1.38950e+00 5.25405e+04 1.31271e-09 -2.84255e-04
 1.73020e+00 5.36867e+04 1.48446e-09 -3.53954e-04
 2.15443e+00 5.50376e+04 1.67356e-09 -4.40742e-04
 2.68270e+00 5.64145e+04 1.88773e-09 -5.48812e-04
 3.34048e+00 5.78230e+04 2.12969e-09 -6.13723e-04
 4.15956e+00 5.92959e+04 2.40136e-09 -6.13721e-04
 5.17947e+00 6.11665e+04 2.69542e-09 -6.13721e-04
 6.44947e+00 6.23846e+04 3.05700e-09 -6.13721e-04
 8.03086e+00 6.45688e+04 3.41930e-09 -6.13721e-04
 1.00000e+01 6.62649e+04 3.85904e-09 -6.13721e-04
 1.24520e+01 6.82917e+04 4.33794e-09 -6.13721e-04
 1.55052e+01 7.02961e+04 4.88310e-09 -6.13721e-04
 1.93070e+01 7.28010e+04 5.47128e-09 -6.13721e-04
 2.40410e+01 7.45960e+04 6.19087e-09 -6.13721e-04
 2.99358e+01 7.79092e+04 6.88985e-09 -6.13721e-04
 3.72759e+01 7.95332e+04 7.83384e-09 -6.13721e-04
 4.64159e+01 8.33144e+04 8.69737e-09 -6.13721e-04
 5.77969e+01 8.54828e+04 9.85606e-09 -6.13721e-04
 7.19686e+01 8.89278e+04 1.10196e-08 -6.13721e-04
 8.96151e+01 9.21613e+04 1.23815e-08 -6.13721e-04
 1.11588e+02 9.52873e+04 1.39415e-08 -6.13721e-04
 1.38950e+02 9.92038e+04 1.56061e-08 -6.13721e-04
 1.73020e+02 1.02483e+05 1.76018e-08 -6.13721e-04
 2.15443e+02 1.06812e+05 1.96949e-08 -6.13718e-04
 2.68270e+02 1.10373e+05 2.22203e-08 -6.13713e-04
 3.34048e+02 1.15011e+05 2.48748e-08 -6.13697e-04
 4.15956e+02 1.18984e+05 2.80429e-08 -6.13640e-04
 5.17947e+02 1.23733e+05 3.14535e-08 -6.13486e-04
 6.44947e+02 1.28240e+05 3.53972e-08 -6.12954e-04
 8.03086e+02 1.33010e+05 3.97929e-08 -6.11300e-04
 1.00000e+03 1.38048e+05 4.47015e-08 -6.06291e-04
