#n1=128 n2=4 Teff=51000 R=5.7264e+11 L=1.5804e+39 logg=+4.50
#   tau          T          rho         Fconv
 0.00000e+00 3.47925e+04 2.06778e-22 +0.00000e+00
 1.00000e-09 3.47925e+04 1.86225e-17 +0.00000e+00
 1.24520e-09 3.47122e+04 2.32451e-17 +0.00000e+00
 1.55052e-09 3.46452e+04 2.90041e-17 +0.00000e+00
 1.93070e-09 3.45871e+04 3.61808e-17 +0.00000e+00
 2.40410e-09 3.45300e+04 4.51320e-17 +0.00000e+00
 2.99358e-09 3.44699e+04 5.63028e-17 +0.00000e+00
 3.72759e-09 3.43939e+04 7.02714e-17 +0.00000e+00
 4.64159e-09 3.42798e+04 8.78032e-17 +0.00000e+00
 5.77969e-09 3.40932e+04 1.09944e-16 +0.00000e+00
 7.19686e-09 3.37195e+04 1.38435e-16 +0.00000e+00
 8.96151e-09 3.33908e+04 1.74096e-16 +0.00000e+00
 1.11588e-08 3.31885e+04 2.18131e-16 +0.00000e+00
 1.38950e-08 3.28223e+04 2.74678e-16 +0.00000e+00
 1.73020e-08 3.25510e+04 3.44918e-16 +0.00000e+00
 2.15443e-08 3.23602e+04 4.32073e-16 +0.00000e+00
 2.68270e-08 3.22259e+04 5.40319e-16 +0.00000e+00
 3.34048e-08 3.21302e+04 6.74884e-16 +0.00000e+00
 4.15956e-08 3.20609e+04 8.42275e-16 +0.00000e+00
 5.17947e-08 3.20100e+04 1.05058e-15 +0.00000e+00
 6.44947e-08 3.19722e+04 1.30987e-15 +0.00000e+00
 8.03086e-08 3.19436e+04 1.63269e-15 +0.00000e+00
 1.00000e-07 3.19215e+04 2.03466e-15 +0.00000e+00
 1.24520e-07 3.19031e+04 2.53528e-15 +0.00000e+00
 1.55052e-07 3.18863e+04 3.15893e-15 +0.00000e+00
 1.93070e-07 3.18683e+04 3.93614e-15 +0.00000e+00
 2.40410e-07 3.18454e+04 4.90533e-15 +0.00000e+00
 2.99358e-07 3.18115e+04 6.11527e-15 +0.00000e+00
 3.72759e-07 3.17543e+04 7.62924e-15 +0.00000e+00
 4.64159e-07 3.16402e+04 9.53518e-15 +0.00000e+00
 5.77969e-07 3.13332e+04 1.19908e-14 +0.00000e+00
 7.19686e-07 3.04426e+04 1.53693e-14 +0.00000e+00
 8.96151e-07 2.96692e+04 1.96386e-14 +0.00000e+00
 1.11588e-06 2.93868e+04 2.46911e-14 +0.00000e+00
 1.38950e-06 2.92761e+04 3.08643e-14 +0.00000e+00
 1.73020e-06 2.92226e+04 3.85055e-14 +0.00000e+00
 2.15443e-06 2.92016e+04 4.79849e-14 +0.00000e+00
 2.68270e-06 2.92016e+04 5.97544e-14 +0.00000e+00
 3.34048e-06 2.92167e+04 7.43715e-14 +0.00000e+00
 4.15956e-06 2.92444e+04 9.25231e-14 +0.00000e+00
 5.17947e-06 2.92832e+04 1.15059e-13 +0.00000e+00
 6.44947e-06 2.93323e+04 1.43032e-13 +0.00000e+00
 8.03086e-06 2.93911e+04 1.77743e-13 +0.00000e+00
 1.00000e-05 2.94595e+04 2.20800e-13 +0.00000e+00
 1.24520e-05 2.95372e+04 2.74191e-13 +0.00000e+00
 1.55052e-05 2.96244e+04 3.40369e-13 +0.00000e+00
 1.93070e-05 2.97212e+04 4.22363e-13 +0.00000e+00
 2.40410e-05 2.98278e+04 5.23902e-13 +0.00000e+00
 2.99358e-05 2.99446e+04 6.49582e-13 +0.00000e+00
 3.72759e-05 3.00720e+04 8.05049e-13 +0.00000e+00
 4.64159e-05 3.02106e+04 9.97235e-13 +0.00000e+00
 5.77969e-05 3.03615e+04 1.23462e-12 +0.00000e+00
 7.19686e-05 3.05255e+04 1.52758e-12 +0.00000e+00
 8.96151e-05 3.07043e+04 1.88872e-12 +0.00000e+00
 1.11588e-04 3.08993e+04 2.33337e-12 +0.00000e+00
 1.38950e-04 3.11121e+04 2.88006e-12 +0.00000e+00
 1.73020e-04 3.13439e+04 3.55118e-12 +0.00000e+00
 2.15443e-04 3.15959e+04 4.37363e-12 +0.00000e+00
 2.68270e-04 3.18685e+04 5.37971e-12 +0.00000e+00
 3.34048e-04 3.21614e+04 6.60802e-12 +0.00000e+00
 4.15956e-04 3.24743e+04 8.10434e-12 +0.00000e+00
 5.17947e-04 3.28057e+04 9.92292e-12 +0.00000e+00
 6.44947e-04 3.31540e+04 1.21275e-11 +0.00000e+00
 8.03086e-04 3.35173e+04 1.47922e-11 +0.00000e+00
 1.00000e-03 3.38933e+04 1.80031e-11 +0.00000e+00
 1.24520e-03 3.42789e+04 2.18594e-11 -2.54609e-07
 1.55052e-03 3.46702e+04 2.64754e-11 -3.17038e-07
 1.93070e-03 3.50616e+04 3.19832e-11 -3.94775e-07
 2.40410e-03 3.54474e+04 3.85350e-11 -4.91572e-07
 2.99358e-03 3.58216e+04 4.63031e-11 -6.12106e-07
 3.72759e-03 3.61794e+04 5.54825e-11 -7.62190e-07
 4.64159e-03 3.65196e+04 6.62887e-11 -9.49078e-07
 5.77969e-03 3.68430e+04 7.89537e-11 -1.18179e-06
 7.19686e-03 3.71522e+04 9.37318e-11 -1.47156e-06
 8.96151e-03 3.74505e+04 1.10898e-10 -1.83238e-06
 1.11588e-02 3.77417e+04 1.30748e-10 -2.28168e-06
 1.38950e-02 3.80297e+04 1.53602e-10 -2.84114e-06
 1.73020e-02 3.83182e+04 1.79806e-10 -3.53779e-06
 2.15443e-02 3.86107e+04 2.09734e-10 -4.40524e-06
 2.68270e-02 3.89108e+04 2.43799e-10 -5.48538e-06
 3.34048e-02 3.92224e+04 2.82446e-10 -6.83038e-06
 4.15956e-02 3.95503e+04 3.26162e-10 -8.50516e-06
 5.17947e-02 3.98976e+04 3.75497e-10 -1.05906e-05
 6.44947e-02 4.02699e+04 4.31041e-10 -1.31874e-05
 8.03086e-02 4.06724e+04 4.93451e-10 -1.64209e-05
 1.00000e-01 4.11098e+04 5.63465e-10 -2.04473e-05
 1.24520e-01 4.15868e+04 6.41910e-10 -2.54609e-05
 1.55052e-01 4.21076e+04 7.29720e-10 -3.17038e-05
 1.93070e-01 4.26755e+04 8.27958e-10 -3.94775e-05
 2.40410e-01 4.32930e+04 9.37842e-10 -4.91572e-05
 2.99358e-01 4.39609e+04 1.06078e-09 -6.12106e-05
 3.72759e-01 4.46768e+04 1.19844e-09 -7.62190e-05
 4.64159e-01 4.54227e+04 1.35307e-09 -9.49078e-05
 5.77969e-01 4.62243e+04 1.52600e-09 -1.18179e-04
 7.19686e-01 4.71103e+04 1.71868e-09 -1.47156e-04
 8.96151e-01 4.80106e+04 1.93604e-09 -1.83238e-04
 1.11588e+00 4.89864e+04 2.17871e-09 -2.28168e-04
 1.38950e+00 5.00140e+04 2.45094e-09 -2.84114e-04
 1.73020e+00 5.10958e+04 2.75618e-09 -3.53779e-04
 2.15443e+00 5.23485e+04 3.09294e-09 -4.40521e-04
 2.68270e+00 5.36323e+04 3.47367e-09 -5.48538e-04
 3.34048e+00 5.49491e+04 3.90336e-09 -6.13418e-04
 4.15956e+00 5.63253e+04 4.38563e-09 -6.13418e-04
 5.17947e+00 5.80573e+04 4.90831e-09 -6.13418e-04
 6.44947e+00 5.92147e+04 5.54812e-09 -6.13418e-04
 8.03086e+00 6.12341e+04 6.19204e-09 -6.13418e-04
 1.00000e+01 6.28124e+04 6.97138e-09 -6.13418e-04
 1.24520e+01 6.46934e+04 7.82015e-09 -6.13418e-04
 1.55052e+01 6.65340e+04 8.78815e-09 -6.13418e-04
 1.93070e+01 6.88372e+04 9.83186e-09 -6.13418e-04
 2.40410e+01 7.04449e+04 1.11117e-08 -6.13418e-04
 2.99358e+01 7.34619e+04 1.23547e-08 -6.13418e-04
 3.72759e+01 7.48681e+04 1.40353e-08 -6.13418e-04
 4.64159e+01 7.82570e+04 1.55736e-08 -6.13418e-04
 5.77969e+01 8.01435e+04 1.76325e-08 -6.13418e-04
 7.19686e+01 8.31927e+04 1.96989e-08 -6.13418e-04
 8.96151e+01 8.60329e+04 2.21161e-08 -6.13418e-04
 1.11588e+02 8.87855e+04 2.48743e-08 -6.13415e-04
 1.38950e+02 9.22824e+04 2.78120e-08 -6.13407e-04
 1.73020e+02 9.51606e+04 3.13367e-08 -6.13376e-04
 2.15443e+02 9.90886e+04 3.50065e-08 -6.13306e-04
 2.68270e+02 1.02258e+05 3.94531e-08 -6.13003e-04
 3.34048e+02 1.06520e+05 4.40881e-08 -6.12333e-04
 4.15956e+02 1.10136e+05 4.96418e-08 -6.09679e-04
 5.17947e+02 1.14553e+05 5.55864e-08 -6.03035e-04
 6.44947e+02 1.18746e+05 6.24742e-08 -5.80883e-04
 8.03086e+02 1.23205e+05 7.01490e-08 -5.16284e-04
 1.00000e+03 1.27950e+05 7.87069e-08 -3.38507e-04
