#n1=128 n2=4 Teff=52000 R=5.8386e+11 L=1.7759e+39 logg=+4.50
#   tau          T          rho         Fconv
 0.00000e+00 3.71075e+04 1.93787e-22 +0.00000e+00
 1.00000e-09 3.71075e+04 1.74411e-17 +0.00000e+00
 1.24520e-09 3.66447e+04 2.19945e-17 +0.00000e+00
 1.55052e-09 3.66209e+04 2.74087e-17 +0.00000e+00
 1.93070e-09 3.63377e+04 3.43994e-17 +0.00000e+00
 2.40410e-09 3.61440e+04 4.30688e-17 +0.00000e+00
 2.99358e-09 3.60033e+04 5.38453e-17 +0.00000e+00
 3.72759e-09 3.58952e+04 6.72581e-17 +0.00000e+00
 4.64159e-09 3.57766e+04 8.40373e-17 +0.00000e+00
 5.77969e-09 3.57019e+04 1.04875e-16 +0.00000e+00
 7.19686e-09 3.56146e+04 1.30925e-16 +0.00000e+00
 8.96151e-09 3.55418e+04 1.63381e-16 +0.00000e+00
 1.11588e-08 3.54289e+04 2.04114e-16 +0.00000e+00
 1.38950e-08 3.52577e+04 2.55428e-16 +0.00000e+00
 1.73020e-08 3.49936e+04 3.20496e-16 +0.00000e+00
 2.15443e-08 3.45624e+04 4.04108e-16 +0.00000e+00
 2.68270e-08 3.41824e+04 5.08846e-16 +0.00000e+00
 3.34048e-08 3.41216e+04 6.34818e-16 +0.00000e+00
 4.15956e-08 3.37839e+04 7.98466e-16 +0.00000e+00
 5.17947e-08 3.35334e+04 1.00179e-15 +0.00000e+00
 6.44947e-08 3.33556e+04 1.25422e-15 +0.00000e+00
 8.03086e-08 3.32286e+04 1.56789e-15 +0.00000e+00
 1.00000e-07 3.31377e+04 1.95791e-15 +0.00000e+00
 1.24520e-07 3.30721e+04 2.44309e-15 +0.00000e+00
 1.55052e-07 3.30248e+04 3.04683e-15 +0.00000e+00
 1.93070e-07 3.29908e+04 3.79822e-15 +0.00000e+00
 2.40410e-07 3.29667e+04 4.73351e-15 +0.00000e+00
 2.99358e-07 3.29499e+04 5.89780e-15 +0.00000e+00
 3.72759e-07 3.29381e+04 7.34733e-15 +0.00000e+00
 4.64159e-07 3.29294e+04 9.15225e-15 +0.00000e+00
 5.77969e-07 3.29218e+04 1.14002e-14 +0.00000e+00
 7.19686e-07 3.29131e+04 1.42007e-14 +0.00000e+00
 8.96151e-07 3.28999e+04 1.76915e-14 +0.00000e+00
 1.11588e-06 3.28778e+04 2.20463e-14 +0.00000e+00
 1.38950e-06 3.28393e+04 2.74867e-14 +0.00000e+00
 1.73020e-06 3.27710e+04 3.43007e-14 +0.00000e+00
 2.15443e-06 3.26488e+04 4.28747e-14 +0.00000e+00
 2.68270e-06 3.24409e+04 5.37336e-14 +0.00000e+00
 3.34048e-06 3.21448e+04 6.75297e-14 +0.00000e+00
 4.15956e-06 3.18413e+04 8.48938e-14 +0.00000e+00
 5.17947e-06 3.16109e+04 1.06484e-13 +0.00000e+00
 6.44947e-06 3.14628e+04 1.33220e-13 +0.00000e+00
 8.03086e-06 3.13746e+04 1.66350e-13 +0.00000e+00
 1.00000e-05 3.13291e+04 2.07432e-13 +0.00000e+00
 1.24520e-05 3.13147e+04 2.58394e-13 +0.00000e+00
 1.55052e-05 3.13236e+04 3.21622e-13 +0.00000e+00
 1.93070e-05 3.13518e+04 4.00054e-13 +0.00000e+00
 2.40410e-05 3.13966e+04 4.97316e-13 +0.00000e+00
 2.99358e-05 3.14562e+04 6.17883e-13 +0.00000e+00
 3.72759e-05 3.15295e+04 7.67266e-13 +0.00000e+00
 4.64159e-05 3.16160e+04 9.52251e-13 +0.00000e+00
 5.77969e-05 3.17152e+04 1.18118e-12 +0.00000e+00
 7.19686e-05 3.18269e+04 1.46430e-12 +0.00000e+00
 8.96151e-05 3.19510e+04 1.81417e-12 +0.00000e+00
 1.11588e-04 3.20876e+04 2.24611e-12 +0.00000e+00
 1.38950e-04 3.22370e+04 2.77883e-12 +0.00000e+00
 1.73020e-04 3.23995e+04 3.43504e-12 +0.00000e+00
 2.15443e-04 3.25757e+04 4.24219e-12 +0.00000e+00
 2.68270e-04 3.27661e+04 5.23335e-12 +0.00000e+00
 3.34048e-04 3.29716e+04 6.44810e-12 +0.00000e+00
 4.15956e-04 3.31922e+04 7.93357e-12 +0.00000e+00
 5.17947e-04 3.34295e+04 9.74515e-12 +0.00000e+00
 6.44947e-04 3.36834e+04 1.19479e-11 +0.00000e+00
 8.03086e-04 3.39540e+04 1.46175e-11 +0.00000e+00
 1.00000e-03 3.42409e+04 1.78409e-11 +0.00000e+00
 1.24520e-03 3.45427e+04 2.17180e-11 -2.54571e-07
 1.55052e-03 3.48595e+04 2.63612e-11 -3.16991e-07
 1.93070e-03 3.51888e+04 3.18989e-11 -3.94716e-07
 2.40410e-03 3.55283e+04 3.84768e-11 -4.91500e-07
 2.99358e-03 3.58754e+04 4.62580e-11 -6.12014e-07
 3.72759e-03 3.62269e+04 5.54262e-11 -7.62078e-07
 4.64159e-03 3.65792e+04 6.61890e-11 -9.48937e-07
 5.77969e-03 3.69291e+04 7.87755e-11 -1.18161e-06
 7.19686e-03 3.72735e+04 9.34427e-11 -1.47134e-06
 8.96151e-03 3.76103e+04 1.10473e-10 -1.83211e-06
 1.11588e-02 3.79388e+04 1.30175e-10 -2.28134e-06
 1.38950e-02 3.82596e+04 1.52883e-10 -2.84072e-06
 1.73020e-02 3.85744e+04 1.78955e-10 -3.53726e-06
 2.15443e-02 3.88858e+04 2.08779e-10 -4.40458e-06
 2.68270e-02 3.91975e+04 2.42777e-10 -5.48456e-06
 3.34048e-02 3.95136e+04 2.81403e-10 -6.82934e-06
 4.15956e-02 3.98395e+04 3.25148e-10 -8.50390e-06
 5.17947e-02 4.01782e+04 3.74574e-10 -1.05890e-05
 6.44947e-02 4.05351e+04 4.30281e-10 -1.31854e-05
 8.03086e-02 4.09156e+04 4.92934e-10 -1.64185e-05
 1.00000e-01 4.13247e+04 5.63276e-10 -2.04442e-05
 1.24520e-01 4.17679e+04 6.42132e-10 -2.54571e-05
 1.55052e-01 4.22504e+04 7.30426e-10 -3.16991e-05
 1.93070e-01 4.27769e+04 8.29198e-10 -3.94716e-05
 2.40410e-01 4.33519e+04 9.39622e-10 -4.91500e-05
 2.99358e-01 4.39788e+04 1.06305e-09 -6.12014e-05
 3.72759e-01 4.46584e+04 1.20105e-09 -7.62078e-05
 4.64159e-01 4.53820e+04 1.35565e-09 -9.48937e-05
 5.77969e-01 4.61653e+04 1.52841e-09 -1.18161e-04
 7.19686e-01 4.70295e+04 1.72101e-09 -1.47134e-04
 8.96151e-01 4.79288e+04 1.93755e-09 -1.83211e-04
 1.11588e+00 4.89062e+04 2.17932e-09 -2.28134e-04
 1.38950e+00 4.99442e+04 2.45033e-09 -2.84072e-04
 1.73020e+00 5.10442e+04 2.75407e-09 -3.53726e-04
 2.15443e+00 5.23051e+04 3.08992e-09 -4.40458e-04
 2.68270e+00 5.36111e+04 3.46901e-09 -5.48456e-04
 3.34048e+00 5.49584e+04 3.89670e-09 -6.13326e-04
 4.15956e+00 5.63704e+04 4.37683e-09 -6.13326e-04
 5.17947e+00 5.81238e+04 4.89854e-09 -6.13326e-04
 6.44947e+00 5.93406e+04 5.53443e-09 -6.13326e-04
 8.03086e+00 6.13853e+04 6.17807e-09 -6.13326e-04
 1.00000e+01 6.30136e+04 6.95472e-09 -6.13326e-04
 1.24520e+01 6.49375e+04 7.80200e-09 -6.13326e-04
 1.55052e+01 6.68287e+04 8.76787e-09 -6.13326e-04
 1.93070e+01 6.91715e+04 9.81132e-09 -6.13326e-04
 2.40410e+01 7.08449e+04 1.10870e-08 -6.13326e-04
 2.99358e+01 7.38902e+04 1.23328e-08 -6.13326e-04
 3.72759e+01 7.53784e+04 1.40061e-08 -6.13326e-04
 4.64159e+01 7.87908e+04 1.55504e-08 -6.13326e-04
 5.77969e+01 8.07604e+04 1.76020e-08 -6.13326e-04
 7.19686e+01 8.38561e+04 1.96719e-08 -6.13326e-04
 8.96151e+01 8.67620e+04 2.20878e-08 -6.13324e-04
 1.11588e+02 8.95969e+04 2.48414e-08 -6.13321e-04
 1.38950e+02 9.31482e+04 2.77842e-08 -6.13314e-04
 1.73020e+02 9.61262e+04 3.13004e-08 -6.13285e-04
 2.15443e+02 1.00112e+05 3.49789e-08 -6.13218e-04
 2.68270e+02 1.03378e+05 3.94197e-08 -6.12933e-04
 3.34048e+02 1.07701e+05 4.40665e-08 -6.12299e-04
 4.15956e+02 1.11396e+05 4.96232e-08 -6.09797e-04
 5.17947e+02 1.15871e+05 5.55827e-08 -6.03497e-04
 6.44947e+02 1.20123e+05 6.24838e-08 -5.82470e-04
 8.03086e+02 1.24632e+05 7.01768e-08 -5.20771e-04
 1.00000e+03 1.29424e+05 7.87553e-08 -3.49847e-04
