#n1=128 n2=4 Teff=53000 R=1.0586e+12 L=6.2951e+39 logg=+4.00
#   tau          T          rho         Fconv
 0.00000e+00 2.81940e+04 2.63836e-22 +0.00000e+00
 1.00000e-09 2.81940e+04 7.68816e-18 +0.00000e+00
 1.24520e-09 2.81338e+04 9.59558e-18 +0.00000e+00
 1.55052e-09 2.80994e+04 1.19653e-17 +0.00000e+00
 1.93070e-09 2.80794e+04 1.49127e-17 +0.00000e+00
 2.40410e-09 2.80690e+04 1.85800e-17 +0.00000e+00
 2.99358e-09 2.80656e+04 2.31434e-17 +0.00000e+00
 3.72759e-09 2.80684e+04 2.88213e-17 +0.00000e+00
 4.64159e-09 2.80763e+04 3.58861e-17 +0.00000e+00
 5.77969e-09 2.80886e+04 4.46760e-17 +0.00000e+00
 7.19686e-09 2.81048e+04 5.56115e-17 +0.00000e+00
 8.96151e-09 2.81245e+04 6.92155e-17 +0.00000e+00
 1.11588e-08 2.81472e+04 8.61385e-17 +0.00000e+00
 1.38950e-08 2.81724e+04 1.07190e-16 +0.00000e+00
 1.73020e-08 2.81996e+04 1.33378e-16 +0.00000e+00
 2.15443e-08 2.82279e+04 1.65957e-16 +0.00000e+00
 2.68270e-08 2.82562e+04 2.06495e-16 +0.00000e+00
 3.34048e-08 2.82834e+04 2.56946e-16 +0.00000e+00
 4.15956e-08 2.83074e+04 3.19759e-16 +0.00000e+00
 5.17947e-08 2.83266e+04 3.97996e-16 +0.00000e+00
 6.44947e-08 2.83386e+04 4.95502e-16 +0.00000e+00
 8.03086e-08 2.83415e+04 6.17094e-16 +0.00000e+00
 1.00000e-07 2.83349e+04 7.68779e-16 +0.00000e+00
 1.24520e-07 2.83219e+04 9.57963e-16 +0.00000e+00
 1.55052e-07 2.83102e+04 1.19364e-15 +0.00000e+00
 1.93070e-07 2.83104e+04 1.48668e-15 +0.00000e+00
 2.40410e-07 2.83309e+04 1.85030e-15 +0.00000e+00
 2.99358e-07 2.83764e+04 2.30082e-15 +0.00000e+00
 3.72759e-07 2.84477e+04 2.85841e-15 +0.00000e+00
 4.64159e-07 2.85440e+04 3.54801e-15 +0.00000e+00
 5.77969e-07 2.86643e+04 4.40031e-15 +0.00000e+00
 7.19686e-07 2.88074e+04 5.45311e-15 +0.00000e+00
 8.96151e-07 2.89721e+04 6.75284e-15 +0.00000e+00
 1.11588e-06 2.91576e+04 8.35662e-15 +0.00000e+00
 1.38950e-06 2.93626e+04 1.03347e-14 +0.00000e+00
 1.73020e-06 2.95859e+04 1.27738e-14 +0.00000e+00
 2.15443e-06 2.98257e+04 1.57805e-14 +0.00000e+00
 2.68270e-06 3.00802e+04 1.94866e-14 +0.00000e+00
 3.34048e-06 3.03477e+04 2.40543e-14 +0.00000e+00
 4.15956e-06 3.06266e+04 2.96838e-14 +0.00000e+00
 5.17947e-06 3.09162e+04 3.66209e-14 +0.00000e+00
 6.44947e-06 3.12163e+04 4.51676e-14 +0.00000e+00
 8.03086e-06 3.15280e+04 5.56931e-14 +0.00000e+00
 1.00000e-05 3.18533e+04 6.86483e-14 +0.00000e+00
 1.24520e-05 3.21950e+04 8.45817e-14 +0.00000e+00
 1.55052e-05 3.25564e+04 1.04160e-13 +0.00000e+00
 1.93070e-05 3.29403e+04 1.28197e-13 +0.00000e+00
 2.40410e-05 3.33477e+04 1.57688e-13 +0.00000e+00
 2.99358e-05 3.37768e+04 1.93863e-13 +0.00000e+00
 3.72759e-05 3.42230e+04 2.38249e-13 +0.00000e+00
 4.64159e-05 3.46812e+04 2.92736e-13 +0.00000e+00
 5.77969e-05 3.51483e+04 3.59644e-13 +0.00000e+00
 7.19686e-05 3.56244e+04 4.41790e-13 +0.00000e+00
 8.96151e-05 3.61138e+04 5.42569e-13 +0.00000e+00
 1.11588e-04 3.66170e+04 6.66165e-13 +0.00000e+00
 1.38950e-04 3.71271e+04 8.17857e-13 +0.00000e+00
 1.73020e-04 3.76323e+04 1.00432e-12 +0.00000e+00
 2.15443e-04 3.81218e+04 1.23390e-12 +0.00000e+00
 2.68270e-04 3.85926e+04 1.51676e-12 +0.00000e+00
 3.34048e-04 3.90496e+04 1.86509e-12 +0.00000e+00
 4.15956e-04 3.94986e+04 2.29374e-12 +0.00000e+00
 5.17947e-04 3.99381e+04 2.82126e-12 +0.00000e+00
 6.44947e-04 4.03613e+04 3.47089e-12 +0.00000e+00
 8.03086e-04 4.07593e+04 4.27164e-12 +0.00000e+00
 1.00000e-03 4.11278e+04 5.25898e-12 +0.00000e+00
 1.24520e-03 4.14667e+04 6.47596e-12 -2.54777e-07
 1.55052e-03 4.17778e+04 7.97471e-12 -3.17248e-07
 1.93070e-03 4.20636e+04 9.81812e-12 -3.95036e-07
 2.40410e-03 4.23269e+04 1.20815e-11 -4.91897e-07
 2.99358e-03 4.25710e+04 1.48543e-11 -6.12511e-07
 3.72759e-03 4.27999e+04 1.82418e-11 -7.62696e-07
 4.64159e-03 4.30175e+04 2.23671e-11 -9.49707e-07
 5.77969e-03 4.32281e+04 2.73719e-11 -1.18257e-06
 7.19686e-03 4.34364e+04 3.34189e-11 -1.47254e-06
 8.96151e-03 4.36472e+04 4.06919e-11 -1.83360e-06
 1.11588e-02 4.38649e+04 4.93950e-11 -2.28320e-06
 1.38950e-02 4.40933e+04 5.97553e-11 -2.84301e-06
 1.73020e-02 4.43377e+04 7.20207e-11 -3.54012e-06
 2.15443e-02 4.46031e+04 8.64609e-11 -4.40815e-06
 2.68270e-02 4.48952e+04 1.03365e-10 -5.48901e-06
 3.34048e-02 4.52185e+04 1.23042e-10 -6.83490e-06
 4.15956e-02 4.55783e+04 1.45824e-10 -8.51081e-06
 5.17947e-02 4.59813e+04 1.72058e-10 -1.05976e-05
 6.44947e-02 4.64343e+04 2.02116e-10 -1.31961e-05
 8.03086e-02 4.69439e+04 2.36403e-10 -1.64318e-05
 1.00000e-01 4.75130e+04 2.75377e-10 -2.04608e-05
 1.24520e-01 4.81461e+04 3.19541e-10 -2.54777e-05
 1.55052e-01 4.88438e+04 3.69479e-10 -3.17248e-05
 1.93070e-01 4.96048e+04 4.25867e-10 -3.95036e-05
 2.40410e-01 5.04256e+04 4.89491e-10 -4.91897e-05
 2.99358e-01 5.13014e+04 5.61251e-10 -6.12511e-05
 3.72759e-01 5.22280e+04 6.42179e-10 -7.62696e-05
 4.64159e-01 5.31420e+04 7.34110e-10 -9.49707e-05
 5.77969e-01 5.41211e+04 8.37292e-10 -1.18257e-04
 7.19686e-01 5.52320e+04 9.52173e-10 -1.47254e-04
 8.96151e-01 5.62986e+04 1.08309e-09 -1.83360e-04
 1.11588e+00 5.74800e+04 1.22900e-09 -2.28320e-04
 1.38950e+00 5.87199e+04 1.39297e-09 -2.84301e-04
 1.73020e+00 6.00175e+04 1.57716e-09 -3.54012e-04
 2.15443e+00 6.15621e+04 1.77953e-09 -4.40815e-04
 2.68270e+00 6.31299e+04 2.00893e-09 -5.48901e-04
 3.34048e+00 6.47423e+04 2.26781e-09 -6.13827e-04
 4.15956e+00 6.64253e+04 2.55859e-09 -6.13822e-04
 5.17947e+00 6.85731e+04 2.87259e-09 -6.13827e-04
 6.44947e+00 6.99722e+04 3.25962e-09 -6.13824e-04
 8.03086e+00 7.24789e+04 3.64627e-09 -6.13824e-04
 1.00000e+01 7.44437e+04 4.11553e-09 -6.13824e-04
 1.24520e+01 7.67886e+04 4.62631e-09 -6.13824e-04
 1.55052e+01 7.91226e+04 5.20731e-09 -6.13824e-04
 1.93070e+01 8.20119e+04 5.83468e-09 -6.13824e-04
 2.40410e+01 8.41773e+04 6.59783e-09 -6.13824e-04
 2.99358e+01 8.79608e+04 7.34556e-09 -6.13824e-04
 3.72759e+01 9.00368e+04 8.34032e-09 -6.13824e-04
 4.64159e+01 9.42990e+04 9.27117e-09 -6.13824e-04
 5.77969e+01 9.69672e+04 1.04959e-08 -6.13824e-04
 7.19686e+01 1.00974e+05 1.17388e-08 -6.13824e-04
 8.96151e+01 1.04567e+05 1.32097e-08 -6.13824e-04
 1.11588e+02 1.08474e+05 1.48420e-08 -6.13824e-04
 1.38950e+02 1.12612e+05 1.66700e-08 -6.13824e-04
 1.73020e+02 1.16777e+05 1.87463e-08 -6.13824e-04
 2.15443e+02 1.21367e+05 2.10425e-08 -6.13824e-04
 2.68270e+02 1.25789e+05 2.36829e-08 -6.13824e-04
 3.34048e+02 1.30915e+05 2.65559e-08 -6.13822e-04
 4.15956e+02 1.35730e+05 2.98901e-08 -6.13815e-04
 5.17947e+02 1.41297e+05 3.35166e-08 -6.13798e-04
 6.44947e+02 1.46707e+05 3.76885e-08 -6.13739e-04
 8.03086e+02 1.52508e+05 4.23284e-08 -6.13565e-04
 1.00000e+03 1.58488e+05 4.75602e-08 -6.13032e-04
