#n1=128 n2=4 Teff=56000 R=1.1178e+12 L=8.7594e+39 logg=+4.00
#   tau          T          rho         Fconv
 0.00000e+00 4.14170e+04 1.73588e-22 +0.00000e+00
 1.00000e-09 4.14170e+04 4.89133e-18 +0.00000e+00
 1.24520e-09 4.14887e+04 6.08148e-18 +0.00000e+00
 1.55052e-09 4.15599e+04 7.56135e-18 +0.00000e+00
 1.93070e-09 4.16291e+04 9.40180e-18 +0.00000e+00
 2.40410e-09 4.16951e+04 1.16912e-17 +0.00000e+00
 2.99358e-09 4.17568e+04 1.45396e-17 +0.00000e+00
 3.72759e-09 4.18128e+04 1.80845e-17 +0.00000e+00
 4.64159e-09 4.18619e+04 2.24974e-17 +0.00000e+00
 5.77969e-09 4.19031e+04 2.79926e-17 +0.00000e+00
 7.19686e-09 4.19345e+04 3.48381e-17 +0.00000e+00
 8.96151e-09 4.19544e+04 4.33696e-17 +0.00000e+00
 1.11588e-08 4.19601e+04 5.40088e-17 +0.00000e+00
 1.38950e-08 4.19469e+04 6.72880e-17 +0.00000e+00
 1.73020e-08 4.19064e+04 8.38872e-17 +0.00000e+00
 2.15443e-08 4.18196e+04 1.04697e-16 +0.00000e+00
 2.68270e-08 4.16429e+04 1.30951e-16 +0.00000e+00
 3.34048e-08 4.13189e+04 1.64377e-16 +0.00000e+00
 4.15956e-08 4.08206e+04 2.07227e-16 +0.00000e+00
 5.17947e-08 4.00459e+04 2.63090e-16 +0.00000e+00
 6.44947e-08 3.94034e+04 3.33016e-16 +0.00000e+00
 8.03086e-08 3.89860e+04 4.19204e-16 +0.00000e+00
 1.00000e-07 3.87196e+04 5.25700e-16 +0.00000e+00
 1.24520e-07 3.85362e+04 6.57860e-16 +0.00000e+00
 1.55052e-07 3.83994e+04 8.22263e-16 +0.00000e+00
 1.93070e-07 3.82920e+04 1.02697e-15 +0.00000e+00
 2.40410e-07 3.82002e+04 1.28213e-15 +0.00000e+00
 2.99358e-07 3.81172e+04 1.60033e-15 +0.00000e+00
 3.72759e-07 3.80338e+04 1.99751e-15 +0.00000e+00
 4.64159e-07 3.79445e+04 2.49368e-15 +0.00000e+00
 5.77969e-07 3.78392e+04 3.11441e-15 +0.00000e+00
 7.19686e-07 3.77039e+04 3.89279e-15 +0.00000e+00
 8.96151e-07 3.75174e+04 4.87240e-15 +0.00000e+00
 1.11588e-06 3.72697e+04 6.10867e-15 +0.00000e+00
 1.38950e-06 3.69481e+04 7.67427e-15 +0.00000e+00
 1.73020e-06 3.66101e+04 9.64616e-15 +0.00000e+00
 2.15443e-06 3.63219e+04 1.21091e-14 +0.00000e+00
 2.68270e-06 3.61167e+04 1.51668e-14 +0.00000e+00
 3.34048e-06 3.59795e+04 1.89613e-14 +0.00000e+00
 4.15956e-06 3.58941e+04 2.36712e-14 +0.00000e+00
 5.17947e-06 3.58464e+04 2.95200e-14 +0.00000e+00
 6.44947e-06 3.58269e+04 3.67847e-14 +0.00000e+00
 8.03086e-06 3.58294e+04 4.58089e-14 +0.00000e+00
 1.00000e-05 3.58502e+04 5.70175e-14 +0.00000e+00
 1.24520e-05 3.58866e+04 7.09372e-14 +0.00000e+00
 1.55052e-05 3.59367e+04 8.82204e-14 +0.00000e+00
 1.93070e-05 3.59994e+04 1.09675e-13 +0.00000e+00
 2.40410e-05 3.60735e+04 1.36303e-13 +0.00000e+00
 2.99358e-05 3.61584e+04 1.69343e-13 +0.00000e+00
 3.72759e-05 3.62532e+04 2.10329e-13 +0.00000e+00
 4.64159e-05 3.63573e+04 2.61164e-13 +0.00000e+00
 5.77969e-05 3.64702e+04 3.24198e-13 +0.00000e+00
 7.19686e-05 3.65912e+04 4.02341e-13 +0.00000e+00
 8.96151e-05 3.67199e+04 4.99194e-13 +0.00000e+00
 1.11588e-04 3.68557e+04 6.19207e-13 +0.00000e+00
 1.38950e-04 3.69982e+04 7.67881e-13 +0.00000e+00
 1.73020e-04 3.71470e+04 9.52007e-13 +0.00000e+00
 2.15443e-04 3.73015e+04 1.17997e-12 +0.00000e+00
 2.68270e-04 3.74616e+04 1.46208e-12 +0.00000e+00
 3.34048e-04 3.76270e+04 1.81108e-12 +0.00000e+00
 4.15956e-04 3.77973e+04 2.24258e-12 +0.00000e+00
 5.17947e-04 3.79726e+04 2.77575e-12 +0.00000e+00
 6.44947e-04 3.81526e+04 3.43405e-12 +0.00000e+00
 8.03086e-04 3.83373e+04 4.24607e-12 +0.00000e+00
 1.00000e-03 3.85270e+04 5.24657e-12 +0.00000e+00
 1.24520e-03 3.87218e+04 6.47755e-12 -2.54450e-07
 1.55052e-03 3.89220e+04 7.98952e-12 -3.16840e-07
 1.93070e-03 3.91280e+04 9.84278e-12 -3.94528e-07
 2.40410e-03 3.93404e+04 1.21088e-11 -4.91267e-07
 2.99358e-03 3.95596e+04 1.48715e-11 -6.11722e-07
 3.72759e-03 3.97863e+04 1.82291e-11 -7.61715e-07
 4.64159e-03 4.00210e+04 2.22952e-11 -9.48487e-07
 5.77969e-03 4.02642e+04 2.72004e-11 -1.18105e-06
 7.19686e-03 4.05162e+04 3.30942e-11 -1.47064e-06
 8.96151e-03 4.07773e+04 4.01454e-11 -1.83124e-06
 1.11588e-02 4.10474e+04 4.85424e-11 -2.28025e-06
 1.38950e-02 4.13264e+04 5.84960e-11 -2.83937e-06
 1.73020e-02 4.16140e+04 7.02410e-11 -3.53557e-06
 2.15443e-02 4.19101e+04 8.40367e-11 -4.40248e-06
 2.68270e-02 4.22143e+04 1.00166e-10 -5.48195e-06
 3.34048e-02 4.25266e+04 1.18936e-10 -6.82611e-06
 4.15956e-02 4.28475e+04 1.40680e-10 -8.49986e-06
 5.17947e-02 4.31780e+04 1.65757e-10 -1.05840e-05
 6.44947e-02 4.35206e+04 1.94555e-10 -1.31792e-05
 8.03086e-02 4.38794e+04 2.27487e-10 -1.64107e-05
 1.00000e-01 4.42604e+04 2.64993e-10 -2.04345e-05
 1.24520e-01 4.46714e+04 3.07543e-10 -2.54450e-05
 1.55052e-01 4.51224e+04 3.55637e-10 -3.16840e-05
 1.93070e-01 4.56231e+04 4.09822e-10 -3.94528e-05
 2.40410e-01 4.61838e+04 4.70703e-10 -4.91267e-05
 2.99358e-01 4.68135e+04 5.38961e-10 -6.11722e-05
 3.72759e-01 4.75183e+04 6.15397e-10 -7.61715e-05
 4.64159e-01 4.82994e+04 7.00975e-10 -9.48487e-05
 5.77969e-01 4.91629e+04 7.96727e-10 -1.18105e-04
 7.19686e-01 5.01174e+04 9.03785e-10 -1.47064e-04
 8.96151e-01 5.11445e+04 1.02389e-09 -1.83124e-04
 1.11588e+00 5.22586e+04 1.15839e-09 -2.28025e-04
 1.38950e+00 5.34503e+04 1.30932e-09 -2.83937e-04
 1.73020e+00 5.47207e+04 1.47872e-09 -3.53557e-04
 2.15443e+00 5.61247e+04 1.66759e-09 -4.40252e-04
 2.68270e+00 5.75950e+04 1.88043e-09 -5.48197e-04
 3.34048e+00 5.91288e+04 2.12025e-09 -6.13036e-04
 4.15956e+00 6.07557e+04 2.38925e-09 -6.13036e-04
 5.17947e+00 6.26491e+04 2.68559e-09 -6.13036e-04
 6.44947e+00 6.42202e+04 3.03579e-09 -6.13036e-04
 8.03086e+00 6.64038e+04 3.40464e-09 -6.13034e-04
 1.00000e+01 6.83754e+04 3.83666e-09 -6.13036e-04
 1.24520e+01 7.05966e+04 4.31372e-09 -6.13036e-04
 1.55052e+01 7.28771e+04 4.85319e-09 -6.13036e-04
 1.93070e+01 7.54794e+04 5.44777e-09 -6.13036e-04
 2.40410e+01 7.77972e+04 6.14435e-09 -6.13036e-04
 2.99358e+01 8.08793e+04 6.87901e-09 -6.13036e-04
 3.72759e+01 8.33112e+04 7.77098e-09 -6.13036e-04
 4.64159e+01 8.66631e+04 8.70012e-09 -6.13036e-04
 5.77969e+01 8.95457e+04 9.80793e-09 -6.13034e-04
 7.19686e+01 9.29785e+04 1.10070e-08 -6.13034e-04
 8.96151e+01 9.63866e+04 1.23778e-08 -6.13034e-04
 1.11588e+02 9.99938e+04 1.39126e-08 -6.13034e-04
 1.38950e+02 1.03797e+05 1.56333e-08 -6.13034e-04
 1.73020e+02 1.07675e+05 1.75807e-08 -6.13034e-04
 2.15443e+02 1.11883e+05 1.97441e-08 -6.13033e-04
 2.68270e+02 1.15991e+05 2.22219e-08 -6.13027e-04
 3.34048e+02 1.20610e+05 2.49429e-08 -6.13013e-04
 4.15956e+02 1.24978e+05 2.80880e-08 -6.12961e-04
 5.17947e+02 1.29866e+05 3.15409e-08 -6.12814e-04
 6.44947e+02 1.34613e+05 3.54982e-08 -6.12316e-04
 8.03086e+02 1.39621e+05 3.99127e-08 -6.10763e-04
 1.00000e+03 1.44859e+05 4.48540e-08 -6.05990e-04
