#n1=128 n2=4 Teff=58000 R=6.5133e+11 L=3.4194e+39 logg=+4.50
#   tau          T          rho         Fconv
 0.00000e+00 2.93677e+04 2.53232e-22 +0.00000e+00
 1.00000e-09 2.93677e+04 2.35420e-17 +0.00000e+00
 1.24520e-09 2.92768e+04 2.94088e-17 +0.00000e+00
 1.55052e-09 2.92260e+04 3.66880e-17 +0.00000e+00
 1.93070e-09 2.91980e+04 4.57334e-17 +0.00000e+00
 2.40410e-09 2.91846e+04 5.69806e-17 +0.00000e+00
 2.99358e-09 2.91824e+04 7.09669e-17 +0.00000e+00
 3.72759e-09 2.91895e+04 8.83588e-17 +0.00000e+00
 4.64159e-09 2.92046e+04 1.09983e-16 +0.00000e+00
 5.77969e-09 2.92272e+04 1.36865e-16 +0.00000e+00
 7.19686e-09 2.92567e+04 1.70278e-16 +0.00000e+00
 8.96151e-09 2.92929e+04 2.11801e-16 +0.00000e+00
 1.11588e-08 2.93354e+04 2.63394e-16 +0.00000e+00
 1.38950e-08 2.93842e+04 3.27486e-16 +0.00000e+00
 1.73020e-08 2.94389e+04 4.07094e-16 +0.00000e+00
 2.15443e-08 2.94991e+04 5.05959e-16 +0.00000e+00
 2.68270e-08 2.95647e+04 6.28726e-16 +0.00000e+00
 3.34048e-08 2.96351e+04 7.81155e-16 +0.00000e+00
 4.15956e-08 2.97100e+04 9.70400e-16 +0.00000e+00
 5.17947e-08 2.97888e+04 1.20534e-15 +0.00000e+00
 6.44947e-08 2.98711e+04 1.49699e-15 +0.00000e+00
 8.03086e-08 2.99564e+04 1.85903e-15 +0.00000e+00
 1.00000e-07 3.00443e+04 2.30844e-15 +0.00000e+00
 1.24520e-07 3.01347e+04 2.86629e-15 +0.00000e+00
 1.55052e-07 3.02272e+04 3.55871e-15 +0.00000e+00
 1.93070e-07 3.03222e+04 4.41807e-15 +0.00000e+00
 2.40410e-07 3.04202e+04 5.48444e-15 +0.00000e+00
 2.99358e-07 3.05223e+04 6.80733e-15 +0.00000e+00
 3.72759e-07 3.06302e+04 8.44777e-15 +0.00000e+00
 4.64159e-07 3.07462e+04 1.04808e-14 +0.00000e+00
 5.77969e-07 3.08730e+04 1.29988e-14 +0.00000e+00
 7.19686e-07 3.10134e+04 1.61147e-14 +0.00000e+00
 8.96151e-07 3.11698e+04 1.99676e-14 +0.00000e+00
 1.11588e-06 3.13444e+04 2.47277e-14 +0.00000e+00
 1.38950e-06 3.15386e+04 3.06042e-14 +0.00000e+00
 1.73020e-06 3.17534e+04 3.78538e-14 +0.00000e+00
 2.15443e-06 3.19892e+04 4.67916e-14 +0.00000e+00
 2.68270e-06 3.22466e+04 5.78034e-14 +0.00000e+00
 3.34048e-06 3.25261e+04 7.13617e-14 +0.00000e+00
 4.15956e-06 3.28288e+04 8.80432e-14 +0.00000e+00
 5.17947e-06 3.31561e+04 1.08551e-13 +0.00000e+00
 6.44947e-06 3.35101e+04 1.33739e-13 +0.00000e+00
 8.03086e-06 3.38926e+04 1.64647e-13 +0.00000e+00
 1.00000e-05 3.43043e+04 2.02547e-13 +0.00000e+00
 1.24520e-05 3.47423e+04 2.49009e-13 +0.00000e+00
 1.55052e-05 3.51976e+04 3.06018e-13 +0.00000e+00
 1.93070e-05 3.56565e+04 3.76088e-13 +0.00000e+00
 2.40410e-05 3.61083e+04 4.62349e-13 +0.00000e+00
 2.99358e-05 3.65523e+04 5.68577e-13 +0.00000e+00
 3.72759e-05 3.70006e+04 6.99189e-13 +0.00000e+00
 4.64159e-05 3.74718e+04 8.59337e-13 +0.00000e+00
 5.77969e-05 3.79727e+04 1.05540e-12 +0.00000e+00
 7.19686e-05 3.84945e+04 1.29558e-12 +0.00000e+00
 8.96151e-05 3.90204e+04 1.59033e-12 +0.00000e+00
 1.11588e-04 3.95386e+04 1.95255e-12 +0.00000e+00
 1.38950e-04 4.00404e+04 2.39821e-12 +0.00000e+00
 1.73020e-04 4.05233e+04 2.94672e-12 +0.00000e+00
 2.15443e-04 4.09950e+04 3.62113e-12 +0.00000e+00
 2.68270e-04 4.14653e+04 4.44902e-12 +0.00000e+00
 3.34048e-04 4.19412e+04 5.46380e-12 +0.00000e+00
 4.15956e-04 4.24224e+04 6.70652e-12 +0.00000e+00
 5.17947e-04 4.29009e+04 8.22824e-12 +0.00000e+00
 6.44947e-04 4.33620e+04 1.00928e-11 +0.00000e+00
 8.03086e-04 4.37918e+04 1.23785e-11 +0.00000e+00
 1.00000e-03 4.41827e+04 1.51793e-11 +0.00000e+00
 1.24520e-03 4.45336e+04 1.86061e-11 -2.54660e-07
 1.55052e-03 4.48462e+04 2.27893e-11 -3.17101e-07
 1.93070e-03 4.51241e+04 2.78803e-11 -3.94855e-07
 2.40410e-03 4.53723e+04 3.40529e-11 -4.91671e-07
 2.99358e-03 4.55976e+04 4.15033e-11 -6.12228e-07
 3.72759e-03 4.58072e+04 5.04518e-11 -7.62343e-07
 4.64159e-03 4.60074e+04 6.11425e-11 -9.49268e-07
 5.77969e-03 4.62032e+04 7.38446e-11 -1.18203e-06
 7.19686e-03 4.63986e+04 8.88543e-11 -1.47186e-06
 8.96151e-03 4.65976e+04 1.06489e-10 -1.83275e-06
 1.11588e-02 4.68044e+04 1.27090e-10 -2.28213e-06
 1.38950e-02 4.70244e+04 1.51023e-10 -2.84171e-06
 1.73020e-02 4.72634e+04 1.78677e-10 -3.53848e-06
 2.15443e-02 4.75276e+04 2.10463e-10 -4.40612e-06
 2.68270e-02 4.78230e+04 2.46823e-10 -5.48648e-06
 3.34048e-02 4.81557e+04 2.88235e-10 -6.83174e-06
 4.15956e-02 4.85316e+04 3.35218e-10 -8.50687e-06
 5.17947e-02 4.89567e+04 3.88337e-10 -1.05927e-05
 6.44947e-02 4.94369e+04 4.48224e-10 -1.31901e-05
 8.03086e-02 4.99771e+04 5.15587e-10 -1.64242e-05
 1.00000e-01 5.05804e+04 5.91242e-10 -2.04514e-05
 1.24520e-01 5.12487e+04 6.76119e-10 -2.54660e-05
 1.55052e-01 5.19863e+04 7.71244e-10 -3.17101e-05
 1.93070e-01 5.27977e+04 8.77764e-10 -3.94855e-05
 2.40410e-01 5.36969e+04 9.96839e-10 -4.91671e-05
 2.99358e-01 5.46701e+04 1.13028e-09 -6.12228e-05
 3.72759e-01 5.56946e+04 1.28034e-09 -7.62343e-05
 4.64159e-01 5.66532e+04 1.45156e-09 -9.49268e-05
 5.77969e-01 5.76159e+04 1.64451e-09 -1.18203e-04
 7.19686e-01 5.86888e+04 1.85902e-09 -1.47186e-04
 8.96151e-01 5.96960e+04 2.10300e-09 -1.83275e-04
 1.11588e+00 6.08279e+04 2.37346e-09 -2.28213e-04
 1.38950e+00 6.20244e+04 2.67615e-09 -2.84171e-04
 1.73020e+00 6.32757e+04 3.01527e-09 -3.53848e-04
 2.15443e+00 6.47945e+04 3.38615e-09 -4.40612e-04
 2.68270e+00 6.63264e+04 3.80629e-09 -5.48651e-04
 3.34048e+00 6.79002e+04 4.27963e-09 -6.13541e-04
 4.15956e+00 6.95544e+04 4.80972e-09 -6.13542e-04
 5.17947e+00 7.16997e+04 5.38028e-09 -6.13541e-04
 6.44947e+00 7.30429e+04 6.08563e-09 -6.13541e-04
 8.03086e+00 7.55723e+04 6.78427e-09 -6.13541e-04
 1.00000e+01 7.75365e+04 7.63353e-09 -6.13541e-04
 1.24520e+01 7.99132e+04 8.55463e-09 -6.13541e-04
 1.55052e+01 8.22660e+04 9.60363e-09 -6.13541e-04
 1.93070e+01 8.52350e+04 1.07305e-08 -6.13541e-04
 2.40410e+01 8.73778e+04 1.21125e-08 -6.13541e-04
 2.99358e+01 9.12783e+04 1.34528e-08 -6.13541e-04
 3.72759e+01 9.32382e+04 1.52641e-08 -6.13541e-04
 4.64159e+01 9.76293e+04 1.69277e-08 -6.13541e-04
 5.77969e+01 1.00188e+05 1.91528e-08 -6.13541e-04
 7.19686e+01 1.04256e+05 2.13792e-08 -6.13541e-04
 8.96151e+01 1.07837e+05 2.40287e-08 -6.13541e-04
 1.11588e+02 1.11755e+05 2.69589e-08 -6.13541e-04
 1.38950e+02 1.15931e+05 3.02355e-08 -6.13541e-04
 1.73020e+02 1.20116e+05 3.39577e-08 -6.13539e-04
 2.15443e+02 1.24788e+05 3.80598e-08 -6.13536e-04
 2.68270e+02 1.29231e+05 4.27904e-08 -6.13525e-04
 3.34048e+02 1.34495e+05 4.79071e-08 -6.13494e-04
 4.15956e+02 1.39317e+05 5.38880e-08 -6.13385e-04
 5.17947e+02 1.45003e+05 6.03521e-08 -6.13104e-04
 6.44947e+02 1.50394e+05 6.78408e-08 -6.12139e-04
 8.03086e+02 1.56204e+05 7.61469e-08 -6.09297e-04
 1.00000e+03 1.62090e+05 8.55539e-08 -6.00404e-04
