#n1=128 n2=4 Teff=60000 R=6.7375e+11 L=4.1907e+39 logg=+4.50
#   tau          T          rho         Fconv
 0.00000e+00 3.89620e+04 1.84564e-22 +0.00000e+00
 1.00000e-09 3.89620e+04 1.66208e-17 +0.00000e+00
 1.24520e-09 3.81160e+04 2.11579e-17 +0.00000e+00
 1.55052e-09 3.72868e+04 2.69346e-17 +0.00000e+00
 1.93070e-09 3.69303e+04 3.38663e-17 +0.00000e+00
 2.40410e-09 3.65770e+04 4.25823e-17 +0.00000e+00
 2.99358e-09 3.63098e+04 5.34194e-17 +0.00000e+00
 3.72759e-09 3.61204e+04 6.68737e-17 +0.00000e+00
 4.64159e-09 3.59782e+04 8.36089e-17 +0.00000e+00
 5.77969e-09 3.58650e+04 1.04449e-16 +0.00000e+00
 7.19686e-09 3.57689e+04 1.30423e-16 +0.00000e+00
 8.96151e-09 3.56812e+04 1.62819e-16 +0.00000e+00
 1.11588e-08 3.55940e+04 2.03260e-16 +0.00000e+00
 1.38950e-08 3.54977e+04 2.53811e-16 +0.00000e+00
 1.73020e-08 3.53798e+04 3.17132e-16 +0.00000e+00
 2.15443e-08 3.52153e+04 3.96777e-16 +0.00000e+00
 2.68270e-08 3.49700e+04 4.97583e-16 +0.00000e+00
 3.34048e-08 3.46007e+04 6.26265e-16 +0.00000e+00
 4.15956e-08 3.42050e+04 7.88924e-16 +0.00000e+00
 5.17947e-08 3.38855e+04 9.91728e-16 +0.00000e+00
 6.44947e-08 3.36603e+04 1.24329e-15 +0.00000e+00
 8.03086e-08 3.35087e+04 1.55529e-15 +0.00000e+00
 1.00000e-07 3.34077e+04 1.94269e-15 +0.00000e+00
 1.24520e-07 3.33429e+04 2.42397e-15 +0.00000e+00
 1.55052e-07 3.33044e+04 3.02210e-15 +0.00000e+00
 1.93070e-07 3.32851e+04 3.76566e-15 +0.00000e+00
 2.40410e-07 3.32817e+04 4.68990e-15 +0.00000e+00
 2.99358e-07 3.32917e+04 5.83864e-15 +0.00000e+00
 3.72759e-07 3.33134e+04 7.26620e-15 +0.00000e+00
 4.64159e-07 3.33456e+04 9.03994e-15 +0.00000e+00
 5.77969e-07 3.33874e+04 1.12434e-14 +0.00000e+00
 7.19686e-07 3.34383e+04 1.39802e-14 +0.00000e+00
 8.96151e-07 3.34978e+04 1.73787e-14 +0.00000e+00
 1.11588e-06 3.35653e+04 2.15981e-14 +0.00000e+00
 1.38950e-06 3.36406e+04 2.68359e-14 +0.00000e+00
 1.73020e-06 3.37233e+04 3.33366e-14 +0.00000e+00
 2.15443e-06 3.38129e+04 4.14036e-14 +0.00000e+00
 2.68270e-06 3.39090e+04 5.14130e-14 +0.00000e+00
 3.34048e-06 3.40112e+04 6.38307e-14 +0.00000e+00
 4.15956e-06 3.41190e+04 7.92345e-14 +0.00000e+00
 5.17947e-06 3.42321e+04 9.83404e-14 +0.00000e+00
 6.44947e-06 3.43501e+04 1.22036e-13 +0.00000e+00
 8.03086e-06 3.44725e+04 1.51420e-13 +0.00000e+00
 1.00000e-05 3.45991e+04 1.87855e-13 +0.00000e+00
 1.24520e-05 3.47296e+04 2.33028e-13 +0.00000e+00
 1.55052e-05 3.48638e+04 2.89028e-13 +0.00000e+00
 1.93070e-05 3.50017e+04 3.58438e-13 +0.00000e+00
 2.40410e-05 3.51432e+04 4.44456e-13 +0.00000e+00
 2.99358e-05 3.52887e+04 5.51028e-13 +0.00000e+00
 3.72759e-05 3.54387e+04 6.83029e-13 +0.00000e+00
 4.64159e-05 3.55937e+04 8.46464e-13 +0.00000e+00
 5.77969e-05 3.57549e+04 1.04872e-12 +0.00000e+00
 7.19686e-05 3.59234e+04 1.29888e-12 +0.00000e+00
 8.96151e-05 3.61010e+04 1.60805e-12 +0.00000e+00
 1.11588e-04 3.62895e+04 1.98983e-12 +0.00000e+00
 1.38950e-04 3.64908e+04 2.46079e-12 +0.00000e+00
 1.73020e-04 3.67072e+04 3.04106e-12 +0.00000e+00
 2.15443e-04 3.69411e+04 3.75500e-12 +0.00000e+00
 2.68270e-04 3.71951e+04 4.63199e-12 +0.00000e+00
 3.34048e-04 3.74720e+04 5.70719e-12 +0.00000e+00
 4.15956e-04 3.77755e+04 7.02246e-12 +0.00000e+00
 5.17947e-04 3.81088e+04 8.62728e-12 +0.00000e+00
 6.44947e-04 3.84755e+04 1.05798e-11 +0.00000e+00
 8.03086e-04 3.88773e+04 1.29482e-11 +0.00000e+00
 1.00000e-03 3.93119e+04 1.58133e-11 +0.00000e+00
 1.24520e-03 3.97700e+04 1.92721e-11 -2.54632e-07
 1.55052e-03 4.02340e+04 2.34433e-11 -3.17066e-07
 1.93070e-03 4.06822e+04 2.84710e-11 -3.94809e-07
 2.40410e-03 4.10974e+04 3.45237e-11 -4.91616e-07
 2.99358e-03 4.14732e+04 4.17914e-11 -6.12160e-07
 3.72759e-03 4.18127e+04 5.04808e-11 -7.62259e-07
 4.64159e-03 4.21237e+04 6.08165e-11 -9.49162e-07
 5.77969e-03 4.24148e+04 7.30426e-11 -1.18190e-06
 7.19686e-03 4.26952e+04 8.74225e-11 -1.47170e-06
 8.96151e-03 4.29641e+04 1.04257e-10 -1.83255e-06
 1.11588e-02 4.32282e+04 1.23859e-10 -2.28188e-06
 1.38950e-02 4.34928e+04 1.46567e-10 -2.84139e-06
 1.73020e-02 4.37622e+04 1.72748e-10 -3.53809e-06
 2.15443e-02 4.40404e+04 2.02799e-10 -4.40562e-06
 2.68270e-02 4.43310e+04 2.37148e-10 -5.48587e-06
 3.34048e-02 4.46379e+04 2.76266e-10 -6.83099e-06
 4.15956e-02 4.49647e+04 3.20662e-10 -8.50592e-06
 5.17947e-02 4.53162e+04 3.70896e-10 -1.05915e-05
 6.44947e-02 4.56956e+04 4.27592e-10 -1.31886e-05
 8.03086e-02 4.61086e+04 4.91431e-10 -1.64224e-05
 1.00000e-01 4.65604e+04 5.63167e-10 -2.04491e-05
 1.24520e-01 4.70494e+04 6.43723e-10 -2.54632e-05
 1.55052e-01 4.75988e+04 7.33819e-10 -3.17066e-05
 1.93070e-01 4.82039e+04 8.34649e-10 -3.94809e-05
 2.40410e-01 4.88668e+04 9.47461e-10 -4.91616e-05
 2.99358e-01 4.95878e+04 1.07369e-09 -6.12160e-05
 3.72759e-01 5.03735e+04 1.21486e-09 -7.62259e-05
 4.64159e-01 5.11765e+04 1.37385e-09 -9.49162e-05
 5.77969e-01 5.20646e+04 1.55103e-09 -1.18190e-04
 7.19686e-01 5.30501e+04 1.74847e-09 -1.47170e-04
 8.96151e-01 5.40309e+04 1.97188e-09 -1.83255e-04
 1.11588e+00 5.50655e+04 2.22228e-09 -2.28188e-04
 1.38950e+00 5.61277e+04 2.50394e-09 -2.84139e-04
 1.73020e+00 5.72466e+04 2.81922e-09 -3.53813e-04
 2.15443e+00 5.86110e+04 3.16394e-09 -4.40565e-04
 2.68270e+00 6.00117e+04 3.55342e-09 -5.48588e-04
 3.34048e+00 6.14786e+04 3.99122e-09 -6.13473e-04
 4.15956e+00 6.30239e+04 4.48205e-09 -6.13473e-04
 5.17947e+00 6.50028e+04 5.01186e-09 -6.13472e-04
 6.44947e+00 6.63463e+04 5.66109e-09 -6.13472e-04
 8.03086e+00 6.86985e+04 6.31131e-09 -6.13473e-04
 1.00000e+01 7.06053e+04 7.09679e-09 -6.13473e-04
 1.24520e+01 7.28709e+04 7.95254e-09 -6.13473e-04
 1.55052e+01 7.51322e+04 8.92731e-09 -6.13473e-04
 1.93070e+01 7.78873e+04 9.98390e-09 -6.13473e-04
 2.40410e+01 7.99781e+04 1.12681e-08 -6.13473e-04
 2.99358e+01 8.34804e+04 1.25404e-08 -6.13473e-04
 3.72759e+01 8.54460e+04 1.42185e-08 -6.13473e-04
 4.64159e+01 8.93633e+04 1.58036e-08 -6.13472e-04
 5.77969e+01 9.18447e+04 1.78723e-08 -6.13472e-04
 7.19686e+01 9.55416e+04 1.99770e-08 -6.13472e-04
 8.96151e+01 9.88788e+04 2.24599e-08 -6.13472e-04
 1.11588e+02 1.02492e+05 2.52150e-08 -6.13472e-04
 1.38950e+02 1.06332e+05 2.82975e-08 -6.13469e-04
 1.73020e+02 1.10163e+05 3.18020e-08 -6.13461e-04
 2.15443e+02 1.14419e+05 3.56688e-08 -6.13439e-04
 2.68270e+02 1.18416e+05 4.01397e-08 -6.13362e-04
 3.34048e+02 1.23110e+05 4.49831e-08 -6.13154e-04
 4.15956e+02 1.27333e+05 5.06560e-08 -6.12371e-04
 5.17947e+02 1.32272e+05 5.68002e-08 -6.10241e-04
 6.44947e+02 1.36905e+05 6.39088e-08 -6.02734e-04
 8.03086e+02 1.41882e+05 7.17866e-08 -5.79906e-04
 1.00000e+03 1.47034e+05 8.06318e-08 -5.10250e-04
