#n1=128 n2=4 Teff=61000 R=6.8494e+11 L=4.6278e+39 logg=+4.50
#   tau          T          rho         Fconv
 0.00000e+00 4.32150e+04 1.66366e-22 +0.00000e+00
 1.00000e-09 4.32150e+04 1.49676e-17 +0.00000e+00
 1.24520e-09 4.32739e+04 1.86144e-17 +0.00000e+00
 1.55052e-09 4.33375e+04 2.31474e-17 +0.00000e+00
 1.93070e-09 4.34039e+04 2.87824e-17 +0.00000e+00
 2.40410e-09 4.34713e+04 3.57886e-17 +0.00000e+00
 2.99358e-09 4.35378e+04 4.45011e-17 +0.00000e+00
 3.72759e-09 4.36020e+04 5.53378e-17 +0.00000e+00
 4.64159e-09 4.36622e+04 6.88198e-17 +0.00000e+00
 5.77969e-09 4.37170e+04 8.55974e-17 +0.00000e+00
 7.19686e-09 4.37645e+04 1.06483e-16 +0.00000e+00
 8.96151e-09 4.38031e+04 1.32491e-16 +0.00000e+00
 1.11588e-08 4.38307e+04 1.64895e-16 +0.00000e+00
 1.38950e-08 4.38445e+04 2.05287e-16 +0.00000e+00
 1.73020e-08 4.38411e+04 2.55674e-16 +0.00000e+00
 2.15443e-08 4.38149e+04 3.18594e-16 +0.00000e+00
 2.68270e-08 4.37565e+04 3.97290e-16 +0.00000e+00
 3.34048e-08 4.36480e+04 4.95995e-16 +0.00000e+00
 4.15956e-08 4.34504e+04 6.20496e-16 +0.00000e+00
 5.17947e-08 4.30805e+04 7.79370e-16 +0.00000e+00
 6.44947e-08 4.23893e+04 9.86416e-16 +0.00000e+00
 8.03086e-08 4.16287e+04 1.25088e-15 +0.00000e+00
 1.00000e-07 4.10767e+04 1.57870e-15 +0.00000e+00
 1.24520e-07 4.07325e+04 1.98265e-15 +0.00000e+00
 1.55052e-07 4.05027e+04 2.48309e-15 +0.00000e+00
 1.93070e-07 4.03262e+04 3.10583e-15 +0.00000e+00
 2.40410e-07 4.01845e+04 3.88145e-15 +0.00000e+00
 2.99358e-07 4.00631e+04 4.84838e-15 +0.00000e+00
 3.72759e-07 3.99512e+04 6.05478e-15 +0.00000e+00
 4.64159e-07 3.98392e+04 7.56143e-15 +0.00000e+00
 5.77969e-07 3.97163e+04 9.44563e-15 +0.00000e+00
 7.19686e-07 3.95688e+04 1.18068e-14 +0.00000e+00
 8.96151e-07 3.93682e+04 1.47782e-14 +0.00000e+00
 1.11588e-06 3.91076e+04 1.85264e-14 +0.00000e+00
 1.38950e-06 3.87761e+04 2.32686e-14 +0.00000e+00
 1.73020e-06 3.84192e+04 2.92459e-14 +0.00000e+00
 2.15443e-06 3.81108e+04 3.67150e-14 +0.00000e+00
 2.68270e-06 3.78869e+04 4.59914e-14 +0.00000e+00
 3.34048e-06 3.77410e+04 5.74942e-14 +0.00000e+00
 4.15956e-06 3.76543e+04 7.17614e-14 +0.00000e+00
 5.17947e-06 3.76104e+04 8.94667e-14 +0.00000e+00
 6.44947e-06 3.75990e+04 1.11443e-13 +0.00000e+00
 8.03086e-06 3.76120e+04 1.38724e-13 +0.00000e+00
 1.00000e-05 3.76456e+04 1.72587e-13 +0.00000e+00
 1.24520e-05 3.76971e+04 2.14609e-13 +0.00000e+00
 1.55052e-05 3.77641e+04 2.66745e-13 +0.00000e+00
 1.93070e-05 3.78452e+04 3.31414e-13 +0.00000e+00
 2.40410e-05 3.79391e+04 4.11605e-13 +0.00000e+00
 2.99358e-05 3.80448e+04 5.11016e-13 +0.00000e+00
 3.72759e-05 3.81615e+04 6.34217e-13 +0.00000e+00
 4.64159e-05 3.82885e+04 7.86853e-13 +0.00000e+00
 5.77969e-05 3.84250e+04 9.75890e-13 +0.00000e+00
 7.19686e-05 3.85705e+04 1.20992e-12 +0.00000e+00
 8.96151e-05 3.87245e+04 1.49954e-12 +0.00000e+00
 1.11588e-04 3.88864e+04 1.85779e-12 +0.00000e+00
 1.38950e-04 3.90557e+04 2.30068e-12 +0.00000e+00
 1.73020e-04 3.92319e+04 2.84788e-12 +0.00000e+00
 2.15443e-04 3.94147e+04 3.52345e-12 +0.00000e+00
 2.68270e-04 3.96035e+04 4.35681e-12 +0.00000e+00
 3.34048e-04 3.97980e+04 5.38374e-12 +0.00000e+00
 4.15956e-04 3.99977e+04 6.64766e-12 +0.00000e+00
 5.17947e-04 4.02021e+04 8.20097e-12 +0.00000e+00
 6.44947e-04 4.04109e+04 1.01066e-11 +0.00000e+00
 8.03086e-04 4.06235e+04 1.24394e-11 +0.00000e+00
 1.00000e-03 4.08392e+04 1.52883e-11 +0.00000e+00
 1.24520e-03 4.10576e+04 1.87571e-11 -2.54593e-07
 1.55052e-03 4.12780e+04 2.29665e-11 -3.17019e-07
 1.93070e-03 4.14996e+04 2.80557e-11 -3.94750e-07
 2.40410e-03 4.17216e+04 3.41828e-11 -4.91541e-07
 2.99358e-03 4.19433e+04 4.15280e-11 -6.12066e-07
 3.72759e-03 4.21639e+04 5.02924e-11 -7.62144e-07
 4.64159e-03 4.23825e+04 6.07005e-11 -9.49018e-07
 5.77969e-03 4.25985e+04 7.30004e-11 -1.18171e-06
 7.19686e-03 4.28116e+04 8.74654e-11 -1.47147e-06
 8.96151e-03 4.30214e+04 1.04393e-10 -1.83227e-06
 1.11588e-02 4.32287e+04 1.24104e-10 -2.28153e-06
 1.38950e-02 4.34344e+04 1.46951e-10 -2.84096e-06
 1.73020e-02 4.36389e+04 1.73317e-10 -3.53756e-06
 2.15443e-02 4.38460e+04 2.03602e-10 -4.40495e-06
 2.68270e-02 4.40572e+04 2.38250e-10 -5.48503e-06
 3.34048e-02 4.42752e+04 2.77741e-10 -6.82995e-06
 4.15956e-02 4.45033e+04 3.22595e-10 -8.50463e-06
 5.17947e-02 4.47441e+04 3.73386e-10 -1.05899e-05
 6.44947e-02 4.50063e+04 4.30701e-10 -1.31865e-05
 8.03086e-02 4.52927e+04 4.95240e-10 -1.64199e-05
 1.00000e-01 4.56097e+04 5.67741e-10 -2.04459e-05
 1.24520e-01 4.59643e+04 6.49018e-10 -2.54593e-05
 1.55052e-01 4.63641e+04 7.39968e-10 -3.17019e-05
 1.93070e-01 4.68174e+04 8.41586e-10 -3.94750e-05
 2.40410e-01 4.73325e+04 9.54977e-10 -4.91541e-05
 2.99358e-01 4.79178e+04 1.08139e-09 -6.12066e-05
 3.72759e-01 4.85805e+04 1.22225e-09 -7.62144e-05
 4.64159e-01 4.93247e+04 1.37924e-09 -9.49018e-05
 5.77969e-01 5.01578e+04 1.55420e-09 -1.18171e-04
 7.19686e-01 5.10873e+04 1.74921e-09 -1.47147e-04
 8.96151e-01 5.21023e+04 1.96720e-09 -1.83227e-04
 1.11588e+00 5.32057e+04 2.21100e-09 -2.28153e-04
 1.38950e+00 5.43989e+04 2.48388e-09 -2.84096e-04
 1.73020e+00 5.56921e+04 2.78910e-09 -3.53757e-04
 2.15443e+00 5.71294e+04 3.12892e-09 -4.40495e-04
 2.68270e+00 5.86606e+04 3.51068e-09 -5.48504e-04
 3.34048e+00 6.02812e+04 3.93992e-09 -6.13380e-04
 4.15956e+00 6.20054e+04 4.42158e-09 -6.13380e-04
 5.17947e+00 6.39407e+04 4.95610e-09 -6.13380e-04
 6.44947e+00 6.57482e+04 5.57417e-09 -6.13380e-04
 8.03086e+00 6.79722e+04 6.24257e-09 -6.13380e-04
 1.00000e+01 7.01341e+04 7.01145e-09 -6.13380e-04
 1.24520e+01 7.24814e+04 7.86847e-09 -6.13380e-04
 1.55052e+01 7.49160e+04 8.83582e-09 -6.13380e-04
 1.93070e+01 7.75398e+04 9.91613e-09 -6.13380e-04
 2.40410e+01 8.01121e+04 1.11519e-08 -6.13380e-04
 2.99358e+01 8.30424e+04 1.25087e-08 -6.13380e-04
 3.72759e+01 8.58101e+04 1.40768e-08 -6.13380e-04
 4.64159e+01 8.90113e+04 1.57883e-08 -6.13380e-04
 5.77969e+01 9.20694e+04 1.77618e-08 -6.13380e-04
 7.19686e+01 9.54805e+04 1.99349e-08 -6.13380e-04
 8.96151e+01 9.89294e+04 2.24010e-08 -6.13378e-04
 1.11588e+02 1.02562e+05 2.51609e-08 -6.13378e-04
 1.38950e+02 1.06380e+05 2.82557e-08 -6.13376e-04
 1.73020e+02 1.10290e+05 3.17472e-08 -6.13367e-04
 2.15443e+02 1.14477e+05 3.56394e-08 -6.13341e-04
 2.68270e+02 1.18637e+05 4.00687e-08 -6.13257e-04
 3.34048e+02 1.23185e+05 4.49676e-08 -6.13014e-04
 4.15956e+02 1.27610e+05 5.05761e-08 -6.12185e-04
 5.17947e+02 1.32416e+05 5.67825e-08 -6.09725e-04
 6.44947e+02 1.37164e+05 6.38492e-08 -6.01573e-04
 8.03086e+02 1.42122e+05 7.17472e-08 -5.76170e-04
 1.00000e+03 1.47315e+05 8.05812e-08 -4.99868e-04
