#n1=128 n2=4 Teff=62000 R=6.9626e+11 L=5.1019e+39 logg=+4.50
#   tau          T          rho         Fconv
 0.00000e+00 3.02193e+04 2.46080e-22 +0.00000e+00
 1.00000e-09 3.02193e+04 2.28782e-17 +0.00000e+00
 1.24520e-09 2.99979e+04 2.87017e-17 +0.00000e+00
 1.55052e-09 2.98626e+04 3.59056e-17 +0.00000e+00
 1.93070e-09 2.97848e+04 4.48318e-17 +0.00000e+00
 2.40410e-09 2.97438e+04 5.59083e-17 +0.00000e+00
 2.99358e-09 2.97278e+04 6.96630e-17 +0.00000e+00
 3.72759e-09 2.97295e+04 8.67502e-17 +0.00000e+00
 4.64159e-09 2.97443e+04 1.07981e-16 +0.00000e+00
 5.77969e-09 2.97704e+04 1.34357e-16 +0.00000e+00
 7.19686e-09 2.98067e+04 1.67119e-16 +0.00000e+00
 8.96151e-09 2.98523e+04 2.07806e-16 +0.00000e+00
 1.11588e-08 2.99068e+04 2.58323e-16 +0.00000e+00
 1.38950e-08 2.99698e+04 3.21031e-16 +0.00000e+00
 1.73020e-08 3.00409e+04 3.98856e-16 +0.00000e+00
 2.15443e-08 3.01199e+04 4.95420e-16 +0.00000e+00
 2.68270e-08 3.02066e+04 6.15213e-16 +0.00000e+00
 3.34048e-08 3.03006e+04 7.63791e-16 +0.00000e+00
 4.15956e-08 3.04018e+04 9.48037e-16 +0.00000e+00
 5.17947e-08 3.05100e+04 1.17647e-15 +0.00000e+00
 6.44947e-08 3.06250e+04 1.45964e-15 +0.00000e+00
 8.03086e-08 3.07468e+04 1.81058e-15 +0.00000e+00
 1.00000e-07 3.08754e+04 2.24544e-15 +0.00000e+00
 1.24520e-07 3.10107e+04 2.78418e-15 +0.00000e+00
 1.55052e-07 3.11531e+04 3.45146e-15 +0.00000e+00
 1.93070e-07 3.13027e+04 4.27775e-15 +0.00000e+00
 2.40410e-07 3.14600e+04 5.30065e-15 +0.00000e+00
 2.99358e-07 3.16256e+04 6.56658e-15 +0.00000e+00
 3.72759e-07 3.18003e+04 8.13272e-15 +0.00000e+00
 4.64159e-07 3.19850e+04 1.00695e-14 +0.00000e+00
 5.77969e-07 3.21811e+04 1.24634e-14 +0.00000e+00
 7.19686e-07 3.23901e+04 1.54208e-14 +0.00000e+00
 8.96151e-07 3.26137e+04 1.90721e-14 +0.00000e+00
 1.11588e-06 3.28539e+04 2.35769e-14 +0.00000e+00
 1.38950e-06 3.31130e+04 2.91304e-14 +0.00000e+00
 1.73020e-06 3.33930e+04 3.59714e-14 +0.00000e+00
 2.15443e-06 3.36956e+04 4.43916e-14 +0.00000e+00
 2.68270e-06 3.40213e+04 5.47495e-14 +0.00000e+00
 3.34048e-06 3.43717e+04 6.74808e-14 +0.00000e+00
 4.15956e-06 3.47468e+04 8.31208e-14 +0.00000e+00
 5.17947e-06 3.51470e+04 1.02323e-13 +0.00000e+00
 6.44947e-06 3.55723e+04 1.25886e-13 +0.00000e+00
 8.03086e-06 3.60118e+04 1.54833e-13 +0.00000e+00
 1.00000e-05 3.64548e+04 1.90444e-13 +0.00000e+00
 1.24520e-05 3.68923e+04 2.34309e-13 +0.00000e+00
 1.55052e-05 3.73272e+04 2.88332e-13 +0.00000e+00
 1.93070e-05 3.77727e+04 3.54748e-13 +0.00000e+00
 2.40410e-05 3.82433e+04 4.36221e-13 +0.00000e+00
 2.99358e-05 3.87454e+04 5.36026e-13 +0.00000e+00
 3.72759e-05 3.92752e+04 6.58274e-13 +0.00000e+00
 4.64159e-05 3.98218e+04 8.08156e-13 +0.00000e+00
 5.77969e-05 4.03710e+04 9.92215e-13 +0.00000e+00
 7.19686e-05 4.09088e+04 1.21864e-12 +0.00000e+00
 8.96151e-05 4.14265e+04 1.49756e-12 +0.00000e+00
 1.11588e-04 4.19244e+04 1.84122e-12 +0.00000e+00
 1.38950e-04 4.24112e+04 2.26427e-12 +0.00000e+00
 1.73020e-04 4.28982e+04 2.78428e-12 +0.00000e+00
 2.15443e-04 4.33930e+04 3.42266e-12 +0.00000e+00
 2.68270e-04 4.38979e+04 4.20566e-12 +0.00000e+00
 3.34048e-04 4.44109e+04 5.16558e-12 +0.00000e+00
 4.15956e-04 4.49268e+04 6.34212e-12 +0.00000e+00
 5.17947e-04 4.54384e+04 7.78408e-12 +0.00000e+00
 6.44947e-04 4.59352e+04 9.55178e-12 +0.00000e+00
 8.03086e-04 4.64068e+04 1.17191e-11 +0.00000e+00
 1.00000e-03 4.68459e+04 1.43753e-11 +0.00000e+00
 1.24520e-03 4.72479e+04 1.76277e-11 -2.54667e-07
 1.55052e-03 4.76104e+04 2.16040e-11 -3.17111e-07
 1.93070e-03 4.79331e+04 2.64545e-11 -3.94866e-07
 2.40410e-03 4.82183e+04 3.23539e-11 -4.91686e-07
 2.99358e-03 4.84714e+04 3.95013e-11 -6.12247e-07
 3.72759e-03 4.86997e+04 4.81217e-11 -7.62368e-07
 4.64159e-03 4.89115e+04 5.84652e-11 -9.49298e-07
 5.77969e-03 4.91141e+04 7.08085e-11 -1.18206e-06
 7.19686e-03 4.93135e+04 8.54566e-11 -1.47190e-06
 8.96151e-03 4.95156e+04 1.02737e-10 -1.83281e-06
 1.11588e-02 4.97257e+04 1.23003e-10 -2.28220e-06
 1.38950e-02 4.99498e+04 1.46634e-10 -2.84179e-06
 1.73020e-02 5.01944e+04 1.74030e-10 -3.53860e-06
 2.15443e-02 5.04661e+04 2.05620e-10 -4.40625e-06
 2.68270e-02 5.07715e+04 2.41859e-10 -5.48665e-06
 3.34048e-02 5.11175e+04 2.83235e-10 -6.83196e-06
 4.15956e-02 5.15110e+04 3.30274e-10 -8.50714e-06
 5.17947e-02 5.19587e+04 3.83551e-10 -1.05931e-05
 6.44947e-02 5.24674e+04 4.43699e-10 -1.31905e-05
 8.03086e-02 5.30425e+04 5.11431e-10 -1.64247e-05
 1.00000e-01 5.36874e+04 5.87567e-10 -2.04520e-05
 1.24520e-01 5.44047e+04 6.73041e-10 -2.54667e-05
 1.55052e-01 5.51919e+04 7.68970e-10 -3.17111e-05
 1.93070e-01 5.60440e+04 8.76658e-10 -3.94866e-05
 2.40410e-01 5.69530e+04 9.97628e-10 -4.91686e-05
 2.99358e-01 5.79102e+04 1.13361e-09 -6.12247e-05
 3.72759e-01 5.89265e+04 1.28624e-09 -7.62368e-05
 4.64159e-01 5.99058e+04 1.45947e-09 -9.49298e-05
 5.77969e-01 6.09740e+04 1.65272e-09 -1.18206e-04
 7.19686e-01 6.21445e+04 1.86827e-09 -1.47190e-04
 8.96151e-01 6.32638e+04 2.11320e-09 -1.83281e-04
 1.11588e+00 6.44591e+04 2.38682e-09 -2.28220e-04
 1.38950e+00 6.56873e+04 2.69421e-09 -2.84179e-04
 1.73020e+00 6.69657e+04 3.03855e-09 -3.53860e-04
 2.15443e+00 6.85294e+04 3.41465e-09 -4.40625e-04
 2.68270e+00 7.01234e+04 3.83949e-09 -5.48669e-04
 3.34048e+00 7.17743e+04 4.31728e-09 -6.13561e-04
 4.15956e+00 7.35249e+04 4.85145e-09 -6.13560e-04
 5.17947e+00 7.58236e+04 5.42462e-09 -6.13561e-04
 6.44947e+00 7.73044e+04 6.13212e-09 -6.13560e-04
 8.03086e+00 8.00622e+04 6.83188e-09 -6.13560e-04
 1.00000e+01 8.22479e+04 7.68220e-09 -6.13560e-04
 1.24520e+01 8.48734e+04 8.60583e-09 -6.13560e-04
 1.55052e+01 8.74794e+04 9.65883e-09 -6.13560e-04
 1.93070e+01 9.07148e+04 1.07940e-08 -6.13560e-04
 2.40410e+01 9.30517e+04 1.21883e-08 -6.13560e-04
 2.99358e+01 9.72487e+04 1.35429e-08 -6.13560e-04
 3.72759e+01 9.93593e+04 1.53739e-08 -6.13560e-04
 4.64159e+01 1.04064e+05 1.70552e-08 -6.13560e-04
 5.77969e+01 1.06815e+05 1.93018e-08 -6.13560e-04
 7.19686e+01 1.11175e+05 2.15512e-08 -6.13560e-04
 8.96151e+01 1.15028e+05 2.42241e-08 -6.13560e-04
 1.11588e+02 1.19257e+05 2.71780e-08 -6.13560e-04
 1.38950e+02 1.23756e+05 3.04822e-08 -6.13560e-04
 1.73020e+02 1.28311e+05 3.42267e-08 -6.13559e-04
 2.15443e+02 1.33344e+05 3.83656e-08 -6.13558e-04
 2.68270e+02 1.38248e+05 4.31103e-08 -6.13552e-04
 3.34048e+02 1.43859e+05 4.82953e-08 -6.13536e-04
 4.15956e+02 1.49128e+05 5.43116e-08 -6.13481e-04
 5.17947e+02 1.55049e+05 6.09070e-08 -6.13329e-04
 6.44947e+02 1.60691e+05 6.85142e-08 -6.12798e-04
 8.03086e+02 1.66547e+05 7.70380e-08 -6.11093e-04
 1.00000e+03 1.72363e+05 8.67103e-08 -6.05239e-04
