#n1=128 n2=4 Teff=64000 R=7.1872e+11 L=6.1724e+39 logg=+4.50
#      tau          T          rho         Fconv
  0.00000e+00  3.07222e+04  2.39097e-22 +0.00000e+00
  1.00000e-09  3.07222e+04  2.19744e-17 +0.00000e+00
  1.24520e-09  3.05030e+04  2.75621e-17 +0.00000e+00
  1.55052e-09  3.03020e+04  3.45518e-17 +0.00000e+00
  1.93070e-09  3.01472e+04  4.32494e-17 +0.00000e+00
  2.40410e-09  3.00337e+04  5.40636e-17 +0.00000e+00
  2.99358e-09  2.99615e+04  6.74895e-17 +0.00000e+00
  3.72759e-09  2.99325e+04  8.41283e-17 +0.00000e+00
  4.64159e-09  2.99307e+04  1.04774e-16 +0.00000e+00
  5.77969e-09  2.99507e+04  1.30392e-16 +0.00000e+00
  7.19686e-09  2.99880e+04  1.62179e-16 +0.00000e+00
  8.96151e-09  3.00350e+04  2.01651e-16 +0.00000e+00
  1.11588e-08  3.00920e+04  2.50648e-16 +0.00000e+00
  1.38950e-08  3.01578e+04  3.11460e-16 +0.00000e+00
  1.73020e-08  3.02317e+04  3.86925e-16 +0.00000e+00
  2.15443e-08  3.03132e+04  4.80557e-16 +0.00000e+00
  2.68270e-08  3.04019e+04  5.96711e-16 +0.00000e+00
  3.34048e-08  3.04974e+04  7.40780e-16 +0.00000e+00
  4.15956e-08  3.05996e+04  9.19442e-16 +0.00000e+00
  5.17947e-08  3.07082e+04  1.14097e-15 +0.00000e+00
  6.44947e-08  3.08231e+04  1.41559e-15 +0.00000e+00
  8.03086e-08  3.09443e+04  1.75599e-15 +0.00000e+00
  1.00000e-07  3.10717e+04  2.17783e-15 +0.00000e+00
  1.24520e-07  3.12052e+04  2.70052e-15 +0.00000e+00
  1.55052e-07  3.13451e+04  3.34805e-15 +0.00000e+00
  1.93070e-07  3.14913e+04  4.15007e-15 +0.00000e+00
  2.40410e-07  3.16442e+04  5.14324e-15 +0.00000e+00
  2.99358e-07  3.18040e+04  6.37283e-15 +0.00000e+00
  3.72759e-07  3.19712e+04  7.89474e-15 +0.00000e+00
  4.64159e-07  3.21465e+04  9.77791e-15 +0.00000e+00
  5.77969e-07  3.23305e+04  1.21073e-14 +0.00000e+00
  7.19686e-07  3.25242e+04  1.49876e-14 +0.00000e+00
  8.96151e-07  3.27290e+04  1.85474e-14 +0.00000e+00
  1.11588e-06  3.29465e+04  2.29446e-14 +0.00000e+00
  1.38950e-06  3.31791e+04  2.83726e-14 +0.00000e+00
  1.73020e-06  3.34297e+04  3.50672e-14 +0.00000e+00
  2.15443e-06  3.37039e+04  4.33132e-14 +0.00000e+00
  2.68270e-06  3.40090e+04  5.34525e-14 +0.00000e+00
  3.34048e-06  3.43527e+04  6.58956e-14 +0.00000e+00
  4.15956e-06  3.47457e+04  8.11269e-14 +0.00000e+00
  5.17947e-06  3.51850e+04  9.97584e-14 +0.00000e+00
  6.44947e-06  3.56558e+04  1.22577e-13 +0.00000e+00
  8.03086e-06  3.61380e+04  1.50592e-13 +0.00000e+00
  1.00000e-05  3.66206e+04  1.85038e-13 +0.00000e+00
  1.24520e-05  3.71072e+04  2.27372e-13 +0.00000e+00
  1.55052e-05  3.76101e+04  2.79313e-13 +0.00000e+00
  1.93070e-05  3.81376e+04  3.42949e-13 +0.00000e+00
  2.40410e-05  3.86884e+04  4.20895e-13 +0.00000e+00
  2.99358e-05  3.92527e+04  5.16464e-13 +0.00000e+00
  3.72759e-05  3.98171e+04  6.33831e-13 +0.00000e+00
  4.64159e-05  4.03682e+04  7.78236e-13 +0.00000e+00
  5.77969e-05  4.08950e+04  9.56222e-13 +0.00000e+00
  7.19686e-05  4.13938e+04  1.17579e-12 +0.00000e+00
  8.96151e-05  4.18732e+04  1.44651e-12 +0.00000e+00
  1.11588e-04  4.23443e+04  1.77989e-12 +0.00000e+00
  1.38950e-04  4.28159e+04  2.18998e-12 +0.00000e+00
  1.73020e-04  4.32936e+04  2.69395e-12 +0.00000e+00
  2.15443e-04  4.37795e+04  3.31284e-12 +0.00000e+00
  2.68270e-04  4.42743e+04  4.07234e-12 +0.00000e+00
  3.34048e-04  4.47767e+04  5.00390e-12 +0.00000e+00
  4.15956e-04  4.52815e+04  6.14625e-12 +0.00000e+00
  5.17947e-04  4.57830e+04  7.54679e-12 +0.00000e+00
  6.44947e-04  4.62748e+04  9.26348e-12 +0.00000e+00
  8.03086e-04  4.67502e+04  1.13669e-11 +0.00000e+00
  1.00000e-03  4.72041e+04  1.39423e-11 +0.00000e+00
  1.24520e-03  4.76326e+04  1.70920e-11 -2.54672e-07
  1.55052e-03  4.80323e+04  2.09383e-11 -3.17117e-07
  1.93070e-03  4.84000e+04  2.56260e-11 -3.94873e-07
  2.40410e-03  4.87336e+04  3.13248e-11 -4.91695e-07
  2.99358e-03  4.90333e+04  3.82311e-11 -6.12257e-07
  3.72759e-03  4.93018e+04  4.65681e-11 -7.62381e-07
  4.64159e-03  4.95448e+04  5.65852e-11 -9.49314e-07
  5.77969e-03  4.97693e+04  6.85582e-11 -1.18209e-06
  7.19686e-03  4.99831e+04  8.27889e-11 -1.47192e-06
  8.96151e-03  5.01939e+04  9.96046e-11 -1.83284e-06
  1.11588e-02  5.04091e+04  1.19354e-10 -2.28225e-06
  1.38950e-02  5.06362e+04  1.42410e-10 -2.84185e-06
  1.73020e-02  5.08825e+04  1.69169e-10 -3.53866e-06
  2.15443e-02  5.11558e+04  2.00052e-10 -4.40633e-06
  2.68270e-02  5.14632e+04  2.35508e-10 -5.48675e-06
  3.34048e-02  5.18121e+04  2.76018e-10 -6.83208e-06
  4.15956e-02  5.22098e+04  3.22100e-10 -8.50728e-06
  5.17947e-02  5.26635e+04  3.74317e-10 -1.05933e-05
  6.44947e-02  5.31803e+04  4.33291e-10 -1.31907e-05
  8.03086e-02  5.37663e+04  4.99719e-10 -1.64250e-05
  1.00000e-01  5.44257e+04  5.74397e-10 -2.04524e-05
  1.24520e-01  5.51618e+04  6.58232e-10 -2.54672e-05
  1.55052e-01  5.59725e+04  7.52313e-10 -3.17117e-05
  1.93070e-01  5.68534e+04  8.57910e-10 -3.94873e-05
  2.40410e-01  5.77966e+04  9.76512e-10 -4.91695e-05
  2.99358e-01  5.87936e+04  1.10982e-09 -6.12257e-05
  3.72759e-01  5.98357e+04  1.25979e-09 -7.62381e-05
  4.64159e-01  6.08389e+04  1.43005e-09 -9.49314e-05
  5.77969e-01  6.19051e+04  1.62060e-09 -1.18209e-04
  7.19686e-01  6.31230e+04  1.83186e-09 -1.47192e-04
  8.96151e-01  6.42828e+04  2.07222e-09 -1.83284e-04
  1.11588e+00  6.55456e+04  2.34006e-09 -2.28225e-04
  1.38950e+00  6.68360e+04  2.64142e-09 -2.84185e-04
  1.73020e+00  6.81723e+04  2.97941e-09 -3.53866e-04
  2.15443e+00  6.98101e+04  3.34828e-09 -4.40633e-04
  2.68270e+00  7.15030e+04  3.76413e-09 -5.48674e-04
  3.34048e+00  7.32768e+04  4.23122e-09 -6.13572e-04
  4.15956e+00  7.51523e+04  4.75417e-09 -6.13571e-04
  5.17947e+00  7.76200e+04  5.31423e-09 -6.13571e-04
  6.44947e+00  7.92545e+04  6.00641e-09 -6.13571e-04
  8.03086e+00  8.22147e+04  6.69121e-09 -6.13571e-04
  1.00000e+01  8.45742e+04  7.52563e-09 -6.13571e-04
  1.24520e+01  8.73846e+04  8.43320e-09 -6.13571e-04
  1.55052e+01  9.01543e+04  9.47041e-09 -6.13571e-04
  1.93070e+01  9.35566e+04  1.05907e-08 -6.13571e-04
  2.40410e+01  9.60240e+04  1.19668e-08 -6.13571e-04
  2.99358e+01  1.00416e+05  1.33036e-08 -6.13571e-04
  3.72759e+01  1.02653e+05  1.51089e-08 -6.13571e-04
  4.64159e+01  1.07571e+05  1.67684e-08 -6.13571e-04
  5.77969e+01  1.10490e+05  1.89817e-08 -6.13571e-04
  7.19686e+01  1.15086e+05  2.11966e-08 -6.13571e-04
  8.96151e+01  1.19150e+05  2.38311e-08 -6.13571e-04
  1.11588e+02  1.23646e+05  2.67359e-08 -6.13571e-04
  1.38950e+02  1.28389e+05  2.99945e-08 -6.13571e-04
  1.73020e+02  1.33252e+05  3.36756e-08 -6.13570e-04
  2.15443e+02  1.38493e+05  3.77749e-08 -6.13569e-04
  2.68270e+02  1.43654e+05  4.24573e-08 -6.13566e-04
  3.34048e+02  1.49309e+05  4.76383e-08 -6.13555e-04
  4.15956e+02  1.54633e+05  5.36236e-08 -6.13518e-04
  5.17947e+02  1.60346e+05  6.02618e-08 -6.13400e-04
  6.44947e+02  1.65750e+05  6.78928e-08 -6.12967e-04
  8.03086e+02  1.71181e+05  7.64796e-08 -6.11400e-04
  1.00000e+03  1.76570e+05  8.61705e-08 -6.05596e-04
