#n1=128 n2=4 Teff=65000 R=7.2994e+11 L=6.7740e+39 logg=+4.50
#   tau          T          rho         Fconv
 0.00000e+00 3.10105e+04 2.39791e-22 +0.00000e+00
 1.00000e-09 3.10105e+04 2.22944e-17 +0.00000e+00
 1.24520e-09 3.07371e+04 2.80115e-17 +0.00000e+00
 1.55052e-09 3.05045e+04 3.51506e-17 +0.00000e+00
 1.93070e-09 3.03493e+04 4.39989e-17 +0.00000e+00
 2.40410e-09 3.02555e+04 5.49641e-17 +0.00000e+00
 2.99358e-09 3.02051e+04 6.85639e-17 +0.00000e+00
 3.72759e-09 3.01850e+04 8.54428e-17 +0.00000e+00
 4.64159e-09 3.01860e+04 1.06403e-16 +0.00000e+00
 5.77969e-09 3.02034e+04 1.32432e-16 +0.00000e+00
 7.19686e-09 3.02343e+04 1.64756e-16 +0.00000e+00
 8.96151e-09 3.02769e+04 2.04890e-16 +0.00000e+00
 1.11588e-08 3.03301e+04 2.54713e-16 +0.00000e+00
 1.38950e-08 3.03931e+04 3.16549e-16 +0.00000e+00
 1.73020e-08 3.04655e+04 3.93279e-16 +0.00000e+00
 2.15443e-08 3.05469e+04 4.88467e-16 +0.00000e+00
 2.68270e-08 3.06370e+04 6.06527e-16 +0.00000e+00
 3.34048e-08 3.07354e+04 7.52921e-16 +0.00000e+00
 4.15956e-08 3.08422e+04 9.34410e-16 +0.00000e+00
 5.17947e-08 3.09571e+04 1.15935e-15 +0.00000e+00
 6.44947e-08 3.10800e+04 1.43809e-15 +0.00000e+00
 8.03086e-08 3.12111e+04 1.78341e-15 +0.00000e+00
 1.00000e-07 3.13505e+04 2.21109e-15 +0.00000e+00
 1.24520e-07 3.14983e+04 2.74065e-15 +0.00000e+00
 1.55052e-07 3.16550e+04 3.39616e-15 +0.00000e+00
 1.93070e-07 3.18211e+04 4.20731e-15 +0.00000e+00
 2.40410e-07 3.19972e+04 5.21067e-15 +0.00000e+00
 2.99358e-07 3.21844e+04 6.45129e-15 +0.00000e+00
 3.72759e-07 3.23836e+04 7.98454e-15 +0.00000e+00
 4.64159e-07 3.25963e+04 9.87841e-15 +0.00000e+00
 5.77969e-07 3.28242e+04 1.22163e-14 +0.00000e+00
 7.19686e-07 3.30691e+04 1.51003e-14 +0.00000e+00
 8.96151e-07 3.33330e+04 1.86555e-14 +0.00000e+00
 1.11588e-06 3.36175e+04 2.30348e-14 +0.00000e+00
 1.38950e-06 3.39233e+04 2.84260e-14 +0.00000e+00
 1.73020e-06 3.42511e+04 3.50589e-14 +0.00000e+00
 2.15443e-06 3.45998e+04 4.32172e-14 +0.00000e+00
 2.68270e-06 3.49671e+04 5.32501e-14 +0.00000e+00
 3.34048e-06 3.53513e+04 6.55876e-14 +0.00000e+00
 4.15956e-06 3.57523e+04 8.07542e-14 +0.00000e+00
 5.17947e-06 3.61712e+04 9.93898e-14 +0.00000e+00
 6.44947e-06 3.66087e+04 1.22279e-13 +0.00000e+00
 8.03086e-06 3.70649e+04 1.50382e-13 +0.00000e+00
 1.00000e-05 3.75323e+04 1.84915e-13 +0.00000e+00
 1.24520e-05 3.80202e+04 2.27285e-13 +0.00000e+00
 1.55052e-05 3.85393e+04 2.79177e-13 +0.00000e+00
 1.93070e-05 3.90934e+04 3.42661e-13 +0.00000e+00
 2.40410e-05 3.96727e+04 4.20386e-13 +0.00000e+00
 2.99358e-05 4.02573e+04 5.15762e-13 +0.00000e+00
 3.72759e-05 4.08248e+04 6.33149e-13 +0.00000e+00
 4.64159e-05 4.13581e+04 7.78001e-13 +0.00000e+00
 5.77969e-05 4.18537e+04 9.56952e-13 +0.00000e+00
 7.19686e-05 4.23203e+04 1.17793e-12 +0.00000e+00
 8.96151e-05 4.27718e+04 1.45047e-12 +0.00000e+00
 1.11588e-04 4.32190e+04 1.78621e-12 +0.00000e+00
 1.38950e-04 4.36684e+04 2.19943e-12 +0.00000e+00
 1.73020e-04 4.41241e+04 2.70759e-12 +0.00000e+00
 2.15443e-04 4.45879e+04 3.33208e-12 +0.00000e+00
 2.68270e-04 4.50605e+04 4.09903e-12 +0.00000e+00
 3.34048e-04 4.55410e+04 5.04036e-12 +0.00000e+00
 4.15956e-04 4.60259e+04 6.19524e-12 +0.00000e+00
 5.17947e-04 4.65114e+04 7.61144e-12 +0.00000e+00
 6.44947e-04 4.69952e+04 9.34674e-12 +0.00000e+00
 8.03086e-04 4.74746e+04 1.14710e-11 +0.00000e+00
 1.00000e-03 4.79470e+04 1.40685e-11 +0.00000e+00
 1.24520e-03 4.84094e+04 1.72401e-11 -2.54671e-07
 1.55052e-03 4.88590e+04 2.11058e-11 -3.17115e-07
 1.93070e-03 4.92918e+04 2.58082e-11 -3.94871e-07
 2.40410e-03 4.97031e+04 3.15156e-11 -4.91692e-07
 2.99358e-03 5.00866e+04 3.84257e-11 -6.12253e-07
 3.72759e-03 5.04374e+04 4.67679e-11 -7.62376e-07
 4.64159e-03 5.07541e+04 5.68020e-11 -9.49309e-07
 5.77969e-03 5.10394e+04 6.88182e-11 -1.18207e-06
 7.19686e-03 5.12998e+04 8.31339e-11 -1.47192e-06
 8.96151e-03 5.15446e+04 1.00092e-10 -1.83283e-06
 1.11588e-02 5.17842e+04 1.20056e-10 -2.28223e-06
 1.38950e-02 5.20291e+04 1.43411e-10 -2.84183e-06
 1.73020e-02 5.22896e+04 1.70568e-10 -3.53863e-06
 2.15443e-02 5.25752e+04 2.01961e-10 -4.40630e-06
 2.68270e-02 5.28945e+04 2.38054e-10 -5.48671e-06
 3.34048e-02 5.32557e+04 2.79341e-10 -6.83204e-06
 4.15956e-02 5.36667e+04 3.26357e-10 -8.50723e-06
 5.17947e-02 5.41350e+04 3.79680e-10 -1.05932e-05
 6.44947e-02 5.46679e+04 4.39951e-10 -1.31906e-05
 8.03086e-02 5.52713e+04 5.07886e-10 -1.64249e-05
 1.00000e-01 5.59488e+04 5.84306e-10 -2.04523e-05
 1.24520e-01 5.67032e+04 6.70150e-10 -2.54671e-05
 1.55052e-01 5.75313e+04 7.66543e-10 -3.17115e-05
 1.93070e-01 5.84276e+04 8.74799e-10 -3.94871e-05
 2.40410e-01 5.93832e+04 9.96456e-10 -4.91692e-05
 2.99358e-01 6.03890e+04 1.13326e-09 -6.12253e-05
 3.72759e-01 6.14377e+04 1.28719e-09 -7.62376e-05
 4.64159e-01 6.24465e+04 1.46190e-09 -9.49309e-05
 5.77969e-01 6.35196e+04 1.65739e-09 -1.18207e-04
 7.19686e-01 6.47359e+04 1.87439e-09 -1.47192e-04
 8.96151e-01 6.58850e+04 2.12134e-09 -1.83283e-04
 1.11588e+00 6.71313e+04 2.39663e-09 -2.28223e-04
 1.38950e+00 6.84118e+04 2.70595e-09 -2.84183e-04
 1.73020e+00 6.97434e+04 3.05254e-09 -3.53863e-04
 2.15443e+00 7.13696e+04 3.43120e-09 -4.40630e-04
 2.68270e+00 7.30542e+04 3.85767e-09 -5.48672e-04
 3.34048e+00 7.48246e+04 4.33624e-09 -6.13569e-04
 4.15956e+00 7.67145e+04 4.87100e-09 -6.13568e-04
 5.17947e+00 7.91880e+04 5.44470e-09 -6.13568e-04
 6.44947e+00 8.08350e+04 6.15212e-09 -6.13567e-04
 8.03086e+00 8.37656e+04 6.85639e-09 -6.13567e-04
 1.00000e+01 8.60990e+04 7.71194e-09 -6.13567e-04
 1.24520e+01 8.88953e+04 8.64134e-09 -6.13567e-04
 1.55052e+01 9.16225e+04 9.70517e-09 -6.13567e-04
 1.93070e+01 9.50338e+04 1.08489e-08 -6.13567e-04
 2.40410e+01 9.74735e+04 1.22561e-08 -6.13567e-04
 2.99358e+01 1.01861e+05 1.36224e-08 -6.13567e-04
 3.72759e+01 1.04132e+05 1.54595e-08 -6.13567e-04
 4.64159e+01 1.08987e+05 1.71642e-08 -6.13567e-04
 5.77969e+01 1.11962e+05 1.94125e-08 -6.13567e-04
 7.19686e+01 1.16541e+05 2.16790e-08 -6.13567e-04
 8.96151e+01 1.20600e+05 2.43691e-08 -6.13567e-04
 1.11588e+02 1.25124e+05 2.73296e-08 -6.13567e-04
 1.38950e+02 1.29855e+05 3.06591e-08 -6.13567e-04
 1.73020e+02 1.34788e+05 3.44019e-08 -6.13566e-04
 2.15443e+02 1.40014e+05 3.85919e-08 -6.13565e-04
 2.68270e+02 1.45371e+05 4.33249e-08 -6.13562e-04
 3.34048e+02 1.51015e+05 4.86270e-08 -6.13552e-04
 4.15956e+02 1.56657e+05 5.46532e-08 -6.13519e-04
 5.17947e+02 1.62451e+05 6.14336e-08 -6.13412e-04
 6.44947e+02 1.68195e+05 6.91397e-08 -6.13044e-04
 8.03086e+02 1.73822e+05 7.78865e-08 -6.11711e-04
 1.00000e+03 1.79464e+05 8.77388e-08 -6.06892e-04
