#n1=128 n2=4 Teff=67000 R=7.5233e+11 L=8.1250e+39 logg=+4.50
#   tau          T          rho         Fconv
 0.00000e+00 6.87585e+04 1.04561e-22 +0.00000e+00
 1.00000e-09 6.87585e+04 9.40645e-18 +0.00000e+00
 1.24520e-09 6.87758e+04 1.17120e-17 +0.00000e+00
 1.55052e-09 4.49247e+04 2.23302e-17 +0.00000e+00
 1.93070e-09 4.48506e+04 2.78559e-17 +0.00000e+00
 2.40410e-09 4.48432e+04 3.46971e-17 +0.00000e+00
 2.99358e-09 4.48655e+04 4.31896e-17 +0.00000e+00
 3.72759e-09 4.49082e+04 5.37359e-17 +0.00000e+00
 4.64159e-09 4.49649e+04 6.68365e-17 +0.00000e+00
 5.77969e-09 4.50313e+04 8.31128e-17 +0.00000e+00
 7.19686e-09 4.51042e+04 1.03338e-16 +0.00000e+00
 8.96151e-09 4.51814e+04 1.28472e-16 +0.00000e+00
 1.11588e-08 4.52608e+04 1.59712e-16 +0.00000e+00
 1.38950e-08 4.53405e+04 1.98548e-16 +0.00000e+00
 1.73020e-08 4.54190e+04 2.46834e-16 +0.00000e+00
 2.15443e-08 4.54947e+04 3.06882e-16 +0.00000e+00
 2.68270e-08 4.55659e+04 3.81577e-16 +0.00000e+00
 3.34048e-08 4.56312e+04 4.74515e-16 +0.00000e+00
 4.15956e-08 4.56887e+04 5.90191e-16 +0.00000e+00
 5.17947e-08 4.57365e+04 7.34222e-16 +0.00000e+00
 6.44947e-08 4.57725e+04 9.13641e-16 +0.00000e+00
 8.03086e-08 4.57939e+04 1.13726e-15 +0.00000e+00
 1.00000e-07 4.57972e+04 1.41618e-15 +0.00000e+00
 1.24520e-07 4.57773e+04 1.76440e-15 +0.00000e+00
 1.55052e-07 4.57263e+04 2.19973e-15 +0.00000e+00
 1.93070e-07 4.56235e+04 2.74559e-15 +0.00000e+00
 2.40410e-07 4.54606e+04 3.43145e-15 +0.00000e+00
 2.99358e-07 4.52017e+04 4.29780e-15 +0.00000e+00
 3.72759e-07 4.48222e+04 5.39754e-15 +0.00000e+00
 4.64159e-07 4.43473e+04 6.79374e-15 +0.00000e+00
 5.77969e-07 4.38604e+04 8.55441e-15 +0.00000e+00
 7.19686e-07 4.34704e+04 1.07487e-14 +0.00000e+00
 8.96151e-07 4.31696e+04 1.34790e-14 +0.00000e+00
 1.11588e-06 4.29422e+04 1.68746e-14 +0.00000e+00
 1.38950e-06 4.27581e+04 2.11049e-14 +0.00000e+00
 1.73020e-06 4.26064e+04 2.63759e-14 +0.00000e+00
 2.15443e-06 4.24749e+04 3.29481e-14 +0.00000e+00
 2.68270e-06 4.23536e+04 4.11482e-14 +0.00000e+00
 3.34048e-06 4.22336e+04 5.13876e-14 +0.00000e+00
 4.15956e-06 4.21061e+04 6.41865e-14 +0.00000e+00
 5.17947e-06 4.19621e+04 8.02047e-14 +0.00000e+00
 6.44947e-06 4.17945e+04 1.00277e-13 +0.00000e+00
 8.03086e-06 4.15962e+04 1.25466e-13 +0.00000e+00
 1.00000e-05 4.13903e+04 1.57012e-13 +0.00000e+00
 1.24520e-05 4.11949e+04 1.96440e-13 +0.00000e+00
 1.55052e-05 4.10330e+04 2.45568e-13 +0.00000e+00
 1.93070e-05 4.09165e+04 3.06636e-13 +0.00000e+00
 2.40410e-05 4.08462e+04 3.82446e-13 +0.00000e+00
 2.99358e-05 4.08178e+04 4.76487e-13 +0.00000e+00
 3.72759e-05 4.08238e+04 5.93117e-13 +0.00000e+00
 4.64159e-05 4.08596e+04 7.37701e-13 +0.00000e+00
 5.77969e-05 4.09208e+04 9.16878e-13 +0.00000e+00
 7.19686e-05 4.10041e+04 1.13884e-12 +0.00000e+00
 8.96151e-05 4.11067e+04 1.41368e-12 +0.00000e+00
 1.11588e-04 4.12265e+04 1.75383e-12 +0.00000e+00
 1.38950e-04 4.13619e+04 2.17457e-12 +0.00000e+00
 1.73020e-04 4.15116e+04 2.69465e-12 +0.00000e+00
 2.15443e-04 4.16742e+04 3.33708e-12 +0.00000e+00
 2.68270e-04 4.18489e+04 4.12995e-12 +0.00000e+00
 3.34048e-04 4.20347e+04 5.10753e-12 +0.00000e+00
 4.15956e-04 4.22308e+04 6.31145e-12 +0.00000e+00
 5.17947e-04 4.24361e+04 7.79214e-12 +0.00000e+00
 6.44947e-04 4.26498e+04 9.61030e-12 +0.00000e+00
 8.03086e-04 4.28710e+04 1.18387e-11 +0.00000e+00
 1.00000e-03 4.30984e+04 1.45638e-11 +0.00000e+00
 1.24520e-03 4.33309e+04 1.78878e-11 -2.54619e-07
 1.55052e-03 4.35671e+04 2.19304e-11 -3.17050e-07
 1.93070e-03 4.38052e+04 2.68302e-11 -3.94791e-07
 2.40410e-03 4.40436e+04 3.27471e-11 -4.91592e-07
 2.99358e-03 4.42801e+04 3.98633e-11 -6.12129e-07
 3.72759e-03 4.45126e+04 4.83860e-11 -7.62221e-07
 4.64159e-03 4.47386e+04 5.85478e-11 -9.49113e-07
 5.77969e-03 4.49558e+04 7.06081e-11 -1.18184e-06
 7.19686e-03 4.51620e+04 8.48556e-11 -1.47162e-06
 8.96151e-03 4.53553e+04 1.01604e-10 -1.83246e-06
 1.11588e-02 4.55347e+04 1.21199e-10 -2.28176e-06
 1.38950e-02 4.57000e+04 1.44012e-10 -2.84125e-06
 1.73020e-02 4.58542e+04 1.70442e-10 -3.53791e-06
 2.15443e-02 4.60010e+04 2.00912e-10 -4.40540e-06
 2.68270e-02 4.61451e+04 2.35872e-10 -5.48559e-06
 3.34048e-02 4.62970e+04 2.75777e-10 -6.83065e-06
 4.15956e-02 4.64638e+04 3.21132e-10 -8.50550e-06
 5.17947e-02 4.66515e+04 3.72485e-10 -1.05910e-05
 6.44947e-02 4.68751e+04 4.30368e-10 -1.31879e-05
 8.03086e-02 4.71399e+04 4.95441e-10 -1.64216e-05
 1.00000e-01 4.74539e+04 5.68407e-10 -2.04480e-05
 1.24520e-01 4.78257e+04 6.50043e-10 -2.54619e-05
 1.55052e-01 4.82637e+04 7.41219e-10 -3.17050e-05
 1.93070e-01 4.87758e+04 8.42919e-10 -3.94791e-05
 2.40410e-01 4.93694e+04 9.56262e-10 -4.91592e-05
 2.99358e-01 5.00495e+04 1.08255e-09 -6.12129e-05
 3.72759e-01 5.08248e+04 1.22322e-09 -7.62221e-05
 4.64159e-01 5.16965e+04 1.38002e-09 -9.49113e-05
 5.77969e-01 5.26681e+04 1.55493e-09 -1.18184e-04
 7.19686e-01 5.37434e+04 1.75017e-09 -1.47162e-04
 8.96151e-01 5.49246e+04 1.96831e-09 -1.83246e-04
 1.11588e+00 5.62216e+04 2.21201e-09 -2.28176e-04
 1.38950e+00 5.76432e+04 2.48430e-09 -2.84117e-04
 1.73020e+00 5.91985e+04 2.78864e-09 -3.53791e-04
 2.15443e+00 6.08956e+04 3.12902e-09 -4.40542e-04
 2.68270e+00 6.27251e+04 3.51076e-09 -5.48560e-04
 3.34048e+00 6.46779e+04 3.93980e-09 -6.13442e-04
 4.15956e+00 6.67562e+04 4.42209e-09 -6.13443e-04
 5.17947e+00 6.89637e+04 4.96437e-09 -6.13442e-04
 6.44947e+00 7.12338e+04 5.57850e-09 -6.13442e-04
 8.03086e+00 7.36500e+04 6.26688e-09 -6.13442e-04
 1.00000e+01 7.61360e+04 7.04533e-09 -6.13442e-04
 1.24520e+01 7.87277e+04 7.92109e-09 -6.13442e-04
 1.55052e+01 8.14243e+04 8.90673e-09 -6.13442e-04
 1.93070e+01 8.42484e+04 1.00131e-08 -6.13442e-04
 2.40410e+01 8.71747e+04 1.12588e-08 -6.13442e-04
 2.99358e+01 9.02778e+04 1.26519e-08 -6.13442e-04
 3.72759e+01 9.34326e+04 1.42279e-08 -6.13442e-04
 4.64159e+01 9.68442e+04 1.59798e-08 -6.13442e-04
 5.77969e+01 1.00284e+05 1.79672e-08 -6.13442e-04
 7.19686e+01 1.03948e+05 2.01839e-08 -6.13442e-04
 8.96151e+01 1.07743e+05 2.26792e-08 -6.13442e-04
 1.11588e+02 1.11641e+05 2.54902e-08 -6.13441e-04
 1.38950e+02 1.15776e+05 2.86299e-08 -6.13440e-04
 1.73020e+02 1.19968e+05 3.21798e-08 -6.13436e-04
 2.15443e+02 1.24392e+05 3.61477e-08 -6.13422e-04
 2.68270e+02 1.28899e+05 4.06246e-08 -6.13379e-04
 3.34048e+02 1.33590e+05 4.56445e-08 -6.13241e-04
 4.15956e+02 1.38392e+05 5.12971e-08 -6.12793e-04
 5.17947e+02 1.43340e+05 5.76437e-08 -6.11349e-04
 6.44947e+02 1.48421e+05 6.47790e-08 -6.06671e-04
 8.03086e+02 1.53613e+05 7.28002e-08 -5.91466e-04
 1.00000e+03 1.59131e+05 8.17285e-08 -5.45596e-04
