#n1=128 n2=4 Teff=68000 R=1.3566e+12 L=2.8085e+40 logg=+4.00
#   tau          T          rho         Fconv
 0.00000e+00 4.26147e+04 1.68709e-22 +0.00000e+00
 1.00000e-09 4.26147e+04 4.76143e-18 +0.00000e+00
 1.24520e-09 4.25440e+04 5.93987e-18 +0.00000e+00
 1.55052e-09 4.25208e+04 7.40174e-18 +0.00000e+00
 1.93070e-09 4.25247e+04 9.21751e-18 +0.00000e+00
 2.40410e-09 4.25453e+04 1.14742e-17 +0.00000e+00
 2.99358e-09 4.25765e+04 1.42799e-17 +0.00000e+00
 3.72759e-09 4.26144e+04 1.77689e-17 +0.00000e+00
 4.64159e-09 4.26564e+04 2.21082e-17 +0.00000e+00
 5.77969e-09 4.26999e+04 2.75062e-17 +0.00000e+00
 7.19686e-09 4.27437e+04 3.42221e-17 +0.00000e+00
 8.96151e-09 4.27860e+04 4.25793e-17 +0.00000e+00
 1.11588e-08 4.28254e+04 5.29810e-17 +0.00000e+00
 1.38950e-08 4.28603e+04 6.59308e-17 +0.00000e+00
 1.73020e-08 4.28902e+04 8.20554e-17 +0.00000e+00
 2.15443e-08 4.29137e+04 1.02139e-16 +0.00000e+00
 2.68270e-08 4.29290e+04 1.27162e-16 +0.00000e+00
 3.34048e-08 4.29359e+04 1.58347e-16 +0.00000e+00
 4.15956e-08 4.29324e+04 1.97228e-16 +0.00000e+00
 5.17947e-08 4.29147e+04 2.45736e-16 +0.00000e+00
 6.44947e-08 4.28824e+04 3.06279e-16 +0.00000e+00
 8.03086e-08 4.28297e+04 3.81922e-16 +0.00000e+00
 1.00000e-07 4.27503e+04 4.76543e-16 +0.00000e+00
 1.24520e-07 4.26321e+04 5.95150e-16 +0.00000e+00
 1.55052e-07 4.24611e+04 7.44206e-16 +0.00000e+00
 1.93070e-07 4.22297e+04 9.31941e-16 +0.00000e+00
 2.40410e-07 4.19295e+04 1.16898e-15 +0.00000e+00
 2.99358e-07 4.15805e+04 1.46811e-15 +0.00000e+00
 3.72759e-07 4.12505e+04 1.84306e-15 +0.00000e+00
 4.64159e-07 4.09692e+04 2.31117e-15 +0.00000e+00
 5.77969e-07 4.07511e+04 2.89381e-15 +0.00000e+00
 7.19686e-07 4.05858e+04 3.61871e-15 +0.00000e+00
 8.96151e-07 4.04600e+04 4.52085e-15 +0.00000e+00
 1.11588e-06 4.03626e+04 5.64398e-15 +0.00000e+00
 1.38950e-06 4.02850e+04 7.04269e-15 +0.00000e+00
 1.73020e-06 4.02209e+04 8.78510e-15 +0.00000e+00
 2.15443e-06 4.01654e+04 1.09562e-14 +0.00000e+00
 2.68270e-06 4.01147e+04 1.36624e-14 +0.00000e+00
 3.34048e-06 4.00654e+04 1.70362e-14 +0.00000e+00
 4.15956e-06 4.00149e+04 2.12439e-14 +0.00000e+00
 5.17947e-06 3.99613e+04 2.64928e-14 +0.00000e+00
 6.44947e-06 3.99035e+04 3.30420e-14 +0.00000e+00
 8.03086e-06 3.98422e+04 4.12137e-14 +0.00000e+00
 1.00000e-05 3.97807e+04 5.14064e-14 +0.00000e+00
 1.24520e-05 3.97231e+04 6.41135e-14 +0.00000e+00
 1.55052e-05 3.96764e+04 7.99391e-14 +0.00000e+00
 1.93070e-05 3.96470e+04 9.96266e-14 +0.00000e+00
 2.40410e-05 3.96396e+04 1.24092e-13 +0.00000e+00
 2.99358e-05 3.96566e+04 1.54469e-13 +0.00000e+00
 3.72759e-05 3.96981e+04 1.92159e-13 +0.00000e+00
 4.64159e-05 3.97634e+04 2.38897e-13 +0.00000e+00
 5.77969e-05 3.98513e+04 2.96825e-13 +0.00000e+00
 7.19686e-05 3.99607e+04 3.68592e-13 +0.00000e+00
 8.96151e-05 4.00905e+04 4.57460e-13 +0.00000e+00
 1.11588e-04 4.02400e+04 5.67451e-13 +0.00000e+00
 1.38950e-04 4.04088e+04 7.03517e-13 +0.00000e+00
 1.73020e-04 4.05965e+04 8.71744e-13 +0.00000e+00
 2.15443e-04 4.08035e+04 1.07960e-12 +0.00000e+00
 2.68270e-04 4.10302e+04 1.33625e-12 +0.00000e+00
 3.34048e-04 4.12772e+04 1.65290e-12 +0.00000e+00
 4.15956e-04 4.15457e+04 2.04322e-12 +0.00000e+00
 5.17947e-04 4.18371e+04 2.52387e-12 +0.00000e+00
 6.44947e-04 4.21532e+04 3.11505e-12 +0.00000e+00
 8.03086e-04 4.24963e+04 3.84120e-12 +0.00000e+00
 1.00000e-03 4.28690e+04 4.73175e-12 +0.00000e+00
 1.24520e-03 4.32741e+04 5.82200e-12 -2.54133e-07
 1.55052e-03 4.37144e+04 7.15411e-12 -3.16445e-07
 1.93070e-03 4.41919e+04 8.77832e-12 -3.94037e-07
 2.40410e-03 4.47075e+04 1.07544e-11 -4.90653e-07
 2.99358e-03 4.52588e+04 1.31536e-11 -6.10960e-07
 3.72759e-03 4.58398e+04 1.60613e-11 -7.60766e-07
 4.64159e-03 4.64395e+04 1.95807e-11 -9.47299e-07
 5.77969e-03 4.70435e+04 2.38361e-11 -1.17958e-06
 7.19686e-03 4.76368e+04 2.89761e-11 -1.46881e-06
 8.96151e-03 4.82066e+04 3.51767e-11 -1.82895e-06
 1.11588e-02 4.87451e+04 4.26408e-11 -2.27741e-06
 1.38950e-02 4.92508e+04 5.15988e-11 -2.83583e-06
 1.73020e-02 4.97275e+04 6.23051e-11 -3.53116e-06
 2.15443e-02 5.01820e+04 7.50417e-11 -4.39699e-06
 2.68270e-02 5.06224e+04 9.01176e-11 -5.47512e-06
 3.34048e-02 5.10569e+04 1.07869e-10 -6.81761e-06
 4.15956e-02 5.14933e+04 1.28658e-10 -8.48930e-06
 5.17947e-02 5.19401e+04 1.52872e-10 -1.05708e-05
 6.44947e-02 5.24067e+04 1.80922e-10 -1.31627e-05
 8.03086e-02 5.29029e+04 2.13240e-10 -1.63902e-05
 1.00000e-01 5.34387e+04 2.50289e-10 -2.04090e-05
 1.24520e-01 5.40240e+04 2.92565e-10 -2.54133e-05
 1.55052e-01 5.46674e+04 3.40613e-10 -3.16445e-05
 1.93070e-01 5.53759e+04 3.95039e-10 -3.94037e-05
 2.40410e-01 5.61556e+04 4.56525e-10 -4.90653e-05
 2.99358e-01 5.70100e+04 5.25851e-10 -6.10960e-05
 3.72759e-01 5.79357e+04 6.03963e-10 -7.60766e-05
 4.64159e-01 5.89038e+04 6.92185e-10 -9.47299e-05
 5.77969e-01 5.99355e+04 7.91465e-10 -1.17958e-04
 7.19686e-01 6.10565e+04 9.02815e-10 -1.46881e-04
 8.96151e-01 6.22071e+04 1.02853e-09 -1.82895e-04
 1.11588e+00 6.34575e+04 1.16922e-09 -2.27741e-04
 1.38950e+00 6.47976e+04 1.32691e-09 -2.83583e-04
 1.73020e+00 6.62474e+04 1.50329e-09 -3.53116e-04
 2.15443e+00 6.79106e+04 1.69857e-09 -4.39685e-04
 2.68270e+00 6.96901e+04 1.91769e-09 -5.47521e-04
 3.34048e+00 7.15968e+04 2.16340e-09 -6.12270e-04
 4.15956e+00 7.36579e+04 2.43826e-09 -6.12274e-04
 5.17947e+00 7.59873e+04 2.74304e-09 -6.12270e-04
 6.44947e+00 7.81620e+04 3.09568e-09 -6.12271e-04
 8.03086e+00 8.07979e+04 3.47887e-09 -6.12271e-04
 1.00000e+01 8.33780e+04 3.91873e-09 -6.12270e-04
 1.24520e+01 8.61664e+04 4.40975e-09 -6.12270e-04
 1.55052e+01 8.90977e+04 4.96197e-09 -6.12270e-04
 1.93070e+01 9.22681e+04 5.57867e-09 -6.12271e-04
 2.40410e+01 9.53997e+04 6.28312e-09 -6.12270e-04
 2.99358e+01 9.90407e+04 7.05365e-09 -6.12271e-04
 3.72759e+01 1.02254e+05 7.96040e-09 -6.12270e-04
 4.64159e+01 1.06322e+05 8.92631e-09 -6.12270e-04
 5.77969e+01 1.09895e+05 1.00685e-08 -6.12270e-04
 7.19686e+01 1.14044e+05 1.13120e-08 -6.12270e-04
 8.96151e+01 1.18258e+05 1.27226e-08 -6.12270e-04
 1.11588e+02 1.22460e+05 1.43256e-08 -6.12270e-04
 1.38950e+02 1.27117e+05 1.60939e-08 -6.12270e-04
 1.73020e+02 1.31618e+05 1.81229e-08 -6.12270e-04
 2.15443e+02 1.36525e+05 2.03684e-08 -6.12270e-04
 2.68270e+02 1.41406e+05 2.29215e-08 -6.12269e-04
 3.34048e+02 1.46553e+05 2.57720e-08 -6.12267e-04
 4.15956e+02 1.51788e+05 2.89889e-08 -6.12258e-04
 5.17947e+02 1.57214e+05 3.25960e-08 -6.12229e-04
 6.44947e+02 1.62804e+05 3.66514e-08 -6.12134e-04
 8.03086e+02 1.68563e+05 4.12101e-08 -6.11826e-04
 1.00000e+03 1.74700e+05 4.62911e-08 -6.10876e-04
