#n1=128 n2=4 Teff=68000 R=7.6366e+11 L=8.8805e+39 logg=+4.50
#   tau          T          rho         Fconv
 0.00000e+00 3.16260e+04 2.35113e-22 +0.00000e+00
 1.00000e-09 3.16260e+04 2.18607e-17 +0.00000e+00
 1.24520e-09 3.14501e+04 2.73768e-17 +0.00000e+00
 1.55052e-09 3.12436e+04 3.43193e-17 +0.00000e+00
 1.93070e-09 3.10380e+04 4.30233e-17 +0.00000e+00
 2.40410e-09 3.08778e+04 5.38574e-17 +0.00000e+00
 2.99358e-09 3.07695e+04 6.73078e-17 +0.00000e+00
 3.72759e-09 3.07065e+04 8.39938e-17 +0.00000e+00
 4.64159e-09 3.06782e+04 1.04698e-16 +0.00000e+00
 5.77969e-09 3.06759e+04 1.30395e-16 +0.00000e+00
 7.19686e-09 3.06935e+04 1.62294e-16 +0.00000e+00
 8.96151e-09 3.07274e+04 2.01888e-16 +0.00000e+00
 1.11588e-08 3.07746e+04 2.51034e-16 +0.00000e+00
 1.38950e-08 3.08338e+04 3.12023e-16 +0.00000e+00
 1.73020e-08 3.09040e+04 3.87693e-16 +0.00000e+00
 2.15443e-08 3.09845e+04 4.81556e-16 +0.00000e+00
 2.68270e-08 3.10747e+04 5.97961e-16 +0.00000e+00
 3.34048e-08 3.11745e+04 7.42282e-16 +0.00000e+00
 4.15956e-08 3.12835e+04 9.21173e-16 +0.00000e+00
 5.17947e-08 3.14018e+04 1.14285e-15 +0.00000e+00
 6.44947e-08 3.15293e+04 1.41749e-15 +0.00000e+00
 8.03086e-08 3.16661e+04 1.75763e-15 +0.00000e+00
 1.00000e-07 3.18125e+04 2.17876e-15 +0.00000e+00
 1.24520e-07 3.19688e+04 2.70002e-15 +0.00000e+00
 1.55052e-07 3.21357e+04 3.34496e-15 +0.00000e+00
 1.93070e-07 3.23137e+04 4.14262e-15 +0.00000e+00
 2.40410e-07 3.25040e+04 5.12870e-15 +0.00000e+00
 2.99358e-07 3.27077e+04 6.34710e-15 +0.00000e+00
 3.72759e-07 3.29262e+04 7.85167e-15 +0.00000e+00
 4.64159e-07 3.31612e+04 9.70844e-15 +0.00000e+00
 5.77969e-07 3.34146e+04 1.19982e-14 +0.00000e+00
 7.19686e-07 3.36883e+04 1.48199e-14 +0.00000e+00
 8.96151e-07 3.39839e+04 1.82944e-14 +0.00000e+00
 1.11588e-06 3.43016e+04 2.25705e-14 +0.00000e+00
 1.38950e-06 3.46421e+04 2.78299e-14 +0.00000e+00
 1.73020e-06 3.50036e+04 3.42974e-14 +0.00000e+00
 2.15443e-06 3.53834e+04 4.22501e-14 +0.00000e+00
 2.68270e-06 3.57793e+04 5.20290e-14 +0.00000e+00
 3.34048e-06 3.61901e+04 6.40522e-14 +0.00000e+00
 4.15956e-06 3.66164e+04 7.88301e-14 +0.00000e+00
 5.17947e-06 3.70610e+04 9.69814e-14 +0.00000e+00
 6.44947e-06 3.75164e+04 1.19294e-13 +0.00000e+00
 8.03086e-06 3.79884e+04 1.46696e-13 +0.00000e+00
 1.00000e-05 3.84864e+04 1.80295e-13 +0.00000e+00
 1.24520e-05 3.90204e+04 2.21418e-13 +0.00000e+00
 1.55052e-05 3.95963e+04 2.71678e-13 +0.00000e+00
 1.93070e-05 4.02025e+04 3.33156e-13 +0.00000e+00
 2.40410e-05 4.08163e+04 4.08551e-13 +0.00000e+00
 2.99358e-05 4.14131e+04 5.01311e-13 +0.00000e+00
 3.72759e-05 4.19765e+04 6.15723e-13 +0.00000e+00
 4.64159e-05 4.25032e+04 7.56997e-13 +0.00000e+00
 5.77969e-05 4.30000e+04 9.31415e-13 +0.00000e+00
 7.19686e-05 4.34753e+04 1.14665e-12 +0.00000e+00
 8.96151e-05 4.39365e+04 1.41209e-12 +0.00000e+00
 1.11588e-04 4.43894e+04 1.73929e-12 +0.00000e+00
 1.38950e-04 4.48386e+04 2.14236e-12 +0.00000e+00
 1.73020e-04 4.52894e+04 2.63852e-12 +0.00000e+00
 2.15443e-04 4.57452e+04 3.24879e-12 +0.00000e+00
 2.68270e-04 4.62077e+04 3.99890e-12 +0.00000e+00
 3.34048e-04 4.66772e+04 4.92027e-12 +0.00000e+00
 4.15956e-04 4.71529e+04 6.05122e-12 +0.00000e+00
 5.17947e-04 4.76336e+04 7.43835e-12 +0.00000e+00
 6.44947e-04 4.81196e+04 9.13783e-12 +0.00000e+00
 8.03086e-04 4.86122e+04 1.12170e-11 +0.00000e+00
 1.00000e-03 4.91132e+04 1.37562e-11 +0.00000e+00
 1.24520e-03 4.96226e+04 1.68515e-11 -2.54680e-07
 1.55052e-03 5.01367e+04 2.06179e-11 -3.17127e-07
 1.93070e-03 5.06495e+04 2.51925e-11 -3.94885e-07
 2.40410e-03 5.11528e+04 3.07382e-11 -4.91710e-07
 2.99358e-03 5.16376e+04 3.74473e-11 -6.12276e-07
 3.72759e-03 5.20940e+04 4.55453e-11 -7.62404e-07
 4.64159e-03 5.25137e+04 5.52941e-11 -9.49339e-07
 5.77969e-03 5.28923e+04 6.69909e-11 -1.18212e-06
 7.19686e-03 5.32310e+04 8.09656e-11 -1.47197e-06
 8.96151e-03 5.35372e+04 9.75768e-11 -1.83289e-06
 1.11588e-02 5.38220e+04 1.17204e-10 -2.28232e-06
 1.38950e-02 5.40987e+04 1.40248e-10 -2.84194e-06
 1.73020e-02 5.43814e+04 1.67131e-10 -3.53876e-06
 2.15443e-02 5.46833e+04 1.98297e-10 -4.40646e-06
 2.68270e-02 5.50162e+04 2.34216e-10 -5.48692e-06
 3.34048e-02 5.53913e+04 2.75387e-10 -6.83229e-06
 4.15956e-02 5.58183e+04 3.22347e-10 -8.50758e-06
 5.17947e-02 5.63062e+04 3.75679e-10 -1.05936e-05
 6.44947e-02 5.68630e+04 4.36024e-10 -1.31911e-05
 8.03086e-02 5.74947e+04 5.04103e-10 -1.64255e-05
 1.00000e-01 5.82047e+04 5.80748e-10 -2.04530e-05
 1.24520e-01 5.89945e+04 6.66912e-10 -2.54680e-05
 1.55052e-01 5.98597e+04 7.63740e-10 -3.17127e-05
 1.93070e-01 6.07928e+04 8.72572e-10 -3.94885e-05
 2.40410e-01 6.17916e+04 9.94856e-10 -4.91710e-05
 2.99358e-01 6.28525e+04 1.13225e-09 -6.12276e-05
 3.72759e-01 6.39770e+04 1.28658e-09 -7.62404e-05
 4.64159e-01 6.50562e+04 1.46193e-09 -9.49339e-05
 5.77969e-01 6.61745e+04 1.65886e-09 -1.18212e-04
 7.19686e-01 6.74182e+04 1.87801e-09 -1.47197e-04
 8.96151e-01 6.85868e+04 2.12738e-09 -1.83289e-04
 1.11588e+00 6.98878e+04 2.40429e-09 -2.28232e-04
 1.38950e+00 7.12480e+04 2.71470e-09 -2.84194e-04
 1.73020e+00 7.26756e+04 3.06220e-09 -3.53876e-04
 2.15443e+00 7.44214e+04 3.44170e-09 -4.40646e-04
 2.68270e+00 7.62308e+04 3.86936e-09 -5.48687e-04
 3.34048e+00 7.81375e+04 4.34930e-09 -6.13591e-04
 4.15956e+00 8.01636e+04 4.88632e-09 -6.13589e-04
 5.17947e+00 8.27885e+04 5.46339e-09 -6.13590e-04
 6.44947e+00 8.45502e+04 6.17489e-09 -6.13590e-04
 8.03086e+00 8.76348e+04 6.88484e-09 -6.13590e-04
 1.00000e+01 9.00929e+04 7.74684e-09 -6.13590e-04
 1.24520e+01 9.30208e+04 8.68419e-09 -6.13589e-04
 1.55052e+01 9.58715e+04 9.75688e-09 -6.13589e-04
 1.93070e+01 9.94266e+04 1.09105e-08 -6.13589e-04
 2.40410e+01 1.01997e+05 1.23258e-08 -6.13589e-04
 2.99358e+01 1.06543e+05 1.37061e-08 -6.13589e-04
 3.72759e+01 1.09013e+05 1.55436e-08 -6.13589e-04
 4.64159e+01 1.14008e+05 1.72715e-08 -6.13589e-04
 5.77969e+01 1.17296e+05 1.95100e-08 -6.13589e-04
 7.19686e+01 1.21928e+05 2.18189e-08 -6.13589e-04
 8.96151e+01 1.26515e+05 2.44724e-08 -6.13589e-04
 1.11588e+02 1.30964e+05 2.75117e-08 -6.13589e-04
 1.38950e+02 1.36384e+05 3.07755e-08 -6.13589e-04
 1.73020e+02 1.41264e+05 3.46181e-08 -6.13589e-04
 2.15443e+02 1.47017e+05 3.87776e-08 -6.13588e-04
 2.68270e+02 1.52419e+05 4.36071e-08 -6.13587e-04
 3.34048e+02 1.58253e+05 4.89657e-08 -6.13580e-04
 4.15956e+02 1.63891e+05 5.51066e-08 -6.13557e-04
 5.17947e+02 1.69590e+05 6.20333e-08 -6.13478e-04
 6.44947e+02 1.75170e+05 6.98965e-08 -6.13186e-04
 8.03086e+02 1.80553e+05 7.88176e-08 -6.12052e-04
 1.00000e+03 1.85953e+05 8.88321e-08 -6.07725e-04
