#n1=128 n2=4 Teff=69000 R=7.7480e+11 L=9.6930e+39 logg=+4.50
#   tau          T          rho         Fconv
 0.00000e+00 3.52194e+04 2.06318e-22 +0.00000e+00
 1.00000e-09 3.52194e+04 1.87733e-17 +0.00000e+00
 1.24520e-09 3.50811e+04 2.34715e-17 +0.00000e+00
 1.55052e-09 3.49589e+04 2.93324e-17 +0.00000e+00
 1.93070e-09 3.48446e+04 3.66488e-17 +0.00000e+00
 2.40410e-09 3.48224e+04 4.56693e-17 +0.00000e+00
 2.99358e-09 3.47169e+04 5.70466e-17 +0.00000e+00
 3.72759e-09 3.46289e+04 7.12227e-17 +0.00000e+00
 4.64159e-09 3.19513e+04 9.61358e-17 +0.00000e+00
 5.77969e-09 3.09371e+04 1.23651e-16 +0.00000e+00
 7.19686e-09 3.08784e+04 1.54281e-16 +0.00000e+00
 8.96151e-09 3.08621e+04 1.92234e-16 +0.00000e+00
 1.11588e-08 3.08745e+04 2.39300e-16 +0.00000e+00
 1.38950e-08 3.09080e+04 2.97685e-16 +0.00000e+00
 1.73020e-08 3.09577e+04 3.70119e-16 +0.00000e+00
 2.15443e-08 3.10207e+04 4.59982e-16 +0.00000e+00
 2.68270e-08 3.10947e+04 5.71461e-16 +0.00000e+00
 3.34048e-08 3.11785e+04 7.09740e-16 +0.00000e+00
 4.15956e-08 3.12709e+04 8.81238e-16 +0.00000e+00
 5.17947e-08 3.13713e+04 1.09391e-15 +0.00000e+00
 6.44947e-08 3.14791e+04 1.35759e-15 +0.00000e+00
 8.03086e-08 3.15940e+04 1.68448e-15 +0.00000e+00
 1.00000e-07 3.17104e+04 2.09000e-15 +0.00000e+00
 1.24520e-07 3.18396e+04 2.59215e-15 +0.00000e+00
 1.55052e-07 3.19754e+04 3.21432e-15 +0.00000e+00
 1.93070e-07 3.21178e+04 3.98508e-15 +0.00000e+00
 2.40410e-07 3.22669e+04 4.93971e-15 +0.00000e+00
 2.99358e-07 3.24230e+04 6.12185e-15 +0.00000e+00
 3.72759e-07 3.25863e+04 7.58537e-15 +0.00000e+00
 4.64159e-07 3.27572e+04 9.39683e-15 +0.00000e+00
 5.77969e-07 3.29360e+04 1.16384e-14 +0.00000e+00
 7.19686e-07 3.31255e+04 1.44103e-14 +0.00000e+00
 8.96151e-07 3.33232e+04 1.78387e-14 +0.00000e+00
 1.11588e-06 3.35314e+04 2.20764e-14 +0.00000e+00
 1.38950e-06 3.37517e+04 2.73121e-14 +0.00000e+00
 1.73020e-06 3.39866e+04 3.37762e-14 +0.00000e+00
 2.15443e-06 3.42401e+04 4.17493e-14 +0.00000e+00
 2.68270e-06 3.45191e+04 5.15689e-14 +0.00000e+00
 3.34048e-06 3.48293e+04 6.36445e-14 +0.00000e+00
 4.15956e-06 3.51963e+04 7.84265e-14 +0.00000e+00
 5.17947e-06 3.56223e+04 9.64910e-14 +0.00000e+00
 6.44947e-06 3.61305e+04 1.18461e-13 +0.00000e+00
 8.03086e-06 3.66922e+04 1.45248e-13 +0.00000e+00
 1.00000e-05 3.72773e+04 1.78019e-13 +0.00000e+00
 1.24520e-05 3.78586e+04 2.18257e-13 +0.00000e+00
 1.55052e-05 3.84229e+04 2.67765e-13 +0.00000e+00
 1.93070e-05 3.89774e+04 3.28648e-13 +0.00000e+00
 2.40410e-05 3.95231e+04 4.03534e-13 +0.00000e+00
 2.99358e-05 4.00587e+04 4.95685e-13 +0.00000e+00
 3.72759e-05 4.05767e+04 6.09224e-13 +0.00000e+00
 4.64159e-05 4.10698e+04 7.49304e-13 +0.00000e+00
 5.77969e-05 4.15342e+04 9.22294e-13 +0.00000e+00
 7.19686e-05 4.19723e+04 1.13598e-12 +0.00000e+00
 8.96151e-05 4.23916e+04 1.39978e-12 +0.00000e+00
 1.11588e-04 4.28002e+04 1.72522e-12 +0.00000e+00
 1.38950e-04 4.32048e+04 2.12635e-12 +0.00000e+00
 1.73020e-04 4.36113e+04 2.62032e-12 +0.00000e+00
 2.15443e-04 4.40237e+04 3.22809e-12 +0.00000e+00
 2.68270e-04 4.44446e+04 3.97520e-12 +0.00000e+00
 3.34048e-04 4.48758e+04 4.89272e-12 +0.00000e+00
 4.15956e-04 4.53184e+04 6.01838e-12 +0.00000e+00
 5.17947e-04 4.57724e+04 7.39787e-12 +0.00000e+00
 6.44947e-04 4.62383e+04 9.08621e-12 +0.00000e+00
 8.03086e-04 4.67179e+04 1.11490e-11 +0.00000e+00
 1.00000e-03 4.72142e+04 1.36641e-11 +0.00000e+00
 1.24520e-03 4.77274e+04 1.67240e-11 -2.54632e-07
 1.55052e-03 4.82551e+04 2.04387e-11 -3.17067e-07
 1.93070e-03 4.87933e+04 2.49381e-11 -3.94811e-07
 2.40410e-03 4.93362e+04 3.03753e-11 -4.91618e-07
 2.99358e-03 4.98749e+04 3.69303e-11 -6.12161e-07
 3.72759e-03 5.03971e+04 4.48157e-11 -7.62262e-07
 4.64159e-03 5.08892e+04 5.42812e-11 -9.49163e-07
 5.77969e-03 5.13399e+04 6.56129e-11 -1.18190e-06
 7.19686e-03 5.17447e+04 7.91305e-11 -1.47169e-06
 8.96151e-03 5.21076e+04 9.51820e-11 -1.83256e-06
 1.11588e-02 5.24385e+04 1.14134e-10 -2.28189e-06
 1.38950e-02 5.27507e+04 1.36373e-10 -2.84140e-06
 1.73020e-02 5.30587e+04 1.62307e-10 -3.53810e-06
 2.15443e-02 5.33763e+04 1.92361e-10 -4.40563e-06
 2.68270e-02 5.37167e+04 2.26987e-10 -5.48588e-06
 3.34048e-02 5.40927e+04 2.66661e-10 -6.83101e-06
 4.15956e-02 5.45159e+04 3.11890e-10 -8.50595e-06
 5.17947e-02 5.49973e+04 3.63224e-10 -1.05916e-05
 6.44947e-02 5.55469e+04 4.21266e-10 -1.31886e-05
 8.03086e-02 5.61732e+04 4.86689e-10 -1.64224e-05
 1.00000e-01 5.68822e+04 5.60263e-10 -2.04491e-05
 1.24520e-01 5.76787e+04 6.42869e-10 -2.54632e-05
 1.55052e-01 5.85612e+04 7.35569e-10 -3.17067e-05
 1.93070e-01 5.95257e+04 8.39604e-10 -3.94811e-05
 2.40410e-01 6.05642e+04 9.56439e-10 -4.91618e-05
 2.99358e-01 6.16672e+04 1.08776e-09 -6.12161e-05
 3.72759e-01 6.28230e+04 1.23554e-09 -7.62262e-05
 4.64159e-01 6.39505e+04 1.40323e-09 -9.49163e-05
 5.77969e-01 6.51528e+04 1.59093e-09 -1.18190e-04
 7.19686e-01 6.65198e+04 1.79916e-09 -1.47169e-04
 8.96151e-01 6.78427e+04 2.03585e-09 -1.83256e-04
 1.11588e+00 6.92775e+04 2.29986e-09 -2.28189e-04
 1.38950e+00 7.07557e+04 2.59682e-09 -2.84140e-04
 1.73020e+00 7.22867e+04 2.93013e-09 -3.53810e-04
 2.15443e+00 7.41528e+04 3.29383e-09 -4.40563e-04
 2.68270e+00 7.60778e+04 3.70442e-09 -5.48593e-04
 3.34048e+00 7.80896e+04 4.16612e-09 -6.13477e-04
 4.15956e+00 8.02209e+04 4.68308e-09 -6.13475e-04
 5.17947e+00 8.29362e+04 5.24015e-09 -6.13475e-04
 6.44947e+00 8.47401e+04 5.92912e-09 -6.13475e-04
 8.03086e+00 8.79292e+04 6.61336e-09 -6.13475e-04
 1.00000e+01 9.04664e+04 7.44601e-09 -6.13475e-04
 1.24520e+01 9.34576e+04 8.35304e-09 -6.13475e-04
 1.55052e+01 9.64292e+04 9.38607e-09 -6.13475e-04
 1.93070e+01 1.00077e+05 1.05012e-08 -6.13475e-04
 2.40410e+01 1.02797e+05 1.18630e-08 -6.13475e-04
 2.99358e+01 1.07485e+05 1.31957e-08 -6.13475e-04
 3.72759e+01 1.10066e+05 1.49708e-08 -6.13475e-04
 4.64159e+01 1.15310e+05 1.66299e-08 -6.13475e-04
 5.77969e+01 1.18637e+05 1.88083e-08 -6.13475e-04
 7.19686e+01 1.23489e+05 2.10300e-08 -6.13475e-04
 8.96151e+01 1.28189e+05 2.36039e-08 -6.13475e-04
 1.11588e+02 1.32751e+05 2.65507e-08 -6.13474e-04
 1.38950e+02 1.38188e+05 2.97335e-08 -6.13474e-04
 1.73020e+02 1.43155e+05 3.34595e-08 -6.13474e-04
 2.15443e+02 1.48702e+05 3.75537e-08 -6.13473e-04
 2.68270e+02 1.54057e+05 4.22503e-08 -6.13472e-04
 3.34048e+02 1.59567e+05 4.75243e-08 -6.13465e-04
 4.15956e+02 1.64987e+05 5.35159e-08 -6.13441e-04
 5.17947e+02 1.70384e+05 6.02811e-08 -6.13354e-04
 6.44947e+02 1.75723e+05 6.79236e-08 -6.13022e-04
 8.03086e+02 1.80972e+05 7.65459e-08 -6.11742e-04
 1.00000e+03 1.86406e+05 8.61613e-08 -6.07035e-04
