#n1=128 n2=4 Teff=69000 R=1.3781e+12 L=3.0653e+40 logg=+4.00
#   tau          T          rho         Fconv
 0.00000e+00 3.14992e+04 2.36062e-22 +0.00000e+00
 1.00000e-09 3.14992e+04 6.88338e-18 +0.00000e+00
 1.24520e-09 3.14604e+04 8.58323e-18 +0.00000e+00
 1.55052e-09 3.14154e+04 1.07050e-17 +0.00000e+00
 1.93070e-09 3.13628e+04 1.33546e-17 +0.00000e+00
 2.40410e-09 3.13007e+04 1.66651e-17 +0.00000e+00
 2.99358e-09 3.12285e+04 2.08031e-17 +0.00000e+00
 3.72759e-09 3.11483e+04 2.59754e-17 +0.00000e+00
 4.64159e-09 3.10642e+04 3.24380e-17 +0.00000e+00
 5.77969e-09 3.09896e+04 4.04961e-17 +0.00000e+00
 7.19686e-09 3.09329e+04 5.05271e-17 +0.00000e+00
 8.96151e-09 3.09001e+04 6.29940e-17 +0.00000e+00
 1.11588e-08 3.08925e+04 7.84728e-17 +0.00000e+00
 1.38950e-08 3.09078e+04 9.76823e-17 +0.00000e+00
 1.73020e-08 3.09429e+04 1.21516e-16 +0.00000e+00
 2.15443e-08 3.09952e+04 1.51081e-16 +0.00000e+00
 2.68270e-08 3.10626e+04 1.87748e-16 +0.00000e+00
 3.34048e-08 3.11438e+04 2.33212e-16 +0.00000e+00
 4.15956e-08 3.12378e+04 2.89567e-16 +0.00000e+00
 5.17947e-08 3.13444e+04 3.59400e-16 +0.00000e+00
 6.44947e-08 3.14632e+04 4.45904e-16 +0.00000e+00
 8.03086e-08 3.15944e+04 5.53020e-16 +0.00000e+00
 1.00000e-07 3.17383e+04 6.85605e-16 +0.00000e+00
 1.24520e-07 3.18955e+04 8.49637e-16 +0.00000e+00
 1.55052e-07 3.20669e+04 1.05247e-15 +0.00000e+00
 1.93070e-07 3.22537e+04 1.30314e-15 +0.00000e+00
 2.40410e-07 3.24575e+04 1.61272e-15 +0.00000e+00
 2.99358e-07 3.26802e+04 1.99476e-15 +0.00000e+00
 3.72759e-07 3.29240e+04 2.46583e-15 +0.00000e+00
 4.64159e-07 3.31914e+04 3.04613e-15 +0.00000e+00
 5.77969e-07 3.34849e+04 3.76030e-15 +0.00000e+00
 7.19686e-07 3.38067e+04 4.63834e-15 +0.00000e+00
 8.96151e-07 3.41585e+04 5.71690e-15 +0.00000e+00
 1.11588e-06 3.45404e+04 7.04081e-15 +0.00000e+00
 1.38950e-06 3.49511e+04 8.66520e-15 +0.00000e+00
 1.73020e-06 3.53875e+04 1.06581e-14 +0.00000e+00
 2.15443e-06 3.58452e+04 1.31034e-14 +0.00000e+00
 2.68270e-06 3.63196e+04 1.61050e-14 +0.00000e+00
 3.34048e-06 3.68079e+04 1.97900e-14 +0.00000e+00
 4.15956e-06 3.73098e+04 2.43136e-14 +0.00000e+00
 5.17947e-06 3.78293e+04 2.98625e-14 +0.00000e+00
 6.44947e-06 3.83734e+04 3.66612e-14 +0.00000e+00
 8.03086e-06 3.89497e+04 4.49793e-14 +0.00000e+00
 1.00000e-05 3.95615e+04 5.51469e-14 +0.00000e+00
 1.24520e-05 4.02030e+04 6.75786e-14 +0.00000e+00
 1.55052e-05 4.08586e+04 8.28048e-14 +0.00000e+00
 1.93070e-05 4.15087e+04 1.01501e-13 +0.00000e+00
 2.40410e-05 4.21388e+04 1.24506e-13 +0.00000e+00
 2.99358e-05 4.27437e+04 1.52850e-13 +0.00000e+00
 3.72759e-05 4.33227e+04 1.87793e-13 +0.00000e+00
 4.64159e-05 4.38773e+04 2.30892e-13 +0.00000e+00
 5.77969e-05 4.44073e+04 2.84080e-13 +0.00000e+00
 7.19686e-05 4.49107e+04 3.49771e-13 +0.00000e+00
 8.96151e-05 4.53895e+04 4.30929e-13 +0.00000e+00
 1.11588e-04 4.58483e+04 5.31193e-13 +0.00000e+00
 1.38950e-04 4.62932e+04 6.55020e-13 +0.00000e+00
 1.73020e-04 4.67318e+04 8.07856e-13 +0.00000e+00
 2.15443e-04 4.71706e+04 9.96370e-13 +0.00000e+00
 2.68270e-04 4.76149e+04 1.22874e-12 +0.00000e+00
 3.34048e-04 4.80687e+04 1.51497e-12 +0.00000e+00
 4.15956e-04 4.85348e+04 1.86735e-12 +0.00000e+00
 5.17947e-04 4.90144e+04 2.30092e-12 +0.00000e+00
 6.44947e-04 4.95081e+04 2.83410e-12 +0.00000e+00
 8.03086e-04 5.00178e+04 3.48926e-12 +0.00000e+00
 1.00000e-03 5.05462e+04 4.29357e-12 +0.00000e+00
 1.24520e-03 5.10934e+04 5.28016e-12 -2.54731e-07
 1.55052e-03 5.16564e+04 6.48959e-12 -3.17191e-07
 1.93070e-03 5.22308e+04 7.97141e-12 -3.94965e-07
 2.40410e-03 5.28102e+04 9.78610e-12 -4.91809e-07
 2.99358e-03 5.33852e+04 1.20078e-11 -6.12400e-07
 3.72759e-03 5.39428e+04 1.47279e-11 -7.62558e-07
 4.64159e-03 5.44686e+04 1.80579e-11 -9.49533e-07
 5.77969e-03 5.49506e+04 2.21331e-11 -1.18236e-06
 7.19686e-03 5.53841e+04 2.71137e-11 -1.47227e-06
 8.96151e-03 5.57728e+04 3.31857e-11 -1.83327e-06
 1.11588e-02 5.61273e+04 4.05620e-11 -2.28278e-06
 1.38950e-02 5.64618e+04 4.94832e-11 -2.84251e-06
 1.73020e-02 5.67913e+04 6.02176e-11 -3.53948e-06
 2.15443e-02 5.71309e+04 7.30596e-11 -4.40735e-06
 2.68270e-02 5.74946e+04 8.83306e-11 -5.48802e-06
 3.34048e-02 5.78959e+04 1.06378e-10 -6.83367e-06
 4.15956e-02 5.83471e+04 1.27573e-10 -8.50927e-06
 5.17947e-02 5.88592e+04 1.52314e-10 -1.05957e-05
 6.44947e-02 5.94422e+04 1.81023e-10 -1.31937e-05
 8.03086e-02 6.01038e+04 2.14158e-10 -1.64288e-05
 1.00000e-01 6.08488e+04 2.52222e-10 -2.04571e-05
 1.24520e-01 6.16800e+04 2.95770e-10 -2.54731e-05
 1.55052e-01 6.25942e+04 3.45445e-10 -3.17191e-05
 1.93070e-01 6.35853e+04 4.01986e-10 -3.94965e-05
 2.40410e-01 6.46445e+04 4.66246e-10 -4.91809e-05
 2.99358e-01 6.57627e+04 5.39192e-10 -6.12400e-05
 3.72759e-01 6.69305e+04 6.21937e-10 -7.62558e-05
 4.64159e-01 6.80679e+04 7.16356e-10 -9.49533e-05
 5.77969e-01 6.92855e+04 8.22672e-10 -1.18236e-04
 7.19686e-01 7.06808e+04 9.41215e-10 -1.47227e-04
 8.96151e-01 7.20459e+04 1.07612e-09 -1.83327e-04
 1.11588e+00 7.35470e+04 1.22694e-09 -2.28278e-04
 1.38950e+00 7.51173e+04 1.39671e-09 -2.84251e-04
 1.73020e+00 7.67643e+04 1.58749e-09 -3.53948e-04
 2.15443e+00 7.87711e+04 1.79641e-09 -4.40735e-04
 2.68270e+00 8.08626e+04 2.03215e-09 -5.48802e-04
 3.34048e+00 8.30726e+04 2.29715e-09 -6.13720e-04
 4.15956e+00 8.54187e+04 2.59433e-09 -6.13721e-04
 5.17947e+00 8.83911e+04 2.91518e-09 -6.13717e-04
 6.44947e+00 9.04863e+04 3.30891e-09 -6.13714e-04
 8.03086e+00 9.39360e+04 3.70644e-09 -6.13714e-04
 1.00000e+01 9.67591e+04 4.18652e-09 -6.13714e-04
 1.24520e+01 1.00084e+05 4.71032e-09 -6.13714e-04
 1.55052e+01 1.03361e+05 5.30888e-09 -6.13714e-04
 1.93070e+01 1.07385e+05 5.95515e-09 -6.13714e-04
 2.40410e+01 1.10478e+05 6.74111e-09 -6.13714e-04
 2.99358e+01 1.15548e+05 7.52030e-09 -6.13714e-04
 3.72759e+01 1.18646e+05 8.53759e-09 -6.13714e-04
 4.64159e+01 1.24243e+05 9.51635e-09 -6.13714e-04
 5.77969e+01 1.28233e+05 1.07626e-08 -6.13714e-04
 7.19686e+01 1.33628e+05 1.20594e-08 -6.13714e-04
 8.96151e+01 1.38929e+05 1.35554e-08 -6.13714e-04
 1.11588e+02 1.44264e+05 1.52558e-08 -6.13714e-04
 1.38950e+02 1.50234e+05 1.71292e-08 -6.13714e-04
 1.73020e+02 1.55794e+05 1.93093e-08 -6.13714e-04
 2.15443e+02 1.61710e+05 2.17386e-08 -6.13713e-04
 2.68270e+02 1.67261e+05 2.45408e-08 -6.13713e-04
 3.34048e+02 1.72777e+05 2.77058e-08 -6.13713e-04
 4.15956e+02 1.78019e+05 3.13106e-08 -6.13712e-04
 5.17947e+02 1.83116e+05 3.53792e-08 -6.13710e-04
 6.44947e+02 1.88117e+05 3.99578e-08 -6.13699e-04
 8.03086e+02 1.93016e+05 4.51052e-08 -6.13652e-04
 1.00000e+03 1.98098e+05 5.08316e-08 -6.13462e-04
