#n1=128 n2=4 Teff=70000 R=6.2563e+12 L=6.6834e+41 logg=+3.00
#   tau          T          rho         Fconv
 0.00000e+00 5.09873e+04 1.42487e-22 +0.00000e+00
 1.00000e-09 5.09873e+04 3.93615e-19 +0.00000e+00
 1.24520e-09 5.09854e+04 4.90359e-19 +0.00000e+00
 1.55052e-09 5.09826e+04 6.10902e-19 +0.00000e+00
 1.93070e-09 5.09787e+04 7.61102e-19 +0.00000e+00
 2.40410e-09 5.09733e+04 9.48266e-19 +0.00000e+00
 2.99358e-09 5.09662e+04 1.18151e-18 +0.00000e+00
 3.72759e-09 5.09571e+04 1.47218e-18 +0.00000e+00
 4.64159e-09 5.09458e+04 1.83446e-18 +0.00000e+00
 5.77969e-09 5.09317e+04 2.28602e-18 +0.00000e+00
 7.19686e-09 5.09145e+04 2.84892e-18 +0.00000e+00
 8.96151e-09 5.08935e+04 3.55069e-18 +0.00000e+00
 1.11588e-08 5.08679e+04 4.42576e-18 +0.00000e+00
 1.38950e-08 5.08357e+04 5.51720e-18 +0.00000e+00
 1.73020e-08 5.07939e+04 6.87912e-18 +0.00000e+00
 2.15443e-08 5.07372e+04 8.57978e-18 +0.00000e+00
 2.68270e-08 5.06548e+04 1.07063e-17 +0.00000e+00
 3.34048e-08 5.05239e+04 1.33728e-17 +0.00000e+00
 4.15956e-08 5.02679e+04 1.67451e-17 +0.00000e+00
 5.17947e-08 4.94354e+04 2.12131e-17 +0.00000e+00
 6.44947e-08 4.57929e+04 2.85339e-17 +0.00000e+00
 8.03086e-08 4.27650e+04 3.80718e-17 +0.00000e+00
 1.00000e-07 4.05532e+04 5.00229e-17 +0.00000e+00
 1.24520e-07 3.91048e+04 6.46335e-17 +0.00000e+00
 1.55052e-07 3.43828e+04 9.16059e-17 +0.00000e+00
 1.93070e-07 3.44661e+04 1.13855e-16 +0.00000e+00
 2.40410e-07 3.46366e+04 1.41147e-16 +0.00000e+00
 2.99358e-07 3.48329e+04 1.74849e-16 +0.00000e+00
 3.72759e-07 3.50560e+04 2.16434e-16 +0.00000e+00
 4.64159e-07 3.53107e+04 2.67674e-16 +0.00000e+00
 5.77969e-07 3.56017e+04 3.30718e-16 +0.00000e+00
 7.19686e-07 3.59330e+04 4.08176e-16 +0.00000e+00
 8.96151e-07 3.63091e+04 5.03187e-16 +0.00000e+00
 1.11588e-06 3.67339e+04 6.19555e-16 +0.00000e+00
 1.38950e-06 3.72091e+04 7.61896e-16 +0.00000e+00
 1.73020e-06 3.77329e+04 9.35881e-16 +0.00000e+00
 2.15443e-06 3.82998e+04 1.14852e-15 +0.00000e+00
 2.68270e-06 3.89001e+04 1.40856e-15 +0.00000e+00
 3.34048e-06 3.95218e+04 1.72695e-15 +0.00000e+00
 4.15956e-06 4.01535e+04 2.11729e-15 +0.00000e+00
 5.17947e-06 4.07878e+04 2.59634e-15 +0.00000e+00
 6.44947e-06 4.14222e+04 3.18455e-15 +0.00000e+00
 8.03086e-06 4.20579e+04 3.90681e-15 +0.00000e+00
 1.00000e-05 4.26983e+04 4.79347e-15 +0.00000e+00
 1.24520e-05 4.33455e+04 5.88176e-15 +0.00000e+00
 1.55052e-05 4.39982e+04 7.21789e-15 +0.00000e+00
 1.93070e-05 4.46496e+04 8.85978e-15 +0.00000e+00
 2.40410e-05 4.52887e+04 1.08805e-14 +0.00000e+00
 2.99358e-05 4.59029e+04 1.33722e-14 +0.00000e+00
 3.72759e-05 4.64833e+04 1.64495e-14 +0.00000e+00
 4.64159e-05 4.70273e+04 2.02539e-14 +0.00000e+00
 5.77969e-05 4.75389e+04 2.49587e-14 +0.00000e+00
 7.19686e-05 4.80266e+04 3.07755e-14 +0.00000e+00
 8.96151e-05 4.84997e+04 3.79635e-14 +0.00000e+00
 1.11588e-04 4.89660e+04 4.68415e-14 +0.00000e+00
 1.38950e-04 4.94315e+04 5.78021e-14 +0.00000e+00
 1.73020e-04 4.99006e+04 7.13286e-14 +0.00000e+00
 2.15443e-04 5.03769e+04 8.80158e-14 +0.00000e+00
 2.68270e-04 5.08629e+04 1.08596e-13 +0.00000e+00
 3.34048e-04 5.13607e+04 1.33968e-13 +0.00000e+00
 4.15956e-04 5.18720e+04 1.65241e-13 +0.00000e+00
 5.17947e-04 5.23966e+04 2.03780e-13 +0.00000e+00
 6.44947e-04 5.29348e+04 2.51265e-13 +0.00000e+00
 8.03086e-04 5.34884e+04 3.09754e-13 +0.00000e+00
 1.00000e-03 5.40604e+04 3.81762e-13 +0.00000e+00
 1.24520e-03 5.46512e+04 4.70388e-13 -2.55050e-07
 1.55052e-03 5.52580e+04 5.79473e-13 -3.17588e-07
 1.93070e-03 5.58760e+04 7.13770e-13 -3.95460e-07
 2.40410e-03 5.64990e+04 8.79182e-13 -4.92426e-07
 2.99358e-03 5.71169e+04 1.08309e-12 -6.13167e-07
 3.72759e-03 5.77159e+04 1.33479e-12 -7.63510e-07
 4.64159e-03 5.82805e+04 1.64598e-12 -9.50728e-07
 5.77969e-03 5.87977e+04 2.03133e-12 -1.18384e-06
 7.19686e-03 5.92616e+04 2.50897e-12 -1.47411e-06
 8.96151e-03 5.96758e+04 3.10113e-12 -1.83556e-06
 1.11588e-02 6.00514e+04 3.83480e-12 -2.28564e-06
 1.38950e-02 6.04032e+04 4.74272e-12 -2.84607e-06
 1.73020e-02 6.07474e+04 5.86440e-12 -3.54392e-06
 2.15443e-02 6.11000e+04 7.24739e-12 -4.41287e-06
 2.68270e-02 6.14761e+04 8.94861e-12 -5.49490e-06
 3.34048e-02 6.18903e+04 1.10358e-11 -6.84223e-06
 4.15956e-02 6.23564e+04 1.35891e-11 -8.51993e-06
 5.17947e-02 6.28877e+04 1.67025e-11 -1.06090e-05
 6.44947e-02 6.34966e+04 2.04857e-11 -1.32103e-05
 8.03086e-02 6.41947e+04 2.50659e-11 -1.64494e-05
 1.00000e-01 6.49908e+04 3.05905e-11 -2.04827e-05
 1.24520e-01 6.58932e+04 3.72288e-11 -2.55050e-05
 1.55052e-01 6.69038e+04 4.51781e-11 -3.17588e-05
 1.93070e-01 6.80221e+04 5.46660e-11 -3.95460e-05
 2.40410e-01 6.92436e+04 6.59561e-11 -4.92426e-05
 2.99358e-01 7.05625e+04 7.93506e-11 -6.13167e-05
 3.72759e-01 7.19699e+04 9.51985e-11 -7.63510e-05
 4.64159e-01 7.33782e+04 1.14012e-10 -9.50728e-05
 5.77969e-01 7.49114e+04 1.36057e-10 -1.18384e-04
 7.19686e-01 7.66764e+04 1.61587e-10 -1.47411e-04
 8.96151e-01 7.84377e+04 1.91578e-10 -1.83556e-04
 1.11588e+00 8.03753e+04 2.26223e-10 -2.28564e-04
 1.38950e+00 8.24139e+04 2.66346e-10 -2.84607e-04
 1.73020e+00 8.45716e+04 3.12606e-10 -3.54392e-04
 2.15443e+00 8.71793e+04 3.64552e-10 -4.41287e-04
 2.68270e+00 8.99206e+04 4.24184e-10 -5.49490e-04
 3.34048e+00 9.28265e+04 4.92361e-10 -6.14482e-04
 4.15956e+00 9.59560e+04 5.69840e-10 -6.14482e-04
 5.17947e+00 9.98306e+04 6.54953e-10 -6.14482e-04
 6.44947e+00 1.02738e+05 7.59563e-10 -6.14482e-04
 8.03086e+00 1.07348e+05 8.67089e-10 -6.14482e-04
 1.00000e+01 1.11300e+05 9.96899e-10 -6.14482e-04
 1.24520e+01 1.15833e+05 1.14088e-09 -6.14482e-04
 1.55052e+01 1.20443e+05 1.30578e-09 -6.14491e-04
 1.93070e+01 1.25841e+05 1.48730e-09 -6.14493e-04
 2.40410e+01 1.30312e+05 1.70677e-09 -6.14492e-04
 2.99358e+01 1.36845e+05 1.93227e-09 -6.14489e-04
 3.72759e+01 1.41123e+05 2.22334e-09 -6.14483e-04
 4.64159e+01 1.48015e+05 2.51491e-09 -6.14483e-04
 5.77969e+01 1.52650e+05 2.88782e-09 -6.14482e-04
 7.19686e+01 1.58676e+05 3.28444e-09 -6.14483e-04
 8.96151e+01 1.64253e+05 3.74651e-09 -6.14483e-04
 1.11588e+02 1.69480e+05 4.27833e-09 -6.14482e-04
 1.38950e+02 1.75541e+05 4.86050e-09 -6.14482e-04
 1.73020e+02 1.81199e+05 5.53272e-09 -6.14482e-04
 2.15443e+02 1.87497e+05 6.27540e-09 -6.14482e-04
 2.68270e+02 1.93924e+05 7.11498e-09 -6.14482e-04
 3.34048e+02 2.00735e+05 8.05491e-09 -6.14482e-04
 4.15956e+02 2.07855e+05 9.11160e-09 -6.14482e-04
 5.17947e+02 2.15358e+05 1.02971e-08 -6.14482e-04
 6.44947e+02 2.23220e+05 1.16298e-08 -6.14482e-04
 8.03086e+02 2.31482e+05 1.31265e-08 -6.14482e-04
 1.00000e+03 2.40255e+05 1.48037e-08 -6.14482e-04
