#n1=128 n2=4 Teff=70000 R=7.8619e+11 L=1.0568e+40 logg=+4.50
#   tau          T          rho         Fconv
 0.00000e+00 3.42803e+04 2.10177e-22 +0.00000e+00
 1.00000e-09 3.42803e+04 1.89789e-17 +0.00000e+00
 1.24520e-09 3.41794e+04 2.37043e-17 +0.00000e+00
 1.55052e-09 3.40967e+04 2.95907e-17 +0.00000e+00
 1.93070e-09 3.40250e+04 3.69271e-17 +0.00000e+00
 2.40410e-09 3.39526e+04 4.60837e-17 +0.00000e+00
 2.99358e-09 3.38754e+04 5.75191e-17 +0.00000e+00
 3.72759e-09 3.37861e+04 7.18180e-17 +0.00000e+00
 4.64159e-09 3.36704e+04 8.97426e-17 +0.00000e+00
 5.77969e-09 3.35256e+04 1.12240e-16 +0.00000e+00
 7.19686e-09 3.33363e+04 1.40566e-16 +0.00000e+00
 8.96151e-09 3.31022e+04 1.76286e-16 +0.00000e+00
 1.11588e-08 3.28490e+04 2.21222e-16 +0.00000e+00
 1.38950e-08 3.26135e+04 2.77478e-16 +0.00000e+00
 1.73020e-08 3.24433e+04 3.47358e-16 +0.00000e+00
 2.15443e-08 3.23299e+04 4.34084e-16 +0.00000e+00
 2.68270e-08 3.22631e+04 5.41683e-16 +0.00000e+00
 3.34048e-08 3.22319e+04 6.75212e-16 +0.00000e+00
 4.15956e-08 3.22275e+04 8.40958e-16 +0.00000e+00
 5.17947e-08 3.22445e+04 1.04669e-15 +0.00000e+00
 6.44947e-08 3.22773e+04 1.30212e-15 +0.00000e+00
 8.03086e-08 3.23240e+04 1.61919e-15 +0.00000e+00
 1.00000e-07 3.23828e+04 2.01272e-15 +0.00000e+00
 1.24520e-07 3.24526e+04 2.50104e-15 +0.00000e+00
 1.55052e-07 3.25326e+04 3.10689e-15 +0.00000e+00
 1.93070e-07 3.26222e+04 3.85838e-15 +0.00000e+00
 2.40410e-07 3.27211e+04 4.79031e-15 +0.00000e+00
 2.99358e-07 3.28289e+04 5.94577e-15 +0.00000e+00
 3.72759e-07 3.29454e+04 7.37807e-15 +0.00000e+00
 4.64159e-07 3.30704e+04 9.15313e-15 +0.00000e+00
 5.77969e-07 3.32039e+04 1.13525e-14 +0.00000e+00
 7.19686e-07 3.33457e+04 1.40771e-14 +0.00000e+00
 8.96151e-07 3.34959e+04 1.74514e-14 +0.00000e+00
 1.11588e-06 3.36546e+04 2.16296e-14 +0.00000e+00
 1.38950e-06 3.38221e+04 2.68016e-14 +0.00000e+00
 1.73020e-06 3.39986e+04 3.32022e-14 +0.00000e+00
 2.15443e-06 3.41845e+04 4.11209e-14 +0.00000e+00
 2.68270e-06 3.43805e+04 5.09146e-14 +0.00000e+00
 3.34048e-06 3.45874e+04 6.30226e-14 +0.00000e+00
 4.15956e-06 3.48061e+04 7.79858e-14 +0.00000e+00
 5.17947e-06 3.50378e+04 9.64686e-14 +0.00000e+00
 6.44947e-06 3.52840e+04 1.19286e-13 +0.00000e+00
 8.03086e-06 3.55467e+04 1.47438e-13 +0.00000e+00
 1.00000e-05 3.58281e+04 1.82145e-13 +0.00000e+00
 1.24520e-05 3.61312e+04 2.24896e-13 +0.00000e+00
 1.55052e-05 3.64596e+04 2.77499e-13 +0.00000e+00
 1.93070e-05 3.68192e+04 3.42133e-13 +0.00000e+00
 2.40410e-05 3.72179e+04 4.21403e-13 +0.00000e+00
 2.99358e-05 3.76660e+04 5.18392e-13 +0.00000e+00
 3.72759e-05 3.81673e+04 6.36870e-13 +0.00000e+00
 4.64159e-05 3.87092e+04 7.81686e-13 +0.00000e+00
 5.77969e-05 3.92631e+04 9.59252e-13 +0.00000e+00
 7.19686e-05 3.97989e+04 1.17781e-12 +0.00000e+00
 8.96151e-05 4.03010e+04 1.44745e-12 +0.00000e+00
 1.11588e-04 4.07709e+04 1.78026e-12 +0.00000e+00
 1.38950e-04 4.12163e+04 2.19076e-12 +0.00000e+00
 1.73020e-04 4.16467e+04 2.69659e-12 +0.00000e+00
 2.15443e-04 4.20707e+04 3.31917e-12 +0.00000e+00
 2.68270e-04 4.24947e+04 4.08451e-12 +0.00000e+00
 3.34048e-04 4.29233e+04 5.02423e-12 +0.00000e+00
 4.15956e-04 4.33563e+04 6.17707e-12 +0.00000e+00
 5.17947e-04 4.37950e+04 7.58968e-12 +0.00000e+00
 6.44947e-04 4.42400e+04 9.31822e-12 +0.00000e+00
 8.03086e-04 4.46937e+04 1.14295e-11 +0.00000e+00
 1.00000e-03 4.51594e+04 1.40024e-11 +0.00000e+00
 1.24520e-03 4.56385e+04 1.71304e-11 -2.54713e-07
 1.55052e-03 4.61290e+04 2.09242e-11 -3.17168e-07
 1.93070e-03 4.66311e+04 2.55121e-11 -3.94937e-07
 2.40410e-03 4.71388e+04 3.10460e-11 -4.91774e-07
 2.99358e-03 4.76445e+04 3.77032e-11 -6.12356e-07
 3.72759e-03 4.81375e+04 4.56924e-11 -7.62500e-07
 4.64159e-03 4.86053e+04 5.52564e-11 -9.49470e-07
 5.77969e-03 4.90375e+04 6.66732e-11 -1.18227e-06
 7.19686e-03 4.94299e+04 8.02521e-11 -1.47216e-06
 8.96151e-03 4.97856e+04 9.63278e-11 -1.83313e-06
 1.11588e-02 5.01136e+04 1.15252e-10 -2.28261e-06
 1.38950e-02 5.04259e+04 1.37395e-10 -2.84230e-06
 1.73020e-02 5.07365e+04 1.63144e-10 -3.53923e-06
 2.15443e-02 5.10560e+04 1.92917e-10 -4.40704e-06
 2.68270e-02 5.13972e+04 2.27145e-10 -5.48763e-06
 3.34048e-02 5.17716e+04 2.66292e-10 -6.83318e-06
 4.15956e-02 5.21894e+04 3.10854e-10 -8.50866e-06
 5.17947e-02 5.26604e+04 3.61372e-10 -1.05950e-05
 6.44947e-02 5.31931e+04 4.18444e-10 -1.31928e-05
 8.03086e-02 5.37950e+04 4.82739e-10 -1.64277e-05
 1.00000e-01 5.44709e+04 5.55027e-10 -2.04556e-05
 1.24520e-01 5.52243e+04 6.36185e-10 -2.54713e-05
 1.55052e-01 5.60534e+04 7.27272e-10 -3.17168e-05
 1.93070e-01 5.69533e+04 8.29522e-10 -3.94937e-05
 2.40410e-01 5.79157e+04 9.44390e-10 -4.91774e-05
 2.99358e-01 5.89313e+04 1.07354e-09 -6.12356e-05
 3.72759e-01 5.99887e+04 1.21892e-09 -7.62500e-05
 4.64159e-01 6.10158e+04 1.38381e-09 -9.49470e-05
 5.77969e-01 6.21057e+04 1.56842e-09 -1.18227e-04
 7.19686e-01 6.33408e+04 1.77332e-09 -1.47216e-04
 8.96151e-01 6.45365e+04 2.00595e-09 -1.83313e-04
 1.11588e+00 6.58362e+04 2.26529e-09 -2.28261e-04
 1.38950e+00 6.71802e+04 2.55669e-09 -2.84230e-04
 1.73020e+00 6.85756e+04 2.88357e-09 -3.53923e-04
 2.15443e+00 7.02730e+04 3.24070e-09 -4.40709e-04
 2.68270e+00 7.20256e+04 3.64361e-09 -5.48765e-04
 3.34048e+00 7.38612e+04 4.09637e-09 -6.13670e-04
 4.15956e+00 7.57993e+04 4.60362e-09 -6.13670e-04
 5.17947e+00 7.82756e+04 5.15045e-09 -6.13670e-04
 6.44947e+00 7.99535e+04 5.82266e-09 -6.13669e-04
 8.03086e+00 8.28525e+04 6.49584e-09 -6.13669e-04
 1.00000e+01 8.51801e+04 7.31080e-09 -6.13669e-04
 1.24520e+01 8.79451e+04 8.19772e-09 -6.13669e-04
 1.55052e+01 9.06645e+04 9.21031e-09 -6.13669e-04
 1.93070e+01 9.40334e+04 1.03017e-08 -6.13669e-04
 2.40410e+01 9.65099e+04 1.16367e-08 -6.13669e-04
 2.99358e+01 1.00788e+05 1.29473e-08 -6.13669e-04
 3.72759e+01 1.03117e+05 1.46876e-08 -6.13669e-04
 4.64159e+01 1.07803e+05 1.63293e-08 -6.13669e-04
 5.77969e+01 1.10794e+05 1.84640e-08 -6.13669e-04
 7.19686e+01 1.15082e+05 2.06587e-08 -6.13669e-04
 8.96151e+01 1.19182e+05 2.32012e-08 -6.13669e-04
 1.11588e+02 1.23209e+05 2.60948e-08 -6.13669e-04
 1.38950e+02 1.27917e+05 2.92405e-08 -6.13669e-04
 1.73020e+02 1.32252e+05 3.28985e-08 -6.13668e-04
 2.15443e+02 1.37151e+05 3.69060e-08 -6.13665e-04
 2.68270e+02 1.41923e+05 4.14875e-08 -6.13652e-04
 3.34048e+02 1.46976e+05 4.65964e-08 -6.13615e-04
 4.15956e+02 1.52065e+05 5.23718e-08 -6.13486e-04
 5.17947e+02 1.57282e+05 5.88574e-08 -6.13055e-04
 6.44947e+02 1.62605e+05 6.61574e-08 -6.11608e-04
 8.03086e+02 1.67941e+05 7.44001e-08 -6.06584e-04
 1.00000e+03 1.73558e+05 8.35933e-08 -5.90179e-04
